20 -6.68
20.2 -6.61
20.4 -6.54
20.61 -6.47
20.81 -6.4
21.02 -6.33
21.23 -6.26
21.44 -6.19
21.66 -6.13
21.87 -6.07
22.09 -6.03
22.31 -6.01
22.54 -5.99
22.76 -5.99
22.99 -5.99
23.22 -5.98
23.45 -5.96
23.69 -5.92
23.92 -5.86
24.16 -5.76
24.4 -5.65
24.65 -5.52
24.89 -5.38
25.14 -5.24
25.39 -5.11
25.65 -4.99
25.91 -4.88
26.16 -4.78
26.43 -4.68
26.69 -4.6
26.96 -4.51
27.23 -4.43
27.5 -4.36
27.77 -4.29
28.05 -4.23
28.33 -4.18
28.62 -4.11
28.9 -4.02
29.19 -3.89
29.48 -3.74
29.78 -3.53
30.08 -3.33
30.38 -3.12
30.68 -2.92
30.99 -2.77
31.3 -2.65
31.61 -2.56
31.93 -2.51
32.24 -2.49
32.57 -2.47
32.89 -2.46
33.22 -2.43
33.55 -2.4
33.89 -2.32
34.23 -2.22
34.57 -2.1
34.92 -1.95
35.27 -1.8
35.62 -1.65
35.97 -1.5
36.33 -1.38
36.7 -1.26
37.06 -1.15
37.43 -1.04
37.81 -0.93
38.19 -0.82
38.57 -0.69
38.95 -0.56
39.34 -0.42
39.74 -0.29
40.14 -0.16
40.54 -0.04
40.94 0.09
41.35 0.23
41.76 0.38
42.18 0.53
42.6 0.69
43.03 0.85
43.46 0.99
43.9 1.12
44.33 1.24
44.78 1.34
45.23 1.42
45.68 1.48
46.13 1.53
46.6 1.57
47.06 1.6
47.53 1.64
48.01 1.69
48.49 1.76
48.97 1.84
49.46 1.92
49.96 2
50.46 2.09
50.96 2.17
51.47 2.26
51.99 2.36
52.51 2.46
53.03 2.58
53.56 2.7
54.1 2.83
54.64 2.97
55.18 3.1
55.74 3.23
56.29 3.35
56.86 3.47
57.42 3.55
58 3.63
58.58 3.67
59.16 3.71
59.76 3.74
60.35 3.77
60.96 3.8
61.57 3.84
62.18 3.89
62.8 3.96
63.43 4.05
64.07 4.15
64.71 4.28
65.35 4.42
66.01 4.57
66.67 4.73
67.33 4.89
68.01 5.05
68.69 5.21
69.37 5.36
70.07 5.52
70.77 5.66
71.48 5.8
72.19 5.93
72.91 6.05
73.64 6.15
74.38 6.24
75.12 6.33
75.87 6.41
76.63 6.48
77.4 6.55
78.17 6.6
78.95 6.66
79.74 6.7
80.54 6.73
81.35 6.75
82.16 6.75
82.98 6.74
83.81 6.72
84.65 6.68
85.5 6.63
86.35 6.56
87.22 6.48
88.09 6.39
88.97 6.28
89.86 6.15
90.76 6.01
91.66 5.86
92.58 5.7
93.51 5.54
94.44 5.39
95.39 5.25
96.34 5.12
97.3 5.02
98.28 4.94
99.26 4.87
100.25 4.81
101.25 4.77
102.27 4.74
103.29 4.71
104.32 4.67
105.37 4.64
106.42 4.6
107.48 4.56
108.56 4.5
109.64 4.44
110.74 4.37
111.85 4.3
112.97 4.23
114.1 4.17
115.24 4.11
116.39 4.04
117.55 3.97
118.73 3.9
119.92 3.84
121.12 3.77
122.33 3.71
123.55 3.65
124.79 3.59
126.03 3.53
127.29 3.47
128.57 3.41
129.85 3.35
131.15 3.3
132.46 3.25
133.79 3.2
135.12 3.14
136.48 3.09
137.84 3.04
139.22 2.99
140.61 2.94
142.02 2.9
143.44 2.85
144.87 2.81
146.32 2.77
147.78 2.74
149.26 2.7
150.75 2.65
152.26 2.6
153.78 2.55
155.32 2.49
156.88 2.44
158.44 2.4
160.03 2.36
161.63 2.34
163.24 2.32
164.88 2.3
166.53 2.3
168.19 2.3
169.87 2.3
171.57 2.31
173.29 2.31
175.02 2.31
176.77 2.31
178.54 2.31
180.32 2.31
182.13 2.31
183.95 2.32
185.79 2.33
187.65 2.35
189.52 2.38
191.42 2.41
193.33 2.45
195.27 2.49
197.22 2.53
199.19 2.56
201.18 2.6
203.19 2.62
205.23 2.65
207.28 2.67
209.35 2.68
211.44 2.69
213.56 2.7
215.69 2.71
217.85 2.72
220.03 2.72
222.23 2.72
224.45 2.72
226.7 2.71
228.96 2.71
231.25 2.7
233.57 2.69
235.9 2.68
238.26 2.67
240.64 2.65
243.05 2.62
245.48 2.6
247.93 2.58
250.41 2.56
252.92 2.55
255.45 2.55
258 2.55
260.58 2.56
263.19 2.56
265.82 2.57
268.48 2.56
271.16 2.55
273.87 2.54
276.61 2.52
279.38 2.5
282.17 2.48
284.99 2.45
287.84 2.43
290.72 2.41
293.63 2.39
296.57 2.37
299.53 2.35
302.53 2.33
305.55 2.31
308.61 2.29
311.69 2.26
314.81 2.23
317.96 2.19
321.14 2.16
324.35 2.12
327.59 2.08
330.87 2.03
334.18 1.99
337.52 1.94
340.9 1.9
344.3 1.85
347.75 1.82
351.23 1.78
354.74 1.75
358.28 1.73
361.87 1.72
365.49 1.7
369.14 1.69
372.83 1.67
376.56 1.65
380.33 1.62
384.13 1.59
387.97 1.54
391.85 1.48
395.77 1.41
399.73 1.34
403.72 1.25
407.76 1.16
411.84 1.07
415.96 0.98
420.12 0.88
424.32 0.78
428.56 0.67
432.85 0.57
437.18 0.46
441.55 0.36
445.96 0.25
450.42 0.16
454.93 0.07
459.48 -0.01
464.07 -0.1
468.71 -0.18
473.4 -0.27
478.13 -0.37
482.91 -0.48
487.74 -0.58
492.62 -0.69
497.55 -0.79
502.52 -0.89
507.55 -0.98
512.62 -1.07
517.75 -1.17
522.93 -1.27
528.16 -1.37
533.44 -1.46
538.77 -1.55
544.16 -1.62
549.6 -1.67
555.1 -1.69
560.65 -1.7
566.25 -1.69
571.92 -1.67
577.64 -1.66
583.41 -1.64
589.25 -1.63
595.14 -1.63
601.09 -1.62
607.1 -1.62
613.17 -1.62
619.3 -1.61
625.5 -1.59
631.75 -1.57
638.07 -1.53
644.45 -1.49
650.89 -1.44
657.4 -1.39
663.98 -1.33
670.62 -1.27
677.32 -1.22
684.1 -1.16
690.94 -1.1
697.85 -1.04
704.83 -0.97
711.87 -0.91
718.99 -0.84
726.18 -0.76
733.44 -0.67
740.78 -0.58
748.19 -0.48
755.67 -0.38
763.23 -0.28
770.86 -0.19
778.57 -0.11
786.35 -0.04
794.22 0.03
802.16 0.09
810.18 0.15
818.28 0.2
826.46 0.25
834.73 0.3
843.08 0.34
851.51 0.38
860.02 0.42
868.62 0.45
877.31 0.47
886.08 0.48
894.94 0.48
903.89 0.47
912.93 0.46
922.06 0.44
931.28 0.4
940.59 0.36
950 0.32
959.5 0.26
969.09 0.2
978.78 0.14
988.57 0.08
998.46 0.01
1008.44 -0.05
1018.53 -0.11
1028.71 -0.16
1039 -0.21
1049.39 -0.25
1059.88 -0.28
1070.48 -0.31
1081.19 -0.33
1092 -0.35
1102.92 -0.35
1113.95 -0.35
1125.09 -0.33
1136.34 -0.31
1147.7 -0.26
1159.18 -0.21
1170.77 -0.16
1182.48 -0.12
1194.3 -0.08
1206.25 -0.04
1218.31 -0.03
1230.49 -0.02
1242.8 -0.02
1255.22 -0.04
1267.78 -0.06
1280.45 -0.08
1293.26 -0.11
1306.19 -0.14
1319.25 -0.16
1332.45 -0.18
1345.77 -0.19
1359.23 -0.2
1372.82 -0.21
1386.55 -0.21
1400.41 -0.2
1414.42 -0.19
1428.56 -0.18
1442.85 -0.17
1457.28 -0.15
1471.85 -0.12
1486.57 -0.09
1501.43 -0.05
1516.45 -0.01
1531.61 0.04
1546.93 0.09
1562.4 0.16
1578.02 0.22
1593.8 0.29
1609.74 0.36
1625.84 0.44
1642.1 0.51
1658.52 0.59
1675.1 0.66
1691.85 0.74
1708.77 0.8
1725.86 0.87
1743.12 0.93
1760.55 0.98
1778.15 1.03
1795.94 1.07
1813.9 1.11
1832.03 1.16
1850.36 1.2
1868.86 1.24
1887.55 1.28
1906.42 1.33
1925.49 1.37
1944.74 1.4
1964.19 1.44
1983.83 1.47
2003.67 1.51
2023.71 1.54
2043.94 1.58
2064.38 1.62
2085.03 1.67
2105.88 1.72
2126.94 1.77
2148.2 1.83
2169.69 1.89
2191.38 1.96
2213.3 2.03
2235.43 2.11
2257.78 2.19
2280.36 2.28
2303.17 2.38
2326.2 2.49
2349.46 2.62
2372.95 2.75
2396.68 2.9
2420.65 3.05
2444.86 3.2
2469.31 3.35
2494 3.5
2518.94 3.64
2544.13 3.8
2569.57 3.97
2595.27 4.15
2621.22 4.35
2647.43 4.56
2673.9 4.8
2700.64 5.05
2727.65 5.31
2754.93 5.57
2782.48 5.84
2810.3 6.11
2838.4 6.38
2866.79 6.66
2895.46 6.95
2924.41 7.26
2953.65 7.57
2983.19 7.89
3013.02 8.2
3043.15 8.5
3073.58 8.78
3104.32 9.05
3135.36 9.3
3166.72 9.53
3198.38 9.76
3230.37 9.95
3262.67 10.13
3295.3 10.27
3328.25 10.39
3361.53 10.49
3395.15 10.59
3429.1 10.69
3463.39 10.8
3498.03 10.94
3533.01 11.12
3568.34 11.3
3604.02 11.49
3640.06 11.64
3676.46 11.72
3713.22 11.71
3750.36 11.61
3787.86 11.34
3825.74 11.05
3864 10.65
3902.64 10.2
3941.66 9.75
3981.08 9.31
4020.89 8.9
4061.1 8.51
4101.71 8.16
4142.73 7.81
4184.15 7.47
4226 7.11
4268.26 6.75
4310.94 6.37
4354.05 5.98
4397.59 5.59
4441.56 5.2
4485.98 4.81
4530.84 4.39
4576.15 3.95
4621.91 3.49
4668.13 3.01
4714.81 2.52
4761.96 2.03
4809.58 1.54
4857.67 1.1
4906.25 0.75
4955.31 0.5
5004.87 0.4
5054.91 0.54
5105.46 0.8
5156.52 1.21
5208.08 1.76
5260.16 2.36
5312.77 2.97
5365.89 3.54
5419.55 4.03
5473.75 4.43
5528.49 4.71
5583.77 4.86
5639.61 4.91
5696 4.92
5752.96 4.88
5810.49 4.83
5868.6 4.78
5927.28 4.73
5986.56 4.66
6046.42 4.57
6106.89 4.47
6167.96 4.35
6229.64 4.24
6291.93 4.14
6354.85 4.08
6418.4 4.03
6482.58 4.01
6547.41 4.02
6612.88 4.03
6679.01 4.06
6745.8 4.08
6813.26 4.1
6881.39 4.11
6950.21 4.1
7019.71 4.08
7089.91 4.03
7160.81 3.97
7232.41 3.89
7304.74 3.8
7377.79 3.68
7451.56 3.54
7526.08 3.37
7601.34 3.2
7677.35 3.02
7754.13 2.84
7831.67 2.69
7909.98 2.57
7989.08 2.48
8068.98 2.43
8149.67 2.41
8231.16 2.42
8313.47 2.45
8396.61 2.51
8480.57 2.61
8565.38 2.77
8651.03 2.97
8737.54 3.22
8824.92 3.51
8913.17 3.83
9002.3 4.14
9092.32 4.41
9183.25 4.59
9275.08 4.67
9367.83 4.6
9461.51 4.31
9556.12 3.86
9651.68 3.25
9748.2 2.51
9845.68 1.66
9944.14 0.8
10043.58 0
10144.02 -0.73
10245.46 -1.16
10347.91 -1.42
10451.39 -1.46
10555.91 -1.27
10661.46 -1
10768.08 -0.66
10875.76 -0.29
10984.52 0.06
11094.36 0.38
11205.31 0.64
11317.36 0.78
11430.53 0.89
11544.84 0.95
11660.29 1
11776.89 1.09
11894.66 1.27
12013.6 1.47
12133.74 1.69
12255.08 1.91
12377.63 2.13
12501.41 2.35
12626.42 2.6
12752.68 2.91
12880.21 3.32
13009.01 3.77
13139.1 4.22
13270.49 4.69
13403.2 5.15
13537.23 5.54
13672.6 5.88
13809.33 6.15
13947.42 6.33
14086.9 6.45
14227.77 6.55
14370.04 6.63
14513.74 6.71
14658.88 6.78
14805.47 6.82
14953.52 6.81
15103.06 6.55
15254.09 6.17
15406.63 5.03
15560.7 3.5
15716.3 1.38
15873.47 -1.4
16032.2 -4.47
16192.52 -8
16354.45 -11.78
16517.99 -15.72
16683.17 -19.9
16850.01 -24.18
17018.51 -28.55
17188.69 -33
17360.58 -37.36
17534.18 -41.53
17709.53 -45.12
17886.62 -47.62
18065.49 -49.31
18246.14 -50.11
18428.6 -50.23
18612.89 -50.21
18799.02 -50.11
18987.01 -49.99
19176.88 -49.9
19368.65 -49.83
19562.33 -49.77
19757.96 -49.73
19955.54 -49.69