20 103.28
20.2909066988 103.28
20.5860447329 103.31
20.8854756485 103.33
21.1892618872 103.36
21.4974667984 103.39
21.8101546533 103.42
22.1273906578 103.46
22.4492409662 103.49
22.7757726951 103.52
23.1070539374 103.55
23.4431537764 103.57
23.7841423001 103.60
24.130090616 103.62
24.4810708661 103.65
24.8371562415 103.68
25.1984209979 103.70
25.5649404712 103.73
25.936791093 103.75
26.3140504067 103.77
26.6967970834 103.80
27.0851109387 103.82
27.4790729492 103.85
27.878765269 103.87
28.2842712475 103.90
28.6956754462 103.92
29.1130636568 103.94
29.5365229188 103.96
29.9661415375 103.98
30.402009103 103.99
30.8442165082 104.01
31.2928559682 104.03
31.7480210394 104.04
32.209806639 104.05
32.6783090648 104.06
33.1536260154 104.08
33.6358566101 104.08
34.1251014105 104.09
34.6214624402 104.09
35.1250432075 104.09
35.6359487256 104.09
36.1542855356 104.09
36.6801617282 104.09
37.2136869661 104.09
37.7549725073 104.09
38.3041312279 104.08
38.8612776461 104.07
39.4265279456 104.06
40 104.05
40.5818133975 104.05
41.1720894657 104.03
41.7709512971 104.02
42.3785237744 104.00
42.9949335968 103.99
43.6203093066 103.97
44.2547813156 103.95
44.8984819324 103.93
45.5515453903 103.91
46.2141078749 103.89
46.8863075528 103.86
47.5682846001 103.82
48.260181232 103.80
48.9621417322 103.79
49.6743124829 103.78
50.3968419958 103.75
51.1298809424 103.72
51.873582186 103.69
52.6281008133 103.66
53.3935941668 103.64
54.1702218775 103.62
54.9581458983 103.58
55.757530538 103.55
56.5685424949 103.51
57.3913508924 103.48
58.2261273137 103.45
59.0730458376 103.41
59.9322830751 103.38
60.804018206 103.35
61.6884330163 103.32
62.5857119363 103.28
63.4960420787 103.25
64.419613278 103.22
65.3566181296 103.18
66.3072520307 103.15
67.2717132203 103.12
68.2502028209 103.08
69.2429248805 103.05
70.2500864149 103.00
71.2718974512 102.96
72.3085710713 102.92
73.3603234564 102.88
74.4273739322 102.83
75.5099450145 102.79
76.6082624559 102.74
77.7225552923 102.69
78.8530558912 102.64
80 102.59
81.163626795 102.54
82.3441789315 102.48
83.5419025942 102.42
84.7570475487 102.37
85.9898671937 102.31
87.2406186132 102.25
88.5095626311 102.19
89.7969638648 102.13
91.1030907805 102.07
92.4282157498 102.01
93.7726151055 101.95
95.1365692002 101.90
96.520362464 101.84
97.9242834644 101.79
99.3486249659 101.73
100.7936839916 101.67
102.2597618848 101.62
103.7471643721 101.56
105.2562016267 101.50
106.7871883336 101.44
108.340443755 101.38
109.9162917966 101.32
111.5150610759 101.26
113.1370849898 101.19
114.7827017849 101.13
116.4522546274 101.06
118.1460916752 101.00
119.8645661501 100.93
121.6080364119 100.86
123.3768660326 100.79
125.1714238726 100.72
126.9920841575 100.65
128.8392265559 100.58
130.7132362593 100.51
132.6145040614 100.44
134.5434264406 100.37
136.5004056418 100.30
138.485849761 100.24
140.5001728299 100.17
142.5437949025 100.10
144.6171421426 100.03
146.7206469127 99.96
148.8547478643 99.89
151.0198900291 99.82
153.2165249118 99.75
155.4451105846 99.67
157.7061117824 99.59
160 99.52
162.32725359 99.44
164.688357863 99.35
167.0838051884 99.27
169.5140950975 99.17
171.9797343873 99.08
174.4812372264 98.99
177.0191252622 98.90
179.5939277295 98.82
182.2061815611 98.76
184.8564314996 98.74
187.5452302111 98.74
190.2731384004 98.74
193.0407249281 98.70
195.8485669287 98.64
198.6972499318 98.56
201.5873679832 98.47
204.5195237697 98.38
207.4943287442 98.30
210.5124032534 98.21
213.5743766672 98.13
216.6808875099 98.06
219.8325835933 98.00
223.0301221518 97.95
226.2741699797 97.90
229.5654035698 97.85
232.9045092548 97.79
236.2921833503 97.72
239.7291323003 97.66
243.2160728239 97.59
246.7537320653 97.52
250.3428477452 97.45
253.9841683149 97.38
257.6784531119 97.31
261.4264725186 97.24
265.2290081229 97.17
269.0868528812 97.10
273.0008112836 97.03
276.971699522 96.96
281.0003456597 96.89
285.0875898049 96.82
289.2342842852 96.76
293.4412938255 96.69
297.7094957287 96.63
302.0397800581 96.57
306.4330498235 96.51
310.8902211692 96.45
315.4122235649 96.40
320 96.35
324.65450718 96.30
329.3767157259 96.24
334.1676103768 96.19
339.028190195 96.13
343.9594687746 96.08
348.9624744529 96.03
354.0382505244 95.98
359.187855459 95.93
364.4123631221 95.88
369.7128629991 95.83
375.0904604222 95.78
380.5462768009 95.73
386.0814498562 95.68
391.6971338575 95.63
397.3944998635 95.57
403.1747359664 95.52
409.0390475393 95.47
414.9886574883 95.43
421.0248065068 95.38
427.1487533344 95.33
433.3617750198 95.29
439.6651671866 95.24
446.0602443037 95.20
452.5483399594 95.15
459.1308071395 95.11
465.8090185095 95.07
472.5843667007 95.03
479.4582646005 95.00
486.4321456477 94.96
493.5074641306 94.93
500.6856954905 94.89
507.9683366298 94.86
515.3569062238 94.83
522.8529450372 94.80
530.4580162458 94.77
538.1737057624 94.74
546.0016225673 94.71
553.9433990439 94.69
562.0006913195 94.66
570.1751796098 94.63
578.4685685703 94.61
586.882587651 94.59
595.4189914574 94.56
604.0795601163 94.54
612.8660996471 94.52
621.7804423383 94.49
630.8244471297 94.47
640 94.45
649.30901436 94.43
658.7534314519 94.41
668.3352207536 94.39
678.05638039 94.37
687.9189375493 94.35
697.9249489058 94.33
708.0765010489 94.30
718.375710918 94.27
728.8247262443 94.24
739.4257259983 94.26
750.1809208443 94.37
761.0925536018 94.42
772.1628997124 94.44
783.394267715 94.43
794.7889997271 94.38
806.3494719327 94.34
818.0780950787 94.35
829.9773149767 94.38
842.0496130136 94.41
854.2975066688 94.45
866.7235500396 94.48
879.3303343732 94.52
892.1204886074 94.57
905.0966799188 94.61
918.2616142791 94.67
931.618037019 94.73
945.1687334013 94.81
958.9165292011 94.89
972.8642912955 94.98
987.0149282611 95.07
1001.371390981 95.18
1015.9366732597 95.30
1030.7138124476 95.43
1045.7058900743 95.57
1060.9160324916 95.72
1076.3474115248 95.88
1092.0032451345 96.05
1107.8867980879 96.24
1124.0013826389 96.43
1140.3503592197 96.62
1156.9371371406 96.82
1173.765175302 97.01
1190.8379829148 97.21
1208.1591202326 97.40
1225.7321992942 97.59
1243.5608846767 97.79
1261.6488942595 97.98
1280 98.16
1298.6180287201 98.35
1317.5068629037 98.53
1336.6704415071 98.70
1356.1127607799 98.88
1375.8378750985 99.04
1395.8498978116 99.20
1416.1530020977 99.34
1436.751421836 99.48
1457.6494524886 99.61
1478.8514519966 99.73
1500.3618416887 99.85
1522.1851072035 99.95
1544.3257994247 100.05
1566.78853543 100.15
1589.5779994541 100.23
1612.6989438655 100.32
1636.1561901574 100.39
1659.9546299533 100.47
1684.0992260271 100.57
1708.5950133377 100.68
1733.4471000793 100.81
1758.6606687464 100.96
1784.2409772148 101.09
1810.1933598376 101.20
1836.5232285581 101.28
1863.2360740381 101.33
1890.3374668026 101.37
1917.8330584022 101.40
1945.7285825909 101.42
1974.0298565222 101.44
2002.742781962 101.47
2031.8733465194 101.50
2061.4276248951 101.52
2091.4117801487 101.53
2121.8320649832 101.52
2152.6948230496 101.51
2184.0064902691 101.50
2215.7735961758 101.50
2248.0027652779 101.49
2280.7007184393 101.48
2313.8742742813 101.45
2347.530350604 101.40
2381.6759658296 101.35
2416.3182404652 101.29
2451.4643985884 101.23
2487.1217693533 101.18
2523.297788519 101.12
2560.0000000001 101.06
2597.2360574402 100.97
2635.0137258074 100.86
2673.3408830143 100.72
2712.2255215599 100.55
2751.6757501971 100.37
2791.6997956232 100.19
2832.3060041955 100.02
2873.5028436721 99.88
2915.2989049772 99.75
2957.7029039931 99.64
3000.7236833774 99.54
3044.3702144071 99.45
3088.6515988494 99.37
3133.57707086 99.30
3179.1559989082 99.23
3225.397887731 99.17
3272.3123803148 99.12
3319.9092599067 99.07
3368.1984520542 99.04
3417.1900266754 99.01
3466.8942001586 98.98
3517.3213374928 98.97
3568.4819544296 98.96
3620.3867196753 98.97
3673.0464571163 98.99
3726.4721480761 99.02
3780.6749336053 99.06
3835.6661168044 99.12
3891.4571651819 99.19
3948.0597130445 99.28
4005.4855639241 99.38
4063.7466930387 99.48
4122.8552497902 99.60
4182.8235602974 99.73
4243.6641299665 99.86
4305.3896460992 99.99
4368.0129805382 100.13
4431.5471923516 100.25
4496.0055305558 100.36
4561.4014368787 100.46
4627.7485485626 100.53
4695.0607012081 100.57
4763.3519316592 100.58
4832.6364809305 100.54
4902.9287971769 100.43
4974.2435387067 100.24
5046.595577038 99.89
5120.0000000002 99.23
5194.4721148803 98.29
5270.0274516149 98.42
5346.6817660286 99.14
5424.4510431198 99.37
5503.3515003942 99.09
5583.3995912463 98.70
5664.6120083911 98.30
5747.0056873442 97.89
5830.5978099545 97.49
5915.4058079863 97.09
6001.4473667548 96.72
6088.7404288142 96.37
6177.3031976989 96.04
6267.1541417201 95.74
6358.3119978165 95.48
6450.795775462 95.26
6544.6247606297 95.08
6639.8185198134 94.96
6736.3969041085 94.90
6834.3800533509 94.91
6933.7884003172 95.00
7034.6426749857 95.19
7136.9639088592 95.50
7240.7734393506 95.91
7346.0929142326 96.43
7452.9442961523 97.06
7561.3498672106 97.81
7671.3322336089 98.63
7782.9143303638 99.47
7896.119426089 100.18
8010.9711278481 100.48
8127.4933860775 100.15
8245.7104995805 99.24
8365.6471205948 98.11
8487.328259933 97.06
8610.7792921984 96.26
8736.0259610765 95.84
8863.0943847033 95.81
8992.0110611117 96.11
9122.8028737575 96.50
9255.4970971253 96.74
9390.1214024162 96.64
9526.7038633184 96.24
9665.272961861 95.67
9805.8575943538 95.06
9948.4870774134 94.48
10093.191154076 93.96
10240.0000000005 93.52
10388.9442297607 93.12
10540.0549032298 92.75
10693.3635320572 92.40
10848.9020862397 92.06
11006.7030007884 91.72
11166.7991824927 91.36
11329.2240167822 90.98
11494.0113746885 90.60
11661.1956199091 90.34
11830.8116159726 90.21
12002.8947335097 90.31
12177.4808576284 90.45
12354.6063953979 90.47
12534.3082834402 90.26
12716.6239956331 89.72
12901.5915509241 88.80
13089.2495212594 87.68
13279.637039627 86.35
13472.7938082171 84.75
13668.7601067018 82.82
13867.5768006344 81.21
14069.2853499715 80.62
14273.9278177184 80.16
14481.5468787012 79.83
14692.1858284653 79.83
14905.8885923047 80.24
15122.6997344212 81.25
15342.6644672179 82.82
15565.8286607277 84.74
15792.2388521781 86.75
16021.9422556964 88.35
16254.9867721551 89.56
16491.4209991611 89.40
16731.2942411897 88.17
16974.656519866 88.27
17221.5585843969 90.24
17472.0519221531 90.15
17726.1887694067 86.67
17984.0221222235 82.08
18245.605747515 77.94
18510.9941942506 74.72
18780.2428048326 72.35
19053.4077266369 70.85
19330.545923722 69.46
19611.7151887077 67.09
19896.9741548268 65.37
20186.382308152 65.37
