20 97.73
20.2909066988 97.73
20.5860447329 97.78
20.8854756485 97.81
21.1892618872 97.84
21.4974667984 97.87
21.8101546533 97.91
22.1273906578 97.95
22.4492409662 97.99
22.7757726951 98.04
23.1070539374 98.08
23.4431537764 98.12
23.7841423001 98.15
24.130090616 98.19
24.4810708661 98.21
24.8371562415 98.24
25.1984209979 98.27
25.5649404712 98.30
25.936791093 98.35
26.3140504067 98.39
26.6967970834 98.43
27.0851109387 98.45
27.4790729492 98.48
27.878765269 98.51
28.2842712475 98.55
28.6956754462 98.59
29.1130636568 98.62
29.5365229188 98.65
29.9661415375 98.68
30.402009103 98.71
30.8442165082 98.75
31.2928559682 98.78
31.7480210394 98.81
32.209806639 98.84
32.6783090648 98.87
33.1536260154 98.88
33.6358566101 98.90
34.1251014105 98.92
34.6214624402 98.93
35.1250432075 98.95
35.6359487256 98.96
36.1542855356 98.97
36.6801617282 99.00
37.2136869661 99.02
37.7549725073 99.02
38.3041312279 99.02
38.8612776461 99.04
39.4265279456 99.07
40 99.06
40.5818133975 99.03
41.1720894657 99.05
41.7709512971 99.09
42.3785237744 99.08
42.9949335968 99.05
43.6203093066 99.05
44.2547813156 99.09
44.8984819324 99.08
45.5515453903 99.03
46.2141078749 99.03
46.8863075528 99.06
47.5682846001 99.07
48.260181232 99.03
48.9621417322 99.02
49.6743124829 99.02
50.3968419958 99.04
51.1298809424 99.03
51.873582186 99.00
52.6281008133 98.99
53.3935941668 98.99
54.1702218775 99.00
54.9581458983 99.00
55.757530538 98.97
56.5685424949 98.94
57.3913508924 98.93
58.2261273137 98.94
59.0730458376 98.94
59.9322830751 98.92
60.804018206 98.90
61.6884330163 98.88
62.5857119363 98.86
63.4960420787 98.87
64.419613278 98.86
65.3566181296 98.86
66.3072520307 98.85
67.2717132203 98.83
68.2502028209 98.81
69.2429248805 98.79
70.2500864149 98.77
71.2718974512 98.74
72.3085710713 98.73
73.3603234564 98.72
74.4273739322 98.71
75.5099450145 98.70
76.6082624559 98.67
77.7225552923 98.64
78.8530558912 98.62
80 98.59
81.163626795 98.55
82.3441789315 98.54
83.5419025942 98.50
84.7570475487 98.46
85.9898671937 98.43
87.2406186132 98.39
88.5095626311 98.35
89.7969638648 98.32
91.1030907805 98.28
92.4282157498 98.24
93.7726151055 98.20
95.1365692002 98.17
96.520362464 98.14
97.9242834644 98.10
99.3486249659 98.07
100.7936839916 98.05
102.2597618848 98.04
103.7471643721 98.00
105.2562016267 97.96
106.7871883336 97.92
108.340443755 97.89
109.9162917966 97.85
111.5150610759 97.81
113.1370849898 97.77
114.7827017849 97.74
116.4522546274 97.68
118.1460916752 97.63
119.8645661501 97.61
121.6080364119 97.54
123.3768660326 97.51
125.1714238726 97.46
126.9920841575 97.42
128.8392265559 97.38
130.7132362593 97.33
132.6145040614 97.28
134.5434264406 97.22
136.5004056418 97.18
138.485849761 97.13
140.5001728299 97.08
142.5437949025 97.04
144.6171421426 96.99
146.7206469127 96.94
148.8547478643 96.89
151.0198900291 96.84
153.2165249118 96.79
155.4451105846 96.74
157.7061117824 96.68
160 96.63
162.32725359 96.57
164.688357863 96.52
167.0838051884 96.46
169.5140950975 96.40
171.9797343873 96.34
174.4812372264 96.28
177.0191252622 96.22
179.5939277295 96.15
182.2061815611 96.09
184.8564314996 96.01
187.5452302111 95.94
190.2731384004 95.87
193.0407249281 95.78
195.8485669287 95.70
198.6972499318 95.62
201.5873679832 95.55
204.5195237697 95.49
207.4943287442 95.44
210.5124032534 95.40
213.5743766672 95.35
216.6808875099 95.32
219.8325835933 95.28
223.0301221518 95.25
226.2741699797 95.21
229.5654035698 95.16
232.9045092548 95.11
236.2921833503 95.06
239.7291323003 95.00
243.2160728239 94.93
246.7537320653 94.87
250.3428477452 94.81
253.9841683149 94.74
257.6784531119 94.68
261.4264725186 94.61
265.2290081229 94.55
269.0868528812 94.48
273.0008112836 94.42
276.971699522 94.36
281.0003456597 94.29
285.0875898049 94.23
289.2342842852 94.16
293.4412938255 94.10
297.7094957287 94.05
302.0397800581 93.99
306.4330498235 93.93
310.8902211692 93.88
315.4122235649 93.83
320 93.77
324.65450718 93.72
329.3767157259 93.67
334.1676103768 93.61
339.028190195 93.56
343.9594687746 93.50
348.9624744529 93.44
354.0382505244 93.39
359.187855459 93.34
364.4123631221 93.28
369.7128629991 93.22
375.0904604222 93.17
380.5462768009 93.11
386.0814498562 93.06
391.6971338575 93.00
397.3944998635 92.95
403.1747359664 92.89
409.0390475393 92.83
414.9886574883 92.77
421.0248065068 92.71
427.1487533344 92.65
433.3617750198 92.60
439.6651671866 92.55
446.0602443037 92.50
452.5483399594 92.45
459.1308071395 92.41
465.8090185095 92.36
472.5843667007 92.32
479.4582646005 92.28
486.4321456477 92.24
493.5074641306 92.20
500.6856954905 92.16
507.9683366298 92.13
515.3569062238 92.08
522.8529450372 92.05
530.4580162458 92.02
538.1737057624 91.98
546.0016225673 91.95
553.9433990439 91.92
562.0006913195 91.89
570.1751796098 91.86
578.4685685703 91.82
586.882587651 91.79
595.4189914574 91.76
604.0795601163 91.74
612.8660996471 91.72
621.7804423383 91.70
630.8244471297 91.67
640 91.64
649.30901436 91.60
658.7534314519 91.52
668.3352207536 91.41
678.05638039 91.28
687.9189375493 91.16
697.9249489058 91.08
708.0765010489 91.04
718.375710918 91.01
728.8247262443 91.00
739.4257259983 91.00
750.1809208443 91.00
761.0925536018 91.00
772.1628997124 91.00
783.394267715 90.99
794.7889997271 90.99
806.3494719327 90.99
818.0780950787 90.99
829.9773149767 90.99
842.0496130136 91.00
854.2975066688 91.00
866.7235500396 91.01
879.3303343732 91.02
892.1204886074 91.04
905.0966799188 91.07
918.2616142791 91.09
931.618037019 91.13
945.1687334013 91.17
958.9165292011 91.21
972.8642912955 91.26
987.0149282611 91.33
1001.371390981 91.40
1015.9366732597 91.47
1030.7138124476 91.56
1045.7058900743 91.65
1060.9160324916 91.75
1076.3474115248 91.86
1092.0032451345 91.97
1107.8867980879 92.09
1124.0013826389 92.21
1140.3503592197 92.34
1156.9371371406 92.47
1173.765175302 92.60
1190.8379829148 92.73
1208.1591202326 92.87
1225.7321992942 93.00
1243.5608846767 93.14
1261.6488942595 93.27
1280 93.40
1298.6180287201 93.52
1317.5068629037 93.65
1336.6704415071 93.77
1356.1127607799 93.88
1375.8378750985 93.98
1395.8498978116 94.08
1416.1530020977 94.17
1436.751421836 94.26
1457.6494524886 94.34
1478.8514519966 94.42
1500.3618416887 94.49
1522.1851072035 94.55
1544.3257994247 94.61
1566.78853543 94.67
1589.5779994541 94.72
1612.6989438655 94.77
1636.1561901574 94.82
1659.9546299533 94.87
1684.0992260271 94.91
1708.5950133377 94.95
1733.4471000793 94.99
1758.6606687464 95.03
1784.2409772148 95.07
1810.1933598376 95.10
1836.5232285581 95.13
1863.2360740381 95.16
1890.3374668026 95.19
1917.8330584022 95.21
1945.7285825909 95.24
1974.0298565222 95.26
2002.742781962 95.28
2031.8733465194 95.29
2061.4276248951 95.30
2091.4117801487 95.32
2121.8320649832 95.33
2152.6948230496 95.34
2184.0064902691 95.35
2215.7735961758 95.36
2248.0027652779 95.38
2280.7007184393 95.39
2313.8742742813 95.40
2347.530350604 95.42
2381.6759658296 95.45
2416.3182404652 95.47
2451.4643985884 95.50
2487.1217693533 95.54
2523.297788519 95.58
2560.0000000001 95.63
2597.2360574402 95.69
2635.0137258074 95.75
2673.3408830143 95.81
2712.2255215599 95.88
2751.6757501971 95.95
2791.6997956232 96.03
2832.3060041955 96.09
2873.5028436721 96.14
2915.2989049772 96.18
2957.7029039931 96.20
3000.7236833774 96.19
3044.3702144071 96.14
3088.6515988494 96.05
3133.57707086 95.90
3179.1559989082 95.70
3225.397887731 95.45
3272.3123803148 95.14
3319.9092599067 94.77
3368.1984520542 94.36
3417.1900266754 93.91
3466.8942001586 93.43
3517.3213374928 92.92
3568.4819544296 92.40
3620.3867196753 91.87
3673.0464571163 91.34
3726.4721480761 90.81
3780.6749336053 90.30
3835.6661168044 89.79
3891.4571651819 89.30
3948.0597130445 88.83
4005.4855639241 88.39
4063.7466930387 87.99
4122.8552497902 87.65
4182.8235602974 87.37
4243.6641299665 87.20
4305.3896460992 87.15
4368.0129805382 87.28
4431.5471923516 87.64
4496.0055305558 88.14
4561.4014368787 88.80
4627.7485485626 89.60
4695.0607012081 90.50
4763.3519316592 91.46
4832.6364809305 92.40
4902.9287971769 93.23
4974.2435387067 93.92
5046.595577038 94.39
5120.0000000002 94.67
5194.4721148803 94.74
5270.0274516149 94.64
5346.6817660286 94.44
5424.4510431198 94.16
5503.3515003942 93.84
5583.3995912463 93.51
5664.6120083911 93.18
5747.0056873442 92.86
5830.5978099545 92.57
5915.4058079863 92.29
6001.4473667548 92.04
6088.7404288142 91.82
6177.3031976989 91.63
6267.1541417201 91.45
6358.3119978165 91.31
6450.795775462 91.18
6544.6247606297 91.09
6639.8185198134 91.02
6736.3969041085 91.00
6834.3800533509 91.02
6933.7884003172 91.10
7034.6426749857 91.25
7136.9639088592 91.49
7240.7734393506 91.79
7346.0929142326 92.14
7452.9442961523 92.54
7561.3498672106 92.99
7671.3322336089 93.46
7782.9143303638 93.92
7896.119426089 94.30
8010.9711278481 94.46
8127.4933860775 94.29
8245.7104995805 93.74
8365.6471205948 92.89
8487.328259933 91.90
8610.7792921984 90.82
8736.0259610765 89.73
8863.0943847033 88.70
8992.0110611117 87.73
9122.8028737575 86.89
9255.4970971253 86.18
9390.1214024162 85.60
9526.7038633184 85.13
9665.272961861 84.79
9805.8575943538 84.51
9948.4870774134 84.32
10093.191154076 84.18
10240.0000000005 84.14
10388.9442297607 84.18
10540.0549032298 84.32
10693.3635320572 84.52
10848.9020862397 84.74
11006.7030007884 84.97
11166.7991824927 85.20
11329.2240167822 85.45
11494.0113746885 85.71
11661.1956199091 86.00
11830.8116159726 86.30
12002.8947335097 86.63
12177.4808576284 86.97
12354.6063953979 87.31
12534.3082834402 87.63
12716.6239956331 87.82
12901.5915509241 87.81
13089.2495212594 87.71
13279.637039627 87.43
13472.7938082171 86.98
13668.7601067018 86.37
13867.5768006344 85.67
14069.2853499715 84.92
14273.9278177184 84.15
14481.5468787012 83.41
14692.1858284653 82.79
14905.8885923047 82.32
15122.6997344212 82.08
15342.6644672179 82.18
15565.8286607277 82.75
15792.2388521781 83.95
16021.9422556964 85.92
16254.9867721551 88.68
16491.4209991611 92.15
16731.2942411897 95.32
16974.656519866 96.00
17221.5585843969 94.64
17472.0519221531 92.27
17726.1887694067 88.76
17984.0221222235 84.53
18245.605747515 79.56
18510.9941942506 73.36
18780.2428048326 71.34
19053.4077266369 69.64
19330.545923722 66.64
19611.7151887077 63.84
19896.9741548268 62.48
20186.382308152 62.48
