20 107.66
20.2909066988 107.66
20.5860447329 107.69
20.8854756485 107.72
21.1892618872 107.75
21.4974667984 107.79
21.8101546533 107.83
22.1273906578 107.86
22.4492409662 107.90
22.7757726951 107.93
23.1070539374 107.96
23.4431537764 107.99
23.7841423001 108.02
24.130090616 108.06
24.4810708661 108.09
24.8371562415 108.11
25.1984209979 108.14
25.5649404712 108.16
25.936791093 108.19
26.3140504067 108.22
26.6967970834 108.24
27.0851109387 108.27
27.4790729492 108.30
27.878765269 108.32
28.2842712475 108.35
28.6956754462 108.37
29.1130636568 108.39
29.5365229188 108.42
29.9661415375 108.44
30.402009103 108.45
30.8442165082 108.47
31.2928559682 108.48
31.7480210394 108.50
32.209806639 108.52
32.6783090648 108.53
33.1536260154 108.54
33.6358566101 108.55
34.1251014105 108.55
34.6214624402 108.56
35.1250432075 108.56
35.6359487256 108.56
36.1542855356 108.56
36.6801617282 108.55
37.2136869661 108.55
37.7549725073 108.54
38.3041312279 108.53
38.8612776461 108.53
39.4265279456 108.52
40 108.51
40.5818133975 108.50
41.1720894657 108.49
41.7709512971 108.47
42.3785237744 108.45
42.9949335968 108.43
43.6203093066 108.41
44.2547813156 108.39
44.8984819324 108.37
45.5515453903 108.34
46.2141078749 108.31
46.8863075528 108.28
47.5682846001 108.25
48.260181232 108.22
48.9621417322 108.19
49.6743124829 108.16
50.3968419958 108.13
51.1298809424 108.10
51.873582186 108.06
52.6281008133 108.03
53.3935941668 108.00
54.1702218775 107.97
54.9581458983 107.93
55.757530538 107.89
56.5685424949 107.85
57.3913508924 107.82
58.2261273137 107.77
59.0730458376 107.74
59.9322830751 107.71
60.804018206 107.67
61.6884330163 107.62
62.5857119363 107.58
63.4960420787 107.55
64.419613278 107.51
65.3566181296 107.47
66.3072520307 107.43
67.2717132203 107.39
68.2502028209 107.34
69.2429248805 107.29
70.2500864149 107.24
71.2718974512 107.19
72.3085710713 107.14
73.3603234564 107.08
74.4273739322 107.03
75.5099450145 106.97
76.6082624559 106.92
77.7225552923 106.87
78.8530558912 106.81
80 106.76
81.163626795 106.70
82.3441789315 106.63
83.5419025942 106.57
84.7570475487 106.50
85.9898671937 106.43
87.2406186132 106.36
88.5095626311 106.29
89.7969638648 106.22
91.1030907805 106.15
92.4282157498 106.08
93.7726151055 106.01
95.1365692002 105.94
96.520362464 105.87
97.9242834644 105.80
99.3486249659 105.74
100.7936839916 105.67
102.2597618848 105.60
103.7471643721 105.53
105.2562016267 105.46
106.7871883336 105.38
108.340443755 105.31
109.9162917966 105.23
111.5150610759 105.16
113.1370849898 105.08
114.7827017849 105.00
116.4522546274 104.93
118.1460916752 104.87
119.8645661501 104.77
121.6080364119 104.72
123.3768660326 104.68
125.1714238726 104.62
126.9920841575 104.57
128.8392265559 104.51
130.7132362593 104.45
132.6145040614 104.39
134.5434264406 104.32
136.5004056418 104.26
138.485849761 104.19
140.5001728299 104.12
142.5437949025 104.06
144.6171421426 103.99
146.7206469127 103.93
148.8547478643 103.86
151.0198900291 103.79
153.2165249118 103.72
155.4451105846 103.65
157.7061117824 103.58
160 103.50
162.32725359 103.43
164.688357863 103.35
167.0838051884 103.28
169.5140950975 103.20
171.9797343873 103.13
174.4812372264 103.05
177.0191252622 102.98
179.5939277295 102.90
182.2061815611 102.82
184.8564314996 102.74
187.5452302111 102.67
190.2731384004 102.58
193.0407249281 102.50
195.8485669287 102.42
198.6972499318 102.33
201.5873679832 102.25
204.5195237697 102.16
207.4943287442 102.08
210.5124032534 102.00
213.5743766672 101.91
216.6808875099 101.83
219.8325835933 101.75
223.0301221518 101.67
226.2741699797 101.59
229.5654035698 101.52
232.9045092548 101.44
236.2921833503 101.37
239.7291323003 101.31
243.2160728239 101.28
246.7537320653 101.25
250.3428477452 101.22
253.9841683149 101.18
257.6784531119 101.13
261.4264725186 101.08
265.2290081229 101.02
269.0868528812 100.96
273.0008112836 100.90
276.971699522 100.84
281.0003456597 100.78
285.0875898049 100.72
289.2342842852 100.67
293.4412938255 100.61
297.7094957287 100.56
302.0397800581 100.51
306.4330498235 100.45
310.8902211692 100.40
315.4122235649 100.35
320 100.31
324.65450718 100.26
329.3767157259 100.21
334.1676103768 100.17
339.028190195 100.12
343.9594687746 100.08
348.9624744529 100.03
354.0382505244 99.98
359.187855459 99.93
364.4123631221 99.89
369.7128629991 99.85
375.0904604222 99.80
380.5462768009 99.76
386.0814498562 99.71
391.6971338575 99.67
397.3944998635 99.63
403.1747359664 99.58
409.0390475393 99.54
414.9886574883 99.50
421.0248065068 99.46
427.1487533344 99.42
433.3617750198 99.38
439.6651671866 99.34
446.0602443037 99.31
452.5483399594 99.27
459.1308071395 99.24
465.8090185095 99.21
472.5843667007 99.19
479.4582646005 99.16
486.4321456477 99.13
493.5074641306 99.11
500.6856954905 99.08
507.9683366298 99.06
515.3569062238 99.04
522.8529450372 99.02
530.4580162458 99.00
538.1737057624 98.98
546.0016225673 98.95
553.9433990439 98.93
562.0006913195 98.91
570.1751796098 98.90
578.4685685703 98.88
586.882587651 98.86
595.4189914574 98.85
604.0795601163 98.83
612.8660996471 98.82
621.7804423383 98.80
630.8244471297 98.79
640 98.77
649.30901436 98.77
658.7534314519 98.74
668.3352207536 98.71
678.05638039 98.70
687.9189375493 98.69
697.9249489058 98.69
708.0765010489 98.69
718.375710918 98.67
728.8247262443 98.63
739.4257259983 98.62
750.1809208443 98.60
761.0925536018 98.59
772.1628997124 98.57
783.394267715 98.56
794.7889997271 98.55
806.3494719327 98.54
818.0780950787 98.53
829.9773149767 98.52
842.0496130136 98.52
854.2975066688 98.52
866.7235500396 98.53
879.3303343732 98.54
892.1204886074 98.58
905.0966799188 98.61
918.2616142791 98.62
931.618037019 98.66
945.1687334013 98.71
958.9165292011 98.77
972.8642912955 98.83
987.0149282611 98.91
1001.371390981 98.99
1015.9366732597 99.08
1030.7138124476 99.18
1045.7058900743 99.30
1060.9160324916 99.42
1076.3474115248 99.55
1092.0032451345 99.68
1107.8867980879 99.83
1124.0013826389 99.98
1140.3503592197 100.14
1156.9371371406 100.29
1173.765175302 100.46
1190.8379829148 100.62
1208.1591202326 100.79
1225.7321992942 100.95
1243.5608846767 101.12
1261.6488942595 101.28
1280 101.44
1298.6180287201 101.59
1317.5068629037 101.75
1336.6704415071 101.89
1356.1127607799 102.03
1375.8378750985 102.17
1395.8498978116 102.28
1416.1530020977 102.39
1436.751421836 102.50
1457.6494524886 102.61
1478.8514519966 102.70
1500.3618416887 102.79
1522.1851072035 102.89
1544.3257994247 102.98
1566.78853543 103.06
1589.5779994541 103.15
1612.6989438655 103.23
1636.1561901574 103.32
1659.9546299533 103.41
1684.0992260271 103.50
1708.5950133377 103.60
1733.4471000793 103.69
1758.6606687464 103.80
1784.2409772148 103.90
1810.1933598376 104.02
1836.5232285581 104.13
1863.2360740381 104.25
1890.3374668026 104.37
1917.8330584022 104.49
1945.7285825909 104.61
1974.0298565222 104.72
2002.742781962 104.83
2031.8733465194 104.92
2061.4276248951 105.01
2091.4117801487 105.10
2121.8320649832 105.18
2152.6948230496 105.24
2184.0064902691 105.30
2215.7735961758 105.34
2248.0027652779 105.37
2280.7007184393 105.39
2313.8742742813 105.40
2347.530350604 105.40
2381.6759658296 105.38
2416.3182404652 105.35
2451.4643985884 105.31
2487.1217693533 105.26
2523.297788519 105.21
2560.0000000001 105.14
2597.2360574402 105.07
2635.0137258074 105.00
2673.3408830143 104.92
2712.2255215599 104.84
2751.6757501971 104.75
2791.6997956232 104.67
2832.3060041955 104.59
2873.5028436721 104.52
2915.2989049772 104.45
2957.7029039931 104.38
3000.7236833774 104.32
3044.3702144071 104.25
3088.6515988494 104.18
3133.57707086 104.11
3179.1559989082 104.03
3225.397887731 103.96
3272.3123803148 103.88
3319.9092599067 103.82
3368.1984520542 103.75
3417.1900266754 103.70
3466.8942001586 103.65
3517.3213374928 103.62
3568.4819544296 103.62
3620.3867196753 103.64
3673.0464571163 103.69
3726.4721480761 103.77
3780.6749336053 103.88
3835.6661168044 104.01
3891.4571651819 104.17
3948.0597130445 104.36
4005.4855639241 104.57
4063.7466930387 104.80
4122.8552497902 105.02
4182.8235602974 105.24
4243.6641299665 105.43
4305.3896460992 105.60
4368.0129805382 105.75
4431.5471923516 105.89
4496.0055305558 106.01
4561.4014368787 106.13
4627.7485485626 106.26
4695.0607012081 106.38
4763.3519316592 106.52
4832.6364809305 106.67
4902.9287971769 106.82
4974.2435387067 106.94
5046.595577038 106.98
5120.0000000002 106.85
5194.4721148803 106.48
5270.0274516149 105.87
5346.6817660286 105.14
5424.4510431198 104.41
5503.3515003942 103.79
5583.3995912463 103.32
5664.6120083911 103.00
5747.0056873442 102.76
5830.5978099545 102.60
5915.4058079863 102.50
6001.4473667548 102.45
6088.7404288142 102.44
6177.3031976989 102.46
6267.1541417201 102.49
6358.3119978165 102.51
6450.795775462 102.51
6544.6247606297 102.48
6639.8185198134 102.44
6736.3969041085 102.40
6834.3800533509 102.39
6933.7884003172 102.40
7034.6426749857 102.36
7136.9639088592 102.23
7240.7734393506 101.94
7346.0929142326 101.53
7452.9442961523 101.15
7561.3498672106 100.81
7671.3322336089 100.48
7782.9143303638 100.18
7896.119426089 99.93
8010.9711278481 99.71
8127.4933860775 99.51
8245.7104995805 99.30
8365.6471205948 99.07
8487.328259933 98.79
8610.7792921984 98.49
8736.0259610765 98.18
8863.0943847033 97.87
8992.0110611117 97.56
9122.8028737575 97.29
9255.4970971253 97.03
9390.1214024162 96.80
9526.7038633184 96.51
9665.272961861 96.12
9805.8575943538 95.61
9948.4870774134 95.00
10093.191154076 94.33
10240.0000000005 93.63
10388.9442297607 92.89
10540.0549032298 92.13
10693.3635320572 91.39
10848.9020862397 90.69
11006.7030007884 90.05
11166.7991824927 89.43
11329.2240167822 88.86
11494.0113746885 88.34
11661.1956199091 87.88
11830.8116159726 87.50
12002.8947335097 87.26
12177.4808576284 87.10
12354.6063953979 87.05
12534.3082834402 87.15
12716.6239956331 87.43
12901.5915509241 87.88
13089.2495212594 88.39
13279.637039627 89.11
13472.7938082171 90.04
13668.7601067018 91.13
13867.5768006344 92.36
14069.2853499715 93.78
14273.9278177184 95.39
14481.5468787012 97.31
14692.1858284653 99.10
14905.8885923047 100.02
15122.6997344212 99.88
15342.6644672179 98.83
15565.8286607277 97.29
15792.2388521781 95.60
16021.9422556964 94.00
16254.9867721551 92.94
16491.4209991611 92.75
16731.2942411897 92.99
16974.656519866 93.43
17221.5585843969 93.74
17472.0519221531 92.77
17726.1887694067 89.37
17984.0221222235 84.54
18245.605747515 79.90
18510.9941942506 76.28
18780.2428048326 73.73
19053.4077266369 71.96
19330.545923722 71.83
19611.7151887077 73.37
19896.9741548268 73.69
20186.382308152 73.69
