20 105.56
20.2909066988 105.56
20.5860447329 105.57
20.8854756485 105.57
21.1892618872 105.57
21.4974667984 105.57
21.8101546533 105.59
22.1273906578 105.60
22.4492409662 105.62
22.7757726951 105.64
23.1070539374 105.66
23.4431537764 105.67
23.7841423001 105.68
24.130090616 105.69
24.4810708661 105.70
24.8371562415 105.71
25.1984209979 105.71
25.5649404712 105.72
25.936791093 105.72
26.3140504067 105.73
26.6967970834 105.74
27.0851109387 105.75
27.4790729492 105.77
27.878765269 105.78
28.2842712475 105.79
28.6956754462 105.79
29.1130636568 105.79
29.5365229188 105.79
29.9661415375 105.79
30.402009103 105.79
30.8442165082 105.79
31.2928559682 105.79
31.7480210394 105.79
32.209806639 105.78
32.6783090648 105.78
33.1536260154 105.78
33.6358566101 105.77
34.1251014105 105.76
34.6214624402 105.75
35.1250432075 105.73
35.6359487256 105.72
36.1542855356 105.70
36.6801617282 105.69
37.2136869661 105.67
37.7549725073 105.66
38.3041312279 105.64
38.8612776461 105.62
39.4265279456 105.60
40 105.58
40.5818133975 105.55
41.1720894657 105.52
41.7709512971 105.50
42.3785237744 105.47
42.9949335968 105.44
43.6203093066 105.42
44.2547813156 105.38
44.8984819324 105.35
45.5515453903 105.31
46.2141078749 105.28
46.8863075528 105.25
47.5682846001 105.21
48.260181232 105.17
48.9621417322 105.14
49.6743124829 105.10
50.3968419958 105.07
51.1298809424 105.03
51.873582186 104.99
52.6281008133 104.96
53.3935941668 104.92
54.1702218775 104.88
54.9581458983 104.84
55.757530538 104.80
56.5685424949 104.76
57.3913508924 104.72
58.2261273137 104.67
59.0730458376 104.64
59.9322830751 104.60
60.804018206 104.55
61.6884330163 104.51
62.5857119363 104.47
63.4960420787 104.43
64.419613278 104.39
65.3566181296 104.36
66.3072520307 104.32
67.2717132203 104.28
68.2502028209 104.24
69.2429248805 104.19
70.2500864149 104.15
71.2718974512 104.10
72.3085710713 104.05
73.3603234564 104.00
74.4273739322 103.96
75.5099450145 103.91
76.6082624559 103.85
77.7225552923 103.80
78.8530558912 103.75
80 103.70
81.163626795 103.63
82.3441789315 103.58
83.5419025942 103.53
84.7570475487 103.47
85.9898671937 103.41
87.2406186132 103.35
88.5095626311 103.29
89.7969638648 103.24
91.1030907805 103.18
92.4282157498 103.13
93.7726151055 103.08
95.1365692002 103.03
96.520362464 102.97
97.9242834644 102.92
99.3486249659 102.87
100.7936839916 102.82
102.2597618848 102.77
103.7471643721 102.71
105.2562016267 102.65
106.7871883336 102.60
108.340443755 102.54
109.9162917966 102.48
111.5150610759 102.41
113.1370849898 102.35
114.7827017849 102.28
116.4522546274 102.22
118.1460916752 102.16
119.8645661501 102.05
121.6080364119 102.01
123.3768660326 101.96
125.1714238726 101.90
126.9920841575 101.84
128.8392265559 101.79
130.7132362593 101.75
132.6145040614 101.71
134.5434264406 101.68
136.5004056418 101.68
138.485849761 101.69
140.5001728299 101.70
142.5437949025 101.71
144.6171421426 101.72
146.7206469127 101.72
148.8547478643 101.72
151.0198900291 101.71
153.2165249118 101.71
155.4451105846 101.70
157.7061117824 101.69
160 101.67
162.32725359 101.64
164.688357863 101.59
167.0838051884 101.55
169.5140950975 101.50
171.9797343873 101.45
174.4812372264 101.39
177.0191252622 101.34
179.5939277295 101.30
182.2061815611 101.24
184.8564314996 101.19
187.5452302111 101.13
190.2731384004 101.08
193.0407249281 101.02
195.8485669287 100.96
198.6972499318 100.90
201.5873679832 100.85
204.5195237697 100.79
207.4943287442 100.73
210.5124032534 100.67
213.5743766672 100.62
216.6808875099 100.57
219.8325835933 100.52
223.0301221518 100.47
226.2741699797 100.43
229.5654035698 100.40
232.9045092548 100.37
236.2921833503 100.34
239.7291323003 100.35
243.2160728239 100.30
246.7537320653 100.27
250.3428477452 100.25
253.9841683149 100.22
257.6784531119 100.19
261.4264725186 100.16
265.2290081229 100.12
269.0868528812 100.09
273.0008112836 100.05
276.971699522 100.02
281.0003456597 99.99
285.0875898049 99.96
289.2342842852 99.93
293.4412938255 99.90
297.7094957287 99.87
302.0397800581 99.85
306.4330498235 99.83
310.8902211692 99.81
315.4122235649 99.79
320 99.77
324.65450718 99.75
329.3767157259 99.72
334.1676103768 99.70
339.028190195 99.68
343.9594687746 99.66
348.9624744529 99.63
354.0382505244 99.61
359.187855459 99.59
364.4123631221 99.56
369.7128629991 99.54
375.0904604222 99.52
380.5462768009 99.49
386.0814498562 99.47
391.6971338575 99.44
397.3944998635 99.42
403.1747359664 99.39
409.0390475393 99.37
414.9886574883 99.35
421.0248065068 99.33
427.1487533344 99.30
433.3617750198 99.28
439.6651671866 99.26
446.0602443037 99.25
452.5483399594 99.23
459.1308071395 99.22
465.8090185095 99.21
472.5843667007 99.19
479.4582646005 99.18
486.4321456477 99.18
493.5074641306 99.17
500.6856954905 99.16
507.9683366298 99.15
515.3569062238 99.14
522.8529450372 99.14
530.4580162458 99.13
538.1737057624 99.13
546.0016225673 99.12
553.9433990439 99.12
562.0006913195 99.11
570.1751796098 99.11
578.4685685703 99.10
586.882587651 99.10
595.4189914574 99.09
604.0795601163 99.09
612.8660996471 99.08
621.7804423383 99.08
630.8244471297 99.08
640 99.07
649.30901436 99.07
658.7534314519 99.07
668.3352207536 99.07
678.05638039 99.07
687.9189375493 99.07
697.9249489058 99.07
708.0765010489 99.07
718.375710918 99.07
728.8247262443 99.07
739.4257259983 99.07
750.1809208443 99.08
761.0925536018 99.09
772.1628997124 99.09
783.394267715 99.10
794.7889997271 99.11
806.3494719327 99.13
818.0780950787 99.15
829.9773149767 99.17
842.0496130136 99.19
854.2975066688 99.22
866.7235500396 99.26
879.3303343732 99.30
892.1204886074 99.34
905.0966799188 99.39
918.2616142791 99.45
931.618037019 99.51
945.1687334013 99.58
958.9165292011 99.66
972.8642912955 99.75
987.0149282611 99.84
1001.371390981 99.94
1015.9366732597 100.07
1030.7138124476 100.33
1045.7058900743 100.55
1060.9160324916 100.67
1076.3474115248 100.79
1092.0032451345 100.91
1107.8867980879 101.02
1124.0013826389 101.19
1140.3503592197 101.38
1156.9371371406 101.56
1173.765175302 101.76
1190.8379829148 101.95
1208.1591202326 102.15
1225.7321992942 102.34
1243.5608846767 102.54
1261.6488942595 102.73
1280 102.92
1298.6180287201 103.10
1317.5068629037 103.29
1336.6704415071 103.46
1356.1127607799 103.63
1375.8378750985 103.80
1395.8498978116 103.96
1416.1530020977 104.11
1436.751421836 104.26
1457.6494524886 104.41
1478.8514519966 104.55
1500.3618416887 104.68
1522.1851072035 104.82
1544.3257994247 104.95
1566.78853543 105.08
1589.5779994541 105.21
1612.6989438655 105.33
1636.1561901574 105.46
1659.9546299533 105.59
1684.0992260271 105.72
1708.5950133377 105.85
1733.4471000793 105.98
1758.6606687464 106.12
1784.2409772148 106.25
1810.1933598376 106.39
1836.5232285581 106.53
1863.2360740381 106.67
1890.3374668026 106.81
1917.8330584022 106.95
1945.7285825909 107.09
1974.0298565222 107.24
2002.742781962 107.38
2031.8733465194 107.52
2061.4276248951 107.66
2091.4117801487 107.81
2121.8320649832 107.95
2152.6948230496 108.09
2184.0064902691 108.24
2215.7735961758 108.37
2248.0027652779 108.51
2280.7007184393 108.64
2313.8742742813 108.76
2347.530350604 108.88
2381.6759658296 109.00
2416.3182404652 109.11
2451.4643985884 109.22
2487.1217693533 109.32
2523.297788519 109.41
2560.0000000001 109.50
2597.2360574402 109.58
2635.0137258074 109.65
2673.3408830143 109.72
2712.2255215599 109.79
2751.6757501971 109.84
2791.6997956232 109.89
2832.3060041955 109.94
2873.5028436721 109.97
2915.2989049772 110.00
2957.7029039931 110.03
3000.7236833774 110.04
3044.3702144071 110.05
3088.6515988494 110.05
3133.57707086 110.04
3179.1559989082 110.02
3225.397887731 109.98
3272.3123803148 109.94
3319.9092599067 109.89
3368.1984520542 109.83
3417.1900266754 109.75
3466.8942001586 109.67
3517.3213374928 109.58
3568.4819544296 109.49
3620.3867196753 109.39
3673.0464571163 109.30
3726.4721480761 109.22
3780.6749336053 109.14
3835.6661168044 109.07
3891.4571651819 108.99
3948.0597130445 108.90
4005.4855639241 108.80
4063.7466930387 108.69
4122.8552497902 108.56
4182.8235602974 108.43
4243.6641299665 108.30
4305.3896460992 108.17
4368.0129805382 108.03
4431.5471923516 107.89
4496.0055305558 107.74
4561.4014368787 107.58
4627.7485485626 107.41
4695.0607012081 107.23
4763.3519316592 107.04
4832.6364809305 106.84
4902.9287971769 106.63
4974.2435387067 106.42
5046.595577038 106.21
5120.0000000002 105.98
5194.4721148803 105.75
5270.0274516149 105.51
5346.6817660286 105.26
5424.4510431198 105.01
5503.3515003942 104.76
5583.3995912463 104.52
5664.6120083911 104.29
5747.0056873442 104.08
5830.5978099545 103.90
5915.4058079863 103.77
6001.4473667548 103.66
6088.7404288142 103.58
6177.3031976989 103.46
6267.1541417201 103.33
6358.3119978165 103.21
6450.795775462 103.12
6544.6247606297 103.06
6639.8185198134 103.03
6736.3969041085 103.03
6834.3800533509 103.10
6933.7884003172 103.22
7034.6426749857 103.42
7136.9639088592 103.69
7240.7734393506 104.02
7346.0929142326 104.41
7452.9442961523 104.83
7561.3498672106 105.27
7671.3322336089 105.69
7782.9143303638 106.05
7896.119426089 106.29
8010.9711278481 106.31
8127.4933860775 106.07
8245.7104995805 105.58
8365.6471205948 104.89
8487.328259933 104.06
8610.7792921984 103.13
8736.0259610765 102.14
8863.0943847033 101.14
8992.0110611117 100.17
9122.8028737575 99.27
9255.4970971253 98.44
9390.1214024162 97.69
9526.7038633184 97.02
9665.272961861 96.41
9805.8575943538 95.85
9948.4870774134 95.35
10093.191154076 94.90
10240.0000000005 94.49
10388.9442297607 94.13
10540.0549032298 93.82
10693.3635320572 93.58
10848.9020862397 93.44
11006.7030007884 93.45
11166.7991824927 93.66
11329.2240167822 94.15
11494.0113746885 94.82
11661.1956199091 95.68
11830.8116159726 96.58
12002.8947335097 97.52
12177.4808576284 98.46
12354.6063953979 99.40
12534.3082834402 100.35
12716.6239956331 101.31
12901.5915509241 102.03
13089.2495212594 102.56
13279.637039627 102.40
13472.7938082171 101.50
13668.7601067018 100.18
13867.5768006344 98.81
14069.2853499715 97.64
14273.9278177184 96.68
14481.5468787012 96.08
14692.1858284653 95.74
14905.8885923047 95.61
15122.6997344212 95.67
15342.6644672179 95.83
15565.8286607277 95.94
15792.2388521781 95.82
16021.9422556964 95.31
16254.9867721551 94.34
16491.4209991611 93.03
16731.2942411897 91.64
16974.656519866 90.30
17221.5585843969 89.07
17472.0519221531 87.92
17726.1887694067 86.76
17984.0221222235 85.68
18245.605747515 84.66
18510.9941942506 83.76
18780.2428048326 82.83
19053.4077266369 81.73
19330.545923722 80.02
19611.7151887077 77.05
19896.9741548268 75.12
20186.382308152 75.12
