20 99.44
20.2909066988 99.44
20.5860447329 99.43
20.8854756485 99.42
21.1892618872 99.41
21.4974667984 99.41
21.8101546533 99.40
22.1273906578 99.39
22.4492409662 99.38
22.7757726951 99.37
23.1070539374 99.36
23.4431537764 99.36
23.7841423001 99.37
24.130090616 99.37
24.4810708661 99.35
24.8371562415 99.33
25.1984209979 99.31
25.5649404712 99.29
25.936791093 99.27
26.3140504067 99.26
26.6967970834 99.25
27.0851109387 99.24
27.4790729492 99.24
27.878765269 99.24
28.2842712475 99.25
28.6956754462 99.25
29.1130636568 99.24
29.5365229188 99.22
29.9661415375 99.19
30.402009103 99.17
30.8442165082 99.15
31.2928559682 99.14
31.7480210394 99.12
32.209806639 99.09
32.6783090648 99.07
33.1536260154 99.07
33.6358566101 99.06
34.1251014105 99.05
34.6214624402 99.03
35.1250432075 99.00
35.6359487256 98.97
36.1542855356 98.94
36.6801617282 98.90
37.2136869661 98.86
37.7549725073 98.83
38.3041312279 98.81
38.8612776461 98.78
39.4265279456 98.74
40 98.70
40.5818133975 98.66
41.1720894657 98.61
41.7709512971 98.56
42.3785237744 98.51
42.9949335968 98.47
43.6203093066 98.43
44.2547813156 98.39
44.8984819324 98.33
45.5515453903 98.28
46.2141078749 98.23
46.8863075528 98.18
47.5682846001 98.12
48.260181232 98.08
48.9621417322 98.03
49.6743124829 97.98
50.3968419958 97.93
51.1298809424 97.88
51.873582186 97.82
52.6281008133 97.77
53.3935941668 97.71
54.1702218775 97.67
54.9581458983 97.63
55.757530538 97.57
56.5685424949 97.49
57.3913508924 97.43
58.2261273137 97.37
59.0730458376 97.31
59.9322830751 97.27
60.804018206 97.21
61.6884330163 97.16
62.5857119363 97.11
63.4960420787 97.04
64.419613278 96.98
65.3566181296 96.93
66.3072520307 96.88
67.2717132203 96.82
68.2502028209 96.76
69.2429248805 96.70
70.2500864149 96.64
71.2718974512 96.58
72.3085710713 96.52
73.3603234564 96.46
74.4273739322 96.40
75.5099450145 96.33
76.6082624559 96.26
77.7225552923 96.19
78.8530558912 96.13
80 96.06
81.163626795 95.99
82.3441789315 95.91
83.5419025942 95.83
84.7570475487 95.76
85.9898671937 95.69
87.2406186132 95.61
88.5095626311 95.54
89.7969638648 95.46
91.1030907805 95.38
92.4282157498 95.31
93.7726151055 95.22
95.1365692002 95.15
96.520362464 95.08
97.9242834644 95.01
99.3486249659 94.95
100.7936839916 94.88
102.2597618848 94.81
103.7471643721 94.74
105.2562016267 94.67
106.7871883336 94.60
108.340443755 94.53
109.9162917966 94.45
111.5150610759 94.36
113.1370849898 94.28
114.7827017849 94.22
116.4522546274 94.16
118.1460916752 94.12
119.8645661501 94.04
121.6080364119 93.95
123.3768660326 93.86
125.1714238726 93.77
126.9920841575 93.70
128.8392265559 93.63
130.7132362593 93.53
132.6145040614 93.48
134.5434264406 93.42
136.5004056418 93.33
138.485849761 93.26
140.5001728299 93.23
142.5437949025 93.12
144.6171421426 93.04
146.7206469127 92.95
148.8547478643 92.88
151.0198900291 92.81
153.2165249118 92.75
155.4451105846 92.72
157.7061117824 92.61
160 92.53
162.32725359 92.37
164.688357863 92.34
167.0838051884 92.32
169.5140950975 92.24
171.9797343873 92.15
174.4812372264 92.16
177.0191252622 92.13
179.5939277295 91.98
182.2061815611 92.02
184.8564314996 91.83
187.5452302111 91.78
190.2731384004 91.74
193.0407249281 91.63
195.8485669287 91.59
198.6972499318 91.53
201.5873679832 91.45
204.5195237697 91.38
207.4943287442 91.35
210.5124032534 91.30
213.5743766672 91.15
216.6808875099 91.09
219.8325835933 91.03
223.0301221518 90.94
226.2741699797 90.89
229.5654035698 90.80
232.9045092548 90.79
236.2921833503 90.70
239.7291323003 90.66
243.2160728239 90.62
246.7537320653 90.56
250.3428477452 90.48
253.9841683149 90.42
257.6784531119 90.38
261.4264725186 90.30
265.2290081229 90.27
269.0868528812 90.24
273.0008112836 90.13
276.971699522 90.09
281.0003456597 90.03
285.0875898049 90.06
289.2342842852 90.03
293.4412938255 89.93
297.7094957287 89.82
302.0397800581 89.79
306.4330498235 89.80
310.8902211692 89.70
315.4122235649 89.74
320 89.63
324.65450718 89.59
329.3767157259 89.65
334.1676103768 89.59
339.028190195 89.53
343.9594687746 89.43
348.9624744529 89.40
354.0382505244 89.41
359.187855459 89.35
364.4123631221 89.36
369.7128629991 89.31
375.0904604222 89.27
380.5462768009 89.21
386.0814498562 89.08
391.6971338575 89.16
397.3944998635 89.14
403.1747359664 89.07
409.0390475393 89.05
414.9886574883 88.96
421.0248065068 88.97
427.1487533344 89.02
433.3617750198 88.91
439.6651671866 88.83
446.0602443037 88.83
452.5483399594 88.81
459.1308071395 88.77
465.8090185095 88.83
472.5843667007 88.90
479.4582646005 88.76
486.4321456477 88.75
493.5074641306 88.74
500.6856954905 88.70
507.9683366298 88.69
515.3569062238 88.64
522.8529450372 88.66
530.4580162458 88.65
538.1737057624 88.62
546.0016225673 88.60
553.9433990439 88.59
562.0006913195 88.54
570.1751796098 88.57
578.4685685703 88.55
586.882587651 88.57
595.4189914574 88.53
604.0795601163 88.48
612.8660996471 88.45
621.7804423383 88.47
630.8244471297 88.43
640 88.53
649.30901436 88.44
658.7534314519 88.46
668.3352207536 88.47
678.05638039 88.49
687.9189375493 88.45
697.9249489058 88.44
708.0765010489 88.42
718.375710918 88.45
728.8247262443 88.44
739.4257259983 88.38
750.1809208443 88.42
761.0925536018 88.42
772.1628997124 88.42
783.394267715 88.43
794.7889997271 88.42
806.3494719327 88.43
818.0780950787 88.42
829.9773149767 88.40
842.0496130136 88.42
854.2975066688 88.44
866.7235500396 88.45
879.3303343732 88.47
892.1204886074 88.50
905.0966799188 88.53
918.2616142791 88.56
931.618037019 88.60
945.1687334013 88.65
958.9165292011 88.70
972.8642912955 88.78
987.0149282611 88.85
1001.371390981 88.96
1015.9366732597 89.03
1030.7138124476 89.14
1045.7058900743 89.25
1060.9160324916 89.37
1076.3474115248 89.50
1092.0032451345 89.64
1107.8867980879 89.79
1124.0013826389 89.93
1140.3503592197 90.09
1156.9371371406 90.23
1173.765175302 90.39
1190.8379829148 90.55
1208.1591202326 90.71
1225.7321992942 90.86
1243.5608846767 91.02
1261.6488942595 91.15
1280 91.30
1298.6180287201 91.44
1317.5068629037 91.58
1336.6704415071 91.71
1356.1127607799 91.84
1375.8378750985 91.95
1395.8498978116 92.05
1416.1530020977 92.16
1436.751421836 92.27
1457.6494524886 92.37
1478.8514519966 92.47
1500.3618416887 92.56
1522.1851072035 92.63
1544.3257994247 92.72
1566.78853543 92.81
1589.5779994541 92.89
1612.6989438655 92.99
1636.1561901574 93.09
1659.9546299533 93.17
1684.0992260271 93.27
1708.5950133377 93.37
1733.4471000793 93.47
1758.6606687464 93.58
1784.2409772148 93.70
1810.1933598376 93.82
1836.5232285581 93.95
1863.2360740381 94.08
1890.3374668026 94.22
1917.8330584022 94.36
1945.7285825909 94.50
1974.0298565222 94.66
2002.742781962 94.82
2031.8733465194 94.99
2061.4276248951 95.16
2091.4117801487 95.33
2121.8320649832 95.50
2152.6948230496 95.68
2184.0064902691 95.85
2215.7735961758 96.02
2248.0027652779 96.19
2280.7007184393 96.34
2313.8742742813 96.49
2347.530350604 96.62
2381.6759658296 96.75
2416.3182404652 96.87
2451.4643985884 96.97
2487.1217693533 97.06
2523.297788519 97.14
2560.0000000001 97.22
2597.2360574402 97.29
2635.0137258074 97.35
2673.3408830143 97.41
2712.2255215599 97.47
2751.6757501971 97.51
2791.6997956232 97.53
2832.3060041955 97.54
2873.5028436721 97.53
2915.2989049772 97.52
2957.7029039931 97.49
3000.7236833774 97.44
3044.3702144071 97.40
3088.6515988494 97.34
3133.57707086 97.25
3179.1559989082 97.13
3225.397887731 96.98
3272.3123803148 96.81
3319.9092599067 96.61
3368.1984520542 96.38
3417.1900266754 96.14
3466.8942001586 95.89
3517.3213374928 95.63
3568.4819544296 95.37
3620.3867196753 95.10
3673.0464571163 94.83
3726.4721480761 94.56
3780.6749336053 94.29
3835.6661168044 94.03
3891.4571651819 93.79
3948.0597130445 93.57
4005.4855639241 93.36
4063.7466930387 93.20
4122.8552497902 93.07
4182.8235602974 92.98
4243.6641299665 92.92
4305.3896460992 92.85
4368.0129805382 92.76
4431.5471923516 92.66
4496.0055305558 92.52
4561.4014368787 92.38
4627.7485485626 92.22
4695.0607012081 92.05
4763.3519316592 91.86
4832.6364809305 91.69
4902.9287971769 91.52
4974.2435387067 91.38
5046.595577038 91.24
5120.0000000002 91.11
5194.4721148803 90.98
5270.0274516149 90.86
5346.6817660286 90.72
5424.4510431198 90.59
5503.3515003942 90.46
5583.3995912463 90.31
5664.6120083911 90.13
5747.0056873442 89.87
5830.5978099545 89.48
5915.4058079863 88.88
6001.4473667548 88.11
6088.7404288142 87.51
6177.3031976989 87.24
6267.1541417201 87.15
6358.3119978165 87.11
6450.795775462 87.04
6544.6247606297 86.92
6639.8185198134 86.81
6736.3969041085 86.79
6834.3800533509 86.99
6933.7884003172 87.41
7034.6426749857 87.96
7136.9639088592 88.73
7240.7734393506 89.72
7346.0929142326 90.71
7452.9442961523 91.71
7561.3498672106 92.80
7671.3322336089 93.93
7782.9143303638 94.97
7896.119426089 95.73
8010.9711278481 95.92
8127.4933860775 95.40
8245.7104995805 94.36
8365.6471205948 93.07
8487.328259933 91.70
8610.7792921984 90.30
8736.0259610765 88.95
8863.0943847033 87.72
8992.0110611117 86.72
9122.8028737575 85.98
9255.4970971253 85.48
9390.1214024162 85.11
9526.7038633184 84.87
9665.272961861 84.75
9805.8575943538 84.71
9948.4870774134 84.74
10093.191154076 84.82
10240.0000000005 84.92
10388.9442297607 85.03
10540.0549032298 85.16
10693.3635320572 85.30
10848.9020862397 85.42
11006.7030007884 85.56
11166.7991824927 85.73
11329.2240167822 85.92
11494.0113746885 86.16
11661.1956199091 86.40
11830.8116159726 86.47
12002.8947335097 86.24
12177.4808576284 85.67
12354.6063953979 84.69
12534.3082834402 83.61
12716.6239956331 82.54
12901.5915509241 81.69
13089.2495212594 80.96
13279.637039627 80.47
13472.7938082171 80.23
13668.7601067018 80.26
13867.5768006344 80.55
14069.2853499715 81.14
14273.9278177184 82.01
14481.5468787012 83.29
14692.1858284653 85.09
14905.8885923047 87.32
15122.6997344212 89.70
15342.6644672179 91.53
15565.8286607277 92.11
15792.2388521781 91.41
16021.9422556964 90.14
16254.9867721551 88.65
16491.4209991611 87.32
16731.2942411897 86.08
16974.656519866 85.01
17221.5585843969 84.50
17472.0519221531 84.84
17726.1887694067 86.19
17984.0221222235 88.31
18245.605747515 88.80
18510.9941942506 86.15
18780.2428048326 83.13
19053.4077266369 80.56
19330.545923722 78.05
19611.7151887077 74.81
19896.9741548268 73.08
20186.382308152 73.08
