20 104.69
20.2909066988 104.69
20.5860447329 104.69
20.8854756485 104.70
21.1892618872 104.70
21.4974667984 104.70
21.8101546533 104.70
22.1273906578 104.71
22.4492409662 104.71
22.7757726951 104.72
23.1070539374 104.73
23.4431537764 104.74
23.7841423001 104.74
24.130090616 104.75
24.4810708661 104.75
24.8371562415 104.75
25.1984209979 104.76
25.5649404712 104.76
25.936791093 104.77
26.3140504067 104.78
26.6967970834 104.79
27.0851109387 104.79
27.4790729492 104.80
27.878765269 104.79
28.2842712475 104.79
28.6956754462 104.79
29.1130636568 104.79
29.5365229188 104.79
29.9661415375 104.80
30.402009103 104.80
30.8442165082 104.79
31.2928559682 104.79
31.7480210394 104.79
32.209806639 104.78
32.6783090648 104.77
33.1536260154 104.76
33.6358566101 104.75
34.1251014105 104.74
34.6214624402 104.73
35.1250432075 104.71
35.6359487256 104.69
36.1542855356 104.67
36.6801617282 104.65
37.2136869661 104.63
37.7549725073 104.61
38.3041312279 104.59
38.8612776461 104.56
39.4265279456 104.54
40 104.52
40.5818133975 104.49
41.1720894657 104.46
41.7709512971 104.43
42.3785237744 104.39
42.9949335968 104.36
43.6203093066 104.32
44.2547813156 104.29
44.8984819324 104.25
45.5515453903 104.21
46.2141078749 104.17
46.8863075528 104.13
47.5682846001 104.09
48.260181232 104.06
48.9621417322 104.02
49.6743124829 103.98
50.3968419958 103.94
51.1298809424 103.89
51.873582186 103.85
52.6281008133 103.82
53.3935941668 103.78
54.1702218775 103.73
54.9581458983 103.68
55.757530538 103.63
56.5685424949 103.59
57.3913508924 103.54
58.2261273137 103.49
59.0730458376 103.44
59.9322830751 103.39
60.804018206 103.35
61.6884330163 103.30
62.5857119363 103.25
63.4960420787 103.21
64.419613278 103.16
65.3566181296 103.11
66.3072520307 103.07
67.2717132203 103.02
68.2502028209 102.97
69.2429248805 102.92
70.2500864149 102.87
71.2718974512 102.81
72.3085710713 102.76
73.3603234564 102.70
74.4273739322 102.65
75.5099450145 102.59
76.6082624559 102.53
77.7225552923 102.47
78.8530558912 102.41
80 102.34
81.163626795 102.28
82.3441789315 102.22
83.5419025942 102.15
84.7570475487 102.08
85.9898671937 102.01
87.2406186132 101.94
88.5095626311 101.88
89.7969638648 101.81
91.1030907805 101.74
92.4282157498 101.67
93.7726151055 101.60
95.1365692002 101.54
96.520362464 101.47
97.9242834644 101.41
99.3486249659 101.35
100.7936839916 101.28
102.2597618848 101.22
103.7471643721 101.16
105.2562016267 101.09
106.7871883336 101.03
108.340443755 100.96
109.9162917966 100.90
111.5150610759 100.83
113.1370849898 100.76
114.7827017849 100.69
116.4522546274 100.62
118.1460916752 100.56
119.8645661501 100.46
121.6080364119 100.40
123.3768660326 100.34
125.1714238726 100.27
126.9920841575 100.20
128.8392265559 100.13
130.7132362593 100.06
132.6145040614 99.99
134.5434264406 99.92
136.5004056418 99.85
138.485849761 99.79
140.5001728299 99.72
142.5437949025 99.65
144.6171421426 99.58
146.7206469127 99.52
148.8547478643 99.45
151.0198900291 99.39
153.2165249118 99.32
155.4451105846 99.25
157.7061117824 99.19
160 99.12
162.32725359 99.05
164.688357863 98.97
167.0838051884 98.91
169.5140950975 98.84
171.9797343873 98.79
174.4812372264 98.73
177.0191252622 98.68
179.5939277295 98.62
182.2061815611 98.56
184.8564314996 98.51
187.5452302111 98.44
190.2731384004 98.38
193.0407249281 98.32
195.8485669287 98.25
198.6972499318 98.17
201.5873679832 98.10
204.5195237697 98.02
207.4943287442 97.94
210.5124032534 97.87
213.5743766672 97.79
216.6808875099 97.72
219.8325835933 97.65
223.0301221518 97.59
226.2741699797 97.52
229.5654035698 97.46
232.9045092548 97.40
236.2921833503 97.35
239.7291323003 97.29
243.2160728239 97.24
246.7537320653 97.19
250.3428477452 97.14
253.9841683149 97.09
257.6784531119 97.04
261.4264725186 96.99
265.2290081229 96.94
269.0868528812 96.89
273.0008112836 96.84
276.971699522 96.79
281.0003456597 96.74
285.0875898049 96.70
289.2342842852 96.65
293.4412938255 96.61
297.7094957287 96.57
302.0397800581 96.53
306.4330498235 96.50
310.8902211692 96.47
315.4122235649 96.43
320 96.40
324.65450718 96.37
329.3767157259 96.34
334.1676103768 96.31
339.028190195 96.28
343.9594687746 96.25
348.9624744529 96.22
354.0382505244 96.19
359.187855459 96.17
364.4123631221 96.14
369.7128629991 96.12
375.0904604222 96.09
380.5462768009 96.07
386.0814498562 96.05
391.6971338575 96.04
397.3944998635 96.02
403.1747359664 96.01
409.0390475393 96.00
414.9886574883 95.98
421.0248065068 95.97
427.1487533344 95.96
433.3617750198 95.95
439.6651671866 95.94
446.0602443037 95.93
452.5483399594 95.93
459.1308071395 95.92
465.8090185095 95.92
472.5843667007 95.92
479.4582646005 95.92
486.4321456477 95.92
493.5074641306 95.93
500.6856954905 95.93
507.9683366298 95.94
515.3569062238 95.94
522.8529450372 95.95
530.4580162458 95.96
538.1737057624 95.96
546.0016225673 95.97
553.9433990439 95.98
562.0006913195 95.99
570.1751796098 95.99
578.4685685703 96.00
586.882587651 96.00
595.4189914574 96.01
604.0795601163 96.01
612.8660996471 96.01
621.7804423383 96.02
630.8244471297 96.02
640 96.02
649.30901436 96.03
658.7534314519 96.02
668.3352207536 96.03
678.05638039 96.03
687.9189375493 96.03
697.9249489058 96.02
708.0765010489 96.02
718.375710918 96.02
728.8247262443 96.02
739.4257259983 96.02
750.1809208443 96.02
761.0925536018 96.02
772.1628997124 96.02
783.394267715 96.02
794.7889997271 96.03
806.3494719327 96.04
818.0780950787 96.05
829.9773149767 96.06
842.0496130136 96.08
854.2975066688 96.11
866.7235500396 96.14
879.3303343732 96.18
892.1204886074 96.22
905.0966799188 96.27
918.2616142791 96.33
931.618037019 96.40
945.1687334013 96.48
958.9165292011 96.57
972.8642912955 96.67
987.0149282611 96.78
1001.371390981 96.90
1015.9366732597 97.03
1030.7138124476 97.17
1045.7058900743 97.31
1060.9160324916 97.47
1076.3474115248 97.63
1092.0032451345 97.80
1107.8867980879 97.97
1124.0013826389 98.14
1140.3503592197 98.32
1156.9371371406 98.50
1173.765175302 98.68
1190.8379829148 98.86
1208.1591202326 99.04
1225.7321992942 99.21
1243.5608846767 99.39
1261.6488942595 99.56
1280 99.72
1298.6180287201 99.87
1317.5068629037 100.03
1336.6704415071 100.18
1356.1127607799 100.32
1375.8378750985 100.46
1395.8498978116 100.58
1416.1530020977 100.70
1436.751421836 100.82
1457.6494524886 100.92
1478.8514519966 101.03
1500.3618416887 101.13
1522.1851072035 101.22
1544.3257994247 101.32
1566.78853543 101.41
1589.5779994541 101.50
1612.6989438655 101.59
1636.1561901574 101.68
1659.9546299533 101.77
1684.0992260271 101.87
1708.5950133377 101.97
1733.4471000793 102.06
1758.6606687464 102.16
1784.2409772148 102.26
1810.1933598376 102.36
1836.5232285581 102.46
1863.2360740381 102.56
1890.3374668026 102.65
1917.8330584022 102.74
1945.7285825909 102.82
1974.0298565222 102.90
2002.742781962 102.96
2031.8733465194 103.01
2061.4276248951 103.05
2091.4117801487 103.07
2121.8320649832 103.07
2152.6948230496 103.06
2184.0064902691 103.04
2215.7735961758 102.99
2248.0027652779 102.94
2280.7007184393 102.86
2313.8742742813 102.78
2347.530350604 102.68
2381.6759658296 102.58
2416.3182404652 102.48
2451.4643985884 102.37
2487.1217693533 102.26
2523.297788519 102.15
2560.0000000001 102.05
2597.2360574402 101.95
2635.0137258074 101.86
2673.3408830143 101.77
2712.2255215599 101.70
2751.6757501971 101.65
2791.6997956232 101.61
2832.3060041955 101.59
2873.5028436721 101.59
2915.2989049772 101.61
2957.7029039931 101.66
3000.7236833774 101.72
3044.3702144071 101.82
3088.6515988494 101.93
3133.57707086 102.04
3179.1559989082 102.15
3225.397887731 102.23
3272.3123803148 102.27
3319.9092599067 102.28
3368.1984520542 102.22
3417.1900266754 102.12
3466.8942001586 101.96
3517.3213374928 101.76
3568.4819544296 101.53
3620.3867196753 101.29
3673.0464571163 101.06
3726.4721480761 100.85
3780.6749336053 100.68
3835.6661168044 100.56
3891.4571651819 100.50
3948.0597130445 100.48
4005.4855639241 100.51
4063.7466930387 100.58
4122.8552497902 100.69
4182.8235602974 100.82
4243.6641299665 100.96
4305.3896460992 101.11
4368.0129805382 101.26
4431.5471923516 101.39
4496.0055305558 101.49
4561.4014368787 101.54
4627.7485485626 101.56
4695.0607012081 101.54
4763.3519316592 101.47
4832.6364809305 101.37
4902.9287971769 101.25
4974.2435387067 101.10
5046.595577038 100.94
5120.0000000002 100.78
5194.4721148803 100.60
5270.0274516149 100.43
5346.6817660286 100.26
5424.4510431198 100.09
5503.3515003942 99.94
5583.3995912463 99.81
5664.6120083911 99.70
5747.0056873442 99.62
5830.5978099545 99.57
5915.4058079863 99.55
6001.4473667548 99.56
6088.7404288142 99.60
6177.3031976989 99.68
6267.1541417201 99.78
6358.3119978165 99.91
6450.795775462 100.06
6544.6247606297 100.22
6639.8185198134 100.38
6736.3969041085 100.53
6834.3800533509 100.66
6933.7884003172 100.76
7034.6426749857 100.82
7136.9639088592 100.85
7240.7734393506 100.82
7346.0929142326 100.75
7452.9442961523 100.64
7561.3498672106 100.50
7671.3322336089 100.34
7782.9143303638 100.19
7896.119426089 100.05
8010.9711278481 99.91
8127.4933860775 99.75
8245.7104995805 99.56
8365.6471205948 99.32
8487.328259933 99.02
8610.7792921984 98.62
8736.0259610765 98.10
8863.0943847033 97.50
8992.0110611117 96.81
9122.8028737575 96.10
9255.4970971253 95.41
9390.1214024162 94.79
9526.7038633184 94.24
9665.272961861 93.79
9805.8575943538 93.44
9948.4870774134 93.17
10093.191154076 93.00
10240.0000000005 92.88
10388.9442297607 92.80
10540.0549032298 92.76
10693.3635320572 92.76
10848.9020862397 92.80
11006.7030007884 92.90
11166.7991824927 93.07
11329.2240167822 93.28
11494.0113746885 93.48
11661.1956199091 93.52
11830.8116159726 93.40
12002.8947335097 93.01
12177.4808576284 92.50
12354.6063953979 91.98
12534.3082834402 91.55
12716.6239956331 91.32
12901.5915509241 91.49
13089.2495212594 91.85
13279.637039627 92.43
13472.7938082171 93.20
13668.7601067018 94.06
13867.5768006344 94.90
14069.2853499715 95.59
14273.9278177184 96.10
14481.5468787012 96.39
14692.1858284653 96.53
14905.8885923047 96.61
15122.6997344212 96.63
15342.6644672179 96.51
15565.8286607277 96.16
15792.2388521781 95.55
16021.9422556964 94.79
16254.9867721551 94.12
16491.4209991611 93.79
16731.2942411897 93.86
16974.656519866 94.18
17221.5585843969 94.44
17472.0519221531 94.12
17726.1887694067 93.01
17984.0221222235 91.39
18245.605747515 89.60
18510.9941942506 88.14
18780.2428048326 84.58
19053.4077266369 82.75
19330.545923722 81.01
19611.7151887077 77.72
19896.9741548268 75.81
20186.382308152 75.81
