20 93.19
20.2909066988 93.19
20.5860447329 93.19
20.8854756485 93.19
21.1892618872 93.19
21.4974667984 93.18
21.8101546533 93.19
22.1273906578 93.22
22.4492409662 93.27
22.7757726951 93.34
23.1070539374 93.43
23.4431537764 93.51
23.7841423001 93.58
24.130090616 93.64
24.4810708661 93.67
24.8371562415 93.70
25.1984209979 93.73
25.5649404712 93.78
25.936791093 93.85
26.3140504067 93.93
26.6967970834 94.02
27.0851109387 94.10
27.4790729492 94.18
27.878765269 94.26
28.2842712475 94.32
28.6956754462 94.39
29.1130636568 94.46
29.5365229188 94.51
29.9661415375 94.55
30.402009103 94.58
30.8442165082 94.60
31.2928559682 94.64
31.7480210394 94.70
32.209806639 94.78
32.6783090648 94.88
33.1536260154 94.95
33.6358566101 94.98
34.1251014105 94.98
34.6214624402 94.97
35.1250432075 94.98
35.6359487256 95.02
36.1542855356 95.09
36.6801617282 95.15
37.2136869661 95.20
37.7549725073 95.24
38.3041312279 95.28
38.8612776461 95.33
39.4265279456 95.36
40 95.37
40.5818133975 95.35
41.1720894657 95.33
41.7709512971 95.33
42.3785237744 95.33
42.9949335968 95.35
43.6203093066 95.37
44.2547813156 95.39
44.8984819324 95.43
45.5515453903 95.46
46.2141078749 95.49
46.8863075528 95.51
47.5682846001 95.53
48.260181232 95.55
48.9621417322 95.58
49.6743124829 95.64
50.3968419958 95.69
51.1298809424 95.74
51.873582186 95.75
52.6281008133 95.74
53.3935941668 95.73
54.1702218775 95.74
54.9581458983 95.75
55.757530538 95.76
56.5685424949 95.78
57.3913508924 95.83
58.2261273137 95.92
59.0730458376 96.07
59.9322830751 96.17
60.804018206 96.17
61.6884330163 96.09
62.5857119363 96.02
63.4960420787 95.99
64.419613278 96.00
65.3566181296 96.02
66.3072520307 96.04
67.2717132203 96.05
68.2502028209 96.07
69.2429248805 96.09
70.2500864149 96.10
71.2718974512 96.12
72.3085710713 96.13
73.3603234564 96.15
74.4273739322 96.16
75.5099450145 96.17
76.6082624559 96.19
77.7225552923 96.20
78.8530558912 96.21
80 96.22
81.163626795 96.23
82.3441789315 96.24
83.5419025942 96.24
84.7570475487 96.24
85.9898671937 96.25
87.2406186132 96.25
88.5095626311 96.26
89.7969638648 96.27
91.1030907805 96.28
92.4282157498 96.28
93.7726151055 96.29
95.1365692002 96.30
96.520362464 96.31
97.9242834644 96.33
99.3486249659 96.34
100.7936839916 96.36
102.2597618848 96.37
103.7471643721 96.39
105.2562016267 96.40
106.7871883336 96.41
108.340443755 96.42
109.9162917966 96.43
111.5150610759 96.44
113.1370849898 96.45
114.7827017849 96.47
116.4522546274 96.51
118.1460916752 96.56
119.8645661501 96.59
121.6080364119 96.58
123.3768660326 96.55
125.1714238726 96.52
126.9920841575 96.51
128.8392265559 96.51
130.7132362593 96.51
132.6145040614 96.52
134.5434264406 96.53
136.5004056418 96.54
138.485849761 96.54
140.5001728299 96.55
142.5437949025 96.56
144.6171421426 96.57
146.7206469127 96.58
148.8547478643 96.59
151.0198900291 96.60
153.2165249118 96.61
155.4451105846 96.62
157.7061117824 96.63
160 96.64
162.32725359 96.65
164.688357863 96.66
167.0838051884 96.67
169.5140950975 96.68
171.9797343873 96.69
174.4812372264 96.70
177.0191252622 96.71
179.5939277295 96.71
182.2061815611 96.72
184.8564314996 96.72
187.5452302111 96.73
190.2731384004 96.73
193.0407249281 96.73
195.8485669287 96.72
198.6972499318 96.72
201.5873679832 96.71
204.5195237697 96.70
207.4943287442 96.69
210.5124032534 96.69
213.5743766672 96.68
216.6808875099 96.68
219.8325835933 96.67
223.0301221518 96.68
226.2741699797 96.68
229.5654035698 96.68
232.9045092548 96.69
236.2921833503 96.70
239.7291323003 96.71
243.2160728239 96.71
246.7537320653 96.72
250.3428477452 96.72
253.9841683149 96.72
257.6784531119 96.72
261.4264725186 96.72
265.2290081229 96.72
269.0868528812 96.73
273.0008112836 96.73
276.971699522 96.73
281.0003456597 96.73
285.0875898049 96.73
289.2342842852 96.74
293.4412938255 96.75
297.7094957287 96.77
302.0397800581 96.79
306.4330498235 96.80
310.8902211692 96.81
315.4122235649 96.82
320 96.82
324.65450718 96.83
329.3767157259 96.83
334.1676103768 96.83
339.028190195 96.84
343.9594687746 96.84
348.9624744529 96.84
354.0382505244 96.84
359.187855459 96.84
364.4123631221 96.84
369.7128629991 96.84
375.0904604222 96.83
380.5462768009 96.83
386.0814498562 96.83
391.6971338575 96.82
397.3944998635 96.81
403.1747359664 96.81
409.0390475393 96.80
414.9886574883 96.80
421.0248065068 96.79
427.1487533344 96.78
433.3617750198 96.77
439.6651671866 96.77
446.0602443037 96.76
452.5483399594 96.76
459.1308071395 96.76
465.8090185095 96.76
472.5843667007 96.77
479.4582646005 96.77
486.4321456477 96.77
493.5074641306 96.77
500.6856954905 96.77
507.9683366298 96.77
515.3569062238 96.77
522.8529450372 96.77
530.4580162458 96.77
538.1737057624 96.77
546.0016225673 96.77
553.9433990439 96.77
562.0006913195 96.77
570.1751796098 96.77
578.4685685703 96.78
586.882587651 96.78
595.4189914574 96.78
604.0795601163 96.78
612.8660996471 96.77
621.7804423383 96.77
630.8244471297 96.77
640 96.77
649.30901436 96.77
658.7534314519 96.77
668.3352207536 96.77
678.05638039 96.77
687.9189375493 96.77
697.9249489058 96.77
708.0765010489 96.77
718.375710918 96.77
728.8247262443 96.78
739.4257259983 96.78
750.1809208443 96.79
761.0925536018 96.80
772.1628997124 96.81
783.394267715 96.82
794.7889997271 96.83
806.3494719327 96.84
818.0780950787 96.86
829.9773149767 96.88
842.0496130136 96.91
854.2975066688 96.94
866.7235500396 96.97
879.3303343732 97.01
892.1204886074 97.05
905.0966799188 97.10
918.2616142791 97.16
931.618037019 97.23
945.1687334013 97.30
958.9165292011 97.38
972.8642912955 97.47
987.0149282611 97.58
1001.371390981 97.69
1015.9366732597 97.81
1030.7138124476 97.94
1045.7058900743 98.08
1060.9160324916 98.23
1076.3474115248 98.38
1092.0032451345 98.55
1107.8867980879 98.71
1124.0013826389 98.89
1140.3503592197 99.06
1156.9371371406 99.24
1173.765175302 99.42
1190.8379829148 99.60
1208.1591202326 99.78
1225.7321992942 99.96
1243.5608846767 100.14
1261.6488942595 100.32
1280 100.48
1298.6180287201 100.65
1317.5068629037 100.81
1336.6704415071 100.96
1356.1127607799 101.11
1375.8378750985 101.25
1395.8498978116 101.38
1416.1530020977 101.51
1436.751421836 101.64
1457.6494524886 101.75
1478.8514519966 101.87
1500.3618416887 101.98
1522.1851072035 102.09
1544.3257994247 102.19
1566.78853543 102.30
1589.5779994541 102.40
1612.6989438655 102.50
1636.1561901574 102.61
1659.9546299533 102.72
1684.0992260271 102.83
1708.5950133377 102.94
1733.4471000793 103.06
1758.6606687464 103.18
1784.2409772148 103.30
1810.1933598376 103.43
1836.5232285581 103.56
1863.2360740381 103.70
1890.3374668026 103.84
1917.8330584022 103.99
1945.7285825909 104.14
1974.0298565222 104.29
2002.742781962 104.45
2031.8733465194 104.62
2061.4276248951 104.79
2091.4117801487 104.96
2121.8320649832 105.14
2152.6948230496 105.33
2184.0064902691 105.51
2215.7735961758 105.70
2248.0027652779 105.90
2280.7007184393 106.09
2313.8742742813 106.29
2347.530350604 106.48
2381.6759658296 106.67
2416.3182404652 106.87
2451.4643985884 107.06
2487.1217693533 107.24
2523.297788519 107.43
2560.0000000001 107.61
2597.2360574402 107.79
2635.0137258074 107.96
2673.3408830143 108.11
2712.2255215599 108.25
2751.6757501971 108.36
2791.6997956232 108.46
2832.3060041955 108.52
2873.5028436721 108.56
2915.2989049772 108.57
2957.7029039931 108.55
3000.7236833774 108.50
3044.3702144071 108.43
3088.6515988494 108.33
3133.57707086 108.22
3179.1559989082 108.11
3225.397887731 108.02
3272.3123803148 107.94
3319.9092599067 107.88
3368.1984520542 107.82
3417.1900266754 107.78
3466.8942001586 107.74
3517.3213374928 107.72
3568.4819544296 107.69
3620.3867196753 107.66
3673.0464571163 107.63
3726.4721480761 107.58
3780.6749336053 107.53
3835.6661168044 107.48
3891.4571651819 107.43
3948.0597130445 107.39
4005.4855639241 107.36
4063.7466930387 107.33
4122.8552497902 107.31
4182.8235602974 107.30
4243.6641299665 107.29
4305.3896460992 107.28
4368.0129805382 107.25
4431.5471923516 107.19
4496.0055305558 107.09
4561.4014368787 106.94
4627.7485485626 106.75
4695.0607012081 106.52
4763.3519316592 106.25
4832.6364809305 105.96
4902.9287971769 105.64
4974.2435387067 105.30
5046.595577038 104.92
5120.0000000002 104.50
5194.4721148803 104.05
5270.0274516149 103.57
5346.6817660286 103.07
5424.4510431198 102.57
5503.3515003942 102.08
5583.3995912463 101.61
5664.6120083911 101.18
5747.0056873442 100.80
5830.5978099545 100.46
5915.4058079863 100.18
6001.4473667548 99.95
6088.7404288142 99.76
6177.3031976989 99.59
6267.1541417201 99.43
6358.3119978165 99.26
6450.795775462 99.09
6544.6247606297 98.93
6639.8185198134 98.78
6736.3969041085 98.66
6834.3800533509 98.60
6933.7884003172 98.62
7034.6426749857 98.76
7136.9639088592 99.05
7240.7734393506 99.48
7346.0929142326 100.06
7452.9442961523 100.79
7561.3498672106 101.62
7671.3322336089 102.48
7782.9143303638 103.28
7896.119426089 103.93
8010.9711278481 104.28
8127.4933860775 104.29
8245.7104995805 103.94
8365.6471205948 103.30
8487.328259933 102.48
8610.7792921984 101.57
8736.0259610765 100.65
8863.0943847033 99.78
8992.0110611117 98.97
9122.8028737575 98.27
9255.4970971253 97.65
9390.1214024162 97.13
9526.7038633184 96.69
9665.272961861 96.33
9805.8575943538 96.05
9948.4870774134 95.85
10093.191154076 95.75
10240.0000000005 95.73
10388.9442297607 95.77
10540.0549032298 95.84
10693.3635320572 95.89
10848.9020862397 95.87
11006.7030007884 95.70
11166.7991824927 95.36
11329.2240167822 94.77
11494.0113746885 94.02
11661.1956199091 93.07
11830.8116159726 92.07
12002.8947335097 91.02
12177.4808576284 90.00
12354.6063953979 89.08
12534.3082834402 88.26
12716.6239956331 87.58
12901.5915509241 87.10
13089.2495212594 86.72
13279.637039627 86.51
13472.7938082171 86.50
13668.7601067018 86.70
13867.5768006344 87.11
14069.2853499715 87.75
14273.9278177184 88.55
14481.5468787012 89.51
14692.1858284653 90.51
14905.8885923047 91.41
15122.6997344212 92.11
15342.6644672179 92.55
15565.8286607277 92.72
15792.2388521781 92.64
16021.9422556964 92.39
16254.9867721551 91.95
16491.4209991611 91.24
16731.2942411897 90.13
16974.656519866 88.58
17221.5585843969 86.64
17472.0519221531 84.46
17726.1887694067 82.19
17984.0221222235 80.02
18245.605747515 78.08
18510.9941942506 76.46
18780.2428048326 75.12
19053.4077266369 73.91
19330.545923722 72.64
19611.7151887077 71.18
19896.9741548268 70.42
20186.382308152 70.42
