20 101.84
20.2909066988 101.84
20.5860447329 101.86
20.8854756485 101.88
21.1892618872 101.90
21.4974667984 101.92
21.8101546533 101.94
22.1273906578 101.96
22.4492409662 101.98
22.7757726951 101.99
23.1070539374 102.01
23.4431537764 102.02
23.7841423001 102.04
24.130090616 102.06
24.4810708661 102.07
24.8371562415 102.09
25.1984209979 102.10
25.5649404712 102.11
25.936791093 102.12
26.3140504067 102.13
26.6967970834 102.14
27.0851109387 102.15
27.4790729492 102.17
27.878765269 102.19
28.2842712475 102.20
28.6956754462 102.20
29.1130636568 102.21
29.5365229188 102.21
29.9661415375 102.21
30.402009103 102.22
30.8442165082 102.23
31.2928559682 102.23
31.7480210394 102.23
32.209806639 102.22
32.6783090648 102.22
33.1536260154 102.21
33.6358566101 102.21
34.1251014105 102.20
34.6214624402 102.19
35.1250432075 102.17
35.6359487256 102.15
36.1542855356 102.13
36.6801617282 102.12
37.2136869661 102.10
37.7549725073 102.08
38.3041312279 102.05
38.8612776461 102.03
39.4265279456 102.01
40 101.98
40.5818133975 101.95
41.1720894657 101.92
41.7709512971 101.89
42.3785237744 101.85
42.9949335968 101.81
43.6203093066 101.77
44.2547813156 101.74
44.8984819324 101.70
45.5515453903 101.66
46.2141078749 101.62
46.8863075528 101.57
47.5682846001 101.53
48.260181232 101.49
48.9621417322 101.45
49.6743124829 101.40
50.3968419958 101.36
51.1298809424 101.32
51.873582186 101.27
52.6281008133 101.22
53.3935941668 101.18
54.1702218775 101.13
54.9581458983 101.08
55.757530538 101.03
56.5685424949 100.98
57.3913508924 100.93
58.2261273137 100.87
59.0730458376 100.82
59.9322830751 100.76
60.804018206 100.71
61.6884330163 100.66
62.5857119363 100.61
63.4960420787 100.56
64.419613278 100.50
65.3566181296 100.45
66.3072520307 100.40
67.2717132203 100.35
68.2502028209 100.29
69.2429248805 100.24
70.2500864149 100.18
71.2718974512 100.12
72.3085710713 100.06
73.3603234564 100.00
74.4273739322 99.94
75.5099450145 99.87
76.6082624559 99.81
77.7225552923 99.75
78.8530558912 99.68
80 99.61
81.163626795 99.54
82.3441789315 99.47
83.5419025942 99.40
84.7570475487 99.33
85.9898671937 99.26
87.2406186132 99.18
88.5095626311 99.11
89.7969638648 99.03
91.1030907805 98.96
92.4282157498 98.89
93.7726151055 98.82
95.1365692002 98.75
96.520362464 98.68
97.9242834644 98.61
99.3486249659 98.55
100.7936839916 98.48
102.2597618848 98.42
103.7471643721 98.35
105.2562016267 98.29
106.7871883336 98.22
108.340443755 98.15
109.9162917966 98.08
111.5150610759 98.01
113.1370849898 97.94
114.7827017849 97.86
116.4522546274 97.79
118.1460916752 97.71
119.8645661501 97.64
121.6080364119 97.58
123.3768660326 97.51
125.1714238726 97.43
126.9920841575 97.36
128.8392265559 97.29
130.7132362593 97.22
132.6145040614 97.15
134.5434264406 97.08
136.5004056418 97.01
138.485849761 96.94
140.5001728299 96.87
142.5437949025 96.80
144.6171421426 96.74
146.7206469127 96.67
148.8547478643 96.61
151.0198900291 96.54
153.2165249118 96.48
155.4451105846 96.42
157.7061117824 96.35
160 96.28
162.32725359 96.22
164.688357863 96.15
167.0838051884 96.09
169.5140950975 96.02
171.9797343873 95.95
174.4812372264 95.88
177.0191252622 95.82
179.5939277295 95.73
182.2061815611 95.67
184.8564314996 95.61
187.5452302111 95.55
190.2731384004 95.47
193.0407249281 95.40
195.8485669287 95.32
198.6972499318 95.24
201.5873679832 95.17
204.5195237697 95.09
207.4943287442 95.00
210.5124032534 94.92
213.5743766672 94.84
216.6808875099 94.77
219.8325835933 94.69
223.0301221518 94.62
226.2741699797 94.56
229.5654035698 94.51
232.9045092548 94.49
236.2921833503 94.47
239.7291323003 94.47
243.2160728239 94.44
246.7537320653 94.40
250.3428477452 94.36
253.9841683149 94.31
257.6784531119 94.25
261.4264725186 94.19
265.2290081229 94.14
269.0868528812 94.08
273.0008112836 94.03
276.971699522 93.97
281.0003456597 93.92
285.0875898049 93.87
289.2342842852 93.82
293.4412938255 93.77
297.7094957287 93.72
302.0397800581 93.67
306.4330498235 93.63
310.8902211692 93.59
315.4122235649 93.55
320 93.51
324.65450718 93.47
329.3767157259 93.43
334.1676103768 93.39
339.028190195 93.34
343.9594687746 93.30
348.9624744529 93.26
354.0382505244 93.22
359.187855459 93.18
364.4123631221 93.14
369.7128629991 93.10
375.0904604222 93.07
380.5462768009 93.03
386.0814498562 92.99
391.6971338575 92.95
397.3944998635 92.91
403.1747359664 92.88
409.0390475393 92.84
414.9886574883 92.80
421.0248065068 92.76
427.1487533344 92.73
433.3617750198 92.70
439.6651671866 92.66
446.0602443037 92.63
452.5483399594 92.61
459.1308071395 92.58
465.8090185095 92.56
472.5843667007 92.53
479.4582646005 92.50
486.4321456477 92.48
493.5074641306 92.45
500.6856954905 92.43
507.9683366298 92.40
515.3569062238 92.38
522.8529450372 92.35
530.4580162458 92.33
538.1737057624 92.30
546.0016225673 92.28
553.9433990439 92.26
562.0006913195 92.24
570.1751796098 92.22
578.4685685703 92.20
586.882587651 92.18
595.4189914574 92.16
604.0795601163 92.14
612.8660996471 92.12
621.7804423383 92.11
630.8244471297 92.09
640 92.07
649.30901436 92.05
658.7534314519 92.03
668.3352207536 92.01
678.05638039 91.99
687.9189375493 91.97
697.9249489058 91.96
708.0765010489 91.94
718.375710918 91.93
728.8247262443 91.92
739.4257259983 91.91
750.1809208443 91.90
761.0925536018 91.90
772.1628997124 91.90
783.394267715 91.91
794.7889997271 91.93
806.3494719327 91.95
818.0780950787 91.99
829.9773149767 92.03
842.0496130136 92.08
854.2975066688 92.14
866.7235500396 92.20
879.3303343732 92.27
892.1204886074 92.35
905.0966799188 92.43
918.2616142791 92.50
931.618037019 92.59
945.1687334013 92.67
958.9165292011 92.75
972.8642912955 92.83
987.0149282611 92.92
1001.371390981 93.01
1015.9366732597 93.10
1030.7138124476 93.20
1045.7058900743 93.31
1060.9160324916 93.43
1076.3474115248 93.55
1092.0032451345 93.68
1107.8867980879 93.82
1124.0013826389 93.96
1140.3503592197 94.10
1156.9371371406 94.26
1173.765175302 94.41
1190.8379829148 94.57
1208.1591202326 94.72
1225.7321992942 94.88
1243.5608846767 95.04
1261.6488942595 95.20
1280 95.35
1298.6180287201 95.51
1317.5068629037 95.66
1336.6704415071 95.80
1356.1127607799 95.94
1375.8378750985 96.07
1395.8498978116 96.19
1416.1530020977 96.31
1436.751421836 96.43
1457.6494524886 96.55
1478.8514519966 96.65
1500.3618416887 96.76
1522.1851072035 96.86
1544.3257994247 96.96
1566.78853543 97.06
1589.5779994541 97.16
1612.6989438655 97.25
1636.1561901574 97.35
1659.9546299533 97.45
1684.0992260271 97.55
1708.5950133377 97.65
1733.4471000793 97.75
1758.6606687464 97.85
1784.2409772148 97.96
1810.1933598376 98.06
1836.5232285581 98.17
1863.2360740381 98.28
1890.3374668026 98.40
1917.8330584022 98.51
1945.7285825909 98.62
1974.0298565222 98.74
2002.742781962 98.86
2031.8733465194 98.98
2061.4276248951 99.10
2091.4117801487 99.22
2121.8320649832 99.34
2152.6948230496 99.46
2184.0064902691 99.58
2215.7735961758 99.71
2248.0027652779 99.83
2280.7007184393 99.95
2313.8742742813 100.07
2347.530350604 100.19
2381.6759658296 100.31
2416.3182404652 100.42
2451.4643985884 100.54
2487.1217693533 100.65
2523.297788519 100.77
2560.0000000001 100.88
2597.2360574402 100.99
2635.0137258074 101.09
2673.3408830143 101.20
2712.2255215599 101.30
2751.6757501971 101.40
2791.6997956232 101.49
2832.3060041955 101.58
2873.5028436721 101.67
2915.2989049772 101.75
2957.7029039931 101.82
3000.7236833774 101.88
3044.3702144071 101.94
3088.6515988494 101.98
3133.57707086 102.01
3179.1559989082 102.03
3225.397887731 102.02
3272.3123803148 102.00
3319.9092599067 101.95
3368.1984520542 101.89
3417.1900266754 101.81
3466.8942001586 101.70
3517.3213374928 101.57
3568.4819544296 101.43
3620.3867196753 101.26
3673.0464571163 101.08
3726.4721480761 100.89
3780.6749336053 100.68
3835.6661168044 100.46
3891.4571651819 100.23
3948.0597130445 100.00
4005.4855639241 99.76
4063.7466930387 99.51
4122.8552497902 99.27
4182.8235602974 99.01
4243.6641299665 98.76
4305.3896460992 98.50
4368.0129805382 98.24
4431.5471923516 97.98
4496.0055305558 97.71
4561.4014368787 97.44
4627.7485485626 97.18
4695.0607012081 96.90
4763.3519316592 96.63
4832.6364809305 96.36
4902.9287971769 96.09
4974.2435387067 95.83
5046.595577038 95.57
5120.0000000002 95.32
5194.4721148803 95.08
5270.0274516149 94.85
5346.6817660286 94.64
5424.4510431198 94.45
5503.3515003942 94.27
5583.3995912463 94.13
5664.6120083911 94.01
5747.0056873442 93.91
5830.5978099545 93.83
5915.4058079863 93.77
6001.4473667548 93.72
6088.7404288142 93.65
6177.3031976989 93.52
6267.1541417201 93.33
6358.3119978165 93.07
6450.795775462 92.77
6544.6247606297 92.46
6639.8185198134 92.18
6736.3969041085 91.96
6834.3800533509 91.83
6933.7884003172 91.81
7034.6426749857 91.95
7136.9639088592 92.24
7240.7734393506 92.67
7346.0929142326 93.21
7452.9442961523 93.87
7561.3498672106 94.64
7671.3322336089 95.46
7782.9143303638 96.26
7896.119426089 96.89
8010.9711278481 97.08
8127.4933860775 96.61
8245.7104995805 95.57
8365.6471205948 94.23
8487.328259933 92.81
8610.7792921984 91.42
8736.0259610765 90.13
8863.0943847033 89.00
8992.0110611117 88.08
9122.8028737575 87.43
9255.4970971253 87.09
9390.1214024162 87.03
9526.7038633184 87.16
9665.272961861 87.35
9805.8575943538 87.44
9948.4870774134 87.35
10093.191154076 87.06
10240.0000000005 86.67
10388.9442297607 86.23
10540.0549032298 85.79
10693.3635320572 85.40
10848.9020862397 85.05
11006.7030007884 84.75
11166.7991824927 84.50
11329.2240167822 84.24
11494.0113746885 83.95
11661.1956199091 84.05
11830.8116159726 84.13
12002.8947335097 84.17
12177.4808576284 84.22
12354.6063953979 84.29
12534.3082834402 84.35
12716.6239956331 84.40
12901.5915509241 84.42
13089.2495212594 84.43
13279.637039627 84.43
13472.7938082171 84.41
13668.7601067018 84.38
13867.5768006344 84.37
14069.2853499715 84.40
14273.9278177184 84.47
14481.5468787012 84.70
14692.1858284653 85.08
14905.8885923047 85.61
15122.6997344212 86.33
15342.6644672179 87.19
15565.8286607277 87.97
15792.2388521781 88.25
16021.9422556964 87.53
16254.9867721551 85.76
16491.4209991611 83.56
16731.2942411897 81.42
16974.656519866 79.51
17221.5585843969 77.78
17472.0519221531 76.31
17726.1887694067 75.14
17984.0221222235 74.07
18245.605747515 73.18
18510.9941942506 72.57
18780.2428048326 72.13
19053.4077266369 71.70
19330.545923722 71.03
19611.7151887077 68.55
19896.9741548268 66.36
20186.382308152 66.36
