20 83.78
20.2909066988 83.78
20.5860447329 83.80
20.8854756485 83.80
21.1892618872 83.78
21.4974667984 83.75
21.8101546533 83.71
22.1273906578 83.68
22.4492409662 83.66
22.7757726951 83.64
23.1070539374 83.61
23.4431537764 83.57
23.7841423001 83.50
24.130090616 83.42
24.4810708661 83.35
24.8371562415 83.29
25.1984209979 83.26
25.5649404712 83.24
25.936791093 83.22
26.3140504067 83.19
26.6967970834 83.14
27.0851109387 83.09
27.4790729492 83.04
27.878765269 83.01
28.2842712475 82.99
28.6956754462 82.97
29.1130636568 82.95
29.5365229188 82.92
29.9661415375 82.88
30.402009103 82.83
30.8442165082 82.78
31.2928559682 82.75
31.7480210394 82.72
32.209806639 82.67
32.6783090648 82.62
33.1536260154 82.56
33.6358566101 82.50
34.1251014105 82.45
34.6214624402 82.39
35.1250432075 82.33
35.6359487256 82.26
36.1542855356 82.21
36.6801617282 82.18
37.2136869661 82.14
37.7549725073 82.09
38.3041312279 82.02
38.8612776461 81.95
39.4265279456 81.88
40 81.81
40.5818133975 81.74
41.1720894657 81.67
41.7709512971 81.60
42.3785237744 81.52
42.9949335968 81.45
43.6203093066 81.38
44.2547813156 81.29
44.8984819324 81.19
45.5515453903 81.11
46.2141078749 81.03
46.8863075528 80.93
47.5682846001 80.81
48.260181232 80.74
48.9621417322 80.67
49.6743124829 80.58
50.3968419958 80.49
51.1298809424 80.42
51.873582186 80.33
52.6281008133 80.24
53.3935941668 80.16
54.1702218775 80.06
54.9581458983 79.94
55.757530538 79.83
56.5685424949 79.70
57.3913508924 79.58
58.2261273137 79.49
59.0730458376 79.39
59.9322830751 79.28
60.804018206 79.20
61.6884330163 79.11
62.5857119363 79.00
63.4960420787 78.92
64.419613278 78.84
65.3566181296 78.73
66.3072520307 78.63
67.2717132203 78.54
68.2502028209 78.44
69.2429248805 78.37
70.2500864149 78.30
71.2718974512 78.19
72.3085710713 78.11
73.3603234564 78.06
74.4273739322 78.00
75.5099450145 77.92
76.6082624559 77.84
77.7225552923 77.78
78.8530558912 77.73
80 77.67
81.163626795 77.63
82.3441789315 77.57
83.5419025942 77.52
84.7570475487 77.48
85.9898671937 77.42
87.2406186132 77.36
88.5095626311 77.33
89.7969638648 77.32
91.1030907805 77.28
92.4282157498 77.20
93.7726151055 77.16
95.1365692002 77.13
96.520362464 77.08
97.9242834644 77.04
99.3486249659 76.99
100.7936839916 76.95
102.2597618848 76.91
103.7471643721 76.84
105.2562016267 76.80
106.7871883336 76.76
108.340443755 76.72
109.9162917966 76.66
111.5150610759 76.60
113.1370849898 76.56
114.7827017849 76.53
116.4522546274 76.44
118.1460916752 76.36
119.8645661501 76.38
121.6080364119 76.29
123.3768660326 76.21
125.1714238726 76.17
126.9920841575 76.13
128.8392265559 76.07
130.7132362593 76.00
132.6145040614 75.95
134.5434264406 75.92
136.5004056418 75.87
138.485849761 75.83
140.5001728299 75.79
142.5437949025 75.76
144.6171421426 75.74
146.7206469127 75.70
148.8547478643 75.67
151.0198900291 75.62
153.2165249118 75.60
155.4451105846 75.59
157.7061117824 75.54
160 75.55
162.32725359 75.48
164.688357863 75.44
167.0838051884 75.44
169.5140950975 75.39
171.9797343873 75.36
174.4812372264 75.33
177.0191252622 75.31
179.5939277295 75.28
182.2061815611 75.21
184.8564314996 75.18
187.5452302111 75.13
190.2731384004 75.06
193.0407249281 75.02
195.8485669287 74.98
198.6972499318 74.93
201.5873679832 74.89
204.5195237697 74.84
207.4943287442 74.82
210.5124032534 74.79
213.5743766672 74.75
216.6808875099 74.73
219.8325835933 74.74
223.0301221518 74.73
226.2741699797 74.73
229.5654035698 74.72
232.9045092548 74.73
236.2921833503 74.74
239.7291323003 74.65
243.2160728239 74.72
246.7537320653 74.73
250.3428477452 74.70
253.9841683149 74.70
257.6784531119 74.67
261.4264725186 74.68
265.2290081229 74.66
269.0868528812 74.65
273.0008112836 74.65
276.971699522 74.65
281.0003456597 74.66
285.0875898049 74.60
289.2342842852 74.62
293.4412938255 74.62
297.7094957287 74.63
302.0397800581 74.63
306.4330498235 74.66
310.8902211692 74.70
315.4122235649 74.72
320 74.77
324.65450718 74.79
329.3767157259 74.84
334.1676103768 74.89
339.028190195 74.97
343.9594687746 75.04
348.9624744529 75.10
354.0382505244 75.15
359.187855459 75.21
364.4123631221 75.29
369.7128629991 75.38
375.0904604222 75.46
380.5462768009 75.53
386.0814498562 75.61
391.6971338575 75.67
397.3944998635 75.73
403.1747359664 75.78
409.0390475393 75.83
414.9886574883 75.85
421.0248065068 75.87
427.1487533344 75.88
433.3617750198 75.87
439.6651671866 75.87
446.0602443037 75.84
452.5483399594 75.82
459.1308071395 75.79
465.8090185095 75.75
472.5843667007 75.72
479.4582646005 75.68
486.4321456477 75.66
493.5074641306 75.61
500.6856954905 75.61
507.9683366298 75.58
515.3569062238 75.58
522.8529450372 75.59
530.4580162458 75.58
538.1737057624 75.57
546.0016225673 75.58
553.9433990439 75.63
562.0006913195 75.63
570.1751796098 75.61
578.4685685703 75.59
586.882587651 75.58
595.4189914574 75.58
604.0795601163 75.53
612.8660996471 75.45
621.7804423383 75.38
630.8244471297 75.30
640 75.22
649.30901436 75.16
658.7534314519 75.12
668.3352207536 75.07
678.05638039 75.03
687.9189375493 75.02
697.9249489058 75.05
708.0765010489 75.08
718.375710918 75.09
728.8247262443 75.17
739.4257259983 75.17
750.1809208443 75.24
761.0925536018 75.30
772.1628997124 75.29
783.394267715 75.28
794.7889997271 75.27
806.3494719327 75.21
818.0780950787 75.13
829.9773149767 75.06
842.0496130136 74.97
854.2975066688 74.86
866.7235500396 74.77
879.3303343732 74.69
892.1204886074 74.59
905.0966799188 74.47
918.2616142791 74.41
931.618037019 74.35
945.1687334013 74.27
958.9165292011 74.19
972.8642912955 74.19
987.0149282611 74.11
1001.371390981 74.09
1015.9366732597 74.16
1030.7138124476 74.26
1045.7058900743 74.31
1060.9160324916 74.40
1076.3474115248 74.50
1092.0032451345 74.66
1107.8867980879 74.79
1124.0013826389 74.89
1140.3503592197 75.02
1156.9371371406 75.12
1173.765175302 75.20
1190.8379829148 75.32
1208.1591202326 75.44
1225.7321992942 75.60
1243.5608846767 75.75
1261.6488942595 75.92
1280 76.03
1298.6180287201 76.13
1317.5068629037 76.22
1336.6704415071 76.24
1356.1127607799 76.20
1375.8378750985 76.21
1395.8498978116 76.33
1416.1530020977 76.43
1436.751421836 76.53
1457.6494524886 76.62
1478.8514519966 76.69
1500.3618416887 76.77
1522.1851072035 76.82
1544.3257994247 76.86
1566.78853543 76.87
1589.5779994541 76.86
1612.6989438655 76.83
1636.1561901574 76.79
1659.9546299533 76.73
1684.0992260271 76.66
1708.5950133377 76.58
1733.4471000793 76.46
1758.6606687464 76.42
1784.2409772148 76.45
1810.1933598376 76.53
1836.5232285581 76.71
1863.2360740381 76.98
1890.3374668026 77.29
1917.8330584022 77.58
1945.7285825909 77.84
1974.0298565222 78.09
2002.742781962 78.30
2031.8733465194 78.54
2061.4276248951 78.82
2091.4117801487 79.12
2121.8320649832 79.40
2152.6948230496 79.68
2184.0064902691 79.99
2215.7735961758 80.25
2248.0027652779 80.51
2280.7007184393 80.75
2313.8742742813 80.92
2347.530350604 81.04
2381.6759658296 81.14
2416.3182404652 81.23
2451.4643985884 81.30
2487.1217693533 81.37
2523.297788519 81.42
2560.0000000001 81.46
2597.2360574402 81.51
2635.0137258074 81.54
2673.3408830143 81.54
2712.2255215599 81.51
2751.6757501971 81.46
2791.6997956232 81.40
2832.3060041955 81.36
2873.5028436721 81.27
2915.2989049772 81.16
2957.7029039931 81.06
3000.7236833774 80.98
3044.3702144071 80.86
3088.6515988494 80.70
3133.57707086 80.56
3179.1559989082 80.44
3225.397887731 80.30
3272.3123803148 80.14
3319.9092599067 79.99
3368.1984520542 79.84
3417.1900266754 79.66
3466.8942001586 79.48
3517.3213374928 79.31
3568.4819544296 79.14
3620.3867196753 78.97
3673.0464571163 78.82
3726.4721480761 78.70
3780.6749336053 78.58
3835.6661168044 78.46
3891.4571651819 78.35
3948.0597130445 78.27
4005.4855639241 78.21
4063.7466930387 78.14
4122.8552497902 78.08
4182.8235602974 77.99
4243.6641299665 77.93
4305.3896460992 77.87
4368.0129805382 77.79
4431.5471923516 77.71
4496.0055305558 77.61
4561.4014368787 77.52
4627.7485485626 77.44
4695.0607012081 77.33
4763.3519316592 77.23
4832.6364809305 77.14
4902.9287971769 77.06
4974.2435387067 76.98
5046.595577038 76.93
5120.0000000002 76.89
5194.4721148803 76.89
5270.0274516149 76.91
5346.6817660286 76.96
5424.4510431198 77.02
5503.3515003942 77.10
5583.3995912463 77.22
5664.6120083911 77.41
5747.0056873442 77.66
5830.5978099545 77.98
5915.4058079863 78.36
6001.4473667548 78.84
6088.7404288142 79.43
6177.3031976989 80.02
6267.1541417201 80.60
6358.3119978165 81.06
6450.795775462 81.34
6544.6247606297 81.40
6639.8185198134 81.27
6736.3969041085 81.03
6834.3800533509 80.72
6933.7884003172 80.41
7034.6426749857 80.17
7136.9639088592 80.03
7240.7734393506 79.93
7346.0929142326 79.89
7452.9442961523 79.87
7561.3498672106 79.85
7671.3322336089 79.82
7782.9143303638 79.75
7896.119426089 79.64
8010.9711278481 79.39
8127.4933860775 79.07
8245.7104995805 78.61
8365.6471205948 77.96
8487.328259933 77.19
8610.7792921984 76.35
8736.0259610765 75.39
8863.0943847033 74.51
8992.0110611117 73.47
9122.8028737575 72.58
9255.4970971253 71.66
9390.1214024162 70.91
9526.7038633184 70.17
9665.272961861 69.56
9805.8575943538 68.95
9948.4870774134 68.43
10093.191154076 67.99
10240.0000000005 67.63
10388.9442297607 67.27
10540.0549032298 67.05
10693.3635320572 66.87
10848.9020862397 66.67
11006.7030007884 66.46
11166.7991824927 66.43
11329.2240167822 66.61
11494.0113746885 66.91
11661.1956199091 67.45
11830.8116159726 67.97
12002.8947335097 68.29
12177.4808576284 68.40
12354.6063953979 68.11
12534.3082834402 67.89
12716.6239956331 67.50
12901.5915509241 67.64
13089.2495212594 68.05
13279.637039627 68.87
13472.7938082171 70.27
13668.7601067018 72.17
13867.5768006344 74.10
14069.2853499715 75.30
14273.9278177184 75.31
14481.5468787012 74.00
14692.1858284653 72.17
14905.8885923047 70.61
15122.6997344212 68.80
15342.6644672179 66.81
15565.8286607277 64.98
15792.2388521781 63.31
16021.9422556964 61.99
16254.9867721551 60.76
16491.4209991611 60.03
16731.2942411897 60.45
16974.656519866 60.85
17221.5585843969 61.45
17472.0519221531 62.57
17726.1887694067 63.82
17984.0221222235 65.20
18245.605747515 66.08
18510.9941942506 64.95
18780.2428048326 61.46
19053.4077266369 51.03
19330.545923722 25.88
19611.7151887077 21.98
19896.9741548268 13.82
20186.382308152 13.82
