20 105.04
20.2909066988 105.04
20.5860447329 105.07
20.8854756485 105.09
21.1892618872 105.11
21.4974667984 105.14
21.8101546533 105.18
22.1273906578 105.22
22.4492409662 105.26
22.7757726951 105.30
23.1070539374 105.33
23.4431537764 105.36
23.7841423001 105.39
24.130090616 105.42
24.4810708661 105.45
24.8371562415 105.48
25.1984209979 105.51
25.5649404712 105.54
25.936791093 105.57
26.3140504067 105.61
26.6967970834 105.64
27.0851109387 105.67
27.4790729492 105.70
27.878765269 105.71
28.2842712475 105.72
28.6956754462 105.75
29.1130636568 105.78
29.5365229188 105.82
29.9661415375 105.86
30.402009103 105.89
30.8442165082 105.92
31.2928559682 105.94
31.7480210394 105.97
32.209806639 106.00
32.6783090648 106.02
33.1536260154 106.04
33.6358566101 106.06
34.1251014105 106.07
34.6214624402 106.09
35.1250432075 106.10
35.6359487256 106.11
36.1542855356 106.12
36.6801617282 106.14
37.2136869661 106.14
37.7549725073 106.15
38.3041312279 106.16
38.8612776461 106.17
39.4265279456 106.17
40 106.18
40.5818133975 106.18
41.1720894657 106.19
41.7709512971 106.19
42.3785237744 106.19
42.9949335968 106.18
43.6203093066 106.18
44.2547813156 106.18
44.8984819324 106.18
45.5515453903 106.18
46.2141078749 106.17
46.8863075528 106.16
47.5682846001 106.15
48.260181232 106.15
48.9621417322 106.14
49.6743124829 106.13
50.3968419958 106.12
51.1298809424 106.12
51.873582186 106.11
52.6281008133 106.10
53.3935941668 106.09
54.1702218775 106.10
54.9581458983 106.09
55.757530538 106.08
56.5685424949 106.07
57.3913508924 106.05
58.2261273137 106.04
59.0730458376 106.05
59.9322830751 106.07
60.804018206 106.03
61.6884330163 106.00
62.5857119363 106.00
63.4960420787 105.98
64.419613278 105.96
65.3566181296 105.96
66.3072520307 105.94
67.2717132203 105.94
68.2502028209 105.93
69.2429248805 105.91
70.2500864149 105.89
71.2718974512 105.88
72.3085710713 105.86
73.3603234564 105.84
74.4273739322 105.83
75.5099450145 105.80
76.6082624559 105.78
77.7225552923 105.76
78.8530558912 105.74
80 105.71
81.163626795 105.68
82.3441789315 105.65
83.5419025942 105.62
84.7570475487 105.59
85.9898671937 105.55
87.2406186132 105.52
88.5095626311 105.49
89.7969638648 105.45
91.1030907805 105.42
92.4282157498 105.38
93.7726151055 105.35
95.1365692002 105.32
96.520362464 105.29
97.9242834644 105.26
99.3486249659 105.23
100.7936839916 105.20
102.2597618848 105.17
103.7471643721 105.14
105.2562016267 105.11
106.7871883336 105.07
108.340443755 105.04
109.9162917966 105.00
111.5150610759 104.96
113.1370849898 104.92
114.7827017849 104.87
116.4522546274 104.83
118.1460916752 104.79
119.8645661501 104.72
121.6080364119 104.70
123.3768660326 104.66
125.1714238726 104.61
126.9920841575 104.56
128.8392265559 104.51
130.7132362593 104.46
132.6145040614 104.41
134.5434264406 104.36
136.5004056418 104.31
138.485849761 104.26
140.5001728299 104.21
142.5437949025 104.16
144.6171421426 104.10
146.7206469127 104.05
148.8547478643 103.99
151.0198900291 103.94
153.2165249118 103.88
155.4451105846 103.81
157.7061117824 103.75
160 103.67
162.32725359 103.60
164.688357863 103.52
167.0838051884 103.43
169.5140950975 103.34
171.9797343873 103.25
174.4812372264 103.18
177.0191252622 103.14
179.5939277295 103.13
182.2061815611 103.12
184.8564314996 103.09
187.5452302111 103.03
190.2731384004 102.95
193.0407249281 102.87
195.8485669287 102.81
198.6972499318 102.79
201.5873679832 102.81
204.5195237697 102.81
207.4943287442 102.79
210.5124032534 102.74
213.5743766672 102.68
216.6808875099 102.60
219.8325835933 102.53
223.0301221518 102.45
226.2741699797 102.37
229.5654035698 102.29
232.9045092548 102.22
236.2921833503 102.14
239.7291323003 102.08
243.2160728239 101.99
246.7537320653 101.92
250.3428477452 101.84
253.9841683149 101.77
257.6784531119 101.70
261.4264725186 101.63
265.2290081229 101.56
269.0868528812 101.50
273.0008112836 101.43
276.971699522 101.36
281.0003456597 101.30
285.0875898049 101.23
289.2342842852 101.16
293.4412938255 101.09
297.7094957287 101.02
302.0397800581 100.95
306.4330498235 100.88
310.8902211692 100.81
315.4122235649 100.74
320 100.68
324.65450718 100.61
329.3767157259 100.54
334.1676103768 100.47
339.028190195 100.40
343.9594687746 100.34
348.9624744529 100.26
354.0382505244 100.19
359.187855459 100.12
364.4123631221 100.04
369.7128629991 99.97
375.0904604222 99.89
380.5462768009 99.81
386.0814498562 99.74
391.6971338575 99.66
397.3944998635 99.58
403.1747359664 99.50
409.0390475393 99.42
414.9886574883 99.35
421.0248065068 99.27
427.1487533344 99.19
433.3617750198 99.12
439.6651671866 99.04
446.0602443037 98.97
452.5483399594 98.89
459.1308071395 98.82
465.8090185095 98.75
472.5843667007 98.68
479.4582646005 98.62
486.4321456477 98.55
493.5074641306 98.48
500.6856954905 98.41
507.9683366298 98.35
515.3569062238 98.28
522.8529450372 98.22
530.4580162458 98.15
538.1737057624 98.09
546.0016225673 98.03
553.9433990439 97.96
562.0006913195 97.90
570.1751796098 97.83
578.4685685703 97.77
586.882587651 97.71
595.4189914574 97.64
604.0795601163 97.58
612.8660996471 97.52
621.7804423383 97.46
630.8244471297 97.40
640 97.35
649.30901436 97.30
658.7534314519 97.24
668.3352207536 97.20
678.05638039 97.15
687.9189375493 97.10
697.9249489058 97.06
708.0765010489 97.01
718.375710918 96.96
728.8247262443 96.92
739.4257259983 96.87
750.1809208443 96.82
761.0925536018 96.78
772.1628997124 96.74
783.394267715 96.70
794.7889997271 96.66
806.3494719327 96.63
818.0780950787 96.60
829.9773149767 96.58
842.0496130136 96.57
854.2975066688 96.56
866.7235500396 96.56
879.3303343732 96.56
892.1204886074 96.58
905.0966799188 96.60
918.2616142791 96.62
931.618037019 96.65
945.1687334013 96.69
958.9165292011 96.74
972.8642912955 96.80
987.0149282611 96.86
1001.371390981 96.94
1015.9366732597 97.02
1030.7138124476 97.12
1045.7058900743 97.22
1060.9160324916 97.33
1076.3474115248 97.45
1092.0032451345 97.58
1107.8867980879 97.72
1124.0013826389 97.86
1140.3503592197 98.01
1156.9371371406 98.16
1173.765175302 98.32
1190.8379829148 98.48
1208.1591202326 98.65
1225.7321992942 98.81
1243.5608846767 98.98
1261.6488942595 99.15
1280 99.32
1298.6180287201 99.48
1317.5068629037 99.65
1336.6704415071 99.81
1356.1127607799 99.97
1375.8378750985 100.11
1395.8498978116 100.27
1416.1530020977 100.42
1436.751421836 100.56
1457.6494524886 100.70
1478.8514519966 100.84
1500.3618416887 100.97
1522.1851072035 101.11
1544.3257994247 101.25
1566.78853543 101.38
1589.5779994541 101.52
1612.6989438655 101.66
1636.1561901574 101.81
1659.9546299533 101.95
1684.0992260271 102.11
1708.5950133377 102.27
1733.4471000793 102.43
1758.6606687464 102.60
1784.2409772148 102.77
1810.1933598376 102.96
1836.5232285581 103.14
1863.2360740381 103.34
1890.3374668026 103.54
1917.8330584022 103.75
1945.7285825909 103.96
1974.0298565222 104.18
2002.742781962 104.41
2031.8733465194 104.64
2061.4276248951 104.88
2091.4117801487 105.13
2121.8320649832 105.38
2152.6948230496 105.64
2184.0064902691 105.90
2215.7735961758 106.17
2248.0027652779 106.44
2280.7007184393 106.71
2313.8742742813 106.98
2347.530350604 107.25
2381.6759658296 107.51
2416.3182404652 107.77
2451.4643985884 108.02
2487.1217693533 108.27
2523.297788519 108.49
2560.0000000001 108.71
2597.2360574402 108.90
2635.0137258074 109.07
2673.3408830143 109.21
2712.2255215599 109.33
2751.6757501971 109.42
2791.6997956232 109.49
2832.3060041955 109.52
2873.5028436721 109.53
2915.2989049772 109.52
2957.7029039931 109.48
3000.7236833774 109.43
3044.3702144071 109.35
3088.6515988494 109.26
3133.57707086 109.16
3179.1559989082 109.05
3225.397887731 108.93
3272.3123803148 108.79
3319.9092599067 108.65
3368.1984520542 108.50
3417.1900266754 108.34
3466.8942001586 108.18
3517.3213374928 108.03
3568.4819544296 107.89
3620.3867196753 107.77
3673.0464571163 107.68
3726.4721480761 107.61
3780.6749336053 107.57
3835.6661168044 107.56
3891.4571651819 107.57
3948.0597130445 107.61
4005.4855639241 107.68
4063.7466930387 107.78
4122.8552497902 107.90
4182.8235602974 108.06
4243.6641299665 108.25
4305.3896460992 108.46
4368.0129805382 108.69
4431.5471923516 108.91
4496.0055305558 109.05
4561.4014368787 108.93
4627.7485485626 108.67
4695.0607012081 109.03
4763.3519316592 109.62
4832.6364809305 110.06
4902.9287971769 110.35
4974.2435387067 110.51
5046.595577038 110.51
5120.0000000002 110.37
5194.4721148803 110.06
5270.0274516149 109.60
5346.6817660286 109.03
5424.4510431198 108.36
5503.3515003942 107.63
5583.3995912463 106.87
5664.6120083911 106.11
5747.0056873442 105.36
5830.5978099545 104.62
5915.4058079863 103.92
6001.4473667548 103.26
6088.7404288142 102.64
6177.3031976989 102.07
6267.1541417201 101.55
6358.3119978165 101.08
6450.795775462 100.66
6544.6247606297 100.31
6639.8185198134 100.02
6736.3969041085 99.81
6834.3800533509 99.68
6933.7884003172 99.65
7034.6426749857 99.74
7136.9639088592 99.96
7240.7734393506 100.30
7346.0929142326 100.76
7452.9442961523 101.35
7561.3498672106 102.09
7671.3322336089 102.96
7782.9143303638 103.89
7896.119426089 104.73
8010.9711278481 105.10
8127.4933860775 104.62
8245.7104995805 103.34
8365.6471205948 101.66
8487.328259933 99.93
8610.7792921984 98.25
8736.0259610765 96.66
8863.0943847033 95.18
8992.0110611117 93.82
9122.8028737575 92.58
9255.4970971253 91.45
9390.1214024162 90.42
9526.7038633184 89.51
9665.272961861 88.65
9805.8575943538 87.88
9948.4870774134 87.17
10093.191154076 86.53
10240.0000000005 85.95
10388.9442297607 85.43
10540.0549032298 84.97
10693.3635320572 84.55
10848.9020862397 84.17
11006.7030007884 83.86
11166.7991824927 83.59
11329.2240167822 83.38
11494.0113746885 83.21
11661.1956199091 83.10
11830.8116159726 83.05
12002.8947335097 83.05
12177.4808576284 83.10
12354.6063953979 83.21
12534.3082834402 83.40
12716.6239956331 83.67
12901.5915509241 84.05
13089.2495212594 84.49
13279.637039627 85.09
13472.7938082171 85.88
13668.7601067018 86.91
13867.5768006344 88.20
14069.2853499715 89.81
14273.9278177184 91.68
14481.5468787012 93.53
14692.1858284653 93.92
14905.8885923047 93.00
15122.6997344212 91.44
15342.6644672179 89.80
15565.8286607277 88.40
15792.2388521781 87.36
16021.9422556964 86.78
16254.9867721551 86.92
16491.4209991611 85.17
16731.2942411897 86.00
16974.656519866 86.92
17221.5585843969 88.19
17472.0519221531 89.77
17726.1887694067 90.98
17984.0221222235 90.31
18245.605747515 87.84
18510.9941942506 85.10
18780.2428048326 82.73
19053.4077266369 80.63
19330.545923722 78.66
19611.7151887077 76.48
19896.9741548268 75.34
20186.382308152 75.34
