20 93.46
20.2909066988 93.46
20.5860447329 93.47
20.8854756485 93.48
21.1892618872 93.48
21.4974667984 93.50
21.8101546533 93.52
22.1273906578 93.53
22.4492409662 93.55
22.7757726951 93.55
23.1070539374 93.52
23.4431537764 93.48
23.7841423001 93.44
24.130090616 93.42
24.4810708661 93.44
24.8371562415 93.47
25.1984209979 93.52
25.5649404712 93.55
25.936791093 93.57
26.3140504067 93.55
26.6967970834 93.53
27.0851109387 93.50
27.4790729492 93.48
27.878765269 93.47
28.2842712475 93.47
28.6956754462 93.47
29.1130636568 93.47
29.5365229188 93.47
29.9661415375 93.46
30.402009103 93.44
30.8442165082 93.41
31.2928559682 93.38
31.7480210394 93.36
32.209806639 93.34
32.6783090648 93.32
33.1536260154 93.30
33.6358566101 93.28
34.1251014105 93.26
34.6214624402 93.24
35.1250432075 93.21
35.6359487256 93.18
36.1542855356 93.14
36.6801617282 93.11
37.2136869661 93.07
37.7549725073 93.04
38.3041312279 93.01
38.8612776461 92.98
39.4265279456 92.94
40 92.90
40.5818133975 92.86
41.1720894657 92.81
41.7709512971 92.74
42.3785237744 92.69
42.9949335968 92.65
43.6203093066 92.61
44.2547813156 92.56
44.8984819324 92.50
45.5515453903 92.45
46.2141078749 92.41
46.8863075528 92.35
47.5682846001 92.30
48.260181232 92.25
48.9621417322 92.19
49.6743124829 92.13
50.3968419958 92.08
51.1298809424 92.02
51.873582186 91.96
52.6281008133 91.91
53.3935941668 91.85
54.1702218775 91.79
54.9581458983 91.73
55.757530538 91.67
56.5685424949 91.61
57.3913508924 91.55
58.2261273137 91.48
59.0730458376 91.42
59.9322830751 91.36
60.804018206 91.29
61.6884330163 91.24
62.5857119363 91.18
63.4960420787 91.11
64.419613278 91.05
65.3566181296 91.00
66.3072520307 90.94
67.2717132203 90.88
68.2502028209 90.82
69.2429248805 90.76
70.2500864149 90.71
71.2718974512 90.63
72.3085710713 90.55
73.3603234564 90.48
74.4273739322 90.43
75.5099450145 90.37
76.6082624559 90.30
77.7225552923 90.23
78.8530558912 90.15
80 90.07
81.163626795 89.99
82.3441789315 89.93
83.5419025942 89.88
84.7570475487 89.79
85.9898671937 89.69
87.2406186132 89.64
88.5095626311 89.58
89.7969638648 89.50
91.1030907805 89.42
92.4282157498 89.35
93.7726151055 89.29
95.1365692002 89.23
96.520362464 89.14
97.9242834644 89.08
99.3486249659 89.03
100.7936839916 88.96
102.2597618848 88.90
103.7471643721 88.84
105.2562016267 88.77
106.7871883336 88.71
108.340443755 88.64
109.9162917966 88.58
111.5150610759 88.52
113.1370849898 88.45
114.7827017849 88.37
116.4522546274 88.30
118.1460916752 88.25
119.8645661501 88.15
121.6080364119 88.12
123.3768660326 88.07
125.1714238726 88.01
126.9920841575 87.95
128.8392265559 87.87
130.7132362593 87.80
132.6145040614 87.74
134.5434264406 87.72
136.5004056418 87.65
138.485849761 87.57
140.5001728299 87.50
142.5437949025 87.45
144.6171421426 87.41
146.7206469127 87.35
148.8547478643 87.31
151.0198900291 87.25
153.2165249118 87.17
155.4451105846 87.12
157.7061117824 87.09
160 87.03
162.32725359 86.95
164.688357863 86.91
167.0838051884 86.84
169.5140950975 86.81
171.9797343873 86.75
174.4812372264 86.70
177.0191252622 86.65
179.5939277295 86.62
182.2061815611 86.52
184.8564314996 86.48
187.5452302111 86.43
190.2731384004 86.36
193.0407249281 86.31
195.8485669287 86.25
198.6972499318 86.19
201.5873679832 86.13
204.5195237697 86.08
207.4943287442 86.01
210.5124032534 85.96
213.5743766672 85.92
216.6808875099 85.86
219.8325835933 85.81
223.0301221518 85.77
226.2741699797 85.72
229.5654035698 85.67
232.9045092548 85.64
236.2921833503 85.60
239.7291323003 85.57
243.2160728239 85.54
246.7537320653 85.50
250.3428477452 85.47
253.9841683149 85.45
257.6784531119 85.41
261.4264725186 85.37
265.2290081229 85.32
269.0868528812 85.28
273.0008112836 85.23
276.971699522 85.20
281.0003456597 85.16
285.0875898049 85.11
289.2342842852 85.08
293.4412938255 85.04
297.7094957287 85.00
302.0397800581 84.96
306.4330498235 84.91
310.8902211692 84.87
315.4122235649 84.83
320 84.79
324.65450718 84.76
329.3767157259 84.72
334.1676103768 84.69
339.028190195 84.65
343.9594687746 84.61
348.9624744529 84.58
354.0382505244 84.54
359.187855459 84.51
364.4123631221 84.46
369.7128629991 84.43
375.0904604222 84.39
380.5462768009 84.35
386.0814498562 84.32
391.6971338575 84.29
397.3944998635 84.26
403.1747359664 84.22
409.0390475393 84.18
414.9886574883 84.14
421.0248065068 84.10
427.1487533344 84.07
433.3617750198 84.03
439.6651671866 83.99
446.0602443037 83.95
452.5483399594 83.92
459.1308071395 83.88
465.8090185095 83.85
472.5843667007 83.83
479.4582646005 83.80
486.4321456477 83.78
493.5074641306 83.75
500.6856954905 83.72
507.9683366298 83.70
515.3569062238 83.66
522.8529450372 83.65
530.4580162458 83.62
538.1737057624 83.60
546.0016225673 83.58
553.9433990439 83.56
562.0006913195 83.53
570.1751796098 83.50
578.4685685703 83.49
586.882587651 83.46
595.4189914574 83.43
604.0795601163 83.40
612.8660996471 83.38
621.7804423383 83.35
630.8244471297 83.32
640 83.29
649.30901436 83.27
658.7534314519 83.24
668.3352207536 83.21
678.05638039 83.19
687.9189375493 83.17
697.9249489058 83.15
708.0765010489 83.13
718.375710918 83.11
728.8247262443 83.09
739.4257259983 83.08
750.1809208443 83.06
761.0925536018 83.05
772.1628997124 83.03
783.394267715 83.02
794.7889997271 83.02
806.3494719327 83.02
818.0780950787 83.02
829.9773149767 83.03
842.0496130136 83.04
854.2975066688 83.06
866.7235500396 83.08
879.3303343732 83.11
892.1204886074 83.15
905.0966799188 83.20
918.2616142791 83.24
931.618037019 83.31
945.1687334013 83.38
958.9165292011 83.46
972.8642912955 83.55
987.0149282611 83.65
1001.371390981 83.76
1015.9366732597 83.88
1030.7138124476 84.01
1045.7058900743 84.16
1060.9160324916 84.31
1076.3474115248 84.46
1092.0032451345 84.64
1107.8867980879 84.80
1124.0013826389 84.98
1140.3503592197 85.16
1156.9371371406 85.34
1173.765175302 85.53
1190.8379829148 85.71
1208.1591202326 85.90
1225.7321992942 86.08
1243.5608846767 86.26
1261.6488942595 86.44
1280 86.62
1298.6180287201 86.78
1317.5068629037 86.95
1336.6704415071 87.11
1356.1127607799 87.26
1375.8378750985 87.41
1395.8498978116 87.55
1416.1530020977 87.68
1436.751421836 87.81
1457.6494524886 87.94
1478.8514519966 88.05
1500.3618416887 88.18
1522.1851072035 88.29
1544.3257994247 88.40
1566.78853543 88.50
1589.5779994541 88.60
1612.6989438655 88.71
1636.1561901574 88.82
1659.9546299533 88.93
1684.0992260271 89.04
1708.5950133377 89.16
1733.4471000793 89.28
1758.6606687464 89.40
1784.2409772148 89.52
1810.1933598376 89.65
1836.5232285581 89.78
1863.2360740381 89.91
1890.3374668026 90.04
1917.8330584022 90.17
1945.7285825909 90.31
1974.0298565222 90.45
2002.742781962 90.59
2031.8733465194 90.72
2061.4276248951 90.88
2091.4117801487 91.02
2121.8320649832 91.17
2152.6948230496 91.31
2184.0064902691 91.46
2215.7735961758 91.61
2248.0027652779 91.75
2280.7007184393 91.90
2313.8742742813 92.04
2347.530350604 92.18
2381.6759658296 92.32
2416.3182404652 92.46
2451.4643985884 92.60
2487.1217693533 92.73
2523.297788519 92.86
2560.0000000001 92.98
2597.2360574402 93.10
2635.0137258074 93.22
2673.3408830143 93.33
2712.2255215599 93.43
2751.6757501971 93.53
2791.6997956232 93.63
2832.3060041955 93.72
2873.5028436721 93.80
2915.2989049772 93.87
2957.7029039931 93.93
3000.7236833774 93.99
3044.3702144071 94.03
3088.6515988494 94.05
3133.57707086 94.07
3179.1559989082 94.06
3225.397887731 94.04
3272.3123803148 94.00
3319.9092599067 93.94
3368.1984520542 93.86
3417.1900266754 93.76
3466.8942001586 93.64
3517.3213374928 93.52
3568.4819544296 93.39
3620.3867196753 93.26
3673.0464571163 93.14
3726.4721480761 93.02
3780.6749336053 92.87
3835.6661168044 92.71
3891.4571651819 92.53
3948.0597130445 92.34
4005.4855639241 92.13
4063.7466930387 91.92
4122.8552497902 91.70
4182.8235602974 91.49
4243.6641299665 91.28
4305.3896460992 91.07
4368.0129805382 90.85
4431.5471923516 90.62
4496.0055305558 90.38
4561.4014368787 90.12
4627.7485485626 89.85
4695.0607012081 89.57
4763.3519316592 89.28
4832.6364809305 88.97
4902.9287971769 88.66
4974.2435387067 88.35
5046.595577038 88.03
5120.0000000002 87.70
5194.4721148803 87.38
5270.0274516149 87.07
5346.6817660286 86.75
5424.4510431198 86.44
5503.3515003942 86.14
5583.3995912463 85.85
5664.6120083911 85.57
5747.0056873442 85.31
5830.5978099545 85.06
5915.4058079863 84.84
6001.4473667548 84.65
6088.7404288142 84.50
6177.3031976989 84.36
6267.1541417201 84.28
6358.3119978165 84.23
6450.795775462 84.23
6544.6247606297 84.30
6639.8185198134 84.47
6736.3969041085 84.76
6834.3800533509 85.18
6933.7884003172 85.70
7034.6426749857 86.29
7136.9639088592 86.92
7240.7734393506 87.56
7346.0929142326 88.20
7452.9442961523 88.85
7561.3498672106 89.48
7671.3322336089 90.07
7782.9143303638 90.57
7896.119426089 90.90
8010.9711278481 90.95
8127.4933860775 90.67
8245.7104995805 90.11
8365.6471205948 89.34
8487.328259933 88.50
8610.7792921984 87.61
8736.0259610765 86.72
8863.0943847033 85.84
8992.0110611117 85.00
9122.8028737575 84.23
9255.4970971253 83.52
9390.1214024162 82.84
9526.7038633184 82.18
9665.272961861 81.65
9805.8575943538 81.09
9948.4870774134 80.54
10093.191154076 80.00
10240.0000000005 79.46
10388.9442297607 78.91
10540.0549032298 78.35
10693.3635320572 77.73
10848.9020862397 77.06
11006.7030007884 76.33
11166.7991824927 75.52
11329.2240167822 74.57
11494.0113746885 73.50
11661.1956199091 72.32
11830.8116159726 70.94
12002.8947335097 69.59
12177.4808576284 68.32
12354.6063953979 67.30
12534.3082834402 66.95
12716.6239956331 67.16
12901.5915509241 68.21
13089.2495212594 69.52
13279.637039627 71.07
13472.7938082171 72.61
13668.7601067018 74.15
13867.5768006344 75.73
14069.2853499715 77.34
14273.9278177184 78.99
14481.5468787012 80.66
14692.1858284653 82.27
14905.8885923047 83.71
15122.6997344212 84.90
15342.6644672179 85.76
15565.8286607277 86.25
15792.2388521781 86.35
16021.9422556964 86.06
16254.9867721551 85.28
16491.4209991611 83.76
16731.2942411897 81.27
16974.656519866 77.69
17221.5585843969 73.23
17472.0519221531 69.00
17726.1887694067 69.55
17984.0221222235 72.94
18245.605747515 74.96
18510.9941942506 76.00
18780.2428048326 76.57
19053.4077266369 76.70
19330.545923722 76.74
19611.7151887077 76.07
19896.9741548268 75.55
20186.382308152 75.55
