20 105.88
20.2909066988 105.91
20.5860447329 105.93
20.8854756485 105.96
21.1892618872 106.00
21.4974667984 106.03
21.8101546533 106.07
22.1273906578 106.11
22.4492409662 106.15
22.7757726951 106.19
23.1070539374 106.22
23.4431537764 106.26
23.7841423001 106.29
24.130090616 106.33
24.4810708661 106.36
24.8371562415 106.39
25.1984209979 106.42
25.5649404712 106.45
25.936791093 106.48
26.3140504067 106.51
26.6967970834 106.54
27.0851109387 106.57
27.4790729492 106.60
27.878765269 106.63
28.2842712475 106.66
28.6956754462 106.69
29.1130636568 106.72
29.5365229188 106.74
29.9661415375 106.77
30.402009103 106.80
30.8442165082 106.83
31.2928559682 106.85
31.7480210394 106.87
32.209806639 106.89
32.6783090648 106.91
33.1536260154 106.93
33.6358566101 106.94
34.1251014105 106.96
34.6214624402 106.97
35.1250432075 106.98
35.6359487256 106.99
36.1542855356 107.00
36.6801617282 107.01
37.2136869661 107.01
37.7549725073 107.01
38.3041312279 107.02
38.8612776461 107.02
39.4265279456 107.02
40 107.02
40.5818133975 107.01
41.1720894657 107.01
41.7709512971 107.01
42.3785237744 107.01
42.9949335968 107.00
43.6203093066 106.99
44.2547813156 106.98
44.8984819324 106.97
45.5515453903 106.96
46.2141078749 106.94
46.8863075528 106.94
47.5682846001 106.93
48.260181232 106.91
48.9621417322 106.89
49.6743124829 106.87
50.3968419958 106.85
51.1298809424 106.83
51.873582186 106.82
52.6281008133 106.79
53.3935941668 106.76
54.1702218775 106.75
54.9581458983 106.74
55.757530538 106.73
56.5685424949 106.70
57.3913508924 106.67
58.2261273137 106.64
59.0730458376 106.62
59.9322830751 106.59
60.804018206 106.57
61.6884330163 106.55
62.5857119363 106.52
63.4960420787 106.49
64.419613278 106.46
65.3566181296 106.44
66.3072520307 106.41
67.2717132203 106.38
68.2502028209 106.35
69.2429248805 106.32
70.2500864149 106.29
71.2718974512 106.25
72.3085710713 106.21
73.3603234564 106.17
74.4273739322 106.13
75.5099450145 106.09
76.6082624559 106.04
77.7225552923 106.00
78.8530558912 105.95
80 105.90
81.163626795 105.85
82.3441789315 105.79
83.5419025942 105.74
84.7570475487 105.68
85.9898671937 105.62
87.2406186132 105.56
88.5095626311 105.51
89.7969638648 105.44
91.1030907805 105.39
92.4282157498 105.33
93.7726151055 105.26
95.1365692002 105.21
96.520362464 105.15
97.9242834644 105.09
99.3486249659 105.03
100.7936839916 104.98
102.2597618848 104.92
103.7471643721 104.86
105.2562016267 104.80
106.7871883336 104.74
108.340443755 104.68
109.9162917966 104.62
111.5150610759 104.55
113.1370849898 104.48
114.7827017849 104.42
116.4522546274 104.36
118.1460916752 104.29
119.8645661501 104.23
121.6080364119 104.16
123.3768660326 104.09
125.1714238726 104.02
126.9920841575 103.96
128.8392265559 103.89
130.7132362593 103.83
132.6145040614 103.77
134.5434264406 103.71
136.5004056418 103.65
138.485849761 103.59
140.5001728299 103.54
142.5437949025 103.48
144.6171421426 103.42
146.7206469127 103.38
148.8547478643 103.33
151.0198900291 103.28
153.2165249118 103.23
155.4451105846 103.19
157.7061117824 103.15
160 103.11
162.32725359 103.06
164.688357863 103.03
167.0838051884 102.99
169.5140950975 102.95
171.9797343873 102.91
174.4812372264 102.88
177.0191252622 102.85
179.5939277295 102.83
182.2061815611 102.80
184.8564314996 102.77
187.5452302111 102.74
190.2731384004 102.72
193.0407249281 102.70
195.8485669287 102.67
198.6972499318 102.65
201.5873679832 102.62
204.5195237697 102.60
207.4943287442 102.58
210.5124032534 102.56
213.5743766672 102.55
216.6808875099 102.54
219.8325835933 102.55
223.0301221518 102.56
226.2741699797 102.57
229.5654035698 102.58
232.9045092548 102.60
236.2921833503 102.62
239.7291323003 102.65
243.2160728239 102.67
246.7537320653 102.69
250.3428477452 102.71
253.9841683149 102.73
257.6784531119 102.75
261.4264725186 102.77
265.2290081229 102.79
269.0868528812 102.80
273.0008112836 102.82
276.971699522 102.84
281.0003456597 102.86
285.0875898049 102.88
289.2342842852 102.90
293.4412938255 102.92
297.7094957287 102.94
302.0397800581 102.96
306.4330498235 102.98
310.8902211692 103.01
315.4122235649 103.03
320 103.05
324.65450718 103.07
329.3767157259 103.09
334.1676103768 103.11
339.028190195 103.13
343.9594687746 103.15
348.9624744529 103.17
354.0382505244 103.18
359.187855459 103.20
364.4123631221 103.21
369.7128629991 103.23
375.0904604222 103.24
380.5462768009 103.24
386.0814498562 103.25
391.6971338575 103.25
397.3944998635 103.26
403.1747359664 103.26
409.0390475393 103.25
414.9886574883 103.25
421.0248065068 103.25
427.1487533344 103.25
433.3617750198 103.25
439.6651671866 103.24
446.0602443037 103.25
452.5483399594 103.25
459.1308071395 103.24
465.8090185095 103.24
472.5843667007 103.23
479.4582646005 103.22
486.4321456477 103.21
493.5074641306 103.20
500.6856954905 103.18
507.9683366298 103.17
515.3569062238 103.15
522.8529450372 103.13
530.4580162458 103.11
538.1737057624 103.09
546.0016225673 103.07
553.9433990439 103.04
562.0006913195 103.01
570.1751796098 102.98
578.4685685703 102.95
586.882587651 102.92
595.4189914574 102.88
604.0795601163 102.85
612.8660996471 102.80
621.7804423383 102.76
630.8244471297 102.72
640 102.67
649.30901436 102.62
658.7534314519 102.58
668.3352207536 102.53
678.05638039 102.47
687.9189375493 102.42
697.9249489058 102.36
708.0765010489 102.31
718.375710918 102.25
728.8247262443 102.19
739.4257259983 102.13
750.1809208443 102.08
761.0925536018 102.02
772.1628997124 101.96
783.394267715 101.90
794.7889997271 101.84
806.3494719327 101.79
818.0780950787 101.74
829.9773149767 101.69
842.0496130136 101.65
854.2975066688 101.61
866.7235500396 101.58
879.3303343732 101.55
892.1204886074 101.52
905.0966799188 101.51
918.2616142791 101.51
931.618037019 101.52
945.1687334013 101.53
958.9165292011 101.55
972.8642912955 101.59
987.0149282611 101.64
1001.371390981 101.70
1015.9366732597 101.77
1030.7138124476 101.85
1045.7058900743 101.95
1060.9160324916 102.05
1076.3474115248 102.16
1092.0032451345 102.28
1107.8867980879 102.40
1124.0013826389 102.53
1140.3503592197 102.67
1156.9371371406 102.81
1173.765175302 102.95
1190.8379829148 103.09
1208.1591202326 103.24
1225.7321992942 103.38
1243.5608846767 103.53
1261.6488942595 103.67
1280 103.80
1298.6180287201 103.93
1317.5068629037 104.06
1336.6704415071 104.18
1356.1127607799 104.29
1375.8378750985 104.39
1395.8498978116 104.49
1416.1530020977 104.58
1436.751421836 104.67
1457.6494524886 104.76
1478.8514519966 104.84
1500.3618416887 104.92
1522.1851072035 104.98
1544.3257994247 105.05
1566.78853543 105.13
1589.5779994541 105.20
1612.6989438655 105.27
1636.1561901574 105.34
1659.9546299533 105.42
1684.0992260271 105.51
1708.5950133377 105.59
1733.4471000793 105.68
1758.6606687464 105.78
1784.2409772148 105.88
1810.1933598376 105.99
1836.5232285581 106.10
1863.2360740381 106.22
1890.3374668026 106.35
1917.8330584022 106.48
1945.7285825909 106.62
1974.0298565222 106.76
2002.742781962 106.91
2031.8733465194 107.07
2061.4276248951 107.23
2091.4117801487 107.40
2121.8320649832 107.58
2152.6948230496 107.77
2184.0064902691 107.96
2215.7735961758 108.16
2248.0027652779 108.36
2280.7007184393 108.57
2313.8742742813 108.79
2347.530350604 109.00
2381.6759658296 109.22
2416.3182404652 109.45
2451.4643985884 109.67
2487.1217693533 109.90
2523.297788519 110.12
2560.0000000001 110.33
2597.2360574402 110.54
2635.0137258074 110.74
2673.3408830143 110.93
2712.2255215599 111.10
2751.6757501971 111.25
2791.6997956232 111.38
2832.3060041955 111.49
2873.5028436721 111.56
2915.2989049772 111.61
2957.7029039931 111.63
3000.7236833774 111.62
3044.3702144071 111.58
3088.6515988494 111.50
3133.57707086 111.40
3179.1559989082 111.27
3225.397887731 111.12
3272.3123803148 110.95
3319.9092599067 110.76
3368.1984520542 110.56
3417.1900266754 110.35
3466.8942001586 110.14
3517.3213374928 109.92
3568.4819544296 109.71
3620.3867196753 109.50
3673.0464571163 109.30
3726.4721480761 109.10
3780.6749336053 108.92
3835.6661168044 108.74
3891.4571651819 108.58
3948.0597130445 108.42
4005.4855639241 108.27
4063.7466930387 108.14
4122.8552497902 108.03
4182.8235602974 107.96
4243.6641299665 107.93
4305.3896460992 107.93
4368.0129805382 107.96
4431.5471923516 107.98
4496.0055305558 107.97
4561.4014368787 107.93
4627.7485485626 107.86
4695.0607012081 107.74
4763.3519316592 107.57
4832.6364809305 107.36
4902.9287971769 107.11
4974.2435387067 106.83
5046.595577038 106.52
5120.0000000002 106.18
5194.4721148803 105.83
5270.0274516149 105.47
5346.6817660286 105.11
5424.4510431198 104.75
5503.3515003942 104.40
5583.3995912463 104.07
5664.6120083911 103.76
5747.0056873442 103.48
5830.5978099545 103.23
5915.4058079863 103.03
6001.4473667548 102.86
6088.7404288142 102.76
6177.3031976989 102.71
6267.1541417201 102.72
6358.3119978165 102.80
6450.795775462 102.95
6544.6247606297 103.16
6639.8185198134 103.44
6736.3969041085 103.76
6834.3800533509 104.07
6933.7884003172 104.29
7034.6426749857 104.35
7136.9639088592 104.18
7240.7734393506 103.79
7346.0929142326 103.26
7452.9442961523 102.68
7561.3498672106 102.22
7671.3322336089 101.83
7782.9143303638 101.49
7896.119426089 101.32
8010.9711278481 101.42
8127.4933860775 101.66
8245.7104995805 102.00
8365.6471205948 102.48
8487.328259933 102.87
8610.7792921984 103.04
8736.0259610765 102.73
8863.0943847033 101.93
8992.0110611117 100.88
9122.8028737575 99.86
9255.4970971253 98.95
9390.1214024162 98.16
9526.7038633184 97.50
9665.272961861 96.97
9805.8575943538 96.55
9948.4870774134 96.25
10093.191154076 96.04
10240.0000000005 95.92
10388.9442297607 95.85
10540.0549032298 95.78
10693.3635320572 95.69
10848.9020862397 95.54
11006.7030007884 95.29
11166.7991824927 94.99
11329.2240167822 94.70
11494.0113746885 94.47
11661.1956199091 94.33
11830.8116159726 94.27
12002.8947335097 94.26
12177.4808576284 94.21
12354.6063953979 94.09
12534.3082834402 93.89
12716.6239956331 93.65
12901.5915509241 93.48
13089.2495212594 93.38
13279.637039627 93.50
13472.7938082171 93.89
13668.7601067018 94.58
13867.5768006344 95.55
14069.2853499715 96.65
14273.9278177184 97.70
14481.5468787012 97.87
14692.1858284653 96.63
14905.8885923047 94.86
15122.6997344212 93.07
15342.6644672179 91.55
15565.8286607277 90.45
15792.2388521781 89.81
16021.9422556964 89.64
16254.9867721551 90.00
16491.4209991611 91.01
16731.2942411897 92.20
16974.656519866 91.85
17221.5585843969 88.86
17472.0519221531 85.40
17726.1887694067 83.40
17984.0221222235 82.65
18245.605747515 82.00
18510.9941942506 81.16
18780.2428048326 80.48
19053.4077266369 80.36
19330.545923722 80.50
19611.7151887077 80.42
19896.9741548268 80.18
20186.382308152 80.18
