20 72.03
20.2909066988 72.05
20.5860447329 72.08
20.8854756485 72.11
21.1892618872 72.14
21.4974667984 72.17
21.8101546533 72.20
22.1273906578 72.24
22.4492409662 72.27
22.7757726951 72.30
23.1070539374 72.33
23.4431537764 72.36
23.7841423001 72.39
24.130090616 72.42
24.4810708661 72.45
24.8371562415 72.48
25.1984209979 72.51
25.5649404712 72.54
25.936791093 72.57
26.3140504067 72.60
26.6967970834 72.63
27.0851109387 72.66
27.4790729492 72.69
27.878765269 72.72
28.2842712475 72.75
28.6956754462 72.78
29.1130636568 72.81
29.5365229188 72.84
29.9661415375 72.87
30.402009103 72.90
30.8442165082 72.93
31.2928559682 72.96
31.7480210394 72.98
32.209806639 73.01
32.6783090648 73.03
33.1536260154 73.05
33.6358566101 73.08
34.1251014105 73.10
34.6214624402 73.12
35.1250432075 73.14
35.6359487256 73.16
36.1542855356 73.18
36.6801617282 73.20
37.2136869661 73.21
37.7549725073 73.23
38.3041312279 73.24
38.8612776461 73.25
39.4265279456 73.27
40 73.28
40.5818133975 73.29
41.1720894657 73.30
41.7709512971 73.30
42.3785237744 73.31
42.9949335968 73.32
43.6203093066 73.32
44.2547813156 73.33
44.8984819324 73.33
45.5515453903 73.34
46.2141078749 73.34
46.8863075528 73.34
47.5682846001 73.34
48.260181232 73.35
48.9621417322 73.35
49.6743124829 73.35
50.3968419958 73.35
51.1298809424 73.35
51.873582186 73.36
52.6281008133 73.36
53.3935941668 73.36
54.1702218775 73.37
54.9581458983 73.37
55.757530538 73.37
56.5685424949 73.36
57.3913508924 73.36
58.2261273137 73.35
59.0730458376 73.35
59.9322830751 73.35
60.804018206 73.36
61.6884330163 73.37
62.5857119363 73.36
63.4960420787 73.36
64.419613278 73.36
65.3566181296 73.36
66.3072520307 73.37
67.2717132203 73.37
68.2502028209 73.37
69.2429248805 73.36
70.2500864149 73.36
71.2718974512 73.36
72.3085710713 73.35
73.3603234564 73.34
74.4273739322 73.34
75.5099450145 73.33
76.6082624559 73.32
77.7225552923 73.31
78.8530558912 73.30
80 73.28
81.163626795 73.27
82.3441789315 73.25
83.5419025942 73.24
84.7570475487 73.22
85.9898671937 73.20
87.2406186132 73.18
88.5095626311 73.16
89.7969638648 73.14
91.1030907805 73.12
92.4282157498 73.10
93.7726151055 73.08
95.1365692002 73.07
96.520362464 73.05
97.9242834644 73.04
99.3486249659 73.02
100.7936839916 73.01
102.2597618848 72.99
103.7471643721 72.98
105.2562016267 72.96
106.7871883336 72.94
108.340443755 72.92
109.9162917966 72.90
111.5150610759 72.88
113.1370849898 72.85
114.7827017849 72.83
116.4522546274 72.81
118.1460916752 72.79
119.8645661501 72.76
121.6080364119 72.73
123.3768660326 72.70
125.1714238726 72.67
126.9920841575 72.63
128.8392265559 72.60
130.7132362593 72.57
132.6145040614 72.54
134.5434264406 72.51
136.5004056418 72.48
138.485849761 72.45
140.5001728299 72.42
142.5437949025 72.39
144.6171421426 72.36
146.7206469127 72.33
148.8547478643 72.30
151.0198900291 72.27
153.2165249118 72.23
155.4451105846 72.20
157.7061117824 72.16
160 72.12
162.32725359 72.09
164.688357863 72.04
167.0838051884 72.00
169.5140950975 71.96
171.9797343873 71.92
174.4812372264 71.87
177.0191252622 71.83
179.5939277295 71.78
182.2061815611 71.74
184.8564314996 71.68
187.5452302111 71.63
190.2731384004 71.58
193.0407249281 71.52
195.8485669287 71.46
198.6972499318 71.40
201.5873679832 71.33
204.5195237697 71.26
207.4943287442 71.20
210.5124032534 71.13
213.5743766672 71.06
216.6808875099 70.99
219.8325835933 70.93
223.0301221518 70.87
226.2741699797 70.81
229.5654035698 70.75
232.9045092548 70.70
236.2921833503 70.64
239.7291323003 70.58
243.2160728239 70.52
246.7537320653 70.46
250.3428477452 70.40
253.9841683149 70.33
257.6784531119 70.27
261.4264725186 70.20
265.2290081229 70.13
269.0868528812 70.07
273.0008112836 70.00
276.971699522 69.93
281.0003456597 69.86
285.0875898049 69.80
289.2342842852 69.73
293.4412938255 69.66
297.7094957287 69.59
302.0397800581 69.53
306.4330498235 69.46
310.8902211692 69.39
315.4122235649 69.32
320 69.24
324.65450718 69.17
329.3767157259 69.10
334.1676103768 69.03
339.028190195 68.95
343.9594687746 68.88
348.9624744529 68.80
354.0382505244 68.72
359.187855459 68.64
364.4123631221 68.56
369.7128629991 68.49
375.0904604222 68.42
380.5462768009 68.36
386.0814498562 68.31
391.6971338575 68.26
397.3944998635 68.21
403.1747359664 68.17
409.0390475393 68.12
414.9886574883 68.07
421.0248065068 68.00
427.1487533344 67.93
433.3617750198 67.86
439.6651671866 67.78
446.0602443037 67.70
452.5483399594 67.62
459.1308071395 67.54
465.8090185095 67.45
472.5843667007 67.38
479.4582646005 67.30
486.4321456477 67.22
493.5074641306 67.15
500.6856954905 67.07
507.9683366298 67.00
515.3569062238 66.93
522.8529450372 66.86
530.4580162458 66.80
538.1737057624 66.73
546.0016225673 66.67
553.9433990439 66.61
562.0006913195 66.55
570.1751796098 66.50
578.4685685703 66.44
586.882587651 66.39
595.4189914574 66.34
604.0795601163 66.29
612.8660996471 66.24
621.7804423383 66.20
630.8244471297 66.15
640 66.11
649.30901436 66.07
658.7534314519 66.03
668.3352207536 66.00
678.05638039 65.96
687.9189375493 65.93
697.9249489058 65.90
708.0765010489 65.87
718.375710918 65.85
728.8247262443 65.83
739.4257259983 65.82
750.1809208443 65.81
761.0925536018 65.80
772.1628997124 65.80
783.394267715 65.80
794.7889997271 65.80
806.3494719327 65.80
818.0780950787 65.81
829.9773149767 65.82
842.0496130136 65.83
854.2975066688 65.85
866.7235500396 65.87
879.3303343732 65.89
892.1204886074 65.93
905.0966799188 65.97
918.2616142791 66.02
931.618037019 66.08
945.1687334013 66.15
958.9165292011 66.23
972.8642912955 66.32
987.0149282611 66.42
1001.371390981 66.53
1015.9366732597 66.66
1030.7138124476 66.79
1045.7058900743 66.94
1060.9160324916 67.10
1076.3474115248 67.27
1092.0032451345 67.45
1107.8867980879 67.64
1124.0013826389 67.83
1140.3503592197 68.03
1156.9371371406 68.24
1173.765175302 68.45
1190.8379829148 68.66
1208.1591202326 68.87
1225.7321992942 69.09
1243.5608846767 69.31
1261.6488942595 69.52
1280 69.74
1298.6180287201 69.95
1317.5068629037 70.16
1336.6704415071 70.36
1356.1127607799 70.56
1375.8378750985 70.76
1395.8498978116 70.95
1416.1530020977 71.13
1436.751421836 71.32
1457.6494524886 71.49
1478.8514519966 71.66
1500.3618416887 71.83
1522.1851072035 72.00
1544.3257994247 72.17
1566.78853543 72.33
1589.5779994541 72.50
1612.6989438655 72.67
1636.1561901574 72.83
1659.9546299533 73.00
1684.0992260271 73.17
1708.5950133377 73.34
1733.4471000793 73.50
1758.6606687464 73.67
1784.2409772148 73.84
1810.1933598376 74.01
1836.5232285581 74.18
1863.2360740381 74.34
1890.3374668026 74.51
1917.8330584022 74.67
1945.7285825909 74.82
1974.0298565222 74.98
2002.742781962 75.12
2031.8733465194 75.26
2061.4276248951 75.40
2091.4117801487 75.52
2121.8320649832 75.64
2152.6948230496 75.75
2184.0064902691 75.85
2215.7735961758 75.94
2248.0027652779 76.02
2280.7007184393 76.10
2313.8742742813 76.16
2347.530350604 76.21
2381.6759658296 76.25
2416.3182404652 76.27
2451.4643985884 76.28
2487.1217693533 76.28
2523.297788519 76.27
2560.0000000001 76.25
2597.2360574402 76.22
2635.0137258074 76.18
2673.3408830143 76.13
2712.2255215599 76.07
2751.6757501971 76.00
2791.6997956232 75.93
2832.3060041955 75.84
2873.5028436721 75.76
2915.2989049772 75.66
2957.7029039931 75.56
3000.7236833774 75.46
3044.3702144071 75.35
3088.6515988494 75.24
3133.57707086 75.12
3179.1559989082 75.00
3225.397887731 74.88
3272.3123803148 74.75
3319.9092599067 74.62
3368.1984520542 74.48
3417.1900266754 74.34
3466.8942001586 74.20
3517.3213374928 74.06
3568.4819544296 73.92
3620.3867196753 73.78
3673.0464571163 73.65
3726.4721480761 73.52
3780.6749336053 73.40
3835.6661168044 73.29
3891.4571651819 73.18
3948.0597130445 73.08
4005.4855639241 72.98
4063.7466930387 72.90
4122.8552497902 72.83
4182.8235602974 72.77
4243.6641299665 72.72
4305.3896460992 72.66
4368.0129805382 72.59
4431.5471923516 72.50
4496.0055305558 72.39
4561.4014368787 72.27
4627.7485485626 72.12
4695.0607012081 71.95
4763.3519316592 71.77
4832.6364809305 71.56
4902.9287971769 71.33
4974.2435387067 71.08
5046.595577038 70.83
5120.0000000002 70.56
5194.4721148803 70.29
5270.0274516149 70.03
5346.6817660286 69.77
5424.4510431198 69.51
5503.3515003942 69.27
5583.3995912463 69.05
5664.6120083911 68.84
5747.0056873442 68.67
5830.5978099545 68.52
5915.4058079863 68.40
6001.4473667548 68.29
6088.7404288142 68.18
6177.3031976989 68.06
6267.1541417201 67.94
6358.3119978165 67.86
6450.795775462 67.83
6544.6247606297 67.88
6639.8185198134 68.00
6736.3969041085 68.20
6834.3800533509 68.50
6933.7884003172 68.90
7034.6426749857 69.43
7136.9639088592 70.10
7240.7734393506 70.87
7346.0929142326 71.75
7452.9442961523 72.69
7561.3498672106 73.67
7671.3322336089 74.61
7782.9143303638 75.43
7896.119426089 76.04
8010.9711278481 76.40
8127.4933860775 76.44
8245.7104995805 76.17
8365.6471205948 75.61
8487.328259933 74.81
8610.7792921984 73.81
8736.0259610765 72.68
8863.0943847033 71.45
8992.0110611117 70.16
9122.8028737575 68.83
9255.4970971253 67.48
9390.1214024162 66.10
9526.7038633184 64.70
9665.272961861 63.30
9805.8575943538 61.90
9948.4870774134 60.50
10093.191154076 59.12
10240.0000000005 57.76
10388.9442297607 56.42
10540.0549032298 55.11
10693.3635320572 53.84
10848.9020862397 52.62
11006.7030007884 51.46
11166.7991824927 50.37
11329.2240167822 49.35
11494.0113746885 48.42
11661.1956199091 47.56
11830.8116159726 46.81
12002.8947335097 46.14
12177.4808576284 45.58
12354.6063953979 45.13
12534.3082834402 44.80
12716.6239956331 44.61
12901.5915509241 44.57
13089.2495212594 44.71
13279.637039627 45.06
13472.7938082171 45.64
13668.7601067018 46.50
13867.5768006344 47.70
14069.2853499715 49.31
14273.9278177184 51.36
14481.5468787012 53.75
14692.1858284653 56.28
14905.8885923047 58.74
15122.6997344212 60.93
15342.6644672179 62.72
15565.8286607277 64.01
15792.2388521781 64.72
16021.9422556964 64.83
16254.9867721551 64.33
16491.4209991611 63.26
16731.2942411897 61.65
16974.656519866 59.56
17221.5585843969 57.07
17472.0519221531 54.28
17726.1887694067 51.33
17984.0221222235 48.38
18245.605747515 45.61
18510.9941942506 43.10
18780.2428048326 40.81
19053.4077266369 38.57
19330.545923722 36.27
19611.7151887077 33.95
19896.9741548268 31.98
20186.382308152 31.98
