20 102.86
20.2909066988 102.86
20.5860447329 102.88
20.8854756485 102.90
21.1892618872 102.91
21.4974667984 102.93
21.8101546533 102.95
22.1273906578 102.97
22.4492409662 102.99
22.7757726951 103.01
23.1070539374 103.03
23.4431537764 103.05
23.7841423001 103.07
24.130090616 103.09
24.4810708661 103.10
24.8371562415 103.12
25.1984209979 103.13
25.5649404712 103.14
25.936791093 103.16
26.3140504067 103.18
26.6967970834 103.19
27.0851109387 103.21
27.4790729492 103.23
27.878765269 103.24
28.2842712475 103.26
28.6956754462 103.28
29.1130636568 103.30
29.5365229188 103.32
29.9661415375 103.33
30.402009103 103.33
30.8442165082 103.34
31.2928559682 103.34
31.7480210394 103.35
32.209806639 103.36
32.6783090648 103.36
33.1536260154 103.35
33.6358566101 103.35
34.1251014105 103.36
34.6214624402 103.37
35.1250432075 103.37
35.6359487256 103.37
36.1542855356 103.36
36.6801617282 103.34
37.2136869661 103.32
37.7549725073 103.31
38.3041312279 103.32
38.8612776461 103.32
39.4265279456 103.28
40 103.24
40.5818133975 103.24
41.1720894657 103.25
41.7709512971 103.22
42.3785237744 103.18
42.9949335968 103.16
43.6203093066 103.15
44.2547813156 103.12
44.8984819324 103.09
45.5515453903 103.07
46.2141078749 103.04
46.8863075528 103.00
47.5682846001 103.01
48.260181232 103.02
48.9621417322 102.97
49.6743124829 102.91
50.3968419958 102.87
51.1298809424 102.86
51.873582186 102.83
52.6281008133 102.79
53.3935941668 102.76
54.1702218775 102.72
54.9581458983 102.69
55.757530538 102.66
56.5685424949 102.64
57.3913508924 102.63
58.2261273137 102.63
59.0730458376 102.57
59.9322830751 102.47
60.804018206 102.46
61.6884330163 102.44
62.5857119363 102.40
63.4960420787 102.37
64.419613278 102.33
65.3566181296 102.29
66.3072520307 102.25
67.2717132203 102.21
68.2502028209 102.16
69.2429248805 102.12
70.2500864149 102.08
71.2718974512 102.04
72.3085710713 102.00
73.3603234564 101.94
74.4273739322 101.87
75.5099450145 101.82
76.6082624559 101.78
77.7225552923 101.73
78.8530558912 101.66
80 101.61
81.163626795 101.54
82.3441789315 101.48
83.5419025942 101.43
84.7570475487 101.37
85.9898671937 101.30
87.2406186132 101.24
88.5095626311 101.18
89.7969638648 101.12
91.1030907805 101.05
92.4282157498 101.00
93.7726151055 100.93
95.1365692002 100.87
96.520362464 100.81
97.9242834644 100.75
99.3486249659 100.69
100.7936839916 100.63
102.2597618848 100.57
103.7471643721 100.51
105.2562016267 100.45
106.7871883336 100.39
108.340443755 100.33
109.9162917966 100.27
111.5150610759 100.20
113.1370849898 100.13
114.7827017849 100.07
116.4522546274 100.00
118.1460916752 99.93
119.8645661501 99.88
121.6080364119 99.80
123.3768660326 99.73
125.1714238726 99.68
126.9920841575 99.61
128.8392265559 99.55
130.7132362593 99.48
132.6145040614 99.42
134.5434264406 99.35
136.5004056418 99.29
138.485849761 99.22
140.5001728299 99.17
142.5437949025 99.11
144.6171421426 99.06
146.7206469127 99.02
148.8547478643 98.97
151.0198900291 98.91
153.2165249118 98.85
155.4451105846 98.79
157.7061117824 98.74
160 98.68
162.32725359 98.62
164.688357863 98.55
167.0838051884 98.49
169.5140950975 98.43
171.9797343873 98.37
174.4812372264 98.32
177.0191252622 98.28
179.5939277295 98.24
182.2061815611 98.19
184.8564314996 98.15
187.5452302111 98.09
190.2731384004 98.03
193.0407249281 97.96
195.8485669287 97.90
198.6972499318 97.83
201.5873679832 97.76
204.5195237697 97.69
207.4943287442 97.63
210.5124032534 97.56
213.5743766672 97.50
216.6808875099 97.44
219.8325835933 97.39
223.0301221518 97.33
226.2741699797 97.29
229.5654035698 97.24
232.9045092548 97.19
236.2921833503 97.16
239.7291323003 97.14
243.2160728239 97.10
246.7537320653 97.10
250.3428477452 97.11
253.9841683149 97.11
257.6784531119 97.10
261.4264725186 97.08
265.2290081229 97.05
269.0868528812 97.02
273.0008112836 96.98
276.971699522 96.95
281.0003456597 96.92
285.0875898049 96.90
289.2342842852 96.87
293.4412938255 96.85
297.7094957287 96.85
302.0397800581 96.83
306.4330498235 96.79
310.8902211692 96.78
315.4122235649 96.77
320 96.76
324.65450718 96.76
329.3767157259 96.75
334.1676103768 96.75
339.028190195 96.75
343.9594687746 96.74
348.9624744529 96.74
354.0382505244 96.74
359.187855459 96.73
364.4123631221 96.74
369.7128629991 96.74
375.0904604222 96.75
380.5462768009 96.75
386.0814498562 96.75
391.6971338575 96.76
397.3944998635 96.77
403.1747359664 96.77
409.0390475393 96.78
414.9886574883 96.79
421.0248065068 96.81
427.1487533344 96.82
433.3617750198 96.84
439.6651671866 96.86
446.0602443037 96.88
452.5483399594 96.90
459.1308071395 96.93
465.8090185095 96.96
472.5843667007 96.99
479.4582646005 97.02
486.4321456477 97.05
493.5074641306 97.09
500.6856954905 97.12
507.9683366298 97.16
515.3569062238 97.19
522.8529450372 97.23
530.4580162458 97.27
538.1737057624 97.31
546.0016225673 97.35
553.9433990439 97.39
562.0006913195 97.43
570.1751796098 97.47
578.4685685703 97.52
586.882587651 97.56
595.4189914574 97.61
604.0795601163 97.65
612.8660996471 97.70
621.7804423383 97.74
630.8244471297 97.78
640 97.83
649.30901436 97.87
658.7534314519 97.92
668.3352207536 97.96
678.05638039 98.00
687.9189375493 98.04
697.9249489058 98.08
708.0765010489 98.12
718.375710918 98.16
728.8247262443 98.20
739.4257259983 98.24
750.1809208443 98.28
761.0925536018 98.32
772.1628997124 98.36
783.394267715 98.40
794.7889997271 98.45
806.3494719327 98.49
818.0780950787 98.53
829.9773149767 98.58
842.0496130136 98.63
854.2975066688 98.68
866.7235500396 98.73
879.3303343732 98.79
892.1204886074 98.85
905.0966799188 98.91
918.2616142791 98.98
931.618037019 99.05
945.1687334013 99.14
958.9165292011 99.23
972.8642912955 99.32
987.0149282611 99.42
1001.371390981 99.53
1015.9366732597 99.65
1030.7138124476 99.78
1045.7058900743 99.91
1060.9160324916 100.06
1076.3474115248 100.20
1092.0032451345 100.36
1107.8867980879 100.51
1124.0013826389 100.68
1140.3503592197 100.84
1156.9371371406 101.00
1173.765175302 101.17
1190.8379829148 101.34
1208.1591202326 101.50
1225.7321992942 101.66
1243.5608846767 101.82
1261.6488942595 101.98
1280 102.13
1298.6180287201 102.28
1317.5068629037 102.42
1336.6704415071 102.56
1356.1127607799 102.69
1375.8378750985 102.81
1395.8498978116 102.92
1416.1530020977 103.03
1436.751421836 103.13
1457.6494524886 103.23
1478.8514519966 103.32
1500.3618416887 103.41
1522.1851072035 103.49
1544.3257994247 103.57
1566.78853543 103.64
1589.5779994541 103.72
1612.6989438655 103.79
1636.1561901574 103.87
1659.9546299533 103.95
1684.0992260271 104.03
1708.5950133377 104.11
1733.4471000793 104.20
1758.6606687464 104.29
1784.2409772148 104.39
1810.1933598376 104.48
1836.5232285581 104.59
1863.2360740381 104.69
1890.3374668026 104.80
1917.8330584022 104.90
1945.7285825909 105.01
1974.0298565222 105.12
2002.742781962 105.22
2031.8733465194 105.33
2061.4276248951 105.42
2091.4117801487 105.52
2121.8320649832 105.60
2152.6948230496 105.67
2184.0064902691 105.74
2215.7735961758 105.79
2248.0027652779 105.83
2280.7007184393 105.86
2313.8742742813 105.86
2347.530350604 105.85
2381.6759658296 105.82
2416.3182404652 105.78
2451.4643985884 105.72
2487.1217693533 105.64
2523.297788519 105.54
2560.0000000001 105.43
2597.2360574402 105.31
2635.0137258074 105.17
2673.3408830143 105.03
2712.2255215599 104.88
2751.6757501971 104.73
2791.6997956232 104.58
2832.3060041955 104.43
2873.5028436721 104.29
2915.2989049772 104.15
2957.7029039931 104.02
3000.7236833774 103.90
3044.3702144071 103.80
3088.6515988494 103.71
3133.57707086 103.62
3179.1559989082 103.54
3225.397887731 103.46
3272.3123803148 103.39
3319.9092599067 103.31
3368.1984520542 103.23
3417.1900266754 103.16
3466.8942001586 103.10
3517.3213374928 103.05
3568.4819544296 103.02
3620.3867196753 103.02
3673.0464571163 103.05
3726.4721480761 103.11
3780.6749336053 103.21
3835.6661168044 103.33
3891.4571651819 103.50
3948.0597130445 103.70
4005.4855639241 103.94
4063.7466930387 104.20
4122.8552497902 104.48
4182.8235602974 104.78
4243.6641299665 105.09
4305.3896460992 105.37
4368.0129805382 105.62
4431.5471923516 105.79
4496.0055305558 105.85
4561.4014368787 105.74
4627.7485485626 105.45
4695.0607012081 104.96
4763.3519316592 104.32
4832.6364809305 103.53
4902.9287971769 102.65
4974.2435387067 101.73
5046.595577038 100.80
5120.0000000002 99.88
5194.4721148803 99.01
5270.0274516149 98.19
5346.6817660286 97.45
5424.4510431198 96.79
5503.3515003942 96.23
5583.3995912463 95.80
5664.6120083911 95.53
5747.0056873442 95.39
5830.5978099545 95.23
5915.4058079863 95.00
6001.4473667548 95.11
6088.7404288142 95.55
6177.3031976989 96.13
6267.1541417201 96.82
6358.3119978165 97.60
6450.795775462 98.44
6544.6247606297 99.31
6639.8185198134 100.13
6736.3969041085 100.84
6834.3800533509 101.35
6933.7884003172 101.65
7034.6426749857 101.77
7136.9639088592 101.77
7240.7734393506 101.69
7346.0929142326 101.58
7452.9442961523 101.46
7561.3498672106 101.35
7671.3322336089 101.26
7782.9143303638 101.19
7896.119426089 101.11
8010.9711278481 101.00
8127.4933860775 100.86
8245.7104995805 100.67
8365.6471205948 100.44
8487.328259933 100.19
8610.7792921984 99.93
8736.0259610765 99.66
8863.0943847033 99.37
8992.0110611117 99.08
9122.8028737575 98.80
9255.4970971253 98.56
9390.1214024162 98.33
9526.7038633184 98.15
9665.272961861 98.00
9805.8575943538 97.91
9948.4870774134 97.87
10093.191154076 97.81
10240.0000000005 97.53
10388.9442297607 96.81
10540.0549032298 95.51
10693.3635320572 93.91
10848.9020862397 92.35
11006.7030007884 91.12
11166.7991824927 90.27
11329.2240167822 89.84
11494.0113746885 89.66
11661.1956199091 89.74
11830.8116159726 89.88
12002.8947335097 90.04
12177.4808576284 90.22
12354.6063953979 90.36
12534.3082834402 90.44
12716.6239956331 90.42
12901.5915509241 90.31
13089.2495212594 90.16
13279.637039627 89.96
13472.7938082171 89.72
13668.7601067018 89.51
13867.5768006344 89.35
14069.2853499715 89.32
14273.9278177184 89.43
14481.5468787012 89.81
14692.1858284653 90.54
14905.8885923047 91.56
15122.6997344212 92.75
15342.6644672179 93.74
15565.8286607277 94.28
15792.2388521781 94.64
16021.9422556964 95.22
16254.9867721551 95.57
16491.4209991611 94.46
16731.2942411897 92.66
16974.656519866 91.07
17221.5585843969 89.91
17472.0519221531 89.17
17726.1887694067 88.84
17984.0221222235 88.84
18245.605747515 89.03
18510.9941942506 88.96
18780.2428048326 88.13
19053.4077266369 86.51
19330.545923722 84.30
19611.7151887077 81.58
19896.9741548268 80.12
20186.382308152 80.12
