20 109.38
20.2909066988 109.38
20.5860447329 109.38
20.8854756485 109.37
21.1892618872 109.36
21.4974667984 109.36
21.8101546533 109.37
22.1273906578 109.37
22.4492409662 109.37
22.7757726951 109.36
23.1070539374 109.35
23.4431537764 109.34
23.7841423001 109.34
24.130090616 109.34
24.4810708661 109.35
24.8371562415 109.36
25.1984209979 109.36
25.5649404712 109.36
25.936791093 109.36
26.3140504067 109.35
26.6967970834 109.35
27.0851109387 109.34
27.4790729492 109.33
27.878765269 109.32
28.2842712475 109.31
28.6956754462 109.30
29.1130636568 109.29
29.5365229188 109.28
29.9661415375 109.26
30.402009103 109.24
30.8442165082 109.21
31.2928559682 109.18
31.7480210394 109.16
32.209806639 109.13
32.6783090648 109.10
33.1536260154 109.07
33.6358566101 109.03
34.1251014105 109.00
34.6214624402 108.96
35.1250432075 108.93
35.6359487256 108.90
36.1542855356 108.86
36.6801617282 108.81
37.2136869661 108.75
37.7549725073 108.70
38.3041312279 108.66
38.8612776461 108.61
39.4265279456 108.56
40 108.51
40.5818133975 108.45
41.1720894657 108.39
41.7709512971 108.34
42.3785237744 108.28
42.9949335968 108.22
43.6203093066 108.16
44.2547813156 108.10
44.8984819324 108.03
45.5515453903 107.97
46.2141078749 107.90
46.8863075528 107.83
47.5682846001 107.77
48.260181232 107.70
48.9621417322 107.64
49.6743124829 107.59
50.3968419958 107.53
51.1298809424 107.47
51.873582186 107.40
52.6281008133 107.33
53.3935941668 107.26
54.1702218775 107.20
54.9581458983 107.14
55.757530538 107.08
56.5685424949 107.03
57.3913508924 106.97
58.2261273137 106.93
59.0730458376 106.90
59.9322830751 106.86
60.804018206 106.79
61.6884330163 106.70
62.5857119363 106.61
63.4960420787 106.54
64.419613278 106.48
65.3566181296 106.43
66.3072520307 106.38
67.2717132203 106.33
68.2502028209 106.27
69.2429248805 106.22
70.2500864149 106.17
71.2718974512 106.12
72.3085710713 106.07
73.3603234564 106.02
74.4273739322 105.97
75.5099450145 105.92
76.6082624559 105.87
77.7225552923 105.82
78.8530558912 105.76
80 105.71
81.163626795 105.66
82.3441789315 105.61
83.5419025942 105.56
84.7570475487 105.52
85.9898671937 105.46
87.2406186132 105.41
88.5095626311 105.36
89.7969638648 105.30
91.1030907805 105.25
92.4282157498 105.20
93.7726151055 105.15
95.1365692002 105.11
96.520362464 105.08
97.9242834644 105.06
99.3486249659 105.04
100.7936839916 105.03
102.2597618848 105.03
103.7471643721 105.02
105.2562016267 105.01
106.7871883336 105.00
108.340443755 104.98
109.9162917966 104.96
111.5150610759 104.94
113.1370849898 104.92
114.7827017849 104.89
116.4522546274 104.86
118.1460916752 104.83
119.8645661501 104.80
121.6080364119 104.79
123.3768660326 104.78
125.1714238726 104.76
126.9920841575 104.75
128.8392265559 104.73
130.7132362593 104.71
132.6145040614 104.69
134.5434264406 104.68
136.5004056418 104.68
138.485849761 104.69
140.5001728299 104.70
142.5437949025 104.71
144.6171421426 104.72
146.7206469127 104.72
148.8547478643 104.71
151.0198900291 104.70
153.2165249118 104.70
155.4451105846 104.69
157.7061117824 104.68
160 104.67
162.32725359 104.65
164.688357863 104.64
167.0838051884 104.62
169.5140950975 104.60
171.9797343873 104.58
174.4812372264 104.56
177.0191252622 104.54
179.5939277295 104.51
182.2061815611 104.47
184.8564314996 104.43
187.5452302111 104.37
190.2731384004 104.31
193.0407249281 104.24
195.8485669287 104.17
198.6972499318 104.13
201.5873679832 104.15
204.5195237697 104.24
207.4943287442 104.38
210.5124032534 104.53
213.5743766672 104.64
216.6808875099 104.70
219.8325835933 104.74
223.0301221518 104.74
226.2741699797 104.73
229.5654035698 104.72
232.9045092548 104.71
236.2921833503 104.69
239.7291323003 104.67
243.2160728239 104.65
246.7537320653 104.63
250.3428477452 104.61
253.9841683149 104.59
257.6784531119 104.57
261.4264725186 104.56
265.2290081229 104.54
269.0868528812 104.52
273.0008112836 104.50
276.971699522 104.48
281.0003456597 104.46
285.0875898049 104.44
289.2342842852 104.42
293.4412938255 104.40
297.7094957287 104.38
302.0397800581 104.36
306.4330498235 104.35
310.8902211692 104.33
315.4122235649 104.31
320 104.29
324.65450718 104.26
329.3767157259 104.23
334.1676103768 104.20
339.028190195 104.17
343.9594687746 104.15
348.9624744529 104.14
354.0382505244 104.14
359.187855459 104.14
364.4123631221 104.14
369.7128629991 104.13
375.0904604222 104.11
380.5462768009 104.09
386.0814498562 104.06
391.6971338575 104.03
397.3944998635 104.00
403.1747359664 103.97
409.0390475393 103.94
414.9886574883 103.91
421.0248065068 103.89
427.1487533344 103.86
433.3617750198 103.84
439.6651671866 103.81
446.0602443037 103.79
452.5483399594 103.76
459.1308071395 103.74
465.8090185095 103.71
472.5843667007 103.68
479.4582646005 103.66
486.4321456477 103.64
493.5074641306 103.61
500.6856954905 103.59
507.9683366298 103.56
515.3569062238 103.54
522.8529450372 103.51
530.4580162458 103.49
538.1737057624 103.47
546.0016225673 103.44
553.9433990439 103.42
562.0006913195 103.40
570.1751796098 103.38
578.4685685703 103.35
586.882587651 103.33
595.4189914574 103.30
604.0795601163 103.28
612.8660996471 103.25
621.7804423383 103.23
630.8244471297 103.20
640 103.18
649.30901436 103.15
658.7534314519 103.13
668.3352207536 103.10
678.05638039 103.07
687.9189375493 103.05
697.9249489058 103.02
708.0765010489 103.00
718.375710918 102.97
728.8247262443 102.94
739.4257259983 102.92
750.1809208443 102.90
761.0925536018 102.88
772.1628997124 102.86
783.394267715 102.85
794.7889997271 102.84
806.3494719327 102.84
818.0780950787 102.84
829.9773149767 102.85
842.0496130136 102.87
854.2975066688 102.90
866.7235500396 102.94
879.3303343732 102.99
892.1204886074 103.04
905.0966799188 103.11
918.2616142791 103.18
931.618037019 103.25
945.1687334013 103.34
958.9165292011 103.42
972.8642912955 103.52
987.0149282611 103.62
1001.371390981 103.72
1015.9366732597 103.84
1030.7138124476 103.96
1045.7058900743 104.09
1060.9160324916 104.23
1076.3474115248 104.38
1092.0032451345 104.53
1107.8867980879 104.69
1124.0013826389 104.86
1140.3503592197 105.03
1156.9371371406 105.20
1173.765175302 105.38
1190.8379829148 105.56
1208.1591202326 105.74
1225.7321992942 105.92
1243.5608846767 106.10
1261.6488942595 106.27
1280 106.44
1298.6180287201 106.61
1317.5068629037 106.77
1336.6704415071 106.92
1356.1127607799 107.07
1375.8378750985 107.21
1395.8498978116 107.35
1416.1530020977 107.48
1436.751421836 107.60
1457.6494524886 107.71
1478.8514519966 107.82
1500.3618416887 107.93
1522.1851072035 108.03
1544.3257994247 108.13
1566.78853543 108.22
1589.5779994541 108.32
1612.6989438655 108.41
1636.1561901574 108.51
1659.9546299533 108.60
1684.0992260271 108.70
1708.5950133377 108.79
1733.4471000793 108.89
1758.6606687464 108.99
1784.2409772148 109.10
1810.1933598376 109.20
1836.5232285581 109.31
1863.2360740381 109.42
1890.3374668026 109.53
1917.8330584022 109.65
1945.7285825909 109.76
1974.0298565222 109.88
2002.742781962 110.00
2031.8733465194 110.12
2061.4276248951 110.24
2091.4117801487 110.37
2121.8320649832 110.50
2152.6948230496 110.63
2184.0064902691 110.77
2215.7735961758 110.92
2248.0027652779 111.08
2280.7007184393 111.24
2313.8742742813 111.42
2347.530350604 111.61
2381.6759658296 111.82
2416.3182404652 112.05
2451.4643985884 112.29
2487.1217693533 112.55
2523.297788519 112.82
2560.0000000001 113.10
2597.2360574402 113.37
2635.0137258074 113.62
2673.3408830143 113.84
2712.2255215599 114.00
2751.6757501971 114.09
2791.6997956232 114.11
2832.3060041955 114.05
2873.5028436721 113.95
2915.2989049772 113.82
2957.7029039931 113.65
3000.7236833774 113.46
3044.3702144071 113.26
3088.6515988494 113.06
3133.57707086 112.87
3179.1559989082 112.69
3225.397887731 112.53
3272.3123803148 112.38
3319.9092599067 112.24
3368.1984520542 112.09
3417.1900266754 111.95
3466.8942001586 111.81
3517.3213374928 111.67
3568.4819544296 111.54
3620.3867196753 111.42
3673.0464571163 111.32
3726.4721480761 111.23
3780.6749336053 111.15
3835.6661168044 111.08
3891.4571651819 111.02
3948.0597130445 110.97
4005.4855639241 110.91
4063.7466930387 110.84
4122.8552497902 110.75
4182.8235602974 110.62
4243.6641299665 110.45
4305.3896460992 110.22
4368.0129805382 109.93
4431.5471923516 109.55
4496.0055305558 109.10
4561.4014368787 108.57
4627.7485485626 107.95
4695.0607012081 107.26
4763.3519316592 106.51
4832.6364809305 105.74
4902.9287971769 104.97
4974.2435387067 104.24
5046.595577038 103.56
5120.0000000002 102.93
5194.4721148803 102.32
5270.0274516149 101.70
5346.6817660286 101.05
5424.4510431198 100.35
5503.3515003942 99.64
5583.3995912463 98.92
5664.6120083911 98.27
5747.0056873442 97.70
5830.5978099545 97.21
5915.4058079863 96.80
6001.4473667548 96.44
6088.7404288142 96.10
6177.3031976989 95.79
6267.1541417201 95.55
6358.3119978165 95.45
6450.795775462 95.55
6544.6247606297 95.87
6639.8185198134 96.39
6736.3969041085 97.05
6834.3800533509 97.79
6933.7884003172 98.55
7034.6426749857 99.31
7136.9639088592 100.05
7240.7734393506 100.74
7346.0929142326 101.38
7452.9442961523 101.95
7561.3498672106 102.47
7671.3322336089 102.92
7782.9143303638 103.28
7896.119426089 103.52
8010.9711278481 103.57
8127.4933860775 103.43
8245.7104995805 103.09
8365.6471205948 102.55
8487.328259933 101.85
8610.7792921984 101.01
8736.0259610765 100.04
8863.0943847033 98.97
8992.0110611117 97.84
9122.8028737575 96.72
9255.4970971253 95.74
9390.1214024162 95.05
9526.7038633184 94.77
9665.272961861 94.89
9805.8575943538 95.30
9948.4870774134 95.87
10093.191154076 96.49
10240.0000000005 97.11
10388.9442297607 97.69
10540.0549032298 98.21
10693.3635320572 98.69
10848.9020862397 99.12
11006.7030007884 99.49
11166.7991824927 99.82
11329.2240167822 100.08
11494.0113746885 100.29
11661.1956199091 100.40
11830.8116159726 100.42
12002.8947335097 100.33
12177.4808576284 100.14
12354.6063953979 99.79
12534.3082834402 99.33
12716.6239956331 98.72
12901.5915509241 97.95
13089.2495212594 97.11
13279.637039627 96.21
13472.7938082171 95.30
13668.7601067018 94.54
13867.5768006344 94.03
14069.2853499715 93.82
14273.9278177184 93.81
14481.5468787012 93.89
14692.1858284653 93.99
14905.8885923047 94.08
15122.6997344212 94.16
15342.6644672179 94.26
15565.8286607277 94.39
15792.2388521781 94.58
16021.9422556964 94.87
16254.9867721551 95.26
16491.4209991611 95.78
16731.2942411897 96.38
16974.656519866 97.01
17221.5585843969 97.52
17472.0519221531 97.75
17726.1887694067 97.51
17984.0221222235 96.69
18245.605747515 95.26
18510.9941942506 93.28
18780.2428048326 90.88
19053.4077266369 88.19
19330.545923722 85.28
19611.7151887077 82.27
19896.9741548268 80.79
20186.382308152 80.79
