20 107.39
20.2909066988 107.39
20.5860447329 107.40
20.8854756485 107.40
21.1892618872 107.40
21.4974667984 107.41
21.8101546533 107.42
22.1273906578 107.43
22.4492409662 107.44
22.7757726951 107.45
23.1070539374 107.46
23.4431537764 107.47
23.7841423001 107.48
24.130090616 107.49
24.4810708661 107.49
24.8371562415 107.50
25.1984209979 107.51
25.5649404712 107.51
25.936791093 107.52
26.3140504067 107.53
26.6967970834 107.54
27.0851109387 107.55
27.4790729492 107.56
27.878765269 107.57
28.2842712475 107.58
28.6956754462 107.59
29.1130636568 107.60
29.5365229188 107.60
29.9661415375 107.61
30.402009103 107.61
30.8442165082 107.61
31.2928559682 107.62
31.7480210394 107.62
32.209806639 107.62
32.6783090648 107.62
33.1536260154 107.62
33.6358566101 107.62
34.1251014105 107.61
34.6214624402 107.61
35.1250432075 107.60
35.6359487256 107.59
36.1542855356 107.58
36.6801617282 107.57
37.2136869661 107.56
37.7549725073 107.54
38.3041312279 107.52
38.8612776461 107.51
39.4265279456 107.49
40 107.47
40.5818133975 107.45
41.1720894657 107.43
41.7709512971 107.41
42.3785237744 107.39
42.9949335968 107.36
43.6203093066 107.33
44.2547813156 107.30
44.8984819324 107.27
45.5515453903 107.25
46.2141078749 107.22
46.8863075528 107.19
47.5682846001 107.16
48.260181232 107.13
48.9621417322 107.10
49.6743124829 107.07
50.3968419958 107.04
51.1298809424 107.01
51.873582186 106.97
52.6281008133 106.95
53.3935941668 106.91
54.1702218775 106.87
54.9581458983 106.82
55.757530538 106.79
56.5685424949 106.76
57.3913508924 106.72
58.2261273137 106.68
59.0730458376 106.64
59.9322830751 106.60
60.804018206 106.56
61.6884330163 106.52
62.5857119363 106.48
63.4960420787 106.44
64.419613278 106.41
65.3566181296 106.37
66.3072520307 106.33
67.2717132203 106.29
68.2502028209 106.25
69.2429248805 106.21
70.2500864149 106.16
71.2718974512 106.12
72.3085710713 106.07
73.3603234564 106.02
74.4273739322 105.97
75.5099450145 105.92
76.6082624559 105.87
77.7225552923 105.81
78.8530558912 105.76
80 105.70
81.163626795 105.65
82.3441789315 105.59
83.5419025942 105.53
84.7570475487 105.47
85.9898671937 105.40
87.2406186132 105.34
88.5095626311 105.28
89.7969638648 105.22
91.1030907805 105.15
92.4282157498 105.09
93.7726151055 105.03
95.1365692002 104.97
96.520362464 104.91
97.9242834644 104.86
99.3486249659 104.80
100.7936839916 104.74
102.2597618848 104.68
103.7471643721 104.62
105.2562016267 104.57
106.7871883336 104.51
108.340443755 104.46
109.9162917966 104.40
111.5150610759 104.35
113.1370849898 104.29
114.7827017849 104.22
116.4522546274 104.16
118.1460916752 104.08
119.8645661501 104.00
121.6080364119 103.93
123.3768660326 103.85
125.1714238726 103.77
126.9920841575 103.69
128.8392265559 103.61
130.7132362593 103.53
132.6145040614 103.45
134.5434264406 103.37
136.5004056418 103.29
138.485849761 103.22
140.5001728299 103.16
142.5437949025 103.10
144.6171421426 103.05
146.7206469127 103.00
148.8547478643 102.94
151.0198900291 102.88
153.2165249118 102.81
155.4451105846 102.74
157.7061117824 102.66
160 102.57
162.32725359 102.50
164.688357863 102.43
167.0838051884 102.37
169.5140950975 102.31
171.9797343873 102.25
174.4812372264 102.19
177.0191252622 102.12
179.5939277295 102.03
182.2061815611 101.94
184.8564314996 101.85
187.5452302111 101.76
190.2731384004 101.67
193.0407249281 101.59
195.8485669287 101.52
198.6972499318 101.44
201.5873679832 101.37
204.5195237697 101.29
207.4943287442 101.22
210.5124032534 101.14
213.5743766672 101.06
216.6808875099 100.97
219.8325835933 100.87
223.0301221518 100.79
226.2741699797 100.70
229.5654035698 100.61
232.9045092548 100.53
236.2921833503 100.44
239.7291323003 100.35
243.2160728239 100.26
246.7537320653 100.17
250.3428477452 100.07
253.9841683149 99.97
257.6784531119 99.87
261.4264725186 99.78
265.2290081229 99.70
269.0868528812 99.62
273.0008112836 99.56
276.971699522 99.50
281.0003456597 99.44
285.0875898049 99.38
289.2342842852 99.31
293.4412938255 99.24
297.7094957287 99.16
302.0397800581 99.07
306.4330498235 98.98
310.8902211692 98.87
315.4122235649 98.73
320 98.56
324.65450718 98.37
329.3767157259 98.22
334.1676103768 98.14
339.028190195 98.10
343.9594687746 98.09
348.9624744529 98.04
354.0382505244 97.97
359.187855459 97.88
364.4123631221 97.73
369.7128629991 97.59
375.0904604222 97.33
380.5462768009 97.16
386.0814498562 96.98
391.6971338575 96.47
397.3944998635 96.32
403.1747359664 97.02
409.0390475393 97.79
414.9886574883 98.34
421.0248065068 98.69
427.1487533344 98.88
433.3617750198 98.86
439.6651671866 98.69
446.0602443037 98.50
452.5483399594 98.38
459.1308071395 98.23
465.8090185095 97.99
472.5843667007 97.94
479.4582646005 98.05
486.4321456477 98.13
493.5074641306 98.26
500.6856954905 98.45
507.9683366298 98.55
515.3569062238 98.56
522.8529450372 98.47
530.4580162458 98.36
538.1737057624 98.20
546.0016225673 98.03
553.9433990439 97.89
562.0006913195 97.77
570.1751796098 97.67
578.4685685703 97.54
586.882587651 97.44
595.4189914574 97.31
604.0795601163 97.16
612.8660996471 97.05
621.7804423383 96.98
630.8244471297 96.93
640 96.88
649.30901436 96.84
658.7534314519 96.81
668.3352207536 96.77
678.05638039 96.73
687.9189375493 96.68
697.9249489058 96.63
708.0765010489 96.57
718.375710918 96.50
728.8247262443 96.43
739.4257259983 96.38
750.1809208443 96.36
761.0925536018 96.35
772.1628997124 96.34
783.394267715 96.32
794.7889997271 96.31
806.3494719327 96.29
818.0780950787 96.28
829.9773149767 96.27
842.0496130136 96.27
854.2975066688 96.27
866.7235500396 96.27
879.3303343732 96.28
892.1204886074 96.30
905.0966799188 96.32
918.2616142791 96.35
931.618037019 96.39
945.1687334013 96.44
958.9165292011 96.50
972.8642912955 96.57
987.0149282611 96.64
1001.371390981 96.74
1015.9366732597 96.84
1030.7138124476 96.96
1045.7058900743 97.09
1060.9160324916 97.24
1076.3474115248 97.41
1092.0032451345 97.58
1107.8867980879 97.77
1124.0013826389 97.97
1140.3503592197 98.17
1156.9371371406 98.38
1173.765175302 98.59
1190.8379829148 98.81
1208.1591202326 99.03
1225.7321992942 99.25
1243.5608846767 99.48
1261.6488942595 99.70
1280 99.93
1298.6180287201 100.15
1317.5068629037 100.37
1336.6704415071 100.57
1356.1127607799 100.77
1375.8378750985 100.96
1395.8498978116 101.13
1416.1530020977 101.30
1436.751421836 101.46
1457.6494524886 101.62
1478.8514519966 101.77
1500.3618416887 101.92
1522.1851072035 102.06
1544.3257994247 102.19
1566.78853543 102.33
1589.5779994541 102.46
1612.6989438655 102.59
1636.1561901574 102.72
1659.9546299533 102.85
1684.0992260271 102.98
1708.5950133377 103.10
1733.4471000793 103.22
1758.6606687464 103.34
1784.2409772148 103.46
1810.1933598376 103.57
1836.5232285581 103.67
1863.2360740381 103.76
1890.3374668026 103.82
1917.8330584022 103.87
1945.7285825909 103.89
1974.0298565222 103.89
2002.742781962 103.85
2031.8733465194 103.76
2061.4276248951 103.64
2091.4117801487 103.46
2121.8320649832 103.24
2152.6948230496 103.00
2184.0064902691 102.74
2215.7735961758 102.49
2248.0027652779 102.24
2280.7007184393 102.00
2313.8742742813 101.75
2347.530350604 101.51
2381.6759658296 101.27
2416.3182404652 101.05
2451.4643985884 100.85
2487.1217693533 100.67
2523.297788519 100.48
2560.0000000001 100.30
2597.2360574402 100.12
2635.0137258074 99.95
2673.3408830143 99.81
2712.2255215599 99.70
2751.6757501971 99.60
2791.6997956232 99.47
2832.3060041955 99.34
2873.5028436721 99.22
2915.2989049772 99.11
2957.7029039931 99.01
3000.7236833774 98.91
3044.3702144071 98.78
3088.6515988494 98.63
3133.57707086 98.45
3179.1559989082 98.25
3225.397887731 98.03
3272.3123803148 97.78
3319.9092599067 97.50
3368.1984520542 97.16
3417.1900266754 96.78
3466.8942001586 96.39
3517.3213374928 96.03
3568.4819544296 95.75
3620.3867196753 95.58
3673.0464571163 95.58
3726.4721480761 95.75
3780.6749336053 96.04
3835.6661168044 96.41
3891.4571651819 96.84
3948.0597130445 97.29
4005.4855639241 97.75
4063.7466930387 98.19
4122.8552497902 98.61
4182.8235602974 99.01
4243.6641299665 99.39
4305.3896460992 99.76
4368.0129805382 100.09
4431.5471923516 100.38
4496.0055305558 100.61
4561.4014368787 100.75
4627.7485485626 100.81
4695.0607012081 100.79
4763.3519316592 100.73
4832.6364809305 100.64
4902.9287971769 100.54
4974.2435387067 100.47
5046.595577038 100.49
5120.0000000002 100.58
5194.4721148803 100.79
5270.0274516149 101.11
5346.6817660286 101.52
5424.4510431198 101.97
5503.3515003942 102.33
5583.3995912463 102.43
5664.6120083911 102.31
5747.0056873442 102.01
5830.5978099545 101.56
5915.4058079863 101.04
6001.4473667548 100.47
6088.7404288142 99.92
6177.3031976989 99.40
6267.1541417201 98.92
6358.3119978165 98.49
6450.795775462 98.12
6544.6247606297 97.82
6639.8185198134 97.59
6736.3969041085 97.44
6834.3800533509 97.38
6933.7884003172 97.41
7034.6426749857 97.54
7136.9639088592 97.81
7240.7734393506 98.19
7346.0929142326 98.66
7452.9442961523 99.17
7561.3498672106 99.73
7671.3322336089 100.33
7782.9143303638 100.90
7896.119426089 101.38
8010.9711278481 101.61
8127.4933860775 101.50
8245.7104995805 101.08
8365.6471205948 100.46
8487.328259933 99.73
8610.7792921984 98.97
8736.0259610765 98.24
8863.0943847033 97.58
8992.0110611117 97.02
9122.8028737575 96.58
9255.4970971253 96.28
9390.1214024162 96.08
9526.7038633184 95.96
9665.272961861 95.89
9805.8575943538 95.79
9948.4870774134 95.61
10093.191154076 95.33
10240.0000000005 94.95
10388.9442297607 94.51
10540.0549032298 94.00
10693.3635320572 93.46
10848.9020862397 92.91
11006.7030007884 92.37
11166.7991824927 91.86
11329.2240167822 91.33
11494.0113746885 90.77
11661.1956199091 90.16
11830.8116159726 89.54
12002.8947335097 88.96
12177.4808576284 88.43
12354.6063953979 88.01
12534.3082834402 87.70
12716.6239956331 87.49
12901.5915509241 87.42
13089.2495212594 87.41
13279.637039627 87.52
13472.7938082171 87.75
13668.7601067018 88.14
13867.5768006344 88.67
14069.2853499715 89.34
14273.9278177184 90.08
14481.5468787012 90.80
14692.1858284653 91.30
14905.8885923047 91.52
15122.6997344212 91.55
15342.6644672179 91.56
15565.8286607277 91.78
15792.2388521781 92.47
16021.9422556964 93.62
16254.9867721551 94.97
16491.4209991611 95.82
16731.2942411897 95.21
16974.656519866 93.37
17221.5585843969 91.28
17472.0519221531 89.37
17726.1887694067 87.78
17984.0221222235 86.42
18245.605747515 84.95
18510.9941942506 82.68
18780.2428048326 79.50
19053.4077266369 75.85
19330.545923722 71.94
19611.7151887077 67.63
19896.9741548268 65.58
20186.382308152 65.58
