20 101.35
20.2909066988 101.37
20.5860447329 101.40
20.8854756485 101.44
21.1892618872 101.48
21.4974667984 101.52
21.8101546533 101.55
22.1273906578 101.58
22.4492409662 101.60
22.7757726951 101.63
23.1070539374 101.66
23.4431537764 101.69
23.7841423001 101.73
24.130090616 101.76
24.4810708661 101.79
24.8371562415 101.81
25.1984209979 101.82
25.5649404712 101.84
25.936791093 101.85
26.3140504067 101.88
26.6967970834 101.90
27.0851109387 101.93
27.4790729492 101.95
27.878765269 101.98
28.2842712475 102.00
28.6956754462 102.02
29.1130636568 102.04
29.5365229188 102.05
29.9661415375 102.07
30.402009103 102.08
30.8442165082 102.09
31.2928559682 102.09
31.7480210394 102.11
32.209806639 102.12
32.6783090648 102.13
33.1536260154 102.14
33.6358566101 102.14
34.1251014105 102.14
34.6214624402 102.15
35.1250432075 102.15
35.6359487256 102.14
36.1542855356 102.13
36.6801617282 102.12
37.2136869661 102.13
37.7549725073 102.13
38.3041312279 102.12
38.8612776461 102.10
39.4265279456 102.08
40 102.06
40.5818133975 102.04
41.1720894657 102.01
41.7709512971 101.99
42.3785237744 101.96
42.9949335968 101.93
43.6203093066 101.91
44.2547813156 101.89
44.8984819324 101.85
45.5515453903 101.82
46.2141078749 101.81
46.8863075528 101.80
47.5682846001 101.77
48.260181232 101.73
48.9621417322 101.70
49.6743124829 101.65
50.3968419958 101.60
51.1298809424 101.54
51.873582186 101.48
52.6281008133 101.45
53.3935941668 101.46
54.1702218775 101.46
54.9581458983 101.39
55.757530538 101.33
56.5685424949 101.30
57.3913508924 101.26
58.2261273137 101.21
59.0730458376 101.17
59.9322830751 101.14
60.804018206 101.10
61.6884330163 101.05
62.5857119363 101.00
63.4960420787 100.96
64.419613278 100.91
65.3566181296 100.87
66.3072520307 100.82
67.2717132203 100.78
68.2502028209 100.73
69.2429248805 100.68
70.2500864149 100.63
71.2718974512 100.58
72.3085710713 100.53
73.3603234564 100.47
74.4273739322 100.41
75.5099450145 100.35
76.6082624559 100.28
77.7225552923 100.22
78.8530558912 100.15
80 100.10
81.163626795 100.03
82.3441789315 99.95
83.5419025942 99.88
84.7570475487 99.81
85.9898671937 99.74
87.2406186132 99.66
88.5095626311 99.59
89.7969638648 99.52
91.1030907805 99.44
92.4282157498 99.36
93.7726151055 99.29
95.1365692002 99.22
96.520362464 99.14
97.9242834644 99.07
99.3486249659 99.00
100.7936839916 98.92
102.2597618848 98.85
103.7471643721 98.77
105.2562016267 98.70
106.7871883336 98.62
108.340443755 98.54
109.9162917966 98.46
111.5150610759 98.38
113.1370849898 98.30
114.7827017849 98.22
116.4522546274 98.13
118.1460916752 98.04
119.8645661501 97.97
121.6080364119 97.88
123.3768660326 97.79
125.1714238726 97.70
126.9920841575 97.62
128.8392265559 97.54
130.7132362593 97.45
132.6145040614 97.36
134.5434264406 97.27
136.5004056418 97.19
138.485849761 97.10
140.5001728299 97.02
142.5437949025 96.94
144.6171421426 96.86
146.7206469127 96.78
148.8547478643 96.71
151.0198900291 96.64
153.2165249118 96.56
155.4451105846 96.49
157.7061117824 96.41
160 96.33
162.32725359 96.25
164.688357863 96.17
167.0838051884 96.09
169.5140950975 96.01
171.9797343873 95.93
174.4812372264 95.86
177.0191252622 95.79
179.5939277295 95.73
182.2061815611 95.68
184.8564314996 95.64
187.5452302111 95.63
190.2731384004 95.62
193.0407249281 95.60
195.8485669287 95.55
198.6972499318 95.51
201.5873679832 95.46
204.5195237697 95.40
207.4943287442 95.34
210.5124032534 95.28
213.5743766672 95.22
216.6808875099 95.16
219.8325835933 95.11
223.0301221518 95.07
226.2741699797 95.03
229.5654035698 95.00
232.9045092548 94.96
236.2921833503 94.94
239.7291323003 94.90
243.2160728239 94.88
246.7537320653 94.87
250.3428477452 94.85
253.9841683149 94.83
257.6784531119 94.81
261.4264725186 94.81
265.2290081229 94.80
269.0868528812 94.79
273.0008112836 94.78
276.971699522 94.77
281.0003456597 94.75
285.0875898049 94.75
289.2342842852 94.73
293.4412938255 94.71
297.7094957287 94.70
302.0397800581 94.69
306.4330498235 94.68
310.8902211692 94.66
315.4122235649 94.66
320 94.66
324.65450718 94.66
329.3767157259 94.66
334.1676103768 94.66
339.028190195 94.66
343.9594687746 94.66
348.9624744529 94.67
354.0382505244 94.67
359.187855459 94.67
364.4123631221 94.67
369.7128629991 94.67
375.0904604222 94.66
380.5462768009 94.66
386.0814498562 94.65
391.6971338575 94.65
397.3944998635 94.64
403.1747359664 94.63
409.0390475393 94.62
414.9886574883 94.61
421.0248065068 94.60
427.1487533344 94.59
433.3617750198 94.58
439.6651671866 94.57
446.0602443037 94.57
452.5483399594 94.56
459.1308071395 94.55
465.8090185095 94.54
472.5843667007 94.54
479.4582646005 94.53
486.4321456477 94.52
493.5074641306 94.51
500.6856954905 94.51
507.9683366298 94.50
515.3569062238 94.50
522.8529450372 94.49
530.4580162458 94.48
538.1737057624 94.47
546.0016225673 94.47
553.9433990439 94.46
562.0006913195 94.45
570.1751796098 94.44
578.4685685703 94.43
586.882587651 94.42
595.4189914574 94.41
604.0795601163 94.40
612.8660996471 94.39
621.7804423383 94.37
630.8244471297 94.36
640 94.35
649.30901436 94.34
658.7534314519 94.33
668.3352207536 94.32
678.05638039 94.30
687.9189375493 94.29
697.9249489058 94.28
708.0765010489 94.27
718.375710918 94.26
728.8247262443 94.25
739.4257259983 94.25
750.1809208443 94.24
761.0925536018 94.24
772.1628997124 94.24
783.394267715 94.24
794.7889997271 94.24
806.3494719327 94.25
818.0780950787 94.26
829.9773149767 94.27
842.0496130136 94.28
854.2975066688 94.30
866.7235500396 94.33
879.3303343732 94.36
892.1204886074 94.40
905.0966799188 94.45
918.2616142791 94.50
931.618037019 94.56
945.1687334013 94.63
958.9165292011 94.72
972.8642912955 94.81
987.0149282611 94.91
1001.371390981 95.02
1015.9366732597 95.15
1030.7138124476 95.29
1045.7058900743 95.43
1060.9160324916 95.58
1076.3474115248 95.75
1092.0032451345 95.92
1107.8867980879 96.09
1124.0013826389 96.27
1140.3503592197 96.46
1156.9371371406 96.65
1173.765175302 96.85
1190.8379829148 97.04
1208.1591202326 97.24
1225.7321992942 97.43
1243.5608846767 97.62
1261.6488942595 97.82
1280 98.00
1298.6180287201 98.18
1317.5068629037 98.37
1336.6704415071 98.54
1356.1127607799 98.71
1375.8378750985 98.87
1395.8498978116 99.03
1416.1530020977 99.18
1436.751421836 99.32
1457.6494524886 99.46
1478.8514519966 99.60
1500.3618416887 99.73
1522.1851072035 99.86
1544.3257994247 99.98
1566.78853543 100.11
1589.5779994541 100.24
1612.6989438655 100.37
1636.1561901574 100.50
1659.9546299533 100.63
1684.0992260271 100.76
1708.5950133377 100.89
1733.4471000793 101.03
1758.6606687464 101.16
1784.2409772148 101.30
1810.1933598376 101.44
1836.5232285581 101.59
1863.2360740381 101.73
1890.3374668026 101.88
1917.8330584022 102.02
1945.7285825909 102.17
1974.0298565222 102.32
2002.742781962 102.46
2031.8733465194 102.61
2061.4276248951 102.76
2091.4117801487 102.91
2121.8320649832 103.06
2152.6948230496 103.20
2184.0064902691 103.35
2215.7735961758 103.49
2248.0027652779 103.64
2280.7007184393 103.77
2313.8742742813 103.91
2347.530350604 104.03
2381.6759658296 104.15
2416.3182404652 104.26
2451.4643985884 104.36
2487.1217693533 104.46
2523.297788519 104.54
2560.0000000001 104.62
2597.2360574402 104.69
2635.0137258074 104.75
2673.3408830143 104.79
2712.2255215599 104.83
2751.6757501971 104.85
2791.6997956232 104.86
2832.3060041955 104.85
2873.5028436721 104.83
2915.2989049772 104.79
2957.7029039931 104.75
3000.7236833774 104.69
3044.3702144071 104.63
3088.6515988494 104.57
3133.57707086 104.50
3179.1559989082 104.41
3225.397887731 104.31
3272.3123803148 104.19
3319.9092599067 104.05
3368.1984520542 103.90
3417.1900266754 103.75
3466.8942001586 103.60
3517.3213374928 103.45
3568.4819544296 103.31
3620.3867196753 103.19
3673.0464571163 103.09
3726.4721480761 103.00
3780.6749336053 102.91
3835.6661168044 102.84
3891.4571651819 102.76
3948.0597130445 102.68
4005.4855639241 102.61
4063.7466930387 102.55
4122.8552497902 102.49
4182.8235602974 102.44
4243.6641299665 102.39
4305.3896460992 102.34
4368.0129805382 102.30
4431.5471923516 102.24
4496.0055305558 102.18
4561.4014368787 102.11
4627.7485485626 102.05
4695.0607012081 101.97
4763.3519316592 101.89
4832.6364809305 101.80
4902.9287971769 101.71
4974.2435387067 101.61
5046.595577038 101.50
5120.0000000002 101.39
5194.4721148803 101.28
5270.0274516149 101.17
5346.6817660286 101.05
5424.4510431198 100.92
5503.3515003942 100.79
5583.3995912463 100.65
5664.6120083911 100.49
5747.0056873442 100.33
5830.5978099545 100.17
5915.4058079863 100.00
6001.4473667548 99.82
6088.7404288142 99.64
6177.3031976989 99.46
6267.1541417201 99.27
6358.3119978165 99.07
6450.795775462 98.87
6544.6247606297 98.67
6639.8185198134 98.47
6736.3969041085 98.30
6834.3800533509 98.15
6933.7884003172 98.05
7034.6426749857 98.03
7136.9639088592 98.09
7240.7734393506 98.25
7346.0929142326 98.50
7452.9442961523 98.85
7561.3498672106 99.29
7671.3322336089 99.79
7782.9143303638 100.32
7896.119426089 100.78
8010.9711278481 101.07
8127.4933860775 101.12
8245.7104995805 100.95
8365.6471205948 100.61
8487.328259933 100.18
8610.7792921984 99.69
8736.0259610765 99.18
8863.0943847033 98.67
8992.0110611117 98.21
9122.8028737575 97.79
9255.4970971253 97.40
9390.1214024162 97.11
9526.7038633184 96.90
9665.272961861 96.74
9805.8575943538 96.62
9948.4870774134 96.53
10093.191154076 96.43
10240.0000000005 96.34
10388.9442297607 96.20
10540.0549032298 96.07
10693.3635320572 95.92
10848.9020862397 95.73
11006.7030007884 95.50
11166.7991824927 95.26
11329.2240167822 94.99
11494.0113746885 94.70
11661.1956199091 94.40
11830.8116159726 94.09
12002.8947335097 93.80
12177.4808576284 93.53
12354.6063953979 93.35
12534.3082834402 93.23
12716.6239956331 93.19
12901.5915509241 93.23
13089.2495212594 93.31
13279.637039627 93.43
13472.7938082171 93.55
13668.7601067018 93.63
13867.5768006344 93.65
14069.2853499715 93.55
14273.9278177184 93.35
14481.5468787012 93.00
14692.1858284653 92.47
14905.8885923047 91.97
15122.6997344212 91.74
15342.6644672179 91.87
15565.8286607277 92.29
15792.2388521781 92.84
16021.9422556964 93.33
16254.9867721551 93.54
16491.4209991611 93.31
16731.2942411897 92.45
16974.656519866 91.02
17221.5585843969 89.07
17472.0519221531 86.72
17726.1887694067 84.11
17984.0221222235 81.60
18245.605747515 79.76
18510.9941942506 79.10
18780.2428048326 78.81
19053.4077266369 78.60
19330.545923722 78.11
19611.7151887077 77.07
19896.9741548268 76.38
20186.382308152 76.38
