20 108.93
20.2909066988 108.93
20.5860447329 108.93
20.8854756485 108.92
21.1892618872 108.92
21.4974667984 108.92
21.8101546533 108.92
22.1273906578 108.92
22.4492409662 108.92
22.7757726951 108.92
23.1070539374 108.92
23.4431537764 108.92
23.7841423001 108.92
24.130090616 108.92
24.4810708661 108.92
24.8371562415 108.91
25.1984209979 108.90
25.5649404712 108.90
25.936791093 108.89
26.3140504067 108.89
26.6967970834 108.89
27.0851109387 108.89
27.4790729492 108.89
27.878765269 108.89
28.2842712475 108.89
28.6956754462 108.89
29.1130636568 108.89
29.5365229188 108.88
29.9661415375 108.87
30.402009103 108.86
30.8442165082 108.85
31.2928559682 108.84
31.7480210394 108.83
32.209806639 108.81
32.6783090648 108.80
33.1536260154 108.78
33.6358566101 108.77
34.1251014105 108.74
34.6214624402 108.72
35.1250432075 108.69
35.6359487256 108.67
36.1542855356 108.64
36.6801617282 108.62
37.2136869661 108.59
37.7549725073 108.56
38.3041312279 108.53
38.8612776461 108.49
39.4265279456 108.46
40 108.43
40.5818133975 108.39
41.1720894657 108.35
41.7709512971 108.31
42.3785237744 108.27
42.9949335968 108.22
43.6203093066 108.18
44.2547813156 108.13
44.8984819324 108.09
45.5515453903 108.04
46.2141078749 107.99
46.8863075528 107.95
47.5682846001 107.90
48.260181232 107.85
48.9621417322 107.80
49.6743124829 107.75
50.3968419958 107.70
51.1298809424 107.64
51.873582186 107.59
52.6281008133 107.54
53.3935941668 107.48
54.1702218775 107.43
54.9581458983 107.37
55.757530538 107.31
56.5685424949 107.26
57.3913508924 107.20
58.2261273137 107.14
59.0730458376 107.08
59.9322830751 107.02
60.804018206 106.96
61.6884330163 106.90
62.5857119363 106.84
63.4960420787 106.78
64.419613278 106.73
65.3566181296 106.66
66.3072520307 106.60
67.2717132203 106.54
68.2502028209 106.48
69.2429248805 106.42
70.2500864149 106.35
71.2718974512 106.29
72.3085710713 106.22
73.3603234564 106.15
74.4273739322 106.09
75.5099450145 106.03
76.6082624559 105.97
77.7225552923 105.90
78.8530558912 105.82
80 105.76
81.163626795 105.68
82.3441789315 105.61
83.5419025942 105.54
84.7570475487 105.45
85.9898671937 105.37
87.2406186132 105.29
88.5095626311 105.21
89.7969638648 105.14
91.1030907805 105.06
92.4282157498 104.99
93.7726151055 104.92
95.1365692002 104.86
96.520362464 104.79
97.9242834644 104.73
99.3486249659 104.66
100.7936839916 104.59
102.2597618848 104.53
103.7471643721 104.47
105.2562016267 104.40
106.7871883336 104.34
108.340443755 104.27
109.9162917966 104.18
111.5150610759 104.10
113.1370849898 104.02
114.7827017849 103.93
116.4522546274 103.85
118.1460916752 103.77
119.8645661501 103.68
121.6080364119 103.61
123.3768660326 103.53
125.1714238726 103.46
126.9920841575 103.39
128.8392265559 103.32
130.7132362593 103.24
132.6145040614 103.17
134.5434264406 103.10
136.5004056418 103.03
138.485849761 102.96
140.5001728299 102.89
142.5437949025 102.82
144.6171421426 102.74
146.7206469127 102.67
148.8547478643 102.60
151.0198900291 102.53
153.2165249118 102.45
155.4451105846 102.38
157.7061117824 102.31
160 102.23
162.32725359 102.17
164.688357863 102.10
167.0838051884 102.04
169.5140950975 101.98
171.9797343873 101.92
174.4812372264 101.86
177.0191252622 101.79
179.5939277295 101.73
182.2061815611 101.66
184.8564314996 101.59
187.5452302111 101.51
190.2731384004 101.42
193.0407249281 101.34
195.8485669287 101.25
198.6972499318 101.15
201.5873679832 101.06
204.5195237697 100.97
207.4943287442 100.88
210.5124032534 100.80
213.5743766672 100.72
216.6808875099 100.64
219.8325835933 100.57
223.0301221518 100.50
226.2741699797 100.42
229.5654035698 100.35
232.9045092548 100.29
236.2921833503 100.22
239.7291323003 100.15
243.2160728239 100.09
246.7537320653 100.02
250.3428477452 99.96
253.9841683149 99.90
257.6784531119 99.84
261.4264725186 99.78
265.2290081229 99.73
269.0868528812 99.67
273.0008112836 99.61
276.971699522 99.56
281.0003456597 99.50
285.0875898049 99.44
289.2342842852 99.38
293.4412938255 99.32
297.7094957287 99.27
302.0397800581 99.21
306.4330498235 99.16
310.8902211692 99.11
315.4122235649 99.06
320 99.01
324.65450718 98.96
329.3767157259 98.91
334.1676103768 98.87
339.028190195 98.82
343.9594687746 98.77
348.9624744529 98.73
354.0382505244 98.68
359.187855459 98.64
364.4123631221 98.59
369.7128629991 98.54
375.0904604222 98.50
380.5462768009 98.46
386.0814498562 98.41
391.6971338575 98.37
397.3944998635 98.33
403.1747359664 98.28
409.0390475393 98.24
414.9886574883 98.20
421.0248065068 98.16
427.1487533344 98.12
433.3617750198 98.09
439.6651671866 98.05
446.0602443037 98.02
452.5483399594 97.99
459.1308071395 97.96
465.8090185095 97.94
472.5843667007 97.91
479.4582646005 97.89
486.4321456477 97.87
493.5074641306 97.85
500.6856954905 97.83
507.9683366298 97.81
515.3569062238 97.80
522.8529450372 97.78
530.4580162458 97.77
538.1737057624 97.76
546.0016225673 97.75
553.9433990439 97.74
562.0006913195 97.73
570.1751796098 97.72
578.4685685703 97.72
586.882587651 97.71
595.4189914574 97.70
604.0795601163 97.70
612.8660996471 97.69
621.7804423383 97.69
630.8244471297 97.69
640 97.69
649.30901436 97.69
658.7534314519 97.69
668.3352207536 97.69
678.05638039 97.69
687.9189375493 97.69
697.9249489058 97.70
708.0765010489 97.70
718.375710918 97.71
728.8247262443 97.71
739.4257259983 97.73
750.1809208443 97.74
761.0925536018 97.75
772.1628997124 97.76
783.394267715 97.78
794.7889997271 97.80
806.3494719327 97.82
818.0780950787 97.84
829.9773149767 97.86
842.0496130136 97.89
854.2975066688 97.92
866.7235500396 97.96
879.3303343732 97.99
892.1204886074 98.04
905.0966799188 98.08
918.2616142791 98.13
931.618037019 98.18
945.1687334013 98.24
958.9165292011 98.31
972.8642912955 98.38
987.0149282611 98.46
1001.371390981 98.54
1015.9366732597 98.63
1030.7138124476 98.73
1045.7058900743 98.83
1060.9160324916 98.93
1076.3474115248 99.04
1092.0032451345 99.16
1107.8867980879 99.28
1124.0013826389 99.40
1140.3503592197 99.51
1156.9371371406 99.63
1173.765175302 99.74
1190.8379829148 99.86
1208.1591202326 99.99
1225.7321992942 100.12
1243.5608846767 100.26
1261.6488942595 100.37
1280 100.46
1298.6180287201 100.54
1317.5068629037 100.61
1336.6704415071 100.66
1356.1127607799 100.72
1375.8378750985 100.79
1395.8498978116 100.88
1416.1530020977 100.99
1436.751421836 101.11
1457.6494524886 101.24
1478.8514519966 101.39
1500.3618416887 101.54
1522.1851072035 101.71
1544.3257994247 101.89
1566.78853543 102.10
1589.5779994541 102.33
1612.6989438655 102.59
1636.1561901574 102.89
1659.9546299533 103.22
1684.0992260271 103.59
1708.5950133377 104.01
1733.4471000793 104.46
1758.6606687464 104.94
1784.2409772148 105.47
1810.1933598376 106.02
1836.5232285581 106.60
1863.2360740381 107.20
1890.3374668026 107.81
1917.8330584022 108.41
1945.7285825909 109.00
1974.0298565222 109.56
2002.742781962 110.06
2031.8733465194 110.49
2061.4276248951 110.81
2091.4117801487 111.03
2121.8320649832 111.14
2152.6948230496 111.13
2184.0064902691 111.05
2215.7735961758 110.88
2248.0027652779 110.67
2280.7007184393 110.42
2313.8742742813 110.15
2347.530350604 109.87
2381.6759658296 109.59
2416.3182404652 109.32
2451.4643985884 109.06
2487.1217693533 108.81
2523.297788519 108.57
2560.0000000001 108.35
2597.2360574402 108.15
2635.0137258074 107.96
2673.3408830143 107.79
2712.2255215599 107.65
2751.6757501971 107.52
2791.6997956232 107.42
2832.3060041955 107.34
2873.5028436721 107.29
2915.2989049772 107.26
2957.7029039931 107.26
3000.7236833774 107.27
3044.3702144071 107.30
3088.6515988494 107.34
3133.57707086 107.39
3179.1559989082 107.44
3225.397887731 107.50
3272.3123803148 107.56
3319.9092599067 107.62
3368.1984520542 107.69
3417.1900266754 107.75
3466.8942001586 107.78
3517.3213374928 107.78
3568.4819544296 107.73
3620.3867196753 107.62
3673.0464571163 107.46
3726.4721480761 107.24
3780.6749336053 106.96
3835.6661168044 106.63
3891.4571651819 106.24
3948.0597130445 105.81
4005.4855639241 105.34
4063.7466930387 104.82
4122.8552497902 104.28
4182.8235602974 103.72
4243.6641299665 103.17
4305.3896460992 102.62
4368.0129805382 102.07
4431.5471923516 101.54
4496.0055305558 101.01
4561.4014368787 100.49
4627.7485485626 99.98
4695.0607012081 99.50
4763.3519316592 99.03
4832.6364809305 98.58
4902.9287971769 98.14
4974.2435387067 97.73
5046.595577038 97.33
5120.0000000002 96.97
5194.4721148803 96.64
5270.0274516149 96.34
5346.6817660286 96.08
5424.4510431198 95.86
5503.3515003942 95.68
5583.3995912463 95.55
5664.6120083911 95.45
5747.0056873442 95.41
5830.5978099545 95.55
5915.4058079863 95.88
6001.4473667548 96.09
6088.7404288142 96.27
6177.3031976989 96.55
6267.1541417201 96.93
6358.3119978165 97.42
6450.795775462 98.02
6544.6247606297 98.76
6639.8185198134 99.66
6736.3969041085 100.75
6834.3800533509 102.05
6933.7884003172 103.58
7034.6426749857 105.30
7136.9639088592 107.01
7240.7734393506 108.25
7346.0929142326 108.57
7452.9442961523 108.01
7561.3498672106 107.05
7671.3322336089 106.17
7782.9143303638 105.53
7896.119426089 105.22
8010.9711278481 105.17
8127.4933860775 105.14
8245.7104995805 104.68
8365.6471205948 103.39
8487.328259933 101.37
8610.7792921984 98.89
8736.0259610765 96.29
8863.0943847033 93.82
8992.0110611117 91.50
9122.8028737575 89.53
9255.4970971253 87.84
9390.1214024162 86.23
9526.7038633184 84.83
9665.272961861 83.50
9805.8575943538 81.85
9948.4870774134 79.85
10093.191154076 77.92
10240.0000000005 76.66
10388.9442297607 76.06
10540.0549032298 76.05
10693.3635320572 76.44
10848.9020862397 77.16
11006.7030007884 78.14
11166.7991824927 79.33
11329.2240167822 80.66
11494.0113746885 82.03
11661.1956199091 83.48
11830.8116159726 85.08
12002.8947335097 86.99
12177.4808576284 89.34
12354.6063953979 92.58
12534.3082834402 96.38
12716.6239956331 98.54
12901.5915509241 97.34
13089.2495212594 95.18
13279.637039627 93.79
13472.7938082171 93.34
13668.7601067018 93.83
13867.5768006344 95.26
14069.2853499715 96.98
14273.9278177184 98.33
14481.5468787012 97.66
14692.1858284653 95.28
14905.8885923047 93.15
15122.6997344212 91.74
15342.6644672179 90.60
15565.8286607277 89.85
15792.2388521781 90.29
16021.9422556964 89.01
16254.9867721551 88.01
16491.4209991611 86.50
16731.2942411897 82.73
16974.656519866 78.88
17221.5585843969 76.47
17472.0519221531 74.52
17726.1887694067 72.56
17984.0221222235 71.52
18245.605747515 69.74
18510.9941942506 68.36
18780.2428048326 66.82
19053.4077266369 65.14
19330.545923722 62.93
19611.7151887077 59.56
19896.9741548268 58.10
20186.382308152 58.10
