20 102.12
20.2909066988 102.12
20.5860447329 102.19
20.8854756485 102.27
21.1892618872 102.35
21.4974667984 102.43
21.8101546533 102.50
22.1273906578 102.56
22.4492409662 102.61
22.7757726951 102.66
23.1070539374 102.71
23.4431537764 102.77
23.7841423001 102.83
24.130090616 102.88
24.4810708661 102.93
24.8371562415 102.98
25.1984209979 103.03
25.5649404712 103.08
25.936791093 103.14
26.3140504067 103.19
26.6967970834 103.24
27.0851109387 103.29
27.4790729492 103.34
27.878765269 103.41
28.2842712475 103.47
28.6956754462 103.53
29.1130636568 103.58
29.5365229188 103.62
29.9661415375 103.65
30.402009103 103.69
30.8442165082 103.74
31.2928559682 103.80
31.7480210394 103.86
32.209806639 103.90
32.6783090648 103.95
33.1536260154 103.99
33.6358566101 104.03
34.1251014105 104.07
34.6214624402 104.10
35.1250432075 104.13
35.6359487256 104.16
36.1542855356 104.20
36.6801617282 104.23
37.2136869661 104.27
37.7549725073 104.30
38.3041312279 104.33
38.8612776461 104.36
39.4265279456 104.39
40 104.42
40.5818133975 104.45
41.1720894657 104.47
41.7709512971 104.50
42.3785237744 104.52
42.9949335968 104.54
43.6203093066 104.55
44.2547813156 104.56
44.8984819324 104.58
45.5515453903 104.61
46.2141078749 104.64
46.8863075528 104.66
47.5682846001 104.67
48.260181232 104.69
48.9621417322 104.69
49.6743124829 104.70
50.3968419958 104.73
51.1298809424 104.77
51.873582186 104.79
52.6281008133 104.81
53.3935941668 104.83
54.1702218775 104.85
54.9581458983 104.87
55.757530538 104.88
56.5685424949 104.89
57.3913508924 104.90
58.2261273137 104.93
59.0730458376 104.93
59.9322830751 104.95
60.804018206 104.96
61.6884330163 104.94
62.5857119363 104.95
63.4960420787 104.98
64.419613278 104.99
65.3566181296 105.01
66.3072520307 105.02
67.2717132203 105.03
68.2502028209 105.04
69.2429248805 105.05
70.2500864149 105.06
71.2718974512 105.07
72.3085710713 105.08
73.3603234564 105.09
74.4273739322 105.09
75.5099450145 105.09
76.6082624559 105.10
77.7225552923 105.10
78.8530558912 105.10
80 105.10
81.163626795 105.09
82.3441789315 105.09
83.5419025942 105.08
84.7570475487 105.08
85.9898671937 105.07
87.2406186132 105.07
88.5095626311 105.07
89.7969638648 105.06
91.1030907805 105.05
92.4282157498 105.04
93.7726151055 105.04
95.1365692002 105.03
96.520362464 105.03
97.9242834644 105.03
99.3486249659 105.02
100.7936839916 105.02
102.2597618848 105.01
103.7471643721 105.01
105.2562016267 105.00
106.7871883336 105.00
108.340443755 104.99
109.9162917966 104.98
111.5150610759 104.96
113.1370849898 104.95
114.7827017849 104.93
116.4522546274 104.90
118.1460916752 104.88
119.8645661501 104.84
121.6080364119 104.82
123.3768660326 104.79
125.1714238726 104.76
126.9920841575 104.73
128.8392265559 104.71
130.7132362593 104.71
132.6145040614 104.73
134.5434264406 104.79
136.5004056418 104.88
138.485849761 104.99
140.5001728299 105.07
142.5437949025 105.12
144.6171421426 105.14
146.7206469127 105.13
148.8547478643 105.11
151.0198900291 105.09
153.2165249118 105.06
155.4451105846 105.02
157.7061117824 104.99
160 104.95
162.32725359 104.91
164.688357863 104.86
167.0838051884 104.81
169.5140950975 104.80
171.9797343873 104.82
174.4812372264 104.82
177.0191252622 104.79
179.5939277295 104.77
182.2061815611 104.73
184.8564314996 104.69
187.5452302111 104.66
190.2731384004 104.61
193.0407249281 104.57
195.8485669287 104.53
198.6972499318 104.48
201.5873679832 104.43
204.5195237697 104.38
207.4943287442 104.33
210.5124032534 104.28
213.5743766672 104.23
216.6808875099 104.18
219.8325835933 104.13
223.0301221518 104.08
226.2741699797 104.04
229.5654035698 103.99
232.9045092548 103.95
236.2921833503 103.91
239.7291323003 103.84
243.2160728239 103.83
246.7537320653 103.79
250.3428477452 103.75
253.9841683149 103.71
257.6784531119 103.67
261.4264725186 103.62
265.2290081229 103.57
269.0868528812 103.52
273.0008112836 103.46
276.971699522 103.41
281.0003456597 103.35
285.0875898049 103.29
289.2342842852 103.22
293.4412938255 103.16
297.7094957287 103.10
302.0397800581 103.05
306.4330498235 103.04
310.8902211692 103.06
315.4122235649 103.06
320 103.02
324.65450718 102.97
329.3767157259 102.93
334.1676103768 102.89
339.028190195 102.85
343.9594687746 102.79
348.9624744529 102.73
354.0382505244 102.66
359.187855459 102.59
364.4123631221 102.52
369.7128629991 102.46
375.0904604222 102.39
380.5462768009 102.33
386.0814498562 102.27
391.6971338575 102.20
397.3944998635 102.13
403.1747359664 102.06
409.0390475393 101.99
414.9886574883 101.92
421.0248065068 101.84
427.1487533344 101.76
433.3617750198 101.69
439.6651671866 101.61
446.0602443037 101.53
452.5483399594 101.45
459.1308071395 101.38
465.8090185095 101.30
472.5843667007 101.23
479.4582646005 101.15
486.4321456477 101.08
493.5074641306 101.00
500.6856954905 100.93
507.9683366298 100.85
515.3569062238 100.78
522.8529450372 100.70
530.4580162458 100.63
538.1737057624 100.55
546.0016225673 100.47
553.9433990439 100.40
562.0006913195 100.32
570.1751796098 100.24
578.4685685703 100.16
586.882587651 100.09
595.4189914574 100.00
604.0795601163 99.92
612.8660996471 99.84
621.7804423383 99.76
630.8244471297 99.68
640 99.60
649.30901436 99.52
658.7534314519 99.44
668.3352207536 99.36
678.05638039 99.28
687.9189375493 99.20
697.9249489058 99.12
708.0765010489 99.04
718.375710918 98.95
728.8247262443 98.88
739.4257259983 98.80
750.1809208443 98.72
761.0925536018 98.65
772.1628997124 98.57
783.394267715 98.50
794.7889997271 98.43
806.3494719327 98.36
818.0780950787 98.30
829.9773149767 98.24
842.0496130136 98.18
854.2975066688 98.13
866.7235500396 98.08
879.3303343732 98.04
892.1204886074 98.00
905.0966799188 97.97
918.2616142791 97.95
931.618037019 97.93
945.1687334013 97.92
958.9165292011 97.92
972.8642912955 97.93
987.0149282611 97.95
1001.371390981 97.98
1015.9366732597 98.02
1030.7138124476 98.06
1045.7058900743 98.12
1060.9160324916 98.19
1076.3474115248 98.25
1092.0032451345 98.32
1107.8867980879 98.40
1124.0013826389 98.47
1140.3503592197 98.54
1156.9371371406 98.59
1173.765175302 98.62
1190.8379829148 98.61
1208.1591202326 98.57
1225.7321992942 98.44
1243.5608846767 98.25
1261.6488942595 98.01
1280 97.80
1298.6180287201 97.82
1317.5068629037 97.87
1336.6704415071 98.15
1356.1127607799 98.48
1375.8378750985 98.81
1395.8498978116 99.09
1416.1530020977 99.34
1436.751421836 99.56
1457.6494524886 99.75
1478.8514519966 99.92
1500.3618416887 100.08
1522.1851072035 100.22
1544.3257994247 100.35
1566.78853543 100.49
1589.5779994541 100.62
1612.6989438655 100.75
1636.1561901574 100.88
1659.9546299533 101.02
1684.0992260271 101.17
1708.5950133377 101.32
1733.4471000793 101.48
1758.6606687464 101.65
1784.2409772148 101.83
1810.1933598376 102.02
1836.5232285581 102.22
1863.2360740381 102.43
1890.3374668026 102.65
1917.8330584022 102.88
1945.7285825909 103.12
1974.0298565222 103.38
2002.742781962 103.66
2031.8733465194 103.94
2061.4276248951 104.24
2091.4117801487 104.55
2121.8320649832 104.87
2152.6948230496 105.21
2184.0064902691 105.55
2215.7735961758 105.92
2248.0027652779 106.29
2280.7007184393 106.67
2313.8742742813 107.06
2347.530350604 107.44
2381.6759658296 107.82
2416.3182404652 108.20
2451.4643985884 108.54
2487.1217693533 108.85
2523.297788519 109.09
2560.0000000001 109.24
2597.2360574402 109.30
2635.0137258074 109.27
2673.3408830143 109.23
2712.2255215599 109.25
2751.6757501971 109.42
2791.6997956232 109.69
2832.3060041955 110.02
2873.5028436721 110.32
2915.2989049772 110.58
2957.7029039931 110.77
3000.7236833774 110.88
3044.3702144071 110.90
3088.6515988494 110.83
3133.57707086 110.71
3179.1559989082 110.53
3225.397887731 110.32
3272.3123803148 110.06
3319.9092599067 109.79
3368.1984520542 109.50
3417.1900266754 109.20
3466.8942001586 108.91
3517.3213374928 108.62
3568.4819544296 108.33
3620.3867196753 108.06
3673.0464571163 107.81
3726.4721480761 107.59
3780.6749336053 107.40
3835.6661168044 107.24
3891.4571651819 107.12
3948.0597130445 107.02
4005.4855639241 106.94
4063.7466930387 106.88
4122.8552497902 106.83
4182.8235602974 106.81
4243.6641299665 106.80
4305.3896460992 106.81
4368.0129805382 106.84
4431.5471923516 106.89
4496.0055305558 106.97
4561.4014368787 107.08
4627.7485485626 107.22
4695.0607012081 107.40
4763.3519316592 107.62
4832.6364809305 107.87
4902.9287971769 108.14
4974.2435387067 108.43
5046.595577038 108.71
5120.0000000002 108.95
5194.4721148803 109.11
5270.0274516149 109.13
5346.6817660286 108.96
5424.4510431198 108.59
5503.3515003942 108.06
5583.3995912463 107.36
5664.6120083911 106.71
5747.0056873442 106.32
5830.5978099545 106.18
5915.4058079863 106.10
6001.4473667548 105.75
6088.7404288142 105.58
6177.3031976989 105.42
6267.1541417201 105.20
6358.3119978165 104.93
6450.795775462 104.65
6544.6247606297 104.38
6639.8185198134 104.15
6736.3969041085 103.97
6834.3800533509 103.86
6933.7884003172 103.85
7034.6426749857 103.97
7136.9639088592 104.22
7240.7734393506 104.58
7346.0929142326 105.08
7452.9442961523 105.70
7561.3498672106 106.46
7671.3322336089 107.29
7782.9143303638 108.11
7896.119426089 108.82
8010.9711278481 109.08
8127.4933860775 108.70
8245.7104995805 107.75
8365.6471205948 106.59
8487.328259933 105.07
8610.7792921984 103.75
8736.0259610765 102.55
8863.0943847033 101.44
8992.0110611117 100.43
9122.8028737575 99.52
9255.4970971253 98.73
9390.1214024162 98.05
9526.7038633184 97.46
9665.272961861 96.97
9805.8575943538 96.57
9948.4870774134 96.24
10093.191154076 96.02
10240.0000000005 95.88
10388.9442297607 95.83
10540.0549032298 95.86
10693.3635320572 95.99
10848.9020862397 96.23
11006.7030007884 96.58
11166.7991824927 97.05
11329.2240167822 97.67
11494.0113746885 98.43
11661.1956199091 99.39
11830.8116159726 100.50
12002.8947335097 101.77
12177.4808576284 103.06
12354.6063953979 104.13
12534.3082834402 104.81
12716.6239956331 104.87
12901.5915509241 104.39
13089.2495212594 103.71
13279.637039627 103.06
13472.7938082171 102.55
13668.7601067018 102.23
13867.5768006344 102.02
14069.2853499715 101.75
14273.9278177184 101.31
14481.5468787012 100.46
14692.1858284653 99.30
14905.8885923047 98.08
15122.6997344212 97.18
15342.6644672179 96.83
15565.8286607277 96.98
15792.2388521781 97.31
16021.9422556964 97.76
16254.9867721551 98.86
16491.4209991611 99.98
16731.2942411897 96.15
16974.656519866 100.91
17221.5585843969 106.69
17472.0519221531 106.32
17726.1887694067 101.79
17984.0221222235 96.88
18245.605747515 91.30
18510.9941942506 85.64
18780.2428048326 80.63
19053.4077266369 76.56
19330.545923722 72.72
19611.7151887077 69.20
19896.9741548268 67.45
20186.382308152 67.45
