20 97.06
20.2909066988 97.06
20.5860447329 97.10
20.8854756485 97.18
21.1892618872 97.27
21.4974667984 97.36
21.8101546533 97.44
22.1273906578 97.52
22.4492409662 97.60
22.7757726951 97.66
23.1070539374 97.71
23.4431537764 97.75
23.7841423001 97.76
24.130090616 97.79
24.4810708661 97.83
24.8371562415 97.89
25.1984209979 97.97
25.5649404712 98.05
25.936791093 98.11
26.3140504067 98.17
26.6967970834 98.25
27.0851109387 98.34
27.4790729492 98.44
27.878765269 98.53
28.2842712475 98.59
28.6956754462 98.62
29.1130636568 98.66
29.5365229188 98.72
29.9661415375 98.81
30.402009103 98.91
30.8442165082 98.96
31.2928559682 99.00
31.7480210394 99.05
32.209806639 99.12
32.6783090648 99.22
33.1536260154 99.31
33.6358566101 99.35
34.1251014105 99.34
34.6214624402 99.32
35.1250432075 99.31
35.6359487256 99.31
36.1542855356 99.33
36.6801617282 99.35
37.2136869661 99.38
37.7549725073 99.42
38.3041312279 99.49
38.8612776461 99.58
39.4265279456 99.66
40 99.69
40.5818133975 99.69
41.1720894657 99.67
41.7709512971 99.67
42.3785237744 99.70
42.9949335968 99.77
43.6203093066 99.86
44.2547813156 99.92
44.8984819324 99.94
45.5515453903 99.91
46.2141078749 99.87
46.8863075528 99.84
47.5682846001 99.83
48.260181232 99.86
48.9621417322 99.92
49.6743124829 99.99
50.3968419958 100.05
51.1298809424 100.07
51.873582186 100.07
52.6281008133 100.06
53.3935941668 100.05
54.1702218775 100.04
54.9581458983 100.04
55.757530538 100.05
56.5685424949 100.07
57.3913508924 100.10
58.2261273137 100.15
59.0730458376 100.20
59.9322830751 100.24
60.804018206 100.25
61.6884330163 100.23
62.5857119363 100.23
63.4960420787 100.24
64.419613278 100.26
65.3566181296 100.29
66.3072520307 100.33
67.2717132203 100.37
68.2502028209 100.40
69.2429248805 100.42
70.2500864149 100.42
71.2718974512 100.41
72.3085710713 100.39
73.3603234564 100.39
74.4273739322 100.40
75.5099450145 100.42
76.6082624559 100.45
77.7225552923 100.47
78.8530558912 100.47
80 100.46
81.163626795 100.46
82.3441789315 100.47
83.5419025942 100.47
84.7570475487 100.47
85.9898671937 100.46
87.2406186132 100.45
88.5095626311 100.45
89.7969638648 100.44
91.1030907805 100.45
92.4282157498 100.46
93.7726151055 100.47
95.1365692002 100.48
96.520362464 100.48
97.9242834644 100.49
99.3486249659 100.50
100.7936839916 100.51
102.2597618848 100.52
103.7471643721 100.53
105.2562016267 100.53
106.7871883336 100.53
108.340443755 100.53
109.9162917966 100.52
111.5150610759 100.52
113.1370849898 100.51
114.7827017849 100.50
116.4522546274 100.46
118.1460916752 100.42
119.8645661501 100.40
121.6080364119 100.40
123.3768660326 100.43
125.1714238726 100.46
126.9920841575 100.46
128.8392265559 100.45
130.7132362593 100.43
132.6145040614 100.42
134.5434264406 100.39
136.5004056418 100.38
138.485849761 100.36
140.5001728299 100.35
142.5437949025 100.33
144.6171421426 100.30
146.7206469127 100.28
148.8547478643 100.25
151.0198900291 100.21
153.2165249118 100.18
155.4451105846 100.16
157.7061117824 100.15
160 100.16
162.32725359 100.22
164.688357863 100.35
167.0838051884 100.54
169.5140950975 100.74
171.9797343873 100.91
174.4812372264 101.02
177.0191252622 101.06
179.5939277295 101.06
182.2061815611 101.04
184.8564314996 101.01
187.5452302111 100.97
190.2731384004 100.93
193.0407249281 100.89
195.8485669287 100.84
198.6972499318 100.80
201.5873679832 100.76
204.5195237697 100.71
207.4943287442 100.67
210.5124032534 100.62
213.5743766672 100.58
216.6808875099 100.55
219.8325835933 100.52
223.0301221518 100.49
226.2741699797 100.46
229.5654035698 100.44
232.9045092548 100.41
236.2921833503 100.39
239.7291323003 100.37
243.2160728239 100.35
246.7537320653 100.33
250.3428477452 100.30
253.9841683149 100.28
257.6784531119 100.26
261.4264725186 100.23
265.2290081229 100.20
269.0868528812 100.17
273.0008112836 100.15
276.971699522 100.12
281.0003456597 100.09
285.0875898049 100.06
289.2342842852 100.04
293.4412938255 100.01
297.7094957287 99.98
302.0397800581 99.95
306.4330498235 99.92
310.8902211692 99.89
315.4122235649 99.87
320 99.83
324.65450718 99.80
329.3767157259 99.77
334.1676103768 99.73
339.028190195 99.69
343.9594687746 99.66
348.9624744529 99.62
354.0382505244 99.59
359.187855459 99.56
364.4123631221 99.55
369.7128629991 99.54
375.0904604222 99.53
380.5462768009 99.52
386.0814498562 99.51
391.6971338575 99.47
397.3944998635 99.44
403.1747359664 99.39
409.0390475393 99.35
414.9886574883 99.30
421.0248065068 99.25
427.1487533344 99.21
433.3617750198 99.16
439.6651671866 99.11
446.0602443037 99.06
452.5483399594 99.01
459.1308071395 98.96
465.8090185095 98.91
472.5843667007 98.86
479.4582646005 98.81
486.4321456477 98.76
493.5074641306 98.71
500.6856954905 98.67
507.9683366298 98.62
515.3569062238 98.57
522.8529450372 98.51
530.4580162458 98.46
538.1737057624 98.40
546.0016225673 98.35
553.9433990439 98.30
562.0006913195 98.25
570.1751796098 98.19
578.4685685703 98.13
586.882587651 98.08
595.4189914574 98.02
604.0795601163 97.96
612.8660996471 97.90
621.7804423383 97.84
630.8244471297 97.77
640 97.71
649.30901436 97.64
658.7534314519 97.58
668.3352207536 97.51
678.05638039 97.44
687.9189375493 97.38
697.9249489058 97.31
708.0765010489 97.24
718.375710918 97.18
728.8247262443 97.11
739.4257259983 97.04
750.1809208443 96.97
761.0925536018 96.90
772.1628997124 96.83
783.394267715 96.76
794.7889997271 96.70
806.3494719327 96.63
818.0780950787 96.57
829.9773149767 96.51
842.0496130136 96.45
854.2975066688 96.40
866.7235500396 96.34
879.3303343732 96.30
892.1204886074 96.26
905.0966799188 96.22
918.2616142791 96.19
931.618037019 96.16
945.1687334013 96.14
958.9165292011 96.13
972.8642912955 96.13
987.0149282611 96.13
1001.371390981 96.14
1015.9366732597 96.17
1030.7138124476 96.20
1045.7058900743 96.24
1060.9160324916 96.29
1076.3474115248 96.35
1092.0032451345 96.42
1107.8867980879 96.49
1124.0013826389 96.56
1140.3503592197 96.64
1156.9371371406 96.73
1173.765175302 96.82
1190.8379829148 96.91
1208.1591202326 97.00
1225.7321992942 97.09
1243.5608846767 97.17
1261.6488942595 97.26
1280 97.35
1298.6180287201 97.43
1317.5068629037 97.51
1336.6704415071 97.59
1356.1127607799 97.66
1375.8378750985 97.73
1395.8498978116 97.80
1416.1530020977 97.86
1436.751421836 97.92
1457.6494524886 97.98
1478.8514519966 98.04
1500.3618416887 98.10
1522.1851072035 98.16
1544.3257994247 98.22
1566.78853543 98.29
1589.5779994541 98.36
1612.6989438655 98.44
1636.1561901574 98.52
1659.9546299533 98.62
1684.0992260271 98.73
1708.5950133377 98.85
1733.4471000793 98.98
1758.6606687464 99.12
1784.2409772148 99.27
1810.1933598376 99.44
1836.5232285581 99.63
1863.2360740381 99.83
1890.3374668026 100.05
1917.8330584022 100.28
1945.7285825909 100.54
1974.0298565222 100.81
2002.742781962 101.11
2031.8733465194 101.42
2061.4276248951 101.76
2091.4117801487 102.13
2121.8320649832 102.51
2152.6948230496 102.93
2184.0064902691 103.36
2215.7735961758 103.82
2248.0027652779 104.29
2280.7007184393 104.78
2313.8742742813 105.27
2347.530350604 105.75
2381.6759658296 106.21
2416.3182404652 106.64
2451.4643985884 107.00
2487.1217693533 107.31
2523.297788519 107.51
2560.0000000001 107.63
2597.2360574402 107.65
2635.0137258074 107.59
2673.3408830143 107.43
2712.2255215599 107.23
2751.6757501971 106.99
2791.6997956232 106.74
2832.3060041955 106.50
2873.5028436721 106.29
2915.2989049772 106.12
2957.7029039931 106.01
3000.7236833774 105.95
3044.3702144071 105.95
3088.6515988494 106.02
3133.57707086 106.11
3179.1559989082 106.23
3225.397887731 106.35
3272.3123803148 106.45
3319.9092599067 106.51
3368.1984520542 106.52
3417.1900266754 106.49
3466.8942001586 106.43
3517.3213374928 106.36
3568.4819544296 106.31
3620.3867196753 106.29
3673.0464571163 106.30
3726.4721480761 106.32
3780.6749336053 106.34
3835.6661168044 106.35
3891.4571651819 106.29
3948.0597130445 106.19
4005.4855639241 106.01
4063.7466930387 105.75
4122.8552497902 105.43
4182.8235602974 105.07
4243.6641299665 104.69
4305.3896460992 104.31
4368.0129805382 103.94
4431.5471923516 103.62
4496.0055305558 103.35
4561.4014368787 103.15
4627.7485485626 103.03
4695.0607012081 103.01
4763.3519316592 103.11
4832.6364809305 103.32
4902.9287971769 103.69
4974.2435387067 104.18
5046.595577038 104.77
5120.0000000002 105.40
5194.4721148803 106.02
5270.0274516149 106.56
5346.6817660286 106.98
5424.4510431198 107.28
5503.3515003942 107.48
5583.3995912463 107.62
5664.6120083911 107.79
5747.0056873442 108.02
5830.5978099545 108.34
5915.4058079863 108.73
6001.4473667548 109.19
6088.7404288142 109.63
6177.3031976989 110.00
6267.1541417201 110.21
6358.3119978165 110.22
6450.795775462 110.03
6544.6247606297 109.64
6639.8185198134 109.11
6736.3969041085 108.50
6834.3800533509 107.88
6933.7884003172 107.31
7034.6426749857 106.87
7136.9639088592 106.60
7240.7734393506 106.49
7346.0929142326 106.52
7452.9442961523 106.68
7561.3498672106 106.90
7671.3322336089 107.09
7782.9143303638 107.19
7896.119426089 107.08
8010.9711278481 106.66
8127.4933860775 105.92
8245.7104995805 104.87
8365.6471205948 103.58
8487.328259933 102.12
8610.7792921984 100.56
8736.0259610765 98.95
8863.0943847033 97.35
8992.0110611117 95.83
9122.8028737575 94.47
9255.4970971253 93.37
9390.1214024162 92.51
9526.7038633184 91.87
9665.272961861 91.40
9805.8575943538 91.08
9948.4870774134 90.93
10093.191154076 90.99
10240.0000000005 91.22
10388.9442297607 91.59
10540.0549032298 92.03
10693.3635320572 92.52
10848.9020862397 93.11
11006.7030007884 93.86
11166.7991824927 94.73
11329.2240167822 95.62
11494.0113746885 96.38
11661.1956199091 96.68
11830.8116159726 96.58
12002.8947335097 95.88
12177.4808576284 94.85
12354.6063953979 93.47
12534.3082834402 92.04
12716.6239956331 90.68
12901.5915509241 89.59
13089.2495212594 88.66
13279.637039627 88.00
13472.7938082171 87.66
13668.7601067018 87.62
13867.5768006344 87.91
14069.2853499715 88.52
14273.9278177184 89.29
14481.5468787012 89.98
14692.1858284653 90.36
14905.8885923047 90.36
15122.6997344212 89.95
15342.6644672179 89.19
15565.8286607277 88.19
15792.2388521781 87.13
16021.9422556964 86.17
16254.9867721551 85.47
16491.4209991611 85.18
16731.2942411897 85.33
16974.656519866 85.79
17221.5585843969 86.31
17472.0519221531 86.60
17726.1887694067 86.52
17984.0221222235 86.11
18245.605747515 85.52
18510.9941942506 84.92
18780.2428048326 84.38
19053.4077266369 83.74
19330.545923722 82.66
19611.7151887077 81.02
19896.9741548268 80.11
20186.382308152 80.11
