20 106.88
20.2909066988 106.88
20.5860447329 106.89
20.8854756485 106.92
21.1892618872 106.95
21.4974667984 106.98
21.8101546533 107.00
22.1273906578 107.03
22.4492409662 107.06
22.7757726951 107.09
23.1070539374 107.11
23.4431537764 107.14
23.7841423001 107.15
24.130090616 107.17
24.4810708661 107.19
24.8371562415 107.20
25.1984209979 107.22
25.5649404712 107.24
25.936791093 107.27
26.3140504067 107.29
26.6967970834 107.31
27.0851109387 107.33
27.4790729492 107.34
27.878765269 107.35
28.2842712475 107.37
28.6956754462 107.39
29.1130636568 107.40
29.5365229188 107.42
29.9661415375 107.42
30.402009103 107.42
30.8442165082 107.42
31.2928559682 107.43
31.7480210394 107.44
32.209806639 107.45
32.6783090648 107.45
33.1536260154 107.44
33.6358566101 107.42
34.1251014105 107.41
34.6214624402 107.40
35.1250432075 107.40
35.6359487256 107.41
36.1542855356 107.41
36.6801617282 107.40
37.2136869661 107.37
37.7549725073 107.33
38.3041312279 107.29
38.8612776461 107.25
39.4265279456 107.23
40 107.21
40.5818133975 107.18
41.1720894657 107.15
41.7709512971 107.11
42.3785237744 107.07
42.9949335968 107.03
43.6203093066 106.99
44.2547813156 106.94
44.8984819324 106.90
45.5515453903 106.86
46.2141078749 106.82
46.8863075528 106.79
47.5682846001 106.75
48.260181232 106.70
48.9621417322 106.64
49.6743124829 106.59
50.3968419958 106.54
51.1298809424 106.50
51.873582186 106.44
52.6281008133 106.38
53.3935941668 106.31
54.1702218775 106.25
54.9581458983 106.20
55.757530538 106.16
56.5685424949 106.12
57.3913508924 106.09
58.2261273137 106.07
59.0730458376 106.07
59.9322830751 106.05
60.804018206 105.99
61.6884330163 105.90
62.5857119363 105.81
63.4960420787 105.75
64.419613278 105.69
65.3566181296 105.64
66.3072520307 105.58
67.2717132203 105.53
68.2502028209 105.48
69.2429248805 105.42
70.2500864149 105.36
71.2718974512 105.29
72.3085710713 105.22
73.3603234564 105.15
74.4273739322 105.08
75.5099450145 105.00
76.6082624559 104.93
77.7225552923 104.85
78.8530558912 104.77
80 104.69
81.163626795 104.60
82.3441789315 104.52
83.5419025942 104.43
84.7570475487 104.33
85.9898671937 104.24
87.2406186132 104.14
88.5095626311 104.04
89.7969638648 103.93
91.1030907805 103.82
92.4282157498 103.71
93.7726151055 103.60
95.1365692002 103.48
96.520362464 103.36
97.9242834644 103.23
99.3486249659 103.09
100.7936839916 102.98
102.2597618848 102.88
103.7471643721 102.83
105.2562016267 102.84
106.7871883336 102.89
108.340443755 102.98
109.9162917966 103.07
111.5150610759 103.12
113.1370849898 103.12
114.7827017849 103.08
116.4522546274 102.98
118.1460916752 102.87
119.8645661501 102.76
121.6080364119 102.67
123.3768660326 102.60
125.1714238726 102.52
126.9920841575 102.43
128.8392265559 102.33
130.7132362593 102.23
132.6145040614 102.13
134.5434264406 102.03
136.5004056418 101.94
138.485849761 101.84
140.5001728299 101.74
142.5437949025 101.64
144.6171421426 101.55
146.7206469127 101.45
148.8547478643 101.35
151.0198900291 101.25
153.2165249118 101.15
155.4451105846 101.04
157.7061117824 100.94
160 100.84
162.32725359 100.74
164.688357863 100.64
167.0838051884 100.54
169.5140950975 100.45
171.9797343873 100.38
174.4812372264 100.33
177.0191252622 100.29
179.5939277295 100.26
182.2061815611 100.24
184.8564314996 100.22
187.5452302111 100.19
190.2731384004 100.14
193.0407249281 100.09
195.8485669287 100.01
198.6972499318 99.91
201.5873679832 99.81
204.5195237697 99.70
207.4943287442 99.59
210.5124032534 99.48
213.5743766672 99.37
216.6808875099 99.26
219.8325835933 99.15
223.0301221518 99.05
226.2741699797 98.96
229.5654035698 98.87
232.9045092548 98.78
236.2921833503 98.70
239.7291323003 98.62
243.2160728239 98.53
246.7537320653 98.44
250.3428477452 98.34
253.9841683149 98.25
257.6784531119 98.16
261.4264725186 98.07
265.2290081229 97.99
269.0868528812 97.90
273.0008112836 97.82
276.971699522 97.73
281.0003456597 97.65
285.0875898049 97.57
289.2342842852 97.48
293.4412938255 97.39
297.7094957287 97.30
302.0397800581 97.22
306.4330498235 97.15
310.8902211692 97.09
315.4122235649 97.02
320 96.95
324.65450718 96.88
329.3767157259 96.80
334.1676103768 96.73
339.028190195 96.66
343.9594687746 96.58
348.9624744529 96.51
354.0382505244 96.43
359.187855459 96.36
364.4123631221 96.29
369.7128629991 96.21
375.0904604222 96.14
380.5462768009 96.07
386.0814498562 95.99
391.6971338575 95.92
397.3944998635 95.84
403.1747359664 95.77
409.0390475393 95.70
414.9886574883 95.63
421.0248065068 95.55
427.1487533344 95.48
433.3617750198 95.41
439.6651671866 95.35
446.0602443037 95.28
452.5483399594 95.21
459.1308071395 95.15
465.8090185095 95.09
472.5843667007 95.03
479.4582646005 94.97
486.4321456477 94.91
493.5074641306 94.86
500.6856954905 94.80
507.9683366298 94.75
515.3569062238 94.69
522.8529450372 94.64
530.4580162458 94.59
538.1737057624 94.54
546.0016225673 94.49
553.9433990439 94.43
562.0006913195 94.38
570.1751796098 94.33
578.4685685703 94.29
586.882587651 94.24
595.4189914574 94.19
604.0795601163 94.15
612.8660996471 94.10
621.7804423383 94.05
630.8244471297 94.00
640 93.95
649.30901436 93.91
658.7534314519 93.86
668.3352207536 93.82
678.05638039 93.78
687.9189375493 93.75
697.9249489058 93.72
708.0765010489 93.69
718.375710918 93.67
728.8247262443 93.65
739.4257259983 93.64
750.1809208443 93.63
761.0925536018 93.65
772.1628997124 93.69
783.394267715 93.76
794.7889997271 93.83
806.3494719327 93.88
818.0780950787 93.86
829.9773149767 93.77
842.0496130136 93.63
854.2975066688 93.52
866.7235500396 93.50
879.3303343732 93.54
892.1204886074 93.62
905.0966799188 93.70
918.2616142791 93.78
931.618037019 93.86
945.1687334013 93.94
958.9165292011 94.01
972.8642912955 94.09
987.0149282611 94.18
1001.371390981 94.27
1015.9366732597 94.37
1030.7138124476 94.48
1045.7058900743 94.60
1060.9160324916 94.73
1076.3474115248 94.86
1092.0032451345 94.99
1107.8867980879 95.14
1124.0013826389 95.28
1140.3503592197 95.43
1156.9371371406 95.59
1173.765175302 95.75
1190.8379829148 95.92
1208.1591202326 96.08
1225.7321992942 96.24
1243.5608846767 96.40
1261.6488942595 96.56
1280 96.72
1298.6180287201 96.88
1317.5068629037 97.04
1336.6704415071 97.19
1356.1127607799 97.33
1375.8378750985 97.47
1395.8498978116 97.61
1416.1530020977 97.74
1436.751421836 97.87
1457.6494524886 98.00
1478.8514519966 98.12
1500.3618416887 98.24
1522.1851072035 98.36
1544.3257994247 98.47
1566.78853543 98.59
1589.5779994541 98.71
1612.6989438655 98.83
1636.1561901574 98.95
1659.9546299533 99.08
1684.0992260271 99.21
1708.5950133377 99.34
1733.4471000793 99.48
1758.6606687464 99.62
1784.2409772148 99.77
1810.1933598376 99.92
1836.5232285581 100.08
1863.2360740381 100.24
1890.3374668026 100.41
1917.8330584022 100.58
1945.7285825909 100.76
1974.0298565222 100.94
2002.742781962 101.13
2031.8733465194 101.32
2061.4276248951 101.52
2091.4117801487 101.72
2121.8320649832 101.93
2152.6948230496 102.14
2184.0064902691 102.36
2215.7735961758 102.59
2248.0027652779 102.82
2280.7007184393 103.05
2313.8742742813 103.30
2347.530350604 103.54
2381.6759658296 103.79
2416.3182404652 104.05
2451.4643985884 104.31
2487.1217693533 104.59
2523.297788519 104.87
2560.0000000001 105.16
2597.2360574402 105.46
2635.0137258074 105.77
2673.3408830143 106.08
2712.2255215599 106.39
2751.6757501971 106.69
2791.6997956232 106.99
2832.3060041955 107.27
2873.5028436721 107.53
2915.2989049772 107.76
2957.7029039931 107.94
3000.7236833774 108.07
3044.3702144071 108.14
3088.6515988494 108.16
3133.57707086 108.14
3179.1559989082 108.09
3225.397887731 108.02
3272.3123803148 107.92
3319.9092599067 107.81
3368.1984520542 107.69
3417.1900266754 107.55
3466.8942001586 107.40
3517.3213374928 107.23
3568.4819544296 107.06
3620.3867196753 106.88
3673.0464571163 106.69
3726.4721480761 106.51
3780.6749336053 106.32
3835.6661168044 106.14
3891.4571651819 105.96
3948.0597130445 105.77
4005.4855639241 105.60
4063.7466930387 105.43
4122.8552497902 105.26
4182.8235602974 105.09
4243.6641299665 104.93
4305.3896460992 104.77
4368.0129805382 104.61
4431.5471923516 104.46
4496.0055305558 104.31
4561.4014368787 104.16
4627.7485485626 104.00
4695.0607012081 103.83
4763.3519316592 103.65
4832.6364809305 103.47
4902.9287971769 103.29
4974.2435387067 103.09
5046.595577038 102.90
5120.0000000002 102.70
5194.4721148803 102.49
5270.0274516149 102.27
5346.6817660286 102.05
5424.4510431198 101.83
5503.3515003942 101.60
5583.3995912463 101.37
5664.6120083911 101.14
5747.0056873442 100.91
5830.5978099545 100.68
5915.4058079863 100.47
6001.4473667548 100.25
6088.7404288142 100.05
6177.3031976989 99.87
6267.1541417201 99.70
6358.3119978165 99.55
6450.795775462 99.43
6544.6247606297 99.33
6639.8185198134 99.26
6736.3969041085 99.22
6834.3800533509 99.22
6933.7884003172 99.25
7034.6426749857 99.33
7136.9639088592 99.46
7240.7734393506 99.63
7346.0929142326 99.83
7452.9442961523 100.08
7561.3498672106 100.36
7671.3322336089 100.66
7782.9143303638 100.92
7896.119426089 101.10
8010.9711278481 101.12
8127.4933860775 100.94
8245.7104995805 100.54
8365.6471205948 99.92
8487.328259933 99.14
8610.7792921984 98.22
8736.0259610765 97.21
8863.0943847033 96.15
8992.0110611117 95.08
9122.8028737575 94.03
9255.4970971253 93.03
9390.1214024162 92.09
9526.7038633184 91.22
9665.272961861 90.42
9805.8575943538 89.69
9948.4870774134 89.02
10093.191154076 88.42
10240.0000000005 87.89
10388.9442297607 87.42
10540.0549032298 87.01
10693.3635320572 86.67
10848.9020862397 86.39
11006.7030007884 86.18
11166.7991824927 86.02
11329.2240167822 85.94
11494.0113746885 85.92
11661.1956199091 85.99
11830.8116159726 86.11
12002.8947335097 86.33
12177.4808576284 86.63
12354.6063953979 87.08
12534.3082834402 87.64
12716.6239956331 88.35
12901.5915509241 89.26
13089.2495212594 90.29
13279.637039627 91.50
13472.7938082171 92.89
13668.7601067018 94.36
13867.5768006344 95.77
14069.2853499715 96.91
14273.9278177184 97.76
14481.5468787012 98.07
14692.1858284653 97.83
14905.8885923047 97.24
15122.6997344212 96.47
15342.6644672179 95.68
15565.8286607277 94.97
15792.2388521781 94.38
16021.9422556964 93.84
16254.9867721551 93.26
16491.4209991611 92.52
16731.2942411897 91.56
16974.656519866 90.40
17221.5585843969 89.09
17472.0519221531 87.71
17726.1887694067 86.32
17984.0221222235 84.97
18245.605747515 83.69
18510.9941942506 82.43
18780.2428048326 81.13
19053.4077266369 79.76
19330.545923722 78.40
19611.7151887077 77.19
19896.9741548268 76.65
20186.382308152 76.65
