20 101.55
20.2909066988 101.55
20.5860447329 101.57
20.8854756485 101.59
21.1892618872 101.62
21.4974667984 101.64
21.8101546533 101.67
22.1273906578 101.70
22.4492409662 101.73
22.7757726951 101.76
23.1070539374 101.78
23.4431537764 101.81
23.7841423001 101.83
24.130090616 101.85
24.4810708661 101.87
24.8371562415 101.89
25.1984209979 101.90
25.5649404712 101.92
25.936791093 101.94
26.3140504067 101.97
26.6967970834 101.99
27.0851109387 102.01
27.4790729492 102.03
27.878765269 102.05
28.2842712475 102.06
28.6956754462 102.07
29.1130636568 102.09
29.5365229188 102.11
29.9661415375 102.13
30.402009103 102.15
30.8442165082 102.16
31.2928559682 102.16
31.7480210394 102.16
32.209806639 102.16
32.6783090648 102.16
33.1536260154 102.17
33.6358566101 102.17
34.1251014105 102.16
34.6214624402 102.16
35.1250432075 102.15
35.6359487256 102.15
36.1542855356 102.14
36.6801617282 102.13
37.2136869661 102.12
37.7549725073 102.10
38.3041312279 102.09
38.8612776461 102.07
39.4265279456 102.06
40 102.04
40.5818133975 102.02
41.1720894657 102.00
41.7709512971 101.97
42.3785237744 101.95
42.9949335968 101.92
43.6203093066 101.89
44.2547813156 101.87
44.8984819324 101.84
45.5515453903 101.81
46.2141078749 101.78
46.8863075528 101.75
47.5682846001 101.71
48.260181232 101.67
48.9621417322 101.62
49.6743124829 101.57
50.3968419958 101.53
51.1298809424 101.50
51.873582186 101.47
52.6281008133 101.44
53.3935941668 101.40
54.1702218775 101.36
54.9581458983 101.31
55.757530538 101.26
56.5685424949 101.22
57.3913508924 101.18
58.2261273137 101.13
59.0730458376 101.09
59.9322830751 101.04
60.804018206 100.99
61.6884330163 100.95
62.5857119363 100.90
63.4960420787 100.86
64.419613278 100.81
65.3566181296 100.76
66.3072520307 100.72
67.2717132203 100.67
68.2502028209 100.62
69.2429248805 100.57
70.2500864149 100.52
71.2718974512 100.47
72.3085710713 100.41
73.3603234564 100.36
74.4273739322 100.30
75.5099450145 100.25
76.6082624559 100.19
77.7225552923 100.12
78.8530558912 100.06
80 100.00
81.163626795 99.94
82.3441789315 99.87
83.5419025942 99.80
84.7570475487 99.74
85.9898671937 99.67
87.2406186132 99.60
88.5095626311 99.53
89.7969638648 99.46
91.1030907805 99.39
92.4282157498 99.32
93.7726151055 99.25
95.1365692002 99.19
96.520362464 99.12
97.9242834644 99.06
99.3486249659 99.00
100.7936839916 98.93
102.2597618848 98.87
103.7471643721 98.81
105.2562016267 98.74
106.7871883336 98.68
108.340443755 98.61
109.9162917966 98.54
111.5150610759 98.47
113.1370849898 98.41
114.7827017849 98.33
116.4522546274 98.26
118.1460916752 98.19
119.8645661501 98.12
121.6080364119 98.05
123.3768660326 97.98
125.1714238726 97.91
126.9920841575 97.84
128.8392265559 97.76
130.7132362593 97.69
132.6145040614 97.63
134.5434264406 97.56
136.5004056418 97.49
138.485849761 97.42
140.5001728299 97.36
142.5437949025 97.29
144.6171421426 97.22
146.7206469127 97.15
148.8547478643 97.09
151.0198900291 97.02
153.2165249118 96.96
155.4451105846 96.89
157.7061117824 96.83
160 96.76
162.32725359 96.69
164.688357863 96.63
167.0838051884 96.55
169.5140950975 96.49
171.9797343873 96.42
174.4812372264 96.35
177.0191252622 96.28
179.5939277295 96.22
182.2061815611 96.15
184.8564314996 96.08
187.5452302111 96.01
190.2731384004 95.94
193.0407249281 95.87
195.8485669287 95.79
198.6972499318 95.72
201.5873679832 95.64
204.5195237697 95.56
207.4943287442 95.48
210.5124032534 95.40
213.5743766672 95.33
216.6808875099 95.25
219.8325835933 95.19
223.0301221518 95.12
226.2741699797 95.06
229.5654035698 95.00
232.9045092548 94.94
236.2921833503 94.88
239.7291323003 94.82
243.2160728239 94.76
246.7537320653 94.71
250.3428477452 94.65
253.9841683149 94.59
257.6784531119 94.54
261.4264725186 94.49
265.2290081229 94.43
269.0868528812 94.37
273.0008112836 94.32
276.971699522 94.26
281.0003456597 94.20
285.0875898049 94.15
289.2342842852 94.10
293.4412938255 94.05
297.7094957287 94.00
302.0397800581 93.95
306.4330498235 93.90
310.8902211692 93.85
315.4122235649 93.80
320 93.76
324.65450718 93.71
329.3767157259 93.66
334.1676103768 93.62
339.028190195 93.58
343.9594687746 93.54
348.9624744529 93.50
354.0382505244 93.47
359.187855459 93.44
364.4123631221 93.42
369.7128629991 93.40
375.0904604222 93.39
380.5462768009 93.38
386.0814498562 93.36
391.6971338575 93.33
397.3944998635 93.30
403.1747359664 93.26
409.0390475393 93.22
414.9886574883 93.18
421.0248065068 93.14
427.1487533344 93.10
433.3617750198 93.06
439.6651671866 93.02
446.0602443037 92.98
452.5483399594 92.95
459.1308071395 92.91
465.8090185095 92.88
472.5843667007 92.85
479.4582646005 92.82
486.4321456477 92.80
493.5074641306 92.77
500.6856954905 92.75
507.9683366298 92.72
515.3569062238 92.70
522.8529450372 92.68
530.4580162458 92.66
538.1737057624 92.64
546.0016225673 92.62
553.9433990439 92.60
562.0006913195 92.58
570.1751796098 92.56
578.4685685703 92.54
586.882587651 92.52
595.4189914574 92.51
604.0795601163 92.49
612.8660996471 92.47
621.7804423383 92.45
630.8244471297 92.44
640 92.42
649.30901436 92.41
658.7534314519 92.40
668.3352207536 92.38
678.05638039 92.37
687.9189375493 92.36
697.9249489058 92.35
708.0765010489 92.33
718.375710918 92.33
728.8247262443 92.32
739.4257259983 92.31
750.1809208443 92.31
761.0925536018 92.32
772.1628997124 92.32
783.394267715 92.32
794.7889997271 92.33
806.3494719327 92.34
818.0780950787 92.35
829.9773149767 92.37
842.0496130136 92.38
854.2975066688 92.40
866.7235500396 92.43
879.3303343732 92.45
892.1204886074 92.49
905.0966799188 92.52
918.2616142791 92.57
931.618037019 92.62
945.1687334013 92.68
958.9165292011 92.75
972.8642912955 92.83
987.0149282611 92.92
1001.371390981 93.03
1015.9366732597 93.16
1030.7138124476 93.30
1045.7058900743 93.46
1060.9160324916 93.64
1076.3474115248 93.85
1092.0032451345 94.07
1107.8867980879 94.29
1124.0013826389 94.53
1140.3503592197 94.76
1156.9371371406 94.99
1173.765175302 95.22
1190.8379829148 95.43
1208.1591202326 95.64
1225.7321992942 95.83
1243.5608846767 96.01
1261.6488942595 96.17
1280 96.30
1298.6180287201 96.43
1317.5068629037 96.56
1336.6704415071 96.74
1356.1127607799 96.97
1375.8378750985 97.19
1395.8498978116 97.38
1416.1530020977 97.54
1436.751421836 97.69
1457.6494524886 97.83
1478.8514519966 97.97
1500.3618416887 98.10
1522.1851072035 98.24
1544.3257994247 98.37
1566.78853543 98.50
1589.5779994541 98.63
1612.6989438655 98.77
1636.1561901574 98.90
1659.9546299533 99.04
1684.0992260271 99.18
1708.5950133377 99.32
1733.4471000793 99.46
1758.6606687464 99.61
1784.2409772148 99.76
1810.1933598376 99.91
1836.5232285581 100.07
1863.2360740381 100.22
1890.3374668026 100.38
1917.8330584022 100.53
1945.7285825909 100.69
1974.0298565222 100.84
2002.742781962 101.00
2031.8733465194 101.15
2061.4276248951 101.30
2091.4117801487 101.45
2121.8320649832 101.60
2152.6948230496 101.74
2184.0064902691 101.87
2215.7735961758 102.00
2248.0027652779 102.13
2280.7007184393 102.24
2313.8742742813 102.35
2347.530350604 102.45
2381.6759658296 102.54
2416.3182404652 102.63
2451.4643985884 102.70
2487.1217693533 102.76
2523.297788519 102.81
2560.0000000001 102.85
2597.2360574402 102.89
2635.0137258074 102.91
2673.3408830143 102.93
2712.2255215599 102.94
2751.6757501971 102.94
2791.6997956232 102.94
2832.3060041955 102.93
2873.5028436721 102.91
2915.2989049772 102.90
2957.7029039931 102.87
3000.7236833774 102.84
3044.3702144071 102.81
3088.6515988494 102.77
3133.57707086 102.73
3179.1559989082 102.68
3225.397887731 102.63
3272.3123803148 102.57
3319.9092599067 102.50
3368.1984520542 102.43
3417.1900266754 102.35
3466.8942001586 102.26
3517.3213374928 102.17
3568.4819544296 102.08
3620.3867196753 101.98
3673.0464571163 101.87
3726.4721480761 101.77
3780.6749336053 101.66
3835.6661168044 101.54
3891.4571651819 101.41
3948.0597130445 101.29
4005.4855639241 101.15
4063.7466930387 101.00
4122.8552497902 100.84
4182.8235602974 100.67
4243.6641299665 100.48
4305.3896460992 100.28
4368.0129805382 100.06
4431.5471923516 99.83
4496.0055305558 99.58
4561.4014368787 99.31
4627.7485485626 99.02
4695.0607012081 98.70
4763.3519316592 98.38
4832.6364809305 98.04
4902.9287971769 97.68
4974.2435387067 97.31
5046.595577038 96.93
5120.0000000002 96.55
5194.4721148803 96.16
5270.0274516149 95.76
5346.6817660286 95.36
5424.4510431198 95.02
5503.3515003942 94.69
5583.3995912463 94.35
5664.6120083911 94.01
5747.0056873442 93.67
5830.5978099545 93.36
5915.4058079863 93.06
6001.4473667548 92.79
6088.7404288142 92.54
6177.3031976989 92.32
6267.1541417201 92.12
6358.3119978165 91.96
6450.795775462 91.83
6544.6247606297 91.74
6639.8185198134 91.71
6736.3969041085 91.73
6834.3800533509 91.82
6933.7884003172 91.98
7034.6426749857 92.24
7136.9639088592 92.62
7240.7734393506 93.10
7346.0929142326 93.68
7452.9442961523 94.38
7561.3498672106 95.20
7671.3322336089 96.11
7782.9143303638 97.05
7896.119426089 97.86
8010.9711278481 98.23
8127.4933860775 97.86
8245.7104995805 96.75
8365.6471205948 95.23
8487.328259933 93.60
8610.7792921984 92.00
8736.0259610765 90.46
8863.0943847033 89.00
8992.0110611117 87.63
9122.8028737575 86.37
9255.4970971253 85.22
9390.1214024162 84.18
9526.7038633184 83.22
9665.272961861 82.40
9805.8575943538 81.77
9948.4870774134 81.44
10093.191154076 81.54
10240.0000000005 82.00
10388.9442297607 82.67
10540.0549032298 83.36
10693.3635320572 83.95
10848.9020862397 84.36
11006.7030007884 84.59
11166.7991824927 84.64
11329.2240167822 84.53
11494.0113746885 84.31
11661.1956199091 84.39
11830.8116159726 84.57
12002.8947335097 84.75
12177.4808576284 84.96
12354.6063953979 85.19
12534.3082834402 85.46
12716.6239956331 85.71
12901.5915509241 85.90
13089.2495212594 86.06
13279.637039627 86.11
13472.7938082171 86.05
13668.7601067018 85.89
13867.5768006344 85.67
14069.2853499715 85.44
14273.9278177184 85.24
14481.5468787012 85.17
14692.1858284653 85.31
14905.8885923047 85.66
15122.6997344212 86.29
15342.6644672179 87.21
15565.8286607277 88.34
15792.2388521781 89.20
16021.9422556964 88.88
16254.9867721551 86.88
16491.4209991611 84.14
16731.2942411897 81.60
16974.656519866 79.33
17221.5585843969 77.40
17472.0519221531 75.82
17726.1887694067 74.48
17984.0221222235 73.32
18245.605747515 72.45
18510.9941942506 71.90
18780.2428048326 71.48
19053.4077266369 70.25
19330.545923722 68.18
19611.7151887077 67.62
19896.9741548268 67.29
20186.382308152 67.29
