20 106.08
20.2909066988 106.08
20.5860447329 106.09
20.8854756485 106.09
21.1892618872 106.09
21.4974667984 106.09
21.8101546533 106.10
22.1273906578 106.11
22.4492409662 106.12
22.7757726951 106.13
23.1070539374 106.14
23.4431537764 106.14
23.7841423001 106.15
24.130090616 106.15
24.4810708661 106.16
24.8371562415 106.16
25.1984209979 106.16
25.5649404712 106.16
25.936791093 106.16
26.3140504067 106.16
26.6967970834 106.16
27.0851109387 106.16
27.4790729492 106.16
27.878765269 106.15
28.2842712475 106.14
28.6956754462 106.14
29.1130636568 106.13
29.5365229188 106.13
29.9661415375 106.13
30.402009103 106.13
30.8442165082 106.13
31.2928559682 106.12
31.7480210394 106.11
32.209806639 106.10
32.6783090648 106.08
33.1536260154 106.07
33.6358566101 106.05
34.1251014105 106.03
34.6214624402 106.01
35.1250432075 105.99
35.6359487256 105.96
36.1542855356 105.93
36.6801617282 105.90
37.2136869661 105.87
37.7549725073 105.84
38.3041312279 105.81
38.8612776461 105.78
39.4265279456 105.75
40 105.71
40.5818133975 105.68
41.1720894657 105.63
41.7709512971 105.59
42.3785237744 105.55
42.9949335968 105.50
43.6203093066 105.46
44.2547813156 105.41
44.8984819324 105.37
45.5515453903 105.32
46.2141078749 105.27
46.8863075528 105.22
47.5682846001 105.17
48.260181232 105.12
48.9621417322 105.07
49.6743124829 105.02
50.3968419958 104.97
51.1298809424 104.92
51.873582186 104.86
52.6281008133 104.80
53.3935941668 104.75
54.1702218775 104.69
54.9581458983 104.63
55.757530538 104.58
56.5685424949 104.53
57.3913508924 104.46
58.2261273137 104.40
59.0730458376 104.34
59.9322830751 104.22
60.804018206 104.17
61.6884330163 104.17
62.5857119363 104.11
63.4960420787 104.05
64.419613278 103.99
65.3566181296 103.94
66.3072520307 103.87
67.2717132203 103.81
68.2502028209 103.75
69.2429248805 103.69
70.2500864149 103.63
71.2718974512 103.56
72.3085710713 103.50
73.3603234564 103.43
74.4273739322 103.36
75.5099450145 103.29
76.6082624559 103.22
77.7225552923 103.16
78.8530558912 103.08
80 103.00
81.163626795 102.93
82.3441789315 102.86
83.5419025942 102.78
84.7570475487 102.70
85.9898671937 102.63
87.2406186132 102.55
88.5095626311 102.48
89.7969638648 102.40
91.1030907805 102.32
92.4282157498 102.25
93.7726151055 102.17
95.1365692002 102.10
96.520362464 102.03
97.9242834644 101.96
99.3486249659 101.89
100.7936839916 101.82
102.2597618848 101.75
103.7471643721 101.68
105.2562016267 101.62
106.7871883336 101.55
108.340443755 101.48
109.9162917966 101.40
111.5150610759 101.33
113.1370849898 101.26
114.7827017849 101.18
116.4522546274 101.11
118.1460916752 101.02
119.8645661501 100.96
121.6080364119 100.90
123.3768660326 100.83
125.1714238726 100.76
126.9920841575 100.68
128.8392265559 100.61
130.7132362593 100.54
132.6145040614 100.47
134.5434264406 100.39
136.5004056418 100.32
138.485849761 100.26
140.5001728299 100.20
142.5437949025 100.13
144.6171421426 100.07
146.7206469127 100.00
148.8547478643 99.94
151.0198900291 99.88
153.2165249118 99.81
155.4451105846 99.75
157.7061117824 99.68
160 99.62
162.32725359 99.55
164.688357863 99.49
167.0838051884 99.42
169.5140950975 99.35
171.9797343873 99.28
174.4812372264 99.21
177.0191252622 99.13
179.5939277295 99.09
182.2061815611 99.00
184.8564314996 98.92
187.5452302111 98.85
190.2731384004 98.81
193.0407249281 98.80
195.8485669287 98.81
198.6972499318 98.84
201.5873679832 98.86
204.5195237697 98.88
207.4943287442 98.87
210.5124032534 98.86
213.5743766672 98.82
216.6808875099 98.77
219.8325835933 98.71
223.0301221518 98.66
226.2741699797 98.60
229.5654035698 98.55
232.9045092548 98.50
236.2921833503 98.45
239.7291323003 98.40
243.2160728239 98.37
246.7537320653 98.33
250.3428477452 98.29
253.9841683149 98.25
257.6784531119 98.21
261.4264725186 98.18
265.2290081229 98.14
269.0868528812 98.11
273.0008112836 98.08
276.971699522 98.05
281.0003456597 98.02
285.0875898049 97.99
289.2342842852 97.96
293.4412938255 97.94
297.7094957287 97.91
302.0397800581 97.89
306.4330498235 97.88
310.8902211692 97.86
315.4122235649 97.84
320 97.83
324.65450718 97.81
329.3767157259 97.80
334.1676103768 97.78
339.028190195 97.77
343.9594687746 97.76
348.9624744529 97.74
354.0382505244 97.73
359.187855459 97.72
364.4123631221 97.70
369.7128629991 97.68
375.0904604222 97.66
380.5462768009 97.65
386.0814498562 97.63
391.6971338575 97.61
397.3944998635 97.59
403.1747359664 97.58
409.0390475393 97.56
414.9886574883 97.54
421.0248065068 97.52
427.1487533344 97.50
433.3617750198 97.48
439.6651671866 97.46
446.0602443037 97.44
452.5483399594 97.43
459.1308071395 97.42
465.8090185095 97.41
472.5843667007 97.43
479.4582646005 97.47
486.4321456477 97.52
493.5074641306 97.57
500.6856954905 97.60
507.9683366298 97.61
515.3569062238 97.61
522.8529450372 97.61
530.4580162458 97.60
538.1737057624 97.60
546.0016225673 97.60
553.9433990439 97.59
562.0006913195 97.58
570.1751796098 97.58
578.4685685703 97.57
586.882587651 97.56
595.4189914574 97.56
604.0795601163 97.55
612.8660996471 97.54
621.7804423383 97.53
630.8244471297 97.53
640 97.52
649.30901436 97.51
658.7534314519 97.52
668.3352207536 97.50
678.05638039 97.49
687.9189375493 97.48
697.9249489058 97.48
708.0765010489 97.47
718.375710918 97.46
728.8247262443 97.46
739.4257259983 97.45
750.1809208443 97.44
761.0925536018 97.43
772.1628997124 97.40
783.394267715 97.38
794.7889997271 97.38
806.3494719327 97.38
818.0780950787 97.40
829.9773149767 97.41
842.0496130136 97.42
854.2975066688 97.44
866.7235500396 97.47
879.3303343732 97.49
892.1204886074 97.52
905.0966799188 97.55
918.2616142791 97.58
931.618037019 97.61
945.1687334013 97.65
958.9165292011 97.70
972.8642912955 97.76
987.0149282611 97.82
1001.371390981 97.89
1015.9366732597 97.97
1030.7138124476 98.05
1045.7058900743 98.15
1060.9160324916 98.25
1076.3474115248 98.35
1092.0032451345 98.47
1107.8867980879 98.59
1124.0013826389 98.73
1140.3503592197 98.88
1156.9371371406 99.04
1173.765175302 99.20
1190.8379829148 99.39
1208.1591202326 99.57
1225.7321992942 99.76
1243.5608846767 99.95
1261.6488942595 100.13
1280 100.32
1298.6180287201 100.48
1317.5068629037 100.65
1336.6704415071 100.80
1356.1127607799 100.94
1375.8378750985 101.07
1395.8498978116 101.20
1416.1530020977 101.31
1436.751421836 101.42
1457.6494524886 101.52
1478.8514519966 101.61
1500.3618416887 101.70
1522.1851072035 101.78
1544.3257994247 101.86
1566.78853543 101.93
1589.5779994541 102.00
1612.6989438655 102.08
1636.1561901574 102.15
1659.9546299533 102.23
1684.0992260271 102.30
1708.5950133377 102.38
1733.4471000793 102.46
1758.6606687464 102.54
1784.2409772148 102.63
1810.1933598376 102.72
1836.5232285581 102.82
1863.2360740381 102.91
1890.3374668026 103.02
1917.8330584022 103.12
1945.7285825909 103.23
1974.0298565222 103.34
2002.742781962 103.46
2031.8733465194 103.58
2061.4276248951 103.70
2091.4117801487 103.83
2121.8320649832 103.96
2152.6948230496 104.10
2184.0064902691 104.24
2215.7735961758 104.38
2248.0027652779 104.52
2280.7007184393 104.67
2313.8742742813 104.82
2347.530350604 104.97
2381.6759658296 105.12
2416.3182404652 105.27
2451.4643985884 105.42
2487.1217693533 105.57
2523.297788519 105.72
2560.0000000001 105.86
2597.2360574402 106.00
2635.0137258074 106.13
2673.3408830143 106.25
2712.2255215599 106.36
2751.6757501971 106.46
2791.6997956232 106.54
2832.3060041955 106.61
2873.5028436721 106.66
2915.2989049772 106.70
2957.7029039931 106.71
3000.7236833774 106.70
3044.3702144071 106.67
3088.6515988494 106.62
3133.57707086 106.54
3179.1559989082 106.44
3225.397887731 106.32
3272.3123803148 106.18
3319.9092599067 106.02
3368.1984520542 105.85
3417.1900266754 105.67
3466.8942001586 105.48
3517.3213374928 105.29
3568.4819544296 105.10
3620.3867196753 104.91
3673.0464571163 104.73
3726.4721480761 104.56
3780.6749336053 104.41
3835.6661168044 104.26
3891.4571651819 104.13
3948.0597130445 104.01
4005.4855639241 103.91
4063.7466930387 103.83
4122.8552497902 103.75
4182.8235602974 103.69
4243.6641299665 103.65
4305.3896460992 103.61
4368.0129805382 103.58
4431.5471923516 103.56
4496.0055305558 103.54
4561.4014368787 103.53
4627.7485485626 103.52
4695.0607012081 103.51
4763.3519316592 103.49
4832.6364809305 103.47
4902.9287971769 103.45
4974.2435387067 103.40
5046.595577038 103.34
5120.0000000002 103.25
5194.4721148803 103.13
5270.0274516149 102.96
5346.6817660286 102.75
5424.4510431198 102.48
5503.3515003942 102.15
5583.3995912463 101.76
5664.6120083911 101.33
5747.0056873442 100.86
5830.5978099545 100.38
5915.4058079863 99.90
6001.4473667548 99.44
6088.7404288142 99.02
6177.3031976989 98.66
6267.1541417201 98.37
6358.3119978165 98.17
6450.795775462 98.07
6544.6247606297 98.08
6639.8185198134 98.21
6736.3969041085 98.44
6834.3800533509 98.76
6933.7884003172 99.14
7034.6426749857 99.54
7136.9639088592 99.94
7240.7734393506 100.27
7346.0929142326 100.54
7452.9442961523 100.78
7561.3498672106 101.04
7671.3322336089 101.35
7782.9143303638 101.71
7896.119426089 102.08
8010.9711278481 102.36
8127.4933860775 102.40
8245.7104995805 102.03
8365.6471205948 101.27
8487.328259933 100.41
8610.7792921984 99.50
8736.0259610765 98.44
8863.0943847033 97.33
8992.0110611117 96.34
9122.8028737575 95.62
9255.4970971253 95.22
9390.1214024162 95.12
9526.7038633184 95.30
9665.272961861 95.74
9805.8575943538 96.28
9948.4870774134 96.77
10093.191154076 97.06
10240.0000000005 97.05
10388.9442297607 96.72
10540.0549032298 96.15
10693.3635320572 95.48
10848.9020862397 94.80
11006.7030007884 94.18
11166.7991824927 93.64
11329.2240167822 93.15
11494.0113746885 92.81
11661.1956199091 92.61
11830.8116159726 92.50
12002.8947335097 92.65
12177.4808576284 92.81
12354.6063953979 93.03
12534.3082834402 92.98
12716.6239956331 92.62
12901.5915509241 92.35
13089.2495212594 92.27
13279.637039627 91.68
13472.7938082171 90.97
13668.7601067018 90.50
13867.5768006344 90.32
14069.2853499715 90.48
14273.9278177184 90.86
14481.5468787012 91.67
14692.1858284653 92.84
14905.8885923047 93.93
15122.6997344212 94.45
15342.6644672179 94.12
15565.8286607277 93.14
15792.2388521781 92.08
16021.9422556964 91.24
16254.9867721551 90.56
16491.4209991611 89.83
16731.2942411897 88.82
16974.656519866 87.49
17221.5585843969 86.01
17472.0519221531 84.59
17726.1887694067 83.45
17984.0221222235 82.74
18245.605747515 82.51
18510.9941942506 82.65
18780.2428048326 82.66
19053.4077266369 82.41
19330.545923722 81.77
19611.7151887077 80.20
19896.9741548268 79.06
20186.382308152 79.06
