20 105.37
20.2909066988 105.37
20.5860447329 105.38
20.8854756485 105.38
21.1892618872 105.39
21.4974667984 105.40
21.8101546533 105.41
22.1273906578 105.42
22.4492409662 105.44
22.7757726951 105.45
23.1070539374 105.47
23.4431537764 105.48
23.7841423001 105.49
24.130090616 105.50
24.4810708661 105.50
24.8371562415 105.50
25.1984209979 105.51
25.5649404712 105.52
25.936791093 105.53
26.3140504067 105.54
26.6967970834 105.55
27.0851109387 105.56
27.4790729492 105.57
27.878765269 105.58
28.2842712475 105.59
28.6956754462 105.60
29.1130636568 105.61
29.5365229188 105.62
29.9661415375 105.62
30.402009103 105.63
30.8442165082 105.63
31.2928559682 105.63
31.7480210394 105.64
32.209806639 105.64
32.6783090648 105.64
33.1536260154 105.64
33.6358566101 105.63
34.1251014105 105.63
34.6214624402 105.62
35.1250432075 105.61
35.6359487256 105.60
36.1542855356 105.59
36.6801617282 105.58
37.2136869661 105.56
37.7549725073 105.55
38.3041312279 105.53
38.8612776461 105.51
39.4265279456 105.50
40 105.48
40.5818133975 105.46
41.1720894657 105.43
41.7709512971 105.41
42.3785237744 105.39
42.9949335968 105.36
43.6203093066 105.33
44.2547813156 105.31
44.8984819324 105.28
45.5515453903 105.26
46.2141078749 105.23
46.8863075528 105.19
47.5682846001 105.16
48.260181232 105.14
48.9621417322 105.10
49.6743124829 105.07
50.3968419958 105.04
51.1298809424 105.01
51.873582186 104.97
52.6281008133 104.94
53.3935941668 104.90
54.1702218775 104.87
54.9581458983 104.84
55.757530538 104.80
56.5685424949 104.76
57.3913508924 104.72
58.2261273137 104.68
59.0730458376 104.64
59.9322830751 104.63
60.804018206 104.58
61.6884330163 104.51
62.5857119363 104.48
63.4960420787 104.44
64.419613278 104.41
65.3566181296 104.36
66.3072520307 104.33
67.2717132203 104.29
68.2502028209 104.25
69.2429248805 104.20
70.2500864149 104.16
71.2718974512 104.11
72.3085710713 104.07
73.3603234564 104.02
74.4273739322 103.97
75.5099450145 103.92
76.6082624559 103.86
77.7225552923 103.81
78.8530558912 103.75
80 103.70
81.163626795 103.63
82.3441789315 103.57
83.5419025942 103.51
84.7570475487 103.45
85.9898671937 103.38
87.2406186132 103.31
88.5095626311 103.24
89.7969638648 103.17
91.1030907805 103.11
92.4282157498 103.04
93.7726151055 102.98
95.1365692002 102.93
96.520362464 102.88
97.9242834644 102.83
99.3486249659 102.78
100.7936839916 102.73
102.2597618848 102.68
103.7471643721 102.63
105.2562016267 102.58
106.7871883336 102.53
108.340443755 102.47
109.9162917966 102.41
111.5150610759 102.34
113.1370849898 102.28
114.7827017849 102.21
116.4522546274 102.15
118.1460916752 102.07
119.8645661501 102.01
121.6080364119 101.95
123.3768660326 101.87
125.1714238726 101.80
126.9920841575 101.73
128.8392265559 101.66
130.7132362593 101.60
132.6145040614 101.53
134.5434264406 101.47
136.5004056418 101.41
138.485849761 101.36
140.5001728299 101.30
142.5437949025 101.25
144.6171421426 101.20
146.7206469127 101.14
148.8547478643 101.09
151.0198900291 101.04
153.2165249118 100.99
155.4451105846 100.93
157.7061117824 100.87
160 100.81
162.32725359 100.75
164.688357863 100.68
167.0838051884 100.61
169.5140950975 100.53
171.9797343873 100.46
174.4812372264 100.40
177.0191252622 100.34
179.5939277295 100.26
182.2061815611 100.23
184.8564314996 100.18
187.5452302111 100.12
190.2731384004 100.06
193.0407249281 99.98
195.8485669287 99.90
198.6972499318 99.82
201.5873679832 99.73
204.5195237697 99.64
207.4943287442 99.56
210.5124032534 99.47
213.5743766672 99.39
216.6808875099 99.31
219.8325835933 99.23
223.0301221518 99.15
226.2741699797 99.08
229.5654035698 99.01
232.9045092548 98.95
236.2921833503 98.88
239.7291323003 98.79
243.2160728239 98.78
246.7537320653 98.72
250.3428477452 98.66
253.9841683149 98.60
257.6784531119 98.53
261.4264725186 98.47
265.2290081229 98.40
269.0868528812 98.34
273.0008112836 98.27
276.971699522 98.21
281.0003456597 98.14
285.0875898049 98.08
289.2342842852 98.02
293.4412938255 97.96
297.7094957287 97.90
302.0397800581 97.84
306.4330498235 97.78
310.8902211692 97.73
315.4122235649 97.68
320 97.63
324.65450718 97.59
329.3767157259 97.54
334.1676103768 97.49
339.028190195 97.44
343.9594687746 97.39
348.9624744529 97.34
354.0382505244 97.29
359.187855459 97.23
364.4123631221 97.18
369.7128629991 97.13
375.0904604222 97.08
380.5462768009 97.02
386.0814498562 96.97
391.6971338575 96.92
397.3944998635 96.87
403.1747359664 96.82
409.0390475393 96.76
414.9886574883 96.71
421.0248065068 96.66
427.1487533344 96.61
433.3617750198 96.56
439.6651671866 96.52
446.0602443037 96.47
452.5483399594 96.43
459.1308071395 96.39
465.8090185095 96.35
472.5843667007 96.31
479.4582646005 96.27
486.4321456477 96.23
493.5074641306 96.20
500.6856954905 96.16
507.9683366298 96.12
515.3569062238 96.09
522.8529450372 96.04
530.4580162458 96.00
538.1737057624 95.97
546.0016225673 95.96
553.9433990439 95.97
562.0006913195 95.98
570.1751796098 95.96
578.4685685703 95.94
586.882587651 95.91
595.4189914574 95.88
604.0795601163 95.85
612.8660996471 95.82
621.7804423383 95.79
630.8244471297 95.76
640 95.73
649.30901436 95.72
658.7534314519 95.70
668.3352207536 95.70
678.05638039 95.70
687.9189375493 95.70
697.9249489058 95.69
708.0765010489 95.68
718.375710918 95.67
728.8247262443 95.66
739.4257259983 95.65
750.1809208443 95.64
761.0925536018 95.63
772.1628997124 95.61
783.394267715 95.61
794.7889997271 95.62
806.3494719327 95.65
818.0780950787 95.67
829.9773149767 95.70
842.0496130136 95.72
854.2975066688 95.75
866.7235500396 95.79
879.3303343732 95.82
892.1204886074 95.88
905.0966799188 95.93
918.2616142791 95.97
931.618037019 96.03
945.1687334013 96.10
958.9165292011 96.18
972.8642912955 96.26
987.0149282611 96.36
1001.371390981 96.47
1015.9366732597 96.59
1030.7138124476 96.71
1045.7058900743 96.85
1060.9160324916 97.00
1076.3474115248 97.16
1092.0032451345 97.32
1107.8867980879 97.49
1124.0013826389 97.67
1140.3503592197 97.85
1156.9371371406 98.04
1173.765175302 98.23
1190.8379829148 98.43
1208.1591202326 98.64
1225.7321992942 98.84
1243.5608846767 99.04
1261.6488942595 99.25
1280 99.46
1298.6180287201 99.66
1317.5068629037 99.87
1336.6704415071 100.08
1356.1127607799 100.28
1375.8378750985 100.48
1395.8498978116 100.68
1416.1530020977 100.88
1436.751421836 101.07
1457.6494524886 101.27
1478.8514519966 101.46
1500.3618416887 101.66
1522.1851072035 101.85
1544.3257994247 102.05
1566.78853543 102.25
1589.5779994541 102.46
1612.6989438655 102.68
1636.1561901574 102.89
1659.9546299533 103.11
1684.0992260271 103.32
1708.5950133377 103.53
1733.4471000793 103.74
1758.6606687464 103.95
1784.2409772148 104.16
1810.1933598376 104.38
1836.5232285581 104.59
1863.2360740381 104.80
1890.3374668026 105.01
1917.8330584022 105.22
1945.7285825909 105.43
1974.0298565222 105.63
2002.742781962 105.83
2031.8733465194 106.01
2061.4276248951 106.20
2091.4117801487 106.37
2121.8320649832 106.53
2152.6948230496 106.67
2184.0064902691 106.81
2215.7735961758 106.93
2248.0027652779 107.03
2280.7007184393 107.11
2313.8742742813 107.17
2347.530350604 107.22
2381.6759658296 107.24
2416.3182404652 107.24
2451.4643985884 107.23
2487.1217693533 107.20
2523.297788519 107.15
2560.0000000001 107.10
2597.2360574402 107.03
2635.0137258074 106.95
2673.3408830143 106.87
2712.2255215599 106.78
2751.6757501971 106.68
2791.6997956232 106.57
2832.3060041955 106.46
2873.5028436721 106.35
2915.2989049772 106.24
2957.7029039931 106.15
3000.7236833774 106.08
3044.3702144071 106.03
3088.6515988494 105.97
3133.57707086 105.88
3179.1559989082 105.77
3225.397887731 105.65
3272.3123803148 105.53
3319.9092599067 105.40
3368.1984520542 105.27
3417.1900266754 105.14
3466.8942001586 105.04
3517.3213374928 105.00
3568.4819544296 105.04
3620.3867196753 105.11
3673.0464571163 105.19
3726.4721480761 105.23
3780.6749336053 105.21
3835.6661168044 105.15
3891.4571651819 105.03
3948.0597130445 104.89
4005.4855639241 104.76
4063.7466930387 104.60
4122.8552497902 104.41
4182.8235602974 104.17
4243.6641299665 103.87
4305.3896460992 103.52
4368.0129805382 103.12
4431.5471923516 102.68
4496.0055305558 102.21
4561.4014368787 101.74
4627.7485485626 101.26
4695.0607012081 100.81
4763.3519316592 100.39
4832.6364809305 100.04
4902.9287971769 99.81
4974.2435387067 99.68
5046.595577038 99.65
5120.0000000002 99.67
5194.4721148803 99.73
5270.0274516149 99.79
5346.6817660286 99.77
5424.4510431198 99.64
5503.3515003942 99.40
5583.3995912463 99.10
5664.6120083911 98.76
5747.0056873442 98.42
5830.5978099545 98.10
5915.4058079863 97.80
6001.4473667548 97.53
6088.7404288142 97.31
6177.3031976989 97.13
6267.1541417201 97.00
6358.3119978165 96.92
6450.795775462 96.90
6544.6247606297 96.93
6639.8185198134 97.05
6736.3969041085 97.25
6834.3800533509 97.54
6933.7884003172 97.94
7034.6426749857 98.48
7136.9639088592 99.16
7240.7734393506 99.96
7346.0929142326 100.89
7452.9442961523 101.92
7561.3498672106 102.99
7671.3322336089 103.96
7782.9143303638 104.67
7896.119426089 104.93
8010.9711278481 104.62
8127.4933860775 103.94
8245.7104995805 103.09
8365.6471205948 102.26
8487.328259933 101.48
8610.7792921984 100.77
8736.0259610765 100.12
8863.0943847033 99.52
8992.0110611117 98.94
9122.8028737575 98.43
9255.4970971253 98.18
9390.1214024162 98.24
9526.7038633184 98.44
9665.272961861 99.09
9805.8575943538 99.70
9948.4870774134 100.39
10093.191154076 101.03
10240.0000000005 101.28
10388.9442297607 100.80
10540.0549032298 99.46
10693.3635320572 97.63
10848.9020862397 95.67
11006.7030007884 93.81
11166.7991824927 92.10
11329.2240167822 90.59
11494.0113746885 89.20
11661.1956199091 88.03
11830.8116159726 86.96
12002.8947335097 86.03
12177.4808576284 85.19
12354.6063953979 84.54
12534.3082834402 84.01
12716.6239956331 83.62
12901.5915509241 83.47
13089.2495212594 83.43
13279.637039627 83.56
13472.7938082171 83.95
13668.7601067018 84.58
13867.5768006344 85.52
14069.2853499715 86.86
14273.9278177184 88.51
14481.5468787012 90.72
14692.1858284653 93.09
14905.8885923047 94.05
15122.6997344212 93.21
15342.6644672179 91.34
15565.8286607277 89.62
15792.2388521781 88.38
16021.9422556964 87.07
16254.9867721551 85.76
16491.4209991611 88.33
16731.2942411897 89.59
16974.656519866 88.23
17221.5585843969 84.67
17472.0519221531 80.76
17726.1887694067 77.19
17984.0221222235 74.14
18245.605747515 71.57
18510.9941942506 69.32
18780.2428048326 67.23
19053.4077266369 65.36
19330.545923722 64.53
19611.7151887077 63.54
19896.9741548268 62.76
20186.382308152 62.76
