20 102.27
20.2909066988 102.27
20.5860447329 102.26
20.8854756485 102.25
21.1892618872 102.24
21.4974667984 102.23
21.8101546533 102.22
22.1273906578 102.21
22.4492409662 102.20
22.7757726951 102.19
23.1070539374 102.19
23.4431537764 102.18
23.7841423001 102.17
24.130090616 102.16
24.4810708661 102.15
24.8371562415 102.14
25.1984209979 102.13
25.5649404712 102.13
25.936791093 102.12
26.3140504067 102.11
26.6967970834 102.10
27.0851109387 102.09
27.4790729492 102.07
27.878765269 102.06
28.2842712475 102.04
28.6956754462 102.03
29.1130636568 102.01
29.5365229188 102.00
29.9661415375 101.99
30.402009103 101.97
30.8442165082 101.95
31.2928559682 101.93
31.7480210394 101.91
32.209806639 101.89
32.6783090648 101.87
33.1536260154 101.84
33.6358566101 101.82
34.1251014105 101.79
34.6214624402 101.76
35.1250432075 101.73
35.6359487256 101.69
36.1542855356 101.66
36.6801617282 101.62
37.2136869661 101.58
37.7549725073 101.54
38.3041312279 101.50
38.8612776461 101.46
39.4265279456 101.42
40 101.38
40.5818133975 101.33
41.1720894657 101.29
41.7709512971 101.24
42.3785237744 101.19
42.9949335968 101.14
43.6203093066 101.09
44.2547813156 101.03
44.8984819324 100.98
45.5515453903 100.92
46.2141078749 100.87
46.8863075528 100.81
47.5682846001 100.76
48.260181232 100.71
48.9621417322 100.66
49.6743124829 100.60
50.3968419958 100.54
51.1298809424 100.48
51.873582186 100.43
52.6281008133 100.37
53.3935941668 100.31
54.1702218775 100.26
54.9581458983 100.20
55.757530538 100.14
56.5685424949 100.08
57.3913508924 100.02
58.2261273137 99.96
59.0730458376 99.90
59.9322830751 99.84
60.804018206 99.79
61.6884330163 99.73
62.5857119363 99.67
63.4960420787 99.61
64.419613278 99.56
65.3566181296 99.50
66.3072520307 99.45
67.2717132203 99.39
68.2502028209 99.33
69.2429248805 99.28
70.2500864149 99.22
71.2718974512 99.16
72.3085710713 99.10
73.3603234564 99.04
74.4273739322 98.98
75.5099450145 98.92
76.6082624559 98.86
77.7225552923 98.80
78.8530558912 98.73
80 98.67
81.163626795 98.61
82.3441789315 98.54
83.5419025942 98.47
84.7570475487 98.42
85.9898671937 98.35
87.2406186132 98.29
88.5095626311 98.23
89.7969638648 98.17
91.1030907805 98.11
92.4282157498 98.06
93.7726151055 98.01
95.1365692002 97.95
96.520362464 97.90
97.9242834644 97.85
99.3486249659 97.80
100.7936839916 97.75
102.2597618848 97.71
103.7471643721 97.66
105.2562016267 97.61
106.7871883336 97.57
108.340443755 97.51
109.9162917966 97.46
111.5150610759 97.42
113.1370849898 97.36
114.7827017849 97.31
116.4522546274 97.26
118.1460916752 97.22
119.8645661501 97.20
121.6080364119 97.11
123.3768660326 97.06
125.1714238726 97.01
126.9920841575 96.97
128.8392265559 96.93
130.7132362593 96.88
132.6145040614 96.83
134.5434264406 96.79
136.5004056418 96.75
138.485849761 96.71
140.5001728299 96.67
142.5437949025 96.63
144.6171421426 96.59
146.7206469127 96.56
148.8547478643 96.52
151.0198900291 96.49
153.2165249118 96.46
155.4451105846 96.43
157.7061117824 96.40
160 96.37
162.32725359 96.33
164.688357863 96.30
167.0838051884 96.26
169.5140950975 96.23
171.9797343873 96.20
174.4812372264 96.16
177.0191252622 96.13
179.5939277295 96.10
182.2061815611 96.06
184.8564314996 96.03
187.5452302111 95.99
190.2731384004 95.96
193.0407249281 95.92
195.8485669287 95.88
198.6972499318 95.84
201.5873679832 95.80
204.5195237697 95.76
207.4943287442 95.72
210.5124032534 95.68
213.5743766672 95.64
216.6808875099 95.60
219.8325835933 95.57
223.0301221518 95.54
226.2741699797 95.51
229.5654035698 95.48
232.9045092548 95.46
236.2921833503 95.43
239.7291323003 95.38
243.2160728239 95.40
246.7537320653 95.38
250.3428477452 95.36
253.9841683149 95.34
257.6784531119 95.32
261.4264725186 95.30
265.2290081229 95.28
269.0868528812 95.26
273.0008112836 95.24
276.971699522 95.22
281.0003456597 95.20
285.0875898049 95.18
289.2342842852 95.16
293.4412938255 95.14
297.7094957287 95.13
302.0397800581 95.11
306.4330498235 95.10
310.8902211692 95.08
315.4122235649 95.07
320 95.06
324.65450718 95.05
329.3767157259 95.03
334.1676103768 95.02
339.028190195 95.00
343.9594687746 94.98
348.9624744529 94.97
354.0382505244 94.95
359.187855459 94.94
364.4123631221 94.91
369.7128629991 94.89
375.0904604222 94.88
380.5462768009 94.87
386.0814498562 94.87
391.6971338575 94.86
397.3944998635 94.85
403.1747359664 94.83
409.0390475393 94.81
414.9886574883 94.79
421.0248065068 94.77
427.1487533344 94.75
433.3617750198 94.75
439.6651671866 94.76
446.0602443037 94.78
452.5483399594 94.79
459.1308071395 94.78
465.8090185095 94.77
472.5843667007 94.76
479.4582646005 94.75
486.4321456477 94.74
493.5074641306 94.73
500.6856954905 94.72
507.9683366298 94.71
515.3569062238 94.69
522.8529450372 94.68
530.4580162458 94.67
538.1737057624 94.66
546.0016225673 94.65
553.9433990439 94.64
562.0006913195 94.63
570.1751796098 94.62
578.4685685703 94.61
586.882587651 94.60
595.4189914574 94.59
604.0795601163 94.57
612.8660996471 94.57
621.7804423383 94.55
630.8244471297 94.54
640 94.53
649.30901436 94.52
658.7534314519 94.51
668.3352207536 94.50
678.05638039 94.49
687.9189375493 94.48
697.9249489058 94.47
708.0765010489 94.47
718.375710918 94.46
728.8247262443 94.45
739.4257259983 94.45
750.1809208443 94.45
761.0925536018 94.45
772.1628997124 94.44
783.394267715 94.44
794.7889997271 94.44
806.3494719327 94.44
818.0780950787 94.45
829.9773149767 94.46
842.0496130136 94.47
854.2975066688 94.48
866.7235500396 94.50
879.3303343732 94.53
892.1204886074 94.56
905.0966799188 94.59
918.2616142791 94.64
931.618037019 94.69
945.1687334013 94.75
958.9165292011 94.82
972.8642912955 94.89
987.0149282611 94.98
1001.371390981 95.07
1015.9366732597 95.18
1030.7138124476 95.30
1045.7058900743 95.42
1060.9160324916 95.56
1076.3474115248 95.70
1092.0032451345 95.86
1107.8867980879 96.02
1124.0013826389 96.18
1140.3503592197 96.36
1156.9371371406 96.53
1173.765175302 96.71
1190.8379829148 96.89
1208.1591202326 97.07
1225.7321992942 97.25
1243.5608846767 97.44
1261.6488942595 97.62
1280 97.80
1298.6180287201 97.98
1317.5068629037 98.15
1336.6704415071 98.32
1356.1127607799 98.48
1375.8378750985 98.64
1395.8498978116 98.78
1416.1530020977 98.92
1436.751421836 99.06
1457.6494524886 99.19
1478.8514519966 99.31
1500.3618416887 99.44
1522.1851072035 99.56
1544.3257994247 99.67
1566.78853543 99.79
1589.5779994541 99.90
1612.6989438655 100.02
1636.1561901574 100.13
1659.9546299533 100.25
1684.0992260271 100.37
1708.5950133377 100.50
1733.4471000793 100.62
1758.6606687464 100.75
1784.2409772148 100.88
1810.1933598376 101.02
1836.5232285581 101.16
1863.2360740381 101.30
1890.3374668026 101.44
1917.8330584022 101.59
1945.7285825909 101.74
1974.0298565222 101.89
2002.742781962 102.05
2031.8733465194 102.20
2061.4276248951 102.36
2091.4117801487 102.52
2121.8320649832 102.67
2152.6948230496 102.83
2184.0064902691 102.98
2215.7735961758 103.12
2248.0027652779 103.27
2280.7007184393 103.40
2313.8742742813 103.53
2347.530350604 103.64
2381.6759658296 103.74
2416.3182404652 103.83
2451.4643985884 103.90
2487.1217693533 103.95
2523.297788519 103.99
2560.0000000001 104.01
2597.2360574402 104.02
2635.0137258074 104.01
2673.3408830143 103.99
2712.2255215599 103.96
2751.6757501971 103.91
2791.6997956232 103.85
2832.3060041955 103.78
2873.5028436721 103.69
2915.2989049772 103.59
2957.7029039931 103.48
3000.7236833774 103.35
3044.3702144071 103.21
3088.6515988494 103.07
3133.57707086 102.91
3179.1559989082 102.74
3225.397887731 102.56
3272.3123803148 102.38
3319.9092599067 102.18
3368.1984520542 101.99
3417.1900266754 101.80
3466.8942001586 101.60
3517.3213374928 101.41
3568.4819544296 101.23
3620.3867196753 101.04
3673.0464571163 100.86
3726.4721480761 100.69
3780.6749336053 100.52
3835.6661168044 100.37
3891.4571651819 100.24
3948.0597130445 100.13
4005.4855639241 100.05
4063.7466930387 100.00
4122.8552497902 99.98
4182.8235602974 100.00
4243.6641299665 100.06
4305.3896460992 100.14
4368.0129805382 100.25
4431.5471923516 100.39
4496.0055305558 100.54
4561.4014368787 100.69
4627.7485485626 100.84
4695.0607012081 100.97
4763.3519316592 101.06
4832.6364809305 101.12
4902.9287971769 101.11
4974.2435387067 101.04
5046.595577038 100.89
5120.0000000002 100.66
5194.4721148803 100.34
5270.0274516149 99.92
5346.6817660286 99.42
5424.4510431198 98.84
5503.3515003942 98.22
5583.3995912463 97.59
5664.6120083911 96.99
5747.0056873442 96.44
5830.5978099545 95.92
5915.4058079863 95.45
6001.4473667548 95.01
6088.7404288142 94.61
6177.3031976989 94.24
6267.1541417201 93.92
6358.3119978165 93.65
6450.795775462 93.42
6544.6247606297 93.24
6639.8185198134 93.13
6736.3969041085 93.09
6834.3800533509 93.12
6933.7884003172 93.24
7034.6426749857 93.46
7136.9639088592 93.80
7240.7734393506 94.22
7346.0929142326 94.74
7452.9442961523 95.34
7561.3498672106 96.02
7671.3322336089 96.75
7782.9143303638 97.46
7896.119426089 98.08
8010.9711278481 98.46
8127.4933860775 98.47
8245.7104995805 98.08
8365.6471205948 97.38
8487.328259933 96.52
8610.7792921984 95.60
8736.0259610765 94.68
8863.0943847033 93.80
8992.0110611117 92.99
9122.8028737575 92.28
9255.4970971253 91.68
9390.1214024162 91.18
9526.7038633184 90.80
9665.272961861 90.54
9805.8575943538 90.40
9948.4870774134 90.39
10093.191154076 90.52
10240.0000000005 90.79
10388.9442297607 91.22
10540.0549032298 91.84
10693.3635320572 92.65
10848.9020862397 93.62
11006.7030007884 94.68
11166.7991824927 95.57
11329.2240167822 95.76
11494.0113746885 95.16
11661.1956199091 93.72
11830.8116159726 92.20
12002.8947335097 90.77
12177.4808576284 89.55
12354.6063953979 88.72
12534.3082834402 88.17
12716.6239956331 87.99
12901.5915509241 88.10
13089.2495212594 88.32
13279.637039627 88.45
13472.7938082171 88.67
13668.7601067018 89.01
13867.5768006344 89.23
14069.2853499715 89.34
14273.9278177184 89.42
14481.5468787012 89.57
14692.1858284653 89.86
14905.8885923047 90.23
15122.6997344212 90.63
15342.6644672179 90.94
15565.8286607277 91.04
15792.2388521781 90.90
16021.9422556964 90.59
16254.9867721551 90.07
16491.4209991611 89.06
16731.2942411897 87.65
16974.656519866 86.16
17221.5585843969 84.87
17472.0519221531 83.94
17726.1887694067 83.45
17984.0221222235 83.46
18245.605747515 84.13
18510.9941942506 85.47
18780.2428048326 87.16
19053.4077266369 87.41
19330.545923722 84.96
19611.7151887077 81.21
19896.9741548268 79.26
20186.382308152 79.26
