20 97.64
20.2909066988 97.59
20.5860447329 97.56
20.8854756485 97.54
21.1892618872 97.55
21.4974667984 97.59
21.8101546533 97.63
22.1273906578 97.66
22.4492409662 97.67
22.7757726951 97.65
23.1070539374 97.62
23.4431537764 97.59
23.7841423001 97.58
24.130090616 97.59
24.4810708661 97.61
24.8371562415 97.63
25.1984209979 97.64
25.5649404712 97.64
25.936791093 97.63
26.3140504067 97.62
26.6967970834 97.60
27.0851109387 97.58
27.4790729492 97.56
27.878765269 97.55
28.2842712475 97.56
28.6956754462 97.58
29.1130636568 97.59
29.5365229188 97.57
29.9661415375 97.49
30.402009103 97.40
30.8442165082 97.38
31.2928559682 97.43
31.7480210394 97.49
32.209806639 97.51
32.6783090648 97.47
33.1536260154 97.42
33.6358566101 97.40
34.1251014105 97.44
34.6214624402 97.48
35.1250432075 97.46
35.6359487256 97.41
36.1542855356 97.38
36.6801617282 97.36
37.2136869661 97.33
37.7549725073 97.28
38.3041312279 97.23
38.8612776461 97.21
39.4265279456 97.22
40 97.21
40.5818133975 97.18
41.1720894657 97.14
41.7709512971 97.09
42.3785237744 97.06
42.9949335968 97.02
43.6203093066 96.96
44.2547813156 96.90
44.8984819324 96.86
45.5515453903 96.82
46.2141078749 96.77
46.8863075528 96.73
47.5682846001 96.70
48.260181232 96.65
48.9621417322 96.56
49.6743124829 96.49
50.3968419958 96.49
51.1298809424 96.52
51.873582186 96.48
52.6281008133 96.40
53.3935941668 96.34
54.1702218775 96.30
54.9581458983 96.22
55.757530538 96.13
56.5685424949 96.08
57.3913508924 96.04
58.2261273137 95.96
59.0730458376 95.82
59.9322830751 95.78
60.804018206 95.81
61.6884330163 95.79
62.5857119363 95.77
63.4960420787 95.73
64.419613278 95.68
65.3566181296 95.62
66.3072520307 95.53
67.2717132203 95.48
68.2502028209 95.44
69.2429248805 95.37
70.2500864149 95.30
71.2718974512 95.24
72.3085710713 95.16
73.3603234564 95.10
74.4273739322 95.04
75.5099450145 94.97
76.6082624559 94.91
77.7225552923 94.86
78.8530558912 94.78
80 94.69
81.163626795 94.63
82.3441789315 94.56
83.5419025942 94.49
84.7570475487 94.41
85.9898671937 94.33
87.2406186132 94.26
88.5095626311 94.17
89.7969638648 94.09
91.1030907805 94.04
92.4282157498 93.95
93.7726151055 93.87
95.1365692002 93.80
96.520362464 93.73
97.9242834644 93.66
99.3486249659 93.59
100.7936839916 93.52
102.2597618848 93.45
103.7471643721 93.38
105.2562016267 93.31
106.7871883336 93.24
108.340443755 93.16
109.9162917966 93.08
111.5150610759 93.02
113.1370849898 92.95
114.7827017849 92.90
116.4522546274 92.81
118.1460916752 92.74
119.8645661501 92.70
121.6080364119 92.60
123.3768660326 92.51
125.1714238726 92.44
126.9920841575 92.37
128.8392265559 92.32
130.7132362593 92.26
132.6145040614 92.19
134.5434264406 92.12
136.5004056418 92.04
138.485849761 91.98
140.5001728299 91.91
142.5437949025 91.86
144.6171421426 91.80
146.7206469127 91.73
148.8547478643 91.68
151.0198900291 91.63
153.2165249118 91.58
155.4451105846 91.54
157.7061117824 91.46
160 91.43
162.32725359 91.36
164.688357863 91.32
167.0838051884 91.25
169.5140950975 91.21
171.9797343873 91.19
174.4812372264 91.14
177.0191252622 91.09
179.5939277295 91.06
182.2061815611 91.02
184.8564314996 90.97
187.5452302111 90.92
190.2731384004 90.87
193.0407249281 90.83
195.8485669287 90.79
198.6972499318 90.74
201.5873679832 90.69
204.5195237697 90.65
207.4943287442 90.60
210.5124032534 90.56
213.5743766672 90.51
216.6808875099 90.48
219.8325835933 90.46
223.0301221518 90.43
226.2741699797 90.42
229.5654035698 90.40
232.9045092548 90.41
236.2921833503 90.40
239.7291323003 90.41
243.2160728239 90.46
246.7537320653 90.48
250.3428477452 90.53
253.9841683149 90.54
257.6784531119 90.56
261.4264725186 90.58
265.2290081229 90.60
269.0868528812 90.60
273.0008112836 90.61
276.971699522 90.62
281.0003456597 90.62
285.0875898049 90.63
289.2342842852 90.63
293.4412938255 90.63
297.7094957287 90.63
302.0397800581 90.64
306.4330498235 90.65
310.8902211692 90.66
315.4122235649 90.67
320 90.67
324.65450718 90.69
329.3767157259 90.70
334.1676103768 90.71
339.028190195 90.71
343.9594687746 90.72
348.9624744529 90.73
354.0382505244 90.73
359.187855459 90.74
364.4123631221 90.74
369.7128629991 90.75
375.0904604222 90.75
380.5462768009 90.75
386.0814498562 90.75
391.6971338575 90.75
397.3944998635 90.75
403.1747359664 90.75
409.0390475393 90.75
414.9886574883 90.75
421.0248065068 90.75
427.1487533344 90.75
433.3617750198 90.75
439.6651671866 90.75
446.0602443037 90.75
452.5483399594 90.76
459.1308071395 90.76
465.8090185095 90.77
472.5843667007 90.79
479.4582646005 90.80
486.4321456477 90.81
493.5074641306 90.82
500.6856954905 90.84
507.9683366298 90.84
515.3569062238 90.85
522.8529450372 90.86
530.4580162458 90.86
538.1737057624 90.87
546.0016225673 90.88
553.9433990439 90.89
562.0006913195 90.89
570.1751796098 90.89
578.4685685703 90.89
586.882587651 90.89
595.4189914574 90.89
604.0795601163 90.89
612.8660996471 90.88
621.7804423383 90.88
630.8244471297 90.88
640 90.88
649.30901436 90.88
658.7534314519 90.88
668.3352207536 90.87
678.05638039 90.87
687.9189375493 90.87
697.9249489058 90.87
708.0765010489 90.87
718.375710918 90.87
728.8247262443 90.86
739.4257259983 90.86
750.1809208443 90.86
761.0925536018 90.86
772.1628997124 90.86
783.394267715 90.86
794.7889997271 90.87
806.3494719327 90.87
818.0780950787 90.88
829.9773149767 90.89
842.0496130136 90.91
854.2975066688 90.92
866.7235500396 90.95
879.3303343732 90.97
892.1204886074 91.01
905.0966799188 91.04
918.2616142791 91.09
931.618037019 91.14
945.1687334013 91.20
958.9165292011 91.28
972.8642912955 91.36
987.0149282611 91.44
1001.371390981 91.55
1015.9366732597 91.64
1030.7138124476 91.76
1045.7058900743 91.89
1060.9160324916 92.03
1076.3474115248 92.17
1092.0032451345 92.33
1107.8867980879 92.48
1124.0013826389 92.64
1140.3503592197 92.81
1156.9371371406 92.98
1173.765175302 93.15
1190.8379829148 93.32
1208.1591202326 93.49
1225.7321992942 93.66
1243.5608846767 93.83
1261.6488942595 93.99
1280 94.15
1298.6180287201 94.30
1317.5068629037 94.46
1336.6704415071 94.60
1356.1127607799 94.74
1375.8378750985 94.87
1395.8498978116 94.99
1416.1530020977 95.11
1436.751421836 95.22
1457.6494524886 95.32
1478.8514519966 95.42
1500.3618416887 95.53
1522.1851072035 95.61
1544.3257994247 95.70
1566.78853543 95.79
1589.5779994541 95.87
1612.6989438655 95.96
1636.1561901574 96.05
1659.9546299533 96.14
1684.0992260271 96.23
1708.5950133377 96.33
1733.4471000793 96.43
1758.6606687464 96.53
1784.2409772148 96.64
1810.1933598376 96.76
1836.5232285581 96.87
1863.2360740381 96.99
1890.3374668026 97.12
1917.8330584022 97.26
1945.7285825909 97.39
1974.0298565222 97.53
2002.742781962 97.68
2031.8733465194 97.83
2061.4276248951 97.98
2091.4117801487 98.13
2121.8320649832 98.29
2152.6948230496 98.44
2184.0064902691 98.60
2215.7735961758 98.75
2248.0027652779 98.90
2280.7007184393 99.04
2313.8742742813 99.17
2347.530350604 99.28
2381.6759658296 99.38
2416.3182404652 99.46
2451.4643985884 99.53
2487.1217693533 99.57
2523.297788519 99.60
2560.0000000001 99.60
2597.2360574402 99.59
2635.0137258074 99.56
2673.3408830143 99.52
2712.2255215599 99.47
2751.6757501971 99.42
2791.6997956232 99.36
2832.3060041955 99.30
2873.5028436721 99.25
2915.2989049772 99.20
2957.7029039931 99.15
3000.7236833774 99.11
3044.3702144071 99.07
3088.6515988494 99.03
3133.57707086 98.98
3179.1559989082 98.93
3225.397887731 98.88
3272.3123803148 98.82
3319.9092599067 98.75
3368.1984520542 98.67
3417.1900266754 98.59
3466.8942001586 98.50
3517.3213374928 98.40
3568.4819544296 98.30
3620.3867196753 98.19
3673.0464571163 98.08
3726.4721480761 97.97
3780.6749336053 97.85
3835.6661168044 97.73
3891.4571651819 97.60
3948.0597130445 97.47
4005.4855639241 97.32
4063.7466930387 97.17
4122.8552497902 97.01
4182.8235602974 96.83
4243.6641299665 96.64
4305.3896460992 96.43
4368.0129805382 96.21
4431.5471923516 95.99
4496.0055305558 95.78
4561.4014368787 95.58
4627.7485485626 95.41
4695.0607012081 95.27
4763.3519316592 95.15
4832.6364809305 95.05
4902.9287971769 94.95
4974.2435387067 94.84
5046.595577038 94.70
5120.0000000002 94.54
5194.4721148803 94.36
5270.0274516149 94.15
5346.6817660286 93.93
5424.4510431198 93.69
5503.3515003942 93.45
5583.3995912463 93.20
5664.6120083911 92.95
5747.0056873442 92.70
5830.5978099545 92.46
5915.4058079863 92.22
6001.4473667548 91.97
6088.7404288142 91.78
6177.3031976989 91.58
6267.1541417201 91.40
6358.3119978165 91.25
6450.795775462 91.13
6544.6247606297 91.05
6639.8185198134 91.01
6736.3969041085 91.02
6834.3800533509 91.10
6933.7884003172 91.25
7034.6426749857 91.49
7136.9639088592 91.85
7240.7734393506 92.28
7346.0929142326 92.79
7452.9442961523 93.37
7561.3498672106 94.01
7671.3322336089 94.65
7782.9143303638 95.26
7896.119426089 95.74
8010.9711278481 95.99
8127.4933860775 95.95
8245.7104995805 95.65
8365.6471205948 95.17
8487.328259933 94.60
8610.7792921984 93.99
8736.0259610765 93.35
8863.0943847033 92.74
8992.0110611117 92.16
9122.8028737575 91.64
9255.4970971253 91.17
9390.1214024162 90.75
9526.7038633184 90.37
9665.272961861 90.03
9805.8575943538 89.72
9948.4870774134 89.45
10093.191154076 89.21
10240.0000000005 89.01
10388.9442297607 88.86
10540.0549032298 88.76
10693.3635320572 88.72
10848.9020862397 88.72
11006.7030007884 88.76
11166.7991824927 88.80
11329.2240167822 88.82
11494.0113746885 88.91
11661.1956199091 88.97
11830.8116159726 88.95
12002.8947335097 88.79
12177.4808576284 88.55
12354.6063953979 88.18
12534.3082834402 87.73
12716.6239956331 87.16
12901.5915509241 86.53
13089.2495212594 85.89
13279.637039627 85.27
13472.7938082171 84.71
13668.7601067018 84.23
13867.5768006344 83.82
14069.2853499715 83.52
14273.9278177184 83.32
14481.5468787012 83.32
14692.1858284653 83.50
14905.8885923047 83.80
15122.6997344212 84.11
15342.6644672179 84.21
15565.8286607277 83.75
15792.2388521781 82.46
16021.9422556964 80.91
16254.9867721551 79.94
16491.4209991611 79.27
16731.2942411897 78.66
16974.656519866 77.97
17221.5585843969 77.31
17472.0519221531 76.84
17726.1887694067 76.73
17984.0221222235 76.76
18245.605747515 77.00
18510.9941942506 77.06
18780.2428048326 76.16
19053.4077266369 74.91
19330.545923722 73.84
19611.7151887077 72.88
19896.9741548268 72.34
20186.382308152 72.34
