20 108.95
20.2909066988 108.95
20.5860447329 108.96
20.8854756485 108.97
21.1892618872 108.98
21.4974667984 109.00
21.8101546533 109.01
22.1273906578 109.02
22.4492409662 109.03
22.7757726951 109.04
23.1070539374 109.06
23.4431537764 109.07
23.7841423001 109.09
24.130090616 109.11
24.4810708661 109.13
24.8371562415 109.15
25.1984209979 109.16
25.5649404712 109.18
25.936791093 109.19
26.3140504067 109.20
26.6967970834 109.22
27.0851109387 109.23
27.4790729492 109.24
27.878765269 109.26
28.2842712475 109.27
28.6956754462 109.29
29.1130636568 109.30
29.5365229188 109.31
29.9661415375 109.31
30.402009103 109.32
30.8442165082 109.32
31.2928559682 109.33
31.7480210394 109.34
32.209806639 109.34
32.6783090648 109.35
33.1536260154 109.35
33.6358566101 109.35
34.1251014105 109.35
34.6214624402 109.34
35.1250432075 109.34
35.6359487256 109.33
36.1542855356 109.32
36.6801617282 109.32
37.2136869661 109.31
37.7549725073 109.29
38.3041312279 109.28
38.8612776461 109.27
39.4265279456 109.25
40 109.24
40.5818133975 109.22
41.1720894657 109.20
41.7709512971 109.18
42.3785237744 109.16
42.9949335968 109.14
43.6203093066 109.11
44.2547813156 109.08
44.8984819324 109.06
45.5515453903 109.03
46.2141078749 109.01
46.8863075528 108.98
47.5682846001 108.95
48.260181232 108.92
48.9621417322 108.89
49.6743124829 108.86
50.3968419958 108.83
51.1298809424 108.80
51.873582186 108.77
52.6281008133 108.74
53.3935941668 108.71
54.1702218775 108.68
54.9581458983 108.64
55.757530538 108.61
56.5685424949 108.57
57.3913508924 108.53
58.2261273137 108.49
59.0730458376 108.47
59.9322830751 108.44
60.804018206 108.39
61.6884330163 108.34
62.5857119363 108.31
63.4960420787 108.27
64.419613278 108.23
65.3566181296 108.19
66.3072520307 108.16
67.2717132203 108.12
68.2502028209 108.08
69.2429248805 108.04
70.2500864149 108.00
71.2718974512 107.95
72.3085710713 107.91
73.3603234564 107.86
74.4273739322 107.82
75.5099450145 107.77
76.6082624559 107.72
77.7225552923 107.66
78.8530558912 107.61
80 107.56
81.163626795 107.50
82.3441789315 107.44
83.5419025942 107.38
84.7570475487 107.32
85.9898671937 107.26
87.2406186132 107.20
88.5095626311 107.14
89.7969638648 107.07
91.1030907805 107.01
92.4282157498 106.95
93.7726151055 106.89
95.1365692002 106.83
96.520362464 106.77
97.9242834644 106.71
99.3486249659 106.65
100.7936839916 106.59
102.2597618848 106.52
103.7471643721 106.47
105.2562016267 106.41
106.7871883336 106.35
108.340443755 106.28
109.9162917966 106.21
111.5150610759 106.14
113.1370849898 106.07
114.7827017849 106.00
116.4522546274 105.92
118.1460916752 105.85
119.8645661501 105.76
121.6080364119 105.69
123.3768660326 105.60
125.1714238726 105.52
126.9920841575 105.43
128.8392265559 105.33
130.7132362593 105.23
132.6145040614 105.12
134.5434264406 105.00
136.5004056418 104.88
138.485849761 104.77
140.5001728299 104.70
142.5437949025 104.70
144.6171421426 104.76
146.7206469127 104.83
148.8547478643 104.85
151.0198900291 104.83
153.2165249118 104.77
155.4451105846 104.70
157.7061117824 104.61
160 104.55
162.32725359 104.55
164.688357863 104.62
167.0838051884 104.68
169.5140950975 104.68
171.9797343873 104.65
174.4812372264 104.59
177.0191252622 104.52
179.5939277295 104.45
182.2061815611 104.37
184.8564314996 104.29
187.5452302111 104.22
190.2731384004 104.14
193.0407249281 104.05
195.8485669287 103.97
198.6972499318 103.89
201.5873679832 103.80
204.5195237697 103.72
207.4943287442 103.63
210.5124032534 103.55
213.5743766672 103.47
216.6808875099 103.40
219.8325835933 103.33
223.0301221518 103.26
226.2741699797 103.19
229.5654035698 103.13
232.9045092548 103.07
236.2921833503 103.01
239.7291323003 102.95
243.2160728239 102.90
246.7537320653 102.84
250.3428477452 102.79
253.9841683149 102.73
257.6784531119 102.68
261.4264725186 102.63
265.2290081229 102.58
269.0868528812 102.53
273.0008112836 102.48
276.971699522 102.43
281.0003456597 102.38
285.0875898049 102.32
289.2342842852 102.27
293.4412938255 102.22
297.7094957287 102.18
302.0397800581 102.13
306.4330498235 102.09
310.8902211692 102.04
315.4122235649 102.00
320 101.96
324.65450718 101.92
329.3767157259 101.88
334.1676103768 101.84
339.028190195 101.80
343.9594687746 101.76
348.9624744529 101.72
354.0382505244 101.68
359.187855459 101.64
364.4123631221 101.60
369.7128629991 101.56
375.0904604222 101.52
380.5462768009 101.48
386.0814498562 101.44
391.6971338575 101.40
397.3944998635 101.36
403.1747359664 101.33
409.0390475393 101.29
414.9886574883 101.25
421.0248065068 101.22
427.1487533344 101.18
433.3617750198 101.15
439.6651671866 101.12
446.0602443037 101.09
452.5483399594 101.06
459.1308071395 101.04
465.8090185095 101.01
472.5843667007 100.99
479.4582646005 100.97
486.4321456477 100.95
493.5074641306 100.94
500.6856954905 100.92
507.9683366298 100.90
515.3569062238 100.89
522.8529450372 100.88
530.4580162458 100.86
538.1737057624 100.85
546.0016225673 100.84
553.9433990439 100.83
562.0006913195 100.82
570.1751796098 100.82
578.4685685703 100.81
586.882587651 100.80
595.4189914574 100.80
604.0795601163 100.79
612.8660996471 100.79
621.7804423383 100.78
630.8244471297 100.78
640 100.78
649.30901436 100.78
658.7534314519 100.78
668.3352207536 100.79
678.05638039 100.79
687.9189375493 100.80
697.9249489058 100.80
708.0765010489 100.81
718.375710918 100.82
728.8247262443 100.83
739.4257259983 100.84
750.1809208443 100.86
761.0925536018 100.87
772.1628997124 100.89
783.394267715 100.91
794.7889997271 100.94
806.3494719327 100.97
818.0780950787 101.00
829.9773149767 101.02
842.0496130136 101.03
854.2975066688 101.04
866.7235500396 101.05
879.3303343732 101.03
892.1204886074 101.11
905.0966799188 101.26
918.2616142791 101.38
931.618037019 101.47
945.1687334013 101.55
958.9165292011 101.63
972.8642912955 101.75
987.0149282611 101.90
1001.371390981 102.04
1015.9366732597 102.17
1030.7138124476 102.32
1045.7058900743 102.47
1060.9160324916 102.63
1076.3474115248 102.80
1092.0032451345 102.98
1107.8867980879 103.17
1124.0013826389 103.36
1140.3503592197 103.56
1156.9371371406 103.76
1173.765175302 103.97
1190.8379829148 104.18
1208.1591202326 104.39
1225.7321992942 104.61
1243.5608846767 104.84
1261.6488942595 105.06
1280 105.28
1298.6180287201 105.50
1317.5068629037 105.73
1336.6704415071 105.95
1356.1127607799 106.17
1375.8378750985 106.39
1395.8498978116 106.60
1416.1530020977 106.82
1436.751421836 107.03
1457.6494524886 107.25
1478.8514519966 107.46
1500.3618416887 107.67
1522.1851072035 107.88
1544.3257994247 108.10
1566.78853543 108.31
1589.5779994541 108.53
1612.6989438655 108.74
1636.1561901574 108.96
1659.9546299533 109.18
1684.0992260271 109.40
1708.5950133377 109.62
1733.4471000793 109.84
1758.6606687464 110.06
1784.2409772148 110.28
1810.1933598376 110.49
1836.5232285581 110.69
1863.2360740381 110.88
1890.3374668026 111.06
1917.8330584022 111.23
1945.7285825909 111.38
1974.0298565222 111.51
2002.742781962 111.61
2031.8733465194 111.69
2061.4276248951 111.75
2091.4117801487 111.78
2121.8320649832 111.78
2152.6948230496 111.75
2184.0064902691 111.70
2215.7735961758 111.61
2248.0027652779 111.50
2280.7007184393 111.37
2313.8742742813 111.22
2347.530350604 111.06
2381.6759658296 110.88
2416.3182404652 110.69
2451.4643985884 110.48
2487.1217693533 110.28
2523.297788519 110.06
2560.0000000001 109.84
2597.2360574402 109.63
2635.0137258074 109.41
2673.3408830143 109.20
2712.2255215599 108.99
2751.6757501971 108.79
2791.6997956232 108.59
2832.3060041955 108.40
2873.5028436721 108.22
2915.2989049772 108.04
2957.7029039931 107.87
3000.7236833774 107.71
3044.3702144071 107.55
3088.6515988494 107.40
3133.57707086 107.26
3179.1559989082 107.12
3225.397887731 106.98
3272.3123803148 106.84
3319.9092599067 106.71
3368.1984520542 106.58
3417.1900266754 106.48
3466.8942001586 106.41
3517.3213374928 106.37
3568.4819544296 106.35
3620.3867196753 106.34
3673.0464571163 106.32
3726.4721480761 106.31
3780.6749336053 106.31
3835.6661168044 106.31
3891.4571651819 106.33
3948.0597130445 106.36
4005.4855639241 106.39
4063.7466930387 106.43
4122.8552497902 106.46
4182.8235602974 106.50
4243.6641299665 106.54
4305.3896460992 106.57
4368.0129805382 106.60
4431.5471923516 106.61
4496.0055305558 106.61
4561.4014368787 106.59
4627.7485485626 106.55
4695.0607012081 106.49
4763.3519316592 106.40
4832.6364809305 106.30
4902.9287971769 106.18
4974.2435387067 106.03
5046.595577038 105.85
5120.0000000002 105.64
5194.4721148803 105.39
5270.0274516149 105.08
5346.6817660286 104.69
5424.4510431198 104.32
5503.3515003942 104.33
5583.3995912463 104.38
5664.6120083911 104.32
5747.0056873442 104.23
5830.5978099545 104.14
5915.4058079863 104.06
6001.4473667548 104.00
6088.7404288142 103.95
6177.3031976989 103.92
6267.1541417201 103.90
6358.3119978165 103.89
6450.795775462 103.89
6544.6247606297 103.90
6639.8185198134 103.94
6736.3969041085 104.01
6834.3800533509 104.12
6933.7884003172 104.28
7034.6426749857 104.52
7136.9639088592 104.85
7240.7734393506 105.27
7346.0929142326 105.79
7452.9442961523 106.42
7561.3498672106 107.17
7671.3322336089 108.01
7782.9143303638 108.86
7896.119426089 109.57
8010.9711278481 109.77
8127.4933860775 109.21
8245.7104995805 107.99
8365.6471205948 106.46
8487.328259933 104.88
8610.7792921984 103.37
8736.0259610765 101.94
8863.0943847033 100.61
8992.0110611117 99.39
9122.8028737575 98.28
9255.4970971253 97.30
9390.1214024162 96.43
9526.7038633184 95.65
9665.272961861 94.97
9805.8575943538 94.38
9948.4870774134 93.88
10093.191154076 93.46
10240.0000000005 93.13
10388.9442297607 92.88
10540.0549032298 92.72
10693.3635320572 92.65
10848.9020862397 92.67
11006.7030007884 92.79
11166.7991824927 93.03
11329.2240167822 93.40
11494.0113746885 93.89
11661.1956199091 94.57
11830.8116159726 95.35
12002.8947335097 96.21
12177.4808576284 96.94
12354.6063953979 97.07
12534.3082834402 96.48
12716.6239956331 95.06
12901.5915509241 93.49
13089.2495212594 92.01
13279.637039627 90.80
13472.7938082171 89.71
13668.7601067018 88.77
13867.5768006344 88.01
14069.2853499715 87.37
14273.9278177184 86.90
14481.5468787012 87.03
14692.1858284653 87.93
14905.8885923047 89.25
15122.6997344212 90.81
15342.6644672179 92.32
15565.8286607277 92.95
15792.2388521781 91.57
16021.9422556964 88.73
16254.9867721551 86.12
16491.4209991611 84.19
16731.2942411897 82.97
16974.656519866 82.40
17221.5585843969 82.37
17472.0519221531 82.65
17726.1887694067 82.91
17984.0221222235 82.75
18245.605747515 81.71
18510.9941942506 79.72
18780.2428048326 77.70
19053.4077266369 75.97
19330.545923722 74.46
19611.7151887077 72.80
19896.9741548268 71.89
20186.382308152 71.89
