20 109.03
20.2909066988 109.03
20.5860447329 109.04
20.8854756485 109.05
21.1892618872 109.06
21.4974667984 109.08
21.8101546533 109.10
22.1273906578 109.11
22.4492409662 109.12
22.7757726951 109.14
23.1070539374 109.15
23.4431537764 109.16
23.7841423001 109.17
24.130090616 109.18
24.4810708661 109.19
24.8371562415 109.19
25.1984209979 109.19
25.5649404712 109.18
25.936791093 109.17
26.3140504067 109.16
26.6967970834 109.17
27.0851109387 109.18
27.4790729492 109.20
27.878765269 109.22
28.2842712475 109.25
28.6956754462 109.26
29.1130636568 109.26
29.5365229188 109.25
29.9661415375 109.24
30.402009103 109.23
30.8442165082 109.24
31.2928559682 109.24
31.7480210394 109.25
32.209806639 109.26
32.6783090648 109.26
33.1536260154 109.25
33.6358566101 109.24
34.1251014105 109.22
34.6214624402 109.21
35.1250432075 109.20
35.6359487256 109.20
36.1542855356 109.18
36.6801617282 109.14
37.2136869661 109.09
37.7549725073 109.05
38.3041312279 109.01
38.8612776461 108.98
39.4265279456 108.96
40 108.93
40.5818133975 108.90
41.1720894657 108.86
41.7709512971 108.82
42.3785237744 108.78
42.9949335968 108.75
43.6203093066 108.71
44.2547813156 108.67
44.8984819324 108.62
45.5515453903 108.57
46.2141078749 108.54
46.8863075528 108.51
47.5682846001 108.46
48.260181232 108.40
48.9621417322 108.34
49.6743124829 108.28
50.3968419958 108.23
51.1298809424 108.17
51.873582186 108.12
52.6281008133 108.07
53.3935941668 108.02
54.1702218775 107.97
54.9581458983 107.92
55.757530538 107.87
56.5685424949 107.82
57.3913508924 107.78
58.2261273137 107.74
59.0730458376 107.70
59.9322830751 107.67
60.804018206 107.63
61.6884330163 107.58
62.5857119363 107.52
63.4960420787 107.46
64.419613278 107.41
65.3566181296 107.36
66.3072520307 107.32
67.2717132203 107.28
68.2502028209 107.22
69.2429248805 107.14
70.2500864149 107.07
71.2718974512 107.00
72.3085710713 106.94
73.3603234564 106.88
74.4273739322 106.81
75.5099450145 106.75
76.6082624559 106.67
77.7225552923 106.60
78.8530558912 106.52
80 106.44
81.163626795 106.36
82.3441789315 106.29
83.5419025942 106.22
84.7570475487 106.14
85.9898671937 106.06
87.2406186132 105.98
88.5095626311 105.89
89.7969638648 105.80
91.1030907805 105.72
92.4282157498 105.64
93.7726151055 105.56
95.1365692002 105.48
96.520362464 105.40
97.9242834644 105.32
99.3486249659 105.24
100.7936839916 105.17
102.2597618848 105.09
103.7471643721 105.01
105.2562016267 104.94
106.7871883336 104.86
108.340443755 104.77
109.9162917966 104.69
111.5150610759 104.61
113.1370849898 104.52
114.7827017849 104.44
116.4522546274 104.34
118.1460916752 104.24
119.8645661501 104.15
121.6080364119 104.06
123.3768660326 103.99
125.1714238726 103.91
126.9920841575 103.83
128.8392265559 103.74
130.7132362593 103.66
132.6145040614 103.57
134.5434264406 103.48
136.5004056418 103.40
138.485849761 103.31
140.5001728299 103.22
142.5437949025 103.13
144.6171421426 103.05
146.7206469127 102.96
148.8547478643 102.88
151.0198900291 102.80
153.2165249118 102.71
155.4451105846 102.63
157.7061117824 102.54
160 102.46
162.32725359 102.37
164.688357863 102.28
167.0838051884 102.19
169.5140950975 102.10
171.9797343873 102.01
174.4812372264 101.92
177.0191252622 101.83
179.5939277295 101.74
182.2061815611 101.64
184.8564314996 101.55
187.5452302111 101.45
190.2731384004 101.35
193.0407249281 101.25
195.8485669287 101.15
198.6972499318 101.05
201.5873679832 100.95
204.5195237697 100.84
207.4943287442 100.73
210.5124032534 100.63
213.5743766672 100.52
216.6808875099 100.42
219.8325835933 100.32
223.0301221518 100.22
226.2741699797 100.13
229.5654035698 100.03
232.9045092548 99.93
236.2921833503 99.84
239.7291323003 99.75
243.2160728239 99.66
246.7537320653 99.58
250.3428477452 99.50
253.9841683149 99.41
257.6784531119 99.33
261.4264725186 99.26
265.2290081229 99.18
269.0868528812 99.10
273.0008112836 99.02
276.971699522 98.94
281.0003456597 98.86
285.0875898049 98.77
289.2342842852 98.69
293.4412938255 98.61
297.7094957287 98.53
302.0397800581 98.45
306.4330498235 98.36
310.8902211692 98.28
315.4122235649 98.20
320 98.11
324.65450718 98.03
329.3767157259 97.95
334.1676103768 97.87
339.028190195 97.79
343.9594687746 97.71
348.9624744529 97.63
354.0382505244 97.55
359.187855459 97.47
364.4123631221 97.39
369.7128629991 97.31
375.0904604222 97.23
380.5462768009 97.14
386.0814498562 97.06
391.6971338575 96.98
397.3944998635 96.89
403.1747359664 96.81
409.0390475393 96.73
414.9886574883 96.65
421.0248065068 96.57
427.1487533344 96.49
433.3617750198 96.41
439.6651671866 96.34
446.0602443037 96.27
452.5483399594 96.19
459.1308071395 96.12
465.8090185095 96.05
472.5843667007 95.99
479.4582646005 95.92
486.4321456477 95.85
493.5074641306 95.79
500.6856954905 95.73
507.9683366298 95.67
515.3569062238 95.61
522.8529450372 95.55
530.4580162458 95.49
538.1737057624 95.43
546.0016225673 95.37
553.9433990439 95.31
562.0006913195 95.26
570.1751796098 95.20
578.4685685703 95.15
586.882587651 95.09
595.4189914574 95.04
604.0795601163 94.99
612.8660996471 94.93
621.7804423383 94.88
630.8244471297 94.83
640 94.78
649.30901436 94.74
658.7534314519 94.69
668.3352207536 94.65
678.05638039 94.60
687.9189375493 94.56
697.9249489058 94.51
708.0765010489 94.47
718.375710918 94.43
728.8247262443 94.39
739.4257259983 94.35
750.1809208443 94.32
761.0925536018 94.28
772.1628997124 94.25
783.394267715 94.23
794.7889997271 94.20
806.3494719327 94.18
818.0780950787 94.17
829.9773149767 94.16
842.0496130136 94.15
854.2975066688 94.15
866.7235500396 94.16
879.3303343732 94.17
892.1204886074 94.19
905.0966799188 94.22
918.2616142791 94.26
931.618037019 94.31
945.1687334013 94.37
958.9165292011 94.44
972.8642912955 94.52
987.0149282611 94.60
1001.371390981 94.70
1015.9366732597 94.80
1030.7138124476 94.91
1045.7058900743 95.04
1060.9160324916 95.17
1076.3474115248 95.31
1092.0032451345 95.46
1107.8867980879 95.61
1124.0013826389 95.76
1140.3503592197 95.92
1156.9371371406 96.09
1173.765175302 96.26
1190.8379829148 96.43
1208.1591202326 96.61
1225.7321992942 96.79
1243.5608846767 96.97
1261.6488942595 97.14
1280 97.32
1298.6180287201 97.49
1317.5068629037 97.67
1336.6704415071 97.84
1356.1127607799 98.00
1375.8378750985 98.17
1395.8498978116 98.33
1416.1530020977 98.48
1436.751421836 98.64
1457.6494524886 98.79
1478.8514519966 98.94
1500.3618416887 99.10
1522.1851072035 99.25
1544.3257994247 99.40
1566.78853543 99.56
1589.5779994541 99.72
1612.6989438655 99.88
1636.1561901574 100.05
1659.9546299533 100.22
1684.0992260271 100.40
1708.5950133377 100.59
1733.4471000793 100.79
1758.6606687464 100.99
1784.2409772148 101.20
1810.1933598376 101.42
1836.5232285581 101.65
1863.2360740381 101.89
1890.3374668026 102.14
1917.8330584022 102.40
1945.7285825909 102.67
1974.0298565222 102.95
2002.742781962 103.23
2031.8733465194 103.53
2061.4276248951 103.84
2091.4117801487 104.16
2121.8320649832 104.50
2152.6948230496 104.84
2184.0064902691 105.20
2215.7735961758 105.57
2248.0027652779 105.95
2280.7007184393 106.34
2313.8742742813 106.74
2347.530350604 107.14
2381.6759658296 107.55
2416.3182404652 107.97
2451.4643985884 108.39
2487.1217693533 108.80
2523.297788519 109.20
2560.0000000001 109.59
2597.2360574402 109.97
2635.0137258074 110.32
2673.3408830143 110.64
2712.2255215599 110.93
2751.6757501971 111.17
2791.6997956232 111.37
2832.3060041955 111.52
2873.5028436721 111.63
2915.2989049772 111.69
2957.7029039931 111.72
3000.7236833774 111.70
3044.3702144071 111.65
3088.6515988494 111.57
3133.57707086 111.47
3179.1559989082 111.35
3225.397887731 111.22
3272.3123803148 111.09
3319.9092599067 110.95
3368.1984520542 110.81
3417.1900266754 110.68
3466.8942001586 110.56
3517.3213374928 110.44
3568.4819544296 110.34
3620.3867196753 110.25
3673.0464571163 110.17
3726.4721480761 110.11
3780.6749336053 110.06
3835.6661168044 110.02
3891.4571651819 109.98
3948.0597130445 109.94
4005.4855639241 109.89
4063.7466930387 109.83
4122.8552497902 109.74
4182.8235602974 109.61
4243.6641299665 109.43
4305.3896460992 109.20
4368.0129805382 108.90
4431.5471923516 108.54
4496.0055305558 108.13
4561.4014368787 107.68
4627.7485485626 107.18
4695.0607012081 106.66
4763.3519316592 106.10
4832.6364809305 105.50
4902.9287971769 104.87
4974.2435387067 104.23
5046.595577038 103.56
5120.0000000002 102.89
5194.4721148803 102.22
5270.0274516149 101.56
5346.6817660286 100.92
5424.4510431198 100.30
5503.3515003942 99.71
5583.3995912463 99.17
5664.6120083911 98.67
5747.0056873442 98.19
5830.5978099545 97.76
5915.4058079863 97.35
6001.4473667548 96.96
6088.7404288142 96.62
6177.3031976989 96.31
6267.1541417201 96.03
6358.3119978165 95.81
6450.795775462 95.64
6544.6247606297 95.53
6639.8185198134 95.50
6736.3969041085 95.54
6834.3800533509 95.68
6933.7884003172 95.92
7034.6426749857 96.28
7136.9639088592 96.77
7240.7734393506 97.36
7346.0929142326 98.07
7452.9442961523 98.87
7561.3498672106 99.75
7671.3322336089 100.64
7782.9143303638 101.45
7896.119426089 102.10
8010.9711278481 102.43
8127.4933860775 102.38
8245.7104995805 101.93
8365.6471205948 101.13
8487.328259933 100.09
8610.7792921984 98.90
8736.0259610765 97.64
8863.0943847033 96.38
8992.0110611117 95.15
9122.8028737575 93.99
9255.4970971253 92.90
9390.1214024162 91.89
9526.7038633184 90.97
9665.272961861 90.13
9805.8575943538 89.37
9948.4870774134 88.71
10093.191154076 88.13
10240.0000000005 87.65
10388.9442297607 87.25
10540.0549032298 86.96
10693.3635320572 86.77
10848.9020862397 86.71
11006.7030007884 86.78
11166.7991824927 86.98
11329.2240167822 87.33
11494.0113746885 87.82
11661.1956199091 88.52
11830.8116159726 89.37
12002.8947335097 90.44
12177.4808576284 91.65
12354.6063953979 93.07
12534.3082834402 94.57
12716.6239956331 96.04
12901.5915509241 97.19
13089.2495212594 98.15
13279.637039627 98.63
13472.7938082171 98.56
13668.7601067018 98.08
13867.5768006344 97.35
14069.2853499715 96.58
14273.9278177184 95.88
14481.5468787012 95.41
14692.1858284653 95.22
14905.8885923047 95.25
15122.6997344212 95.45
15342.6644672179 95.74
15565.8286607277 96.03
15792.2388521781 96.17
16021.9422556964 96.03
16254.9867721551 95.51
16491.4209991611 94.58
16731.2942411897 93.34
16974.656519866 91.94
17221.5585843969 90.52
17472.0519221531 89.20
17726.1887694067 88.06
17984.0221222235 87.09
18245.605747515 86.25
18510.9941942506 85.39
18780.2428048326 84.38
19053.4077266369 83.06
19330.545923722 81.33
19611.7151887077 79.22
19896.9741548268 78.12
20186.382308152 78.12
