20 99.22
20.2909066988 99.22
20.5860447329 99.28
20.8854756485 99.34
21.1892618872 99.39
21.4974667984 99.43
21.8101546533 99.48
22.1273906578 99.54
22.4492409662 99.60
22.7757726951 99.66
23.1070539374 99.73
23.4431537764 99.78
23.7841423001 99.83
24.130090616 99.87
24.4810708661 99.91
24.8371562415 99.95
25.1984209979 100.00
25.5649404712 100.05
25.936791093 100.10
26.3140504067 100.14
26.6967970834 100.18
27.0851109387 100.22
27.4790729492 100.27
27.878765269 100.33
28.2842712475 100.38
28.6956754462 100.42
29.1130636568 100.46
29.5365229188 100.50
29.9661415375 100.56
30.402009103 100.62
30.8442165082 100.67
31.2928559682 100.70
31.7480210394 100.72
32.209806639 100.75
32.6783090648 100.80
33.1536260154 100.85
33.6358566101 100.90
34.1251014105 100.92
34.6214624402 100.94
35.1250432075 100.96
35.6359487256 100.98
36.1542855356 101.01
36.6801617282 101.04
37.2136869661 101.07
37.7549725073 101.09
38.3041312279 101.12
38.8612776461 101.15
39.4265279456 101.18
40 101.19
40.5818133975 101.20
41.1720894657 101.21
41.7709512971 101.24
42.3785237744 101.26
42.9949335968 101.27
43.6203093066 101.28
44.2547813156 101.31
44.8984819324 101.32
45.5515453903 101.31
46.2141078749 101.31
46.8863075528 101.34
47.5682846001 101.36
48.260181232 101.35
48.9621417322 101.36
49.6743124829 101.38
50.3968419958 101.40
51.1298809424 101.41
51.873582186 101.40
52.6281008133 101.40
53.3935941668 101.42
54.1702218775 101.44
54.9581458983 101.45
55.757530538 101.44
56.5685424949 101.45
57.3913508924 101.47
58.2261273137 101.49
59.0730458376 101.51
59.9322830751 101.55
60.804018206 101.53
61.6884330163 101.48
62.5857119363 101.50
63.4960420787 101.52
64.419613278 101.52
65.3566181296 101.52
66.3072520307 101.53
67.2717132203 101.54
68.2502028209 101.55
69.2429248805 101.55
70.2500864149 101.56
71.2718974512 101.57
72.3085710713 101.59
73.3603234564 101.58
74.4273739322 101.58
75.5099450145 101.56
76.6082624559 101.56
77.7225552923 101.56
78.8530558912 101.56
80 101.54
81.163626795 101.56
82.3441789315 101.55
83.5419025942 101.54
84.7570475487 101.53
85.9898671937 101.55
87.2406186132 101.54
88.5095626311 101.54
89.7969638648 101.53
91.1030907805 101.52
92.4282157498 101.51
93.7726151055 101.52
95.1365692002 101.52
96.520362464 101.51
97.9242834644 101.51
99.3486249659 101.50
100.7936839916 101.49
102.2597618848 101.49
103.7471643721 101.49
105.2562016267 101.48
106.7871883336 101.47
108.340443755 101.46
109.9162917966 101.46
111.5150610759 101.45
113.1370849898 101.43
114.7827017849 101.42
116.4522546274 101.42
118.1460916752 101.39
119.8645661501 101.42
121.6080364119 101.39
123.3768660326 101.36
125.1714238726 101.35
126.9920841575 101.33
128.8392265559 101.32
130.7132362593 101.30
132.6145040614 101.29
134.5434264406 101.27
136.5004056418 101.25
138.485849761 101.24
140.5001728299 101.22
142.5437949025 101.21
144.6171421426 101.19
146.7206469127 101.18
148.8547478643 101.16
151.0198900291 101.14
153.2165249118 101.13
155.4451105846 101.11
157.7061117824 101.08
160 101.06
162.32725359 101.04
164.688357863 101.01
167.0838051884 100.98
169.5140950975 100.95
171.9797343873 100.92
174.4812372264 100.89
177.0191252622 100.86
179.5939277295 100.83
182.2061815611 100.81
184.8564314996 100.79
187.5452302111 100.80
190.2731384004 100.82
193.0407249281 100.83
195.8485669287 100.84
198.6972499318 100.83
201.5873679832 100.80
204.5195237697 100.75
207.4943287442 100.71
210.5124032534 100.66
213.5743766672 100.61
216.6808875099 100.56
219.8325835933 100.51
223.0301221518 100.47
226.2741699797 100.43
229.5654035698 100.39
232.9045092548 100.36
236.2921833503 100.32
239.7291323003 100.32
243.2160728239 100.24
246.7537320653 100.20
250.3428477452 100.16
253.9841683149 100.12
257.6784531119 100.08
261.4264725186 100.04
265.2290081229 100.00
269.0868528812 99.96
273.0008112836 99.91
276.971699522 99.87
281.0003456597 99.82
285.0875898049 99.77
289.2342842852 99.73
293.4412938255 99.68
297.7094957287 99.65
302.0397800581 99.60
306.4330498235 99.54
310.8902211692 99.50
315.4122235649 99.44
320 99.40
324.65450718 99.35
329.3767157259 99.30
334.1676103768 99.25
339.028190195 99.20
343.9594687746 99.14
348.9624744529 99.08
354.0382505244 99.03
359.187855459 98.97
364.4123631221 98.92
369.7128629991 98.89
375.0904604222 98.86
380.5462768009 98.85
386.0814498562 98.84
391.6971338575 98.81
397.3944998635 98.77
403.1747359664 98.72
409.0390475393 98.66
414.9886574883 98.60
421.0248065068 98.53
427.1487533344 98.46
433.3617750198 98.40
439.6651671866 98.33
446.0602443037 98.27
452.5483399594 98.21
459.1308071395 98.15
465.8090185095 98.09
472.5843667007 98.03
479.4582646005 97.98
486.4321456477 97.92
493.5074641306 97.86
500.6856954905 97.81
507.9683366298 97.75
515.3569062238 97.70
522.8529450372 97.64
530.4580162458 97.58
538.1737057624 97.53
546.0016225673 97.48
553.9433990439 97.42
562.0006913195 97.37
570.1751796098 97.32
578.4685685703 97.26
586.882587651 97.21
595.4189914574 97.16
604.0795601163 97.10
612.8660996471 97.05
621.7804423383 96.99
630.8244471297 96.94
640 96.89
649.30901436 96.84
658.7534314519 96.80
668.3352207536 96.75
678.05638039 96.70
687.9189375493 96.65
697.9249489058 96.61
708.0765010489 96.57
718.375710918 96.53
728.8247262443 96.48
739.4257259983 96.44
750.1809208443 96.41
761.0925536018 96.37
772.1628997124 96.34
783.394267715 96.31
794.7889997271 96.28
806.3494719327 96.26
818.0780950787 96.25
829.9773149767 96.23
842.0496130136 96.23
854.2975066688 96.22
866.7235500396 96.23
879.3303343732 96.24
892.1204886074 96.25
905.0966799188 96.27
918.2616142791 96.31
931.618037019 96.36
945.1687334013 96.41
958.9165292011 96.47
972.8642912955 96.55
987.0149282611 96.63
1001.371390981 96.73
1015.9366732597 96.84
1030.7138124476 96.96
1045.7058900743 97.09
1060.9160324916 97.23
1076.3474115248 97.39
1092.0032451345 97.55
1107.8867980879 97.73
1124.0013826389 97.91
1140.3503592197 98.09
1156.9371371406 98.29
1173.765175302 98.49
1190.8379829148 98.69
1208.1591202326 98.90
1225.7321992942 99.12
1243.5608846767 99.33
1261.6488942595 99.55
1280 99.77
1298.6180287201 99.99
1317.5068629037 100.22
1336.6704415071 100.44
1356.1127607799 100.66
1375.8378750985 100.88
1395.8498978116 101.11
1416.1530020977 101.33
1436.751421836 101.56
1457.6494524886 101.78
1478.8514519966 102.01
1500.3618416887 102.24
1522.1851072035 102.46
1544.3257994247 102.69
1566.78853543 102.92
1589.5779994541 103.15
1612.6989438655 103.38
1636.1561901574 103.62
1659.9546299533 103.86
1684.0992260271 104.12
1708.5950133377 104.39
1733.4471000793 104.66
1758.6606687464 104.94
1784.2409772148 105.21
1810.1933598376 105.47
1836.5232285581 105.70
1863.2360740381 105.91
1890.3374668026 106.06
1917.8330584022 106.16
1945.7285825909 106.20
1974.0298565222 106.18
2002.742781962 106.08
2031.8733465194 105.92
2061.4276248951 105.69
2091.4117801487 105.42
2121.8320649832 105.10
2152.6948230496 104.76
2184.0064902691 104.39
2215.7735961758 104.03
2248.0027652779 103.66
2280.7007184393 103.30
2313.8742742813 102.95
2347.530350604 102.63
2381.6759658296 102.34
2416.3182404652 102.08
2451.4643985884 101.85
2487.1217693533 101.66
2523.297788519 101.52
2560.0000000001 101.41
2597.2360574402 101.36
2635.0137258074 101.34
2673.3408830143 101.37
2712.2255215599 101.44
2751.6757501971 101.56
2791.6997956232 101.72
2832.3060041955 101.92
2873.5028436721 102.14
2915.2989049772 102.40
2957.7029039931 102.67
3000.7236833774 102.95
3044.3702144071 103.23
3088.6515988494 103.50
3133.57707086 103.75
3179.1559989082 103.94
3225.397887731 104.08
3272.3123803148 104.13
3319.9092599067 104.10
3368.1984520542 103.97
3417.1900266754 103.73
3466.8942001586 103.40
3517.3213374928 102.99
3568.4819544296 102.50
3620.3867196753 101.97
3673.0464571163 101.39
3726.4721480761 100.79
3780.6749336053 100.19
3835.6661168044 99.60
3891.4571651819 99.09
3948.0597130445 98.63
4005.4855639241 98.37
4063.7466930387 98.34
4122.8552497902 98.61
4182.8235602974 99.17
4243.6641299665 99.94
4305.3896460992 100.71
4368.0129805382 101.30
4431.5471923516 101.56
4496.0055305558 101.52
4561.4014368787 101.19
4627.7485485626 100.69
4695.0607012081 100.09
4763.3519316592 99.49
4832.6364809305 98.99
4902.9287971769 98.71
4974.2435387067 98.63
5046.595577038 98.72
5120.0000000002 98.91
5194.4721148803 99.16
5270.0274516149 99.46
5346.6817660286 99.78
5424.4510431198 100.13
5503.3515003942 100.51
5583.3995912463 100.95
5664.6120083911 101.44
5747.0056873442 102.00
5830.5978099545 102.60
5915.4058079863 103.23
6001.4473667548 103.85
6088.7404288142 104.33
6177.3031976989 104.54
6267.1541417201 104.38
6358.3119978165 103.82
6450.795775462 102.96
6544.6247606297 101.88
6639.8185198134 100.50
6736.3969041085 98.84
6834.3800533509 98.41
6933.7884003172 99.55
7034.6426749857 99.20
7136.9639088592 99.02
7240.7734393506 99.09
7346.0929142326 99.40
7452.9442961523 99.99
7561.3498672106 100.84
7671.3322336089 101.92
7782.9143303638 103.12
7896.119426089 104.27
8010.9711278481 105.04
8127.4933860775 105.17
8245.7104995805 104.78
8365.6471205948 104.20
8487.328259933 103.64
8610.7792921984 103.14
8736.0259610765 102.66
8863.0943847033 102.09
8992.0110611117 101.33
9122.8028737575 100.30
9255.4970971253 99.02
9390.1214024162 97.64
9526.7038633184 96.27
9665.272961861 95.02
9805.8575943538 93.94
9948.4870774134 93.05
10093.191154076 92.32
10240.0000000005 91.66
10388.9442297607 91.30
10540.0549032298 91.30
10693.3635320572 91.45
10848.9020862397 91.61
11006.7030007884 91.73
11166.7991824927 91.70
11329.2240167822 91.40
11494.0113746885 90.83
11661.1956199091 89.76
11830.8116159726 88.61
12002.8947335097 87.68
12177.4808576284 87.06
12354.6063953979 86.31
12534.3082834402 85.50
12716.6239956331 84.75
12901.5915509241 84.13
13089.2495212594 83.55
13279.637039627 83.07
13472.7938082171 82.74
13668.7601067018 82.56
13867.5768006344 82.52
14069.2853499715 82.69
14273.9278177184 83.03
14481.5468787012 83.69
14692.1858284653 84.73
14905.8885923047 86.20
15122.6997344212 88.09
15342.6644672179 89.91
15565.8286607277 90.45
15792.2388521781 88.58
16021.9422556964 85.57
16254.9867721551 82.87
16491.4209991611 80.82
16731.2942411897 79.34
16974.656519866 78.40
17221.5585843969 77.45
17472.0519221531 75.65
17726.1887694067 72.14
17984.0221222235 66.63
18245.605747515 69.61
18510.9941942506 73.75
18780.2428048326 71.14
19053.4077266369 66.32
19330.545923722 62.61
19611.7151887077 59.01
19896.9741548268 56.98
20186.382308152 56.98
