20 91.86
20.2909066988 91.86
20.5860447329 91.93
20.8854756485 92.11
21.1892618872 92.29
21.4974667984 92.43
21.8101546533 92.54
22.1273906578 92.62
22.4492409662 92.69
22.7757726951 92.78
23.1070539374 92.89
23.4431537764 93.01
23.7841423001 93.14
24.130090616 93.28
24.4810708661 93.42
24.8371562415 93.56
25.1984209979 93.69
25.5649404712 93.80
25.936791093 93.90
26.3140504067 93.99
26.6967970834 94.07
27.0851109387 94.16
27.4790729492 94.26
27.878765269 94.37
28.2842712475 94.49
28.6956754462 94.60
29.1130636568 94.70
29.5365229188 94.79
29.9661415375 94.86
30.402009103 94.94
30.8442165082 95.02
31.2928559682 95.12
31.7480210394 95.22
32.209806639 95.33
32.6783090648 95.45
33.1536260154 95.55
33.6358566101 95.64
34.1251014105 95.72
34.6214624402 95.79
35.1250432075 95.87
35.6359487256 95.96
36.1542855356 96.06
36.6801617282 96.16
37.2136869661 96.26
37.7549725073 96.33
38.3041312279 96.39
38.8612776461 96.44
39.4265279456 96.51
40 96.58
40.5818133975 96.66
41.1720894657 96.73
41.7709512971 96.79
42.3785237744 96.85
42.9949335968 96.90
43.6203093066 96.97
44.2547813156 97.04
44.8984819324 97.12
45.5515453903 97.18
46.2141078749 97.21
46.8863075528 97.22
47.5682846001 97.22
48.260181232 97.26
48.9621417322 97.34
49.6743124829 97.44
50.3968419958 97.53
51.1298809424 97.60
51.873582186 97.64
52.6281008133 97.68
53.3935941668 97.72
54.1702218775 97.76
54.9581458983 97.80
55.757530538 97.83
56.5685424949 97.88
57.3913508924 97.96
58.2261273137 98.08
59.0730458376 98.24
59.9322830751 98.34
60.804018206 98.33
61.6884330163 98.25
62.5857119363 98.19
63.4960420787 98.18
64.419613278 98.21
65.3566181296 98.25
66.3072520307 98.29
67.2717132203 98.32
68.2502028209 98.35
69.2429248805 98.38
70.2500864149 98.42
71.2718974512 98.45
72.3085710713 98.48
73.3603234564 98.50
74.4273739322 98.52
75.5099450145 98.54
76.6082624559 98.55
77.7225552923 98.56
78.8530558912 98.58
80 98.60
81.163626795 98.60
82.3441789315 98.60
83.5419025942 98.60
84.7570475487 98.61
85.9898671937 98.61
87.2406186132 98.61
88.5095626311 98.61
89.7969638648 98.61
91.1030907805 98.61
92.4282157498 98.61
93.7726151055 98.61
95.1365692002 98.61
96.520362464 98.61
97.9242834644 98.61
99.3486249659 98.61
100.7936839916 98.61
102.2597618848 98.61
103.7471643721 98.61
105.2562016267 98.61
106.7871883336 98.60
108.340443755 98.60
109.9162917966 98.59
111.5150610759 98.58
113.1370849898 98.56
114.7827017849 98.54
116.4522546274 98.51
118.1460916752 98.46
119.8645661501 98.43
121.6080364119 98.42
123.3768660326 98.43
125.1714238726 98.43
126.9920841575 98.42
128.8392265559 98.40
130.7132362593 98.38
132.6145040614 98.36
134.5434264406 98.33
136.5004056418 98.31
138.485849761 98.28
140.5001728299 98.25
142.5437949025 98.23
144.6171421426 98.20
146.7206469127 98.18
148.8547478643 98.15
151.0198900291 98.12
153.2165249118 98.10
155.4451105846 98.07
157.7061117824 98.04
160 98.01
162.32725359 97.97
164.688357863 97.93
167.0838051884 97.89
169.5140950975 97.84
171.9797343873 97.79
174.4812372264 97.74
177.0191252622 97.69
179.5939277295 97.64
182.2061815611 97.58
184.8564314996 97.52
187.5452302111 97.45
190.2731384004 97.38
193.0407249281 97.30
195.8485669287 97.23
198.6972499318 97.15
201.5873679832 97.10
204.5195237697 97.06
207.4943287442 97.04
210.5124032534 97.04
213.5743766672 97.03
216.6808875099 97.02
219.8325835933 97.00
223.0301221518 96.97
226.2741699797 96.94
229.5654035698 96.90
232.9045092548 96.85
236.2921833503 96.79
239.7291323003 96.73
243.2160728239 96.69
246.7537320653 96.65
250.3428477452 96.61
253.9841683149 96.57
257.6784531119 96.52
261.4264725186 96.46
265.2290081229 96.41
269.0868528812 96.36
273.0008112836 96.31
276.971699522 96.25
281.0003456597 96.20
285.0875898049 96.15
289.2342842852 96.09
293.4412938255 96.04
297.7094957287 95.99
302.0397800581 95.93
306.4330498235 95.88
310.8902211692 95.83
315.4122235649 95.78
320 95.73
324.65450718 95.68
329.3767157259 95.63
334.1676103768 95.58
339.028190195 95.53
343.9594687746 95.48
348.9624744529 95.43
354.0382505244 95.37
359.187855459 95.32
364.4123631221 95.27
369.7128629991 95.22
375.0904604222 95.17
380.5462768009 95.11
386.0814498562 95.06
391.6971338575 95.01
397.3944998635 94.95
403.1747359664 94.89
409.0390475393 94.83
414.9886574883 94.78
421.0248065068 94.72
427.1487533344 94.67
433.3617750198 94.61
439.6651671866 94.56
446.0602443037 94.51
452.5483399594 94.46
459.1308071395 94.41
465.8090185095 94.36
472.5843667007 94.32
479.4582646005 94.27
486.4321456477 94.23
493.5074641306 94.18
500.6856954905 94.14
507.9683366298 94.10
515.3569062238 94.05
522.8529450372 94.01
530.4580162458 93.97
538.1737057624 93.92
546.0016225673 93.88
553.9433990439 93.85
562.0006913195 93.81
570.1751796098 93.77
578.4685685703 93.73
586.882587651 93.69
595.4189914574 93.65
604.0795601163 93.61
612.8660996471 93.57
621.7804423383 93.54
630.8244471297 93.50
640 93.46
649.30901436 93.43
658.7534314519 93.39
668.3352207536 93.36
678.05638039 93.33
687.9189375493 93.29
697.9249489058 93.26
708.0765010489 93.23
718.375710918 93.20
728.8247262443 93.17
739.4257259983 93.14
750.1809208443 93.12
761.0925536018 93.09
772.1628997124 93.07
783.394267715 93.05
794.7889997271 93.03
806.3494719327 93.02
818.0780950787 93.01
829.9773149767 93.01
842.0496130136 93.01
854.2975066688 93.01
866.7235500396 93.02
879.3303343732 93.03
892.1204886074 93.06
905.0966799188 93.09
918.2616142791 93.12
931.618037019 93.16
945.1687334013 93.21
958.9165292011 93.27
972.8642912955 93.34
987.0149282611 93.43
1001.371390981 93.52
1015.9366732597 93.63
1030.7138124476 93.74
1045.7058900743 93.87
1060.9160324916 94.01
1076.3474115248 94.16
1092.0032451345 94.31
1107.8867980879 94.47
1124.0013826389 94.64
1140.3503592197 94.81
1156.9371371406 94.99
1173.765175302 95.18
1190.8379829148 95.37
1208.1591202326 95.55
1225.7321992942 95.74
1243.5608846767 95.92
1261.6488942595 96.10
1280 96.29
1298.6180287201 96.46
1317.5068629037 96.64
1336.6704415071 96.81
1356.1127607799 96.98
1375.8378750985 97.13
1395.8498978116 97.28
1416.1530020977 97.42
1436.751421836 97.56
1457.6494524886 97.69
1478.8514519966 97.81
1500.3618416887 97.93
1522.1851072035 98.05
1544.3257994247 98.16
1566.78853543 98.27
1589.5779994541 98.38
1612.6989438655 98.50
1636.1561901574 98.61
1659.9546299533 98.73
1684.0992260271 98.86
1708.5950133377 98.99
1733.4471000793 99.12
1758.6606687464 99.25
1784.2409772148 99.39
1810.1933598376 99.53
1836.5232285581 99.67
1863.2360740381 99.81
1890.3374668026 99.96
1917.8330584022 100.10
1945.7285825909 100.25
1974.0298565222 100.41
2002.742781962 100.57
2031.8733465194 100.74
2061.4276248951 100.91
2091.4117801487 101.10
2121.8320649832 101.30
2152.6948230496 101.52
2184.0064902691 101.75
2215.7735961758 101.99
2248.0027652779 102.24
2280.7007184393 102.49
2313.8742742813 102.75
2347.530350604 103.02
2381.6759658296 103.29
2416.3182404652 103.57
2451.4643985884 103.85
2487.1217693533 104.13
2523.297788519 104.41
2560.0000000001 104.69
2597.2360574402 104.97
2635.0137258074 105.24
2673.3408830143 105.49
2712.2255215599 105.73
2751.6757501971 105.95
2791.6997956232 106.14
2832.3060041955 106.30
2873.5028436721 106.42
2915.2989049772 106.50
2957.7029039931 106.54
3000.7236833774 106.54
3044.3702144071 106.48
3088.6515988494 106.38
3133.57707086 106.23
3179.1559989082 106.04
3225.397887731 105.82
3272.3123803148 105.56
3319.9092599067 105.27
3368.1984520542 104.96
3417.1900266754 104.63
3466.8942001586 104.30
3517.3213374928 103.97
3568.4819544296 103.65
3620.3867196753 103.34
3673.0464571163 103.05
3726.4721480761 102.76
3780.6749336053 102.48
3835.6661168044 102.21
3891.4571651819 101.95
3948.0597130445 101.69
4005.4855639241 101.45
4063.7466930387 101.23
4122.8552497902 101.01
4182.8235602974 100.82
4243.6641299665 100.66
4305.3896460992 100.53
4368.0129805382 100.43
4431.5471923516 100.35
4496.0055305558 100.30
4561.4014368787 100.26
4627.7485485626 100.23
4695.0607012081 100.21
4763.3519316592 100.19
4832.6364809305 100.17
4902.9287971769 100.14
4974.2435387067 100.13
5046.595577038 100.11
5120.0000000002 100.11
5194.4721148803 100.10
5270.0274516149 100.11
5346.6817660286 100.11
5424.4510431198 100.12
5503.3515003942 100.13
5583.3995912463 100.14
5664.6120083911 100.14
5747.0056873442 100.15
5830.5978099545 100.16
5915.4058079863 100.16
6001.4473667548 100.17
6088.7404288142 100.18
6177.3031976989 100.20
6267.1541417201 100.22
6358.3119978165 100.25
6450.795775462 100.28
6544.6247606297 100.31
6639.8185198134 100.34
6736.3969041085 100.37
6834.3800533509 100.40
6933.7884003172 100.45
7034.6426749857 100.52
7136.9639088592 100.62
7240.7734393506 100.72
7346.0929142326 100.83
7452.9442961523 100.94
7561.3498672106 101.06
7671.3322336089 101.18
7782.9143303638 101.30
7896.119426089 101.41
8010.9711278481 101.49
8127.4933860775 101.52
8245.7104995805 101.48
8365.6471205948 101.33
8487.328259933 101.06
8610.7792921984 100.63
8736.0259610765 100.04
8863.0943847033 99.29
8992.0110611117 98.40
9122.8028737575 97.42
9255.4970971253 96.38
9390.1214024162 95.31
9526.7038633184 94.25
9665.272961861 93.22
9805.8575943538 92.23
9948.4870774134 91.30
10093.191154076 90.42
10240.0000000005 89.61
10388.9442297607 88.86
10540.0549032298 88.17
10693.3635320572 87.54
10848.9020862397 86.97
11006.7030007884 86.47
11166.7991824927 86.01
11329.2240167822 85.62
11494.0113746885 85.28
11661.1956199091 85.01
11830.8116159726 84.79
12002.8947335097 84.64
12177.4808576284 84.55
12354.6063953979 84.54
12534.3082834402 84.60
12716.6239956331 84.75
12901.5915509241 85.02
13089.2495212594 85.36
13279.637039627 85.83
13472.7938082171 86.46
13668.7601067018 87.28
13867.5768006344 88.35
14069.2853499715 89.75
14273.9278177184 91.43
14481.5468787012 93.38
14692.1858284653 95.33
14905.8885923047 96.93
15122.6997344212 97.86
15342.6644672179 97.92
15565.8286607277 97.09
15792.2388521781 95.59
16021.9422556964 93.80
16254.9867721551 92.15
16491.4209991611 91.05
16731.2942411897 90.71
16974.656519866 91.13
17221.5585843969 92.04
17472.0519221531 92.92
17726.1887694067 93.17
17984.0221222235 92.39
18245.605747515 90.52
18510.9941942506 87.75
18780.2428048326 84.45
19053.4077266369 80.93
19330.545923722 77.40
19611.7151887077 74.04
19896.9741548268 72.47
20186.382308152 72.47
