20 98.28
20.2909066988 98.28
20.5860447329 98.32
20.8854756485 98.36
21.1892618872 98.39
21.4974667984 98.43
21.8101546533 98.46
22.1273906578 98.49
22.4492409662 98.52
22.7757726951 98.56
23.1070539374 98.60
23.4431537764 98.65
23.7841423001 98.69
24.130090616 98.73
24.4810708661 98.77
24.8371562415 98.80
25.1984209979 98.83
25.5649404712 98.86
25.936791093 98.88
26.3140504067 98.90
26.6967970834 98.91
27.0851109387 98.92
27.4790729492 98.93
27.878765269 98.96
28.2842712475 99.00
28.6956754462 99.04
29.1130636568 99.08
29.5365229188 99.12
29.9661415375 99.15
30.402009103 99.18
30.8442165082 99.21
31.2928559682 99.23
31.7480210394 99.24
32.209806639 99.26
32.6783090648 99.27
33.1536260154 99.29
33.6358566101 99.31
34.1251014105 99.32
34.6214624402 99.32
35.1250432075 99.32
35.6359487256 99.33
36.1542855356 99.33
36.6801617282 99.33
37.2136869661 99.33
37.7549725073 99.33
38.3041312279 99.32
38.8612776461 99.31
39.4265279456 99.31
40 99.31
40.5818133975 99.30
41.1720894657 99.28
41.7709512971 99.26
42.3785237744 99.25
42.9949335968 99.23
43.6203093066 99.22
44.2547813156 99.20
44.8984819324 99.17
45.5515453903 99.15
46.2141078749 99.13
46.8863075528 99.11
47.5682846001 99.08
48.260181232 99.05
48.9621417322 99.03
49.6743124829 99.02
50.3968419958 99.00
51.1298809424 98.98
51.873582186 98.96
52.6281008133 98.95
53.3935941668 98.93
54.1702218775 98.91
54.9581458983 98.87
55.757530538 98.85
56.5685424949 98.82
57.3913508924 98.79
58.2261273137 98.75
59.0730458376 98.73
59.9322830751 98.70
60.804018206 98.66
61.6884330163 98.63
62.5857119363 98.59
63.4960420787 98.55
64.419613278 98.52
65.3566181296 98.49
66.3072520307 98.46
67.2717132203 98.43
68.2502028209 98.40
69.2429248805 98.36
70.2500864149 98.33
71.2718974512 98.29
72.3085710713 98.25
73.3603234564 98.22
74.4273739322 98.17
75.5099450145 98.13
76.6082624559 98.08
77.7225552923 98.04
78.8530558912 97.99
80 97.94
81.163626795 97.90
82.3441789315 97.84
83.5419025942 97.79
84.7570475487 97.73
85.9898671937 97.68
87.2406186132 97.62
88.5095626311 97.57
89.7969638648 97.51
91.1030907805 97.46
92.4282157498 97.40
93.7726151055 97.35
95.1365692002 97.29
96.520362464 97.24
97.9242834644 97.19
99.3486249659 97.14
100.7936839916 97.09
102.2597618848 97.04
103.7471643721 96.99
105.2562016267 96.93
106.7871883336 96.88
108.340443755 96.82
109.9162917966 96.77
111.5150610759 96.71
113.1370849898 96.65
114.7827017849 96.59
116.4522546274 96.53
118.1460916752 96.46
119.8645661501 96.40
121.6080364119 96.34
123.3768660326 96.28
125.1714238726 96.21
126.9920841575 96.14
128.8392265559 96.08
130.7132362593 96.02
132.6145040614 95.97
134.5434264406 95.93
136.5004056418 95.89
138.485849761 95.86
140.5001728299 95.83
142.5437949025 95.78
144.6171421426 95.73
146.7206469127 95.68
148.8547478643 95.63
151.0198900291 95.57
153.2165249118 95.52
155.4451105846 95.46
157.7061117824 95.40
160 95.35
162.32725359 95.29
164.688357863 95.23
167.0838051884 95.17
169.5140950975 95.11
171.9797343873 95.05
174.4812372264 94.99
177.0191252622 94.94
179.5939277295 94.87
182.2061815611 94.82
184.8564314996 94.76
187.5452302111 94.70
190.2731384004 94.64
193.0407249281 94.58
195.8485669287 94.52
198.6972499318 94.45
201.5873679832 94.38
204.5195237697 94.31
207.4943287442 94.24
210.5124032534 94.17
213.5743766672 94.11
216.6808875099 94.05
219.8325835933 93.99
223.0301221518 93.94
226.2741699797 93.90
229.5654035698 93.85
232.9045092548 93.81
236.2921833503 93.77
239.7291323003 93.73
243.2160728239 93.68
246.7537320653 93.65
250.3428477452 93.60
253.9841683149 93.55
257.6784531119 93.50
261.4264725186 93.46
265.2290081229 93.41
269.0868528812 93.37
273.0008112836 93.32
276.971699522 93.28
281.0003456597 93.23
285.0875898049 93.19
289.2342842852 93.15
293.4412938255 93.11
297.7094957287 93.07
302.0397800581 93.03
306.4330498235 92.99
310.8902211692 92.96
315.4122235649 92.92
320 92.89
324.65450718 92.86
329.3767157259 92.83
334.1676103768 92.80
339.028190195 92.77
343.9594687746 92.74
348.9624744529 92.71
354.0382505244 92.68
359.187855459 92.64
364.4123631221 92.62
369.7128629991 92.58
375.0904604222 92.55
380.5462768009 92.51
386.0814498562 92.48
391.6971338575 92.45
397.3944998635 92.41
403.1747359664 92.38
409.0390475393 92.34
414.9886574883 92.31
421.0248065068 92.28
427.1487533344 92.25
433.3617750198 92.22
439.6651671866 92.19
446.0602443037 92.16
452.5483399594 92.14
459.1308071395 92.12
465.8090185095 92.09
472.5843667007 92.07
479.4582646005 92.05
486.4321456477 92.03
493.5074641306 92.02
500.6856954905 92.00
507.9683366298 91.98
515.3569062238 91.97
522.8529450372 91.95
530.4580162458 91.94
538.1737057624 91.92
546.0016225673 91.91
553.9433990439 91.90
562.0006913195 91.88
570.1751796098 91.87
578.4685685703 91.86
586.882587651 91.85
595.4189914574 91.84
604.0795601163 91.82
612.8660996471 91.81
621.7804423383 91.80
630.8244471297 91.79
640 91.78
649.30901436 91.77
658.7534314519 91.76
668.3352207536 91.76
678.05638039 91.75
687.9189375493 91.74
697.9249489058 91.74
708.0765010489 91.73
718.375710918 91.73
728.8247262443 91.73
739.4257259983 91.73
750.1809208443 91.74
761.0925536018 91.75
772.1628997124 91.76
783.394267715 91.78
794.7889997271 91.81
806.3494719327 91.85
818.0780950787 91.89
829.9773149767 91.93
842.0496130136 91.99
854.2975066688 92.05
866.7235500396 92.11
879.3303343732 92.17
892.1204886074 92.24
905.0966799188 92.31
918.2616142791 92.39
931.618037019 92.47
945.1687334013 92.56
958.9165292011 92.65
972.8642912955 92.72
987.0149282611 92.73
1001.371390981 92.79
1015.9366732597 92.94
1030.7138124476 93.09
1045.7058900743 93.24
1060.9160324916 93.38
1076.3474115248 93.52
1092.0032451345 93.68
1107.8867980879 93.85
1124.0013826389 94.02
1140.3503592197 94.18
1156.9371371406 94.34
1173.765175302 94.50
1190.8379829148 94.67
1208.1591202326 94.86
1225.7321992942 95.04
1243.5608846767 95.23
1261.6488942595 95.41
1280 95.60
1298.6180287201 95.77
1317.5068629037 95.95
1336.6704415071 96.12
1356.1127607799 96.29
1375.8378750985 96.45
1395.8498978116 96.61
1416.1530020977 96.76
1436.751421836 96.92
1457.6494524886 97.06
1478.8514519966 97.20
1500.3618416887 97.35
1522.1851072035 97.48
1544.3257994247 97.62
1566.78853543 97.75
1589.5779994541 97.89
1612.6989438655 98.02
1636.1561901574 98.16
1659.9546299533 98.30
1684.0992260271 98.44
1708.5950133377 98.58
1733.4471000793 98.73
1758.6606687464 98.87
1784.2409772148 99.03
1810.1933598376 99.18
1836.5232285581 99.33
1863.2360740381 99.48
1890.3374668026 99.62
1917.8330584022 99.77
1945.7285825909 99.92
1974.0298565222 100.06
2002.742781962 100.20
2031.8733465194 100.33
2061.4276248951 100.46
2091.4117801487 100.59
2121.8320649832 100.71
2152.6948230496 100.81
2184.0064902691 100.92
2215.7735961758 101.01
2248.0027652779 101.09
2280.7007184393 101.16
2313.8742742813 101.22
2347.530350604 101.27
2381.6759658296 101.30
2416.3182404652 101.32
2451.4643985884 101.32
2487.1217693533 101.32
2523.297788519 101.29
2560.0000000001 101.26
2597.2360574402 101.22
2635.0137258074 101.16
2673.3408830143 101.10
2712.2255215599 101.02
2751.6757501971 100.95
2791.6997956232 100.86
2832.3060041955 100.77
2873.5028436721 100.67
2915.2989049772 100.57
2957.7029039931 100.46
3000.7236833774 100.35
3044.3702144071 100.24
3088.6515988494 100.12
3133.57707086 100.00
3179.1559989082 99.88
3225.397887731 99.76
3272.3123803148 99.63
3319.9092599067 99.51
3368.1984520542 99.38
3417.1900266754 99.27
3466.8942001586 99.17
3517.3213374928 99.10
3568.4819544296 99.04
3620.3867196753 98.98
3673.0464571163 98.94
3726.4721480761 98.91
3780.6749336053 98.91
3835.6661168044 98.93
3891.4571651819 99.00
3948.0597130445 99.07
4005.4855639241 99.13
4063.7466930387 99.18
4122.8552497902 99.21
4182.8235602974 99.22
4243.6641299665 99.22
4305.3896460992 99.20
4368.0129805382 99.17
4431.5471923516 99.11
4496.0055305558 99.03
4561.4014368787 98.93
4627.7485485626 98.81
4695.0607012081 98.70
4763.3519316592 98.59
4832.6364809305 98.49
4902.9287971769 98.39
4974.2435387067 98.28
5046.595577038 98.15
5120.0000000002 97.98
5194.4721148803 97.78
5270.0274516149 97.54
5346.6817660286 97.26
5424.4510431198 96.96
5503.3515003942 96.61
5583.3995912463 96.26
5664.6120083911 95.93
5747.0056873442 95.69
5830.5978099545 95.50
5915.4058079863 95.30
6001.4473667548 95.02
6088.7404288142 94.72
6177.3031976989 94.44
6267.1541417201 94.18
6358.3119978165 93.95
6450.795775462 93.74
6544.6247606297 93.57
6639.8185198134 93.44
6736.3969041085 93.36
6834.3800533509 93.33
6933.7884003172 93.37
7034.6426749857 93.48
7136.9639088592 93.69
7240.7734393506 93.96
7346.0929142326 94.30
7452.9442961523 94.70
7561.3498672106 95.13
7671.3322336089 95.56
7782.9143303638 95.95
7896.119426089 96.19
8010.9711278481 96.20
8127.4933860775 95.94
8245.7104995805 95.43
8365.6471205948 94.66
8487.328259933 93.69
8610.7792921984 92.54
8736.0259610765 91.31
8863.0943847033 90.05
8992.0110611117 88.80
9122.8028737575 87.62
9255.4970971253 86.53
9390.1214024162 85.52
9526.7038633184 84.57
9665.272961861 83.71
9805.8575943538 82.90
9948.4870774134 82.17
10093.191154076 81.52
10240.0000000005 80.93
10388.9442297607 80.39
10540.0549032298 79.91
10693.3635320572 79.53
10848.9020862397 79.24
11006.7030007884 79.06
11166.7991824927 79.13
11329.2240167822 79.59
11494.0113746885 80.49
11661.1956199091 81.96
11830.8116159726 83.57
12002.8947335097 85.16
12177.4808576284 86.66
12354.6063953979 88.17
12534.3082834402 89.85
12716.6239956331 91.94
12901.5915509241 94.60
13089.2495212594 97.52
13279.637039627 98.39
13472.7938082171 96.42
13668.7601067018 93.38
13867.5768006344 90.84
14069.2853499715 88.93
14273.9278177184 87.39
14481.5468787012 86.28
14692.1858284653 85.71
14905.8885923047 85.26
15122.6997344212 85.06
15342.6644672179 85.17
15565.8286607277 85.66
15792.2388521781 86.57
16021.9422556964 87.97
16254.9867721551 89.67
16491.4209991611 90.17
16731.2942411897 87.76
16974.656519866 84.34
17221.5585843969 81.19
17472.0519221531 78.53
17726.1887694067 76.27
17984.0221222235 74.31
18245.605747515 72.59
18510.9941942506 70.91
18780.2428048326 69.19
19053.4077266369 67.25
19330.545923722 64.86
19611.7151887077 61.78
19896.9741548268 59.93
20186.382308152 59.93
