20 106.13
20.2909066988 106.13
20.5860447329 106.14
20.8854756485 106.17
21.1892618872 106.21
21.4974667984 106.24
21.8101546533 106.26
22.1273906578 106.29
22.4492409662 106.31
22.7757726951 106.33
23.1070539374 106.35
23.4431537764 106.38
23.7841423001 106.41
24.130090616 106.45
24.4810708661 106.49
24.8371562415 106.53
25.1984209979 106.56
25.5649404712 106.59
25.936791093 106.61
26.3140504067 106.63
26.6967970834 106.65
27.0851109387 106.68
27.4790729492 106.70
27.878765269 106.72
28.2842712475 106.74
28.6956754462 106.75
29.1130636568 106.76
29.5365229188 106.78
29.9661415375 106.80
30.402009103 106.82
30.8442165082 106.86
31.2928559682 106.89
31.7480210394 106.90
32.209806639 106.91
32.6783090648 106.90
33.1536260154 106.88
33.6358566101 106.87
34.1251014105 106.88
34.6214624402 106.89
35.1250432075 106.90
35.6359487256 106.92
36.1542855356 106.93
36.6801617282 106.94
37.2136869661 106.94
37.7549725073 106.93
38.3041312279 106.91
38.8612776461 106.87
39.4265279456 106.83
40 106.79
40.5818133975 106.77
41.1720894657 106.78
41.7709512971 106.80
42.3785237744 106.80
42.9949335968 106.79
43.6203093066 106.77
44.2547813156 106.74
44.8984819324 106.70
45.5515453903 106.65
46.2141078749 106.59
46.8863075528 106.54
47.5682846001 106.51
48.260181232 106.51
48.9621417322 106.52
49.6743124829 106.51
50.3968419958 106.49
51.1298809424 106.44
51.873582186 106.39
52.6281008133 106.34
53.3935941668 106.31
54.1702218775 106.29
54.9581458983 106.26
55.757530538 106.22
56.5685424949 106.18
57.3913508924 106.14
58.2261273137 106.12
59.0730458376 106.11
59.9322830751 106.08
60.804018206 106.03
61.6884330163 105.96
62.5857119363 105.91
63.4960420787 105.86
64.419613278 105.83
65.3566181296 105.79
66.3072520307 105.75
67.2717132203 105.71
68.2502028209 105.67
69.2429248805 105.63
70.2500864149 105.58
71.2718974512 105.53
72.3085710713 105.48
73.3603234564 105.43
74.4273739322 105.38
75.5099450145 105.33
76.6082624559 105.28
77.7225552923 105.23
78.8530558912 105.17
80 105.11
81.163626795 105.05
82.3441789315 104.99
83.5419025942 104.93
84.7570475487 104.87
85.9898671937 104.80
87.2406186132 104.74
88.5095626311 104.68
89.7969638648 104.62
91.1030907805 104.55
92.4282157498 104.49
93.7726151055 104.43
95.1365692002 104.37
96.520362464 104.31
97.9242834644 104.26
99.3486249659 104.20
100.7936839916 104.14
102.2597618848 104.09
103.7471643721 104.03
105.2562016267 103.98
106.7871883336 103.92
108.340443755 103.86
109.9162917966 103.80
111.5150610759 103.74
113.1370849898 103.67
114.7827017849 103.60
116.4522546274 103.53
118.1460916752 103.45
119.8645661501 103.38
121.6080364119 103.31
123.3768660326 103.26
125.1714238726 103.20
126.9920841575 103.13
128.8392265559 103.07
130.7132362593 103.00
132.6145040614 102.94
134.5434264406 102.88
136.5004056418 102.81
138.485849761 102.75
140.5001728299 102.68
142.5437949025 102.61
144.6171421426 102.55
146.7206469127 102.49
148.8547478643 102.43
151.0198900291 102.37
153.2165249118 102.31
155.4451105846 102.25
157.7061117824 102.18
160 102.12
162.32725359 102.06
164.688357863 101.99
167.0838051884 101.93
169.5140950975 101.86
171.9797343873 101.79
174.4812372264 101.73
177.0191252622 101.66
179.5939277295 101.60
182.2061815611 101.53
184.8564314996 101.47
187.5452302111 101.40
190.2731384004 101.34
193.0407249281 101.27
195.8485669287 101.20
198.6972499318 101.13
201.5873679832 101.05
204.5195237697 100.98
207.4943287442 100.90
210.5124032534 100.83
213.5743766672 100.75
216.6808875099 100.68
219.8325835933 100.61
223.0301221518 100.55
226.2741699797 100.49
229.5654035698 100.43
232.9045092548 100.37
236.2921833503 100.30
239.7291323003 100.24
243.2160728239 100.19
246.7537320653 100.15
250.3428477452 100.10
253.9841683149 100.05
257.6784531119 100.00
261.4264725186 99.94
265.2290081229 99.89
269.0868528812 99.84
273.0008112836 99.78
276.971699522 99.73
281.0003456597 99.68
285.0875898049 99.63
289.2342842852 99.58
293.4412938255 99.54
297.7094957287 99.50
302.0397800581 99.46
306.4330498235 99.42
310.8902211692 99.38
315.4122235649 99.34
320 99.30
324.65450718 99.26
329.3767157259 99.23
334.1676103768 99.20
339.028190195 99.16
343.9594687746 99.12
348.9624744529 99.09
354.0382505244 99.05
359.187855459 99.01
364.4123631221 98.98
369.7128629991 98.94
375.0904604222 98.90
380.5462768009 98.87
386.0814498562 98.83
391.6971338575 98.80
397.3944998635 98.76
403.1747359664 98.73
409.0390475393 98.69
414.9886574883 98.65
421.0248065068 98.61
427.1487533344 98.58
433.3617750198 98.54
439.6651671866 98.51
446.0602443037 98.47
452.5483399594 98.44
459.1308071395 98.41
465.8090185095 98.38
472.5843667007 98.36
479.4582646005 98.34
486.4321456477 98.31
493.5074641306 98.29
500.6856954905 98.26
507.9683366298 98.24
515.3569062238 98.22
522.8529450372 98.20
530.4580162458 98.18
538.1737057624 98.16
546.0016225673 98.15
553.9433990439 98.13
562.0006913195 98.12
570.1751796098 98.10
578.4685685703 98.09
586.882587651 98.07
595.4189914574 98.06
604.0795601163 98.04
612.8660996471 98.03
621.7804423383 98.01
630.8244471297 98.00
640 97.99
649.30901436 97.98
658.7534314519 97.97
668.3352207536 97.96
678.05638039 97.95
687.9189375493 97.94
697.9249489058 97.93
708.0765010489 97.92
718.375710918 97.92
728.8247262443 97.91
739.4257259983 97.91
750.1809208443 97.91
761.0925536018 97.91
772.1628997124 97.91
783.394267715 97.91
794.7889997271 97.91
806.3494719327 97.92
818.0780950787 97.93
829.9773149767 97.94
842.0496130136 97.96
854.2975066688 97.98
866.7235500396 98.01
879.3303343732 98.04
892.1204886074 98.07
905.0966799188 98.11
918.2616142791 98.16
931.618037019 98.21
945.1687334013 98.28
958.9165292011 98.34
972.8642912955 98.41
987.0149282611 98.49
1001.371390981 98.58
1015.9366732597 98.70
1030.7138124476 98.83
1045.7058900743 98.98
1060.9160324916 99.13
1076.3474115248 99.28
1092.0032451345 99.44
1107.8867980879 99.63
1124.0013826389 99.86
1140.3503592197 100.10
1156.9371371406 100.31
1173.765175302 100.51
1190.8379829148 100.69
1208.1591202326 100.87
1225.7321992942 101.06
1243.5608846767 101.25
1261.6488942595 101.44
1280 101.63
1298.6180287201 101.82
1317.5068629037 102.02
1336.6704415071 102.21
1356.1127607799 102.40
1375.8378750985 102.58
1395.8498978116 102.76
1416.1530020977 102.93
1436.751421836 103.10
1457.6494524886 103.26
1478.8514519966 103.41
1500.3618416887 103.56
1522.1851072035 103.70
1544.3257994247 103.83
1566.78853543 103.96
1589.5779994541 104.09
1612.6989438655 104.22
1636.1561901574 104.35
1659.9546299533 104.47
1684.0992260271 104.60
1708.5950133377 104.73
1733.4471000793 104.86
1758.6606687464 104.99
1784.2409772148 105.12
1810.1933598376 105.26
1836.5232285581 105.39
1863.2360740381 105.53
1890.3374668026 105.66
1917.8330584022 105.79
1945.7285825909 105.92
1974.0298565222 106.05
2002.742781962 106.18
2031.8733465194 106.30
2061.4276248951 106.42
2091.4117801487 106.53
2121.8320649832 106.65
2152.6948230496 106.75
2184.0064902691 106.85
2215.7735961758 106.94
2248.0027652779 107.03
2280.7007184393 107.11
2313.8742742813 107.18
2347.530350604 107.24
2381.6759658296 107.30
2416.3182404652 107.34
2451.4643985884 107.38
2487.1217693533 107.41
2523.297788519 107.43
2560.0000000001 107.45
2597.2360574402 107.46
2635.0137258074 107.46
2673.3408830143 107.46
2712.2255215599 107.46
2751.6757501971 107.45
2791.6997956232 107.44
2832.3060041955 107.42
2873.5028436721 107.41
2915.2989049772 107.39
2957.7029039931 107.38
3000.7236833774 107.36
3044.3702144071 107.34
3088.6515988494 107.33
3133.57707086 107.31
3179.1559989082 107.29
3225.397887731 107.27
3272.3123803148 107.24
3319.9092599067 107.22
3368.1984520542 107.19
3417.1900266754 107.16
3466.8942001586 107.14
3517.3213374928 107.11
3568.4819544296 107.08
3620.3867196753 107.05
3673.0464571163 107.02
3726.4721480761 106.99
3780.6749336053 106.96
3835.6661168044 106.93
3891.4571651819 106.88
3948.0597130445 106.83
4005.4855639241 106.77
4063.7466930387 106.69
4122.8552497902 106.60
4182.8235602974 106.49
4243.6641299665 106.35
4305.3896460992 106.20
4368.0129805382 106.02
4431.5471923516 105.81
4496.0055305558 105.58
4561.4014368787 105.32
4627.7485485626 105.04
4695.0607012081 104.73
4763.3519316592 104.40
4832.6364809305 104.04
4902.9287971769 103.66
4974.2435387067 103.26
5046.595577038 102.85
5120.0000000002 102.43
5194.4721148803 102.00
5270.0274516149 101.57
5346.6817660286 101.13
5424.4510431198 100.69
5503.3515003942 100.26
5583.3995912463 99.84
5664.6120083911 99.43
5747.0056873442 99.06
5830.5978099545 98.71
5915.4058079863 98.40
6001.4473667548 98.11
6088.7404288142 97.82
6177.3031976989 97.54
6267.1541417201 97.28
6358.3119978165 97.06
6450.795775462 96.87
6544.6247606297 96.72
6639.8185198134 96.63
6736.3969041085 96.59
6834.3800533509 96.62
6933.7884003172 96.72
7034.6426749857 96.92
7136.9639088592 97.23
7240.7734393506 97.63
7346.0929142326 98.13
7452.9442961523 98.72
7561.3498672106 99.42
7671.3322336089 100.18
7782.9143303638 100.95
7896.119426089 101.68
8010.9711278481 102.23
8127.4933860775 102.48
8245.7104995805 102.36
8365.6471205948 101.80
8487.328259933 100.90
8610.7792921984 99.70
8736.0259610765 98.31
8863.0943847033 96.83
8992.0110611117 95.36
9122.8028737575 93.95
9255.4970971253 92.65
9390.1214024162 91.46
9526.7038633184 90.39
9665.272961861 89.43
9805.8575943538 88.56
9948.4870774134 87.78
10093.191154076 87.08
10240.0000000005 86.45
10388.9442297607 85.89
10540.0549032298 85.43
10693.3635320572 85.10
10848.9020862397 84.99
11006.7030007884 85.21
11166.7991824927 85.81
11329.2240167822 86.75
11494.0113746885 87.84
11661.1956199091 88.90
11830.8116159726 89.86
12002.8947335097 90.72
12177.4808576284 91.57
12354.6063953979 92.55
12534.3082834402 93.71
12716.6239956331 95.15
12901.5915509241 96.70
13089.2495212594 98.27
13279.637039627 99.48
13472.7938082171 100.04
13668.7601067018 99.78
13867.5768006344 98.74
14069.2853499715 97.12
14273.9278177184 95.26
14481.5468787012 93.43
14692.1858284653 91.89
14905.8885923047 90.68
15122.6997344212 89.82
15342.6644672179 89.29
15565.8286607277 89.07
15792.2388521781 89.12
16021.9422556964 89.42
16254.9867721551 89.86
16491.4209991611 90.31
16731.2942411897 90.59
16974.656519866 90.52
17221.5585843969 90.01
17472.0519221531 89.05
17726.1887694067 87.71
17984.0221222235 86.11
18245.605747515 84.38
18510.9941942506 82.63
18780.2428048326 80.90
19053.4077266369 79.18
19330.545923722 77.45
19611.7151887077 75.70
19896.9741548268 74.85
20186.382308152 74.85
