20 106.33
20.2909066988 106.32
20.5860447329 106.31
20.8854756485 106.30
21.1892618872 106.30
21.4974667984 106.29
21.8101546533 106.28
22.1273906578 106.28
22.4492409662 106.28
22.7757726951 106.27
23.1070539374 106.27
23.4431537764 106.26
23.7841423001 106.25
24.130090616 106.24
24.4810708661 106.23
24.8371562415 106.23
25.1984209979 106.22
25.5649404712 106.21
25.936791093 106.20
26.3140504067 106.19
26.6967970834 106.18
27.0851109387 106.18
27.4790729492 106.17
27.878765269 106.16
28.2842712475 106.15
28.6956754462 106.14
29.1130636568 106.13
29.5365229188 106.11
29.9661415375 106.10
30.402009103 106.08
30.8442165082 106.07
31.2928559682 106.05
31.7480210394 106.04
32.209806639 106.02
32.6783090648 106.00
33.1536260154 105.97
33.6358566101 105.95
34.1251014105 105.92
34.6214624402 105.89
35.1250432075 105.86
35.6359487256 105.83
36.1542855356 105.80
36.6801617282 105.76
37.2136869661 105.72
37.7549725073 105.68
38.3041312279 105.65
38.8612776461 105.61
39.4265279456 105.56
40 105.52
40.5818133975 105.49
41.1720894657 105.45
41.7709512971 105.39
42.3785237744 105.34
42.9949335968 105.29
43.6203093066 105.25
44.2547813156 105.19
44.8984819324 105.13
45.5515453903 105.07
46.2141078749 105.02
46.8863075528 104.97
47.5682846001 104.91
48.260181232 104.86
48.9621417322 104.81
49.6743124829 104.75
50.3968419958 104.69
51.1298809424 104.64
51.873582186 104.58
52.6281008133 104.52
53.3935941668 104.46
54.1702218775 104.40
54.9581458983 104.34
55.757530538 104.28
56.5685424949 104.21
57.3913508924 104.15
58.2261273137 104.09
59.0730458376 104.03
59.9322830751 103.97
60.804018206 103.90
61.6884330163 103.84
62.5857119363 103.78
63.4960420787 103.72
64.419613278 103.66
65.3566181296 103.60
66.3072520307 103.53
67.2717132203 103.47
68.2502028209 103.41
69.2429248805 103.35
70.2500864149 103.28
71.2718974512 103.22
72.3085710713 103.15
73.3603234564 103.08
74.4273739322 103.01
75.5099450145 102.94
76.6082624559 102.87
77.7225552923 102.80
78.8530558912 102.73
80 102.65
81.163626795 102.58
82.3441789315 102.50
83.5419025942 102.43
84.7570475487 102.35
85.9898671937 102.28
87.2406186132 102.20
88.5095626311 102.12
89.7969638648 102.04
91.1030907805 101.97
92.4282157498 101.89
93.7726151055 101.82
95.1365692002 101.75
96.520362464 101.68
97.9242834644 101.61
99.3486249659 101.54
100.7936839916 101.48
102.2597618848 101.41
103.7471643721 101.34
105.2562016267 101.28
106.7871883336 101.21
108.340443755 101.14
109.9162917966 101.07
111.5150610759 101.00
113.1370849898 100.93
114.7827017849 100.86
116.4522546274 100.79
118.1460916752 100.72
119.8645661501 100.65
121.6080364119 100.58
123.3768660326 100.52
125.1714238726 100.45
126.9920841575 100.38
128.8392265559 100.31
130.7132362593 100.25
132.6145040614 100.18
134.5434264406 100.12
136.5004056418 100.06
138.485849761 100.00
140.5001728299 99.93
142.5437949025 99.87
144.6171421426 99.81
146.7206469127 99.75
148.8547478643 99.69
151.0198900291 99.63
153.2165249118 99.57
155.4451105846 99.51
157.7061117824 99.46
160 99.40
162.32725359 99.34
164.688357863 99.28
167.0838051884 99.23
169.5140950975 99.17
171.9797343873 99.13
174.4812372264 99.09
177.0191252622 99.05
179.5939277295 99.01
182.2061815611 98.97
184.8564314996 98.94
187.5452302111 98.90
190.2731384004 98.85
193.0407249281 98.80
195.8485669287 98.75
198.6972499318 98.69
201.5873679832 98.63
204.5195237697 98.57
207.4943287442 98.51
210.5124032534 98.45
213.5743766672 98.40
216.6808875099 98.34
219.8325835933 98.29
223.0301221518 98.24
226.2741699797 98.20
229.5654035698 98.15
232.9045092548 98.11
236.2921833503 98.07
239.7291323003 98.03
243.2160728239 97.99
246.7537320653 97.95
250.3428477452 97.92
253.9841683149 97.88
257.6784531119 97.84
261.4264725186 97.81
265.2290081229 97.77
269.0868528812 97.74
273.0008112836 97.70
276.971699522 97.66
281.0003456597 97.63
285.0875898049 97.59
289.2342842852 97.56
293.4412938255 97.53
297.7094957287 97.50
302.0397800581 97.47
306.4330498235 97.45
310.8902211692 97.43
315.4122235649 97.40
320 97.38
324.65450718 97.35
329.3767157259 97.32
334.1676103768 97.30
339.028190195 97.27
343.9594687746 97.24
348.9624744529 97.22
354.0382505244 97.19
359.187855459 97.16
364.4123631221 97.14
369.7128629991 97.11
375.0904604222 97.08
380.5462768009 97.05
386.0814498562 97.03
391.6971338575 97.00
397.3944998635 96.97
403.1747359664 96.94
409.0390475393 96.91
414.9886574883 96.89
421.0248065068 96.86
427.1487533344 96.83
433.3617750198 96.80
439.6651671866 96.78
446.0602443037 96.76
452.5483399594 96.74
459.1308071395 96.72
465.8090185095 96.71
472.5843667007 96.69
479.4582646005 96.68
486.4321456477 96.67
493.5074641306 96.65
500.6856954905 96.63
507.9683366298 96.61
515.3569062238 96.59
522.8529450372 96.57
530.4580162458 96.56
538.1737057624 96.54
546.0016225673 96.52
553.9433990439 96.50
562.0006913195 96.49
570.1751796098 96.47
578.4685685703 96.45
586.882587651 96.43
595.4189914574 96.42
604.0795601163 96.40
612.8660996471 96.39
621.7804423383 96.37
630.8244471297 96.35
640 96.34
649.30901436 96.32
658.7534314519 96.31
668.3352207536 96.29
678.05638039 96.27
687.9189375493 96.25
697.9249489058 96.22
708.0765010489 96.19
718.375710918 96.15
728.8247262443 96.12
739.4257259983 96.09
750.1809208443 96.05
761.0925536018 96.01
772.1628997124 95.99
783.394267715 95.97
794.7889997271 95.97
806.3494719327 95.97
818.0780950787 95.99
829.9773149767 96.01
842.0496130136 96.04
854.2975066688 96.08
866.7235500396 96.12
879.3303343732 96.15
892.1204886074 96.18
905.0966799188 96.22
918.2616142791 96.26
931.618037019 96.31
945.1687334013 96.38
958.9165292011 96.45
972.8642912955 96.54
987.0149282611 96.63
1001.371390981 96.74
1015.9366732597 96.86
1030.7138124476 96.98
1045.7058900743 97.12
1060.9160324916 97.27
1076.3474115248 97.43
1092.0032451345 97.59
1107.8867980879 97.77
1124.0013826389 97.94
1140.3503592197 98.13
1156.9371371406 98.32
1173.765175302 98.51
1190.8379829148 98.70
1208.1591202326 98.89
1225.7321992942 99.09
1243.5608846767 99.28
1261.6488942595 99.47
1280 99.66
1298.6180287201 99.84
1317.5068629037 100.03
1336.6704415071 100.21
1356.1127607799 100.38
1375.8378750985 100.54
1395.8498978116 100.70
1416.1530020977 100.86
1436.751421836 101.01
1457.6494524886 101.16
1478.8514519966 101.30
1500.3618416887 101.44
1522.1851072035 101.57
1544.3257994247 101.71
1566.78853543 101.84
1589.5779994541 101.97
1612.6989438655 102.10
1636.1561901574 102.23
1659.9546299533 102.36
1684.0992260271 102.49
1708.5950133377 102.62
1733.4471000793 102.75
1758.6606687464 102.88
1784.2409772148 103.00
1810.1933598376 103.12
1836.5232285581 103.24
1863.2360740381 103.35
1890.3374668026 103.45
1917.8330584022 103.54
1945.7285825909 103.61
1974.0298565222 103.67
2002.742781962 103.71
2031.8733465194 103.73
2061.4276248951 103.73
2091.4117801487 103.69
2121.8320649832 103.63
2152.6948230496 103.53
2184.0064902691 103.41
2215.7735961758 103.24
2248.0027652779 103.04
2280.7007184393 102.80
2313.8742742813 102.53
2347.530350604 102.23
2381.6759658296 101.93
2416.3182404652 101.64
2451.4643985884 101.41
2487.1217693533 101.27
2523.297788519 101.27
2560.0000000001 101.40
2597.2360574402 101.65
2635.0137258074 101.99
2673.3408830143 102.36
2712.2255215599 102.72
2751.6757501971 103.03
2791.6997956232 103.28
2832.3060041955 103.45
2873.5028436721 103.56
2915.2989049772 103.63
2957.7029039931 103.66
3000.7236833774 103.67
3044.3702144071 103.65
3088.6515988494 103.63
3133.57707086 103.61
3179.1559989082 103.58
3225.397887731 103.57
3272.3123803148 103.56
3319.9092599067 103.57
3368.1984520542 103.59
3417.1900266754 103.64
3466.8942001586 103.71
3517.3213374928 103.81
3568.4819544296 103.95
3620.3867196753 104.12
3673.0464571163 104.33
3726.4721480761 104.58
3780.6749336053 104.87
3835.6661168044 105.19
3891.4571651819 105.54
3948.0597130445 105.91
4005.4855639241 106.30
4063.7466930387 106.69
4122.8552497902 107.06
4182.8235602974 107.39
4243.6641299665 107.66
4305.3896460992 107.84
4368.0129805382 107.89
4431.5471923516 107.78
4496.0055305558 107.50
4561.4014368787 107.11
4627.7485485626 106.84
4695.0607012081 106.47
4763.3519316592 105.77
4832.6364809305 104.99
4902.9287971769 104.21
4974.2435387067 103.44
5046.595577038 102.70
5120.0000000002 102.00
5194.4721148803 101.34
5270.0274516149 100.73
5346.6817660286 100.17
5424.4510431198 99.66
5503.3515003942 99.19
5583.3995912463 98.78
5664.6120083911 98.41
5747.0056873442 98.09
5830.5978099545 97.82
5915.4058079863 97.59
6001.4473667548 97.41
6088.7404288142 97.28
6177.3031976989 97.19
6267.1541417201 97.15
6358.3119978165 97.17
6450.795775462 97.25
6544.6247606297 97.40
6639.8185198134 97.63
6736.3969041085 97.88
6834.3800533509 98.15
6933.7884003172 98.57
7034.6426749857 99.11
7136.9639088592 99.75
7240.7734393506 100.45
7346.0929142326 101.19
7452.9442961523 101.90
7561.3498672106 102.52
7671.3322336089 103.10
7782.9143303638 103.62
7896.119426089 104.04
8010.9711278481 104.27
8127.4933860775 104.30
8245.7104995805 104.17
8365.6471205948 103.93
8487.328259933 103.66
8610.7792921984 103.40
8736.0259610765 103.20
8863.0943847033 103.08
8992.0110611117 103.06
9122.8028737575 103.10
9255.4970971253 103.17
9390.1214024162 103.14
9526.7038633184 102.88
9665.272961861 102.25
9805.8575943538 101.19
9948.4870774134 99.72
10093.191154076 97.92
10240.0000000005 95.99
10388.9442297607 94.03
10540.0549032298 92.14
10693.3635320572 90.37
10848.9020862397 88.74
11006.7030007884 87.27
11166.7991824927 85.95
11329.2240167822 84.80
11494.0113746885 83.78
11661.1956199091 82.95
11830.8116159726 82.27
12002.8947335097 81.79
12177.4808576284 81.45
12354.6063953979 81.39
12534.3082834402 81.50
12716.6239956331 81.97
12901.5915509241 83.09
13089.2495212594 84.58
13279.637039627 86.42
13472.7938082171 88.04
13668.7601067018 88.35
13867.5768006344 87.03
14069.2853499715 84.68
14273.9278177184 82.17
14481.5468787012 80.09
14692.1858284653 78.53
14905.8885923047 77.29
15122.6997344212 76.43
15342.6644672179 75.80
15565.8286607277 74.99
15792.2388521781 73.38
16021.9422556964 70.65
16254.9867721551 68.82
16491.4209991611 68.48
16731.2942411897 68.31
16974.656519866 68.10
17221.5585843969 67.83
17472.0519221531 67.39
17726.1887694067 66.89
17984.0221222235 66.39
18245.605747515 65.98
18510.9941942506 65.87
18780.2428048326 66.57
19053.4077266369 67.87
19330.545923722 68.43
19611.7151887077 66.25
19896.9741548268 64.57
20186.382308152 64.57
