20 105.87
20.2909066988 105.87
20.5860447329 105.90
20.8854756485 105.92
21.1892618872 105.94
21.4974667984 105.95
21.8101546533 105.96
22.1273906578 105.98
22.4492409662 106.00
22.7757726951 106.03
23.1070539374 106.05
23.4431537764 106.06
23.7841423001 106.07
24.130090616 106.08
24.4810708661 106.10
24.8371562415 106.13
25.1984209979 106.15
25.5649404712 106.16
25.936791093 106.13
26.3140504067 106.08
26.6967970834 106.05
27.0851109387 106.07
27.4790729492 106.15
27.878765269 106.26
28.2842712475 106.34
28.6956754462 106.39
29.1130636568 106.39
29.5365229188 106.37
29.9661415375 106.36
30.402009103 106.36
30.8442165082 106.35
31.2928559682 106.35
31.7480210394 106.36
32.209806639 106.38
32.6783090648 106.40
33.1536260154 106.40
33.6358566101 106.40
34.1251014105 106.41
34.6214624402 106.43
35.1250432075 106.44
35.6359487256 106.43
36.1542855356 106.41
36.6801617282 106.40
37.2136869661 106.40
37.7549725073 106.41
38.3041312279 106.41
38.8612776461 106.39
39.4265279456 106.37
40 106.36
40.5818133975 106.35
41.1720894657 106.34
41.7709512971 106.32
42.3785237744 106.31
42.9949335968 106.30
43.6203093066 106.27
44.2547813156 106.25
44.8984819324 106.23
45.5515453903 106.21
46.2141078749 106.18
46.8863075528 106.17
47.5682846001 106.16
48.260181232 106.11
48.9621417322 106.09
49.6743124829 106.09
50.3968419958 106.05
51.1298809424 106.01
51.873582186 106.01
52.6281008133 106.00
53.3935941668 105.95
54.1702218775 105.95
54.9581458983 105.95
55.757530538 105.88
56.5685424949 105.86
57.3913508924 105.85
58.2261273137 105.82
59.0730458376 105.76
59.9322830751 105.74
60.804018206 105.72
61.6884330163 105.67
62.5857119363 105.64
63.4960420787 105.61
64.419613278 105.59
65.3566181296 105.55
66.3072520307 105.52
67.2717132203 105.49
68.2502028209 105.46
69.2429248805 105.42
70.2500864149 105.39
71.2718974512 105.35
72.3085710713 105.31
73.3603234564 105.27
74.4273739322 105.23
75.5099450145 105.18
76.6082624559 105.14
77.7225552923 105.09
78.8530558912 105.04
80 104.99
81.163626795 104.95
82.3441789315 104.90
83.5419025942 104.83
84.7570475487 104.76
85.9898671937 104.71
87.2406186132 104.65
88.5095626311 104.60
89.7969638648 104.53
91.1030907805 104.49
92.4282157498 104.42
93.7726151055 104.34
95.1365692002 104.27
96.520362464 104.22
97.9242834644 104.13
99.3486249659 104.08
100.7936839916 104.01
102.2597618848 103.94
103.7471643721 103.87
105.2562016267 103.82
106.7871883336 103.80
108.340443755 103.81
109.9162917966 103.84
111.5150610759 103.86
113.1370849898 103.83
114.7827017849 103.79
116.4522546274 103.73
118.1460916752 103.67
119.8645661501 103.60
121.6080364119 103.52
123.3768660326 103.45
125.1714238726 103.38
126.9920841575 103.31
128.8392265559 103.25
130.7132362593 103.18
132.6145040614 103.12
134.5434264406 103.06
136.5004056418 102.99
138.485849761 102.92
140.5001728299 102.85
142.5437949025 102.78
144.6171421426 102.72
146.7206469127 102.65
148.8547478643 102.57
151.0198900291 102.49
153.2165249118 102.42
155.4451105846 102.35
157.7061117824 102.28
160 102.21
162.32725359 102.14
164.688357863 102.06
167.0838051884 101.98
169.5140950975 101.91
171.9797343873 101.85
174.4812372264 101.79
177.0191252622 101.72
179.5939277295 101.65
182.2061815611 101.58
184.8564314996 101.50
187.5452302111 101.44
190.2731384004 101.37
193.0407249281 101.29
195.8485669287 101.19
198.6972499318 101.10
201.5873679832 101.03
204.5195237697 100.96
207.4943287442 100.87
210.5124032534 100.78
213.5743766672 100.71
216.6808875099 100.63
219.8325835933 100.56
223.0301221518 100.48
226.2741699797 100.42
229.5654035698 100.37
232.9045092548 100.30
236.2921833503 100.22
239.7291323003 100.16
243.2160728239 100.11
246.7537320653 100.04
250.3428477452 99.97
253.9841683149 99.90
257.6784531119 99.84
261.4264725186 99.77
265.2290081229 99.70
269.0868528812 99.63
273.0008112836 99.57
276.971699522 99.53
281.0003456597 99.44
285.0875898049 99.39
289.2342842852 99.34
293.4412938255 99.29
297.7094957287 99.21
302.0397800581 99.15
306.4330498235 99.12
310.8902211692 99.06
315.4122235649 99.00
320 98.95
324.65450718 98.93
329.3767157259 98.86
334.1676103768 98.83
339.028190195 98.77
343.9594687746 98.73
348.9624744529 98.67
354.0382505244 98.62
359.187855459 98.58
364.4123631221 98.52
369.7128629991 98.47
375.0904604222 98.43
380.5462768009 98.40
386.0814498562 98.36
391.6971338575 98.32
397.3944998635 98.30
403.1747359664 98.29
409.0390475393 98.25
414.9886574883 98.20
421.0248065068 98.17
427.1487533344 98.14
433.3617750198 98.11
439.6651671866 98.08
446.0602443037 98.04
452.5483399594 98.02
459.1308071395 97.99
465.8090185095 97.96
472.5843667007 97.91
479.4582646005 97.88
486.4321456477 97.84
493.5074641306 97.94
500.6856954905 97.74
507.9683366298 97.79
515.3569062238 97.73
522.8529450372 97.72
530.4580162458 97.70
538.1737057624 97.68
546.0016225673 97.67
553.9433990439 97.68
562.0006913195 97.69
570.1751796098 97.71
578.4685685703 97.73
586.882587651 97.77
595.4189914574 97.81
604.0795601163 97.86
612.8660996471 97.92
621.7804423383 97.97
630.8244471297 98.03
640 98.10
649.30901436 98.17
658.7534314519 98.23
668.3352207536 98.30
678.05638039 98.38
687.9189375493 98.45
697.9249489058 98.53
708.0765010489 98.60
718.375710918 98.68
728.8247262443 98.75
739.4257259983 98.83
750.1809208443 98.91
761.0925536018 98.99
772.1628997124 99.07
783.394267715 99.15
794.7889997271 99.23
806.3494719327 99.32
818.0780950787 99.40
829.9773149767 99.49
842.0496130136 99.58
854.2975066688 99.67
866.7235500396 99.76
879.3303343732 99.85
892.1204886074 99.95
905.0966799188 100.05
918.2616142791 100.15
931.618037019 100.25
945.1687334013 100.36
958.9165292011 100.48
972.8642912955 100.59
987.0149282611 100.71
1001.371390981 100.84
1015.9366732597 100.96
1030.7138124476 101.09
1045.7058900743 101.23
1060.9160324916 101.37
1076.3474115248 101.51
1092.0032451345 101.65
1107.8867980879 101.79
1124.0013826389 101.94
1140.3503592197 102.07
1156.9371371406 102.21
1173.765175302 102.35
1190.8379829148 102.48
1208.1591202326 102.61
1225.7321992942 102.73
1243.5608846767 102.85
1261.6488942595 102.96
1280 103.06
1298.6180287201 103.15
1317.5068629037 103.25
1336.6704415071 103.32
1356.1127607799 103.39
1375.8378750985 103.45
1395.8498978116 103.51
1416.1530020977 103.55
1436.751421836 103.60
1457.6494524886 103.66
1478.8514519966 103.74
1500.3618416887 103.81
1522.1851072035 103.84
1544.3257994247 103.87
1566.78853543 103.89
1589.5779994541 103.90
1612.6989438655 103.92
1636.1561901574 103.94
1659.9546299533 103.96
1684.0992260271 103.98
1708.5950133377 104.00
1733.4471000793 104.03
1758.6606687464 104.05
1784.2409772148 104.08
1810.1933598376 104.10
1836.5232285581 104.12
1863.2360740381 104.15
1890.3374668026 104.17
1917.8330584022 104.18
1945.7285825909 104.20
1974.0298565222 104.21
2002.742781962 104.21
2031.8733465194 104.23
2061.4276248951 104.20
2091.4117801487 104.19
2121.8320649832 104.15
2152.6948230496 104.10
2184.0064902691 104.04
2215.7735961758 103.98
2248.0027652779 103.89
2280.7007184393 103.78
2313.8742742813 103.68
2347.530350604 103.56
2381.6759658296 103.47
2416.3182404652 103.38
2451.4643985884 103.27
2487.1217693533 103.12
2523.297788519 102.94
2560.0000000001 102.76
2597.2360574402 102.57
2635.0137258074 102.41
2673.3408830143 102.31
2712.2255215599 102.23
2751.6757501971 102.23
2791.6997956232 102.28
2832.3060041955 102.38
2873.5028436721 102.52
2915.2989049772 102.69
2957.7029039931 102.87
3000.7236833774 103.05
3044.3702144071 103.24
3088.6515988494 103.37
3133.57707086 103.43
3179.1559989082 103.40
3225.397887731 103.34
3272.3123803148 103.26
3319.9092599067 103.18
3368.1984520542 103.05
3417.1900266754 102.95
3466.8942001586 102.86
3517.3213374928 102.79
3568.4819544296 102.72
3620.3867196753 102.65
3673.0464571163 102.59
3726.4721480761 102.60
3780.6749336053 102.71
3835.6661168044 102.86
3891.4571651819 103.04
3948.0597130445 103.23
4005.4855639241 103.47
4063.7466930387 103.75
4122.8552497902 104.01
4182.8235602974 104.19
4243.6641299665 104.23
4305.3896460992 104.09
4368.0129805382 103.75
4431.5471923516 103.18
4496.0055305558 102.45
4561.4014368787 101.57
4627.7485485626 100.60
4695.0607012081 99.60
4763.3519316592 98.62
4832.6364809305 97.68
4902.9287971769 96.81
4974.2435387067 96.01
5046.595577038 95.33
5120.0000000002 94.79
5194.4721148803 94.44
5270.0274516149 94.35
5346.6817660286 94.49
5424.4510431198 94.85
5503.3515003942 95.43
5583.3995912463 96.19
5664.6120083911 97.07
5747.0056873442 98.02
5830.5978099545 99.02
5915.4058079863 100.02
6001.4473667548 100.97
6088.7404288142 101.82
6177.3031976989 102.44
6267.1541417201 102.83
6358.3119978165 102.96
6450.795775462 102.89
6544.6247606297 102.68
6639.8185198134 102.40
6736.3969041085 102.12
6834.3800533509 101.88
6933.7884003172 101.73
7034.6426749857 101.71
7136.9639088592 101.82
7240.7734393506 102.06
7346.0929142326 102.43
7452.9442961523 102.90
7561.3498672106 103.44
7671.3322336089 103.97
7782.9143303638 104.37
7896.119426089 104.49
8010.9711278481 104.17
8127.4933860775 103.36
8245.7104995805 102.30
8365.6471205948 101.20
8487.328259933 100.16
8610.7792921984 99.18
8736.0259610765 98.31
8863.0943847033 97.53
8992.0110611117 96.89
9122.8028737575 96.36
9255.4970971253 95.95
9390.1214024162 95.63
9526.7038633184 95.36
9665.272961861 95.07
9805.8575943538 94.63
9948.4870774134 93.92
10093.191154076 92.95
10240.0000000005 91.91
10388.9442297607 91.01
10540.0549032298 90.41
10693.3635320572 90.15
10848.9020862397 90.26
11006.7030007884 90.68
11166.7991824927 91.33
11329.2240167822 92.23
11494.0113746885 93.29
11661.1956199091 94.52
11830.8116159726 95.77
12002.8947335097 96.90
12177.4808576284 97.72
12354.6063953979 97.96
12534.3082834402 97.89
12716.6239956331 97.50
12901.5915509241 97.06
13089.2495212594 96.65
13279.637039627 96.42
13472.7938082171 96.39
13668.7601067018 96.53
13867.5768006344 96.72
14069.2853499715 96.68
14273.9278177184 96.31
14481.5468787012 95.35
14692.1858284653 94.00
14905.8885923047 92.73
15122.6997344212 91.68
15342.6644672179 90.87
15565.8286607277 90.27
15792.2388521781 89.91
16021.9422556964 89.85
16254.9867721551 90.32
16491.4209991611 91.47
16731.2942411897 92.44
16974.656519866 90.92
17221.5585843969 87.44
17472.0519221531 83.94
17726.1887694067 80.74
17984.0221222235 77.85
18245.605747515 75.06
18510.9941942506 72.41
18780.2428048326 69.75
19053.4077266369 66.92
19330.545923722 63.84
19611.7151887077 60.07
19896.9741548268 57.81
20186.382308152 57.81
