20 103.19
20.2909066988 103.19
20.5860447329 103.22
20.8854756485 103.25
21.1892618872 103.29
21.4974667984 103.32
21.8101546533 103.36
22.1273906578 103.41
22.4492409662 103.46
22.7757726951 103.51
23.1070539374 103.55
23.4431537764 103.60
23.7841423001 103.64
24.130090616 103.67
24.4810708661 103.71
24.8371562415 103.74
25.1984209979 103.78
25.5649404712 103.82
25.936791093 103.86
26.3140504067 103.90
26.6967970834 103.94
27.0851109387 103.98
27.4790729492 104.03
27.878765269 104.07
28.2842712475 104.11
28.6956754462 104.14
29.1130636568 104.18
29.5365229188 104.22
29.9661415375 104.26
30.402009103 104.30
30.8442165082 104.34
31.2928559682 104.37
31.7480210394 104.41
32.209806639 104.44
32.6783090648 104.47
33.1536260154 104.50
33.6358566101 104.53
34.1251014105 104.56
34.6214624402 104.59
35.1250432075 104.61
35.6359487256 104.63
36.1542855356 104.65
36.6801617282 104.67
37.2136869661 104.69
37.7549725073 104.71
38.3041312279 104.73
38.8612776461 104.74
39.4265279456 104.75
40 104.77
40.5818133975 104.78
41.1720894657 104.79
41.7709512971 104.79
42.3785237744 104.80
42.9949335968 104.80
43.6203093066 104.81
44.2547813156 104.81
44.8984819324 104.81
45.5515453903 104.81
46.2141078749 104.81
46.8863075528 104.81
47.5682846001 104.81
48.260181232 104.81
48.9621417322 104.81
49.6743124829 104.80
50.3968419958 104.80
51.1298809424 104.80
51.873582186 104.79
52.6281008133 104.78
53.3935941668 104.77
54.1702218775 104.77
54.9581458983 104.76
55.757530538 104.75
56.5685424949 104.74
57.3913508924 104.72
58.2261273137 104.71
59.0730458376 104.71
59.9322830751 104.71
60.804018206 104.68
61.6884330163 104.64
62.5857119363 104.63
63.4960420787 104.62
64.419613278 104.60
65.3566181296 104.59
66.3072520307 104.57
67.2717132203 104.55
68.2502028209 104.53
69.2429248805 104.51
70.2500864149 104.49
71.2718974512 104.46
72.3085710713 104.44
73.3603234564 104.41
74.4273739322 104.38
75.5099450145 104.35
76.6082624559 104.32
77.7225552923 104.28
78.8530558912 104.24
80 104.21
81.163626795 104.17
82.3441789315 104.12
83.5419025942 104.08
84.7570475487 104.04
85.9898671937 103.99
87.2406186132 103.94
88.5095626311 103.89
89.7969638648 103.85
91.1030907805 103.80
92.4282157498 103.75
93.7726151055 103.70
95.1365692002 103.65
96.520362464 103.61
97.9242834644 103.56
99.3486249659 103.51
100.7936839916 103.47
102.2597618848 103.42
103.7471643721 103.37
105.2562016267 103.32
106.7871883336 103.27
108.340443755 103.21
109.9162917966 103.16
111.5150610759 103.10
113.1370849898 103.04
114.7827017849 102.98
116.4522546274 102.92
118.1460916752 102.86
119.8645661501 102.80
121.6080364119 102.73
123.3768660326 102.67
125.1714238726 102.60
126.9920841575 102.53
128.8392265559 102.47
130.7132362593 102.40
132.6145040614 102.33
134.5434264406 102.26
136.5004056418 102.19
138.485849761 102.13
140.5001728299 102.06
142.5437949025 101.99
144.6171421426 101.92
146.7206469127 101.85
148.8547478643 101.78
151.0198900291 101.71
153.2165249118 101.63
155.4451105846 101.56
157.7061117824 101.49
160 101.41
162.32725359 101.33
164.688357863 101.25
167.0838051884 101.18
169.5140950975 101.10
171.9797343873 101.02
174.4812372264 100.94
177.0191252622 100.86
179.5939277295 100.77
182.2061815611 100.69
184.8564314996 100.61
187.5452302111 100.52
190.2731384004 100.42
193.0407249281 100.32
195.8485669287 100.22
198.6972499318 100.11
201.5873679832 100.01
204.5195237697 99.90
207.4943287442 99.80
210.5124032534 99.70
213.5743766672 99.61
216.6808875099 99.52
219.8325835933 99.44
223.0301221518 99.36
226.2741699797 99.28
229.5654035698 99.19
232.9045092548 99.09
236.2921833503 99.01
239.7291323003 98.91
243.2160728239 98.83
246.7537320653 98.72
250.3428477452 98.63
253.9841683149 98.53
257.6784531119 98.43
261.4264725186 98.33
265.2290081229 98.23
269.0868528812 98.14
273.0008112836 98.04
276.971699522 97.93
281.0003456597 97.83
285.0875898049 97.73
289.2342842852 97.62
293.4412938255 97.52
297.7094957287 97.41
302.0397800581 97.31
306.4330498235 97.21
310.8902211692 97.11
315.4122235649 97.01
320 96.90
324.65450718 96.80
329.3767157259 96.70
334.1676103768 96.59
339.028190195 96.49
343.9594687746 96.38
348.9624744529 96.27
354.0382505244 96.16
359.187855459 96.05
364.4123631221 95.94
369.7128629991 95.83
375.0904604222 95.71
380.5462768009 95.60
386.0814498562 95.48
391.6971338575 95.37
397.3944998635 95.25
403.1747359664 95.13
409.0390475393 95.02
414.9886574883 94.90
421.0248065068 94.78
427.1487533344 94.66
433.3617750198 94.54
439.6651671866 94.42
446.0602443037 94.30
452.5483399594 94.18
459.1308071395 94.06
465.8090185095 93.94
472.5843667007 93.83
479.4582646005 93.71
486.4321456477 93.60
493.5074641306 93.50
500.6856954905 93.40
507.9683366298 93.30
515.3569062238 93.20
522.8529450372 93.13
530.4580162458 93.06
538.1737057624 92.97
546.0016225673 92.86
553.9433990439 92.75
562.0006913195 92.63
570.1751796098 92.51
578.4685685703 92.39
586.882587651 92.26
595.4189914574 92.13
604.0795601163 92.00
612.8660996471 91.87
621.7804423383 91.75
630.8244471297 91.62
640 91.49
649.30901436 91.37
658.7534314519 91.23
668.3352207536 91.11
678.05638039 90.99
687.9189375493 90.86
697.9249489058 90.74
708.0765010489 90.61
718.375710918 90.49
728.8247262443 90.38
739.4257259983 90.25
750.1809208443 90.14
761.0925536018 90.01
772.1628997124 89.89
783.394267715 89.76
794.7889997271 89.64
806.3494719327 89.52
818.0780950787 89.40
829.9773149767 89.28
842.0496130136 89.17
854.2975066688 89.06
866.7235500396 88.95
879.3303343732 88.85
892.1204886074 88.75
905.0966799188 88.66
918.2616142791 88.56
931.618037019 88.48
945.1687334013 88.40
958.9165292011 88.33
972.8642912955 88.27
987.0149282611 88.23
1001.371390981 88.21
1015.9366732597 88.20
1030.7138124476 88.19
1045.7058900743 88.11
1060.9160324916 87.98
1076.3474115248 87.89
1092.0032451345 87.90
1107.8867980879 87.93
1124.0013826389 87.86
1140.3503592197 87.61
1156.9371371406 87.39
1173.765175302 87.28
1190.8379829148 87.33
1208.1591202326 87.41
1225.7321992942 87.55
1243.5608846767 87.73
1261.6488942595 87.98
1280 88.27
1298.6180287201 88.63
1317.5068629037 89.00
1336.6704415071 89.42
1356.1127607799 89.85
1375.8378750985 90.27
1395.8498978116 90.68
1416.1530020977 91.07
1436.751421836 91.45
1457.6494524886 91.79
1478.8514519966 92.10
1500.3618416887 92.39
1522.1851072035 92.64
1544.3257994247 92.87
1566.78853543 93.08
1589.5779994541 93.28
1612.6989438655 93.47
1636.1561901574 93.65
1659.9546299533 93.83
1684.0992260271 94.00
1708.5950133377 94.17
1733.4471000793 94.34
1758.6606687464 94.52
1784.2409772148 94.71
1810.1933598376 94.91
1836.5232285581 95.10
1863.2360740381 95.31
1890.3374668026 95.53
1917.8330584022 95.75
1945.7285825909 95.97
1974.0298565222 96.21
2002.742781962 96.45
2031.8733465194 96.69
2061.4276248951 96.94
2091.4117801487 97.19
2121.8320649832 97.45
2152.6948230496 97.70
2184.0064902691 97.95
2215.7735961758 98.20
2248.0027652779 98.44
2280.7007184393 98.67
2313.8742742813 98.89
2347.530350604 99.10
2381.6759658296 99.29
2416.3182404652 99.46
2451.4643985884 99.62
2487.1217693533 99.76
2523.297788519 99.87
2560.0000000001 99.97
2597.2360574402 100.04
2635.0137258074 100.10
2673.3408830143 100.13
2712.2255215599 100.15
2751.6757501971 100.15
2791.6997956232 100.14
2832.3060041955 100.11
2873.5028436721 100.08
2915.2989049772 100.03
2957.7029039931 99.98
3000.7236833774 99.92
3044.3702144071 99.85
3088.6515988494 99.78
3133.57707086 99.69
3179.1559989082 99.60
3225.397887731 99.50
3272.3123803148 99.39
3319.9092599067 99.27
3368.1984520542 99.14
3417.1900266754 99.02
3466.8942001586 98.92
3517.3213374928 98.83
3568.4819544296 98.75
3620.3867196753 98.67
3673.0464571163 98.58
3726.4721480761 98.47
3780.6749336053 98.35
3835.6661168044 98.22
3891.4571651819 98.08
3948.0597130445 97.93
4005.4855639241 97.77
4063.7466930387 97.60
4122.8552497902 97.40
4182.8235602974 97.18
4243.6641299665 96.92
4305.3896460992 96.65
4368.0129805382 96.36
4431.5471923516 96.08
4496.0055305558 95.78
4561.4014368787 95.45
4627.7485485626 95.10
4695.0607012081 94.72
4763.3519316592 94.31
4832.6364809305 93.87
4902.9287971769 93.40
4974.2435387067 92.92
5046.595577038 92.42
5120.0000000002 91.91
5194.4721148803 91.39
5270.0274516149 90.88
5346.6817660286 90.37
5424.4510431198 89.87
5503.3515003942 89.38
5583.3995912463 88.92
5664.6120083911 88.48
5747.0056873442 88.08
5830.5978099545 87.69
5915.4058079863 87.34
6001.4473667548 87.01
6088.7404288142 86.72
6177.3031976989 86.47
6267.1541417201 86.25
6358.3119978165 86.07
6450.795775462 85.92
6544.6247606297 85.83
6639.8185198134 85.78
6736.3969041085 85.78
6834.3800533509 85.86
6933.7884003172 86.00
7034.6426749857 86.24
7136.9639088592 86.59
7240.7734393506 87.02
7346.0929142326 87.54
7452.9442961523 88.15
7561.3498672106 88.86
7671.3322336089 89.61
7782.9143303638 90.35
7896.119426089 90.95
8010.9711278481 91.20
8127.4933860775 90.94
8245.7104995805 90.24
8365.6471205948 89.27
8487.328259933 88.18
8610.7792921984 87.06
8736.0259610765 85.96
8863.0943847033 84.92
8992.0110611117 83.95
9122.8028737575 83.08
9255.4970971253 82.30
9390.1214024162 81.62
9526.7038633184 81.04
9665.272961861 80.52
9805.8575943538 80.09
9948.4870774134 79.73
10093.191154076 79.47
10240.0000000005 79.29
10388.9442297607 79.17
10540.0549032298 79.16
10693.3635320572 79.25
10848.9020862397 79.40
11006.7030007884 79.68
11166.7991824927 80.08
11329.2240167822 80.64
11494.0113746885 81.36
11661.1956199091 82.37
11830.8116159726 83.66
12002.8947335097 85.30
12177.4808576284 87.39
12354.6063953979 90.60
12534.3082834402 93.47
12716.6239956331 92.48
12901.5915509241 88.96
13089.2495212594 85.44
13279.637039627 82.67
13472.7938082171 80.56
13668.7601067018 78.91
13867.5768006344 77.57
14069.2853499715 76.44
14273.9278177184 75.41
14481.5468787012 74.63
14692.1858284653 74.28
14905.8885923047 74.66
15122.6997344212 74.81
15342.6644672179 74.99
15565.8286607277 75.81
15792.2388521781 76.96
16021.9422556964 78.50
16254.9867721551 80.32
16491.4209991611 81.84
16731.2942411897 81.90
16974.656519866 80.22
17221.5585843969 77.92
17472.0519221531 75.83
17726.1887694067 74.15
17984.0221222235 72.84
18245.605747515 71.78
18510.9941942506 70.78
18780.2428048326 69.77
19053.4077266369 68.29
19330.545923722 66.09
19611.7151887077 63.10
19896.9741548268 61.40
20186.382308152 61.40
