20 103.66
20.2909066988 103.65
20.5860447329 103.68
20.8854756485 103.75
21.1892618872 103.83
21.4974667984 103.90
21.8101546533 103.97
22.1273906578 104.03
22.4492409662 104.10
22.7757726951 104.16
23.1070539374 104.24
23.4431537764 104.32
23.7841423001 104.40
24.130090616 104.48
24.4810708661 104.56
24.8371562415 104.64
25.1984209979 104.71
25.5649404712 104.78
25.936791093 104.84
26.3140504067 104.89
26.6967970834 104.95
27.0851109387 105.01
27.4790729492 105.08
27.878765269 105.15
28.2842712475 105.23
28.6956754462 105.30
29.1130636568 105.38
29.5365229188 105.46
29.9661415375 105.53
30.402009103 105.60
30.8442165082 105.66
31.2928559682 105.71
31.7480210394 105.77
32.209806639 105.84
32.6783090648 105.91
33.1536260154 105.97
33.6358566101 106.03
34.1251014105 106.08
34.6214624402 106.11
35.1250432075 106.14
35.6359487256 106.17
36.1542855356 106.20
36.6801617282 106.24
37.2136869661 106.28
37.7549725073 106.33
38.3041312279 106.37
38.8612776461 106.41
39.4265279456 106.44
40 106.45
40.5818133975 106.46
41.1720894657 106.48
41.7709512971 106.50
42.3785237744 106.53
42.9949335968 106.55
43.6203093066 106.58
44.2547813156 106.60
44.8984819324 106.62
45.5515453903 106.64
46.2141078749 106.66
46.8863075528 106.68
47.5682846001 106.70
48.260181232 106.72
48.9621417322 106.73
49.6743124829 106.73
50.3968419958 106.73
51.1298809424 106.75
51.873582186 106.78
52.6281008133 106.79
53.3935941668 106.80
54.1702218775 106.78
54.9581458983 106.76
55.757530538 106.75
56.5685424949 106.75
57.3913508924 106.76
58.2261273137 106.79
59.0730458376 106.83
59.9322830751 106.86
60.804018206 106.85
61.6884330163 106.81
62.5857119363 106.78
63.4960420787 106.76
64.419613278 106.74
65.3566181296 106.72
66.3072520307 106.71
67.2717132203 106.70
68.2502028209 106.70
69.2429248805 106.68
70.2500864149 106.67
71.2718974512 106.64
72.3085710713 106.62
73.3603234564 106.61
74.4273739322 106.59
75.5099450145 106.57
76.6082624559 106.56
77.7225552923 106.54
78.8530558912 106.51
80 106.48
81.163626795 106.44
82.3441789315 106.41
83.5419025942 106.37
84.7570475487 106.33
85.9898671937 106.29
87.2406186132 106.25
88.5095626311 106.22
89.7969638648 106.18
91.1030907805 106.13
92.4282157498 106.09
93.7726151055 106.05
95.1365692002 106.01
96.520362464 105.97
97.9242834644 105.93
99.3486249659 105.90
100.7936839916 105.86
102.2597618848 105.82
103.7471643721 105.78
105.2562016267 105.74
106.7871883336 105.70
108.340443755 105.65
109.9162917966 105.60
111.5150610759 105.55
113.1370849898 105.50
114.7827017849 105.44
116.4522546274 105.39
118.1460916752 105.35
119.8645661501 105.29
121.6080364119 105.23
123.3768660326 105.16
125.1714238726 105.10
126.9920841575 105.04
128.8392265559 104.98
130.7132362593 104.93
132.6145040614 104.87
134.5434264406 104.82
136.5004056418 104.75
138.485849761 104.69
140.5001728299 104.63
142.5437949025 104.56
144.6171421426 104.50
146.7206469127 104.43
148.8547478643 104.38
151.0198900291 104.33
153.2165249118 104.28
155.4451105846 104.24
157.7061117824 104.19
160 104.14
162.32725359 104.09
164.688357863 104.02
167.0838051884 103.96
169.5140950975 103.88
171.9797343873 103.81
174.4812372264 103.74
177.0191252622 103.66
179.5939277295 103.58
182.2061815611 103.50
184.8564314996 103.42
187.5452302111 103.33
190.2731384004 103.24
193.0407249281 103.15
195.8485669287 103.06
198.6972499318 102.96
201.5873679832 102.85
204.5195237697 102.74
207.4943287442 102.63
210.5124032534 102.52
213.5743766672 102.41
216.6808875099 102.32
219.8325835933 102.23
223.0301221518 102.17
226.2741699797 102.11
229.5654035698 102.06
232.9045092548 102.01
236.2921833503 101.95
239.7291323003 101.90
243.2160728239 101.85
246.7537320653 101.81
250.3428477452 101.77
253.9841683149 101.72
257.6784531119 101.66
261.4264725186 101.60
265.2290081229 101.52
269.0868528812 101.44
273.0008112836 101.36
276.971699522 101.28
281.0003456597 101.20
285.0875898049 101.11
289.2342842852 101.03
293.4412938255 100.95
297.7094957287 100.87
302.0397800581 100.79
306.4330498235 100.72
310.8902211692 100.65
315.4122235649 100.57
320 100.50
324.65450718 100.42
329.3767157259 100.35
334.1676103768 100.27
339.028190195 100.19
343.9594687746 100.12
348.9624744529 100.04
354.0382505244 99.96
359.187855459 99.88
364.4123631221 99.81
369.7128629991 99.73
375.0904604222 99.65
380.5462768009 99.57
386.0814498562 99.49
391.6971338575 99.41
397.3944998635 99.33
403.1747359664 99.25
409.0390475393 99.17
414.9886574883 99.09
421.0248065068 99.01
427.1487533344 98.94
433.3617750198 98.86
439.6651671866 98.79
446.0602443037 98.71
452.5483399594 98.64
459.1308071395 98.58
465.8090185095 98.51
472.5843667007 98.45
479.4582646005 98.38
486.4321456477 98.32
493.5074641306 98.25
500.6856954905 98.19
507.9683366298 98.13
515.3569062238 98.07
522.8529450372 98.02
530.4580162458 97.96
538.1737057624 97.91
546.0016225673 97.85
553.9433990439 97.80
562.0006913195 97.74
570.1751796098 97.69
578.4685685703 97.64
586.882587651 97.59
595.4189914574 97.53
604.0795601163 97.48
612.8660996471 97.44
621.7804423383 97.39
630.8244471297 97.34
640 97.30
649.30901436 97.26
658.7534314519 97.21
668.3352207536 97.17
678.05638039 97.13
687.9189375493 97.10
697.9249489058 97.06
708.0765010489 97.03
718.375710918 96.99
728.8247262443 96.96
739.4257259983 96.93
750.1809208443 96.91
761.0925536018 96.88
772.1628997124 96.86
783.394267715 96.84
794.7889997271 96.83
806.3494719327 96.82
818.0780950787 96.81
829.9773149767 96.81
842.0496130136 96.81
854.2975066688 96.82
866.7235500396 96.84
879.3303343732 96.86
892.1204886074 96.89
905.0966799188 96.92
918.2616142791 96.96
931.618037019 97.01
945.1687334013 97.06
958.9165292011 97.13
972.8642912955 97.20
987.0149282611 97.28
1001.371390981 97.37
1015.9366732597 97.48
1030.7138124476 97.60
1045.7058900743 97.74
1060.9160324916 97.89
1076.3474115248 98.05
1092.0032451345 98.21
1107.8867980879 98.39
1124.0013826389 98.58
1140.3503592197 98.77
1156.9371371406 98.96
1173.765175302 99.16
1190.8379829148 99.36
1208.1591202326 99.57
1225.7321992942 99.77
1243.5608846767 99.98
1261.6488942595 100.18
1280 100.38
1298.6180287201 100.58
1317.5068629037 100.79
1336.6704415071 100.98
1356.1127607799 101.17
1375.8378750985 101.36
1395.8498978116 101.54
1416.1530020977 101.71
1436.751421836 101.88
1457.6494524886 102.05
1478.8514519966 102.21
1500.3618416887 102.38
1522.1851072035 102.54
1544.3257994247 102.70
1566.78853543 102.85
1589.5779994541 103.01
1612.6989438655 103.17
1636.1561901574 103.33
1659.9546299533 103.49
1684.0992260271 103.66
1708.5950133377 103.82
1733.4471000793 103.99
1758.6606687464 104.17
1784.2409772148 104.34
1810.1933598376 104.52
1836.5232285581 104.71
1863.2360740381 104.89
1890.3374668026 105.08
1917.8330584022 105.27
1945.7285825909 105.47
1974.0298565222 105.67
2002.742781962 105.86
2031.8733465194 106.06
2061.4276248951 106.27
2091.4117801487 106.47
2121.8320649832 106.67
2152.6948230496 106.88
2184.0064902691 107.08
2215.7735961758 107.28
2248.0027652779 107.48
2280.7007184393 107.68
2313.8742742813 107.87
2347.530350604 108.05
2381.6759658296 108.23
2416.3182404652 108.40
2451.4643985884 108.56
2487.1217693533 108.72
2523.297788519 108.86
2560.0000000001 108.99
2597.2360574402 109.10
2635.0137258074 109.20
2673.3408830143 109.28
2712.2255215599 109.35
2751.6757501971 109.39
2791.6997956232 109.43
2832.3060041955 109.45
2873.5028436721 109.46
2915.2989049772 109.48
2957.7029039931 109.49
3000.7236833774 109.50
3044.3702144071 109.54
3088.6515988494 109.60
3133.57707086 109.68
3179.1559989082 109.73
3225.397887731 109.74
3272.3123803148 109.71
3319.9092599067 109.64
3368.1984520542 109.52
3417.1900266754 109.37
3466.8942001586 109.20
3517.3213374928 109.00
3568.4819544296 108.78
3620.3867196753 108.54
3673.0464571163 108.29
3726.4721480761 108.03
3780.6749336053 107.76
3835.6661168044 107.48
3891.4571651819 107.19
3948.0597130445 106.89
4005.4855639241 106.60
4063.7466930387 106.32
4122.8552497902 106.06
4182.8235602974 105.81
4243.6641299665 105.58
4305.3896460992 105.37
4368.0129805382 105.16
4431.5471923516 104.97
4496.0055305558 104.79
4561.4014368787 104.63
4627.7485485626 104.50
4695.0607012081 104.41
4763.3519316592 104.33
4832.6364809305 104.26
4902.9287971769 104.22
4974.2435387067 104.19
5046.595577038 104.18
5120.0000000002 104.18
5194.4721148803 104.20
5270.0274516149 104.23
5346.6817660286 104.26
5424.4510431198 104.29
5503.3515003942 104.31
5583.3995912463 104.32
5664.6120083911 104.30
5747.0056873442 104.24
5830.5978099545 104.15
5915.4058079863 104.02
6001.4473667548 103.84
6088.7404288142 103.61
6177.3031976989 103.35
6267.1541417201 103.07
6358.3119978165 102.78
6450.795775462 102.50
6544.6247606297 102.24
6639.8185198134 102.03
6736.3969041085 101.88
6834.3800533509 101.81
6933.7884003172 101.84
7034.6426749857 102.01
7136.9639088592 102.34
7240.7734393506 102.83
7346.0929142326 103.47
7452.9442961523 104.28
7561.3498672106 105.18
7671.3322336089 106.09
7782.9143303638 106.90
7896.119426089 107.47
8010.9711278481 107.66
8127.4933860775 107.43
8245.7104995805 106.82
8365.6471205948 105.93
8487.328259933 104.91
8610.7792921984 103.87
8736.0259610765 102.89
8863.0943847033 102.01
8992.0110611117 101.27
9122.8028737575 100.68
9255.4970971253 100.22
9390.1214024162 99.90
9526.7038633184 99.70
9665.272961861 99.60
9805.8575943538 99.57
9948.4870774134 99.61
10093.191154076 99.68
10240.0000000005 99.75
10388.9442297607 99.79
10540.0549032298 99.75
10693.3635320572 99.62
10848.9020862397 99.38
11006.7030007884 99.02
11166.7991824927 98.57
11329.2240167822 98.03
11494.0113746885 97.46
11661.1956199091 96.87
11830.8116159726 96.30
12002.8947335097 95.79
12177.4808576284 95.34
12354.6063953979 95.00
12534.3082834402 94.77
12716.6239956331 94.68
12901.5915509241 94.78
13089.2495212594 94.99
13279.637039627 95.41
13472.7938082171 96.08
13668.7601067018 97.03
13867.5768006344 98.26
14069.2853499715 99.72
14273.9278177184 101.29
14481.5468787012 102.70
14692.1858284653 103.59
14905.8885923047 103.83
15122.6997344212 103.36
15342.6644672179 102.29
15565.8286607277 100.87
15792.2388521781 99.37
16021.9422556964 98.04
16254.9867721551 97.03
16491.4209991611 96.38
16731.2942411897 96.00
16974.656519866 95.76
17221.5585843969 95.53
17472.0519221531 95.15
17726.1887694067 94.51
17984.0221222235 93.48
18245.605747515 92.00
18510.9941942506 90.01
18780.2428048326 87.54
19053.4077266369 84.66
19330.545923722 81.45
19611.7151887077 78.03
19896.9741548268 76.34
20186.382308152 76.34
