20 99.18
20.2909066988 99.18
20.5860447329 99.16
20.8854756485 99.15
21.1892618872 99.16
21.4974667984 99.18
21.8101546533 99.21
22.1273906578 99.24
22.4492409662 99.27
22.7757726951 99.30
23.1070539374 99.33
23.4431537764 99.35
23.7841423001 99.37
24.130090616 99.40
24.4810708661 99.42
24.8371562415 99.44
25.1984209979 99.46
25.5649404712 99.48
25.936791093 99.49
26.3140504067 99.49
26.6967970834 99.48
27.0851109387 99.47
27.4790729492 99.48
27.878765269 99.50
28.2842712475 99.52
28.6956754462 99.55
29.1130636568 99.58
29.5365229188 99.61
29.9661415375 99.63
30.402009103 99.65
30.8442165082 99.67
31.2928559682 99.67
31.7480210394 99.67
32.209806639 99.68
32.6783090648 99.68
33.1536260154 99.68
33.6358566101 99.69
34.1251014105 99.69
34.6214624402 99.68
35.1250432075 99.68
35.6359487256 99.67
36.1542855356 99.65
36.6801617282 99.63
37.2136869661 99.61
37.7549725073 99.60
38.3041312279 99.58
38.8612776461 99.56
39.4265279456 99.56
40 99.59
40.5818133975 99.60
41.1720894657 99.51
41.7709512971 99.38
42.3785237744 99.34
42.9949335968 99.39
43.6203093066 99.43
44.2547813156 99.39
44.8984819324 99.33
45.5515453903 99.30
46.2141078749 99.27
46.8863075528 99.21
47.5682846001 99.15
48.260181232 99.12
48.9621417322 99.10
49.6743124829 99.07
50.3968419958 99.02
51.1298809424 98.98
51.873582186 98.95
52.6281008133 98.92
53.3935941668 98.88
54.1702218775 98.84
54.9581458983 98.81
55.757530538 98.78
56.5685424949 98.74
57.3913508924 98.71
58.2261273137 98.67
59.0730458376 98.59
59.9322830751 98.54
60.804018206 98.52
61.6884330163 98.45
62.5857119363 98.41
63.4960420787 98.38
64.419613278 98.33
65.3566181296 98.29
66.3072520307 98.25
67.2717132203 98.22
68.2502028209 98.18
69.2429248805 98.13
70.2500864149 98.09
71.2718974512 98.03
72.3085710713 97.96
73.3603234564 97.91
74.4273739322 97.87
75.5099450145 97.81
76.6082624559 97.76
77.7225552923 97.72
78.8530558912 97.65
80 97.59
81.163626795 97.53
82.3441789315 97.47
83.5419025942 97.40
84.7570475487 97.36
85.9898671937 97.29
87.2406186132 97.21
88.5095626311 97.15
89.7969638648 97.09
91.1030907805 97.01
92.4282157498 96.95
93.7726151055 96.91
95.1365692002 96.84
96.520362464 96.76
97.9242834644 96.70
99.3486249659 96.65
100.7936839916 96.60
102.2597618848 96.57
103.7471643721 96.51
105.2562016267 96.45
106.7871883336 96.39
108.340443755 96.31
109.9162917966 96.28
111.5150610759 96.26
113.1370849898 96.20
114.7827017849 96.15
116.4522546274 96.11
118.1460916752 96.08
119.8645661501 96.08
121.6080364119 95.94
123.3768660326 95.87
125.1714238726 95.82
126.9920841575 95.75
128.8392265559 95.70
130.7132362593 95.64
132.6145040614 95.58
134.5434264406 95.52
136.5004056418 95.46
138.485849761 95.39
140.5001728299 95.35
142.5437949025 95.28
144.6171421426 95.23
146.7206469127 95.18
148.8547478643 95.13
151.0198900291 95.08
153.2165249118 95.03
155.4451105846 94.99
157.7061117824 94.92
160 94.87
162.32725359 94.83
164.688357863 94.77
167.0838051884 94.72
169.5140950975 94.66
171.9797343873 94.61
174.4812372264 94.56
177.0191252622 94.50
179.5939277295 94.45
182.2061815611 94.38
184.8564314996 94.34
187.5452302111 94.29
190.2731384004 94.24
193.0407249281 94.21
195.8485669287 94.16
198.6972499318 94.10
201.5873679832 94.04
204.5195237697 93.98
207.4943287442 93.92
210.5124032534 93.86
213.5743766672 93.78
216.6808875099 93.73
219.8325835933 93.67
223.0301221518 93.60
226.2741699797 93.57
229.5654035698 93.51
232.9045092548 93.46
236.2921833503 93.40
239.7291323003 93.41
243.2160728239 93.42
246.7537320653 93.41
250.3428477452 93.41
253.9841683149 93.40
257.6784531119 93.38
261.4264725186 93.35
265.2290081229 93.30
269.0868528812 93.27
273.0008112836 93.23
276.971699522 93.18
281.0003456597 93.14
285.0875898049 93.08
289.2342842852 93.06
293.4412938255 93.02
297.7094957287 92.99
302.0397800581 92.97
306.4330498235 92.94
310.8902211692 92.92
315.4122235649 92.89
320 92.86
324.65450718 92.83
329.3767157259 92.81
334.1676103768 92.78
339.028190195 92.75
343.9594687746 92.73
348.9624744529 92.73
354.0382505244 92.73
359.187855459 92.74
364.4123631221 92.73
369.7128629991 92.74
375.0904604222 92.75
380.5462768009 92.77
386.0814498562 92.77
391.6971338575 92.78
397.3944998635 92.78
403.1747359664 92.78
409.0390475393 92.77
414.9886574883 92.74
421.0248065068 92.72
427.1487533344 92.69
433.3617750198 92.65
439.6651671866 92.62
446.0602443037 92.60
452.5483399594 92.57
459.1308071395 92.54
465.8090185095 92.52
472.5843667007 92.50
479.4582646005 92.48
486.4321456477 92.47
493.5074641306 92.45
500.6856954905 92.44
507.9683366298 92.43
515.3569062238 92.41
522.8529450372 92.40
530.4580162458 92.39
538.1737057624 92.38
546.0016225673 92.37
553.9433990439 92.36
562.0006913195 92.36
570.1751796098 92.35
578.4685685703 92.34
586.882587651 92.34
595.4189914574 92.33
604.0795601163 92.32
612.8660996471 92.32
621.7804423383 92.32
630.8244471297 92.32
640 92.32
649.30901436 92.31
658.7534314519 92.28
668.3352207536 92.30
678.05638039 92.31
687.9189375493 92.31
697.9249489058 92.31
708.0765010489 92.32
718.375710918 92.33
728.8247262443 92.33
739.4257259983 92.33
750.1809208443 92.35
761.0925536018 92.36
772.1628997124 92.37
783.394267715 92.39
794.7889997271 92.41
806.3494719327 92.43
818.0780950787 92.46
829.9773149767 92.49
842.0496130136 92.53
854.2975066688 92.57
866.7235500396 92.62
879.3303343732 92.67
892.1204886074 92.74
905.0966799188 92.80
918.2616142791 92.85
931.618037019 92.91
945.1687334013 92.95
958.9165292011 92.98
972.8642912955 93.00
987.0149282611 93.03
1001.371390981 93.08
1015.9366732597 93.17
1030.7138124476 93.28
1045.7058900743 93.42
1060.9160324916 93.57
1076.3474115248 93.75
1092.0032451345 93.94
1107.8867980879 94.13
1124.0013826389 94.33
1140.3503592197 94.52
1156.9371371406 94.72
1173.765175302 94.93
1190.8379829148 95.12
1208.1591202326 95.33
1225.7321992942 95.52
1243.5608846767 95.72
1261.6488942595 95.91
1280 96.09
1298.6180287201 96.27
1317.5068629037 96.45
1336.6704415071 96.61
1356.1127607799 96.77
1375.8378750985 96.94
1395.8498978116 97.07
1416.1530020977 97.20
1436.751421836 97.33
1457.6494524886 97.46
1478.8514519966 97.58
1500.3618416887 97.69
1522.1851072035 97.80
1544.3257994247 97.91
1566.78853543 98.01
1589.5779994541 98.11
1612.6989438655 98.21
1636.1561901574 98.31
1659.9546299533 98.41
1684.0992260271 98.52
1708.5950133377 98.62
1733.4471000793 98.72
1758.6606687464 98.82
1784.2409772148 98.92
1810.1933598376 99.02
1836.5232285581 99.12
1863.2360740381 99.22
1890.3374668026 99.32
1917.8330584022 99.42
1945.7285825909 99.52
1974.0298565222 99.61
2002.742781962 99.70
2031.8733465194 99.79
2061.4276248951 99.87
2091.4117801487 99.94
2121.8320649832 100.02
2152.6948230496 100.08
2184.0064902691 100.14
2215.7735961758 100.19
2248.0027652779 100.23
2280.7007184393 100.27
2313.8742742813 100.29
2347.530350604 100.30
2381.6759658296 100.30
2416.3182404652 100.29
2451.4643985884 100.27
2487.1217693533 100.25
2523.297788519 100.21
2560.0000000001 100.16
2597.2360574402 100.10
2635.0137258074 100.03
2673.3408830143 99.95
2712.2255215599 99.87
2751.6757501971 99.77
2791.6997956232 99.67
2832.3060041955 99.56
2873.5028436721 99.44
2915.2989049772 99.32
2957.7029039931 99.20
3000.7236833774 99.06
3044.3702144071 98.92
3088.6515988494 98.78
3133.57707086 98.62
3179.1559989082 98.47
3225.397887731 98.30
3272.3123803148 98.13
3319.9092599067 97.96
3368.1984520542 97.79
3417.1900266754 97.62
3466.8942001586 97.45
3517.3213374928 97.29
3568.4819544296 97.13
3620.3867196753 96.97
3673.0464571163 96.81
3726.4721480761 96.66
3780.6749336053 96.51
3835.6661168044 96.37
3891.4571651819 96.24
3948.0597130445 96.12
4005.4855639241 96.00
4063.7466930387 95.89
4122.8552497902 95.78
4182.8235602974 95.68
4243.6641299665 95.60
4305.3896460992 95.50
4368.0129805382 95.42
4431.5471923516 95.32
4496.0055305558 95.24
4561.4014368787 95.16
4627.7485485626 95.07
4695.0607012081 94.98
4763.3519316592 94.89
4832.6364809305 94.81
4902.9287971769 94.74
4974.2435387067 94.69
5046.595577038 94.65
5120.0000000002 94.64
5194.4721148803 94.66
5270.0274516149 94.69
5346.6817660286 94.73
5424.4510431198 94.77
5503.3515003942 94.83
5583.3995912463 94.89
5664.6120083911 94.96
5747.0056873442 95.05
5830.5978099545 95.15
5915.4058079863 95.27
6001.4473667548 95.41
6088.7404288142 95.56
6177.3031976989 95.71
6267.1541417201 95.88
6358.3119978165 96.07
6450.795775462 96.28
6544.6247606297 96.51
6639.8185198134 96.77
6736.3969041085 97.03
6834.3800533509 97.29
6933.7884003172 97.56
7034.6426749857 97.81
7136.9639088592 98.07
7240.7734393506 98.30
7346.0929142326 98.49
7452.9442961523 98.63
7561.3498672106 98.70
7671.3322336089 98.70
7782.9143303638 98.63
7896.119426089 98.49
8010.9711278481 98.28
8127.4933860775 98.03
8245.7104995805 97.74
8365.6471205948 97.47
8487.328259933 97.22
8610.7792921984 96.97
8736.0259610765 96.74
8863.0943847033 96.55
8992.0110611117 96.42
9122.8028737575 96.41
9255.4970971253 96.45
9390.1214024162 96.30
9526.7038633184 95.70
9665.272961861 94.84
9805.8575943538 94.01
9948.4870774134 93.34
10093.191154076 92.80
10240.0000000005 92.38
10388.9442297607 92.06
10540.0549032298 91.84
10693.3635320572 91.62
10848.9020862397 91.21
11006.7030007884 90.54
11166.7991824927 89.81
11329.2240167822 89.25
11494.0113746885 88.84
11661.1956199091 88.63
11830.8116159726 88.51
12002.8947335097 88.50
12177.4808576284 88.55
12354.6063953979 88.70
12534.3082834402 88.92
12716.6239956331 89.24
12901.5915509241 89.72
13089.2495212594 90.27
13279.637039627 90.97
13472.7938082171 91.85
13668.7601067018 92.90
13867.5768006344 94.12
14069.2853499715 95.41
14273.9278177184 96.65
14481.5468787012 97.33
14692.1858284653 96.88
14905.8885923047 95.69
15122.6997344212 94.18
15342.6644672179 92.69
15565.8286607277 91.37
15792.2388521781 90.26
16021.9422556964 89.35
16254.9867721551 88.62
16491.4209991611 88.00
16731.2942411897 87.36
16974.656519866 86.57
17221.5585843969 85.47
17472.0519221531 84.00
17726.1887694067 82.36
17984.0221222235 80.54
18245.605747515 78.79
18510.9941942506 77.08
18780.2428048326 75.56
19053.4077266369 74.00
19330.545923722 72.37
19611.7151887077 70.38
19896.9741548268 69.23
20186.382308152 69.23
