20 100.39
20.2909066988 100.39
20.5860447329 100.41
20.8854756485 100.42
21.1892618872 100.43
21.4974667984 100.44
21.8101546533 100.45
22.1273906578 100.47
22.4492409662 100.49
22.7757726951 100.51
23.1070539374 100.53
23.4431537764 100.55
23.7841423001 100.56
24.130090616 100.57
24.4810708661 100.59
24.8371562415 100.60
25.1984209979 100.61
25.5649404712 100.62
25.936791093 100.64
26.3140504067 100.66
26.6967970834 100.68
27.0851109387 100.70
27.4790729492 100.72
27.878765269 100.73
28.2842712475 100.73
28.6956754462 100.74
29.1130636568 100.75
29.5365229188 100.76
29.9661415375 100.78
30.402009103 100.79
30.8442165082 100.80
31.2928559682 100.81
31.7480210394 100.81
32.209806639 100.82
32.6783090648 100.82
33.1536260154 100.82
33.6358566101 100.82
34.1251014105 100.82
34.6214624402 100.82
35.1250432075 100.82
35.6359487256 100.81
36.1542855356 100.80
36.6801617282 100.79
37.2136869661 100.78
37.7549725073 100.76
38.3041312279 100.75
38.8612776461 100.74
39.4265279456 100.72
40 100.71
40.5818133975 100.69
41.1720894657 100.67
41.7709512971 100.65
42.3785237744 100.63
42.9949335968 100.60
43.6203093066 100.58
44.2547813156 100.55
44.8984819324 100.52
45.5515453903 100.49
46.2141078749 100.46
46.8863075528 100.44
47.5682846001 100.41
48.260181232 100.38
48.9621417322 100.36
49.6743124829 100.33
50.3968419958 100.29
51.1298809424 100.26
51.873582186 100.22
52.6281008133 100.18
53.3935941668 100.15
54.1702218775 100.11
54.9581458983 100.07
55.757530538 100.04
56.5685424949 100.00
57.3913508924 99.97
58.2261273137 99.93
59.0730458376 99.88
59.9322830751 99.84
60.804018206 99.81
61.6884330163 99.77
62.5857119363 99.73
63.4960420787 99.69
64.419613278 99.65
65.3566181296 99.61
66.3072520307 99.57
67.2717132203 99.54
68.2502028209 99.50
69.2429248805 99.45
70.2500864149 99.41
71.2718974512 99.36
72.3085710713 99.31
73.3603234564 99.27
74.4273739322 99.22
75.5099450145 99.17
76.6082624559 99.11
77.7225552923 99.06
78.8530558912 99.00
80 98.95
81.163626795 98.89
82.3441789315 98.83
83.5419025942 98.77
84.7570475487 98.71
85.9898671937 98.65
87.2406186132 98.59
88.5095626311 98.52
89.7969638648 98.46
91.1030907805 98.40
92.4282157498 98.34
93.7726151055 98.28
95.1365692002 98.22
96.520362464 98.16
97.9242834644 98.11
99.3486249659 98.05
100.7936839916 98.00
102.2597618848 97.94
103.7471643721 97.88
105.2562016267 97.83
106.7871883336 97.77
108.340443755 97.71
109.9162917966 97.65
111.5150610759 97.59
113.1370849898 97.53
114.7827017849 97.47
116.4522546274 97.41
118.1460916752 97.35
119.8645661501 97.29
121.6080364119 97.22
123.3768660326 97.16
125.1714238726 97.09
126.9920841575 97.03
128.8392265559 96.97
130.7132362593 96.91
132.6145040614 96.85
134.5434264406 96.79
136.5004056418 96.73
138.485849761 96.67
140.5001728299 96.62
142.5437949025 96.56
144.6171421426 96.51
146.7206469127 96.45
148.8547478643 96.40
151.0198900291 96.35
153.2165249118 96.29
155.4451105846 96.24
157.7061117824 96.18
160 96.13
162.32725359 96.07
164.688357863 96.01
167.0838051884 95.96
169.5140950975 95.90
171.9797343873 95.84
174.4812372264 95.79
177.0191252622 95.73
179.5939277295 95.68
182.2061815611 95.62
184.8564314996 95.56
187.5452302111 95.50
190.2731384004 95.43
193.0407249281 95.37
195.8485669287 95.30
198.6972499318 95.24
201.5873679832 95.19
204.5195237697 95.14
207.4943287442 95.11
210.5124032534 95.09
213.5743766672 95.06
216.6808875099 95.03
219.8325835933 95.00
223.0301221518 94.95
226.2741699797 94.91
229.5654035698 94.87
232.9045092548 94.82
236.2921833503 94.78
239.7291323003 94.75
243.2160728239 94.70
246.7537320653 94.65
250.3428477452 94.61
253.9841683149 94.57
257.6784531119 94.53
261.4264725186 94.50
265.2290081229 94.46
269.0868528812 94.43
273.0008112836 94.40
276.971699522 94.38
281.0003456597 94.35
285.0875898049 94.32
289.2342842852 94.29
293.4412938255 94.26
297.7094957287 94.22
302.0397800581 94.19
306.4330498235 94.18
310.8902211692 94.15
315.4122235649 94.13
320 94.11
324.65450718 94.08
329.3767157259 94.06
334.1676103768 94.04
339.028190195 94.02
343.9594687746 94.00
348.9624744529 93.98
354.0382505244 93.96
359.187855459 93.94
364.4123631221 93.92
369.7128629991 93.89
375.0904604222 93.86
380.5462768009 93.84
386.0814498562 93.81
391.6971338575 93.79
397.3944998635 93.76
403.1747359664 93.74
409.0390475393 93.71
414.9886574883 93.70
421.0248065068 93.68
427.1487533344 93.66
433.3617750198 93.64
439.6651671866 93.62
446.0602443037 93.61
452.5483399594 93.60
459.1308071395 93.60
465.8090185095 93.59
472.5843667007 93.59
479.4582646005 93.59
486.4321456477 93.59
493.5074641306 93.60
500.6856954905 93.60
507.9683366298 93.60
515.3569062238 93.60
522.8529450372 93.61
530.4580162458 93.62
538.1737057624 93.63
546.0016225673 93.64
553.9433990439 93.66
562.0006913195 93.68
570.1751796098 93.69
578.4685685703 93.71
586.882587651 93.73
595.4189914574 93.76
604.0795601163 93.78
612.8660996471 93.80
621.7804423383 93.82
630.8244471297 93.85
640 93.88
649.30901436 93.91
658.7534314519 93.95
668.3352207536 93.97
678.05638039 94.00
687.9189375493 94.04
697.9249489058 94.08
708.0765010489 94.12
718.375710918 94.16
728.8247262443 94.20
739.4257259983 94.25
750.1809208443 94.29
761.0925536018 94.34
772.1628997124 94.39
783.394267715 94.45
794.7889997271 94.51
806.3494719327 94.57
818.0780950787 94.63
829.9773149767 94.70
842.0496130136 94.77
854.2975066688 94.84
866.7235500396 94.93
879.3303343732 95.01
892.1204886074 95.09
905.0966799188 95.18
918.2616142791 95.29
931.618037019 95.40
945.1687334013 95.51
958.9165292011 95.62
972.8642912955 95.75
987.0149282611 95.88
1001.371390981 96.02
1015.9366732597 96.16
1030.7138124476 96.31
1045.7058900743 96.46
1060.9160324916 96.62
1076.3474115248 96.78
1092.0032451345 96.94
1107.8867980879 97.09
1124.0013826389 97.25
1140.3503592197 97.40
1156.9371371406 97.54
1173.765175302 97.67
1190.8379829148 97.79
1208.1591202326 97.90
1225.7321992942 97.99
1243.5608846767 98.06
1261.6488942595 98.10
1280 98.11
1298.6180287201 98.06
1317.5068629037 98.02
1336.6704415071 97.90
1356.1127607799 97.77
1375.8378750985 97.63
1395.8498978116 97.55
1416.1530020977 97.63
1436.751421836 97.83
1457.6494524886 98.25
1478.8514519966 98.76
1500.3618416887 99.30
1522.1851072035 99.80
1544.3257994247 100.24
1566.78853543 100.60
1589.5779994541 100.90
1612.6989438655 101.16
1636.1561901574 101.36
1659.9546299533 101.54
1684.0992260271 101.70
1708.5950133377 101.83
1733.4471000793 101.95
1758.6606687464 102.06
1784.2409772148 102.16
1810.1933598376 102.26
1836.5232285581 102.36
1863.2360740381 102.45
1890.3374668026 102.55
1917.8330584022 102.63
1945.7285825909 102.72
1974.0298565222 102.81
2002.742781962 102.90
2031.8733465194 102.98
2061.4276248951 103.07
2091.4117801487 103.16
2121.8320649832 103.25
2152.6948230496 103.34
2184.0064902691 103.43
2215.7735961758 103.52
2248.0027652779 103.61
2280.7007184393 103.70
2313.8742742813 103.80
2347.530350604 103.90
2381.6759658296 104.00
2416.3182404652 104.10
2451.4643985884 104.21
2487.1217693533 104.32
2523.297788519 104.43
2560.0000000001 104.55
2597.2360574402 104.66
2635.0137258074 104.78
2673.3408830143 104.89
2712.2255215599 104.99
2751.6757501971 105.08
2791.6997956232 105.15
2832.3060041955 105.21
2873.5028436721 105.24
2915.2989049772 105.24
2957.7029039931 105.22
3000.7236833774 105.18
3044.3702144071 105.10
3088.6515988494 104.99
3133.57707086 104.86
3179.1559989082 104.71
3225.397887731 104.53
3272.3123803148 104.33
3319.9092599067 104.11
3368.1984520542 103.88
3417.1900266754 103.63
3466.8942001586 103.37
3517.3213374928 103.10
3568.4819544296 102.82
3620.3867196753 102.54
3673.0464571163 102.24
3726.4721480761 101.95
3780.6749336053 101.64
3835.6661168044 101.33
3891.4571651819 101.02
3948.0597130445 100.70
4005.4855639241 100.38
4063.7466930387 100.06
4122.8552497902 99.74
4182.8235602974 99.42
4243.6641299665 99.11
4305.3896460992 98.80
4368.0129805382 98.51
4431.5471923516 98.24
4496.0055305558 98.01
4561.4014368787 97.84
4627.7485485626 97.71
4695.0607012081 97.62
4763.3519316592 97.53
4832.6364809305 97.41
4902.9287971769 97.19
4974.2435387067 96.89
5046.595577038 96.49
5120.0000000002 96.05
5194.4721148803 95.59
5270.0274516149 95.13
5346.6817660286 94.70
5424.4510431198 94.30
5503.3515003942 93.94
5583.3995912463 93.62
5664.6120083911 93.33
5747.0056873442 93.09
5830.5978099545 92.89
5915.4058079863 92.74
6001.4473667548 92.63
6088.7404288142 92.58
6177.3031976989 92.58
6267.1541417201 92.64
6358.3119978165 92.75
6450.795775462 92.94
6544.6247606297 93.19
6639.8185198134 93.52
6736.3969041085 93.94
6834.3800533509 94.45
6933.7884003172 95.05
7034.6426749857 95.75
7136.9639088592 96.55
7240.7734393506 97.39
7346.0929142326 98.24
7452.9442961523 99.06
7561.3498672106 99.80
7671.3322336089 100.41
7782.9143303638 100.87
7896.119426089 101.13
8010.9711278481 101.19
8127.4933860775 101.07
8245.7104995805 100.79
8365.6471205948 100.42
8487.328259933 99.98
8610.7792921984 99.46
8736.0259610765 98.88
8863.0943847033 98.15
8992.0110611117 97.29
9122.8028737575 96.48
9255.4970971253 95.67
9390.1214024162 94.87
9526.7038633184 94.06
9665.272961861 93.28
9805.8575943538 92.52
9948.4870774134 91.78
10093.191154076 91.09
10240.0000000005 90.42
10388.9442297607 89.80
10540.0549032298 89.21
10693.3635320572 88.68
10848.9020862397 88.18
11006.7030007884 87.69
11166.7991824927 87.15
11329.2240167822 86.60
11494.0113746885 86.07
11661.1956199091 85.63
11830.8116159726 85.26
12002.8947335097 84.92
12177.4808576284 84.56
12354.6063953979 84.19
12534.3082834402 83.81
12716.6239956331 83.43
12901.5915509241 83.08
13089.2495212594 82.76
13279.637039627 82.47
13472.7938082171 82.24
13668.7601067018 82.03
13867.5768006344 81.84
14069.2853499715 81.65
14273.9278177184 81.47
14481.5468787012 81.63
14692.1858284653 82.00
14905.8885923047 82.63
15122.6997344212 83.27
15342.6644672179 83.97
15565.8286607277 84.93
15792.2388521781 86.10
16021.9422556964 87.30
16254.9867721551 87.89
16491.4209991611 86.54
16731.2942411897 83.52
16974.656519866 80.01
17221.5585843969 76.82
17472.0519221531 75.06
17726.1887694067 71.83
17984.0221222235 68.71
18245.605747515 68.45
18510.9941942506 67.03
18780.2428048326 62.80
19053.4077266369 56.29
19330.545923722 51.43
19611.7151887077 56.15
19896.9741548268 57.50
20186.382308152 57.50
