20 94.01
20.2909066988 94.01
20.5860447329 94.05
20.8854756485 94.09
21.1892618872 94.14
21.4974667984 94.19
21.8101546533 94.25
22.1273906578 94.30
22.4492409662 94.35
22.7757726951 94.39
23.1070539374 94.43
23.4431537764 94.48
23.7841423001 94.53
24.130090616 94.59
24.4810708661 94.65
24.8371562415 94.71
25.1984209979 94.75
25.5649404712 94.80
25.936791093 94.84
26.3140504067 94.89
26.6967970834 94.95
27.0851109387 95.00
27.4790729492 95.04
27.878765269 95.08
28.2842712475 95.11
28.6956754462 95.14
29.1130636568 95.17
29.5365229188 95.20
29.9661415375 95.24
30.402009103 95.28
30.8442165082 95.32
31.2928559682 95.35
31.7480210394 95.39
32.209806639 95.43
32.6783090648 95.47
33.1536260154 95.49
33.6358566101 95.50
34.1251014105 95.51
34.6214624402 95.52
35.1250432075 95.53
35.6359487256 95.55
36.1542855356 95.57
36.6801617282 95.59
37.2136869661 95.61
37.7549725073 95.63
38.3041312279 95.65
38.8612776461 95.67
39.4265279456 95.69
40 95.70
40.5818133975 95.70
41.1720894657 95.70
41.7709512971 95.70
42.3785237744 95.71
42.9949335968 95.71
43.6203093066 95.70
44.2547813156 95.70
44.8984819324 95.70
45.5515453903 95.70
46.2141078749 95.69
46.8863075528 95.68
47.5682846001 95.67
48.260181232 95.68
48.9621417322 95.68
49.6743124829 95.67
50.3968419958 95.65
51.1298809424 95.64
51.873582186 95.65
52.6281008133 95.62
53.3935941668 95.57
54.1702218775 95.58
54.9581458983 95.59
55.757530538 95.60
56.5685424949 95.57
57.3913508924 95.19
58.2261273137 94.68
59.0730458376 94.81
59.9322830751 95.46
60.804018206 95.49
61.6884330163 95.44
62.5857119363 95.40
63.4960420787 95.36
64.419613278 95.38
65.3566181296 95.37
66.3072520307 95.32
67.2717132203 95.31
68.2502028209 95.30
69.2429248805 95.27
70.2500864149 95.24
71.2718974512 95.23
72.3085710713 95.18
73.3603234564 95.18
74.4273739322 95.12
75.5099450145 95.08
76.6082624559 95.08
77.7225552923 95.02
78.8530558912 94.97
80 94.99
81.163626795 94.91
82.3441789315 94.83
83.5419025942 94.84
84.7570475487 94.78
85.9898671937 94.72
87.2406186132 94.69
88.5095626311 94.64
89.7969638648 94.57
91.1030907805 94.52
92.4282157498 94.48
93.7726151055 94.44
95.1365692002 94.38
96.520362464 94.33
97.9242834644 94.25
99.3486249659 94.20
100.7936839916 94.17
102.2597618848 94.12
103.7471643721 94.05
105.2562016267 94.00
106.7871883336 93.94
108.340443755 93.88
109.9162917966 93.82
111.5150610759 93.75
113.1370849898 93.67
114.7827017849 93.60
116.4522546274 93.51
118.1460916752 93.44
119.8645661501 93.39
121.6080364119 93.32
123.3768660326 93.25
125.1714238726 93.20
126.9920841575 93.17
128.8392265559 93.11
130.7132362593 93.08
132.6145040614 93.04
134.5434264406 92.99
136.5004056418 92.94
138.485849761 92.87
140.5001728299 92.80
142.5437949025 92.73
144.6171421426 92.65
146.7206469127 92.56
148.8547478643 92.51
151.0198900291 92.45
153.2165249118 92.37
155.4451105846 92.29
157.7061117824 92.21
160 92.14
162.32725359 92.05
164.688357863 91.98
167.0838051884 91.89
169.5140950975 91.82
171.9797343873 91.73
174.4812372264 91.65
177.0191252622 91.56
179.5939277295 91.49
182.2061815611 91.41
184.8564314996 91.33
187.5452302111 91.25
190.2731384004 91.18
193.0407249281 91.10
195.8485669287 91.02
198.6972499318 90.93
201.5873679832 90.83
204.5195237697 90.73
207.4943287442 90.64
210.5124032534 90.55
213.5743766672 90.46
216.6808875099 90.37
219.8325835933 90.28
223.0301221518 90.19
226.2741699797 90.11
229.5654035698 90.05
232.9045092548 89.99
236.2921833503 89.91
239.7291323003 89.88
243.2160728239 89.79
246.7537320653 89.71
250.3428477452 89.66
253.9841683149 89.58
257.6784531119 89.52
261.4264725186 89.46
265.2290081229 89.40
269.0868528812 89.34
273.0008112836 89.27
276.971699522 89.21
281.0003456597 89.15
285.0875898049 89.10
289.2342842852 89.03
293.4412938255 88.98
297.7094957287 88.93
302.0397800581 88.90
306.4330498235 88.85
310.8902211692 88.81
315.4122235649 88.77
320 88.73
324.65450718 88.70
329.3767157259 88.66
334.1676103768 88.63
339.028190195 88.60
343.9594687746 88.56
348.9624744529 88.53
354.0382505244 88.50
359.187855459 88.47
364.4123631221 88.44
369.7128629991 88.41
375.0904604222 88.38
380.5462768009 88.35
386.0814498562 88.32
391.6971338575 88.29
397.3944998635 88.27
403.1747359664 88.24
409.0390475393 88.22
414.9886574883 88.19
421.0248065068 88.17
427.1487533344 88.15
433.3617750198 88.14
439.6651671866 88.13
446.0602443037 88.11
452.5483399594 88.10
459.1308071395 88.09
465.8090185095 88.07
472.5843667007 88.07
479.4582646005 88.07
486.4321456477 88.06
493.5074641306 88.06
500.6856954905 88.06
507.9683366298 88.06
515.3569062238 88.06
522.8529450372 88.06
530.4580162458 88.06
538.1737057624 88.06
546.0016225673 88.06
553.9433990439 88.07
562.0006913195 88.07
570.1751796098 88.07
578.4685685703 88.07
586.882587651 88.07
595.4189914574 88.07
604.0795601163 88.08
612.8660996471 88.08
621.7804423383 88.08
630.8244471297 88.09
640 88.09
649.30901436 88.09
658.7534314519 88.10
668.3352207536 88.10
678.05638039 88.10
687.9189375493 88.11
697.9249489058 88.10
708.0765010489 88.11
718.375710918 88.10
728.8247262443 88.10
739.4257259983 88.10
750.1809208443 88.13
761.0925536018 88.26
772.1628997124 88.56
783.394267715 88.51
794.7889997271 88.14
806.3494719327 87.93
818.0780950787 88.02
829.9773149767 88.16
842.0496130136 88.34
854.2975066688 88.56
866.7235500396 88.59
879.3303343732 88.47
892.1204886074 88.46
905.0966799188 88.49
918.2616142791 88.54
931.618037019 88.59
945.1687334013 88.65
958.9165292011 88.72
972.8642912955 88.80
987.0149282611 88.89
1001.371390981 88.98
1015.9366732597 89.09
1030.7138124476 89.21
1045.7058900743 89.33
1060.9160324916 89.46
1076.3474115248 89.60
1092.0032451345 89.76
1107.8867980879 89.91
1124.0013826389 90.07
1140.3503592197 90.23
1156.9371371406 90.40
1173.765175302 90.57
1190.8379829148 90.74
1208.1591202326 90.91
1225.7321992942 91.09
1243.5608846767 91.26
1261.6488942595 91.43
1280 91.60
1298.6180287201 91.76
1317.5068629037 91.92
1336.6704415071 92.07
1356.1127607799 92.22
1375.8378750985 92.35
1395.8498978116 92.48
1416.1530020977 92.60
1436.751421836 92.72
1457.6494524886 92.82
1478.8514519966 92.92
1500.3618416887 93.01
1522.1851072035 93.09
1544.3257994247 93.16
1566.78853543 93.23
1589.5779994541 93.29
1612.6989438655 93.34
1636.1561901574 93.39
1659.9546299533 93.43
1684.0992260271 93.46
1708.5950133377 93.50
1733.4471000793 93.52
1758.6606687464 93.54
1784.2409772148 93.55
1810.1933598376 93.56
1836.5232285581 93.56
1863.2360740381 93.56
1890.3374668026 93.56
1917.8330584022 93.54
1945.7285825909 93.53
1974.0298565222 93.51
2002.742781962 93.48
2031.8733465194 93.45
2061.4276248951 93.43
2091.4117801487 93.39
2121.8320649832 93.35
2152.6948230496 93.31
2184.0064902691 93.26
2215.7735961758 93.21
2248.0027652779 93.15
2280.7007184393 93.07
2313.8742742813 92.98
2347.530350604 92.86
2381.6759658296 92.70
2416.3182404652 92.52
2451.4643985884 92.27
2487.1217693533 91.98
2523.297788519 91.66
2560.0000000001 91.35
2597.2360574402 91.06
2635.0137258074 90.82
2673.3408830143 90.65
2712.2255215599 90.51
2751.6757501971 90.42
2791.6997956232 90.36
2832.3060041955 90.34
2873.5028436721 90.38
2915.2989049772 90.49
2957.7029039931 90.68
3000.7236833774 90.99
3044.3702144071 91.44
3088.6515988494 91.98
3133.57707086 92.58
3179.1559989082 93.18
3225.397887731 93.78
3272.3123803148 94.34
3319.9092599067 94.86
3368.1984520542 95.32
3417.1900266754 95.72
3466.8942001586 96.05
3517.3213374928 96.30
3568.4819544296 96.48
3620.3867196753 96.59
3673.0464571163 96.65
3726.4721480761 96.65
3780.6749336053 96.62
3835.6661168044 96.58
3891.4571651819 96.52
3948.0597130445 96.47
4005.4855639241 96.41
4063.7466930387 96.36
4122.8552497902 96.31
4182.8235602974 96.28
4243.6641299665 96.26
4305.3896460992 96.24
4368.0129805382 96.20
4431.5471923516 96.13
4496.0055305558 96.02
4561.4014368787 95.87
4627.7485485626 95.69
4695.0607012081 95.50
4763.3519316592 95.32
4832.6364809305 95.12
4902.9287971769 94.78
4974.2435387067 94.29
5046.595577038 93.72
5120.0000000002 93.06
5194.4721148803 92.48
5270.0274516149 92.16
5346.6817660286 92.07
5424.4510431198 92.23
5503.3515003942 92.66
5583.3995912463 93.34
5664.6120083911 94.16
5747.0056873442 94.99
5830.5978099545 95.76
5915.4058079863 96.40
6001.4473667548 96.88
6088.7404288142 97.17
6177.3031976989 97.29
6267.1541417201 97.24
6358.3119978165 97.01
6450.795775462 96.61
6544.6247606297 96.07
6639.8185198134 95.44
6736.3969041085 94.78
6834.3800533509 94.14
6933.7884003172 93.58
7034.6426749857 93.15
7136.9639088592 92.88
7240.7734393506 92.77
7346.0929142326 92.83
7452.9442961523 93.03
7561.3498672106 93.37
7671.3322336089 93.79
7782.9143303638 94.22
7896.119426089 94.56
8010.9711278481 94.65
8127.4933860775 94.40
8245.7104995805 93.78
8365.6471205948 92.87
8487.328259933 91.82
8610.7792921984 90.68
8736.0259610765 89.53
8863.0943847033 88.42
8992.0110611117 87.40
9122.8028737575 86.48
9255.4970971253 85.69
9390.1214024162 84.99
9526.7038633184 84.44
9665.272961861 83.99
9805.8575943538 83.65
9948.4870774134 83.42
10093.191154076 83.32
10240.0000000005 83.34
10388.9442297607 83.47
10540.0549032298 83.77
10693.3635320572 84.16
10848.9020862397 84.76
11006.7030007884 85.52
11166.7991824927 86.41
11329.2240167822 87.38
11494.0113746885 88.33
11661.1956199091 88.97
11830.8116159726 89.25
12002.8947335097 88.98
12177.4808576284 88.40
12354.6063953979 87.51
12534.3082834402 86.64
12716.6239956331 85.88
12901.5915509241 85.36
13089.2495212594 84.96
13279.637039627 84.78
13472.7938082171 84.89
13668.7601067018 85.21
13867.5768006344 85.68
14069.2853499715 86.09
14273.9278177184 86.31
14481.5468787012 85.76
14692.1858284653 84.29
14905.8885923047 82.52
15122.6997344212 80.81
15342.6644672179 79.39
15565.8286607277 78.37
15792.2388521781 77.74
16021.9422556964 77.51
16254.9867721551 77.68
16491.4209991611 78.30
16731.2942411897 79.44
16974.656519866 80.86
17221.5585843969 82.32
17472.0519221531 83.44
17726.1887694067 83.57
17984.0221222235 82.14
18245.605747515 79.27
18510.9941942506 75.20
18780.2428048326 70.90
19053.4077266369 65.70
19330.545923722 58.73
19611.7151887077 48.81
19896.9741548268 42.79
20186.382308152 42.79
