20 86.74
20.2909066988 86.74
20.5860447329 86.84
20.8854756485 86.94
21.1892618872 87.05
21.4974667984 87.16
21.8101546533 87.27
22.1273906578 87.38
22.4492409662 87.48
22.7757726951 87.58
23.1070539374 87.68
23.4431537764 87.78
23.7841423001 87.88
24.130090616 87.98
24.4810708661 88.07
24.8371562415 88.15
25.1984209979 88.25
25.5649404712 88.34
25.936791093 88.45
26.3140504067 88.56
26.6967970834 88.66
27.0851109387 88.76
27.4790729492 88.85
27.878765269 88.94
28.2842712475 89.03
28.6956754462 89.12
29.1130636568 89.20
29.5365229188 89.27
29.9661415375 89.34
30.402009103 89.42
30.8442165082 89.52
31.2928559682 89.62
31.7480210394 89.70
32.209806639 89.78
32.6783090648 89.85
33.1536260154 89.93
33.6358566101 90.01
34.1251014105 90.08
34.6214624402 90.15
35.1250432075 90.21
35.6359487256 90.27
36.1542855356 90.34
36.6801617282 90.41
37.2136869661 90.47
37.7549725073 90.53
38.3041312279 90.59
38.8612776461 90.66
39.4265279456 90.71
40 90.76
40.5818133975 90.80
41.1720894657 90.84
41.7709512971 90.89
42.3785237744 90.94
42.9949335968 90.99
43.6203093066 91.02
44.2547813156 91.05
44.8984819324 91.09
45.5515453903 91.13
46.2141078749 91.18
46.8863075528 91.22
47.5682846001 91.26
48.260181232 91.30
48.9621417322 91.33
49.6743124829 91.35
50.3968419958 91.38
51.1298809424 91.41
51.873582186 91.44
52.6281008133 91.47
53.3935941668 91.51
54.1702218775 91.54
54.9581458983 91.56
55.757530538 91.57
56.5685424949 91.61
57.3913508924 91.64
58.2261273137 91.64
59.0730458376 91.64
59.9322830751 91.69
60.804018206 91.72
61.6884330163 91.71
62.5857119363 91.73
63.4960420787 91.75
64.419613278 91.76
65.3566181296 91.79
66.3072520307 91.82
67.2717132203 91.84
68.2502028209 91.86
69.2429248805 91.86
70.2500864149 91.87
71.2718974512 91.87
72.3085710713 91.88
73.3603234564 91.89
74.4273739322 91.89
75.5099450145 91.90
76.6082624559 91.90
77.7225552923 91.90
78.8530558912 91.90
80 91.88
81.163626795 91.88
82.3441789315 91.88
83.5419025942 91.86
84.7570475487 91.86
85.9898671937 91.84
87.2406186132 91.83
88.5095626311 91.82
89.7969638648 91.80
91.1030907805 91.78
92.4282157498 91.78
93.7726151055 91.76
95.1365692002 91.74
96.520362464 91.72
97.9242834644 91.73
99.3486249659 91.71
100.7936839916 91.70
102.2597618848 91.69
103.7471643721 91.68
105.2562016267 91.67
106.7871883336 91.66
108.340443755 91.63
109.9162917966 91.61
111.5150610759 91.59
113.1370849898 91.57
114.7827017849 91.54
116.4522546274 91.51
118.1460916752 91.48
119.8645661501 91.41
121.6080364119 91.41
123.3768660326 91.40
125.1714238726 91.36
126.9920841575 91.33
128.8392265559 91.29
130.7132362593 91.25
132.6145040614 91.22
134.5434264406 91.19
136.5004056418 91.16
138.485849761 91.13
140.5001728299 91.08
142.5437949025 91.04
144.6171421426 91.01
146.7206469127 90.97
148.8547478643 90.94
151.0198900291 90.90
153.2165249118 90.85
155.4451105846 90.81
157.7061117824 90.76
160 90.71
162.32725359 90.67
164.688357863 90.62
167.0838051884 90.56
169.5140950975 90.52
171.9797343873 90.45
174.4812372264 90.39
177.0191252622 90.34
179.5939277295 90.26
182.2061815611 90.23
184.8564314996 90.15
187.5452302111 90.07
190.2731384004 90.00
193.0407249281 89.92
195.8485669287 89.82
198.6972499318 89.72
201.5873679832 89.62
204.5195237697 89.50
207.4943287442 89.38
210.5124032534 89.28
213.5743766672 89.18
216.6808875099 89.11
219.8325835933 89.06
223.0301221518 89.06
226.2741699797 89.07
229.5654035698 89.06
232.9045092548 89.04
236.2921833503 88.99
239.7291323003 88.92
243.2160728239 88.86
246.7537320653 88.86
250.3428477452 88.95
253.9841683149 89.06
257.6784531119 89.13
261.4264725186 89.16
265.2290081229 89.15
269.0868528812 89.11
273.0008112836 89.06
276.971699522 89.00
281.0003456597 88.94
285.0875898049 88.87
289.2342842852 88.81
293.4412938255 88.75
297.7094957287 88.70
302.0397800581 88.64
306.4330498235 88.56
310.8902211692 88.49
315.4122235649 88.43
320 88.37
324.65450718 88.31
329.3767157259 88.24
334.1676103768 88.19
339.028190195 88.12
343.9594687746 88.06
348.9624744529 88.00
354.0382505244 87.94
359.187855459 87.87
364.4123631221 87.81
369.7128629991 87.74
375.0904604222 87.68
380.5462768009 87.61
386.0814498562 87.54
391.6971338575 87.48
397.3944998635 87.41
403.1747359664 87.35
409.0390475393 87.28
414.9886574883 87.21
421.0248065068 87.15
427.1487533344 87.08
433.3617750198 87.02
439.6651671866 86.96
446.0602443037 86.90
452.5483399594 86.85
459.1308071395 86.79
465.8090185095 86.74
472.5843667007 86.68
479.4582646005 86.63
486.4321456477 86.58
493.5074641306 86.52
500.6856954905 86.48
507.9683366298 86.43
515.3569062238 86.38
522.8529450372 86.33
530.4580162458 86.28
538.1737057624 86.23
546.0016225673 86.18
553.9433990439 86.14
562.0006913195 86.09
570.1751796098 86.04
578.4685685703 86.00
586.882587651 85.96
595.4189914574 85.91
604.0795601163 85.87
612.8660996471 85.83
621.7804423383 85.79
630.8244471297 85.75
640 85.71
649.30901436 85.68
658.7534314519 85.65
668.3352207536 85.61
678.05638039 85.57
687.9189375493 85.54
697.9249489058 85.51
708.0765010489 85.49
718.375710918 85.46
728.8247262443 85.44
739.4257259983 85.42
750.1809208443 85.40
761.0925536018 85.39
772.1628997124 85.38
783.394267715 85.37
794.7889997271 85.37
806.3494719327 85.37
818.0780950787 85.38
829.9773149767 85.40
842.0496130136 85.42
854.2975066688 85.45
866.7235500396 85.49
879.3303343732 85.54
892.1204886074 85.56
905.0966799188 85.62
918.2616142791 85.72
931.618037019 85.81
945.1687334013 85.90
958.9165292011 86.01
972.8642912955 86.12
987.0149282611 86.23
1001.371390981 86.35
1015.9366732597 86.51
1030.7138124476 86.70
1045.7058900743 86.87
1060.9160324916 87.05
1076.3474115248 87.24
1092.0032451345 87.45
1107.8867980879 87.66
1124.0013826389 87.88
1140.3503592197 88.02
1156.9371371406 88.17
1173.765175302 88.37
1190.8379829148 88.58
1208.1591202326 88.80
1225.7321992942 89.03
1243.5608846767 89.21
1261.6488942595 89.22
1280 89.19
1298.6180287201 89.22
1317.5068629037 89.27
1336.6704415071 89.40
1356.1127607799 89.54
1375.8378750985 89.70
1395.8498978116 89.83
1416.1530020977 89.96
1436.751421836 90.09
1457.6494524886 90.22
1478.8514519966 90.33
1500.3618416887 90.44
1522.1851072035 90.54
1544.3257994247 90.64
1566.78853543 90.73
1589.5779994541 90.82
1612.6989438655 90.92
1636.1561901574 91.01
1659.9546299533 91.10
1684.0992260271 91.19
1708.5950133377 91.29
1733.4471000793 91.39
1758.6606687464 91.49
1784.2409772148 91.59
1810.1933598376 91.70
1836.5232285581 91.81
1863.2360740381 91.93
1890.3374668026 92.05
1917.8330584022 92.18
1945.7285825909 92.32
1974.0298565222 92.46
2002.742781962 92.60
2031.8733465194 92.74
2061.4276248951 92.88
2091.4117801487 93.03
2121.8320649832 93.17
2152.6948230496 93.31
2184.0064902691 93.45
2215.7735961758 93.59
2248.0027652779 93.72
2280.7007184393 93.85
2313.8742742813 93.99
2347.530350604 94.16
2381.6759658296 94.39
2416.3182404652 94.67
2451.4643985884 95.04
2487.1217693533 95.45
2523.297788519 95.86
2560.0000000001 96.23
2597.2360574402 96.55
2635.0137258074 96.82
2673.3408830143 97.04
2712.2255215599 97.24
2751.6757501971 97.42
2791.6997956232 97.58
2832.3060041955 97.74
2873.5028436721 97.89
2915.2989049772 98.02
2957.7029039931 98.14
3000.7236833774 98.24
3044.3702144071 98.32
3088.6515988494 98.38
3133.57707086 98.42
3179.1559989082 98.45
3225.397887731 98.48
3272.3123803148 98.50
3319.9092599067 98.53
3368.1984520542 98.55
3417.1900266754 98.56
3466.8942001586 98.56
3517.3213374928 98.53
3568.4819544296 98.48
3620.3867196753 98.42
3673.0464571163 98.36
3726.4721480761 98.29
3780.6749336053 98.21
3835.6661168044 98.14
3891.4571651819 98.07
3948.0597130445 97.99
4005.4855639241 97.92
4063.7466930387 97.85
4122.8552497902 97.78
4182.8235602974 97.71
4243.6641299665 97.64
4305.3896460992 97.58
4368.0129805382 97.51
4431.5471923516 97.45
4496.0055305558 97.38
4561.4014368787 97.32
4627.7485485626 97.26
4695.0607012081 97.21
4763.3519316592 97.17
4832.6364809305 97.14
4902.9287971769 97.12
4974.2435387067 97.10
5046.595577038 97.07
5120.0000000002 97.04
5194.4721148803 97.01
5270.0274516149 96.97
5346.6817660286 96.92
5424.4510431198 96.87
5503.3515003942 96.81
5583.3995912463 96.74
5664.6120083911 96.66
5747.0056873442 96.57
5830.5978099545 96.47
5915.4058079863 96.35
6001.4473667548 96.21
6088.7404288142 96.06
6177.3031976989 95.90
6267.1541417201 95.72
6358.3119978165 95.53
6450.795775462 95.34
6544.6247606297 95.16
6639.8185198134 94.99
6736.3969041085 94.84
6834.3800533509 94.72
6933.7884003172 94.65
7034.6426749857 94.64
7136.9639088592 94.70
7240.7734393506 94.81
7346.0929142326 94.98
7452.9442961523 95.18
7561.3498672106 95.43
7671.3322336089 95.72
7782.9143303638 96.04
7896.119426089 96.26
8010.9711278481 96.34
8127.4933860775 96.17
8245.7104995805 95.71
8365.6471205948 94.97
8487.328259933 94.02
8610.7792921984 92.89
8736.0259610765 91.64
8863.0943847033 90.35
8992.0110611117 89.07
9122.8028737575 87.82
9255.4970971253 86.63
9390.1214024162 85.51
9526.7038633184 84.45
9665.272961861 83.46
9805.8575943538 82.54
9948.4870774134 81.68
10093.191154076 80.89
10240.0000000005 80.15
10388.9442297607 79.47
10540.0549032298 78.84
10693.3635320572 78.26
10848.9020862397 77.77
11006.7030007884 77.37
11166.7991824927 77.09
11329.2240167822 76.82
11494.0113746885 76.53
11661.1956199091 76.26
11830.8116159726 76.04
12002.8947335097 75.92
12177.4808576284 75.83
12354.6063953979 75.85
12534.3082834402 75.92
12716.6239956331 76.06
12901.5915509241 76.30
13089.2495212594 76.58
13279.637039627 76.94
13472.7938082171 77.47
13668.7601067018 78.12
13867.5768006344 78.93
14069.2853499715 79.98
14273.9278177184 81.22
14481.5468787012 82.90
14692.1858284653 85.23
14905.8885923047 88.34
15122.6997344212 91.31
15342.6644672179 91.72
15565.8286607277 88.72
15792.2388521781 85.24
16021.9422556964 82.68
16254.9867721551 80.83
16491.4209991611 79.55
16731.2942411897 78.68
16974.656519866 78.16
17221.5585843969 77.86
17472.0519221531 77.55
17726.1887694067 77.00
17984.0221222235 76.08
18245.605747515 74.90
18510.9941942506 73.53
18780.2428048326 72.11
19053.4077266369 70.57
19330.545923722 68.99
19611.7151887077 67.38
19896.9741548268 66.51
20186.382308152 66.51
