20 96.10
20.2909066988 96.10
20.5860447329 96.12
20.8854756485 96.14
21.1892618872 96.15
21.4974667984 96.17
21.8101546533 96.19
22.1273906578 96.22
22.4492409662 96.24
22.7757726951 96.27
23.1070539374 96.30
23.4431537764 96.32
23.7841423001 96.35
24.130090616 96.37
24.4810708661 96.40
24.8371562415 96.42
25.1984209979 96.45
25.5649404712 96.47
25.936791093 96.50
26.3140504067 96.52
26.6967970834 96.55
27.0851109387 96.58
27.4790729492 96.61
27.878765269 96.63
28.2842712475 96.66
28.6956754462 96.69
29.1130636568 96.71
29.5365229188 96.74
29.9661415375 96.76
30.402009103 96.79
30.8442165082 96.81
31.2928559682 96.83
31.7480210394 96.86
32.209806639 96.88
32.6783090648 96.90
33.1536260154 96.92
33.6358566101 96.94
34.1251014105 96.96
34.6214624402 96.97
35.1250432075 96.99
35.6359487256 97.00
36.1542855356 97.01
36.6801617282 97.02
37.2136869661 97.03
37.7549725073 97.04
38.3041312279 97.05
38.8612776461 97.06
39.4265279456 97.07
40 97.08
40.5818133975 97.09
41.1720894657 97.09
41.7709512971 97.09
42.3785237744 97.09
42.9949335968 97.09
43.6203093066 97.09
44.2547813156 97.09
44.8984819324 97.09
45.5515453903 97.08
46.2141078749 97.08
46.8863075528 97.08
47.5682846001 97.08
48.260181232 97.08
48.9621417322 97.08
49.6743124829 97.08
50.3968419958 97.07
51.1298809424 97.06
51.873582186 97.06
52.6281008133 97.06
53.3935941668 97.05
54.1702218775 97.05
54.9581458983 97.04
55.757530538 97.03
56.5685424949 97.02
57.3913508924 97.02
58.2261273137 97.01
59.0730458376 97.00
59.9322830751 97.00
60.804018206 96.98
61.6884330163 96.98
62.5857119363 96.97
63.4960420787 96.97
64.419613278 96.96
65.3566181296 96.95
66.3072520307 96.95
67.2717132203 96.94
68.2502028209 96.93
69.2429248805 96.91
70.2500864149 96.90
71.2718974512 96.90
72.3085710713 96.89
73.3603234564 96.87
74.4273739322 96.85
75.5099450145 96.83
76.6082624559 96.81
77.7225552923 96.80
78.8530558912 96.78
80 96.75
81.163626795 96.72
82.3441789315 96.70
83.5419025942 96.68
84.7570475487 96.65
85.9898671937 96.62
87.2406186132 96.59
88.5095626311 96.56
89.7969638648 96.53
91.1030907805 96.50
92.4282157498 96.47
93.7726151055 96.44
95.1365692002 96.42
96.520362464 96.40
97.9242834644 96.37
99.3486249659 96.34
100.7936839916 96.32
102.2597618848 96.29
103.7471643721 96.27
105.2562016267 96.24
106.7871883336 96.21
108.340443755 96.17
109.9162917966 96.15
111.5150610759 96.11
113.1370849898 96.08
114.7827017849 96.06
116.4522546274 96.02
118.1460916752 95.97
119.8645661501 95.94
121.6080364119 95.91
123.3768660326 95.88
125.1714238726 95.83
126.9920841575 95.79
128.8392265559 95.75
130.7132362593 95.71
132.6145040614 95.68
134.5434264406 95.64
136.5004056418 95.60
138.485849761 95.56
140.5001728299 95.52
142.5437949025 95.47
144.6171421426 95.43
146.7206469127 95.39
148.8547478643 95.36
151.0198900291 95.33
153.2165249118 95.28
155.4451105846 95.24
157.7061117824 95.21
160 95.17
162.32725359 95.15
164.688357863 95.09
167.0838051884 95.05
169.5140950975 94.99
171.9797343873 94.94
174.4812372264 94.89
177.0191252622 94.85
179.5939277295 94.82
182.2061815611 94.76
184.8564314996 94.70
187.5452302111 94.65
190.2731384004 94.60
193.0407249281 94.54
195.8485669287 94.49
198.6972499318 94.43
201.5873679832 94.38
204.5195237697 94.34
207.4943287442 94.29
210.5124032534 94.25
213.5743766672 94.22
216.6808875099 94.19
219.8325835933 94.16
223.0301221518 94.14
226.2741699797 94.12
229.5654035698 94.09
232.9045092548 94.05
236.2921833503 94.01
239.7291323003 93.98
243.2160728239 93.95
246.7537320653 93.92
250.3428477452 93.88
253.9841683149 93.84
257.6784531119 93.79
261.4264725186 93.75
265.2290081229 93.70
269.0868528812 93.65
273.0008112836 93.60
276.971699522 93.55
281.0003456597 93.51
285.0875898049 93.47
289.2342842852 93.43
293.4412938255 93.38
297.7094957287 93.34
302.0397800581 93.30
306.4330498235 93.27
310.8902211692 93.23
315.4122235649 93.19
320 93.16
324.65450718 93.12
329.3767157259 93.08
334.1676103768 93.04
339.028190195 93.01
343.9594687746 92.97
348.9624744529 92.93
354.0382505244 92.89
359.187855459 92.86
364.4123631221 92.81
369.7128629991 92.77
375.0904604222 92.73
380.5462768009 92.69
386.0814498562 92.64
391.6971338575 92.60
397.3944998635 92.55
403.1747359664 92.51
409.0390475393 92.47
414.9886574883 92.42
421.0248065068 92.38
427.1487533344 92.34
433.3617750198 92.30
439.6651671866 92.27
446.0602443037 92.24
452.5483399594 92.21
459.1308071395 92.18
465.8090185095 92.15
472.5843667007 92.13
479.4582646005 92.10
486.4321456477 92.08
493.5074641306 92.05
500.6856954905 92.03
507.9683366298 92.01
515.3569062238 91.99
522.8529450372 91.96
530.4580162458 91.94
538.1737057624 91.91
546.0016225673 91.89
553.9433990439 91.86
562.0006913195 91.84
570.1751796098 91.81
578.4685685703 91.79
586.882587651 91.77
595.4189914574 91.75
604.0795601163 91.72
612.8660996471 91.70
621.7804423383 91.68
630.8244471297 91.66
640 91.64
649.30901436 91.62
658.7534314519 91.59
668.3352207536 91.58
678.05638039 91.56
687.9189375493 91.54
697.9249489058 91.52
708.0765010489 91.51
718.375710918 91.49
728.8247262443 91.48
739.4257259983 91.47
750.1809208443 91.45
761.0925536018 91.44
772.1628997124 91.43
783.394267715 91.42
794.7889997271 91.42
806.3494719327 91.42
818.0780950787 91.42
829.9773149767 91.42
842.0496130136 91.43
854.2975066688 91.44
866.7235500396 91.46
879.3303343732 91.48
892.1204886074 91.50
905.0966799188 91.53
918.2616142791 91.57
931.618037019 91.62
945.1687334013 91.67
958.9165292011 91.74
972.8642912955 91.80
987.0149282611 91.88
1001.371390981 91.97
1015.9366732597 92.07
1030.7138124476 92.18
1045.7058900743 92.29
1060.9160324916 92.42
1076.3474115248 92.55
1092.0032451345 92.69
1107.8867980879 92.83
1124.0013826389 92.98
1140.3503592197 93.13
1156.9371371406 93.29
1173.765175302 93.44
1190.8379829148 93.60
1208.1591202326 93.76
1225.7321992942 93.92
1243.5608846767 94.07
1261.6488942595 94.23
1280 94.38
1298.6180287201 94.52
1317.5068629037 94.66
1336.6704415071 94.80
1356.1127607799 94.93
1375.8378750985 95.06
1395.8498978116 95.18
1416.1530020977 95.29
1436.751421836 95.40
1457.6494524886 95.50
1478.8514519966 95.60
1500.3618416887 95.70
1522.1851072035 95.79
1544.3257994247 95.88
1566.78853543 95.97
1589.5779994541 96.05
1612.6989438655 96.14
1636.1561901574 96.24
1659.9546299533 96.33
1684.0992260271 96.43
1708.5950133377 96.52
1733.4471000793 96.62
1758.6606687464 96.72
1784.2409772148 96.83
1810.1933598376 96.94
1836.5232285581 97.06
1863.2360740381 97.17
1890.3374668026 97.29
1917.8330584022 97.42
1945.7285825909 97.55
1974.0298565222 97.68
2002.742781962 97.81
2031.8733465194 97.95
2061.4276248951 98.10
2091.4117801487 98.24
2121.8320649832 98.40
2152.6948230496 98.55
2184.0064902691 98.71
2215.7735961758 98.87
2248.0027652779 99.03
2280.7007184393 99.20
2313.8742742813 99.37
2347.530350604 99.54
2381.6759658296 99.72
2416.3182404652 99.90
2451.4643985884 100.09
2487.1217693533 100.29
2523.297788519 100.49
2560.0000000001 100.70
2597.2360574402 100.91
2635.0137258074 101.13
2673.3408830143 101.35
2712.2255215599 101.56
2751.6757501971 101.78
2791.6997956232 101.98
2832.3060041955 102.18
2873.5028436721 102.35
2915.2989049772 102.50
2957.7029039931 102.62
3000.7236833774 102.70
3044.3702144071 102.74
3088.6515988494 102.73
3133.57707086 102.67
3179.1559989082 102.55
3225.397887731 102.39
3272.3123803148 102.19
3319.9092599067 101.94
3368.1984520542 101.64
3417.1900266754 101.32
3466.8942001586 100.97
3517.3213374928 100.59
3568.4819544296 100.20
3620.3867196753 99.80
3673.0464571163 99.40
3726.4721480761 99.00
3780.6749336053 98.60
3835.6661168044 98.21
3891.4571651819 97.82
3948.0597130445 97.44
4005.4855639241 97.06
4063.7466930387 96.69
4122.8552497902 96.33
4182.8235602974 95.97
4243.6641299665 95.62
4305.3896460992 95.26
4368.0129805382 94.91
4431.5471923516 94.56
4496.0055305558 94.21
4561.4014368787 93.87
4627.7485485626 93.52
4695.0607012081 93.17
4763.3519316592 92.82
4832.6364809305 92.48
4902.9287971769 92.13
4974.2435387067 91.79
5046.595577038 91.46
5120.0000000002 91.14
5194.4721148803 90.83
5270.0274516149 90.54
5346.6817660286 90.27
5424.4510431198 90.01
5503.3515003942 89.78
5583.3995912463 89.56
5664.6120083911 89.38
5747.0056873442 89.22
5830.5978099545 89.09
5915.4058079863 88.99
6001.4473667548 88.93
6088.7404288142 88.91
6177.3031976989 88.94
6267.1541417201 89.01
6358.3119978165 89.13
6450.795775462 89.30
6544.6247606297 89.53
6639.8185198134 89.83
6736.3969041085 90.20
6834.3800533509 90.66
6933.7884003172 91.20
7034.6426749857 91.85
7136.9639088592 92.60
7240.7734393506 93.43
7346.0929142326 94.34
7452.9442961523 95.31
7561.3498672106 96.28
7671.3322336089 97.20
7782.9143303638 97.97
7896.119426089 98.47
8010.9711278481 98.58
8127.4933860775 98.34
8245.7104995805 97.85
8365.6471205948 97.25
8487.328259933 96.63
8610.7792921984 96.00
8736.0259610765 95.40
8863.0943847033 94.82
8992.0110611117 94.30
9122.8028737575 93.83
9255.4970971253 93.39
9390.1214024162 92.96
9526.7038633184 92.50
9665.272961861 91.98
9805.8575943538 91.36
9948.4870774134 90.63
10093.191154076 89.79
10240.0000000005 88.88
10388.9442297607 87.92
10540.0549032298 86.92
10693.3635320572 85.91
10848.9020862397 84.94
11006.7030007884 84.01
11166.7991824927 83.12
11329.2240167822 82.30
11494.0113746885 81.53
11661.1956199091 80.86
11830.8116159726 80.26
12002.8947335097 79.75
12177.4808576284 79.30
12354.6063953979 78.98
12534.3082834402 78.75
12716.6239956331 78.61
12901.5915509241 78.62
13089.2495212594 78.72
13279.637039627 78.96
13472.7938082171 79.36
13668.7601067018 79.95
13867.5768006344 80.74
14069.2853499715 81.79
14273.9278177184 83.06
14481.5468787012 84.83
14692.1858284653 87.27
14905.8885923047 90.48
15122.6997344212 93.68
15342.6644672179 94.51
15565.8286607277 91.99
15792.2388521781 88.88
16021.9422556964 86.72
16254.9867721551 84.83
16491.4209991611 84.52
16731.2942411897 84.87
16974.656519866 86.53
17221.5585843969 83.46
17472.0519221531 73.28
17726.1887694067 66.15
17984.0221222235 66.01
18245.605747515 66.90
18510.9941942506 67.00
18780.2428048326 66.23
19053.4077266369 65.11
19330.545923722 63.85
19611.7151887077 61.44
19896.9741548268 59.98
20186.382308152 59.98
