20 104.39
20.2909066988 104.39
20.5860447329 104.46
20.8854756485 104.52
21.1892618872 104.58
21.4974667984 104.65
21.8101546533 104.72
22.1273906578 104.81
22.4492409662 104.91
22.7757726951 105.00
23.1070539374 105.08
23.4431537764 105.14
23.7841423001 105.20
24.130090616 105.26
24.4810708661 105.34
24.8371562415 105.43
25.1984209979 105.53
25.5649404712 105.62
25.936791093 105.68
26.3140504067 105.71
26.6967970834 105.75
27.0851109387 105.80
27.4790729492 105.89
27.878765269 106.00
28.2842712475 106.11
28.6956754462 106.19
29.1130636568 106.25
29.5365229188 106.30
29.9661415375 106.35
30.402009103 106.41
30.8442165082 106.47
31.2928559682 106.52
31.7480210394 106.57
32.209806639 106.62
32.6783090648 106.68
33.1536260154 106.75
33.6358566101 106.81
34.1251014105 106.87
34.6214624402 106.91
35.1250432075 106.96
35.6359487256 106.99
36.1542855356 107.02
36.6801617282 107.06
37.2136869661 107.09
37.7549725073 107.13
38.3041312279 107.16
38.8612776461 107.21
39.4265279456 107.24
40 107.26
40.5818133975 107.29
41.1720894657 107.32
41.7709512971 107.36
42.3785237744 107.38
42.9949335968 107.38
43.6203093066 107.39
44.2547813156 107.40
44.8984819324 107.41
45.5515453903 107.42
46.2141078749 107.43
46.8863075528 107.44
47.5682846001 107.45
48.260181232 107.46
48.9621417322 107.46
49.6743124829 107.47
50.3968419958 107.49
51.1298809424 107.50
51.873582186 107.51
52.6281008133 107.53
53.3935941668 107.55
54.1702218775 107.58
54.9581458983 107.60
55.757530538 107.61
56.5685424949 107.62
57.3913508924 107.63
58.2261273137 107.63
59.0730458376 107.63
59.9322830751 107.62
60.804018206 107.61
61.6884330163 107.61
62.5857119363 107.60
63.4960420787 107.60
64.419613278 107.60
65.3566181296 107.59
66.3072520307 107.59
67.2717132203 107.58
68.2502028209 107.58
69.2429248805 107.56
70.2500864149 107.55
71.2718974512 107.54
72.3085710713 107.52
73.3603234564 107.51
74.4273739322 107.49
75.5099450145 107.47
76.6082624559 107.45
77.7225552923 107.42
78.8530558912 107.40
80 107.38
81.163626795 107.36
82.3441789315 107.32
83.5419025942 107.29
84.7570475487 107.27
85.9898671937 107.23
87.2406186132 107.20
88.5095626311 107.16
89.7969638648 107.13
91.1030907805 107.09
92.4282157498 107.06
93.7726151055 107.02
95.1365692002 106.98
96.520362464 106.95
97.9242834644 106.91
99.3486249659 106.88
100.7936839916 106.84
102.2597618848 106.81
103.7471643721 106.77
105.2562016267 106.73
106.7871883336 106.69
108.340443755 106.65
109.9162917966 106.61
111.5150610759 106.56
113.1370849898 106.51
114.7827017849 106.47
116.4522546274 106.42
118.1460916752 106.37
119.8645661501 106.32
121.6080364119 106.27
123.3768660326 106.22
125.1714238726 106.18
126.9920841575 106.12
128.8392265559 106.06
130.7132362593 106.01
132.6145040614 105.95
134.5434264406 105.90
136.5004056418 105.85
138.485849761 105.79
140.5001728299 105.73
142.5437949025 105.68
144.6171421426 105.62
146.7206469127 105.57
148.8547478643 105.51
151.0198900291 105.45
153.2165249118 105.39
155.4451105846 105.33
157.7061117824 105.27
160 105.21
162.32725359 105.15
164.688357863 105.08
167.0838051884 105.02
169.5140950975 104.95
171.9797343873 104.88
174.4812372264 104.82
177.0191252622 104.75
179.5939277295 104.68
182.2061815611 104.61
184.8564314996 104.54
187.5452302111 104.46
190.2731384004 104.38
193.0407249281 104.30
195.8485669287 104.22
198.6972499318 104.13
201.5873679832 104.05
204.5195237697 103.96
207.4943287442 103.87
210.5124032534 103.78
213.5743766672 103.69
216.6808875099 103.60
219.8325835933 103.52
223.0301221518 103.44
226.2741699797 103.36
229.5654035698 103.28
232.9045092548 103.20
236.2921833503 103.12
239.7291323003 103.05
243.2160728239 102.97
246.7537320653 102.89
250.3428477452 102.81
253.9841683149 102.73
257.6784531119 102.64
261.4264725186 102.56
265.2290081229 102.47
269.0868528812 102.38
273.0008112836 102.29
276.971699522 102.21
281.0003456597 102.12
285.0875898049 102.05
289.2342842852 102.00
293.4412938255 101.96
297.7094957287 101.92
302.0397800581 101.85
306.4330498235 101.78
310.8902211692 101.71
315.4122235649 101.63
320 101.56
324.65450718 101.47
329.3767157259 101.39
334.1676103768 101.31
339.028190195 101.23
343.9594687746 101.15
348.9624744529 101.07
354.0382505244 100.99
359.187855459 100.90
364.4123631221 100.82
369.7128629991 100.74
375.0904604222 100.66
380.5462768009 100.57
386.0814498562 100.49
391.6971338575 100.40
397.3944998635 100.32
403.1747359664 100.24
409.0390475393 100.15
414.9886574883 100.07
421.0248065068 99.98
427.1487533344 99.90
433.3617750198 99.82
439.6651671866 99.74
446.0602443037 99.66
452.5483399594 99.58
459.1308071395 99.50
465.8090185095 99.43
472.5843667007 99.35
479.4582646005 99.28
486.4321456477 99.20
493.5074641306 99.13
500.6856954905 99.06
507.9683366298 98.99
515.3569062238 98.92
522.8529450372 98.85
530.4580162458 98.78
538.1737057624 98.71
546.0016225673 98.64
553.9433990439 98.58
562.0006913195 98.51
570.1751796098 98.44
578.4685685703 98.38
586.882587651 98.31
595.4189914574 98.24
604.0795601163 98.18
612.8660996471 98.11
621.7804423383 98.05
630.8244471297 97.98
640 97.92
649.30901436 97.85
658.7534314519 97.79
668.3352207536 97.73
678.05638039 97.67
687.9189375493 97.61
697.9249489058 97.56
708.0765010489 97.50
718.375710918 97.45
728.8247262443 97.39
739.4257259983 97.33
750.1809208443 97.28
761.0925536018 97.23
772.1628997124 97.18
783.394267715 97.13
794.7889997271 97.09
806.3494719327 97.05
818.0780950787 97.01
829.9773149767 96.98
842.0496130136 96.95
854.2975066688 96.93
866.7235500396 96.91
879.3303343732 96.89
892.1204886074 96.89
905.0966799188 96.89
918.2616142791 96.90
931.618037019 96.92
945.1687334013 96.95
958.9165292011 96.99
972.8642912955 97.03
987.0149282611 97.09
1001.371390981 97.15
1015.9366732597 97.23
1030.7138124476 97.31
1045.7058900743 97.41
1060.9160324916 97.51
1076.3474115248 97.63
1092.0032451345 97.75
1107.8867980879 97.87
1124.0013826389 98.00
1140.3503592197 98.14
1156.9371371406 98.28
1173.765175302 98.42
1190.8379829148 98.57
1208.1591202326 98.71
1225.7321992942 98.86
1243.5608846767 99.01
1261.6488942595 99.15
1280 99.30
1298.6180287201 99.44
1317.5068629037 99.58
1336.6704415071 99.71
1356.1127607799 99.84
1375.8378750985 99.97
1395.8498978116 100.09
1416.1530020977 100.21
1436.751421836 100.32
1457.6494524886 100.43
1478.8514519966 100.53
1500.3618416887 100.64
1522.1851072035 100.74
1544.3257994247 100.84
1566.78853543 100.94
1589.5779994541 101.04
1612.6989438655 101.15
1636.1561901574 101.25
1659.9546299533 101.36
1684.0992260271 101.47
1708.5950133377 101.58
1733.4471000793 101.69
1758.6606687464 101.81
1784.2409772148 101.93
1810.1933598376 102.06
1836.5232285581 102.20
1863.2360740381 102.34
1890.3374668026 102.49
1917.8330584022 102.65
1945.7285825909 102.81
1974.0298565222 102.98
2002.742781962 103.16
2031.8733465194 103.34
2061.4276248951 103.53
2091.4117801487 103.71
2121.8320649832 103.91
2152.6948230496 104.10
2184.0064902691 104.30
2215.7735961758 104.50
2248.0027652779 104.72
2280.7007184393 104.95
2313.8742742813 105.23
2347.530350604 105.55
2381.6759658296 105.88
2416.3182404652 106.21
2451.4643985884 106.50
2487.1217693533 106.78
2523.297788519 107.07
2560.0000000001 107.39
2597.2360574402 107.73
2635.0137258074 108.10
2673.3408830143 108.46
2712.2255215599 108.81
2751.6757501971 109.14
2791.6997956232 109.44
2832.3060041955 109.74
2873.5028436721 110.02
2915.2989049772 110.29
2957.7029039931 110.53
3000.7236833774 110.70
3044.3702144071 110.81
3088.6515988494 110.85
3133.57707086 110.85
3179.1559989082 110.79
3225.397887731 110.69
3272.3123803148 110.54
3319.9092599067 110.35
3368.1984520542 110.11
3417.1900266754 109.81
3466.8942001586 109.45
3517.3213374928 109.04
3568.4819544296 108.63
3620.3867196753 108.29
3673.0464571163 108.04
3726.4721480761 107.85
3780.6749336053 107.70
3835.6661168044 107.55
3891.4571651819 107.40
3948.0597130445 107.25
4005.4855639241 107.10
4063.7466930387 106.95
4122.8552497902 106.80
4182.8235602974 106.66
4243.6641299665 106.52
4305.3896460992 106.39
4368.0129805382 106.28
4431.5471923516 106.18
4496.0055305558 106.07
4561.4014368787 105.97
4627.7485485626 105.86
4695.0607012081 105.75
4763.3519316592 105.64
4832.6364809305 105.55
4902.9287971769 105.48
4974.2435387067 105.41
5046.595577038 105.36
5120.0000000002 105.30
5194.4721148803 105.24
5270.0274516149 105.18
5346.6817660286 105.11
5424.4510431198 105.03
5503.3515003942 104.95
5583.3995912463 104.86
5664.6120083911 104.76
5747.0056873442 104.65
5830.5978099545 104.52
5915.4058079863 104.37
6001.4473667548 104.20
6088.7404288142 104.02
6177.3031976989 103.82
6267.1541417201 103.61
6358.3119978165 103.40
6450.795775462 103.19
6544.6247606297 102.98
6639.8185198134 102.79
6736.3969041085 102.61
6834.3800533509 102.47
6933.7884003172 102.36
7034.6426749857 102.30
7136.9639088592 102.30
7240.7734393506 102.33
7346.0929142326 102.40
7452.9442961523 102.48
7561.3498672106 102.56
7671.3322336089 102.63
7782.9143303638 102.66
7896.119426089 102.65
8010.9711278481 102.54
8127.4933860775 102.33
8245.7104995805 101.99
8365.6471205948 101.54
8487.328259933 100.98
8610.7792921984 100.33
8736.0259610765 99.56
8863.0943847033 98.72
8992.0110611117 97.82
9122.8028737575 96.90
9255.4970971253 95.96
9390.1214024162 95.00
9526.7038633184 94.07
9665.272961861 93.19
9805.8575943538 92.39
9948.4870774134 91.69
10093.191154076 91.06
10240.0000000005 90.50
10388.9442297607 90.01
10540.0549032298 89.57
10693.3635320572 89.20
10848.9020862397 88.89
11006.7030007884 88.64
11166.7991824927 88.44
11329.2240167822 88.32
11494.0113746885 88.26
11661.1956199091 88.27
11830.8116159726 88.33
12002.8947335097 88.48
12177.4808576284 88.68
12354.6063953979 88.96
12534.3082834402 89.34
12716.6239956331 89.79
12901.5915509241 90.39
13089.2495212594 91.05
13279.637039627 91.85
13472.7938082171 92.82
13668.7601067018 93.93
13867.5768006344 95.17
14069.2853499715 96.43
14273.9278177184 97.62
14481.5468787012 98.37
14692.1858284653 98.27
14905.8885923047 97.62
15122.6997344212 96.75
15342.6644672179 95.94
15565.8286607277 95.39
15792.2388521781 95.20
16021.9422556964 95.43
16254.9867721551 96.16
16491.4209991611 97.36
16731.2942411897 98.28
16974.656519866 97.14
17221.5585843969 94.02
17472.0519221531 90.47
17726.1887694067 87.20
17984.0221222235 84.25
18245.605747515 81.53
18510.9941942506 78.85
18780.2428048326 76.19
19053.4077266369 73.41
19330.545923722 70.36
19611.7151887077 66.71
19896.9741548268 64.71
20186.382308152 64.71
