20 109.21
20.2909066988 109.21
20.5860447329 109.23
20.8854756485 109.24
21.1892618872 109.25
21.4974667984 109.27
21.8101546533 109.30
22.1273906578 109.32
22.4492409662 109.35
22.7757726951 109.38
23.1070539374 109.40
23.4431537764 109.42
23.7841423001 109.43
24.130090616 109.44
24.4810708661 109.45
24.8371562415 109.46
25.1984209979 109.47
25.5649404712 109.48
25.936791093 109.50
26.3140504067 109.52
26.6967970834 109.54
27.0851109387 109.56
27.4790729492 109.58
27.878765269 109.60
28.2842712475 109.62
28.6956754462 109.63
29.1130636568 109.65
29.5365229188 109.66
29.9661415375 109.67
30.402009103 109.68
30.8442165082 109.69
31.2928559682 109.70
31.7480210394 109.71
32.209806639 109.72
32.6783090648 109.73
33.1536260154 109.73
33.6358566101 109.74
34.1251014105 109.74
34.6214624402 109.74
35.1250432075 109.74
35.6359487256 109.73
36.1542855356 109.73
36.6801617282 109.72
37.2136869661 109.72
37.7549725073 109.71
38.3041312279 109.70
38.8612776461 109.69
39.4265279456 109.69
40 109.67
40.5818133975 109.65
41.1720894657 109.63
41.7709512971 109.62
42.3785237744 109.60
42.9949335968 109.58
43.6203093066 109.56
44.2547813156 109.54
44.8984819324 109.52
45.5515453903 109.49
46.2141078749 109.47
46.8863075528 109.44
47.5682846001 109.42
48.260181232 109.39
48.9621417322 109.36
49.6743124829 109.34
50.3968419958 109.31
51.1298809424 109.28
51.873582186 109.26
52.6281008133 109.23
53.3935941668 109.20
54.1702218775 109.17
54.9581458983 109.15
55.757530538 109.12
56.5685424949 109.09
57.3913508924 109.05
58.2261273137 109.02
59.0730458376 109.01
59.9322830751 108.99
60.804018206 108.93
61.6884330163 108.89
62.5857119363 108.86
63.4960420787 108.83
64.419613278 108.81
65.3566181296 108.77
66.3072520307 108.74
67.2717132203 108.71
68.2502028209 108.67
69.2429248805 108.63
70.2500864149 108.59
71.2718974512 108.55
72.3085710713 108.52
73.3603234564 108.47
74.4273739322 108.43
75.5099450145 108.39
76.6082624559 108.34
77.7225552923 108.29
78.8530558912 108.24
80 108.20
81.163626795 108.16
82.3441789315 108.10
83.5419025942 108.05
84.7570475487 107.99
85.9898671937 107.93
87.2406186132 107.88
88.5095626311 107.83
89.7969638648 107.77
91.1030907805 107.71
92.4282157498 107.66
93.7726151055 107.61
95.1365692002 107.56
96.520362464 107.50
97.9242834644 107.45
99.3486249659 107.40
100.7936839916 107.35
102.2597618848 107.30
103.7471643721 107.25
105.2562016267 107.20
106.7871883336 107.14
108.340443755 107.09
109.9162917966 107.04
111.5150610759 106.98
113.1370849898 106.92
114.7827017849 106.86
116.4522546274 106.80
118.1460916752 106.73
119.8645661501 106.68
121.6080364119 106.63
123.3768660326 106.57
125.1714238726 106.51
126.9920841575 106.44
128.8392265559 106.38
130.7132362593 106.32
132.6145040614 106.26
134.5434264406 106.20
136.5004056418 106.14
138.485849761 106.08
140.5001728299 106.02
142.5437949025 105.96
144.6171421426 105.91
146.7206469127 105.85
148.8547478643 105.80
151.0198900291 105.74
153.2165249118 105.69
155.4451105846 105.62
157.7061117824 105.56
160 105.51
162.32725359 105.45
164.688357863 105.40
167.0838051884 105.33
169.5140950975 105.27
171.9797343873 105.22
174.4812372264 105.16
177.0191252622 105.09
179.5939277295 105.03
182.2061815611 104.97
184.8564314996 104.91
187.5452302111 104.84
190.2731384004 104.78
193.0407249281 104.71
195.8485669287 104.64
198.6972499318 104.57
201.5873679832 104.49
204.5195237697 104.42
207.4943287442 104.34
210.5124032534 104.27
213.5743766672 104.19
216.6808875099 104.12
219.8325835933 104.05
223.0301221518 103.98
226.2741699797 103.92
229.5654035698 103.86
232.9045092548 103.79
236.2921833503 103.74
239.7291323003 103.66
243.2160728239 103.65
246.7537320653 103.62
250.3428477452 103.60
253.9841683149 103.58
257.6784531119 103.55
261.4264725186 103.52
265.2290081229 103.47
269.0868528812 103.43
273.0008112836 103.38
276.971699522 103.33
281.0003456597 103.28
285.0875898049 103.23
289.2342842852 103.19
293.4412938255 103.14
297.7094957287 103.10
302.0397800581 103.05
306.4330498235 103.02
310.8902211692 102.98
315.4122235649 102.95
320 102.91
324.65450718 102.88
329.3767157259 102.85
334.1676103768 102.81
339.028190195 102.78
343.9594687746 102.74
348.9624744529 102.70
354.0382505244 102.66
359.187855459 102.63
364.4123631221 102.58
369.7128629991 102.54
375.0904604222 102.50
380.5462768009 102.47
386.0814498562 102.43
391.6971338575 102.40
397.3944998635 102.37
403.1747359664 102.34
409.0390475393 102.30
414.9886574883 102.27
421.0248065068 102.23
427.1487533344 102.19
433.3617750198 102.15
439.6651671866 102.12
446.0602443037 102.08
452.5483399594 102.05
459.1308071395 102.01
465.8090185095 101.98
472.5843667007 101.95
479.4582646005 101.92
486.4321456477 101.89
493.5074641306 101.87
500.6856954905 101.85
507.9683366298 101.84
515.3569062238 101.85
522.8529450372 101.85
530.4580162458 101.85
538.1737057624 101.84
546.0016225673 101.83
553.9433990439 101.80
562.0006913195 101.76
570.1751796098 101.70
578.4685685703 101.66
586.882587651 101.65
595.4189914574 101.65
604.0795601163 101.64
612.8660996471 101.62
621.7804423383 101.60
630.8244471297 101.58
640 101.56
649.30901436 101.55
658.7534314519 101.55
668.3352207536 101.61
678.05638039 101.67
687.9189375493 101.71
697.9249489058 101.73
708.0765010489 101.72
718.375710918 101.70
728.8247262443 101.69
739.4257259983 101.68
750.1809208443 101.67
761.0925536018 101.67
772.1628997124 101.67
783.394267715 101.68
794.7889997271 101.68
806.3494719327 101.70
818.0780950787 101.71
829.9773149767 101.73
842.0496130136 101.76
854.2975066688 101.79
866.7235500396 101.82
879.3303343732 101.86
892.1204886074 101.91
905.0966799188 101.96
918.2616142791 102.02
931.618037019 102.09
945.1687334013 102.17
958.9165292011 102.25
972.8642912955 102.35
987.0149282611 102.45
1001.371390981 102.57
1015.9366732597 102.69
1030.7138124476 102.83
1045.7058900743 102.98
1060.9160324916 103.13
1076.3474115248 103.29
1092.0032451345 103.47
1107.8867980879 103.65
1124.0013826389 103.83
1140.3503592197 104.02
1156.9371371406 104.21
1173.765175302 104.41
1190.8379829148 104.61
1208.1591202326 104.81
1225.7321992942 105.01
1243.5608846767 105.21
1261.6488942595 105.41
1280 105.61
1298.6180287201 105.80
1317.5068629037 105.99
1336.6704415071 106.18
1356.1127607799 106.36
1375.8378750985 106.53
1395.8498978116 106.70
1416.1530020977 106.87
1436.751421836 107.03
1457.6494524886 107.19
1478.8514519966 107.34
1500.3618416887 107.49
1522.1851072035 107.64
1544.3257994247 107.79
1566.78853543 107.94
1589.5779994541 108.08
1612.6989438655 108.22
1636.1561901574 108.37
1659.9546299533 108.52
1684.0992260271 108.66
1708.5950133377 108.81
1733.4471000793 108.96
1758.6606687464 109.11
1784.2409772148 109.27
1810.1933598376 109.42
1836.5232285581 109.57
1863.2360740381 109.72
1890.3374668026 109.87
1917.8330584022 110.02
1945.7285825909 110.17
1974.0298565222 110.31
2002.742781962 110.45
2031.8733465194 110.58
2061.4276248951 110.71
2091.4117801487 110.82
2121.8320649832 110.94
2152.6948230496 111.04
2184.0064902691 111.13
2215.7735961758 111.21
2248.0027652779 111.29
2280.7007184393 111.34
2313.8742742813 111.39
2347.530350604 111.42
2381.6759658296 111.44
2416.3182404652 111.44
2451.4643985884 111.44
2487.1217693533 111.42
2523.297788519 111.38
2560.0000000001 111.34
2597.2360574402 111.29
2635.0137258074 111.22
2673.3408830143 111.15
2712.2255215599 111.08
2751.6757501971 110.99
2791.6997956232 110.90
2832.3060041955 110.81
2873.5028436721 110.72
2915.2989049772 110.62
2957.7029039931 110.52
3000.7236833774 110.42
3044.3702144071 110.32
3088.6515988494 110.22
3133.57707086 110.11
3179.1559989082 110.01
3225.397887731 109.90
3272.3123803148 109.79
3319.9092599067 109.68
3368.1984520542 109.57
3417.1900266754 109.46
3466.8942001586 109.35
3517.3213374928 109.24
3568.4819544296 109.14
3620.3867196753 109.02
3673.0464571163 108.90
3726.4721480761 108.68
3780.6749336053 108.15
3835.6661168044 107.85
3891.4571651819 108.35
3948.0597130445 108.49
4005.4855639241 108.48
4063.7466930387 108.44
4122.8552497902 108.39
4182.8235602974 108.34
4243.6641299665 108.28
4305.3896460992 108.21
4368.0129805382 108.14
4431.5471923516 108.06
4496.0055305558 107.98
4561.4014368787 107.89
4627.7485485626 107.79
4695.0607012081 107.67
4763.3519316592 107.53
4832.6364809305 107.37
4902.9287971769 107.18
4974.2435387067 106.97
5046.595577038 106.74
5120.0000000002 106.50
5194.4721148803 106.25
5270.0274516149 105.99
5346.6817660286 105.73
5424.4510431198 105.45
5503.3515003942 105.17
5583.3995912463 104.89
5664.6120083911 104.61
5747.0056873442 104.33
5830.5978099545 104.06
5915.4058079863 103.79
6001.4473667548 103.53
6088.7404288142 103.28
6177.3031976989 103.03
6267.1541417201 102.79
6358.3119978165 102.56
6450.795775462 102.36
6544.6247606297 102.19
6639.8185198134 102.07
6736.3969041085 102.02
6834.3800533509 102.05
6933.7884003172 102.17
7034.6426749857 102.39
7136.9639088592 102.74
7240.7734393506 103.18
7346.0929142326 103.72
7452.9442961523 104.35
7561.3498672106 105.09
7671.3322336089 105.91
7782.9143303638 106.76
7896.119426089 107.56
8010.9711278481 108.08
8127.4933860775 108.07
8245.7104995805 107.44
8365.6471205948 106.34
8487.328259933 105.05
8610.7792921984 103.67
8736.0259610765 102.29
8863.0943847033 100.99
8992.0110611117 99.78
9122.8028737575 98.68
9255.4970971253 97.70
9390.1214024162 96.84
9526.7038633184 96.07
9665.272961861 95.41
9805.8575943538 94.84
9948.4870774134 94.37
10093.191154076 93.98
10240.0000000005 93.69
10388.9442297607 93.45
10540.0549032298 93.32
10693.3635320572 93.28
10848.9020862397 93.31
11006.7030007884 93.44
11166.7991824927 93.67
11329.2240167822 94.03
11494.0113746885 94.49
11661.1956199091 95.11
11830.8116159726 95.84
12002.8947335097 96.68
12177.4808576284 97.58
12354.6063953979 98.45
12534.3082834402 99.16
12716.6239956331 99.48
12901.5915509241 99.10
13089.2495212594 98.35
13279.637039627 97.25
13472.7938082171 96.00
13668.7601067018 94.84
13867.5768006344 93.87
14069.2853499715 93.12
14273.9278177184 92.52
14481.5468787012 92.17
14692.1858284653 92.03
14905.8885923047 92.03
15122.6997344212 92.15
15342.6644672179 92.30
15565.8286607277 92.36
15792.2388521781 92.25
16021.9422556964 91.89
16254.9867721551 91.20
16491.4209991611 90.13
16731.2942411897 88.96
16974.656519866 88.17
17221.5585843969 87.65
17472.0519221531 87.21
17726.1887694067 86.74
17984.0221222235 86.42
18245.605747515 86.24
18510.9941942506 86.34
18780.2428048326 86.71
19053.4077266369 86.65
19330.545923722 85.46
19611.7151887077 84.54
19896.9741548268 84.37
20186.382308152 84.37
