20 105.21
20.2909066988 105.21
20.5860447329 105.19
20.8854756485 105.17
21.1892618872 105.15
21.4974667984 105.14
21.8101546533 105.13
22.1273906578 105.13
22.4492409662 105.12
22.7757726951 105.11
23.1070539374 105.09
23.4431537764 105.08
23.7841423001 105.06
24.130090616 105.05
24.4810708661 105.04
24.8371562415 105.03
25.1984209979 105.01
25.5649404712 104.99
25.936791093 104.97
26.3140504067 104.94
26.6967970834 104.93
27.0851109387 104.92
27.4790729492 104.93
27.878765269 104.94
28.2842712475 104.94
28.6956754462 104.92
29.1130636568 104.88
29.5365229188 104.82
29.9661415375 104.78
30.402009103 104.75
30.8442165082 104.73
31.2928559682 104.72
31.7480210394 104.70
32.209806639 104.68
32.6783090648 104.65
33.1536260154 104.63
33.6358566101 104.59
34.1251014105 104.56
34.6214624402 104.52
35.1250432075 104.49
35.6359487256 104.45
36.1542855356 104.41
36.6801617282 104.37
37.2136869661 104.33
37.7549725073 104.28
38.3041312279 104.24
38.8612776461 104.19
39.4265279456 104.14
40 104.09
40.5818133975 104.05
41.1720894657 104.00
41.7709512971 103.94
42.3785237744 103.88
42.9949335968 103.82
43.6203093066 103.76
44.2547813156 103.70
44.8984819324 103.64
45.5515453903 103.59
46.2141078749 103.54
46.8863075528 103.48
47.5682846001 103.41
48.260181232 103.34
48.9621417322 103.29
49.6743124829 103.24
50.3968419958 103.18
51.1298809424 103.12
51.873582186 103.06
52.6281008133 102.98
53.3935941668 102.91
54.1702218775 102.85
54.9581458983 102.80
55.757530538 102.72
56.5685424949 102.65
57.3913508924 102.59
58.2261273137 102.52
59.0730458376 102.43
59.9322830751 102.38
60.804018206 102.33
61.6884330163 102.23
62.5857119363 102.16
63.4960420787 102.10
64.419613278 102.03
65.3566181296 101.96
66.3072520307 101.90
67.2717132203 101.82
68.2502028209 101.76
69.2429248805 101.69
70.2500864149 101.63
71.2718974512 101.56
72.3085710713 101.49
73.3603234564 101.42
74.4273739322 101.35
75.5099450145 101.27
76.6082624559 101.20
77.7225552923 101.12
78.8530558912 101.04
80 100.96
81.163626795 100.88
82.3441789315 100.79
83.5419025942 100.71
84.7570475487 100.63
85.9898671937 100.55
87.2406186132 100.46
88.5095626311 100.37
89.7969638648 100.30
91.1030907805 100.21
92.4282157498 100.13
93.7726151055 100.05
95.1365692002 99.97
96.520362464 99.90
97.9242834644 99.83
99.3486249659 99.75
100.7936839916 99.68
102.2597618848 99.60
103.7471643721 99.53
105.2562016267 99.45
106.7871883336 99.38
108.340443755 99.30
109.9162917966 99.22
111.5150610759 99.14
113.1370849898 99.06
114.7827017849 98.97
116.4522546274 98.89
118.1460916752 98.79
119.8645661501 98.71
121.6080364119 98.65
123.3768660326 98.57
125.1714238726 98.49
126.9920841575 98.40
128.8392265559 98.32
130.7132362593 98.24
132.6145040614 98.16
134.5434264406 98.08
136.5004056418 98.01
138.485849761 97.92
140.5001728299 97.85
142.5437949025 97.77
144.6171421426 97.69
146.7206469127 97.61
148.8547478643 97.54
151.0198900291 97.47
153.2165249118 97.41
155.4451105846 97.36
157.7061117824 97.32
160 97.29
162.32725359 97.26
164.688357863 97.23
167.0838051884 97.21
169.5140950975 97.17
171.9797343873 97.13
174.4812372264 97.08
177.0191252622 97.03
179.5939277295 96.94
182.2061815611 96.90
184.8564314996 96.83
187.5452302111 96.76
190.2731384004 96.69
193.0407249281 96.62
195.8485669287 96.55
198.6972499318 96.47
201.5873679832 96.40
204.5195237697 96.32
207.4943287442 96.24
210.5124032534 96.17
213.5743766672 96.10
216.6808875099 96.03
219.8325835933 95.96
223.0301221518 95.89
226.2741699797 95.83
229.5654035698 95.77
232.9045092548 95.72
236.2921833503 95.66
239.7291323003 95.57
243.2160728239 95.57
246.7537320653 95.52
250.3428477452 95.48
253.9841683149 95.43
257.6784531119 95.38
261.4264725186 95.33
265.2290081229 95.27
269.0868528812 95.22
273.0008112836 95.17
276.971699522 95.12
281.0003456597 95.07
285.0875898049 95.02
289.2342842852 94.98
293.4412938255 94.94
297.7094957287 94.90
302.0397800581 94.85
306.4330498235 94.81
310.8902211692 94.77
315.4122235649 94.73
320 94.68
324.65450718 94.64
329.3767157259 94.61
334.1676103768 94.58
339.028190195 94.56
343.9594687746 94.55
348.9624744529 94.55
354.0382505244 94.54
359.187855459 94.52
364.4123631221 94.50
369.7128629991 94.46
375.0904604222 94.43
380.5462768009 94.39
386.0814498562 94.35
391.6971338575 94.32
397.3944998635 94.29
403.1747359664 94.26
409.0390475393 94.23
414.9886574883 94.21
421.0248065068 94.18
427.1487533344 94.15
433.3617750198 94.12
439.6651671866 94.10
446.0602443037 94.08
452.5483399594 94.05
459.1308071395 94.03
465.8090185095 94.01
472.5843667007 93.99
479.4582646005 93.98
486.4321456477 93.96
493.5074641306 93.95
500.6856954905 93.93
507.9683366298 93.92
515.3569062238 93.91
522.8529450372 93.90
530.4580162458 93.89
538.1737057624 93.88
546.0016225673 93.87
553.9433990439 93.86
562.0006913195 93.86
570.1751796098 93.85
578.4685685703 93.84
586.882587651 93.84
595.4189914574 93.83
604.0795601163 93.83
612.8660996471 93.83
621.7804423383 93.82
630.8244471297 93.82
640 93.82
649.30901436 93.82
658.7534314519 93.83
668.3352207536 93.83
678.05638039 93.83
687.9189375493 93.83
697.9249489058 93.84
708.0765010489 93.84
718.375710918 93.85
728.8247262443 93.86
739.4257259983 93.87
750.1809208443 93.87
761.0925536018 93.89
772.1628997124 93.90
783.394267715 93.92
794.7889997271 93.93
806.3494719327 93.96
818.0780950787 93.98
829.9773149767 94.01
842.0496130136 94.04
854.2975066688 94.08
866.7235500396 94.12
879.3303343732 94.16
892.1204886074 94.21
905.0966799188 94.26
918.2616142791 94.33
931.618037019 94.40
945.1687334013 94.47
958.9165292011 94.56
972.8642912955 94.65
987.0149282611 94.75
1001.371390981 94.86
1015.9366732597 94.97
1030.7138124476 95.10
1045.7058900743 95.24
1060.9160324916 95.38
1076.3474115248 95.54
1092.0032451345 95.69
1107.8867980879 95.86
1124.0013826389 96.03
1140.3503592197 96.21
1156.9371371406 96.40
1173.765175302 96.58
1190.8379829148 96.78
1208.1591202326 96.97
1225.7321992942 97.17
1243.5608846767 97.37
1261.6488942595 97.57
1280 97.77
1298.6180287201 97.97
1317.5068629037 98.17
1336.6704415071 98.36
1356.1127607799 98.55
1375.8378750985 98.74
1395.8498978116 98.93
1416.1530020977 99.12
1436.751421836 99.30
1457.6494524886 99.48
1478.8514519966 99.66
1500.3618416887 99.85
1522.1851072035 100.03
1544.3257994247 100.21
1566.78853543 100.38
1589.5779994541 100.56
1612.6989438655 100.73
1636.1561901574 100.90
1659.9546299533 101.06
1684.0992260271 101.23
1708.5950133377 101.40
1733.4471000793 101.59
1758.6606687464 101.78
1784.2409772148 101.98
1810.1933598376 102.18
1836.5232285581 102.38
1863.2360740381 102.56
1890.3374668026 102.74
1917.8330584022 102.91
1945.7285825909 103.06
1974.0298565222 103.21
2002.742781962 103.36
2031.8733465194 103.53
2061.4276248951 103.75
2091.4117801487 103.99
2121.8320649832 104.26
2152.6948230496 104.52
2184.0064902691 104.76
2215.7735961758 104.97
2248.0027652779 105.16
2280.7007184393 105.30
2313.8742742813 105.39
2347.530350604 105.44
2381.6759658296 105.42
2416.3182404652 105.35
2451.4643985884 105.20
2487.1217693533 105.00
2523.297788519 104.76
2560.0000000001 104.50
2597.2360574402 104.25
2635.0137258074 104.02
2673.3408830143 103.82
2712.2255215599 103.64
2751.6757501971 103.49
2791.6997956232 103.36
2832.3060041955 103.30
2873.5028436721 103.32
2915.2989049772 103.38
2957.7029039931 103.42
3000.7236833774 103.38
3044.3702144071 103.29
3088.6515988494 103.19
3133.57707086 103.11
3179.1559989082 103.03
3225.397887731 102.95
3272.3123803148 102.88
3319.9092599067 102.80
3368.1984520542 102.72
3417.1900266754 102.64
3466.8942001586 102.57
3517.3213374928 102.51
3568.4819544296 102.46
3620.3867196753 102.40
3673.0464571163 102.34
3726.4721480761 102.27
3780.6749336053 102.19
3835.6661168044 102.11
3891.4571651819 102.06
3948.0597130445 102.03
4005.4855639241 102.03
4063.7466930387 102.03
4122.8552497902 102.01
4182.8235602974 102.03
4243.6641299665 102.19
4305.3896460992 102.44
4368.0129805382 102.73
4431.5471923516 103.00
4496.0055305558 103.25
4561.4014368787 103.44
4627.7485485626 103.57
4695.0607012081 103.63
4763.3519316592 103.65
4832.6364809305 103.65
4902.9287971769 103.58
4974.2435387067 103.44
5046.595577038 103.21
5120.0000000002 102.89
5194.4721148803 102.49
5270.0274516149 102.09
5346.6817660286 101.73
5424.4510431198 101.40
5503.3515003942 101.07
5583.3995912463 100.76
5664.6120083911 100.56
5747.0056873442 100.41
5830.5978099545 100.26
5915.4058079863 100.07
6001.4473667548 99.81
6088.7404288142 99.48
6177.3031976989 99.11
6267.1541417201 98.72
6358.3119978165 98.33
6450.795775462 97.94
6544.6247606297 97.59
6639.8185198134 97.29
6736.3969041085 97.05
6834.3800533509 96.90
6933.7884003172 96.83
7034.6426749857 96.86
7136.9639088592 97.01
7240.7734393506 97.31
7346.0929142326 97.74
7452.9442961523 98.30
7561.3498672106 98.97
7671.3322336089 99.72
7782.9143303638 100.48
7896.119426089 101.13
8010.9711278481 101.43
8127.4933860775 101.16
8245.7104995805 100.33
8365.6471205948 99.14
8487.328259933 97.82
8610.7792921984 96.45
8736.0259610765 95.08
8863.0943847033 93.74
8992.0110611117 92.45
9122.8028737575 91.26
9255.4970971253 90.21
9390.1214024162 89.26
9526.7038633184 88.41
9665.272961861 87.58
9805.8575943538 86.79
9948.4870774134 86.00
10093.191154076 85.26
10240.0000000005 84.63
10388.9442297607 84.26
10540.0549032298 84.17
10693.3635320572 83.97
10848.9020862397 83.63
11006.7030007884 83.47
11166.7991824927 83.55
11329.2240167822 83.91
11494.0113746885 84.46
11661.1956199091 85.24
11830.8116159726 86.17
12002.8947335097 87.27
12177.4808576284 88.44
12354.6063953979 89.66
12534.3082834402 90.81
12716.6239956331 91.75
12901.5915509241 92.34
13089.2495212594 92.75
13279.637039627 92.96
13472.7938082171 93.01
13668.7601067018 93.03
13867.5768006344 93.13
14069.2853499715 93.47
14273.9278177184 94.07
14481.5468787012 95.10
14692.1858284653 96.56
14905.8885923047 98.27
15122.6997344212 99.68
15342.6644672179 99.99
15565.8286607277 98.79
15792.2388521781 96.61
16021.9422556964 94.31
16254.9867721551 92.19
16491.4209991611 90.29
16731.2942411897 88.65
16974.656519866 87.32
17221.5585843969 86.34
17472.0519221531 85.68
17726.1887694067 85.24
17984.0221222235 84.90
18245.605747515 84.60
18510.9941942506 84.26
18780.2428048326 83.92
19053.4077266369 83.57
19330.545923722 83.03
19611.7151887077 82.08
19896.9741548268 81.47
20186.382308152 81.47
