20 102.71
20.2909066988 102.71
20.5860447329 102.71
20.8854756485 102.71
21.1892618872 102.72
21.4974667984 102.74
21.8101546533 102.75
22.1273906578 102.75
22.4492409662 102.75
22.7757726951 102.74
23.1070539374 102.73
23.4431537764 102.73
23.7841423001 102.73
24.130090616 102.73
24.4810708661 102.73
24.8371562415 102.73
25.1984209979 102.72
25.5649404712 102.71
25.936791093 102.71
26.3140504067 102.71
26.6967970834 102.71
27.0851109387 102.70
27.4790729492 102.69
27.878765269 102.67
28.2842712475 102.65
28.6956754462 102.65
29.1130636568 102.67
29.5365229188 102.68
29.9661415375 102.69
30.402009103 102.69
30.8442165082 102.67
31.2928559682 102.66
31.7480210394 102.65
32.209806639 102.63
32.6783090648 102.61
33.1536260154 102.59
33.6358566101 102.58
34.1251014105 102.58
34.6214624402 102.57
35.1250432075 102.54
35.6359487256 102.51
36.1542855356 102.48
36.6801617282 102.46
37.2136869661 102.44
37.7549725073 102.42
38.3041312279 102.38
38.8612776461 102.35
39.4265279456 102.31
40 102.29
40.5818133975 102.27
41.1720894657 102.25
41.7709512971 102.20
42.3785237744 102.15
42.9949335968 102.11
43.6203093066 102.08
44.2547813156 102.04
44.8984819324 101.99
45.5515453903 101.94
46.2141078749 101.89
46.8863075528 101.86
47.5682846001 101.81
48.260181232 101.77
48.9621417322 101.72
49.6743124829 101.68
50.3968419958 101.64
51.1298809424 101.59
51.873582186 101.55
52.6281008133 101.50
53.3935941668 101.46
54.1702218775 101.43
54.9581458983 101.39
55.757530538 101.34
56.5685424949 101.29
57.3913508924 101.23
58.2261273137 101.16
59.0730458376 101.04
59.9322830751 100.95
60.804018206 100.96
61.6884330163 100.94
62.5857119363 100.90
63.4960420787 100.85
64.419613278 100.80
65.3566181296 100.75
66.3072520307 100.70
67.2717132203 100.65
68.2502028209 100.59
69.2429248805 100.54
70.2500864149 100.49
71.2718974512 100.43
72.3085710713 100.37
73.3603234564 100.31
74.4273739322 100.25
75.5099450145 100.19
76.6082624559 100.13
77.7225552923 100.07
78.8530558912 100.02
80 99.94
81.163626795 99.88
82.3441789315 99.81
83.5419025942 99.76
84.7570475487 99.69
85.9898671937 99.63
87.2406186132 99.56
88.5095626311 99.50
89.7969638648 99.42
91.1030907805 99.36
92.4282157498 99.28
93.7726151055 99.22
95.1365692002 99.16
96.520362464 99.09
97.9242834644 99.02
99.3486249659 98.96
100.7936839916 98.90
102.2597618848 98.84
103.7471643721 98.77
105.2562016267 98.71
106.7871883336 98.64
108.340443755 98.58
109.9162917966 98.52
111.5150610759 98.45
113.1370849898 98.39
114.7827017849 98.33
116.4522546274 98.27
118.1460916752 98.24
119.8645661501 98.18
121.6080364119 98.07
123.3768660326 98.01
125.1714238726 97.95
126.9920841575 97.89
128.8392265559 97.84
130.7132362593 97.78
132.6145040614 97.72
134.5434264406 97.66
136.5004056418 97.61
138.485849761 97.56
140.5001728299 97.49
142.5437949025 97.43
144.6171421426 97.38
146.7206469127 97.32
148.8547478643 97.26
151.0198900291 97.21
153.2165249118 97.16
155.4451105846 97.13
157.7061117824 97.09
160 97.06
162.32725359 97.03
164.688357863 96.99
167.0838051884 96.95
169.5140950975 96.90
171.9797343873 96.86
174.4812372264 96.81
177.0191252622 96.76
179.5939277295 96.72
182.2061815611 96.66
184.8564314996 96.61
187.5452302111 96.56
190.2731384004 96.51
193.0407249281 96.44
195.8485669287 96.38
198.6972499318 96.32
201.5873679832 96.25
204.5195237697 96.19
207.4943287442 96.12
210.5124032534 96.05
213.5743766672 95.99
216.6808875099 95.93
219.8325835933 95.87
223.0301221518 95.82
226.2741699797 95.77
229.5654035698 95.72
232.9045092548 95.67
236.2921833503 95.62
239.7291323003 95.48
243.2160728239 95.55
246.7537320653 95.51
250.3428477452 95.47
253.9841683149 95.43
257.6784531119 95.39
261.4264725186 95.35
265.2290081229 95.31
269.0868528812 95.27
273.0008112836 95.23
276.971699522 95.19
281.0003456597 95.15
285.0875898049 95.11
289.2342842852 95.08
293.4412938255 95.04
297.7094957287 94.97
302.0397800581 94.96
306.4330498235 95.00
310.8902211692 94.99
315.4122235649 94.98
320 94.97
324.65450718 94.94
329.3767157259 94.92
334.1676103768 94.90
339.028190195 94.87
343.9594687746 94.85
348.9624744529 94.82
354.0382505244 94.80
359.187855459 94.79
364.4123631221 94.75
369.7128629991 94.72
375.0904604222 94.69
380.5462768009 94.66
386.0814498562 94.64
391.6971338575 94.61
397.3944998635 94.58
403.1747359664 94.56
409.0390475393 94.53
414.9886574883 94.50
421.0248065068 94.48
427.1487533344 94.45
433.3617750198 94.43
439.6651671866 94.41
446.0602443037 94.39
452.5483399594 94.37
459.1308071395 94.36
465.8090185095 94.35
472.5843667007 94.33
479.4582646005 94.32
486.4321456477 94.31
493.5074641306 94.30
500.6856954905 94.29
507.9683366298 94.29
515.3569062238 94.28
522.8529450372 94.27
530.4580162458 94.27
538.1737057624 94.26
546.0016225673 94.26
553.9433990439 94.25
562.0006913195 94.25
570.1751796098 94.25
578.4685685703 94.24
586.882587651 94.24
595.4189914574 94.23
604.0795601163 94.23
612.8660996471 94.23
621.7804423383 94.23
630.8244471297 94.23
640 94.23
649.30901436 94.24
658.7534314519 94.30
668.3352207536 94.25
678.05638039 94.24
687.9189375493 94.25
697.9249489058 94.25
708.0765010489 94.26
718.375710918 94.27
728.8247262443 94.27
739.4257259983 94.28
750.1809208443 94.28
761.0925536018 94.30
772.1628997124 94.31
783.394267715 94.32
794.7889997271 94.34
806.3494719327 94.36
818.0780950787 94.38
829.9773149767 94.41
842.0496130136 94.44
854.2975066688 94.47
866.7235500396 94.51
879.3303343732 94.55
892.1204886074 94.58
905.0966799188 94.63
918.2616142791 94.70
931.618037019 94.77
945.1687334013 94.84
958.9165292011 94.92
972.8642912955 95.01
987.0149282611 95.10
1001.371390981 95.20
1015.9366732597 95.31
1030.7138124476 95.43
1045.7058900743 95.56
1060.9160324916 95.69
1076.3474115248 95.83
1092.0032451345 95.99
1107.8867980879 96.14
1124.0013826389 96.30
1140.3503592197 96.47
1156.9371371406 96.64
1173.765175302 96.81
1190.8379829148 96.99
1208.1591202326 97.17
1225.7321992942 97.35
1243.5608846767 97.54
1261.6488942595 97.72
1280 97.91
1298.6180287201 98.09
1317.5068629037 98.28
1336.6704415071 98.46
1356.1127607799 98.65
1375.8378750985 98.82
1395.8498978116 99.00
1416.1530020977 99.19
1436.751421836 99.36
1457.6494524886 99.54
1478.8514519966 99.71
1500.3618416887 99.88
1522.1851072035 100.05
1544.3257994247 100.21
1566.78853543 100.36
1589.5779994541 100.49
1612.6989438655 100.61
1636.1561901574 100.72
1659.9546299533 100.83
1684.0992260271 100.95
1708.5950133377 101.09
1733.4471000793 101.24
1758.6606687464 101.41
1784.2409772148 101.58
1810.1933598376 101.76
1836.5232285581 101.95
1863.2360740381 102.14
1890.3374668026 102.32
1917.8330584022 102.51
1945.7285825909 102.69
1974.0298565222 102.86
2002.742781962 103.02
2031.8733465194 103.15
2061.4276248951 103.26
2091.4117801487 103.32
2121.8320649832 103.35
2152.6948230496 103.34
2184.0064902691 103.33
2215.7735961758 103.35
2248.0027652779 103.39
2280.7007184393 103.46
2313.8742742813 103.52
2347.530350604 103.57
2381.6759658296 103.60
2416.3182404652 103.60
2451.4643985884 103.55
2487.1217693533 103.45
2523.297788519 103.31
2560.0000000001 103.16
2597.2360574402 103.02
2635.0137258074 102.89
2673.3408830143 102.77
2712.2255215599 102.65
2751.6757501971 102.55
2791.6997956232 102.47
2832.3060041955 102.41
2873.5028436721 102.37
2915.2989049772 102.33
2957.7029039931 102.29
3000.7236833774 102.25
3044.3702144071 102.19
3088.6515988494 102.09
3133.57707086 101.95
3179.1559989082 101.78
3225.397887731 101.64
3272.3123803148 101.55
3319.9092599067 101.51
3368.1984520542 101.48
3417.1900266754 101.46
3466.8942001586 101.44
3517.3213374928 101.42
3568.4819544296 101.41
3620.3867196753 101.41
3673.0464571163 101.42
3726.4721480761 101.45
3780.6749336053 101.49
3835.6661168044 101.55
3891.4571651819 101.63
3948.0597130445 101.72
4005.4855639241 101.80
4063.7466930387 101.85
4122.8552497902 101.89
4182.8235602974 101.95
4243.6641299665 102.03
4305.3896460992 102.13
4368.0129805382 102.20
4431.5471923516 102.24
4496.0055305558 102.26
4561.4014368787 102.24
4627.7485485626 102.20
4695.0607012081 102.14
4763.3519316592 102.00
4832.6364809305 101.80
4902.9287971769 101.65
4974.2435387067 101.59
5046.595577038 101.54
5120.0000000002 101.41
5194.4721148803 101.12
5270.0274516149 100.65
5346.6817660286 100.03
5424.4510431198 99.39
5503.3515003942 98.92
5583.3995912463 98.72
5664.6120083911 98.64
5747.0056873442 98.56
5830.5978099545 98.42
5915.4058079863 98.20
6001.4473667548 97.90
6088.7404288142 97.55
6177.3031976989 97.18
6267.1541417201 96.83
6358.3119978165 96.53
6450.795775462 96.29
6544.6247606297 96.13
6639.8185198134 96.03
6736.3969041085 95.97
6834.3800533509 95.95
6933.7884003172 95.96
7034.6426749857 96.04
7136.9639088592 96.27
7240.7734393506 96.66
7346.0929142326 97.18
7452.9442961523 97.78
7561.3498672106 98.42
7671.3322336089 99.06
7782.9143303638 99.69
7896.119426089 100.25
8010.9711278481 100.67
8127.4933860775 100.78
8245.7104995805 100.42
8365.6471205948 99.61
8487.328259933 98.52
8610.7792921984 97.26
8736.0259610765 95.86
8863.0943847033 94.40
8992.0110611117 93.02
9122.8028737575 91.82
9255.4970971253 90.81
9390.1214024162 89.94
9526.7038633184 89.21
9665.272961861 88.60
9805.8575943538 88.06
9948.4870774134 87.53
10093.191154076 86.97
10240.0000000005 86.49
10388.9442297607 86.17
10540.0549032298 86.01
10693.3635320572 85.96
10848.9020862397 86.00
11006.7030007884 86.02
11166.7991824927 86.11
11329.2240167822 86.47
11494.0113746885 87.02
11661.1956199091 87.73
11830.8116159726 88.54
12002.8947335097 89.49
12177.4808576284 90.43
12354.6063953979 91.26
12534.3082834402 91.98
12716.6239956331 92.38
12901.5915509241 92.15
13089.2495212594 91.58
13279.637039627 90.76
13472.7938082171 89.85
13668.7601067018 89.10
13867.5768006344 88.65
14069.2853499715 88.61
14273.9278177184 88.82
14481.5468787012 89.41
14692.1858284653 90.50
14905.8885923047 91.97
15122.6997344212 93.75
15342.6644672179 95.31
15565.8286607277 95.61
15792.2388521781 93.79
16021.9422556964 90.97
16254.9867721551 88.48
16491.4209991611 86.64
16731.2942411897 85.24
16974.656519866 84.16
17221.5585843969 83.37
17472.0519221531 82.75
17726.1887694067 82.28
17984.0221222235 81.80
18245.605747515 81.35
18510.9941942506 81.11
18780.2428048326 80.92
19053.4077266369 80.50
19330.545923722 79.88
19611.7151887077 79.02
19896.9741548268 78.54
20186.382308152 78.54
