20 95.90
20.2909066988 95.90
20.5860447329 95.90
20.8854756485 95.90
21.1892618872 95.90
21.4974667984 95.91
21.8101546533 95.91
22.1273906578 95.91
22.4492409662 95.92
22.7757726951 95.92
23.1070539374 95.92
23.4431537764 95.91
23.7841423001 95.91
24.130090616 95.90
24.4810708661 95.90
24.8371562415 95.91
25.1984209979 95.92
25.5649404712 95.93
25.936791093 95.93
26.3140504067 95.92
26.6967970834 95.92
27.0851109387 95.93
27.4790729492 95.94
27.878765269 95.95
28.2842712475 95.95
28.6956754462 95.93
29.1130636568 95.92
29.5365229188 95.91
29.9661415375 95.92
30.402009103 95.93
30.8442165082 95.93
31.2928559682 95.91
31.7480210394 95.89
32.209806639 95.87
32.6783090648 95.86
33.1536260154 95.86
33.6358566101 95.85
34.1251014105 95.82
34.6214624402 95.79
35.1250432075 95.77
35.6359487256 95.75
36.1542855356 95.73
36.6801617282 95.70
37.2136869661 95.67
37.7549725073 95.64
38.3041312279 95.61
38.8612776461 95.58
39.4265279456 95.55
40 95.51
40.5818133975 95.48
41.1720894657 95.44
41.7709512971 95.40
42.3785237744 95.35
42.9949335968 95.31
43.6203093066 95.28
44.2547813156 95.23
44.8984819324 95.17
45.5515453903 95.12
46.2141078749 95.09
46.8863075528 95.04
47.5682846001 94.97
48.260181232 94.92
48.9621417322 94.89
49.6743124829 94.85
50.3968419958 94.77
51.1298809424 94.71
51.873582186 94.69
52.6281008133 94.67
53.3935941668 94.61
54.1702218775 94.55
54.9581458983 94.50
55.757530538 94.47
56.5685424949 94.44
57.3913508924 94.36
58.2261273137 94.26
59.0730458376 94.22
59.9322830751 94.21
60.804018206 94.10
61.6884330163 94.01
62.5857119363 93.95
63.4960420787 93.90
64.419613278 93.85
65.3566181296 93.80
66.3072520307 93.75
67.2717132203 93.69
68.2502028209 93.62
69.2429248805 93.55
70.2500864149 93.49
71.2718974512 93.42
72.3085710713 93.36
73.3603234564 93.30
74.4273739322 93.24
75.5099450145 93.18
76.6082624559 93.11
77.7225552923 93.04
78.8530558912 92.96
80 92.89
81.163626795 92.81
82.3441789315 92.74
83.5419025942 92.67
84.7570475487 92.59
85.9898671937 92.52
87.2406186132 92.44
88.5095626311 92.37
89.7969638648 92.29
91.1030907805 92.22
92.4282157498 92.14
93.7726151055 92.07
95.1365692002 91.99
96.520362464 91.92
97.9242834644 91.85
99.3486249659 91.79
100.7936839916 91.72
102.2597618848 91.66
103.7471643721 91.60
105.2562016267 91.53
106.7871883336 91.46
108.340443755 91.39
109.9162917966 91.32
111.5150610759 91.26
113.1370849898 91.19
114.7827017849 91.12
116.4522546274 91.05
118.1460916752 90.99
119.8645661501 90.92
121.6080364119 90.85
123.3768660326 90.79
125.1714238726 90.72
126.9920841575 90.66
128.8392265559 90.59
130.7132362593 90.53
132.6145040614 90.47
134.5434264406 90.41
136.5004056418 90.35
138.485849761 90.29
140.5001728299 90.24
142.5437949025 90.18
144.6171421426 90.13
146.7206469127 90.08
148.8547478643 90.02
151.0198900291 89.97
153.2165249118 89.92
155.4451105846 89.87
157.7061117824 89.82
160 89.77
162.32725359 89.74
164.688357863 89.71
167.0838051884 89.69
169.5140950975 89.67
171.9797343873 89.65
174.4812372264 89.62
177.0191252622 89.59
179.5939277295 89.55
182.2061815611 89.52
184.8564314996 89.49
187.5452302111 89.45
190.2731384004 89.42
193.0407249281 89.37
195.8485669287 89.34
198.6972499318 89.30
201.5873679832 89.25
204.5195237697 89.21
207.4943287442 89.16
210.5124032534 89.12
213.5743766672 89.09
216.6808875099 89.05
219.8325835933 89.02
223.0301221518 88.99
226.2741699797 88.97
229.5654035698 88.95
232.9045092548 88.93
236.2921833503 88.92
239.7291323003 88.91
243.2160728239 88.90
246.7537320653 88.89
250.3428477452 88.88
253.9841683149 88.88
257.6784531119 88.87
261.4264725186 88.87
265.2290081229 88.87
269.0868528812 88.86
273.0008112836 88.86
276.971699522 88.86
281.0003456597 88.87
285.0875898049 88.87
289.2342842852 88.88
293.4412938255 88.89
297.7094957287 88.90
302.0397800581 88.91
306.4330498235 88.94
310.8902211692 88.95
315.4122235649 88.97
320 89.00
324.65450718 89.02
329.3767157259 89.04
334.1676103768 89.06
339.028190195 89.08
343.9594687746 89.10
348.9624744529 89.13
354.0382505244 89.15
359.187855459 89.18
364.4123631221 89.20
369.7128629991 89.23
375.0904604222 89.26
380.5462768009 89.29
386.0814498562 89.32
391.6971338575 89.35
397.3944998635 89.38
403.1747359664 89.41
409.0390475393 89.44
414.9886574883 89.46
421.0248065068 89.50
427.1487533344 89.53
433.3617750198 89.56
439.6651671866 89.60
446.0602443037 89.63
452.5483399594 89.67
459.1308071395 89.71
465.8090185095 89.76
472.5843667007 89.80
479.4582646005 89.84
486.4321456477 89.89
493.5074641306 89.93
500.6856954905 89.98
507.9683366298 90.03
515.3569062238 90.08
522.8529450372 90.13
530.4580162458 90.17
538.1737057624 90.22
546.0016225673 90.27
553.9433990439 90.32
562.0006913195 90.37
570.1751796098 90.42
578.4685685703 90.47
586.882587651 90.52
595.4189914574 90.57
604.0795601163 90.62
612.8660996471 90.67
621.7804423383 90.72
630.8244471297 90.77
640 90.82
649.30901436 90.87
658.7534314519 90.92
668.3352207536 90.97
678.05638039 91.02
687.9189375493 91.08
697.9249489058 91.13
708.0765010489 91.19
718.375710918 91.24
728.8247262443 91.29
739.4257259983 91.35
750.1809208443 91.41
761.0925536018 91.47
772.1628997124 91.53
783.394267715 91.59
794.7889997271 91.65
806.3494719327 91.72
818.0780950787 91.79
829.9773149767 91.86
842.0496130136 91.93
854.2975066688 92.01
866.7235500396 92.09
879.3303343732 92.18
892.1204886074 92.27
905.0966799188 92.37
918.2616142791 92.47
931.618037019 92.58
945.1687334013 92.69
958.9165292011 92.82
972.8642912955 92.94
987.0149282611 93.08
1001.371390981 93.22
1015.9366732597 93.38
1030.7138124476 93.53
1045.7058900743 93.70
1060.9160324916 93.87
1076.3474115248 94.05
1092.0032451345 94.23
1107.8867980879 94.42
1124.0013826389 94.61
1140.3503592197 94.80
1156.9371371406 94.99
1173.765175302 95.18
1190.8379829148 95.37
1208.1591202326 95.56
1225.7321992942 95.74
1243.5608846767 95.92
1261.6488942595 96.10
1280 96.27
1298.6180287201 96.43
1317.5068629037 96.59
1336.6704415071 96.73
1356.1127607799 96.87
1375.8378750985 97.01
1395.8498978116 97.13
1416.1530020977 97.24
1436.751421836 97.35
1457.6494524886 97.46
1478.8514519966 97.55
1500.3618416887 97.64
1522.1851072035 97.72
1544.3257994247 97.80
1566.78853543 97.88
1589.5779994541 97.95
1612.6989438655 98.03
1636.1561901574 98.11
1659.9546299533 98.21
1684.0992260271 98.33
1708.5950133377 98.44
1733.4471000793 98.55
1758.6606687464 98.64
1784.2409772148 98.72
1810.1933598376 98.81
1836.5232285581 98.90
1863.2360740381 98.98
1890.3374668026 99.07
1917.8330584022 99.17
1945.7285825909 99.27
1974.0298565222 99.36
2002.742781962 99.44
2031.8733465194 99.53
2061.4276248951 99.60
2091.4117801487 99.68
2121.8320649832 99.77
2152.6948230496 99.87
2184.0064902691 99.98
2215.7735961758 100.11
2248.0027652779 100.25
2280.7007184393 100.40
2313.8742742813 100.57
2347.530350604 100.77
2381.6759658296 101.02
2416.3182404652 101.32
2451.4643985884 101.65
2487.1217693533 101.97
2523.297788519 102.27
2560.0000000001 102.56
2597.2360574402 102.86
2635.0137258074 103.17
2673.3408830143 103.48
2712.2255215599 103.75
2751.6757501971 103.93
2791.6997956232 104.04
2832.3060041955 104.05
2873.5028436721 104.00
2915.2989049772 103.90
2957.7029039931 103.74
3000.7236833774 103.56
3044.3702144071 103.34
3088.6515988494 103.11
3133.57707086 102.86
3179.1559989082 102.61
3225.397887731 102.34
3272.3123803148 102.06
3319.9092599067 101.78
3368.1984520542 101.52
3417.1900266754 101.28
3466.8942001586 101.07
3517.3213374928 100.87
3568.4819544296 100.68
3620.3867196753 100.51
3673.0464571163 100.34
3726.4721480761 100.18
3780.6749336053 100.04
3835.6661168044 99.90
3891.4571651819 99.78
3948.0597130445 99.68
4005.4855639241 99.59
4063.7466930387 99.51
4122.8552497902 99.44
4182.8235602974 99.39
4243.6641299665 99.36
4305.3896460992 99.33
4368.0129805382 99.32
4431.5471923516 99.32
4496.0055305558 99.33
4561.4014368787 99.35
4627.7485485626 99.37
4695.0607012081 99.40
4763.3519316592 99.43
4832.6364809305 99.46
4902.9287971769 99.49
4974.2435387067 99.51
5046.595577038 99.52
5120.0000000002 99.51
5194.4721148803 99.47
5270.0274516149 99.41
5346.6817660286 99.34
5424.4510431198 99.25
5503.3515003942 99.14
5583.3995912463 99.02
5664.6120083911 98.86
5747.0056873442 98.69
5830.5978099545 98.51
5915.4058079863 98.31
6001.4473667548 98.09
6088.7404288142 97.87
6177.3031976989 97.63
6267.1541417201 97.38
6358.3119978165 97.12
6450.795775462 96.85
6544.6247606297 96.57
6639.8185198134 96.28
6736.3969041085 96.00
6834.3800533509 95.74
6933.7884003172 95.50
7034.6426749857 95.32
7136.9639088592 95.20
7240.7734393506 95.13
7346.0929142326 95.15
7452.9442961523 95.25
7561.3498672106 95.39
7671.3322336089 95.54
7782.9143303638 95.66
7896.119426089 95.73
8010.9711278481 95.65
8127.4933860775 95.35
8245.7104995805 94.81
8365.6471205948 94.07
8487.328259933 93.19
8610.7792921984 92.21
8736.0259610765 91.16
8863.0943847033 90.09
8992.0110611117 89.08
9122.8028737575 88.14
9255.4970971253 87.27
9390.1214024162 86.41
9526.7038633184 85.92
9665.272961861 85.46
9805.8575943538 85.07
9948.4870774134 84.79
10093.191154076 84.66
10240.0000000005 84.64
10388.9442297607 84.73
10540.0549032298 84.94
10693.3635320572 85.25
10848.9020862397 85.67
11006.7030007884 86.15
11166.7991824927 86.59
11329.2240167822 86.84
11494.0113746885 86.84
11661.1956199091 86.44
11830.8116159726 85.82
12002.8947335097 85.00
12177.4808576284 84.13
12354.6063953979 83.22
12534.3082834402 82.27
12716.6239956331 81.24
12901.5915509241 80.15
13089.2495212594 79.02
13279.637039627 77.88
13472.7938082171 76.87
13668.7601067018 75.97
13867.5768006344 75.27
14069.2853499715 74.77
14273.9278177184 74.42
14481.5468787012 74.29
14692.1858284653 74.71
14905.8885923047 75.79
15122.6997344212 77.30
15342.6644672179 79.09
15565.8286607277 80.94
15792.2388521781 82.26
16021.9422556964 82.50
16254.9867721551 81.92
16491.4209991611 75.99
16731.2942411897 78.63
16974.656519866 78.87
17221.5585843969 78.91
17472.0519221531 76.65
17726.1887694067 73.17
17984.0221222235 68.49
18245.605747515 65.99
18510.9941942506 64.88
18780.2428048326 64.83
19053.4077266369 64.65
19330.545923722 64.03
19611.7151887077 62.40
19896.9741548268 61.11
20186.382308152 61.11
