20 97.46
20.2909066988 97.46
20.5860447329 97.45
20.8854756485 97.43
21.1892618872 97.42
21.4974667984 97.42
21.8101546533 97.42
22.1273906578 97.42
22.4492409662 97.44
22.7757726951 97.46
23.1070539374 97.50
23.4431537764 97.54
23.7841423001 97.58
24.130090616 97.62
24.4810708661 97.63
24.8371562415 97.63
25.1984209979 97.61
25.5649404712 97.60
25.936791093 97.60
26.3140504067 97.61
26.6967970834 97.64
27.0851109387 97.66
27.4790729492 97.67
27.878765269 97.67
28.2842712475 97.67
28.6956754462 97.67
29.1130636568 97.67
29.5365229188 97.68
29.9661415375 97.68
30.402009103 97.68
30.8442165082 97.68
31.2928559682 97.69
31.7480210394 97.69
32.209806639 97.70
32.6783090648 97.69
33.1536260154 97.69
33.6358566101 97.68
34.1251014105 97.68
34.6214624402 97.67
35.1250432075 97.67
35.6359487256 97.65
36.1542855356 97.64
36.6801617282 97.62
37.2136869661 97.60
37.7549725073 97.59
38.3041312279 97.57
38.8612776461 97.56
39.4265279456 97.54
40 97.52
40.5818133975 97.50
41.1720894657 97.47
41.7709512971 97.44
42.3785237744 97.42
42.9949335968 97.40
43.6203093066 97.38
44.2547813156 97.35
44.8984819324 97.32
45.5515453903 97.28
46.2141078749 97.24
46.8863075528 97.21
47.5682846001 97.18
48.260181232 97.15
48.9621417322 97.12
49.6743124829 97.08
50.3968419958 97.05
51.1298809424 97.01
51.873582186 96.98
52.6281008133 96.94
53.3935941668 96.90
54.1702218775 96.86
54.9581458983 96.83
55.757530538 96.79
56.5685424949 96.75
57.3913508924 96.70
58.2261273137 96.66
59.0730458376 96.62
59.9322830751 96.61
60.804018206 96.56
61.6884330163 96.49
62.5857119363 96.45
63.4960420787 96.40
64.419613278 96.36
65.3566181296 96.32
66.3072520307 96.27
67.2717132203 96.23
68.2502028209 96.18
69.2429248805 96.14
70.2500864149 96.09
71.2718974512 96.03
72.3085710713 95.98
73.3603234564 95.93
74.4273739322 95.87
75.5099450145 95.81
76.6082624559 95.76
77.7225552923 95.69
78.8530558912 95.63
80 95.57
81.163626795 95.51
82.3441789315 95.44
83.5419025942 95.37
84.7570475487 95.31
85.9898671937 95.24
87.2406186132 95.16
88.5095626311 95.09
89.7969638648 95.03
91.1030907805 94.95
92.4282157498 94.88
93.7726151055 94.81
95.1365692002 94.74
96.520362464 94.67
97.9242834644 94.61
99.3486249659 94.54
100.7936839916 94.48
102.2597618848 94.42
103.7471643721 94.35
105.2562016267 94.29
106.7871883336 94.22
108.340443755 94.14
109.9162917966 94.07
111.5150610759 94.00
113.1370849898 93.93
114.7827017849 93.85
116.4522546274 93.78
118.1460916752 93.71
119.8645661501 93.64
121.6080364119 93.56
123.3768660326 93.49
125.1714238726 93.42
126.9920841575 93.34
128.8392265559 93.27
130.7132362593 93.20
132.6145040614 93.13
134.5434264406 93.06
136.5004056418 92.99
138.485849761 92.92
140.5001728299 92.85
142.5437949025 92.79
144.6171421426 92.72
146.7206469127 92.66
148.8547478643 92.60
151.0198900291 92.53
153.2165249118 92.47
155.4451105846 92.41
157.7061117824 92.36
160 92.30
162.32725359 92.25
164.688357863 92.17
167.0838051884 92.11
169.5140950975 92.05
171.9797343873 91.98
174.4812372264 91.92
177.0191252622 91.87
179.5939277295 91.81
182.2061815611 91.76
184.8564314996 91.70
187.5452302111 91.64
190.2731384004 91.58
193.0407249281 91.52
195.8485669287 91.46
198.6972499318 91.39
201.5873679832 91.32
204.5195237697 91.26
207.4943287442 91.20
210.5124032534 91.14
213.5743766672 91.08
216.6808875099 91.02
219.8325835933 90.97
223.0301221518 90.91
226.2741699797 90.87
229.5654035698 90.83
232.9045092548 90.79
236.2921833503 90.75
239.7291323003 90.72
243.2160728239 90.69
246.7537320653 90.66
250.3428477452 90.63
253.9841683149 90.59
257.6784531119 90.56
261.4264725186 90.53
265.2290081229 90.50
269.0868528812 90.47
273.0008112836 90.45
276.971699522 90.43
281.0003456597 90.41
285.0875898049 90.38
289.2342842852 90.35
293.4412938255 90.33
297.7094957287 90.30
302.0397800581 90.28
306.4330498235 90.25
310.8902211692 90.23
315.4122235649 90.21
320 90.19
324.65450718 90.17
329.3767157259 90.15
334.1676103768 90.13
339.028190195 90.11
343.9594687746 90.09
348.9624744529 90.07
354.0382505244 90.04
359.187855459 90.02
364.4123631221 89.99
369.7128629991 89.97
375.0904604222 89.94
380.5462768009 89.92
386.0814498562 89.89
391.6971338575 89.87
397.3944998635 89.85
403.1747359664 89.84
409.0390475393 89.83
414.9886574883 89.83
421.0248065068 89.82
427.1487533344 89.81
433.3617750198 89.79
439.6651671866 89.78
446.0602443037 89.76
452.5483399594 89.75
459.1308071395 89.76
465.8090185095 89.79
472.5843667007 89.88
479.4582646005 89.89
486.4321456477 89.81
493.5074641306 89.72
500.6856954905 89.67
507.9683366298 89.68
515.3569062238 89.65
522.8529450372 89.63
530.4580162458 89.62
538.1737057624 89.62
546.0016225673 89.61
553.9433990439 89.60
562.0006913195 89.60
570.1751796098 89.59
578.4685685703 89.58
586.882587651 89.57
595.4189914574 89.56
604.0795601163 89.55
612.8660996471 89.54
621.7804423383 89.53
630.8244471297 89.51
640 89.50
649.30901436 89.49
658.7534314519 89.48
668.3352207536 89.46
678.05638039 89.44
687.9189375493 89.42
697.9249489058 89.40
708.0765010489 89.38
718.375710918 89.36
728.8247262443 89.34
739.4257259983 89.33
750.1809208443 89.31
761.0925536018 89.31
772.1628997124 89.30
783.394267715 89.30
794.7889997271 89.30
806.3494719327 89.30
818.0780950787 89.30
829.9773149767 89.30
842.0496130136 89.30
854.2975066688 89.29
866.7235500396 89.29
879.3303343732 89.29
892.1204886074 89.30
905.0966799188 89.32
918.2616142791 89.35
931.618037019 89.39
945.1687334013 89.44
958.9165292011 89.50
972.8642912955 89.57
987.0149282611 89.64
1001.371390981 89.73
1015.9366732597 89.82
1030.7138124476 89.93
1045.7058900743 90.04
1060.9160324916 90.17
1076.3474115248 90.30
1092.0032451345 90.44
1107.8867980879 90.58
1124.0013826389 90.73
1140.3503592197 90.88
1156.9371371406 91.03
1173.765175302 91.19
1190.8379829148 91.34
1208.1591202326 91.50
1225.7321992942 91.66
1243.5608846767 91.82
1261.6488942595 91.97
1280 92.12
1298.6180287201 92.27
1317.5068629037 92.41
1336.6704415071 92.54
1356.1127607799 92.67
1375.8378750985 92.80
1395.8498978116 92.92
1416.1530020977 93.03
1436.751421836 93.14
1457.6494524886 93.25
1478.8514519966 93.35
1500.3618416887 93.45
1522.1851072035 93.55
1544.3257994247 93.65
1566.78853543 93.74
1589.5779994541 93.84
1612.6989438655 93.94
1636.1561901574 94.04
1659.9546299533 94.14
1684.0992260271 94.26
1708.5950133377 94.37
1733.4471000793 94.48
1758.6606687464 94.60
1784.2409772148 94.73
1810.1933598376 94.85
1836.5232285581 94.99
1863.2360740381 95.13
1890.3374668026 95.28
1917.8330584022 95.42
1945.7285825909 95.57
1974.0298565222 95.73
2002.742781962 95.87
2031.8733465194 96.03
2061.4276248951 96.19
2091.4117801487 96.34
2121.8320649832 96.50
2152.6948230496 96.65
2184.0064902691 96.79
2215.7735961758 96.94
2248.0027652779 97.08
2280.7007184393 97.20
2313.8742742813 97.32
2347.530350604 97.42
2381.6759658296 97.52
2416.3182404652 97.60
2451.4643985884 97.67
2487.1217693533 97.72
2523.297788519 97.76
2560.0000000001 97.78
2597.2360574402 97.78
2635.0137258074 97.76
2673.3408830143 97.72
2712.2255215599 97.66
2751.6757501971 97.58
2791.6997956232 97.48
2832.3060041955 97.34
2873.5028436721 97.19
2915.2989049772 97.02
2957.7029039931 96.85
3000.7236833774 96.66
3044.3702144071 96.46
3088.6515988494 96.26
3133.57707086 96.05
3179.1559989082 95.86
3225.397887731 95.66
3272.3123803148 95.47
3319.9092599067 95.28
3368.1984520542 95.10
3417.1900266754 94.93
3466.8942001586 94.77
3517.3213374928 94.62
3568.4819544296 94.50
3620.3867196753 94.40
3673.0464571163 94.32
3726.4721480761 94.25
3780.6749336053 94.20
3835.6661168044 94.18
3891.4571651819 94.18
3948.0597130445 94.19
4005.4855639241 94.23
4063.7466930387 94.30
4122.8552497902 94.37
4182.8235602974 94.47
4243.6641299665 94.58
4305.3896460992 94.69
4368.0129805382 94.80
4431.5471923516 94.91
4496.0055305558 95.01
4561.4014368787 95.09
4627.7485485626 95.14
4695.0607012081 95.15
4763.3519316592 95.10
4832.6364809305 95.00
4902.9287971769 94.82
4974.2435387067 94.60
5046.595577038 94.34
5120.0000000002 94.10
5194.4721148803 93.92
5270.0274516149 93.86
5346.6817660286 93.93
5424.4510431198 94.12
5503.3515003942 94.40
5583.3995912463 94.72
5664.6120083911 95.03
5747.0056873442 95.31
5830.5978099545 95.55
5915.4058079863 95.73
6001.4473667548 95.85
6088.7404288142 95.87
6177.3031976989 95.80
6267.1541417201 95.64
6358.3119978165 95.38
6450.795775462 95.05
6544.6247606297 94.67
6639.8185198134 94.26
6736.3969041085 93.85
6834.3800533509 93.47
6933.7884003172 93.15
7034.6426749857 92.91
7136.9639088592 92.78
7240.7734393506 92.76
7346.0929142326 92.80
7452.9442961523 92.89
7561.3498672106 93.02
7671.3322336089 93.15
7782.9143303638 93.25
7896.119426089 93.27
8010.9711278481 93.24
8127.4933860775 93.09
8245.7104995805 92.78
8365.6471205948 92.39
8487.328259933 91.92
8610.7792921984 91.36
8736.0259610765 90.67
8863.0943847033 89.90
8992.0110611117 89.08
9122.8028737575 88.31
9255.4970971253 87.61
9390.1214024162 86.98
9526.7038633184 86.48
9665.272961861 86.07
9805.8575943538 85.73
9948.4870774134 85.48
10093.191154076 85.33
10240.0000000005 85.25
10388.9442297607 85.26
10540.0549032298 85.35
10693.3635320572 85.50
10848.9020862397 85.71
11006.7030007884 86.04
11166.7991824927 86.41
11329.2240167822 86.77
11494.0113746885 87.12
11661.1956199091 87.56
11830.8116159726 88.04
12002.8947335097 88.52
12177.4808576284 89.00
12354.6063953979 89.48
12534.3082834402 89.94
12716.6239956331 90.28
12901.5915509241 90.32
13089.2495212594 90.17
13279.637039627 89.82
13472.7938082171 89.34
13668.7601067018 88.89
13867.5768006344 88.58
14069.2853499715 88.46
14273.9278177184 88.48
14481.5468787012 88.74
14692.1858284653 89.22
14905.8885923047 89.83
15122.6997344212 90.42
15342.6644672179 90.78
15565.8286607277 90.64
15792.2388521781 89.86
16021.9422556964 88.61
16254.9867721551 87.21
16491.4209991611 86.01
16731.2942411897 85.07
16974.656519866 84.38
17221.5585843969 83.87
17472.0519221531 83.53
17726.1887694067 83.52
17984.0221222235 83.79
18245.605747515 84.21
18510.9941942506 84.33
18780.2428048326 83.62
19053.4077266369 81.77
19330.545923722 79.07
19611.7151887077 75.89
19896.9741548268 74.25
20186.382308152 74.25
