20 104.98
20.2909066988 104.98
20.5860447329 105.01
20.8854756485 105.03
21.1892618872 105.05
21.4974667984 105.08
21.8101546533 105.12
22.1273906578 105.15
22.4492409662 105.20
22.7757726951 105.23
23.1070539374 105.27
23.4431537764 105.30
23.7841423001 105.33
24.130090616 105.36
24.4810708661 105.39
24.8371562415 105.42
25.1984209979 105.45
25.5649404712 105.48
25.936791093 105.51
26.3140504067 105.54
26.6967970834 105.56
27.0851109387 105.58
27.4790729492 105.61
27.878765269 105.63
28.2842712475 105.64
28.6956754462 105.66
29.1130636568 105.68
29.5365229188 105.71
29.9661415375 105.73
30.402009103 105.76
30.8442165082 105.78
31.2928559682 105.79
31.7480210394 105.80
32.209806639 105.81
32.6783090648 105.82
33.1536260154 105.83
33.6358566101 105.84
34.1251014105 105.84
34.6214624402 105.85
35.1250432075 105.84
35.6359487256 105.84
36.1542855356 105.84
36.6801617282 105.84
37.2136869661 105.83
37.7549725073 105.82
38.3041312279 105.81
38.8612776461 105.79
39.4265279456 105.77
40 105.74
40.5818133975 105.74
41.1720894657 105.74
41.7709512971 105.72
42.3785237744 105.69
42.9949335968 105.66
43.6203093066 105.65
44.2547813156 105.63
44.8984819324 105.61
45.5515453903 105.58
46.2141078749 105.55
46.8863075528 105.53
47.5682846001 105.50
48.260181232 105.47
48.9621417322 105.44
49.6743124829 105.41
50.3968419958 105.38
51.1298809424 105.34
51.873582186 105.30
52.6281008133 105.27
53.3935941668 105.24
54.1702218775 105.21
54.9581458983 105.17
55.757530538 105.13
56.5685424949 105.09
57.3913508924 105.05
58.2261273137 105.01
59.0730458376 104.97
59.9322830751 104.92
60.804018206 104.88
61.6884330163 104.84
62.5857119363 104.81
63.4960420787 104.77
64.419613278 104.72
65.3566181296 104.68
66.3072520307 104.65
67.2717132203 104.60
68.2502028209 104.55
69.2429248805 104.50
70.2500864149 104.46
71.2718974512 104.41
72.3085710713 104.36
73.3603234564 104.31
74.4273739322 104.25
75.5099450145 104.20
76.6082624559 104.14
77.7225552923 104.08
78.8530558912 104.02
80 103.97
81.163626795 103.90
82.3441789315 103.84
83.5419025942 103.77
84.7570475487 103.70
85.9898671937 103.63
87.2406186132 103.57
88.5095626311 103.50
89.7969638648 103.43
91.1030907805 103.36
92.4282157498 103.29
93.7726151055 103.23
95.1365692002 103.15
96.520362464 103.08
97.9242834644 103.02
99.3486249659 102.96
100.7936839916 102.91
102.2597618848 102.86
103.7471643721 102.81
105.2562016267 102.75
106.7871883336 102.69
108.340443755 102.63
109.9162917966 102.57
111.5150610759 102.51
113.1370849898 102.44
114.7827017849 102.37
116.4522546274 102.31
118.1460916752 102.23
119.8645661501 102.14
121.6080364119 102.08
123.3768660326 102.01
125.1714238726 101.93
126.9920841575 101.86
128.8392265559 101.78
130.7132362593 101.71
132.6145040614 101.63
134.5434264406 101.56
136.5004056418 101.48
138.485849761 101.41
140.5001728299 101.33
142.5437949025 101.26
144.6171421426 101.19
146.7206469127 101.12
148.8547478643 101.04
151.0198900291 100.96
153.2165249118 100.88
155.4451105846 100.80
157.7061117824 100.71
160 100.62
162.32725359 100.53
164.688357863 100.44
167.0838051884 100.34
169.5140950975 100.24
171.9797343873 100.15
174.4812372264 100.07
177.0191252622 100.03
179.5939277295 100.01
182.2061815611 100.03
184.8564314996 100.07
187.5452302111 100.12
190.2731384004 100.11
193.0407249281 100.08
195.8485669287 100.02
198.6972499318 99.94
201.5873679832 99.85
204.5195237697 99.77
207.4943287442 99.68
210.5124032534 99.59
213.5743766672 99.50
216.6808875099 99.42
219.8325835933 99.33
223.0301221518 99.25
226.2741699797 99.18
229.5654035698 99.11
232.9045092548 99.03
236.2921833503 98.97
239.7291323003 98.94
243.2160728239 98.84
246.7537320653 98.77
250.3428477452 98.70
253.9841683149 98.64
257.6784531119 98.57
261.4264725186 98.51
265.2290081229 98.44
269.0868528812 98.37
273.0008112836 98.31
276.971699522 98.25
281.0003456597 98.18
285.0875898049 98.12
289.2342842852 98.07
293.4412938255 98.01
297.7094957287 97.94
302.0397800581 97.88
306.4330498235 97.82
310.8902211692 97.77
315.4122235649 97.72
320 97.66
324.65450718 97.61
329.3767157259 97.55
334.1676103768 97.50
339.028190195 97.44
343.9594687746 97.39
348.9624744529 97.34
354.0382505244 97.28
359.187855459 97.23
364.4123631221 97.18
369.7128629991 97.13
375.0904604222 97.10
380.5462768009 97.06
386.0814498562 97.04
391.6971338575 97.02
397.3944998635 97.01
403.1747359664 96.99
409.0390475393 96.96
414.9886574883 96.92
421.0248065068 96.87
427.1487533344 96.82
433.3617750198 96.76
439.6651671866 96.71
446.0602443037 96.66
452.5483399594 96.62
459.1308071395 96.57
465.8090185095 96.52
472.5843667007 96.48
479.4582646005 96.44
486.4321456477 96.40
493.5074641306 96.36
500.6856954905 96.32
507.9683366298 96.28
515.3569062238 96.24
522.8529450372 96.20
530.4580162458 96.17
538.1737057624 96.14
546.0016225673 96.10
553.9433990439 96.07
562.0006913195 96.04
570.1751796098 96.01
578.4685685703 95.98
586.882587651 95.95
595.4189914574 95.93
604.0795601163 95.91
612.8660996471 95.89
621.7804423383 95.88
630.8244471297 95.87
640 95.88
649.30901436 95.89
658.7534314519 95.90
668.3352207536 95.93
678.05638039 95.97
687.9189375493 96.02
697.9249489058 96.08
708.0765010489 96.15
718.375710918 96.22
728.8247262443 96.30
739.4257259983 96.38
750.1809208443 96.46
761.0925536018 96.53
772.1628997124 96.60
783.394267715 96.66
794.7889997271 96.71
806.3494719327 96.76
818.0780950787 96.80
829.9773149767 96.83
842.0496130136 96.87
854.2975066688 96.90
866.7235500396 96.94
879.3303343732 96.97
892.1204886074 97.01
905.0966799188 97.05
918.2616142791 97.09
931.618037019 97.14
945.1687334013 97.20
958.9165292011 97.26
972.8642912955 97.33
987.0149282611 97.41
1001.371390981 97.50
1015.9366732597 97.60
1030.7138124476 97.71
1045.7058900743 97.84
1060.9160324916 97.99
1076.3474115248 98.14
1092.0032451345 98.29
1107.8867980879 98.45
1124.0013826389 98.62
1140.3503592197 98.79
1156.9371371406 98.96
1173.765175302 99.12
1190.8379829148 99.26
1208.1591202326 99.42
1225.7321992942 99.59
1243.5608846767 99.77
1261.6488942595 99.95
1280 100.14
1298.6180287201 100.31
1317.5068629037 100.49
1336.6704415071 100.67
1356.1127607799 100.84
1375.8378750985 101.00
1395.8498978116 101.16
1416.1530020977 101.31
1436.751421836 101.46
1457.6494524886 101.61
1478.8514519966 101.75
1500.3618416887 101.89
1522.1851072035 102.03
1544.3257994247 102.17
1566.78853543 102.30
1589.5779994541 102.44
1612.6989438655 102.58
1636.1561901574 102.71
1659.9546299533 102.85
1684.0992260271 102.99
1708.5950133377 103.13
1733.4471000793 103.28
1758.6606687464 103.42
1784.2409772148 103.57
1810.1933598376 103.71
1836.5232285581 103.86
1863.2360740381 104.02
1890.3374668026 104.17
1917.8330584022 104.32
1945.7285825909 104.47
1974.0298565222 104.62
2002.742781962 104.77
2031.8733465194 104.92
2061.4276248951 105.06
2091.4117801487 105.20
2121.8320649832 105.34
2152.6948230496 105.47
2184.0064902691 105.60
2215.7735961758 105.72
2248.0027652779 105.84
2280.7007184393 105.94
2313.8742742813 106.04
2347.530350604 106.13
2381.6759658296 106.22
2416.3182404652 106.29
2451.4643985884 106.35
2487.1217693533 106.41
2523.297788519 106.45
2560.0000000001 106.49
2597.2360574402 106.52
2635.0137258074 106.54
2673.3408830143 106.55
2712.2255215599 106.56
2751.6757501971 106.56
2791.6997956232 106.56
2832.3060041955 106.55
2873.5028436721 106.54
2915.2989049772 106.52
2957.7029039931 106.51
3000.7236833774 106.49
3044.3702144071 106.46
3088.6515988494 106.43
3133.57707086 106.40
3179.1559989082 106.37
3225.397887731 106.33
3272.3123803148 106.29
3319.9092599067 106.24
3368.1984520542 106.19
3417.1900266754 106.13
3466.8942001586 106.07
3517.3213374928 106.01
3568.4819544296 105.94
3620.3867196753 105.87
3673.0464571163 105.80
3726.4721480761 105.73
3780.6749336053 105.65
3835.6661168044 105.57
3891.4571651819 105.48
3948.0597130445 105.38
4005.4855639241 105.27
4063.7466930387 105.15
4122.8552497902 105.02
4182.8235602974 104.87
4243.6641299665 104.71
4305.3896460992 104.52
4368.0129805382 104.32
4431.5471923516 104.09
4496.0055305558 103.84
4561.4014368787 103.58
4627.7485485626 103.29
4695.0607012081 102.99
4763.3519316592 102.67
4832.6364809305 102.34
4902.9287971769 102.00
4974.2435387067 101.64
5046.595577038 101.26
5120.0000000002 100.88
5194.4721148803 100.49
5270.0274516149 100.09
5346.6817660286 99.70
5424.4510431198 99.31
5503.3515003942 98.93
5583.3995912463 98.57
5664.6120083911 98.22
5747.0056873442 97.88
5830.5978099545 97.55
5915.4058079863 97.24
6001.4473667548 96.96
6088.7404288142 96.70
6177.3031976989 96.47
6267.1541417201 96.28
6358.3119978165 96.14
6450.795775462 96.03
6544.6247606297 95.96
6639.8185198134 95.96
6736.3969041085 96.01
6834.3800533509 96.12
6933.7884003172 96.31
7034.6426749857 96.57
7136.9639088592 96.92
7240.7734393506 97.35
7346.0929142326 97.84
7452.9442961523 98.39
7561.3498672106 98.99
7671.3322336089 99.62
7782.9143303638 100.23
7896.119426089 100.74
8010.9711278481 101.01
8127.4933860775 100.93
8245.7104995805 100.47
8365.6471205948 99.72
8487.328259933 98.83
8610.7792921984 97.86
8736.0259610765 96.86
8863.0943847033 95.87
8992.0110611117 94.94
9122.8028737575 94.07
9255.4970971253 93.33
9390.1214024162 92.59
9526.7038633184 91.97
9665.272961861 91.42
9805.8575943538 90.94
9948.4870774134 90.52
10093.191154076 90.16
10240.0000000005 89.86
10388.9442297607 89.62
10540.0549032298 89.44
10693.3635320572 89.32
10848.9020862397 89.27
11006.7030007884 89.28
11166.7991824927 89.39
11329.2240167822 89.68
11494.0113746885 90.14
11661.1956199091 90.96
11830.8116159726 91.92
12002.8947335097 92.97
12177.4808576284 93.80
12354.6063953979 94.05
12534.3082834402 93.84
12716.6239956331 93.13
12901.5915509241 92.24
13089.2495212594 91.30
13279.637039627 90.48
13472.7938082171 89.85
13668.7601067018 89.44
13867.5768006344 89.32
14069.2853499715 89.52
14273.9278177184 89.92
14481.5468787012 90.61
14692.1858284653 91.44
14905.8885923047 92.27
15122.6997344212 93.08
15342.6644672179 93.80
15565.8286607277 94.33
15792.2388521781 94.47
16021.9422556964 94.09
16254.9867721551 93.35
16491.4209991611 92.28
16731.2942411897 90.74
16974.656519866 88.95
17221.5585843969 86.47
17472.0519221531 85.20
17726.1887694067 83.65
17984.0221222235 82.62
18245.605747515 82.27
18510.9941942506 82.10
18780.2428048326 82.14
19053.4077266369 82.52
19330.545923722 82.86
19611.7151887077 82.41
19896.9741548268 81.81
20186.382308152 81.81
