20 102.28
20.2909066988 102.28
20.5860447329 102.31
20.8854756485 102.34
21.1892618872 102.37
21.4974667984 102.41
21.8101546533 102.46
22.1273906578 102.51
22.4492409662 102.56
22.7757726951 102.61
23.1070539374 102.65
23.4431537764 102.69
23.7841423001 102.72
24.130090616 102.75
24.4810708661 102.79
24.8371562415 102.82
25.1984209979 102.86
25.5649404712 102.90
25.936791093 102.94
26.3140504067 102.99
26.6967970834 103.04
27.0851109387 103.10
27.4790729492 103.16
27.878765269 103.21
28.2842712475 103.25
28.6956754462 103.28
29.1130636568 103.30
29.5365229188 103.33
29.9661415375 103.36
30.402009103 103.40
30.8442165082 103.42
31.2928559682 103.44
31.7480210394 103.46
32.209806639 103.50
32.6783090648 103.54
33.1536260154 103.58
33.6358566101 103.62
34.1251014105 103.64
34.6214624402 103.66
35.1250432075 103.67
35.6359487256 103.67
36.1542855356 103.68
36.6801617282 103.69
37.2136869661 103.70
37.7549725073 103.72
38.3041312279 103.73
38.8612776461 103.75
39.4265279456 103.77
40 103.77
40.5818133975 103.78
41.1720894657 103.78
41.7709512971 103.79
42.3785237744 103.79
42.9949335968 103.80
43.6203093066 103.80
44.2547813156 103.80
44.8984819324 103.79
45.5515453903 103.78
46.2141078749 103.78
46.8863075528 103.79
47.5682846001 103.78
48.260181232 103.77
48.9621417322 103.78
49.6743124829 103.80
50.3968419958 103.80
51.1298809424 103.80
51.873582186 103.81
52.6281008133 103.82
53.3935941668 103.82
54.1702218775 103.81
54.9581458983 103.80
55.757530538 103.79
56.5685424949 103.79
57.3913508924 103.79
58.2261273137 103.79
59.0730458376 103.76
59.9322830751 103.75
60.804018206 103.77
61.6884330163 103.76
62.5857119363 103.77
63.4960420787 103.79
64.419613278 103.79
65.3566181296 103.78
66.3072520307 103.78
67.2717132203 103.78
68.2502028209 103.77
69.2429248805 103.76
70.2500864149 103.75
71.2718974512 103.73
72.3085710713 103.71
73.3603234564 103.70
74.4273739322 103.68
75.5099450145 103.66
76.6082624559 103.65
77.7225552923 103.63
78.8530558912 103.60
80 103.59
81.163626795 103.58
82.3441789315 103.57
83.5419025942 103.55
84.7570475487 103.53
85.9898671937 103.52
87.2406186132 103.50
88.5095626311 103.49
89.7969638648 103.47
91.1030907805 103.46
92.4282157498 103.44
93.7726151055 103.42
95.1365692002 103.41
96.520362464 103.39
97.9242834644 103.38
99.3486249659 103.37
100.7936839916 103.36
102.2597618848 103.36
103.7471643721 103.35
105.2562016267 103.33
106.7871883336 103.32
108.340443755 103.30
109.9162917966 103.28
111.5150610759 103.26
113.1370849898 103.23
114.7827017849 103.20
116.4522546274 103.17
118.1460916752 103.13
119.8645661501 103.09
121.6080364119 103.07
123.3768660326 103.05
125.1714238726 103.01
126.9920841575 102.98
128.8392265559 102.94
130.7132362593 102.91
132.6145040614 102.88
134.5434264406 102.84
136.5004056418 102.81
138.485849761 102.79
140.5001728299 102.79
142.5437949025 102.81
144.6171421426 102.84
146.7206469127 102.87
148.8547478643 102.89
151.0198900291 102.89
153.2165249118 102.88
155.4451105846 102.86
157.7061117824 102.84
160 102.81
162.32725359 102.79
164.688357863 102.78
167.0838051884 102.77
169.5140950975 102.76
171.9797343873 102.74
174.4812372264 102.73
177.0191252622 102.72
179.5939277295 102.70
182.2061815611 102.68
184.8564314996 102.66
187.5452302111 102.63
190.2731384004 102.61
193.0407249281 102.58
195.8485669287 102.55
198.6972499318 102.52
201.5873679832 102.49
204.5195237697 102.46
207.4943287442 102.43
210.5124032534 102.39
213.5743766672 102.36
216.6808875099 102.34
219.8325835933 102.31
223.0301221518 102.29
226.2741699797 102.27
229.5654035698 102.25
232.9045092548 102.23
236.2921833503 102.22
239.7291323003 102.22
243.2160728239 102.19
246.7537320653 102.18
250.3428477452 102.17
253.9841683149 102.16
257.6784531119 102.15
261.4264725186 102.14
265.2290081229 102.13
269.0868528812 102.12
273.0008112836 102.11
276.971699522 102.10
281.0003456597 102.09
285.0875898049 102.08
289.2342842852 102.07
293.4412938255 102.06
297.7094957287 102.04
302.0397800581 102.04
306.4330498235 102.04
310.8902211692 102.03
315.4122235649 102.03
320 102.02
324.65450718 102.02
329.3767157259 102.02
334.1676103768 102.01
339.028190195 102.01
343.9594687746 102.00
348.9624744529 102.00
354.0382505244 101.99
359.187855459 101.98
364.4123631221 101.98
369.7128629991 101.97
375.0904604222 101.96
380.5462768009 101.95
386.0814498562 101.94
391.6971338575 101.94
397.3944998635 101.93
403.1747359664 101.92
409.0390475393 101.91
414.9886574883 101.90
421.0248065068 101.89
427.1487533344 101.88
433.3617750198 101.87
439.6651671866 101.87
446.0602443037 101.86
452.5483399594 101.86
459.1308071395 101.85
465.8090185095 101.85
472.5843667007 101.85
479.4582646005 101.85
486.4321456477 101.85
493.5074641306 101.85
500.6856954905 101.85
507.9683366298 101.85
515.3569062238 101.85
522.8529450372 101.86
530.4580162458 101.86
538.1737057624 101.86
546.0016225673 101.86
553.9433990439 101.86
562.0006913195 101.86
570.1751796098 101.87
578.4685685703 101.87
586.882587651 101.87
595.4189914574 101.87
604.0795601163 101.87
612.8660996471 101.87
621.7804423383 101.87
630.8244471297 101.87
640 101.87
649.30901436 101.87
658.7534314519 101.86
668.3352207536 101.87
678.05638039 101.87
687.9189375493 101.87
697.9249489058 101.87
708.0765010489 101.87
718.375710918 101.87
728.8247262443 101.87
739.4257259983 101.87
750.1809208443 101.87
761.0925536018 101.87
772.1628997124 101.87
783.394267715 101.88
794.7889997271 101.88
806.3494719327 101.89
818.0780950787 101.90
829.9773149767 101.91
842.0496130136 101.92
854.2975066688 101.93
866.7235500396 101.95
879.3303343732 101.98
892.1204886074 102.00
905.0966799188 102.03
918.2616142791 102.07
931.618037019 102.11
945.1687334013 102.15
958.9165292011 102.21
972.8642912955 102.27
987.0149282611 102.33
1001.371390981 102.41
1015.9366732597 102.49
1030.7138124476 102.58
1045.7058900743 102.68
1060.9160324916 102.78
1076.3474115248 102.89
1092.0032451345 103.00
1107.8867980879 103.12
1124.0013826389 103.24
1140.3503592197 103.36
1156.9371371406 103.49
1173.765175302 103.62
1190.8379829148 103.74
1208.1591202326 103.87
1225.7321992942 103.99
1243.5608846767 104.11
1261.6488942595 104.23
1280 104.34
1298.6180287201 104.45
1317.5068629037 104.56
1336.6704415071 104.67
1356.1127607799 104.78
1375.8378750985 104.88
1395.8498978116 104.96
1416.1530020977 105.03
1436.751421836 105.09
1457.6494524886 105.14
1478.8514519966 105.18
1500.3618416887 105.22
1522.1851072035 105.25
1544.3257994247 105.27
1566.78853543 105.29
1589.5779994541 105.30
1612.6989438655 105.31
1636.1561901574 105.32
1659.9546299533 105.32
1684.0992260271 105.33
1708.5950133377 105.32
1733.4471000793 105.32
1758.6606687464 105.32
1784.2409772148 105.31
1810.1933598376 105.30
1836.5232285581 105.28
1863.2360740381 105.27
1890.3374668026 105.25
1917.8330584022 105.23
1945.7285825909 105.21
1974.0298565222 105.18
2002.742781962 105.16
2031.8733465194 105.13
2061.4276248951 105.09
2091.4117801487 105.06
2121.8320649832 105.01
2152.6948230496 104.97
2184.0064902691 104.92
2215.7735961758 104.87
2248.0027652779 104.82
2280.7007184393 104.76
2313.8742742813 104.70
2347.530350604 104.64
2381.6759658296 104.59
2416.3182404652 104.53
2451.4643985884 104.48
2487.1217693533 104.41
2523.297788519 104.33
2560.0000000001 104.25
2597.2360574402 104.18
2635.0137258074 104.12
2673.3408830143 104.08
2712.2255215599 104.05
2751.6757501971 104.06
2791.6997956232 104.10
2832.3060041955 104.17
2873.5028436721 104.25
2915.2989049772 104.30
2957.7029039931 104.32
3000.7236833774 104.32
3044.3702144071 104.27
3088.6515988494 104.20
3133.57707086 104.09
3179.1559989082 103.94
3225.397887731 103.75
3272.3123803148 103.54
3319.9092599067 103.35
3368.1984520542 103.22
3417.1900266754 103.15
3466.8942001586 103.14
3517.3213374928 103.15
3568.4819544296 103.15
3620.3867196753 103.15
3673.0464571163 103.14
3726.4721480761 103.12
3780.6749336053 103.11
3835.6661168044 103.11
3891.4571651819 103.16
3948.0597130445 103.23
4005.4855639241 103.31
4063.7466930387 103.40
4122.8552497902 103.49
4182.8235602974 103.56
4243.6641299665 103.63
4305.3896460992 103.71
4368.0129805382 103.81
4431.5471923516 103.92
4496.0055305558 104.04
4561.4014368787 104.11
4627.7485485626 104.13
4695.0607012081 104.11
4763.3519316592 104.08
4832.6364809305 104.06
4902.9287971769 104.05
4974.2435387067 104.02
5046.595577038 103.94
5120.0000000002 103.79
5194.4721148803 103.58
5270.0274516149 103.32
5346.6817660286 103.04
5424.4510431198 102.74
5503.3515003942 102.44
5583.3995912463 102.13
5664.6120083911 101.83
5747.0056873442 101.54
5830.5978099545 101.26
5915.4058079863 101.00
6001.4473667548 100.75
6088.7404288142 100.52
6177.3031976989 100.31
6267.1541417201 100.15
6358.3119978165 100.03
6450.795775462 99.94
6544.6247606297 99.90
6639.8185198134 99.91
6736.3969041085 99.97
6834.3800533509 100.10
6933.7884003172 100.33
7034.6426749857 100.64
7136.9639088592 100.92
7240.7734393506 100.99
7346.0929142326 101.01
7452.9442961523 101.26
7561.3498672106 101.75
7671.3322336089 102.37
7782.9143303638 103.02
7896.119426089 103.63
8010.9711278481 103.96
8127.4933860775 103.83
8245.7104995805 103.28
8365.6471205948 102.45
8487.328259933 101.44
8610.7792921984 100.29
8736.0259610765 99.02
8863.0943847033 97.68
8992.0110611117 96.35
9122.8028737575 95.18
9255.4970971253 94.13
9390.1214024162 93.13
9526.7038633184 92.20
9665.272961861 91.26
9805.8575943538 90.37
9948.4870774134 89.67
10093.191154076 89.23
10240.0000000005 88.97
10388.9442297607 88.93
10540.0549032298 89.15
10693.3635320572 89.63
10848.9020862397 90.36
11006.7030007884 91.64
11166.7991824927 93.33
11329.2240167822 94.01
11494.0113746885 93.83
11661.1956199091 93.70
11830.8116159726 93.90
12002.8947335097 94.52
12177.4808576284 95.45
12354.6063953979 96.14
12534.3082834402 97.04
12716.6239956331 98.43
12901.5915509241 99.93
13089.2495212594 101.46
13279.637039627 102.84
13472.7938082171 103.95
13668.7601067018 104.76
13867.5768006344 104.92
14069.2853499715 104.69
14273.9278177184 104.97
14481.5468787012 101.98
14692.1858284653 102.42
14905.8885923047 103.77
15122.6997344212 104.80
15342.6644672179 105.27
15565.8286607277 105.62
15792.2388521781 106.15
16021.9422556964 106.30
16254.9867721551 107.00
16491.4209991611 107.43
16731.2942411897 105.71
16974.656519866 102.52
17221.5585843969 99.79
17472.0519221531 97.29
17726.1887694067 94.86
17984.0221222235 92.52
18245.605747515 89.95
18510.9941942506 87.64
18780.2428048326 85.34
19053.4077266369 82.30
19330.545923722 79.16
19611.7151887077 75.70
19896.9741548268 73.66
20186.382308152 73.66
