20 103.63
20.2909066988 103.63
20.5860447329 103.62
20.8854756485 103.60
21.1892618872 103.58
21.4974667984 103.56
21.8101546533 103.54
22.1273906578 103.55
22.4492409662 103.57
22.7757726951 103.59
23.1070539374 103.61
23.4431537764 103.62
23.7841423001 103.63
24.130090616 103.62
24.4810708661 103.62
24.8371562415 103.61
25.1984209979 103.61
25.5649404712 103.62
25.936791093 103.62
26.3140504067 103.63
26.6967970834 103.63
27.0851109387 103.63
27.4790729492 103.64
27.878765269 103.66
28.2842712475 103.67
28.6956754462 103.67
29.1130636568 103.66
29.5365229188 103.64
29.9661415375 103.63
30.402009103 103.63
30.8442165082 103.64
31.2928559682 103.64
31.7480210394 103.63
32.209806639 103.62
32.6783090648 103.61
33.1536260154 103.61
33.6358566101 103.60
34.1251014105 103.58
34.6214624402 103.56
35.1250432075 103.54
35.6359487256 103.52
36.1542855356 103.51
36.6801617282 103.49
37.2136869661 103.47
37.7549725073 103.44
38.3041312279 103.42
38.8612776461 103.39
39.4265279456 103.37
40 103.34
40.5818133975 103.31
41.1720894657 103.29
41.7709512971 103.25
42.3785237744 103.20
42.9949335968 103.15
43.6203093066 103.12
44.2547813156 103.10
44.8984819324 103.06
45.5515453903 103.01
46.2141078749 102.97
46.8863075528 102.94
47.5682846001 102.92
48.260181232 102.89
48.9621417322 102.86
49.6743124829 102.84
50.3968419958 102.81
51.1298809424 102.77
51.873582186 102.74
52.6281008133 102.70
53.3935941668 102.65
54.1702218775 102.60
54.9581458983 102.57
55.757530538 102.52
56.5685424949 102.47
57.3913508924 102.42
58.2261273137 102.38
59.0730458376 102.29
59.9322830751 102.21
60.804018206 102.21
61.6884330163 102.19
62.5857119363 102.14
63.4960420787 102.10
64.419613278 102.05
65.3566181296 102.00
66.3072520307 101.96
67.2717132203 101.91
68.2502028209 101.86
69.2429248805 101.82
70.2500864149 101.76
71.2718974512 101.71
72.3085710713 101.66
73.3603234564 101.61
74.4273739322 101.55
75.5099450145 101.49
76.6082624559 101.44
77.7225552923 101.38
78.8530558912 101.33
80 101.27
81.163626795 101.20
82.3441789315 101.14
83.5419025942 101.08
84.7570475487 101.01
85.9898671937 100.95
87.2406186132 100.89
88.5095626311 100.82
89.7969638648 100.76
91.1030907805 100.69
92.4282157498 100.63
93.7726151055 100.57
95.1365692002 100.51
96.520362464 100.45
97.9242834644 100.39
99.3486249659 100.33
100.7936839916 100.28
102.2597618848 100.22
103.7471643721 100.16
105.2562016267 100.10
106.7871883336 100.04
108.340443755 99.98
109.9162917966 99.91
111.5150610759 99.85
113.1370849898 99.79
114.7827017849 99.73
116.4522546274 99.66
118.1460916752 99.58
119.8645661501 99.55
121.6080364119 99.48
123.3768660326 99.41
125.1714238726 99.35
126.9920841575 99.28
128.8392265559 99.22
130.7132362593 99.15
132.6145040614 99.09
134.5434264406 99.04
136.5004056418 98.97
138.485849761 98.92
140.5001728299 98.86
142.5437949025 98.80
144.6171421426 98.74
146.7206469127 98.68
148.8547478643 98.62
151.0198900291 98.57
153.2165249118 98.51
155.4451105846 98.45
157.7061117824 98.40
160 98.34
162.32725359 98.28
164.688357863 98.22
167.0838051884 98.16
169.5140950975 98.10
171.9797343873 98.05
174.4812372264 97.99
177.0191252622 97.93
179.5939277295 97.88
182.2061815611 97.82
184.8564314996 97.76
187.5452302111 97.70
190.2731384004 97.64
193.0407249281 97.59
195.8485669287 97.53
198.6972499318 97.46
201.5873679832 97.40
204.5195237697 97.33
207.4943287442 97.27
210.5124032534 97.20
213.5743766672 97.14
216.6808875099 97.08
219.8325835933 97.03
223.0301221518 96.98
226.2741699797 96.93
229.5654035698 96.87
232.9045092548 96.82
236.2921833503 96.77
239.7291323003 96.72
243.2160728239 96.67
246.7537320653 96.62
250.3428477452 96.57
253.9841683149 96.52
257.6784531119 96.50
261.4264725186 96.50
265.2290081229 96.49
269.0868528812 96.48
273.0008112836 96.44
276.971699522 96.40
281.0003456597 96.36
285.0875898049 96.31
289.2342842852 96.27
293.4412938255 96.23
297.7094957287 96.20
302.0397800581 96.16
306.4330498235 96.12
310.8902211692 96.09
315.4122235649 96.05
320 96.02
324.65450718 95.99
329.3767157259 95.96
334.1676103768 95.93
339.028190195 95.90
343.9594687746 95.87
348.9624744529 95.84
354.0382505244 95.81
359.187855459 95.77
364.4123631221 95.76
369.7128629991 95.72
375.0904604222 95.70
380.5462768009 95.67
386.0814498562 95.64
391.6971338575 95.61
397.3944998635 95.58
403.1747359664 95.55
409.0390475393 95.52
414.9886574883 95.49
421.0248065068 95.46
427.1487533344 95.43
433.3617750198 95.40
439.6651671866 95.38
446.0602443037 95.35
452.5483399594 95.33
459.1308071395 95.31
465.8090185095 95.29
472.5843667007 95.27
479.4582646005 95.25
486.4321456477 95.24
493.5074641306 95.22
500.6856954905 95.20
507.9683366298 95.19
515.3569062238 95.17
522.8529450372 95.16
530.4580162458 95.14
538.1737057624 95.13
546.0016225673 95.12
553.9433990439 95.11
562.0006913195 95.09
570.1751796098 95.08
578.4685685703 95.07
586.882587651 95.06
595.4189914574 95.05
604.0795601163 95.03
612.8660996471 95.02
621.7804423383 95.01
630.8244471297 95.00
640 94.98
649.30901436 94.98
658.7534314519 94.91
668.3352207536 94.95
678.05638039 94.95
687.9189375493 94.94
697.9249489058 94.93
708.0765010489 94.92
718.375710918 94.91
728.8247262443 94.90
739.4257259983 94.90
750.1809208443 94.89
761.0925536018 94.89
772.1628997124 94.88
783.394267715 94.88
794.7889997271 94.88
806.3494719327 94.88
818.0780950787 94.88
829.9773149767 94.89
842.0496130136 94.90
854.2975066688 94.91
866.7235500396 94.93
879.3303343732 94.95
892.1204886074 94.98
905.0966799188 95.02
918.2616142791 95.05
931.618037019 95.10
945.1687334013 95.16
958.9165292011 95.22
972.8642912955 95.29
987.0149282611 95.37
1001.371390981 95.46
1015.9366732597 95.55
1030.7138124476 95.66
1045.7058900743 95.77
1060.9160324916 95.90
1076.3474115248 96.03
1092.0032451345 96.17
1107.8867980879 96.31
1124.0013826389 96.46
1140.3503592197 96.60
1156.9371371406 96.77
1173.765175302 96.93
1190.8379829148 97.09
1208.1591202326 97.26
1225.7321992942 97.43
1243.5608846767 97.60
1261.6488942595 97.76
1280 97.93
1298.6180287201 98.10
1317.5068629037 98.27
1336.6704415071 98.43
1356.1127607799 98.59
1375.8378750985 98.75
1395.8498978116 98.90
1416.1530020977 99.06
1436.751421836 99.21
1457.6494524886 99.35
1478.8514519966 99.49
1500.3618416887 99.62
1522.1851072035 99.74
1544.3257994247 99.85
1566.78853543 99.96
1589.5779994541 100.06
1612.6989438655 100.16
1636.1561901574 100.25
1659.9546299533 100.34
1684.0992260271 100.42
1708.5950133377 100.50
1733.4471000793 100.58
1758.6606687464 100.66
1784.2409772148 100.73
1810.1933598376 100.81
1836.5232285581 100.90
1863.2360740381 100.98
1890.3374668026 101.05
1917.8330584022 101.13
1945.7285825909 101.21
1974.0298565222 101.29
2002.742781962 101.37
2031.8733465194 101.45
2061.4276248951 101.54
2091.4117801487 101.62
2121.8320649832 101.71
2152.6948230496 101.79
2184.0064902691 101.87
2215.7735961758 101.95
2248.0027652779 102.02
2280.7007184393 102.09
2313.8742742813 102.15
2347.530350604 102.21
2381.6759658296 102.26
2416.3182404652 102.31
2451.4643985884 102.36
2487.1217693533 102.39
2523.297788519 102.43
2560.0000000001 102.48
2597.2360574402 102.52
2635.0137258074 102.57
2673.3408830143 102.60
2712.2255215599 102.63
2751.6757501971 102.64
2791.6997956232 102.65
2832.3060041955 102.66
2873.5028436721 102.66
2915.2989049772 102.68
2957.7029039931 102.69
3000.7236833774 102.71
3044.3702144071 102.70
3088.6515988494 102.69
3133.57707086 102.66
3179.1559989082 102.63
3225.397887731 102.59
3272.3123803148 102.53
3319.9092599067 102.48
3368.1984520542 102.42
3417.1900266754 102.36
3466.8942001586 102.31
3517.3213374928 102.27
3568.4819544296 102.22
3620.3867196753 102.17
3673.0464571163 102.10
3726.4721480761 102.04
3780.6749336053 101.98
3835.6661168044 101.93
3891.4571651819 101.88
3948.0597130445 101.84
4005.4855639241 101.80
4063.7466930387 101.74
4122.8552497902 101.68
4182.8235602974 101.61
4243.6641299665 101.53
4305.3896460992 101.44
4368.0129805382 101.33
4431.5471923516 101.21
4496.0055305558 101.07
4561.4014368787 100.90
4627.7485485626 100.72
4695.0607012081 100.53
4763.3519316592 100.32
4832.6364809305 100.09
4902.9287971769 99.85
4974.2435387067 99.60
5046.595577038 99.34
5120.0000000002 99.06
5194.4721148803 98.79
5270.0274516149 98.51
5346.6817660286 98.22
5424.4510431198 97.94
5503.3515003942 97.66
5583.3995912463 97.39
5664.6120083911 97.12
5747.0056873442 96.87
5830.5978099545 96.63
5915.4058079863 96.40
6001.4473667548 96.18
6088.7404288142 95.98
6177.3031976989 95.80
6267.1541417201 95.62
6358.3119978165 95.44
6450.795775462 95.26
6544.6247606297 95.07
6639.8185198134 94.88
6736.3969041085 94.71
6834.3800533509 94.56
6933.7884003172 94.46
7034.6426749857 94.42
7136.9639088592 94.48
7240.7734393506 94.61
7346.0929142326 94.83
7452.9442961523 95.14
7561.3498672106 95.52
7671.3322336089 95.96
7782.9143303638 96.42
7896.119426089 96.86
8010.9711278481 97.18
8127.4933860775 97.26
8245.7104995805 97.02
8365.6471205948 96.43
8487.328259933 95.57
8610.7792921984 94.50
8736.0259610765 93.27
8863.0943847033 91.98
8992.0110611117 90.71
9122.8028737575 89.58
9255.4970971253 88.72
9390.1214024162 88.30
9526.7038633184 88.45
9665.272961861 88.98
9805.8575943538 89.68
9948.4870774134 90.22
10093.191154076 90.37
10240.0000000005 90.19
10388.9442297607 89.83
10540.0549032298 89.38
10693.3635320572 88.96
10848.9020862397 88.60
11006.7030007884 88.34
11166.7991824927 88.17
11329.2240167822 88.14
11494.0113746885 88.21
11661.1956199091 88.44
11830.8116159726 88.80
12002.8947335097 89.34
12177.4808576284 90.06
12354.6063953979 91.07
12534.3082834402 92.37
12716.6239956331 94.13
12901.5915509241 96.27
13089.2495212594 98.56
13279.637039627 99.37
13472.7938082171 98.20
13668.7601067018 95.74
13867.5768006344 93.17
14069.2853499715 91.06
14273.9278177184 89.31
14481.5468787012 87.98
14692.1858284653 86.98
14905.8885923047 86.20
15122.6997344212 85.64
15342.6644672179 85.30
15565.8286607277 85.14
15792.2388521781 85.14
16021.9422556964 85.21
16254.9867721551 85.28
16491.4209991611 85.20
16731.2942411897 84.79
16974.656519866 84.02
17221.5585843969 82.96
17472.0519221531 81.72
17726.1887694067 80.41
17984.0221222235 79.08
18245.605747515 77.78
18510.9941942506 76.47
18780.2428048326 74.85
19053.4077266369 72.94
19330.545923722 69.86
19611.7151887077 64.25
19896.9741548268 61.38
20186.382308152 61.38
