20 93.61
20.2909066988 93.60
20.5860447329 93.63
20.8854756485 93.65
21.1892618872 93.67
21.4974667984 93.67
21.8101546533 93.68
22.1273906578 93.68
22.4492409662 93.68
22.7757726951 93.69
23.1070539374 93.72
23.4431537764 93.77
23.7841423001 93.82
24.130090616 93.87
24.4810708661 93.90
24.8371562415 93.90
25.1984209979 93.89
25.5649404712 93.86
25.936791093 93.83
26.3140504067 93.81
26.6967970834 93.80
27.0851109387 93.81
27.4790729492 93.85
27.878765269 93.92
28.2842712475 94.00
28.6956754462 94.09
29.1130636568 94.15
29.5365229188 94.18
29.9661415375 94.17
30.402009103 94.14
30.8442165082 94.13
31.2928559682 94.13
31.7480210394 94.14
32.209806639 94.17
32.6783090648 94.20
33.1536260154 94.22
33.6358566101 94.22
34.1251014105 94.21
34.6214624402 94.20
35.1250432075 94.19
35.6359487256 94.21
36.1542855356 94.22
36.6801617282 94.21
37.2136869661 94.18
37.7549725073 94.16
38.3041312279 94.15
38.8612776461 94.15
39.4265279456 94.14
40 94.13
40.5818133975 94.12
41.1720894657 94.11
41.7709512971 94.09
42.3785237744 94.05
42.9949335968 94.03
43.6203093066 94.01
44.2547813156 93.99
44.8984819324 93.96
45.5515453903 93.95
46.2141078749 93.93
46.8863075528 93.89
47.5682846001 93.86
48.260181232 93.83
48.9621417322 93.79
49.6743124829 93.75
50.3968419958 93.72
51.1298809424 93.70
51.873582186 93.68
52.6281008133 93.66
53.3935941668 93.61
54.1702218775 93.56
54.9581458983 93.51
55.757530538 93.48
56.5685424949 93.47
57.3913508924 93.43
58.2261273137 93.37
59.0730458376 93.32
59.9322830751 93.36
60.804018206 93.31
61.6884330163 93.24
62.5857119363 93.21
63.4960420787 93.19
64.419613278 93.16
65.3566181296 93.13
66.3072520307 93.08
67.2717132203 93.05
68.2502028209 93.02
69.2429248805 92.98
70.2500864149 92.93
71.2718974512 92.86
72.3085710713 92.80
73.3603234564 92.76
74.4273739322 92.72
75.5099450145 92.68
76.6082624559 92.64
77.7225552923 92.57
78.8530558912 92.53
80 92.45
81.163626795 92.39
82.3441789315 92.32
83.5419025942 92.26
84.7570475487 92.19
85.9898671937 92.13
87.2406186132 92.04
88.5095626311 91.97
89.7969638648 91.91
91.1030907805 91.82
92.4282157498 91.77
93.7726151055 91.70
95.1365692002 91.64
96.520362464 91.57
97.9242834644 91.50
99.3486249659 91.44
100.7936839916 91.36
102.2597618848 91.30
103.7471643721 91.23
105.2562016267 91.16
106.7871883336 91.09
108.340443755 91.01
109.9162917966 90.94
111.5150610759 90.86
113.1370849898 90.78
114.7827017849 90.71
116.4522546274 90.63
118.1460916752 90.55
119.8645661501 90.46
121.6080364119 90.38
123.3768660326 90.30
125.1714238726 90.22
126.9920841575 90.14
128.8392265559 90.07
130.7132362593 89.99
132.6145040614 89.91
134.5434264406 89.83
136.5004056418 89.76
138.485849761 89.68
140.5001728299 89.60
142.5437949025 89.53
144.6171421426 89.46
146.7206469127 89.39
148.8547478643 89.32
151.0198900291 89.25
153.2165249118 89.19
155.4451105846 89.13
157.7061117824 89.06
160 89.00
162.32725359 88.94
164.688357863 88.86
167.0838051884 88.81
169.5140950975 88.75
171.9797343873 88.69
174.4812372264 88.63
177.0191252622 88.58
179.5939277295 88.54
182.2061815611 88.48
184.8564314996 88.43
187.5452302111 88.37
190.2731384004 88.31
193.0407249281 88.24
195.8485669287 88.17
198.6972499318 88.11
201.5873679832 88.06
204.5195237697 88.03
207.4943287442 88.04
210.5124032534 88.10
213.5743766672 88.17
216.6808875099 88.23
219.8325835933 88.26
223.0301221518 88.28
226.2741699797 88.29
229.5654035698 88.30
232.9045092548 88.31
236.2921833503 88.31
239.7291323003 88.32
243.2160728239 88.31
246.7537320653 88.32
250.3428477452 88.32
253.9841683149 88.33
257.6784531119 88.33
261.4264725186 88.33
265.2290081229 88.35
269.0868528812 88.35
273.0008112836 88.36
276.971699522 88.37
281.0003456597 88.37
285.0875898049 88.38
289.2342842852 88.39
293.4412938255 88.40
297.7094957287 88.40
302.0397800581 88.41
306.4330498235 88.43
310.8902211692 88.43
315.4122235649 88.44
320 88.45
324.65450718 88.45
329.3767157259 88.46
334.1676103768 88.46
339.028190195 88.47
343.9594687746 88.47
348.9624744529 88.47
354.0382505244 88.47
359.187855459 88.46
364.4123631221 88.45
369.7128629991 88.46
375.0904604222 88.45
380.5462768009 88.45
386.0814498562 88.44
391.6971338575 88.43
397.3944998635 88.41
403.1747359664 88.40
409.0390475393 88.38
414.9886574883 88.37
421.0248065068 88.35
427.1487533344 88.33
433.3617750198 88.31
439.6651671866 88.30
446.0602443037 88.28
452.5483399594 88.27
459.1308071395 88.27
465.8090185095 88.27
472.5843667007 88.27
479.4582646005 88.26
486.4321456477 88.25
493.5074641306 88.24
500.6856954905 88.22
507.9683366298 88.20
515.3569062238 88.18
522.8529450372 88.17
530.4580162458 88.16
538.1737057624 88.14
546.0016225673 88.12
553.9433990439 88.11
562.0006913195 88.10
570.1751796098 88.08
578.4685685703 88.07
586.882587651 88.05
595.4189914574 88.03
604.0795601163 88.01
612.8660996471 88.00
621.7804423383 87.98
630.8244471297 87.97
640 87.95
649.30901436 87.94
658.7534314519 87.93
668.3352207536 87.91
678.05638039 87.90
687.9189375493 87.88
697.9249489058 87.87
708.0765010489 87.86
718.375710918 87.84
728.8247262443 87.83
739.4257259983 87.82
750.1809208443 87.81
761.0925536018 87.80
772.1628997124 87.79
783.394267715 87.78
794.7889997271 87.77
806.3494719327 87.77
818.0780950787 87.77
829.9773149767 87.77
842.0496130136 87.77
854.2975066688 87.78
866.7235500396 87.79
879.3303343732 87.81
892.1204886074 87.83
905.0966799188 87.86
918.2616142791 87.90
931.618037019 87.94
945.1687334013 87.99
958.9165292011 88.05
972.8642912955 88.11
987.0149282611 88.19
1001.371390981 88.28
1015.9366732597 88.37
1030.7138124476 88.47
1045.7058900743 88.59
1060.9160324916 88.71
1076.3474115248 88.84
1092.0032451345 88.97
1107.8867980879 89.12
1124.0013826389 89.27
1140.3503592197 89.42
1156.9371371406 89.57
1173.765175302 89.73
1190.8379829148 89.89
1208.1591202326 90.05
1225.7321992942 90.21
1243.5608846767 90.37
1261.6488942595 90.53
1280 90.69
1298.6180287201 90.85
1317.5068629037 91.01
1336.6704415071 91.17
1356.1127607799 91.33
1375.8378750985 91.49
1395.8498978116 91.65
1416.1530020977 91.80
1436.751421836 91.96
1457.6494524886 92.11
1478.8514519966 92.26
1500.3618416887 92.40
1522.1851072035 92.53
1544.3257994247 92.66
1566.78853543 92.77
1589.5779994541 92.88
1612.6989438655 92.98
1636.1561901574 93.08
1659.9546299533 93.17
1684.0992260271 93.26
1708.5950133377 93.35
1733.4471000793 93.44
1758.6606687464 93.53
1784.2409772148 93.62
1810.1933598376 93.71
1836.5232285581 93.80
1863.2360740381 93.90
1890.3374668026 94.00
1917.8330584022 94.10
1945.7285825909 94.20
1974.0298565222 94.30
2002.742781962 94.41
2031.8733465194 94.51
2061.4276248951 94.62
2091.4117801487 94.72
2121.8320649832 94.84
2152.6948230496 94.94
2184.0064902691 95.05
2215.7735961758 95.16
2248.0027652779 95.27
2280.7007184393 95.38
2313.8742742813 95.48
2347.530350604 95.58
2381.6759658296 95.68
2416.3182404652 95.78
2451.4643985884 95.88
2487.1217693533 95.97
2523.297788519 96.05
2560.0000000001 96.14
2597.2360574402 96.22
2635.0137258074 96.29
2673.3408830143 96.36
2712.2255215599 96.43
2751.6757501971 96.50
2791.6997956232 96.56
2832.3060041955 96.62
2873.5028436721 96.67
2915.2989049772 96.71
2957.7029039931 96.75
3000.7236833774 96.78
3044.3702144071 96.80
3088.6515988494 96.81
3133.57707086 96.81
3179.1559989082 96.80
3225.397887731 96.78
3272.3123803148 96.75
3319.9092599067 96.70
3368.1984520542 96.64
3417.1900266754 96.58
3466.8942001586 96.51
3517.3213374928 96.43
3568.4819544296 96.35
3620.3867196753 96.27
3673.0464571163 96.18
3726.4721480761 96.10
3780.6749336053 96.01
3835.6661168044 95.91
3891.4571651819 95.80
3948.0597130445 95.70
4005.4855639241 95.60
4063.7466930387 95.49
4122.8552497902 95.37
4182.8235602974 95.26
4243.6641299665 95.14
4305.3896460992 95.02
4368.0129805382 94.89
4431.5471923516 94.75
4496.0055305558 94.60
4561.4014368787 94.44
4627.7485485626 94.27
4695.0607012081 94.08
4763.3519316592 93.89
4832.6364809305 93.68
4902.9287971769 93.47
4974.2435387067 93.24
5046.595577038 93.01
5120.0000000002 92.76
5194.4721148803 92.51
5270.0274516149 92.25
5346.6817660286 91.99
5424.4510431198 91.73
5503.3515003942 91.46
5583.3995912463 91.21
5664.6120083911 90.97
5747.0056873442 90.75
5830.5978099545 90.53
5915.4058079863 90.33
6001.4473667548 90.15
6088.7404288142 89.98
6177.3031976989 89.84
6267.1541417201 89.70
6358.3119978165 89.60
6450.795775462 89.52
6544.6247606297 89.46
6639.8185198134 89.45
6736.3969041085 89.47
6834.3800533509 89.55
6933.7884003172 89.68
7034.6426749857 89.88
7136.9639088592 90.15
7240.7734393506 90.49
7346.0929142326 90.88
7452.9442961523 91.31
7561.3498672106 91.80
7671.3322336089 92.32
7782.9143303638 92.85
7896.119426089 93.32
8010.9711278481 93.58
8127.4933860775 93.48
8245.7104995805 92.94
8365.6471205948 92.01
8487.328259933 90.88
8610.7792921984 89.62
8736.0259610765 88.35
8863.0943847033 87.13
8992.0110611117 86.02
9122.8028737575 85.02
9255.4970971253 84.15
9390.1214024162 83.38
9526.7038633184 82.73
9665.272961861 82.17
9805.8575943538 81.70
9948.4870774134 81.30
10093.191154076 80.98
10240.0000000005 80.75
10388.9442297607 80.61
10540.0549032298 80.56
10693.3635320572 80.60
10848.9020862397 80.71
11006.7030007884 80.89
11166.7991824927 81.10
11329.2240167822 81.31
11494.0113746885 81.41
11661.1956199091 81.32
11830.8116159726 81.19
12002.8947335097 81.19
12177.4808576284 81.46
12354.6063953979 82.31
12534.3082834402 83.60
12716.6239956331 85.47
12901.5915509241 87.43
13089.2495212594 89.25
13279.637039627 89.00
13472.7938082171 86.89
13668.7601067018 84.48
13867.5768006344 82.50
14069.2853499715 81.01
14273.9278177184 79.82
14481.5468787012 78.93
14692.1858284653 78.35
14905.8885923047 78.16
15122.6997344212 78.00
15342.6644672179 78.01
15565.8286607277 78.47
15792.2388521781 79.29
16021.9422556964 80.59
16254.9867721551 82.35
16491.4209991611 84.17
16731.2942411897 84.48
16974.656519866 82.52
17221.5585843969 79.68
17472.0519221531 77.00
17726.1887694067 74.68
17984.0221222235 72.73
18245.605747515 71.02
18510.9941942506 69.56
18780.2428048326 68.02
19053.4077266369 66.85
19330.545923722 65.20
19611.7151887077 63.04
19896.9741548268 61.77
20186.382308152 61.77
