20 107.07
20.2909066988 107.07
20.5860447329 107.09
20.8854756485 107.10
21.1892618872 107.12
21.4974667984 107.14
21.8101546533 107.16
22.1273906578 107.18
22.4492409662 107.20
22.7757726951 107.22
23.1070539374 107.24
23.4431537764 107.26
23.7841423001 107.28
24.130090616 107.30
24.4810708661 107.31
24.8371562415 107.33
25.1984209979 107.34
25.5649404712 107.35
25.936791093 107.37
26.3140504067 107.39
26.6967970834 107.40
27.0851109387 107.42
27.4790729492 107.44
27.878765269 107.45
28.2842712475 107.46
28.6956754462 107.48
29.1130636568 107.49
29.5365229188 107.50
29.9661415375 107.52
30.402009103 107.53
30.8442165082 107.53
31.2928559682 107.54
31.7480210394 107.54
32.209806639 107.55
32.6783090648 107.55
33.1536260154 107.55
33.6358566101 107.55
34.1251014105 107.55
34.6214624402 107.55
35.1250432075 107.54
35.6359487256 107.53
36.1542855356 107.52
36.6801617282 107.51
37.2136869661 107.50
37.7549725073 107.49
38.3041312279 107.47
38.8612776461 107.46
39.4265279456 107.44
40 107.42
40.5818133975 107.40
41.1720894657 107.38
41.7709512971 107.36
42.3785237744 107.34
42.9949335968 107.31
43.6203093066 107.28
44.2547813156 107.25
44.8984819324 107.22
45.5515453903 107.20
46.2141078749 107.17
46.8863075528 107.14
47.5682846001 107.11
48.260181232 107.07
48.9621417322 107.04
49.6743124829 107.01
50.3968419958 106.98
51.1298809424 106.94
51.873582186 106.90
52.6281008133 106.87
53.3935941668 106.83
54.1702218775 106.80
54.9581458983 106.76
55.757530538 106.72
56.5685424949 106.68
57.3913508924 106.64
58.2261273137 106.61
59.0730458376 106.56
59.9322830751 106.51
60.804018206 106.47
61.6884330163 106.43
62.5857119363 106.39
63.4960420787 106.35
64.419613278 106.30
65.3566181296 106.26
66.3072520307 106.22
67.2717132203 106.18
68.2502028209 106.13
69.2429248805 106.09
70.2500864149 106.04
71.2718974512 106.00
72.3085710713 105.94
73.3603234564 105.89
74.4273739322 105.84
75.5099450145 105.79
76.6082624559 105.73
77.7225552923 105.68
78.8530558912 105.62
80 105.56
81.163626795 105.50
82.3441789315 105.44
83.5419025942 105.38
84.7570475487 105.32
85.9898671937 105.25
87.2406186132 105.19
88.5095626311 105.12
89.7969638648 105.06
91.1030907805 104.99
92.4282157498 104.92
93.7726151055 104.86
95.1365692002 104.80
96.520362464 104.73
97.9242834644 104.67
99.3486249659 104.62
100.7936839916 104.55
102.2597618848 104.49
103.7471643721 104.43
105.2562016267 104.37
106.7871883336 104.31
108.340443755 104.25
109.9162917966 104.18
111.5150610759 104.11
113.1370849898 104.04
114.7827017849 103.98
116.4522546274 103.91
118.1460916752 103.84
119.8645661501 103.79
121.6080364119 103.69
123.3768660326 103.62
125.1714238726 103.56
126.9920841575 103.49
128.8392265559 103.42
130.7132362593 103.35
132.6145040614 103.28
134.5434264406 103.21
136.5004056418 103.14
138.485849761 103.07
140.5001728299 103.01
142.5437949025 102.94
144.6171421426 102.87
146.7206469127 102.80
148.8547478643 102.74
151.0198900291 102.67
153.2165249118 102.60
155.4451105846 102.54
157.7061117824 102.47
160 102.40
162.32725359 102.32
164.688357863 102.25
167.0838051884 102.18
169.5140950975 102.11
171.9797343873 102.03
174.4812372264 101.95
177.0191252622 101.87
179.5939277295 101.79
182.2061815611 101.72
184.8564314996 101.65
187.5452302111 101.61
190.2731384004 101.60
193.0407249281 101.63
195.8485669287 101.68
198.6972499318 101.70
201.5873679832 101.68
204.5195237697 101.62
207.4943287442 101.56
210.5124032534 101.49
213.5743766672 101.42
216.6808875099 101.35
219.8325835933 101.28
223.0301221518 101.22
226.2741699797 101.16
229.5654035698 101.11
232.9045092548 101.06
236.2921833503 101.01
239.7291323003 100.97
243.2160728239 100.92
246.7537320653 100.88
250.3428477452 100.84
253.9841683149 100.80
257.6784531119 100.76
261.4264725186 100.72
265.2290081229 100.68
269.0868528812 100.65
273.0008112836 100.61
276.971699522 100.58
281.0003456597 100.55
285.0875898049 100.52
289.2342842852 100.49
293.4412938255 100.46
297.7094957287 100.44
302.0397800581 100.42
306.4330498235 100.39
310.8902211692 100.37
315.4122235649 100.35
320 100.33
324.65450718 100.31
329.3767157259 100.29
334.1676103768 100.27
339.028190195 100.25
343.9594687746 100.23
348.9624744529 100.22
354.0382505244 100.22
359.187855459 100.24
364.4123631221 100.28
369.7128629991 100.33
375.0904604222 100.38
380.5462768009 100.42
386.0814498562 100.43
391.6971338575 100.43
397.3944998635 100.42
403.1747359664 100.40
409.0390475393 100.39
414.9886574883 100.37
421.0248065068 100.36
427.1487533344 100.35
433.3617750198 100.34
439.6651671866 100.33
446.0602443037 100.32
452.5483399594 100.32
459.1308071395 100.31
465.8090185095 100.31
472.5843667007 100.31
479.4582646005 100.31
486.4321456477 100.32
493.5074641306 100.32
500.6856954905 100.32
507.9683366298 100.32
515.3569062238 100.32
522.8529450372 100.33
530.4580162458 100.33
538.1737057624 100.34
546.0016225673 100.34
553.9433990439 100.35
562.0006913195 100.35
570.1751796098 100.36
578.4685685703 100.36
586.882587651 100.37
595.4189914574 100.37
604.0795601163 100.37
612.8660996471 100.37
621.7804423383 100.37
630.8244471297 100.37
640 100.37
649.30901436 100.37
658.7534314519 100.37
668.3352207536 100.37
678.05638039 100.36
687.9189375493 100.36
697.9249489058 100.36
708.0765010489 100.36
718.375710918 100.35
728.8247262443 100.35
739.4257259983 100.35
750.1809208443 100.35
761.0925536018 100.35
772.1628997124 100.35
783.394267715 100.35
794.7889997271 100.35
806.3494719327 100.36
818.0780950787 100.37
829.9773149767 100.38
842.0496130136 100.40
854.2975066688 100.42
866.7235500396 100.45
879.3303343732 100.48
892.1204886074 100.51
905.0966799188 100.55
918.2616142791 100.61
931.618037019 100.67
945.1687334013 100.73
958.9165292011 100.81
972.8642912955 100.89
987.0149282611 100.98
1001.371390981 101.08
1015.9366732597 101.20
1030.7138124476 101.32
1045.7058900743 101.45
1060.9160324916 101.59
1076.3474115248 101.74
1092.0032451345 101.90
1107.8867980879 102.06
1124.0013826389 102.22
1140.3503592197 102.39
1156.9371371406 102.57
1173.765175302 102.74
1190.8379829148 102.92
1208.1591202326 103.09
1225.7321992942 103.27
1243.5608846767 103.45
1261.6488942595 103.62
1280 103.79
1298.6180287201 103.95
1317.5068629037 104.11
1336.6704415071 104.26
1356.1127607799 104.41
1375.8378750985 104.55
1395.8498978116 104.68
1416.1530020977 104.81
1436.751421836 104.93
1457.6494524886 105.05
1478.8514519966 105.16
1500.3618416887 105.27
1522.1851072035 105.37
1544.3257994247 105.47
1566.78853543 105.56
1589.5779994541 105.65
1612.6989438655 105.73
1636.1561901574 105.82
1659.9546299533 105.90
1684.0992260271 105.98
1708.5950133377 106.06
1733.4471000793 106.13
1758.6606687464 106.20
1784.2409772148 106.26
1810.1933598376 106.32
1836.5232285581 106.37
1863.2360740381 106.42
1890.3374668026 106.46
1917.8330584022 106.50
1945.7285825909 106.53
1974.0298565222 106.55
2002.742781962 106.56
2031.8733465194 106.57
2061.4276248951 106.57
2091.4117801487 106.56
2121.8320649832 106.56
2152.6948230496 106.54
2184.0064902691 106.53
2215.7735961758 106.52
2248.0027652779 106.51
2280.7007184393 106.50
2313.8742742813 106.50
2347.530350604 106.50
2381.6759658296 106.51
2416.3182404652 106.52
2451.4643985884 106.55
2487.1217693533 106.58
2523.297788519 106.62
2560.0000000001 106.66
2597.2360574402 106.71
2635.0137258074 106.76
2673.3408830143 106.82
2712.2255215599 106.90
2751.6757501971 106.98
2791.6997956232 107.06
2832.3060041955 107.14
2873.5028436721 107.19
2915.2989049772 107.22
2957.7029039931 107.23
3000.7236833774 107.23
3044.3702144071 107.21
3088.6515988494 107.18
3133.57707086 107.14
3179.1559989082 107.09
3225.397887731 107.04
3272.3123803148 106.98
3319.9092599067 106.92
3368.1984520542 106.86
3417.1900266754 106.80
3466.8942001586 106.73
3517.3213374928 106.66
3568.4819544296 106.58
3620.3867196753 106.50
3673.0464571163 106.42
3726.4721480761 106.33
3780.6749336053 106.25
3835.6661168044 106.19
3891.4571651819 106.16
3948.0597130445 106.15
4005.4855639241 106.17
4063.7466930387 106.21
4122.8552497902 106.25
4182.8235602974 106.29
4243.6641299665 106.28
4305.3896460992 106.23
4368.0129805382 106.10
4431.5471923516 105.90
4496.0055305558 105.62
4561.4014368787 105.26
4627.7485485626 104.84
4695.0607012081 104.33
4763.3519316592 103.75
4832.6364809305 103.10
4902.9287971769 102.40
4974.2435387067 101.68
5046.595577038 100.97
5120.0000000002 100.29
5194.4721148803 99.68
5270.0274516149 99.17
5346.6817660286 98.79
5424.4510431198 98.58
5503.3515003942 98.59
5583.3995912463 98.85
5664.6120083911 99.35
5747.0056873442 99.97
5830.5978099545 100.62
5915.4058079863 101.14
6001.4473667548 101.39
6088.7404288142 101.28
6177.3031976989 100.92
6267.1541417201 100.44
6358.3119978165 99.94
6450.795775462 99.48
6544.6247606297 99.09
6639.8185198134 98.78
6736.3969041085 98.59
6834.3800533509 98.50
6933.7884003172 98.53
7034.6426749857 98.68
7136.9639088592 98.97
7240.7734393506 99.34
7346.0929142326 99.80
7452.9442961523 100.34
7561.3498672106 100.92
7671.3322336089 101.52
7782.9143303638 102.08
7896.119426089 102.54
8010.9711278481 102.79
8127.4933860775 102.81
8245.7104995805 102.58
8365.6471205948 102.19
8487.328259933 101.72
8610.7792921984 101.24
8736.0259610765 100.78
8863.0943847033 100.38
8992.0110611117 100.04
9122.8028737575 99.76
9255.4970971253 99.47
9390.1214024162 99.10
9526.7038633184 98.61
9665.272961861 98.11
9805.8575943538 97.64
9948.4870774134 97.21
10093.191154076 96.79
10240.0000000005 96.43
10388.9442297607 96.15
10540.0549032298 96.04
10693.3635320572 96.10
10848.9020862397 96.35
11006.7030007884 96.73
11166.7991824927 97.14
11329.2240167822 97.48
11494.0113746885 97.71
11661.1956199091 97.66
11830.8116159726 97.55
12002.8947335097 97.39
12177.4808576284 97.26
12354.6063953979 97.19
12534.3082834402 97.20
12716.6239956331 97.26
12901.5915509241 97.16
13089.2495212594 96.94
13279.637039627 96.32
13472.7938082171 95.23
13668.7601067018 93.81
13867.5768006344 92.24
14069.2853499715 90.72
14273.9278177184 89.31
14481.5468787012 88.12
14692.1858284653 87.18
14905.8885923047 86.43
15122.6997344212 85.92
15342.6644672179 85.65
15565.8286607277 85.59
15792.2388521781 85.62
16021.9422556964 85.64
16254.9867721551 85.67
16491.4209991611 85.95
16731.2942411897 86.68
16974.656519866 87.91
17221.5585843969 89.65
17472.0519221531 91.70
17726.1887694067 93.37
17984.0221222235 93.63
18245.605747515 92.38
18510.9941942506 90.55
18780.2428048326 88.54
19053.4077266369 86.05
19330.545923722 82.66
19611.7151887077 78.16
19896.9741548268 75.71
20186.382308152 75.71
