20 104.29
20.2909066988 104.29
20.5860447329 104.29
20.8854756485 104.29
21.1892618872 104.29
21.4974667984 104.30
21.8101546533 104.30
22.1273906578 104.30
22.4492409662 104.31
22.7757726951 104.31
23.1070539374 104.32
23.4431537764 104.33
23.7841423001 104.33
24.130090616 104.34
24.4810708661 104.34
24.8371562415 104.34
25.1984209979 104.35
25.5649404712 104.35
25.936791093 104.35
26.3140504067 104.35
26.6967970834 104.35
27.0851109387 104.35
27.4790729492 104.35
27.878765269 104.35
28.2842712475 104.36
28.6956754462 104.36
29.1130636568 104.35
29.5365229188 104.35
29.9661415375 104.35
30.402009103 104.35
30.8442165082 104.34
31.2928559682 104.33
31.7480210394 104.32
32.209806639 104.31
32.6783090648 104.30
33.1536260154 104.29
33.6358566101 104.27
34.1251014105 104.25
34.6214624402 104.23
35.1250432075 104.21
35.6359487256 104.19
36.1542855356 104.17
36.6801617282 104.14
37.2136869661 104.12
37.7549725073 104.09
38.3041312279 104.06
38.8612776461 104.03
39.4265279456 104.00
40 103.96
40.5818133975 103.93
41.1720894657 103.90
41.7709512971 103.85
42.3785237744 103.81
42.9949335968 103.76
43.6203093066 103.72
44.2547813156 103.68
44.8984819324 103.64
45.5515453903 103.59
46.2141078749 103.55
46.8863075528 103.49
47.5682846001 103.44
48.260181232 103.40
48.9621417322 103.35
49.6743124829 103.30
50.3968419958 103.25
51.1298809424 103.19
51.873582186 103.13
52.6281008133 103.09
53.3935941668 103.05
54.1702218775 102.99
54.9581458983 102.92
55.757530538 102.86
56.5685424949 102.81
57.3913508924 102.75
58.2261273137 102.68
59.0730458376 102.61
59.9322830751 102.56
60.804018206 102.50
61.6884330163 102.44
62.5857119363 102.38
63.4960420787 102.32
64.419613278 102.26
65.3566181296 102.20
66.3072520307 102.14
67.2717132203 102.07
68.2502028209 102.01
69.2429248805 101.94
70.2500864149 101.88
71.2718974512 101.81
72.3085710713 101.74
73.3603234564 101.67
74.4273739322 101.60
75.5099450145 101.53
76.6082624559 101.45
77.7225552923 101.37
78.8530558912 101.29
80 101.22
81.163626795 101.14
82.3441789315 101.06
83.5419025942 100.98
84.7570475487 100.90
85.9898671937 100.81
87.2406186132 100.73
88.5095626311 100.65
89.7969638648 100.57
91.1030907805 100.48
92.4282157498 100.40
93.7726151055 100.33
95.1365692002 100.25
96.520362464 100.17
97.9242834644 100.10
99.3486249659 100.03
100.7936839916 99.95
102.2597618848 99.88
103.7471643721 99.81
105.2562016267 99.74
106.7871883336 99.67
108.340443755 99.60
109.9162917966 99.52
111.5150610759 99.45
113.1370849898 99.38
114.7827017849 99.31
116.4522546274 99.24
118.1460916752 99.17
119.8645661501 99.09
121.6080364119 99.02
123.3768660326 98.95
125.1714238726 98.88
126.9920841575 98.82
128.8392265559 98.75
130.7132362593 98.69
132.6145040614 98.62
134.5434264406 98.56
136.5004056418 98.50
138.485849761 98.44
140.5001728299 98.39
142.5437949025 98.33
144.6171421426 98.28
146.7206469127 98.22
148.8547478643 98.17
151.0198900291 98.12
153.2165249118 98.07
155.4451105846 98.02
157.7061117824 97.97
160 97.92
162.32725359 97.87
164.688357863 97.82
167.0838051884 97.76
169.5140950975 97.71
171.9797343873 97.66
174.4812372264 97.61
177.0191252622 97.57
179.5939277295 97.53
182.2061815611 97.52
184.8564314996 97.51
187.5452302111 97.50
190.2731384004 97.47
193.0407249281 97.43
195.8485669287 97.39
198.6972499318 97.35
201.5873679832 97.30
204.5195237697 97.27
207.4943287442 97.25
210.5124032534 97.23
213.5743766672 97.21
216.6808875099 97.18
219.8325835933 97.14
223.0301221518 97.12
226.2741699797 97.09
229.5654035698 97.06
232.9045092548 97.04
236.2921833503 97.02
239.7291323003 97.01
243.2160728239 96.99
246.7537320653 96.98
250.3428477452 96.96
253.9841683149 96.95
257.6784531119 96.93
261.4264725186 96.92
265.2290081229 96.90
269.0868528812 96.88
273.0008112836 96.87
276.971699522 96.85
281.0003456597 96.84
285.0875898049 96.82
289.2342842852 96.81
293.4412938255 96.81
297.7094957287 96.80
302.0397800581 96.80
306.4330498235 96.80
310.8902211692 96.80
315.4122235649 96.79
320 96.78
324.65450718 96.78
329.3767157259 96.78
334.1676103768 96.79
339.028190195 96.79
343.9594687746 96.80
348.9624744529 96.80
354.0382505244 96.80
359.187855459 96.80
364.4123631221 96.79
369.7128629991 96.79
375.0904604222 96.78
380.5462768009 96.77
386.0814498562 96.76
391.6971338575 96.75
397.3944998635 96.74
403.1747359664 96.73
409.0390475393 96.72
414.9886574883 96.72
421.0248065068 96.72
427.1487533344 96.72
433.3617750198 96.72
439.6651671866 96.73
446.0602443037 96.74
452.5483399594 96.75
459.1308071395 96.76
465.8090185095 96.77
472.5843667007 96.77
479.4582646005 96.78
486.4321456477 96.78
493.5074641306 96.79
500.6856954905 96.79
507.9683366298 96.79
515.3569062238 96.80
522.8529450372 96.81
530.4580162458 96.82
538.1737057624 96.83
546.0016225673 96.84
553.9433990439 96.85
562.0006913195 96.86
570.1751796098 96.87
578.4685685703 96.87
586.882587651 96.88
595.4189914574 96.89
604.0795601163 96.90
612.8660996471 96.91
621.7804423383 96.93
630.8244471297 96.94
640 96.95
649.30901436 96.97
658.7534314519 96.98
668.3352207536 96.99
678.05638039 97.01
687.9189375493 97.02
697.9249489058 97.03
708.0765010489 97.04
718.375710918 97.05
728.8247262443 97.06
739.4257259983 97.08
750.1809208443 97.09
761.0925536018 97.11
772.1628997124 97.12
783.394267715 97.14
794.7889997271 97.16
806.3494719327 97.18
818.0780950787 97.20
829.9773149767 97.23
842.0496130136 97.27
854.2975066688 97.30
866.7235500396 97.35
879.3303343732 97.40
892.1204886074 97.46
905.0966799188 97.52
918.2616142791 97.60
931.618037019 97.67
945.1687334013 97.76
958.9165292011 97.86
972.8642912955 97.96
987.0149282611 98.07
1001.371390981 98.19
1015.9366732597 98.31
1030.7138124476 98.45
1045.7058900743 98.59
1060.9160324916 98.75
1076.3474115248 98.90
1092.0032451345 99.07
1107.8867980879 99.24
1124.0013826389 99.41
1140.3503592197 99.58
1156.9371371406 99.75
1173.765175302 99.93
1190.8379829148 100.10
1208.1591202326 100.28
1225.7321992942 100.45
1243.5608846767 100.62
1261.6488942595 100.78
1280 100.94
1298.6180287201 101.08
1317.5068629037 101.23
1336.6704415071 101.36
1356.1127607799 101.48
1375.8378750985 101.60
1395.8498978116 101.70
1416.1530020977 101.80
1436.751421836 101.89
1457.6494524886 101.96
1478.8514519966 102.04
1500.3618416887 102.10
1522.1851072035 102.16
1544.3257994247 102.21
1566.78853543 102.25
1589.5779994541 102.30
1612.6989438655 102.33
1636.1561901574 102.37
1659.9546299533 102.41
1684.0992260271 102.44
1708.5950133377 102.48
1733.4471000793 102.51
1758.6606687464 102.55
1784.2409772148 102.59
1810.1933598376 102.64
1836.5232285581 102.69
1863.2360740381 102.74
1890.3374668026 102.79
1917.8330584022 102.86
1945.7285825909 102.92
1974.0298565222 102.99
2002.742781962 103.07
2031.8733465194 103.16
2061.4276248951 103.25
2091.4117801487 103.35
2121.8320649832 103.46
2152.6948230496 103.57
2184.0064902691 103.69
2215.7735961758 103.81
2248.0027652779 103.94
2280.7007184393 104.06
2313.8742742813 104.18
2347.530350604 104.29
2381.6759658296 104.40
2416.3182404652 104.49
2451.4643985884 104.57
2487.1217693533 104.64
2523.297788519 104.68
2560.0000000001 104.71
2597.2360574402 104.72
2635.0137258074 104.71
2673.3408830143 104.67
2712.2255215599 104.61
2751.6757501971 104.53
2791.6997956232 104.44
2832.3060041955 104.33
2873.5028436721 104.20
2915.2989049772 104.06
2957.7029039931 103.92
3000.7236833774 103.76
3044.3702144071 103.59
3088.6515988494 103.42
3133.57707086 103.25
3179.1559989082 103.09
3225.397887731 102.94
3272.3123803148 102.80
3319.9092599067 102.67
3368.1984520542 102.55
3417.1900266754 102.42
3466.8942001586 102.29
3517.3213374928 102.17
3568.4819544296 102.05
3620.3867196753 101.93
3673.0464571163 101.82
3726.4721480761 101.71
3780.6749336053 101.59
3835.6661168044 101.47
3891.4571651819 101.33
3948.0597130445 101.16
4005.4855639241 100.93
4063.7466930387 100.74
4122.8552497902 100.58
4182.8235602974 100.37
4243.6641299665 100.16
4305.3896460992 99.95
4368.0129805382 99.77
4431.5471923516 99.64
4496.0055305558 99.58
4561.4014368787 99.57
4627.7485485626 99.59
4695.0607012081 99.61
4763.3519316592 99.58
4832.6364809305 99.48
4902.9287971769 99.30
4974.2435387067 99.05
5046.595577038 98.72
5120.0000000002 98.33
5194.4721148803 97.90
5270.0274516149 97.44
5346.6817660286 96.98
5424.4510431198 96.51
5503.3515003942 96.06
5583.3995912463 95.63
5664.6120083911 95.25
5747.0056873442 94.92
5830.5978099545 94.63
5915.4058079863 94.40
6001.4473667548 94.23
6088.7404288142 94.15
6177.3031976989 94.15
6267.1541417201 94.23
6358.3119978165 94.40
6450.795775462 94.65
6544.6247606297 94.98
6639.8185198134 95.40
6736.3969041085 95.92
6834.3800533509 96.52
6933.7884003172 97.15
7034.6426749857 97.77
7136.9639088592 98.21
7240.7734393506 98.38
7346.0929142326 98.28
7452.9442961523 97.96
7561.3498672106 97.54
7671.3322336089 97.12
7782.9143303638 96.76
7896.119426089 96.49
8010.9711278481 96.34
8127.4933860775 96.30
8245.7104995805 96.38
8365.6471205948 96.56
8487.328259933 96.81
8610.7792921984 97.11
8736.0259610765 97.40
8863.0943847033 97.66
8992.0110611117 97.86
9122.8028737575 97.93
9255.4970971253 97.88
9390.1214024162 97.71
9526.7038633184 97.46
9665.272961861 97.14
9805.8575943538 96.82
9948.4870774134 96.51
10093.191154076 96.23
10240.0000000005 95.98
10388.9442297607 95.74
10540.0549032298 95.52
10693.3635320572 95.32
10848.9020862397 95.18
11006.7030007884 95.12
11166.7991824927 95.11
11329.2240167822 95.18
11494.0113746885 95.26
11661.1956199091 95.25
11830.8116159726 95.17
12002.8947335097 94.99
12177.4808576284 94.78
12354.6063953979 94.53
12534.3082834402 94.25
12716.6239956331 93.96
12901.5915509241 93.71
13089.2495212594 93.48
13279.637039627 93.33
13472.7938082171 93.31
13668.7601067018 93.45
13867.5768006344 93.76
14069.2853499715 94.20
14273.9278177184 94.71
14481.5468787012 95.03
14692.1858284653 94.72
14905.8885923047 93.73
15122.6997344212 92.22
15342.6644672179 90.49
15565.8286607277 88.82
15792.2388521781 87.36
16021.9422556964 86.22
16254.9867721551 85.56
16491.4209991611 85.44
16731.2942411897 86.00
16974.656519866 87.40
17221.5585843969 89.11
17472.0519221531 88.75
17726.1887694067 85.83
17984.0221222235 82.54
18245.605747515 79.71
18510.9941942506 77.25
18780.2428048326 75.32
19053.4077266369 73.47
19330.545923722 71.76
19611.7151887077 69.36
19896.9741548268 67.93
20186.382308152 67.93
