20 5.5
20.2 5.5
20.4 5.49
20.61 5.48
20.81 5.46
21.02 5.45
21.23 5.44
21.44 5.43
21.66 5.44
21.87 5.46
22.09 5.49
22.31 5.53
22.54 5.57
22.76 5.61
22.99 5.64
23.22 5.65
23.45 5.66
23.69 5.66
23.92 5.66
24.16 5.66
24.4 5.66
24.65 5.67
24.89 5.7
25.14 5.72
25.39 5.75
25.65 5.77
25.91 5.78
26.16 5.78
26.43 5.76
26.69 5.74
26.96 5.71
27.23 5.69
27.5 5.69
27.77 5.7
28.05 5.72
28.33 5.75
28.62 5.79
28.9 5.83
29.19 5.85
29.48 5.88
29.78 5.89
30.08 5.89
30.38 5.89
30.68 5.88
30.99 5.87
31.3 5.87
31.61 5.87
31.93 5.88
32.24 5.89
32.57 5.91
32.89 5.92
33.22 5.93
33.55 5.94
33.89 5.94
34.23 5.95
34.57 5.95
34.92 5.95
35.27 5.95
35.62 5.95
35.97 5.96
36.33 5.96
36.7 5.96
37.06 5.96
37.43 5.97
37.81 5.97
38.19 5.97
38.57 5.97
38.95 5.97
39.34 5.96
39.74 5.96
40.14 5.96
40.54 5.96
40.94 5.96
41.35 5.96
41.76 5.96
42.18 5.96
42.6 5.95
43.03 5.95
43.46 5.94
43.9 5.94
44.33 5.93
44.78 5.93
45.23 5.93
45.68 5.93
46.13 5.93
46.6 5.93
47.06 5.93
47.53 5.94
48.01 5.93
48.49 5.93
48.97 5.92
49.46 5.9
49.96 5.89
50.46 5.88
50.96 5.86
51.47 5.85
51.99 5.84
52.51 5.83
53.03 5.83
53.56 5.82
54.1 5.81
54.64 5.8
55.18 5.8
55.74 5.79
56.29 5.79
56.86 5.78
57.42 5.77
58 5.76
58.58 5.75
59.16 5.74
59.76 5.74
60.35 5.73
60.96 5.72
61.57 5.71
62.18 5.7
62.8 5.69
63.43 5.67
64.07 5.65
64.71 5.63
65.35 5.61
66.01 5.59
66.67 5.57
67.33 5.55
68.01 5.54
68.69 5.52
69.37 5.5
70.07 5.49
70.77 5.48
71.48 5.47
72.19 5.46
72.91 5.44
73.64 5.42
74.38 5.41
75.12 5.39
75.87 5.37
76.63 5.35
77.4 5.33
78.17 5.31
78.95 5.3
79.74 5.28
80.54 5.26
81.35 5.24
82.16 5.22
82.98 5.2
83.81 5.18
84.65 5.17
85.5 5.15
86.35 5.14
87.22 5.14
88.09 5.15
88.97 5.15
89.86 5.15
90.76 5.12
91.66 5.08
92.58 5.03
93.51 4.98
94.44 4.94
95.39 4.91
96.34 4.89
97.3 4.86
98.28 4.84
99.26 4.82
100.25 4.8
101.25 4.77
102.27 4.74
103.29 4.72
104.32 4.69
105.37 4.66
106.42 4.64
107.48 4.61
108.56 4.59
109.64 4.56
110.74 4.54
111.85 4.52
112.97 4.49
114.1 4.47
115.24 4.44
116.39 4.42
117.55 4.39
118.73 4.37
119.92 4.34
121.12 4.31
122.33 4.28
123.55 4.25
124.79 4.22
126.03 4.2
127.29 4.17
128.57 4.14
129.85 4.12
131.15 4.09
132.46 4.06
133.79 4.03
135.12 4.01
136.48 3.98
137.84 3.95
139.22 3.93
140.61 3.9
142.02 3.87
143.44 3.84
144.87 3.81
146.32 3.78
147.78 3.75
149.26 3.72
150.75 3.69
152.26 3.66
153.78 3.63
155.32 3.61
156.88 3.58
158.44 3.55
160.03 3.52
161.63 3.49
163.24 3.46
164.88 3.43
166.53 3.4
168.19 3.37
169.87 3.33
171.57 3.3
173.29 3.27
175.02 3.24
176.77 3.22
178.54 3.19
180.32 3.17
182.13 3.15
183.95 3.14
185.79 3.12
187.65 3.1
189.52 3.08
191.42 3.06
193.33 3.03
195.27 3
197.22 2.97
199.19 2.94
201.18 2.91
203.19 2.87
205.23 2.84
207.28 2.8
209.35 2.77
211.44 2.73
213.56 2.69
215.69 2.65
217.85 2.62
220.03 2.58
222.23 2.54
224.45 2.5
226.7 2.45
228.96 2.41
231.25 2.36
233.57 2.31
235.9 2.27
238.26 2.22
240.64 2.17
243.05 2.11
245.48 2.06
247.93 2.01
250.41 1.96
252.92 1.9
255.45 1.85
258 1.8
260.58 1.74
263.19 1.69
265.82 1.63
268.48 1.58
271.16 1.52
273.87 1.47
276.61 1.42
279.38 1.36
282.17 1.31
284.99 1.26
287.84 1.21
290.72 1.17
293.63 1.12
296.57 1.08
299.53 1.04
302.53 1
305.55 0.97
308.61 0.94
311.69 0.9
314.81 0.87
317.96 0.85
321.14 0.82
324.35 0.79
327.59 0.77
330.87 0.75
334.18 0.72
337.52 0.7
340.9 0.68
344.3 0.66
347.75 0.64
351.23 0.62
354.74 0.59
358.28 0.57
361.87 0.55
365.49 0.53
369.14 0.5
372.83 0.48
376.56 0.46
380.33 0.44
384.13 0.41
387.97 0.39
391.85 0.36
395.77 0.34
399.73 0.31
403.72 0.29
407.76 0.26
411.84 0.24
415.96 0.21
420.12 0.19
424.32 0.17
428.56 0.14
432.85 0.13
437.18 0.11
441.55 0.1
445.96 0.09
450.42 0.09
454.93 0.09
459.48 0.09
464.07 0.09
468.71 0.08
473.4 0.07
478.13 0.06
482.91 0.04
487.74 0.02
492.62 0
497.55 -0.01
502.52 -0.03
507.55 -0.05
512.62 -0.06
517.75 -0.08
522.93 -0.09
528.16 -0.11
533.44 -0.13
538.77 -0.15
544.16 -0.17
549.6 -0.2
555.1 -0.22
560.65 -0.24
566.25 -0.27
571.92 -0.29
577.64 -0.31
583.41 -0.33
589.25 -0.35
595.14 -0.37
601.09 -0.39
607.1 -0.41
613.17 -0.43
619.3 -0.45
625.5 -0.47
631.75 -0.49
638.07 -0.5
644.45 -0.52
650.89 -0.54
657.4 -0.55
663.98 -0.57
670.62 -0.58
677.32 -0.6
684.1 -0.61
690.94 -0.62
697.85 -0.64
704.83 -0.65
711.87 -0.66
718.99 -0.67
726.18 -0.68
733.44 -0.69
740.78 -0.69
748.19 -0.7
755.67 -0.7
763.23 -0.71
770.86 -0.71
778.57 -0.71
786.35 -0.71
794.22 -0.7
802.16 -0.7
810.18 -0.69
818.28 -0.68
826.46 -0.67
834.73 -0.66
843.08 -0.65
851.51 -0.63
860.02 -0.61
868.62 -0.58
877.31 -0.56
886.08 -0.53
894.94 -0.5
903.89 -0.47
912.93 -0.44
922.06 -0.4
931.28 -0.36
940.59 -0.32
950 -0.27
959.5 -0.22
969.09 -0.17
978.78 -0.12
988.57 -0.07
998.46 -0.01
1008.44 0.05
1018.53 0.11
1028.71 0.17
1039 0.23
1049.39 0.3
1059.88 0.36
1070.48 0.43
1081.19 0.49
1092 0.56
1102.92 0.63
1113.95 0.69
1125.09 0.76
1136.34 0.82
1147.7 0.89
1159.18 0.95
1170.77 1.01
1182.48 1.07
1194.3 1.13
1206.25 1.19
1218.31 1.25
1230.49 1.31
1242.8 1.36
1255.22 1.42
1267.78 1.47
1280.45 1.53
1293.26 1.58
1306.19 1.63
1319.25 1.68
1332.45 1.74
1345.77 1.79
1359.23 1.84
1372.82 1.89
1386.55 1.95
1400.41 2
1414.42 2.06
1428.56 2.12
1442.85 2.17
1457.28 2.24
1471.85 2.3
1486.57 2.36
1501.43 2.43
1516.45 2.5
1531.61 2.57
1546.93 2.65
1562.4 2.73
1578.02 2.81
1593.8 2.9
1609.74 2.99
1625.84 3.08
1642.1 3.18
1658.52 3.28
1675.1 3.39
1691.85 3.5
1708.77 3.62
1725.86 3.73
1743.12 3.86
1760.55 3.99
1778.15 4.12
1795.94 4.25
1813.9 4.39
1832.03 4.53
1850.36 4.68
1868.86 4.82
1887.55 4.97
1906.42 5.12
1925.49 5.27
1944.74 5.41
1964.19 5.56
1983.83 5.7
2003.67 5.84
2023.71 5.98
2043.94 6.1
2064.38 6.23
2085.03 6.34
2105.88 6.44
2126.94 6.54
2148.2 6.62
2169.69 6.7
2191.38 6.76
2213.3 6.81
2235.43 6.86
2257.78 6.89
2280.36 6.92
2303.17 6.94
2326.2 6.95
2349.46 6.96
2372.95 6.97
2396.68 6.97
2420.65 6.97
2444.86 6.96
2469.31 6.95
2494 6.94
2518.94 6.92
2544.13 6.9
2569.57 6.87
2595.27 6.84
2621.22 6.81
2647.43 6.78
2673.9 6.76
2700.64 6.73
2727.65 6.7
2754.93 6.68
2782.48 6.67
2810.3 6.66
2838.4 6.65
2866.79 6.65
2895.46 6.65
2924.41 6.66
2953.65 6.67
2983.19 6.69
3013.02 6.71
3043.15 6.73
3073.58 6.75
3104.32 6.78
3135.36 6.81
3166.72 6.84
3198.38 6.87
3230.37 6.9
3262.67 6.94
3295.3 6.97
3328.25 7.01
3361.53 7.04
3395.15 7.07
3429.1 7.1
3463.39 7.13
3498.03 7.15
3533.01 7.17
3568.34 7.19
3604.02 7.2
3640.06 7.21
3676.46 7.21
3713.22 7.2
3750.36 7.19
3787.86 7.17
3825.74 7.15
3864 7.12
3902.64 7.08
3941.66 7.04
3981.08 7
4020.89 6.94
4061.1 6.88
4101.71 6.82
4142.73 6.75
4184.15 6.68
4226 6.6
4268.26 6.52
4310.94 6.44
4354.05 6.36
4397.59 6.27
4441.56 6.19
4485.98 6.1
4530.84 6.02
4576.15 5.94
4621.91 5.86
4668.13 5.79
4714.81 5.72
4761.96 5.65
4809.58 5.58
4857.67 5.52
4906.25 5.46
4955.31 5.41
5004.87 5.36
5054.91 5.31
5105.46 5.28
5156.52 5.25
5208.08 5.24
5260.16 5.24
5312.77 5.24
5365.89 5.26
5419.55 5.29
5473.75 5.32
5528.49 5.36
5583.77 5.4
5639.61 5.45
5696 5.49
5752.96 5.52
5810.49 5.55
5868.6 5.57
5927.28 5.58
5986.56 5.57
6046.42 5.55
6106.89 5.52
6167.96 5.48
6229.64 5.43
6291.93 5.38
6354.85 5.32
6418.4 5.26
6482.58 5.2
6547.41 5.14
6612.88 5.08
6679.01 5.02
6745.8 4.98
6813.26 4.93
6881.39 4.9
6950.21 4.88
7019.71 4.86
7089.91 4.86
7160.81 4.87
7232.41 4.88
7304.74 4.91
7377.79 4.94
7451.56 4.98
7526.08 5.02
7601.34 5.05
7677.35 5.06
7754.13 5.05
7831.67 4.97
7909.98 4.85
7989.08 4.67
8068.98 4.39
8149.67 4.05
8231.16 3.63
8313.47 3.15
8396.61 2.65
8480.57 2.19
8565.38 1.91
8651.03 1.73
8737.54 1.64
8824.92 1.45
8913.17 1.12
9002.3 0.74
9092.32 0.31
9183.25 -0.07
9275.08 -0.39
9367.83 -0.61
9461.51 -0.72
9556.12 -0.75
9651.68 -0.71
9748.2 -0.63
9845.68 -0.49
9944.14 -0.34
10043.58 -0.2
10144.02 -0.07
10245.46 0.01
10347.91 0.05
10451.39 0.05
10555.91 -0.02
10661.46 -0.14
10768.08 -0.3
10875.76 -0.51
10984.52 -0.77
11094.36 -1.05
11205.31 -1.35
11317.36 -1.67
11430.53 -1.98
11544.84 -2.28
11660.29 -2.55
11776.89 -2.81
11894.66 -3.03
12013.6 -3.24
12133.74 -3.44
12255.08 -3.64
12377.63 -3.84
12501.41 -4.06
12626.42 -4.29
12752.68 -4.53
12880.21 -4.8
13009.01 -5.07
13139.1 -5.35
13270.49 -5.65
13403.2 -5.95
13537.23 -6.27
13672.6 -6.59
13809.33 -6.91
13947.42 -7.23
14086.9 -7.55
14227.77 -7.86
14370.04 -8.17
14513.74 -8.46
14658.88 -8.74
14805.47 -9
14953.52 -9.24
15103.06 -9.45
15254.09 -9.64
15406.63 -9.78
15560.7 -9.88
15716.3 -9.94
15873.47 -9.95
16032.2 -9.95
16192.52 -9.94
16354.45 -9.96
16517.99 -10.02
16683.17 -10.21
16850.01 -10.55
17018.51 -11.02
17188.69 -11.76
17360.58 -12.73
17534.18 -13.89
17709.53 -15.35
17886.62 -17.07
18065.49 -18.98
18246.14 -21.1
18428.6 -23.5
18612.89 -26.07
18799.02 -28.74
18987.01 -31.45
19176.88 -33.43
19368.65 -34.36
19562.33 -34.38
19757.96 -33.79
19955.54 -33.2