20 10.62
20.2 10.62
20.4 10.61
20.61 10.61
20.81 10.6
21.02 10.59
21.23 10.58
21.44 10.57
21.66 10.56
21.87 10.55
22.09 10.54
22.31 10.53
22.54 10.52
22.76 10.51
22.99 10.5
23.22 10.49
23.45 10.48
23.69 10.47
23.92 10.45
24.16 10.44
24.4 10.43
24.65 10.41
24.89 10.4
25.14 10.38
25.39 10.36
25.65 10.34
25.91 10.33
26.16 10.31
26.43 10.29
26.69 10.28
26.96 10.26
27.23 10.24
27.5 10.22
27.77 10.2
28.05 10.18
28.33 10.16
28.62 10.14
28.9 10.12
29.19 10.1
29.48 10.08
29.78 10.05
30.08 10.03
30.38 10.01
30.68 9.98
30.99 9.96
31.3 9.93
31.61 9.91
31.93 9.88
32.24 9.85
32.57 9.83
32.89 9.8
33.22 9.78
33.55 9.75
33.89 9.72
34.23 9.7
34.57 9.67
34.92 9.64
35.27 9.61
35.62 9.58
35.97 9.55
36.33 9.51
36.7 9.48
37.06 9.45
37.43 9.42
37.81 9.38
38.19 9.35
38.57 9.32
38.95 9.28
39.34 9.25
39.74 9.21
40.14 9.18
40.54 9.14
40.94 9.11
41.35 9.07
41.76 9.03
42.18 8.99
42.6 8.96
43.03 8.92
43.46 8.88
43.9 8.84
44.33 8.8
44.78 8.76
45.23 8.72
45.68 8.68
46.13 8.63
46.6 8.59
47.06 8.55
47.53 8.5
48.01 8.46
48.49 8.42
48.97 8.37
49.46 8.33
49.96 8.29
50.46 8.24
50.96 8.2
51.47 8.15
51.99 8.11
52.51 8.06
53.03 8.02
53.56 7.97
54.1 7.92
54.64 7.88
55.18 7.83
55.74 7.78
56.29 7.74
56.86 7.69
57.42 7.64
58 7.59
58.58 7.54
59.16 7.49
59.76 7.44
60.35 7.39
60.96 7.33
61.57 7.28
62.18 7.23
62.8 7.18
63.43 7.13
64.07 7.08
64.71 7.03
65.35 6.97
66.01 6.92
66.67 6.86
67.33 6.81
68.01 6.75
68.69 6.7
69.37 6.64
70.07 6.59
70.77 6.53
71.48 6.48
72.19 6.42
72.91 6.37
73.64 6.31
74.38 6.25
75.12 6.2
75.87 6.14
76.63 6.09
77.4 6.03
78.17 5.97
78.95 5.92
79.74 5.86
80.54 5.8
81.35 5.75
82.16 5.69
82.98 5.63
83.81 5.58
84.65 5.52
85.5 5.46
86.35 5.39
87.22 5.32
88.09 5.25
88.97 5.18
89.86 5.11
90.76 5.05
91.66 5.01
92.58 4.97
93.51 4.92
94.44 4.87
95.39 4.81
96.34 4.75
97.3 4.69
98.28 4.63
99.26 4.57
100.25 4.51
101.25 4.45
102.27 4.39
103.29 4.33
104.32 4.27
105.37 4.21
106.42 4.15
107.48 4.08
108.56 4.02
109.64 3.96
110.74 3.9
111.85 3.84
112.97 3.78
114.1 3.72
115.24 3.66
116.39 3.6
117.55 3.53
118.73 3.47
119.92 3.41
121.12 3.35
122.33 3.29
123.55 3.23
124.79 3.17
126.03 3.11
127.29 3.05
128.57 2.99
129.85 2.93
131.15 2.87
132.46 2.81
133.79 2.75
135.12 2.68
136.48 2.62
137.84 2.55
139.22 2.48
140.61 2.41
142.02 2.35
143.44 2.29
144.87 2.23
146.32 2.17
147.78 2.12
149.26 2.06
150.75 2.02
152.26 1.97
153.78 1.94
155.32 1.92
156.88 1.9
158.44 1.88
160.03 1.86
161.63 1.83
163.24 1.8
164.88 1.77
166.53 1.73
168.19 1.69
169.87 1.65
171.57 1.61
173.29 1.57
175.02 1.52
176.77 1.48
178.54 1.43
180.32 1.38
182.13 1.33
183.95 1.29
185.79 1.24
187.65 1.19
189.52 1.14
191.42 1.1
193.33 1.05
195.27 1
197.22 0.95
199.19 0.91
201.18 0.86
203.19 0.81
205.23 0.77
207.28 0.72
209.35 0.67
211.44 0.63
213.56 0.58
215.69 0.54
217.85 0.5
220.03 0.45
222.23 0.41
224.45 0.37
226.7 0.33
228.96 0.29
231.25 0.25
233.57 0.21
235.9 0.17
238.26 0.14
240.64 0.1
243.05 0.06
245.48 0.03
247.93 0
250.41 -0.04
252.92 -0.07
255.45 -0.1
258 -0.14
260.58 -0.17
263.19 -0.2
265.82 -0.23
268.48 -0.27
271.16 -0.3
273.87 -0.33
276.61 -0.36
279.38 -0.39
282.17 -0.42
284.99 -0.44
287.84 -0.47
290.72 -0.5
293.63 -0.52
296.57 -0.54
299.53 -0.56
302.53 -0.58
305.55 -0.59
308.61 -0.6
311.69 -0.6
314.81 -0.6
317.96 -0.61
321.14 -0.61
324.35 -0.61
327.59 -0.62
330.87 -0.62
334.18 -0.63
337.52 -0.64
340.9 -0.65
344.3 -0.66
347.75 -0.67
351.23 -0.68
354.74 -0.69
358.28 -0.7
361.87 -0.71
365.49 -0.72
369.14 -0.72
372.83 -0.73
376.56 -0.74
380.33 -0.74
384.13 -0.75
387.97 -0.75
391.85 -0.76
395.77 -0.76
399.73 -0.76
403.72 -0.77
407.76 -0.77
411.84 -0.77
415.96 -0.77
420.12 -0.77
424.32 -0.77
428.56 -0.77
432.85 -0.77
437.18 -0.77
441.55 -0.76
445.96 -0.76
450.42 -0.75
454.93 -0.75
459.48 -0.74
464.07 -0.74
468.71 -0.73
473.4 -0.73
478.13 -0.72
482.91 -0.71
487.74 -0.71
492.62 -0.7
497.55 -0.69
502.52 -0.68
507.55 -0.67
512.62 -0.67
517.75 -0.66
522.93 -0.65
528.16 -0.64
533.44 -0.63
538.77 -0.62
544.16 -0.61
549.6 -0.6
555.1 -0.59
560.65 -0.58
566.25 -0.57
571.92 -0.56
577.64 -0.55
583.41 -0.54
589.25 -0.53
595.14 -0.52
601.09 -0.51
607.1 -0.5
613.17 -0.49
619.3 -0.48
625.5 -0.47
631.75 -0.46
638.07 -0.46
644.45 -0.45
650.89 -0.44
657.4 -0.43
663.98 -0.42
670.62 -0.42
677.32 -0.41
684.1 -0.4
690.94 -0.39
697.85 -0.38
704.83 -0.36
711.87 -0.35
718.99 -0.34
726.18 -0.33
733.44 -0.33
740.78 -0.33
748.19 -0.33
755.67 -0.34
763.23 -0.35
770.86 -0.35
778.57 -0.36
786.35 -0.36
794.22 -0.36
802.16 -0.36
810.18 -0.36
818.28 -0.36
826.46 -0.36
834.73 -0.35
843.08 -0.35
851.51 -0.34
860.02 -0.33
868.62 -0.31
877.31 -0.3
886.08 -0.28
894.94 -0.26
903.89 -0.24
912.93 -0.22
922.06 -0.2
931.28 -0.18
940.59 -0.16
950 -0.14
959.5 -0.11
969.09 -0.08
978.78 -0.06
988.57 -0.03
998.46 0
1008.44 0.02
1018.53 0.05
1028.71 0.08
1039 0.11
1049.39 0.14
1059.88 0.17
1070.48 0.19
1081.19 0.22
1092 0.25
1102.92 0.27
1113.95 0.3
1125.09 0.32
1136.34 0.34
1147.7 0.36
1159.18 0.38
1170.77 0.4
1182.48 0.42
1194.3 0.43
1206.25 0.44
1218.31 0.45
1230.49 0.46
1242.8 0.47
1255.22 0.47
1267.78 0.47
1280.45 0.48
1293.26 0.48
1306.19 0.47
1319.25 0.47
1332.45 0.47
1345.77 0.47
1359.23 0.46
1372.82 0.46
1386.55 0.45
1400.41 0.44
1414.42 0.44
1428.56 0.43
1442.85 0.42
1457.28 0.42
1471.85 0.41
1486.57 0.4
1501.43 0.39
1516.45 0.38
1531.61 0.38
1546.93 0.37
1562.4 0.36
1578.02 0.36
1593.8 0.35
1609.74 0.35
1625.84 0.34
1642.1 0.34
1658.52 0.34
1675.1 0.34
1691.85 0.34
1708.77 0.34
1725.86 0.35
1743.12 0.35
1760.55 0.36
1778.15 0.37
1795.94 0.38
1813.9 0.39
1832.03 0.4
1850.36 0.42
1868.86 0.44
1887.55 0.46
1906.42 0.48
1925.49 0.51
1944.74 0.54
1964.19 0.57
1983.83 0.61
2003.67 0.65
2023.71 0.69
2043.94 0.74
2064.38 0.78
2085.03 0.83
2105.88 0.88
2126.94 0.93
2148.2 0.99
2169.69 1.05
2191.38 1.12
2213.3 1.2
2235.43 1.28
2257.78 1.36
2280.36 1.45
2303.17 1.53
2326.2 1.61
2349.46 1.69
2372.95 1.77
2396.68 1.85
2420.65 1.92
2444.86 2
2469.31 2.07
2494 2.15
2518.94 2.22
2544.13 2.3
2569.57 2.37
2595.27 2.45
2621.22 2.53
2647.43 2.61
2673.9 2.69
2700.64 2.78
2727.65 2.87
2754.93 2.96
2782.48 3.05
2810.3 3.14
2838.4 3.23
2866.79 3.31
2895.46 3.39
2924.41 3.46
2953.65 3.52
2983.19 3.58
3013.02 3.63
3043.15 3.68
3073.58 3.73
3104.32 3.77
3135.36 3.81
3166.72 3.85
3198.38 3.89
3230.37 3.91
3262.67 3.91
3295.3 3.9
3328.25 3.84
3361.53 3.77
3395.15 3.66
3429.1 3.5
3463.39 3.33
3498.03 3.13
3533.01 2.92
3568.34 2.7
3604.02 2.48
3640.06 2.27
3676.46 2.07
3713.22 1.88
3750.36 1.71
3787.86 1.55
3825.74 1.4
3864 1.28
3902.64 1.2
3941.66 1.12
3981.08 1.08
4020.89 1.06
4061.1 1.07
4101.71 1.1
4142.73 1.15
4184.15 1.22
4226 1.31
4268.26 1.42
4310.94 1.55
4354.05 1.72
4397.59 1.9
4441.56 2.08
4485.98 2.27
4530.84 2.45
4576.15 2.61
4621.91 2.76
4668.13 2.89
4714.81 2.99
4761.96 3.08
4809.58 3.16
4857.67 3.23
4906.25 3.3
4955.31 3.39
5004.87 3.5
5054.91 3.64
5105.46 3.8
5156.52 3.98
5208.08 4.2
5260.16 4.44
5312.77 4.69
5365.89 4.94
5419.55 5.2
5473.75 5.44
5528.49 5.66
5583.77 5.84
5639.61 5.98
5696 6.09
5752.96 6.14
5810.49 6.18
5868.6 6.15
5927.28 6.11
5986.56 6.04
6046.42 5.95
6106.89 5.84
6167.96 5.73
6229.64 5.61
6291.93 5.5
6354.85 5.39
6418.4 5.29
6482.58 5.2
6547.41 5.12
6612.88 5.05
6679.01 4.99
6745.8 4.93
6813.26 4.88
6881.39 4.83
6950.21 4.78
7019.71 4.73
7089.91 4.67
7160.81 4.61
7232.41 4.54
7304.74 4.46
7377.79 4.38
7451.56 4.29
7526.08 4.2
7601.34 4.11
7677.35 4.02
7754.13 3.94
7831.67 3.86
7909.98 3.79
7989.08 3.73
8068.98 3.69
8149.67 3.66
8231.16 3.64
8313.47 3.66
8396.61 3.69
8480.57 3.76
8565.38 3.86
8651.03 3.98
8737.54 4.13
8824.92 4.28
8913.17 4.43
9002.3 4.57
9092.32 4.64
9183.25 4.65
9275.08 4.58
9367.83 4.4
9461.51 4.1
9556.12 3.72
9651.68 3.25
9748.2 2.73
9845.68 2.17
9944.14 1.62
10043.58 1.11
10144.02 0.62
10245.46 0.23
10347.91 -0.12
10451.39 -0.41
10555.91 -0.63
10661.46 -0.82
10768.08 -0.98
10875.76 -1.13
10984.52 -1.28
11094.36 -1.44
11205.31 -1.62
11317.36 -1.83
11430.53 -2.05
11544.84 -2.31
11660.29 -2.58
11776.89 -2.86
11894.66 -3.1
12013.6 -3.34
12133.74 -3.53
12255.08 -3.65
12377.63 -3.71
12501.41 -3.71
12626.42 -3.63
12752.68 -3.49
12880.21 -3.3
13009.01 -3.1
13139.1 -2.89
13270.49 -2.72
13403.2 -2.56
13537.23 -2.53
13672.6 -2.59
13809.33 -2.74
13947.42 -3.1
14086.9 -3.62
14227.77 -4.24
14370.04 -4.96
14513.74 -5.79
14658.88 -6.69
14805.47 -7.57
14953.52 -8.45
15103.06 -9.24
15254.09 -9.98
15406.63 -10.55
15560.7 -11.04
15716.3 -11.39
15873.47 -11.55
16032.2 -11.6
16192.52 -11.43
16354.45 -11.09
16517.99 -10.66
16683.17 -10.14
16850.01 -9.7
17018.51 -9.35
17188.69 -9.37
17360.58 -9.76
17534.18 -10.47
17709.53 -11.68
17886.62 -13.3
18065.49 -15.19
18246.14 -17.32
18428.6 -19.72
18612.89 -22.22
18799.02 -24.79
18987.01 -27.38
19176.88 -29.76
19368.65 -31.75
19562.33 -33.25
19757.96 -34.19
19955.54 -35.13