20 94.82
20.2909066988 94.87
20.5860447329 94.92
20.8854756485 94.97
21.1892618872 95.01
21.4974667984 95.06
21.8101546533 95.10
22.1273906578 95.14
22.4492409662 95.17
22.7757726951 95.21
23.1070539374 95.25
23.4431537764 95.28
23.7841423001 95.31
24.130090616 95.34
24.4810708661 95.37
24.8371562415 95.40
25.1984209979 95.42
25.5649404712 95.44
25.936791093 95.47
26.3140504067 95.49
26.6967970834 95.51
27.0851109387 95.53
27.4790729492 95.55
27.878765269 95.57
28.2842712475 95.58
28.6956754462 95.59
29.1130636568 95.60
29.5365229188 95.61
29.9661415375 95.62
30.402009103 95.63
30.8442165082 95.63
31.2928559682 95.63
31.7480210394 95.63
32.209806639 95.62
32.6783090648 95.62
33.1536260154 95.61
33.6358566101 95.60
34.1251014105 95.59
34.6214624402 95.58
35.1250432075 95.57
35.6359487256 95.56
36.1542855356 95.55
36.6801617282 95.53
37.2136869661 95.51
37.7549725073 95.49
38.3041312279 95.47
38.8612776461 95.45
39.4265279456 95.42
40 95.39
40.5818133975 95.36
41.1720894657 95.33
41.7709512971 95.30
42.3785237744 95.27
42.9949335968 95.23
43.6203093066 95.19
44.2547813156 95.15
44.8984819324 95.12
45.5515453903 95.09
46.2141078749 95.04
46.8863075528 95.00
47.5682846001 94.96
48.260181232 94.91
48.9621417322 94.86
49.6743124829 94.80
50.3968419958 94.75
51.1298809424 94.70
51.873582186 94.64
52.6281008133 94.59
53.3935941668 94.53
54.1702218775 94.47
54.9581458983 94.41
55.757530538 94.35
56.5685424949 94.29
57.3913508924 94.22
58.2261273137 94.15
59.0730458376 94.08
59.9322830751 94.01
60.804018206 93.94
61.6884330163 93.87
62.5857119363 93.79
63.4960420787 93.72
64.419613278 93.64
65.3566181296 93.57
66.3072520307 93.49
67.2717132203 93.41
68.2502028209 93.33
69.2429248805 93.25
70.2500864149 93.16
71.2718974512 93.08
72.3085710713 92.99
73.3603234564 92.91
74.4273739322 92.82
75.5099450145 92.73
76.6082624559 92.64
77.7225552923 92.55
78.8530558912 92.46
80 92.36
81.163626795 92.27
82.3441789315 92.18
83.5419025942 92.08
84.7570475487 91.98
85.9898671937 91.88
87.2406186132 91.78
88.5095626311 91.68
89.7969638648 91.58
91.1030907805 91.48
92.4282157498 91.38
93.7726151055 91.28
95.1365692002 91.17
96.520362464 91.07
97.9242834644 90.97
99.3486249659 90.86
100.7936839916 90.75
102.2597618848 90.65
103.7471643721 90.54
105.2562016267 90.43
106.7871883336 90.32
108.340443755 90.21
109.9162917966 90.10
111.5150610759 89.99
113.1370849898 89.88
114.7827017849 89.77
116.4522546274 89.66
118.1460916752 89.55
119.8645661501 89.44
121.6080364119 89.33
123.3768660326 89.22
125.1714238726 89.11
126.9920841575 89.00
128.8392265559 88.90
130.7132362593 88.80
132.6145040614 88.69
134.5434264406 88.59
136.5004056418 88.49
138.485849761 88.38
140.5001728299 88.28
142.5437949025 88.18
144.6171421426 88.08
146.7206469127 87.98
148.8547478643 87.87
151.0198900291 87.78
153.2165249118 87.68
155.4451105846 87.58
157.7061117824 87.48
160 87.38
162.32725359 87.29
164.688357863 87.19
167.0838051884 87.10
169.5140950975 86.99
171.9797343873 86.87
174.4812372264 86.72
177.0191252622 86.55
179.5939277295 86.37
182.2061815611 86.19
184.8564314996 86.04
187.5452302111 85.93
190.2731384004 85.84
193.0407249281 85.78
195.8485669287 85.71
198.6972499318 85.65
201.5873679832 85.57
204.5195237697 85.50
207.4943287442 85.42
210.5124032534 85.34
213.5743766672 85.26
216.6808875099 85.18
219.8325835933 85.10
223.0301221518 85.02
226.2741699797 84.94
229.5654035698 84.86
232.9045092548 84.77
236.2921833503 84.69
239.7291323003 84.61
243.2160728239 84.54
246.7537320653 84.46
250.3428477452 84.39
253.9841683149 84.31
257.6784531119 84.24
261.4264725186 84.16
265.2290081229 84.09
269.0868528812 84.02
273.0008112836 83.95
276.971699522 83.87
281.0003456597 83.81
285.0875898049 83.74
289.2342842852 83.68
293.4412938255 83.61
297.7094957287 83.55
302.0397800581 83.49
306.4330498235 83.43
310.8902211692 83.37
315.4122235649 83.32
320 83.26
324.65450718 83.21
329.3767157259 83.16
334.1676103768 83.11
339.028190195 83.06
343.9594687746 83.01
348.9624744529 82.97
354.0382505244 82.93
359.187855459 82.89
364.4123631221 82.85
369.7128629991 82.81
375.0904604222 82.77
380.5462768009 82.74
386.0814498562 82.70
391.6971338575 82.67
397.3944998635 82.64
403.1747359664 82.61
409.0390475393 82.59
414.9886574883 82.56
421.0248065068 82.54
427.1487533344 82.51
433.3617750198 82.49
439.6651671866 82.48
446.0602443037 82.46
452.5483399594 82.45
459.1308071395 82.43
465.8090185095 82.42
472.5843667007 82.42
479.4582646005 82.41
486.4321456477 82.40
493.5074641306 82.40
500.6856954905 82.39
507.9683366298 82.39
515.3569062238 82.40
522.8529450372 82.40
530.4580162458 82.41
538.1737057624 82.42
546.0016225673 82.43
553.9433990439 82.44
562.0006913195 82.46
570.1751796098 82.48
578.4685685703 82.50
586.882587651 82.52
595.4189914574 82.55
604.0795601163 82.58
612.8660996471 82.61
621.7804423383 82.64
630.8244471297 82.67
640 82.71
649.30901436 82.75
658.7534314519 82.79
668.3352207536 82.84
678.05638039 82.89
687.9189375493 82.94
697.9249489058 82.99
708.0765010489 83.04
718.375710918 83.10
728.8247262443 83.16
739.4257259983 83.22
750.1809208443 83.28
761.0925536018 83.35
772.1628997124 83.42
783.394267715 83.49
794.7889997271 83.57
806.3494719327 83.65
818.0780950787 83.73
829.9773149767 83.81
842.0496130136 83.90
854.2975066688 83.98
866.7235500396 84.08
879.3303343732 84.18
892.1204886074 84.29
905.0966799188 84.40
918.2616142791 84.51
931.618037019 84.63
945.1687334013 84.75
958.9165292011 84.88
972.8642912955 85.02
987.0149282611 85.17
1001.371390981 85.32
1015.9366732597 85.48
1030.7138124476 85.65
1045.7058900743 85.82
1060.9160324916 85.99
1076.3474115248 86.16
1092.0032451345 86.34
1107.8867980879 86.51
1124.0013826389 86.68
1140.3503592197 86.86
1156.9371371406 87.02
1173.765175302 87.19
1190.8379829148 87.34
1208.1591202326 87.50
1225.7321992942 87.65
1243.5608846767 87.80
1261.6488942595 87.94
1280 88.08
1298.6180287201 88.21
1317.5068629037 88.34
1336.6704415071 88.47
1356.1127607799 88.59
1375.8378750985 88.71
1395.8498978116 88.82
1416.1530020977 88.93
1436.751421836 89.04
1457.6494524886 89.14
1478.8514519966 89.23
1500.3618416887 89.33
1522.1851072035 89.41
1544.3257994247 89.50
1566.78853543 89.58
1589.5779994541 89.66
1612.6989438655 89.73
1636.1561901574 89.79
1659.9546299533 89.85
1684.0992260271 89.91
1708.5950133377 89.96
1733.4471000793 90.01
1758.6606687464 90.06
1784.2409772148 90.10
1810.1933598376 90.15
1836.5232285581 90.19
1863.2360740381 90.23
1890.3374668026 90.26
1917.8330584022 90.30
1945.7285825909 90.34
1974.0298565222 90.38
2002.742781962 90.43
2031.8733465194 90.47
2061.4276248951 90.52
2091.4117801487 90.57
2121.8320649832 90.63
2152.6948230496 90.69
2184.0064902691 90.76
2215.7735961758 90.84
2248.0027652779 90.92
2280.7007184393 91.00
2313.8742742813 91.10
2347.530350604 91.20
2381.6759658296 91.31
2416.3182404652 91.42
2451.4643985884 91.54
2487.1217693533 91.66
2523.297788519 91.78
2560.0000000001 91.91
2597.2360574402 92.04
2635.0137258074 92.17
2673.3408830143 92.30
2712.2255215599 92.43
2751.6757501971 92.56
2791.6997956232 92.69
2832.3060041955 92.81
2873.5028436721 92.94
2915.2989049772 93.06
2957.7029039931 93.18
3000.7236833774 93.31
3044.3702144071 93.43
3088.6515988494 93.55
3133.57707086 93.67
3179.1559989082 93.77
3225.397887731 93.85
3272.3123803148 93.91
3319.9092599067 93.93
3368.1984520542 93.90
3417.1900266754 93.80
3466.8942001586 93.63
3517.3213374928 93.38
3568.4819544296 93.08
3620.3867196753 92.73
3673.0464571163 92.36
3726.4721480761 92.01
3780.6749336053 91.68
3835.6661168044 91.38
3891.4571651819 91.12
3948.0597130445 90.89
4005.4855639241 90.69
4063.7466930387 90.50
4122.8552497902 90.34
4182.8235602974 90.20
4243.6641299665 90.09
4305.3896460992 90.01
4368.0129805382 89.96
4431.5471923516 89.93
4496.0055305558 89.89
4561.4014368787 89.85
4627.7485485626 89.79
4695.0607012081 89.71
4763.3519316592 89.61
4832.6364809305 89.49
4902.9287971769 89.34
4974.2435387067 89.17
5046.595577038 88.96
5120.0000000002 88.72
5194.4721148803 88.44
5270.0274516149 88.13
5346.6817660286 87.80
5424.4510431198 87.44
5503.3515003942 87.08
5583.3995912463 86.71
5664.6120083911 86.34
5747.0056873442 85.99
5830.5978099545 85.65
5915.4058079863 85.32
6001.4473667548 85.02
6088.7404288142 84.75
6177.3031976989 84.52
6267.1541417201 84.33
6358.3119978165 84.21
6450.795775462 84.15
6544.6247606297 84.13
6639.8185198134 84.17
6736.3969041085 84.25
6834.3800533509 84.38
6933.7884003172 84.56
7034.6426749857 84.80
7136.9639088592 85.08
7240.7734393506 85.43
7346.0929142326 85.85
7452.9442961523 86.39
7561.3498672106 87.02
7671.3322336089 87.69
7782.9143303638 88.35
7896.119426089 88.96
8010.9711278481 89.45
8127.4933860775 89.74
8245.7104995805 89.84
8365.6471205948 89.75
8487.328259933 89.53
8610.7792921984 89.20
8736.0259610765 88.80
8863.0943847033 88.39
8992.0110611117 87.99
9122.8028737575 87.62
9255.4970971253 87.30
9390.1214024162 87.05
9526.7038633184 86.88
9665.272961861 86.76
9805.8575943538 86.68
9948.4870774134 86.60
10093.191154076 86.51
10240.0000000005 86.39
10388.9442297607 86.23
10540.0549032298 86.10
10693.3635320572 86.11
10848.9020862397 86.24
11006.7030007884 86.35
11166.7991824927 86.37
11329.2240167822 86.24
11494.0113746885 86.02
11661.1956199091 85.69
11830.8116159726 85.31
12002.8947335097 84.88
12177.4808576284 84.42
12354.6063953979 83.96
12534.3082834402 83.50
12716.6239956331 83.06
12901.5915509241 82.66
13089.2495212594 82.27
13279.637039627 81.82
13472.7938082171 81.25
13668.7601067018 80.57
13867.5768006344 79.86
14069.2853499715 79.38
14273.9278177184 79.21
14481.5468787012 79.33
14692.1858284653 79.65
14905.8885923047 80.02
15122.6997344212 80.34
15342.6644672179 80.47
15565.8286607277 80.19
15792.2388521781 79.39
16021.9422556964 78.31
16254.9867721551 77.31
16491.4209991611 76.43
16731.2942411897 75.69
16974.656519866 75.15
17221.5585843969 74.96
17472.0519221531 75.20
17726.1887694067 75.75
17984.0221222235 76.31
18245.605747515 76.68
18510.9941942506 76.98
18780.2428048326 77.53
19053.4077266369 78.36
19330.545923722 79.06
19611.7151887077 79.22
19896.9741548268 78.94
20186.382308152 78.81
