20 93.19
20.2909066988 93.25
20.5860447329 93.30
20.8854756485 93.35
21.1892618872 93.40
21.4974667984 93.44
21.8101546533 93.48
22.1273906578 93.52
22.4492409662 93.56
22.7757726951 93.60
23.1070539374 93.64
23.4431537764 93.68
23.7841423001 93.71
24.130090616 93.74
24.4810708661 93.77
24.8371562415 93.80
25.1984209979 93.83
25.5649404712 93.86
25.936791093 93.89
26.3140504067 93.91
26.6967970834 93.93
27.0851109387 93.95
27.4790729492 93.96
27.878765269 93.98
28.2842712475 94.00
28.6956754462 94.02
29.1130636568 94.03
29.5365229188 94.04
29.9661415375 94.05
30.402009103 94.06
30.8442165082 94.06
31.2928559682 94.07
31.7480210394 94.07
32.209806639 94.07
32.6783090648 94.07
33.1536260154 94.07
33.6358566101 94.06
34.1251014105 94.06
34.6214624402 94.05
35.1250432075 94.04
35.6359487256 94.03
36.1542855356 94.02
36.6801617282 94.01
37.2136869661 93.99
37.7549725073 93.98
38.3041312279 93.96
38.8612776461 93.94
39.4265279456 93.91
40 93.89
40.5818133975 93.87
41.1720894657 93.85
41.7709512971 93.82
42.3785237744 93.79
42.9949335968 93.77
43.6203093066 93.74
44.2547813156 93.70
44.8984819324 93.65
45.5515453903 93.62
46.2141078749 93.58
46.8863075528 93.55
47.5682846001 93.50
48.260181232 93.46
48.9621417322 93.41
49.6743124829 93.36
50.3968419958 93.31
51.1298809424 93.27
51.873582186 93.22
52.6281008133 93.17
53.3935941668 93.11
54.1702218775 93.06
54.9581458983 93.01
55.757530538 92.95
56.5685424949 92.89
57.3913508924 92.83
58.2261273137 92.77
59.0730458376 92.71
59.9322830751 92.65
60.804018206 92.58
61.6884330163 92.51
62.5857119363 92.45
63.4960420787 92.38
64.419613278 92.31
65.3566181296 92.24
66.3072520307 92.16
67.2717132203 92.09
68.2502028209 92.02
69.2429248805 91.94
70.2500864149 91.87
71.2718974512 91.79
72.3085710713 91.71
73.3603234564 91.64
74.4273739322 91.55
75.5099450145 91.47
76.6082624559 91.39
77.7225552923 91.31
78.8530558912 91.23
80 91.14
81.163626795 91.06
82.3441789315 90.97
83.5419025942 90.88
84.7570475487 90.80
85.9898671937 90.71
87.2406186132 90.62
88.5095626311 90.53
89.7969638648 90.44
91.1030907805 90.35
92.4282157498 90.26
93.7726151055 90.17
95.1365692002 90.07
96.520362464 89.98
97.9242834644 89.89
99.3486249659 89.79
100.7936839916 89.70
102.2597618848 89.60
103.7471643721 89.51
105.2562016267 89.41
106.7871883336 89.31
108.340443755 89.22
109.9162917966 89.12
111.5150610759 89.02
113.1370849898 88.93
114.7827017849 88.83
116.4522546274 88.73
118.1460916752 88.64
119.8645661501 88.54
121.6080364119 88.44
123.3768660326 88.35
125.1714238726 88.25
126.9920841575 88.16
128.8392265559 88.07
130.7132362593 87.98
132.6145040614 87.89
134.5434264406 87.80
136.5004056418 87.72
138.485849761 87.63
140.5001728299 87.54
142.5437949025 87.45
144.6171421426 87.37
146.7206469127 87.28
148.8547478643 87.20
151.0198900291 87.12
153.2165249118 87.04
155.4451105846 86.95
157.7061117824 86.87
160 86.79
162.32725359 86.71
164.688357863 86.63
167.0838051884 86.55
169.5140950975 86.47
171.9797343873 86.36
174.4812372264 86.23
177.0191252622 86.07
179.5939277295 85.91
182.2061815611 85.75
184.8564314996 85.62
187.5452302111 85.52
190.2731384004 85.45
193.0407249281 85.40
195.8485669287 85.36
198.6972499318 85.31
201.5873679832 85.25
204.5195237697 85.20
207.4943287442 85.14
210.5124032534 85.07
213.5743766672 85.01
216.6808875099 84.95
219.8325835933 84.88
223.0301221518 84.82
226.2741699797 84.75
229.5654035698 84.68
232.9045092548 84.62
236.2921833503 84.55
239.7291323003 84.49
243.2160728239 84.43
246.7537320653 84.37
250.3428477452 84.31
253.9841683149 84.25
257.6784531119 84.19
261.4264725186 84.13
265.2290081229 84.07
269.0868528812 84.02
273.0008112836 83.96
276.971699522 83.90
281.0003456597 83.85
285.0875898049 83.80
289.2342842852 83.75
293.4412938255 83.70
297.7094957287 83.65
302.0397800581 83.60
306.4330498235 83.55
310.8902211692 83.51
315.4122235649 83.46
320 83.42
324.65450718 83.38
329.3767157259 83.34
334.1676103768 83.30
339.028190195 83.26
343.9594687746 83.23
348.9624744529 83.19
354.0382505244 83.16
359.187855459 83.13
364.4123631221 83.09
369.7128629991 83.06
375.0904604222 83.04
380.5462768009 83.01
386.0814498562 82.98
391.6971338575 82.96
397.3944998635 82.93
403.1747359664 82.91
409.0390475393 82.89
414.9886574883 82.87
421.0248065068 82.85
427.1487533344 82.83
433.3617750198 82.81
439.6651671866 82.80
446.0602443037 82.79
452.5483399594 82.78
459.1308071395 82.76
465.8090185095 82.76
472.5843667007 82.75
479.4582646005 82.74
486.4321456477 82.74
493.5074641306 82.74
500.6856954905 82.73
507.9683366298 82.73
515.3569062238 82.74
522.8529450372 82.74
530.4580162458 82.74
538.1737057624 82.75
546.0016225673 82.76
553.9433990439 82.77
562.0006913195 82.79
570.1751796098 82.80
578.4685685703 82.82
586.882587651 82.84
595.4189914574 82.86
604.0795601163 82.88
612.8660996471 82.91
621.7804423383 82.94
630.8244471297 82.97
640 83.00
649.30901436 83.03
658.7534314519 83.07
668.3352207536 83.11
678.05638039 83.15
687.9189375493 83.19
697.9249489058 83.24
708.0765010489 83.29
718.375710918 83.34
728.8247262443 83.39
739.4257259983 83.44
750.1809208443 83.50
761.0925536018 83.56
772.1628997124 83.62
783.394267715 83.68
794.7889997271 83.75
806.3494719327 83.82
818.0780950787 83.89
829.9773149767 83.97
842.0496130136 84.04
854.2975066688 84.12
866.7235500396 84.21
879.3303343732 84.30
892.1204886074 84.40
905.0966799188 84.50
918.2616142791 84.59
931.618037019 84.70
945.1687334013 84.80
958.9165292011 84.92
972.8642912955 85.05
987.0149282611 85.18
1001.371390981 85.32
1015.9366732597 85.46
1030.7138124476 85.61
1045.7058900743 85.77
1060.9160324916 85.92
1076.3474115248 86.08
1092.0032451345 86.24
1107.8867980879 86.39
1124.0013826389 86.55
1140.3503592197 86.70
1156.9371371406 86.85
1173.765175302 87.00
1190.8379829148 87.14
1208.1591202326 87.27
1225.7321992942 87.41
1243.5608846767 87.53
1261.6488942595 87.66
1280 87.78
1298.6180287201 87.89
1317.5068629037 88.01
1336.6704415071 88.12
1356.1127607799 88.23
1375.8378750985 88.33
1395.8498978116 88.43
1416.1530020977 88.52
1436.751421836 88.62
1457.6494524886 88.71
1478.8514519966 88.79
1500.3618416887 88.88
1522.1851072035 88.96
1544.3257994247 89.05
1566.78853543 89.13
1589.5779994541 89.21
1612.6989438655 89.28
1636.1561901574 89.35
1659.9546299533 89.42
1684.0992260271 89.49
1708.5950133377 89.56
1733.4471000793 89.63
1758.6606687464 89.70
1784.2409772148 89.77
1810.1933598376 89.84
1836.5232285581 89.91
1863.2360740381 89.98
1890.3374668026 90.05
1917.8330584022 90.12
1945.7285825909 90.20
1974.0298565222 90.27
2002.742781962 90.35
2031.8733465194 90.43
2061.4276248951 90.51
2091.4117801487 90.59
2121.8320649832 90.67
2152.6948230496 90.75
2184.0064902691 90.84
2215.7735961758 90.93
2248.0027652779 91.02
2280.7007184393 91.11
2313.8742742813 91.20
2347.530350604 91.29
2381.6759658296 91.38
2416.3182404652 91.47
2451.4643985884 91.57
2487.1217693533 91.66
2523.297788519 91.75
2560.0000000001 91.85
2597.2360574402 91.94
2635.0137258074 92.03
2673.3408830143 92.12
2712.2255215599 92.21
2751.6757501971 92.29
2791.6997956232 92.37
2832.3060041955 92.46
2873.5028436721 92.54
2915.2989049772 92.62
2957.7029039931 92.71
3000.7236833774 92.79
3044.3702144071 92.87
3088.6515988494 92.96
3133.57707086 93.04
3179.1559989082 93.11
3225.397887731 93.16
3272.3123803148 93.19
3319.9092599067 93.19
3368.1984520542 93.13
3417.1900266754 93.02
3466.8942001586 92.83
3517.3213374928 92.57
3568.4819544296 92.26
3620.3867196753 91.91
3673.0464571163 91.55
3726.4721480761 91.20
3780.6749336053 90.89
3835.6661168044 90.60
3891.4571651819 90.36
3948.0597130445 90.15
4005.4855639241 89.97
4063.7466930387 89.80
4122.8552497902 89.66
4182.8235602974 89.54
4243.6641299665 89.45
4305.3896460992 89.40
4368.0129805382 89.37
4431.5471923516 89.36
4496.0055305558 89.35
4561.4014368787 89.33
4627.7485485626 89.29
4695.0607012081 89.23
4763.3519316592 89.16
4832.6364809305 89.05
4902.9287971769 88.93
4974.2435387067 88.77
5046.595577038 88.58
5120.0000000002 88.34
5194.4721148803 88.08
5270.0274516149 87.78
5346.6817660286 87.45
5424.4510431198 87.10
5503.3515003942 86.74
5583.3995912463 86.37
5664.6120083911 86.00
5747.0056873442 85.63
5830.5978099545 85.27
5915.4058079863 84.93
6001.4473667548 84.61
6088.7404288142 84.31
6177.3031976989 84.05
6267.1541417201 83.82
6358.3119978165 83.66
6450.795775462 83.55
6544.6247606297 83.49
6639.8185198134 83.48
6736.3969041085 83.51
6834.3800533509 83.59
6933.7884003172 83.72
7034.6426749857 83.92
7136.9639088592 84.16
7240.7734393506 84.45
7346.0929142326 84.83
7452.9442961523 85.31
7561.3498672106 85.90
7671.3322336089 86.52
7782.9143303638 87.14
7896.119426089 87.70
8010.9711278481 88.14
8127.4933860775 88.38
8245.7104995805 88.43
8365.6471205948 88.29
8487.328259933 88.02
8610.7792921984 87.65
8736.0259610765 87.23
8863.0943847033 86.79
8992.0110611117 86.36
9122.8028737575 85.96
9255.4970971253 85.63
9390.1214024162 85.37
9526.7038633184 85.18
9665.272961861 85.06
9805.8575943538 84.98
9948.4870774134 84.90
10093.191154076 84.80
10240.0000000005 84.67
10388.9442297607 84.48
10540.0549032298 84.31
10693.3635320572 84.28
10848.9020862397 84.37
11006.7030007884 84.46
11166.7991824927 84.46
11329.2240167822 84.33
11494.0113746885 84.12
11661.1956199091 83.82
11830.8116159726 83.47
12002.8947335097 83.05
12177.4808576284 82.61
12354.6063953979 82.17
12534.3082834402 81.73
12716.6239956331 81.30
12901.5915509241 80.91
13089.2495212594 80.54
13279.637039627 80.10
13472.7938082171 79.54
13668.7601067018 78.87
13867.5768006344 78.17
14069.2853499715 77.70
14273.9278177184 77.55
14481.5468787012 77.69
14692.1858284653 78.02
14905.8885923047 78.42
15122.6997344212 78.76
15342.6644672179 78.91
15565.8286607277 78.66
15792.2388521781 77.89
16021.9422556964 76.82
16254.9867721551 75.83
16491.4209991611 74.95
16731.2942411897 74.22
16974.656519866 73.70
17221.5585843969 73.52
17472.0519221531 73.78
17726.1887694067 74.35
17984.0221222235 74.93
18245.605747515 75.30
18510.9941942506 75.56
18780.2428048326 76.06
19053.4077266369 76.87
19330.545923722 77.58
19611.7151887077 77.76
19896.9741548268 77.51
20186.382308152 77.40
