20 90.10
20.2909066988 90.12
20.5860447329 90.13
20.8854756485 90.13
21.1892618872 90.12
21.4974667984 90.11
21.8101546533 90.09
22.1273906578 90.06
22.4492409662 90.03
22.7757726951 90.00
23.1070539374 89.96
23.4431537764 89.92
23.7841423001 89.87
24.130090616 89.83
24.4810708661 89.80
24.8371562415 89.77
25.1984209979 89.74
25.5649404712 89.72
25.936791093 89.70
26.3140504067 89.69
26.6967970834 89.68
27.0851109387 89.68
27.4790729492 89.67
27.878765269 89.66
28.2842712475 89.65
28.6956754462 89.63
29.1130636568 89.60
29.5365229188 89.57
29.9661415375 89.53
30.402009103 89.49
30.8442165082 89.44
31.2928559682 89.39
31.7480210394 89.34
32.209806639 89.28
32.6783090648 89.23
33.1536260154 89.18
33.6358566101 89.14
34.1251014105 89.09
34.6214624402 89.05
35.1250432075 89.01
35.6359487256 88.98
36.1542855356 88.94
36.6801617282 88.90
37.2136869661 88.86
37.7549725073 88.82
38.3041312279 88.78
38.8612776461 88.72
39.4265279456 88.67
40 88.61
40.5818133975 88.56
41.1720894657 88.50
41.7709512971 88.44
42.3785237744 88.39
42.9949335968 88.33
43.6203093066 88.28
44.2547813156 88.22
44.8984819324 88.16
45.5515453903 88.11
46.2141078749 88.05
46.8863075528 87.99
47.5682846001 87.93
48.260181232 87.86
48.9621417322 87.80
49.6743124829 87.73
50.3968419958 87.67
51.1298809424 87.60
51.873582186 87.54
52.6281008133 87.47
53.3935941668 87.40
54.1702218775 87.32
54.9581458983 87.25
55.757530538 87.18
56.5685424949 87.10
57.3913508924 87.03
58.2261273137 86.95
59.0730458376 86.87
59.9322830751 86.80
60.804018206 86.72
61.6884330163 86.64
62.5857119363 86.56
63.4960420787 86.47
64.419613278 86.38
65.3566181296 86.30
66.3072520307 86.21
67.2717132203 86.12
68.2502028209 86.03
69.2429248805 85.94
70.2500864149 85.84
71.2718974512 85.75
72.3085710713 85.65
73.3603234564 85.55
74.4273739322 85.45
75.5099450145 85.35
76.6082624559 85.25
77.7225552923 85.15
78.8530558912 85.05
80 84.95
81.163626795 84.84
82.3441789315 84.73
83.5419025942 84.62
84.7570475487 84.51
85.9898671937 84.40
87.2406186132 84.28
88.5095626311 84.15
89.7969638648 84.02
91.1030907805 83.90
92.4282157498 83.79
93.7726151055 83.68
95.1365692002 83.56
96.520362464 83.45
97.9242834644 83.33
99.3486249659 83.22
100.7936839916 83.10
102.2597618848 82.97
103.7471643721 82.85
105.2562016267 82.73
106.7871883336 82.61
108.340443755 82.49
109.9162917966 82.37
111.5150610759 82.26
113.1370849898 82.14
114.7827017849 82.03
116.4522546274 81.92
118.1460916752 81.81
119.8645661501 81.71
121.6080364119 81.60
123.3768660326 81.50
125.1714238726 81.40
126.9920841575 81.32
128.8392265559 81.25
130.7132362593 81.18
132.6145040614 81.11
134.5434264406 81.05
136.5004056418 80.99
138.485849761 80.94
140.5001728299 80.91
142.5437949025 80.89
144.6171421426 80.87
146.7206469127 80.84
148.8547478643 80.83
151.0198900291 80.83
153.2165249118 80.85
155.4451105846 80.88
157.7061117824 80.91
160 80.95
162.32725359 81.00
164.688357863 81.06
167.0838051884 81.12
169.5140950975 81.18
171.9797343873 81.25
174.4812372264 81.33
177.0191252622 81.40
179.5939277295 81.48
182.2061815611 81.57
184.8564314996 81.65
187.5452302111 81.74
190.2731384004 81.83
193.0407249281 81.92
195.8485669287 82.01
198.6972499318 82.10
201.5873679832 82.18
204.5195237697 82.26
207.4943287442 82.35
210.5124032534 82.44
213.5743766672 82.52
216.6808875099 82.58
219.8325835933 82.64
223.0301221518 82.69
226.2741699797 82.74
229.5654035698 82.78
232.9045092548 82.82
236.2921833503 82.86
239.7291323003 82.88
243.2160728239 82.90
246.7537320653 82.91
250.3428477452 82.92
253.9841683149 82.93
257.6784531119 82.94
261.4264725186 82.94
265.2290081229 82.94
269.0868528812 82.95
273.0008112836 82.95
276.971699522 82.96
281.0003456597 82.98
285.0875898049 83.00
289.2342842852 83.02
293.4412938255 83.06
297.7094957287 83.10
302.0397800581 83.15
306.4330498235 83.20
310.8902211692 83.25
315.4122235649 83.30
320 83.36
324.65450718 83.42
329.3767157259 83.48
334.1676103768 83.54
339.028190195 83.60
343.9594687746 83.65
348.9624744529 83.70
354.0382505244 83.74
359.187855459 83.78
364.4123631221 83.81
369.7128629991 83.84
375.0904604222 83.86
380.5462768009 83.88
386.0814498562 83.88
391.6971338575 83.88
397.3944998635 83.88
403.1747359664 83.87
409.0390475393 83.87
414.9886574883 83.86
421.0248065068 83.85
427.1487533344 83.83
433.3617750198 83.82
439.6651671866 83.80
446.0602443037 83.77
452.5483399594 83.75
459.1308071395 83.74
465.8090185095 83.73
472.5843667007 83.72
479.4582646005 83.71
486.4321456477 83.71
493.5074641306 83.71
500.6856954905 83.72
507.9683366298 83.72
515.3569062238 83.73
522.8529450372 83.75
530.4580162458 83.77
538.1737057624 83.79
546.0016225673 83.81
553.9433990439 83.83
562.0006913195 83.85
570.1751796098 83.86
578.4685685703 83.88
586.882587651 83.88
595.4189914574 83.87
604.0795601163 83.85
612.8660996471 83.83
621.7804423383 83.79
630.8244471297 83.74
640 83.70
649.30901436 83.65
658.7534314519 83.60
668.3352207536 83.56
678.05638039 83.51
687.9189375493 83.46
697.9249489058 83.39
708.0765010489 83.31
718.375710918 83.23
728.8247262443 83.16
739.4257259983 83.10
750.1809208443 83.05
761.0925536018 83.01
772.1628997124 82.97
783.394267715 82.95
794.7889997271 82.93
806.3494719327 82.92
818.0780950787 82.90
829.9773149767 82.89
842.0496130136 82.89
854.2975066688 82.88
866.7235500396 82.87
879.3303343732 82.87
892.1204886074 82.86
905.0966799188 82.86
918.2616142791 82.85
931.618037019 82.84
945.1687334013 82.83
958.9165292011 82.82
972.8642912955 82.82
987.0149282611 82.81
1001.371390981 82.80
1015.9366732597 82.80
1030.7138124476 82.80
1045.7058900743 82.81
1060.9160324916 82.82
1076.3474115248 82.83
1092.0032451345 82.84
1107.8867980879 82.86
1124.0013826389 82.87
1140.3503592197 82.89
1156.9371371406 82.92
1173.765175302 82.95
1190.8379829148 82.98
1208.1591202326 83.01
1225.7321992942 83.04
1243.5608846767 83.08
1261.6488942595 83.12
1280 83.17
1298.6180287201 83.21
1317.5068629037 83.26
1336.6704415071 83.31
1356.1127607799 83.36
1375.8378750985 83.41
1395.8498978116 83.47
1416.1530020977 83.53
1436.751421836 83.60
1457.6494524886 83.67
1478.8514519966 83.75
1500.3618416887 83.82
1522.1851072035 83.91
1544.3257994247 84.01
1566.78853543 84.10
1589.5779994541 84.20
1612.6989438655 84.30
1636.1561901574 84.42
1659.9546299533 84.54
1684.0992260271 84.66
1708.5950133377 84.78
1733.4471000793 84.91
1758.6606687464 85.05
1784.2409772148 85.18
1810.1933598376 85.33
1836.5232285581 85.48
1863.2360740381 85.64
1890.3374668026 85.80
1917.8330584022 85.96
1945.7285825909 86.13
1974.0298565222 86.30
2002.742781962 86.47
2031.8733465194 86.65
2061.4276248951 86.83
2091.4117801487 87.01
2121.8320649832 87.19
2152.6948230496 87.36
2184.0064902691 87.53
2215.7735961758 87.69
2248.0027652779 87.85
2280.7007184393 88.00
2313.8742742813 88.13
2347.530350604 88.25
2381.6759658296 88.36
2416.3182404652 88.45
2451.4643985884 88.51
2487.1217693533 88.55
2523.297788519 88.57
2560.0000000001 88.56
2597.2360574402 88.53
2635.0137258074 88.47
2673.3408830143 88.38
2712.2255215599 88.27
2751.6757501971 88.15
2791.6997956232 88.00
2832.3060041955 87.84
2873.5028436721 87.68
2915.2989049772 87.50
2957.7029039931 87.32
3000.7236833774 87.13
3044.3702144071 86.95
3088.6515988494 86.77
3133.57707086 86.59
3179.1559989082 86.42
3225.397887731 86.26
3272.3123803148 86.11
3319.9092599067 85.98
3368.1984520542 85.86
3417.1900266754 85.75
3466.8942001586 85.66
3517.3213374928 85.59
3568.4819544296 85.53
3620.3867196753 85.50
3673.0464571163 85.48
3726.4721480761 85.49
3780.6749336053 85.53
3835.6661168044 85.59
3891.4571651819 85.67
3948.0597130445 85.78
4005.4855639241 85.92
4063.7466930387 86.08
4122.8552497902 86.28
4182.8235602974 86.51
4243.6641299665 86.77
4305.3896460992 87.07
4368.0129805382 87.39
4431.5471923516 87.75
4496.0055305558 88.13
4561.4014368787 88.54
4627.7485485626 88.97
4695.0607012081 89.41
4763.3519316592 89.84
4832.6364809305 90.25
4902.9287971769 90.63
4974.2435387067 90.94
5046.595577038 91.17
5120.0000000002 91.29
5194.4721148803 91.30
5270.0274516149 91.19
5346.6817660286 90.96
5424.4510431198 90.64
5503.3515003942 90.24
5583.3995912463 89.78
5664.6120083911 89.31
5747.0056873442 88.83
5830.5978099545 88.37
5915.4058079863 87.91
6001.4473667548 87.48
6088.7404288142 87.09
6177.3031976989 86.75
6267.1541417201 86.45
6358.3119978165 86.19
6450.795775462 85.99
6544.6247606297 85.84
6639.8185198134 85.74
6736.3969041085 85.68
6834.3800533509 85.66
6933.7884003172 85.68
7034.6426749857 85.74
7136.9639088592 85.87
7240.7734393506 86.05
7346.0929142326 86.27
7452.9442961523 86.52
7561.3498672106 86.80
7671.3322336089 87.07
7782.9143303638 87.31
7896.119426089 87.48
8010.9711278481 87.54
8127.4933860775 87.47
8245.7104995805 87.25
8365.6471205948 86.92
8487.328259933 86.50
8610.7792921984 86.04
8736.0259610765 85.59
8863.0943847033 85.17
8992.0110611117 84.78
9122.8028737575 84.39
9255.4970971253 84.00
9390.1214024162 83.60
9526.7038633184 83.19
9665.272961861 82.78
9805.8575943538 82.41
9948.4870774134 82.10
10093.191154076 81.86
10240.0000000005 81.72
10388.9442297607 81.68
10540.0549032298 81.74
10693.3635320572 81.89
10848.9020862397 82.10
11006.7030007884 82.39
11166.7991824927 82.75
11329.2240167822 83.19
11494.0113746885 83.70
11661.1956199091 84.25
11830.8116159726 84.76
12002.8947335097 85.11
12177.4808576284 85.15
12354.6063953979 84.81
12534.3082834402 84.09
12716.6239956331 83.06
12901.5915509241 81.87
13089.2495212594 80.64
13279.637039627 79.46
13472.7938082171 78.39
13668.7601067018 77.45
13867.5768006344 76.64
14069.2853499715 75.96
14273.9278177184 75.38
14481.5468787012 74.87
14692.1858284653 74.36
14905.8885923047 73.79
15122.6997344212 73.07
15342.6644672179 72.11
15565.8286607277 70.85
15792.2388521781 69.26
16021.9422556964 67.35
16254.9867721551 65.15
16491.4209991611 62.67
16731.2942411897 59.97
16974.656519866 57.15
17221.5585843969 54.36
17472.0519221531 51.75
17726.1887694067 49.61
17984.0221222235 48.37
18245.605747515 48.13
18510.9941942506 48.43
18780.2428048326 48.64
19053.4077266369 48.38
19330.545923722 47.61
19611.7151887077 46.49
19896.9741548268 45.53
20186.382308152 45.33
