20 79.92
20.2909066988 79.91
20.5860447329 79.91
20.8854756485 79.91
21.1892618872 79.93
21.4974667984 79.96
21.8101546533 80.00
22.1273906578 80.03
22.4492409662 80.05
22.7757726951 80.07
23.1070539374 80.07
23.4431537764 80.08
23.7841423001 80.09
24.130090616 80.10
24.4810708661 80.12
24.8371562415 80.15
25.1984209979 80.17
25.5649404712 80.18
25.936791093 80.19
26.3140504067 80.19
26.6967970834 80.20
27.0851109387 80.20
27.4790729492 80.21
27.878765269 80.21
28.2842712475 80.20
28.6956754462 80.19
29.1130636568 80.18
29.5365229188 80.18
29.9661415375 80.20
30.402009103 80.22
30.8442165082 80.23
31.2928559682 80.24
31.7480210394 80.24
32.209806639 80.25
32.6783090648 80.26
33.1536260154 80.27
33.6358566101 80.28
34.1251014105 80.29
34.6214624402 80.30
35.1250432075 80.32
35.6359487256 80.33
36.1542855356 80.33
36.6801617282 80.33
37.2136869661 80.33
37.7549725073 80.33
38.3041312279 80.33
38.8612776461 80.32
39.4265279456 80.31
40 80.29
40.5818133975 80.28
41.1720894657 80.29
41.7709512971 80.32
42.3785237744 80.34
42.9949335968 80.34
43.6203093066 80.35
44.2547813156 80.35
44.8984819324 80.36
45.5515453903 80.37
46.2141078749 80.38
46.8863075528 80.39
47.5682846001 80.40
48.260181232 80.40
48.9621417322 80.37
49.6743124829 80.36
50.3968419958 80.36
51.1298809424 80.37
51.873582186 80.37
52.6281008133 80.37
53.3935941668 80.37
54.1702218775 80.37
54.9581458983 80.38
55.757530538 80.38
56.5685424949 80.38
57.3913508924 80.39
58.2261273137 80.39
59.0730458376 80.40
59.9322830751 80.40
60.804018206 80.38
61.6884330163 80.37
62.5857119363 80.37
63.4960420787 80.38
64.419613278 80.38
65.3566181296 80.37
66.3072520307 80.37
67.2717132203 80.38
68.2502028209 80.38
69.2429248805 80.38
70.2500864149 80.38
71.2718974512 80.38
72.3085710713 80.39
73.3603234564 80.40
74.4273739322 80.40
75.5099450145 80.40
76.6082624559 80.40
77.7225552923 80.40
78.8530558912 80.41
80 80.41
81.163626795 80.41
82.3441789315 80.42
83.5419025942 80.43
84.7570475487 80.43
85.9898671937 80.43
87.2406186132 80.43
88.5095626311 80.43
89.7969638648 80.42
91.1030907805 80.42
92.4282157498 80.42
93.7726151055 80.44
95.1365692002 80.44
96.520362464 80.44
97.9242834644 80.45
99.3486249659 80.44
100.7936839916 80.45
102.2597618848 80.46
103.7471643721 80.46
105.2562016267 80.46
106.7871883336 80.47
108.340443755 80.50
109.9162917966 80.51
111.5150610759 80.49
113.1370849898 80.48
114.7827017849 80.48
116.4522546274 80.48
118.1460916752 80.48
119.8645661501 80.47
121.6080364119 80.47
123.3768660326 80.48
125.1714238726 80.49
126.9920841575 80.51
128.8392265559 80.52
130.7132362593 80.52
132.6145040614 80.52
134.5434264406 80.53
136.5004056418 80.55
138.485849761 80.56
140.5001728299 80.58
142.5437949025 80.60
144.6171421426 80.61
146.7206469127 80.63
148.8547478643 80.65
151.0198900291 80.66
153.2165249118 80.66
155.4451105846 80.67
157.7061117824 80.68
160 80.71
162.32725359 80.72
164.688357863 80.73
167.0838051884 80.75
169.5140950975 80.75
171.9797343873 80.74
174.4812372264 80.71
177.0191252622 80.65
179.5939277295 80.57
182.2061815611 80.50
184.8564314996 80.45
187.5452302111 80.44
190.2731384004 80.46
193.0407249281 80.48
195.8485669287 80.51
198.6972499318 80.56
201.5873679832 80.62
204.5195237697 80.66
207.4943287442 80.67
210.5124032534 80.68
213.5743766672 80.70
216.6808875099 80.73
219.8325835933 80.75
223.0301221518 80.77
226.2741699797 80.78
229.5654035698 80.78
232.9045092548 80.78
236.2921833503 80.81
239.7291323003 80.83
243.2160728239 80.85
246.7537320653 80.89
250.3428477452 80.91
253.9841683149 80.92
257.6784531119 80.95
261.4264725186 80.97
265.2290081229 80.94
269.0868528812 80.94
273.0008112836 80.96
276.971699522 80.98
281.0003456597 81.00
285.0875898049 81.02
289.2342842852 81.03
293.4412938255 81.05
297.7094957287 81.06
302.0397800581 81.08
306.4330498235 81.10
310.8902211692 81.12
315.4122235649 81.14
320 81.16
324.65450718 81.17
329.3767157259 81.19
334.1676103768 81.22
339.028190195 81.25
343.9594687746 81.28
348.9624744529 81.31
354.0382505244 81.33
359.187855459 81.36
364.4123631221 81.38
369.7128629991 81.40
375.0904604222 81.43
380.5462768009 81.47
386.0814498562 81.50
391.6971338575 81.54
397.3944998635 81.57
403.1747359664 81.60
409.0390475393 81.63
414.9886574883 81.67
421.0248065068 81.71
427.1487533344 81.74
433.3617750198 81.78
439.6651671866 81.81
446.0602443037 81.85
452.5483399594 81.90
459.1308071395 81.95
465.8090185095 81.99
472.5843667007 82.03
479.4582646005 82.08
486.4321456477 82.12
493.5074641306 82.16
500.6856954905 82.21
507.9683366298 82.26
515.3569062238 82.31
522.8529450372 82.36
530.4580162458 82.41
538.1737057624 82.47
546.0016225673 82.52
553.9433990439 82.56
562.0006913195 82.61
570.1751796098 82.66
578.4685685703 82.71
586.882587651 82.76
595.4189914574 82.82
604.0795601163 82.87
612.8660996471 82.93
621.7804423383 82.98
630.8244471297 83.05
640 83.11
649.30901436 83.17
658.7534314519 83.24
668.3352207536 83.31
678.05638039 83.38
687.9189375493 83.46
697.9249489058 83.53
708.0765010489 83.61
718.375710918 83.70
728.8247262443 83.78
739.4257259983 83.86
750.1809208443 83.93
761.0925536018 84.02
772.1628997124 84.10
783.394267715 84.17
794.7889997271 84.24
806.3494719327 84.31
818.0780950787 84.37
829.9773149767 84.43
842.0496130136 84.49
854.2975066688 84.54
866.7235500396 84.59
879.3303343732 84.63
892.1204886074 84.67
905.0966799188 84.72
918.2616142791 84.75
931.618037019 84.79
945.1687334013 84.82
958.9165292011 84.87
972.8642912955 84.92
987.0149282611 84.97
1001.371390981 85.02
1015.9366732597 85.08
1030.7138124476 85.15
1045.7058900743 85.22
1060.9160324916 85.29
1076.3474115248 85.37
1092.0032451345 85.44
1107.8867980879 85.51
1124.0013826389 85.58
1140.3503592197 85.65
1156.9371371406 85.72
1173.765175302 85.80
1190.8379829148 85.88
1208.1591202326 85.96
1225.7321992942 86.06
1243.5608846767 86.19
1261.6488942595 86.34
1280 86.51
1298.6180287201 86.72
1317.5068629037 86.93
1336.6704415071 87.15
1356.1127607799 87.37
1375.8378750985 87.58
1395.8498978116 87.78
1416.1530020977 87.96
1436.751421836 88.12
1457.6494524886 88.26
1478.8514519966 88.38
1500.3618416887 88.48
1522.1851072035 88.58
1544.3257994247 88.69
1566.78853543 88.78
1589.5779994541 88.86
1612.6989438655 88.91
1636.1561901574 88.92
1659.9546299533 88.89
1684.0992260271 88.80
1708.5950133377 88.65
1733.4471000793 88.46
1758.6606687464 88.23
1784.2409772148 87.96
1810.1933598376 87.67
1836.5232285581 87.37
1863.2360740381 87.06
1890.3374668026 86.75
1917.8330584022 86.45
1945.7285825909 86.15
1974.0298565222 85.86
2002.742781962 85.57
2031.8733465194 85.27
2061.4276248951 84.96
2091.4117801487 84.65
2121.8320649832 84.38
2152.6948230496 84.16
2184.0064902691 83.95
2215.7735961758 83.77
2248.0027652779 83.58
2280.7007184393 83.35
2313.8742742813 83.11
2347.530350604 82.87
2381.6759658296 82.64
2416.3182404652 82.41
2451.4643985884 82.21
2487.1217693533 82.02
2523.297788519 81.86
2560.0000000001 81.73
2597.2360574402 81.60
2635.0137258074 81.47
2673.3408830143 81.36
2712.2255215599 81.25
2751.6757501971 81.14
2791.6997956232 81.05
2832.3060041955 80.97
2873.5028436721 80.91
2915.2989049772 80.87
2957.7029039931 80.85
3000.7236833774 80.84
3044.3702144071 80.82
3088.6515988494 80.79
3133.57707086 80.74
3179.1559989082 80.68
3225.397887731 80.63
3272.3123803148 80.61
3319.9092599067 80.62
3368.1984520542 80.66
3417.1900266754 80.68
3466.8942001586 80.66
3517.3213374928 80.59
3568.4819544296 80.51
3620.3867196753 80.42
3673.0464571163 80.31
3726.4721480761 80.17
3780.6749336053 80.00
3835.6661168044 79.83
3891.4571651819 79.76
3948.0597130445 79.75
4005.4855639241 79.85
4063.7466930387 80.02
4122.8552497902 80.12
4182.8235602974 80.06
4243.6641299665 79.89
4305.3896460992 79.66
4368.0129805382 79.32
4431.5471923516 78.90
4496.0055305558 78.50
4561.4014368787 78.05
4627.7485485626 77.46
4695.0607012081 76.69
4763.3519316592 75.88
4832.6364809305 75.20
4902.9287971769 74.74
4974.2435387067 74.43
5046.595577038 74.32
5120.0000000002 74.35
5194.4721148803 74.49
5270.0274516149 74.74
5346.6817660286 75.04
5424.4510431198 75.31
5503.3515003942 75.53
5583.3995912463 75.78
5664.6120083911 76.19
5747.0056873442 76.67
5830.5978099545 77.15
5915.4058079863 77.55
6001.4473667548 77.93
6088.7404288142 78.32
6177.3031976989 78.71
6267.1541417201 79.17
6358.3119978165 79.75
6450.795775462 80.47
6544.6247606297 81.30
6639.8185198134 82.24
6736.3969041085 83.30
6834.3800533509 84.42
6933.7884003172 85.39
7034.6426749857 86.12
7136.9639088592 86.61
7240.7734393506 86.79
7346.0929142326 86.68
7452.9442961523 86.44
7561.3498672106 86.22
7671.3322336089 86.00
7782.9143303638 85.75
7896.119426089 85.45
8010.9711278481 85.09
8127.4933860775 84.66
8245.7104995805 84.15
8365.6471205948 83.66
8487.328259933 83.21
8610.7792921984 82.73
8736.0259610765 82.28
8863.0943847033 81.98
8992.0110611117 81.84
9122.8028737575 81.81
9255.4970971253 81.99
9390.1214024162 82.35
9526.7038633184 82.71
9665.272961861 82.98
9805.8575943538 83.25
9948.4870774134 83.61
10093.191154076 84.08
10240.0000000005 84.51
10388.9442297607 84.77
10540.0549032298 84.84
10693.3635320572 84.75
10848.9020862397 84.38
11006.7030007884 83.67
11166.7991824927 82.75
11329.2240167822 81.81
11494.0113746885 80.92
11661.1956199091 80.15
11830.8116159726 79.41
12002.8947335097 78.77
12177.4808576284 78.24
12354.6063953979 77.83
12534.3082834402 77.53
12716.6239956331 77.49
12901.5915509241 77.80
13089.2495212594 78.24
13279.637039627 78.58
13472.7938082171 78.83
13668.7601067018 79.04
13867.5768006344 79.18
14069.2853499715 79.27
14273.9278177184 79.39
14481.5468787012 79.34
14692.1858284653 79.01
14905.8885923047 78.35
15122.6997344212 77.39
15342.6644672179 76.15
15565.8286607277 74.59
15792.2388521781 72.69
16021.9422556964 70.91
16254.9867721551 69.97
16491.4209991611 69.83
16731.2942411897 70.34
16974.656519866 71.19
17221.5585843969 71.97
17472.0519221531 72.47
17726.1887694067 72.56
17984.0221222235 72.25
18245.605747515 71.67
18510.9941942506 70.94
18780.2428048326 70.29
19053.4077266369 69.77
19330.545923722 69.40
19611.7151887077 69.13
19896.9741548268 68.76
20186.382308152 68.62
