20 94.08
20.2909066988 94.08
20.5860447329 94.08
20.8854756485 94.07
21.1892618872 94.06
21.4974667984 94.04
21.8101546533 94.01
22.1273906578 93.99
22.4492409662 93.96
22.7757726951 93.93
23.1070539374 93.90
23.4431537764 93.87
23.7841423001 93.84
24.130090616 93.81
24.4810708661 93.78
24.8371562415 93.76
25.1984209979 93.74
25.5649404712 93.74
25.936791093 93.73
26.3140504067 93.73
26.6967970834 93.72
27.0851109387 93.72
27.4790729492 93.71
27.878765269 93.71
28.2842712475 93.71
28.6956754462 93.70
29.1130636568 93.69
29.5365229188 93.66
29.9661415375 93.64
30.402009103 93.61
30.8442165082 93.58
31.2928559682 93.54
31.7480210394 93.51
32.209806639 93.47
32.6783090648 93.43
33.1536260154 93.40
33.6358566101 93.37
34.1251014105 93.34
34.6214624402 93.31
35.1250432075 93.29
35.6359487256 93.26
36.1542855356 93.24
36.6801617282 93.22
37.2136869661 93.19
37.7549725073 93.16
38.3041312279 93.13
38.8612776461 93.09
39.4265279456 93.05
40 93.01
40.5818133975 92.97
41.1720894657 92.93
41.7709512971 92.89
42.3785237744 92.84
42.9949335968 92.80
43.6203093066 92.77
44.2547813156 92.72
44.8984819324 92.68
45.5515453903 92.64
46.2141078749 92.60
46.8863075528 92.56
47.5682846001 92.51
48.260181232 92.46
48.9621417322 92.41
49.6743124829 92.36
50.3968419958 92.31
51.1298809424 92.27
51.873582186 92.22
52.6281008133 92.16
53.3935941668 92.10
54.1702218775 92.05
54.9581458983 92.00
55.757530538 91.95
56.5685424949 91.89
57.3913508924 91.84
58.2261273137 91.78
59.0730458376 91.73
59.9322830751 91.66
60.804018206 91.60
61.6884330163 91.54
62.5857119363 91.50
63.4960420787 91.45
64.419613278 91.37
65.3566181296 91.30
66.3072520307 91.23
67.2717132203 91.17
68.2502028209 91.11
69.2429248805 91.05
70.2500864149 90.99
71.2718974512 90.92
72.3085710713 90.85
73.3603234564 90.78
74.4273739322 90.71
75.5099450145 90.64
76.6082624559 90.57
77.7225552923 90.50
78.8530558912 90.42
80 90.34
81.163626795 90.27
82.3441789315 90.20
83.5419025942 90.13
84.7570475487 90.05
85.9898671937 89.98
87.2406186132 89.91
88.5095626311 89.83
89.7969638648 89.75
91.1030907805 89.67
92.4282157498 89.60
93.7726151055 89.52
95.1365692002 89.44
96.520362464 89.36
97.9242834644 89.28
99.3486249659 89.20
100.7936839916 89.12
102.2597618848 89.03
103.7471643721 88.95
105.2562016267 88.86
106.7871883336 88.77
108.340443755 88.68
109.9162917966 88.60
111.5150610759 88.50
113.1370849898 88.41
114.7827017849 88.32
116.4522546274 88.22
118.1460916752 88.12
119.8645661501 88.03
121.6080364119 87.93
123.3768660326 87.83
125.1714238726 87.72
126.9920841575 87.61
128.8392265559 87.50
130.7132362593 87.38
132.6145040614 87.27
134.5434264406 87.15
136.5004056418 87.02
138.485849761 86.88
140.5001728299 86.74
142.5437949025 86.59
144.6171421426 86.44
146.7206469127 86.29
148.8547478643 86.15
151.0198900291 86.02
153.2165249118 85.91
155.4451105846 85.80
157.7061117824 85.70
160 85.61
162.32725359 85.55
164.688357863 85.51
167.0838051884 85.49
169.5140950975 85.47
171.9797343873 85.42
174.4812372264 85.33
177.0191252622 85.19
179.5939277295 85.01
182.2061815611 84.83
184.8564314996 84.66
187.5452302111 84.52
190.2731384004 84.41
193.0407249281 84.32
195.8485669287 84.23
198.6972499318 84.14
201.5873679832 84.05
204.5195237697 83.96
207.4943287442 83.87
210.5124032534 83.77
213.5743766672 83.68
216.6808875099 83.56
219.8325835933 83.44
223.0301221518 83.30
226.2741699797 83.22
229.5654035698 83.27
232.9045092548 83.47
236.2921833503 83.82
239.7291323003 84.31
243.2160728239 84.89
246.7537320653 85.43
250.3428477452 85.79
253.9841683149 85.92
257.6784531119 85.87
261.4264725186 85.71
265.2290081229 85.52
269.0868528812 85.35
273.0008112836 85.19
276.971699522 85.05
281.0003456597 84.94
285.0875898049 84.85
289.2342842852 84.79
293.4412938255 84.78
297.7094957287 84.81
302.0397800581 84.80
306.4330498235 84.65
310.8902211692 84.46
315.4122235649 84.25
320 84.08
324.65450718 83.98
329.3767157259 83.90
334.1676103768 83.81
339.028190195 83.71
343.9594687746 83.62
348.9624744529 83.54
354.0382505244 83.45
359.187855459 83.36
364.4123631221 83.27
369.7128629991 83.18
375.0904604222 83.10
380.5462768009 83.04
386.0814498562 83.01
391.6971338575 83.01
397.3944998635 83.03
403.1747359664 83.07
409.0390475393 83.11
414.9886574883 83.15
421.0248065068 83.19
427.1487533344 83.21
433.3617750198 83.21
439.6651671866 83.21
446.0602443037 83.18
452.5483399594 83.14
459.1308071395 83.07
465.8090185095 82.97
472.5843667007 82.86
479.4582646005 82.74
486.4321456477 82.60
493.5074641306 82.46
500.6856954905 82.32
507.9683366298 82.20
515.3569062238 82.08
522.8529450372 81.96
530.4580162458 81.86
538.1737057624 81.77
546.0016225673 81.69
553.9433990439 81.62
562.0006913195 81.56
570.1751796098 81.52
578.4685685703 81.49
586.882587651 81.47
595.4189914574 81.46
604.0795601163 81.44
612.8660996471 81.42
621.7804423383 81.41
630.8244471297 81.40
640 81.39
649.30901436 81.38
658.7534314519 81.38
668.3352207536 81.39
678.05638039 81.41
687.9189375493 81.43
697.9249489058 81.46
708.0765010489 81.50
718.375710918 81.54
728.8247262443 81.59
739.4257259983 81.64
750.1809208443 81.69
761.0925536018 81.74
772.1628997124 81.80
783.394267715 81.86
794.7889997271 81.93
806.3494719327 82.01
818.0780950787 82.10
829.9773149767 82.20
842.0496130136 82.30
854.2975066688 82.40
866.7235500396 82.52
879.3303343732 82.65
892.1204886074 82.79
905.0966799188 82.93
918.2616142791 83.07
931.618037019 83.22
945.1687334013 83.38
958.9165292011 83.55
972.8642912955 83.73
987.0149282611 83.93
1001.371390981 84.13
1015.9366732597 84.34
1030.7138124476 84.55
1045.7058900743 84.77
1060.9160324916 84.99
1076.3474115248 85.22
1092.0032451345 85.45
1107.8867980879 85.68
1124.0013826389 85.91
1140.3503592197 86.14
1156.9371371406 86.37
1173.765175302 86.60
1190.8379829148 86.82
1208.1591202326 87.04
1225.7321992942 87.25
1243.5608846767 87.45
1261.6488942595 87.65
1280 87.83
1298.6180287201 88.01
1317.5068629037 88.18
1336.6704415071 88.34
1356.1127607799 88.48
1375.8378750985 88.61
1395.8498978116 88.72
1416.1530020977 88.82
1436.751421836 88.91
1457.6494524886 88.99
1478.8514519966 89.05
1500.3618416887 89.10
1522.1851072035 89.13
1544.3257994247 89.15
1566.78853543 89.15
1589.5779994541 89.14
1612.6989438655 89.13
1636.1561901574 89.11
1659.9546299533 89.07
1684.0992260271 89.03
1708.5950133377 88.98
1733.4471000793 88.92
1758.6606687464 88.86
1784.2409772148 88.80
1810.1933598376 88.73
1836.5232285581 88.66
1863.2360740381 88.59
1890.3374668026 88.52
1917.8330584022 88.46
1945.7285825909 88.39
1974.0298565222 88.33
2002.742781962 88.27
2031.8733465194 88.22
2061.4276248951 88.17
2091.4117801487 88.12
2121.8320649832 88.07
2152.6948230496 88.04
2184.0064902691 88.01
2215.7735961758 87.99
2248.0027652779 87.97
2280.7007184393 87.96
2313.8742742813 87.96
2347.530350604 87.96
2381.6759658296 87.98
2416.3182404652 88.00
2451.4643985884 88.03
2487.1217693533 88.06
2523.297788519 88.10
2560.0000000001 88.15
2597.2360574402 88.21
2635.0137258074 88.27
2673.3408830143 88.34
2712.2255215599 88.41
2751.6757501971 88.49
2791.6997956232 88.58
2832.3060041955 88.66
2873.5028436721 88.75
2915.2989049772 88.83
2957.7029039931 88.91
3000.7236833774 88.99
3044.3702144071 89.07
3088.6515988494 89.15
3133.57707086 89.24
3179.1559989082 89.33
3225.397887731 89.43
3272.3123803148 89.54
3319.9092599067 89.66
3368.1984520542 89.80
3417.1900266754 89.94
3466.8942001586 90.10
3517.3213374928 90.26
3568.4819544296 90.43
3620.3867196753 90.61
3673.0464571163 90.79
3726.4721480761 90.95
3780.6749336053 91.10
3835.6661168044 91.23
3891.4571651819 91.33
3948.0597130445 91.41
4005.4855639241 91.45
4063.7466930387 91.45
4122.8552497902 91.43
4182.8235602974 91.40
4243.6641299665 91.35
4305.3896460992 91.31
4368.0129805382 91.25
4431.5471923516 91.18
4496.0055305558 91.09
4561.4014368787 90.97
4627.7485485626 90.83
4695.0607012081 90.67
4763.3519316592 90.51
4832.6364809305 90.36
4902.9287971769 90.26
4974.2435387067 90.20
5046.595577038 90.22
5120.0000000002 90.31
5194.4721148803 90.49
5270.0274516149 90.75
5346.6817660286 91.09
5424.4510431198 91.48
5503.3515003942 91.89
5583.3995912463 92.27
5664.6120083911 92.57
5747.0056873442 92.76
5830.5978099545 92.81
5915.4058079863 92.73
6001.4473667548 92.52
6088.7404288142 92.23
6177.3031976989 91.92
6267.1541417201 91.64
6358.3119978165 91.37
6450.795775462 91.13
6544.6247606297 90.93
6639.8185198134 90.80
6736.3969041085 90.73
6834.3800533509 90.69
6933.7884003172 90.71
7034.6426749857 90.80
7136.9639088592 90.94
7240.7734393506 91.12
7346.0929142326 91.38
7452.9442961523 91.69
7561.3498672106 92.04
7671.3322336089 92.39
7782.9143303638 92.68
7896.119426089 92.86
8010.9711278481 92.90
8127.4933860775 92.74
8245.7104995805 92.42
8365.6471205948 92.00
8487.328259933 91.50
8610.7792921984 90.97
8736.0259610765 90.42
8863.0943847033 89.89
8992.0110611117 89.38
9122.8028737575 88.90
9255.4970971253 88.48
9390.1214024162 88.12
9526.7038633184 87.84
9665.272961861 87.62
9805.8575943538 87.47
9948.4870774134 87.38
10093.191154076 87.34
10240.0000000005 87.35
10388.9442297607 87.40
10540.0549032298 87.50
10693.3635320572 87.64
10848.9020862397 87.84
11006.7030007884 88.06
11166.7991824927 88.27
11329.2240167822 88.38
11494.0113746885 88.32
11661.1956199091 88.10
11830.8116159726 87.80
12002.8947335097 87.48
12177.4808576284 87.00
12354.6063953979 86.21
12534.3082834402 85.03
12716.6239956331 83.58
12901.5915509241 82.31
13089.2495212594 81.63
13279.637039627 81.36
13472.7938082171 81.08
13668.7601067018 80.59
13867.5768006344 79.87
14069.2853499715 79.43
14273.9278177184 79.35
14481.5468787012 79.05
14692.1858284653 78.53
14905.8885923047 77.98
15122.6997344212 77.54
15342.6644672179 77.21
15565.8286607277 76.55
15792.2388521781 75.44
16021.9422556964 74.41
16254.9867721551 73.67
16491.4209991611 73.08
16731.2942411897 72.72
16974.656519866 72.61
17221.5585843969 72.84
17472.0519221531 73.21
17726.1887694067 73.01
17984.0221222235 72.21
18245.605747515 71.11
18510.9941942506 69.93
18780.2428048326 68.83
19053.4077266369 67.99
19330.545923722 67.50
19611.7151887077 67.29
19896.9741548268 67.20
20186.382308152 67.17
