20 89.86
20.2909066988 89.89
20.5860447329 89.91
20.8854756485 89.93
21.1892618872 89.94
21.4974667984 89.94
21.8101546533 89.94
22.1273906578 89.93
22.4492409662 89.92
22.7757726951 89.91
23.1070539374 89.89
23.4431537764 89.87
23.7841423001 89.84
24.130090616 89.82
24.4810708661 89.81
24.8371562415 89.80
25.1984209979 89.79
25.5649404712 89.79
25.936791093 89.80
26.3140504067 89.80
26.6967970834 89.82
27.0851109387 89.83
27.4790729492 89.85
27.878765269 89.87
28.2842712475 89.88
28.6956754462 89.89
29.1130636568 89.90
29.5365229188 89.90
29.9661415375 89.90
30.402009103 89.89
30.8442165082 89.88
31.2928559682 89.86
31.7480210394 89.84
32.209806639 89.82
32.6783090648 89.80
33.1536260154 89.78
33.6358566101 89.76
34.1251014105 89.75
34.6214624402 89.74
35.1250432075 89.73
35.6359487256 89.73
36.1542855356 89.73
36.6801617282 89.72
37.2136869661 89.72
37.7549725073 89.71
38.3041312279 89.70
38.8612776461 89.69
39.4265279456 89.68
40 89.65
40.5818133975 89.63
41.1720894657 89.61
41.7709512971 89.59
42.3785237744 89.57
42.9949335968 89.54
43.6203093066 89.53
44.2547813156 89.52
44.8984819324 89.51
45.5515453903 89.49
46.2141078749 89.47
46.8863075528 89.45
47.5682846001 89.43
48.260181232 89.40
48.9621417322 89.38
49.6743124829 89.35
50.3968419958 89.33
51.1298809424 89.31
51.873582186 89.28
52.6281008133 89.26
53.3935941668 89.23
54.1702218775 89.21
54.9581458983 89.18
55.757530538 89.15
56.5685424949 89.12
57.3913508924 89.09
58.2261273137 89.05
59.0730458376 89.02
59.9322830751 88.98
60.804018206 88.96
61.6884330163 88.94
62.5857119363 88.91
63.4960420787 88.87
64.419613278 88.84
65.3566181296 88.81
66.3072520307 88.77
67.2717132203 88.73
68.2502028209 88.70
69.2429248805 88.66
70.2500864149 88.63
71.2718974512 88.59
72.3085710713 88.55
73.3603234564 88.51
74.4273739322 88.47
75.5099450145 88.43
76.6082624559 88.40
77.7225552923 88.36
78.8530558912 88.32
80 88.28
81.163626795 88.23
82.3441789315 88.19
83.5419025942 88.15
84.7570475487 88.10
85.9898671937 88.07
87.2406186132 88.03
88.5095626311 88.00
89.7969638648 87.97
91.1030907805 87.90
92.4282157498 87.84
93.7726151055 87.80
95.1365692002 87.74
96.520362464 87.68
97.9242834644 87.62
99.3486249659 87.57
100.7936839916 87.53
102.2597618848 87.48
103.7471643721 87.43
105.2562016267 87.37
106.7871883336 87.31
108.340443755 87.26
109.9162917966 87.20
111.5150610759 87.15
113.1370849898 87.10
114.7827017849 87.04
116.4522546274 86.98
118.1460916752 86.92
119.8645661501 86.87
121.6080364119 86.81
123.3768660326 86.75
125.1714238726 86.70
126.9920841575 86.64
128.8392265559 86.58
130.7132362593 86.52
132.6145040614 86.46
134.5434264406 86.41
136.5004056418 86.35
138.485849761 86.29
140.5001728299 86.23
142.5437949025 86.17
144.6171421426 86.10
146.7206469127 86.05
148.8547478643 86.00
151.0198900291 85.94
153.2165249118 85.89
155.4451105846 85.84
157.7061117824 85.79
160 85.73
162.32725359 85.69
164.688357863 85.65
167.0838051884 85.61
169.5140950975 85.56
171.9797343873 85.49
174.4812372264 85.39
177.0191252622 85.27
179.5939277295 85.13
182.2061815611 85.01
184.8564314996 84.90
187.5452302111 84.83
190.2731384004 84.79
193.0407249281 84.77
195.8485669287 84.74
198.6972499318 84.72
201.5873679832 84.68
204.5195237697 84.63
207.4943287442 84.58
210.5124032534 84.52
213.5743766672 84.46
216.6808875099 84.40
219.8325835933 84.33
223.0301221518 84.27
226.2741699797 84.21
229.5654035698 84.14
232.9045092548 84.07
236.2921833503 84.01
239.7291323003 83.94
243.2160728239 83.87
246.7537320653 83.81
250.3428477452 83.75
253.9841683149 83.69
257.6784531119 83.63
261.4264725186 83.57
265.2290081229 83.50
269.0868528812 83.44
273.0008112836 83.38
276.971699522 83.32
281.0003456597 83.27
285.0875898049 83.21
289.2342842852 83.15
293.4412938255 83.10
297.7094957287 83.04
302.0397800581 82.98
306.4330498235 82.93
310.8902211692 82.87
315.4122235649 82.82
320 82.77
324.65450718 82.71
329.3767157259 82.66
334.1676103768 82.61
339.028190195 82.56
343.9594687746 82.51
348.9624744529 82.46
354.0382505244 82.41
359.187855459 82.36
364.4123631221 82.32
369.7128629991 82.27
375.0904604222 82.23
380.5462768009 82.18
386.0814498562 82.14
391.6971338575 82.10
397.3944998635 82.05
403.1747359664 82.01
409.0390475393 81.97
414.9886574883 81.93
421.0248065068 81.89
427.1487533344 81.85
433.3617750198 81.82
439.6651671866 81.78
446.0602443037 81.75
452.5483399594 81.71
459.1308071395 81.68
465.8090185095 81.65
472.5843667007 81.62
479.4582646005 81.59
486.4321456477 81.56
493.5074641306 81.53
500.6856954905 81.51
507.9683366298 81.48
515.3569062238 81.46
522.8529450372 81.44
530.4580162458 81.41
538.1737057624 81.39
546.0016225673 81.37
553.9433990439 81.35
562.0006913195 81.34
570.1751796098 81.32
578.4685685703 81.31
586.882587651 81.30
595.4189914574 81.29
604.0795601163 81.28
612.8660996471 81.27
621.7804423383 81.27
630.8244471297 81.26
640 81.27
649.30901436 81.27
658.7534314519 81.27
668.3352207536 81.28
678.05638039 81.28
687.9189375493 81.27
697.9249489058 81.24
708.0765010489 81.22
718.375710918 81.24
728.8247262443 81.29
739.4257259983 81.34
750.1809208443 81.38
761.0925536018 81.43
772.1628997124 81.48
783.394267715 81.54
794.7889997271 81.59
806.3494719327 81.62
818.0780950787 81.64
829.9773149767 81.66
842.0496130136 81.70
854.2975066688 81.76
866.7235500396 81.83
879.3303343732 81.91
892.1204886074 82.00
905.0966799188 82.11
918.2616142791 82.25
931.618037019 82.41
945.1687334013 82.54
958.9165292011 82.65
972.8642912955 82.77
987.0149282611 82.88
1001.371390981 83.01
1015.9366732597 83.14
1030.7138124476 83.27
1045.7058900743 83.40
1060.9160324916 83.54
1076.3474115248 83.67
1092.0032451345 83.82
1107.8867980879 83.96
1124.0013826389 84.12
1140.3503592197 84.28
1156.9371371406 84.44
1173.765175302 84.60
1190.8379829148 84.76
1208.1591202326 84.93
1225.7321992942 85.09
1243.5608846767 85.26
1261.6488942595 85.43
1280 85.59
1298.6180287201 85.76
1317.5068629037 85.93
1336.6704415071 86.09
1356.1127607799 86.26
1375.8378750985 86.43
1395.8498978116 86.60
1416.1530020977 86.77
1436.751421836 86.94
1457.6494524886 87.12
1478.8514519966 87.29
1500.3618416887 87.47
1522.1851072035 87.65
1544.3257994247 87.84
1566.78853543 88.02
1589.5779994541 88.22
1612.6989438655 88.41
1636.1561901574 88.62
1659.9546299533 88.83
1684.0992260271 89.04
1708.5950133377 89.25
1733.4471000793 89.48
1758.6606687464 89.70
1784.2409772148 89.93
1810.1933598376 90.17
1836.5232285581 90.42
1863.2360740381 90.66
1890.3374668026 90.91
1917.8330584022 91.17
1945.7285825909 91.42
1974.0298565222 91.68
2002.742781962 91.93
2031.8733465194 92.18
2061.4276248951 92.42
2091.4117801487 92.65
2121.8320649832 92.87
2152.6948230496 93.07
2184.0064902691 93.26
2215.7735961758 93.43
2248.0027652779 93.57
2280.7007184393 93.69
2313.8742742813 93.77
2347.530350604 93.83
2381.6759658296 93.86
2416.3182404652 93.85
2451.4643985884 93.81
2487.1217693533 93.75
2523.297788519 93.65
2560.0000000001 93.54
2597.2360574402 93.40
2635.0137258074 93.25
2673.3408830143 93.09
2712.2255215599 92.91
2751.6757501971 92.74
2791.6997956232 92.55
2832.3060041955 92.37
2873.5028436721 92.19
2915.2989049772 92.02
2957.7029039931 91.85
3000.7236833774 91.70
3044.3702144071 91.55
3088.6515988494 91.41
3133.57707086 91.29
3179.1559989082 91.18
3225.397887731 91.08
3272.3123803148 90.99
3319.9092599067 90.91
3368.1984520542 90.84
3417.1900266754 90.77
3466.8942001586 90.72
3517.3213374928 90.69
3568.4819544296 90.69
3620.3867196753 90.72
3673.0464571163 90.78
3726.4721480761 90.87
3780.6749336053 90.98
3835.6661168044 91.11
3891.4571651819 91.25
3948.0597130445 91.41
4005.4855639241 91.57
4063.7466930387 91.74
4122.8552497902 91.93
4182.8235602974 92.14
4243.6641299665 92.40
4305.3896460992 92.70
4368.0129805382 93.04
4431.5471923516 93.41
4496.0055305558 93.78
4561.4014368787 94.14
4627.7485485626 94.47
4695.0607012081 94.75
4763.3519316592 94.96
4832.6364809305 95.05
4902.9287971769 95.01
4974.2435387067 94.92
5046.595577038 94.81
5120.0000000002 94.57
5194.4721148803 94.22
5270.0274516149 93.82
5346.6817660286 93.38
5424.4510431198 92.90
5503.3515003942 92.39
5583.3995912463 91.89
5664.6120083911 91.43
5747.0056873442 91.03
5830.5978099545 90.67
5915.4058079863 90.32
6001.4473667548 89.98
6088.7404288142 89.68
6177.3031976989 89.41
6267.1541417201 89.19
6358.3119978165 89.02
6450.795775462 88.89
6544.6247606297 88.81
6639.8185198134 88.77
6736.3969041085 88.78
6834.3800533509 88.83
6933.7884003172 88.94
7034.6426749857 89.11
7136.9639088592 89.33
7240.7734393506 89.62
7346.0929142326 89.95
7452.9442961523 90.33
7561.3498672106 90.75
7671.3322336089 91.16
7782.9143303638 91.49
7896.119426089 91.69
8010.9711278481 91.67
8127.4933860775 91.42
8245.7104995805 90.97
8365.6471205948 90.38
8487.328259933 89.72
8610.7792921984 89.03
8736.0259610765 88.36
8863.0943847033 87.75
8992.0110611117 87.22
9122.8028737575 86.76
9255.4970971253 86.40
9390.1214024162 86.14
9526.7038633184 86.01
9665.272961861 86.00
9805.8575943538 86.14
9948.4870774134 86.43
10093.191154076 86.88
10240.0000000005 87.47
10388.9442297607 88.14
10540.0549032298 88.74
10693.3635320572 89.02
10848.9020862397 88.75
11006.7030007884 87.91
11166.7991824927 86.80
11329.2240167822 85.84
11494.0113746885 84.96
11661.1956199091 83.84
11830.8116159726 82.51
12002.8947335097 81.34
12177.4808576284 80.44
12354.6063953979 79.68
12534.3082834402 79.04
12716.6239956331 78.53
12901.5915509241 78.17
13089.2495212594 77.91
13279.637039627 77.59
13472.7938082171 77.08
13668.7601067018 76.28
13867.5768006344 75.09
14069.2853499715 73.68
14273.9278177184 72.37
14481.5468787012 71.40
14692.1858284653 71.00
14905.8885923047 71.04
15122.6997344212 71.20
15342.6644672179 71.25
15565.8286607277 70.97
15792.2388521781 70.38
16021.9422556964 69.90
16254.9867721551 69.78
16491.4209991611 69.92
16731.2942411897 70.12
16974.656519866 70.14
17221.5585843969 69.73
17472.0519221531 68.73
17726.1887694067 66.97
17984.0221222235 64.81
18245.605747515 63.90
18510.9941942506 64.36
18780.2428048326 64.52
19053.4077266369 63.86
19330.545923722 62.59
19611.7151887077 60.93
19896.9741548268 59.32
20186.382308152 58.92
