20 84.48
20.2909066988 84.56
20.5860447329 84.63
20.8854756485 84.71
21.1892618872 84.78
21.4974667984 84.86
21.8101546533 84.94
22.1273906578 85.02
22.4492409662 85.09
22.7757726951 85.17
23.1070539374 85.25
23.4431537764 85.33
23.7841423001 85.41
24.130090616 85.48
24.4810708661 85.56
24.8371562415 85.63
25.1984209979 85.70
25.5649404712 85.77
25.936791093 85.84
26.3140504067 85.91
26.6967970834 85.98
27.0851109387 86.04
27.4790729492 86.09
27.878765269 86.15
28.2842712475 86.20
28.6956754462 86.25
29.1130636568 86.30
29.5365229188 86.35
29.9661415375 86.40
30.402009103 86.45
30.8442165082 86.50
31.2928559682 86.54
31.7480210394 86.59
32.209806639 86.64
32.6783090648 86.69
33.1536260154 86.74
33.6358566101 86.79
34.1251014105 86.83
34.6214624402 86.87
35.1250432075 86.91
35.6359487256 86.95
36.1542855356 86.99
36.6801617282 87.03
37.2136869661 87.06
37.7549725073 87.10
38.3041312279 87.13
38.8612776461 87.16
39.4265279456 87.19
40 87.22
40.5818133975 87.26
41.1720894657 87.29
41.7709512971 87.33
42.3785237744 87.36
42.9949335968 87.38
43.6203093066 87.41
44.2547813156 87.43
44.8984819324 87.45
45.5515453903 87.48
46.2141078749 87.50
46.8863075528 87.53
47.5682846001 87.55
48.260181232 87.57
48.9621417322 87.58
49.6743124829 87.60
50.3968419958 87.62
51.1298809424 87.64
51.873582186 87.66
52.6281008133 87.68
53.3935941668 87.70
54.1702218775 87.71
54.9581458983 87.73
55.757530538 87.75
56.5685424949 87.76
57.3913508924 87.78
58.2261273137 87.79
59.0730458376 87.80
59.9322830751 87.80
60.804018206 87.82
61.6884330163 87.83
62.5857119363 87.84
63.4960420787 87.85
64.419613278 87.86
65.3566181296 87.87
66.3072520307 87.88
67.2717132203 87.88
68.2502028209 87.89
69.2429248805 87.90
70.2500864149 87.90
71.2718974512 87.91
72.3085710713 87.91
73.3603234564 87.92
74.4273739322 87.92
75.5099450145 87.93
76.6082624559 87.93
77.7225552923 87.94
78.8530558912 87.93
80 87.93
81.163626795 87.93
82.3441789315 87.93
83.5419025942 87.93
84.7570475487 87.93
85.9898671937 87.93
87.2406186132 87.92
88.5095626311 87.92
89.7969638648 87.92
91.1030907805 87.92
92.4282157498 87.92
93.7726151055 87.91
95.1365692002 87.91
96.520362464 87.90
97.9242834644 87.89
99.3486249659 87.88
100.7936839916 87.88
102.2597618848 87.87
103.7471643721 87.86
105.2562016267 87.85
106.7871883336 87.84
108.340443755 87.83
109.9162917966 87.82
111.5150610759 87.81
113.1370849898 87.80
114.7827017849 87.79
116.4522546274 87.77
118.1460916752 87.76
119.8645661501 87.75
121.6080364119 87.74
123.3768660326 87.72
125.1714238726 87.71
126.9920841575 87.70
128.8392265559 87.69
130.7132362593 87.68
132.6145040614 87.67
134.5434264406 87.66
136.5004056418 87.65
138.485849761 87.64
140.5001728299 87.62
142.5437949025 87.61
144.6171421426 87.60
146.7206469127 87.59
148.8547478643 87.57
151.0198900291 87.56
153.2165249118 87.55
155.4451105846 87.54
157.7061117824 87.52
160 87.50
162.32725359 87.49
164.688357863 87.47
167.0838051884 87.45
169.5140950975 87.43
171.9797343873 87.38
174.4812372264 87.31
177.0191252622 87.21
179.5939277295 87.10
182.2061815611 86.99
184.8564314996 86.91
187.5452302111 86.87
190.2731384004 86.85
193.0407249281 86.85
195.8485669287 86.85
198.6972499318 86.85
201.5873679832 86.84
204.5195237697 86.83
207.4943287442 86.81
210.5124032534 86.79
213.5743766672 86.76
216.6808875099 86.73
219.8325835933 86.70
223.0301221518 86.67
226.2741699797 86.64
229.5654035698 86.60
232.9045092548 86.57
236.2921833503 86.53
239.7291323003 86.49
243.2160728239 86.46
246.7537320653 86.42
250.3428477452 86.38
253.9841683149 86.34
257.6784531119 86.30
261.4264725186 86.26
265.2290081229 86.22
269.0868528812 86.17
273.0008112836 86.13
276.971699522 86.08
281.0003456597 86.04
285.0875898049 85.99
289.2342842852 85.95
293.4412938255 85.90
297.7094957287 85.86
302.0397800581 85.81
306.4330498235 85.77
310.8902211692 85.72
315.4122235649 85.67
320 85.63
324.65450718 85.58
329.3767157259 85.54
334.1676103768 85.49
339.028190195 85.45
343.9594687746 85.40
348.9624744529 85.36
354.0382505244 85.31
359.187855459 85.27
364.4123631221 85.22
369.7128629991 85.18
375.0904604222 85.14
380.5462768009 85.09
386.0814498562 85.05
391.6971338575 85.00
397.3944998635 84.96
403.1747359664 84.92
409.0390475393 84.87
414.9886574883 84.83
421.0248065068 84.79
427.1487533344 84.74
433.3617750198 84.70
439.6651671866 84.66
446.0602443037 84.61
452.5483399594 84.57
459.1308071395 84.53
465.8090185095 84.49
472.5843667007 84.45
479.4582646005 84.41
486.4321456477 84.37
493.5074641306 84.33
500.6856954905 84.29
507.9683366298 84.25
515.3569062238 84.22
522.8529450372 84.18
530.4580162458 84.15
538.1737057624 84.11
546.0016225673 84.08
553.9433990439 84.04
562.0006913195 84.01
570.1751796098 83.98
578.4685685703 83.95
586.882587651 83.92
595.4189914574 83.89
604.0795601163 83.86
612.8660996471 83.84
621.7804423383 83.81
630.8244471297 83.79
640 83.77
649.30901436 83.76
658.7534314519 83.74
668.3352207536 83.73
678.05638039 83.71
687.9189375493 83.70
697.9249489058 83.70
708.0765010489 83.69
718.375710918 83.68
728.8247262443 83.69
739.4257259983 83.69
750.1809208443 83.70
761.0925536018 83.71
772.1628997124 83.73
783.394267715 83.75
794.7889997271 83.77
806.3494719327 83.80
818.0780950787 83.83
829.9773149767 83.87
842.0496130136 83.92
854.2975066688 83.97
866.7235500396 84.02
879.3303343732 84.09
892.1204886074 84.16
905.0966799188 84.24
918.2616142791 84.33
931.618037019 84.41
945.1687334013 84.51
958.9165292011 84.62
972.8642912955 84.74
987.0149282611 84.87
1001.371390981 85.00
1015.9366732597 85.15
1030.7138124476 85.30
1045.7058900743 85.46
1060.9160324916 85.62
1076.3474115248 85.79
1092.0032451345 85.95
1107.8867980879 86.13
1124.0013826389 86.30
1140.3503592197 86.48
1156.9371371406 86.65
1173.765175302 86.83
1190.8379829148 87.00
1208.1591202326 87.17
1225.7321992942 87.33
1243.5608846767 87.50
1261.6488942595 87.66
1280 87.81
1298.6180287201 87.97
1317.5068629037 88.12
1336.6704415071 88.27
1356.1127607799 88.41
1375.8378750985 88.55
1395.8498978116 88.69
1416.1530020977 88.82
1436.751421836 88.95
1457.6494524886 89.08
1478.8514519966 89.20
1500.3618416887 89.32
1522.1851072035 89.44
1544.3257994247 89.56
1566.78853543 89.67
1589.5779994541 89.79
1612.6989438655 89.90
1636.1561901574 90.01
1659.9546299533 90.13
1684.0992260271 90.24
1708.5950133377 90.35
1733.4471000793 90.46
1758.6606687464 90.56
1784.2409772148 90.67
1810.1933598376 90.78
1836.5232285581 90.88
1863.2360740381 90.99
1890.3374668026 91.09
1917.8330584022 91.20
1945.7285825909 91.30
1974.0298565222 91.40
2002.742781962 91.50
2031.8733465194 91.60
2061.4276248951 91.70
2091.4117801487 91.79
2121.8320649832 91.87
2152.6948230496 91.95
2184.0064902691 92.03
2215.7735961758 92.09
2248.0027652779 92.15
2280.7007184393 92.20
2313.8742742813 92.25
2347.530350604 92.28
2381.6759658296 92.30
2416.3182404652 92.32
2451.4643985884 92.33
2487.1217693533 92.32
2523.297788519 92.32
2560.0000000001 92.30
2597.2360574402 92.28
2635.0137258074 92.25
2673.3408830143 92.22
2712.2255215599 92.18
2751.6757501971 92.14
2791.6997956232 92.10
2832.3060041955 92.07
2873.5028436721 92.04
2915.2989049772 92.01
2957.7029039931 92.00
3000.7236833774 92.01
3044.3702144071 92.03
3088.6515988494 92.07
3133.57707086 92.13
3179.1559989082 92.20
3225.397887731 92.29
3272.3123803148 92.39
3319.9092599067 92.50
3368.1984520542 92.61
3417.1900266754 92.71
3466.8942001586 92.82
3517.3213374928 92.92
3568.4819544296 93.02
3620.3867196753 93.11
3673.0464571163 93.18
3726.4721480761 93.21
3780.6749336053 93.16
3835.6661168044 93.06
3891.4571651819 92.90
3948.0597130445 92.72
4005.4855639241 92.57
4063.7466930387 92.47
4122.8552497902 92.46
4182.8235602974 92.51
4243.6641299665 92.64
4305.3896460992 92.81
4368.0129805382 93.01
4431.5471923516 93.21
4496.0055305558 93.39
4561.4014368787 93.52
4627.7485485626 93.60
4695.0607012081 93.60
4763.3519316592 93.53
4832.6364809305 93.39
4902.9287971769 93.17
4974.2435387067 92.89
5046.595577038 92.55
5120.0000000002 92.17
5194.4721148803 91.76
5270.0274516149 91.33
5346.6817660286 90.90
5424.4510431198 90.48
5503.3515003942 90.08
5583.3995912463 89.71
5664.6120083911 89.38
5747.0056873442 89.10
5830.5978099545 88.86
5915.4058079863 88.69
6001.4473667548 88.57
6088.7404288142 88.54
6177.3031976989 88.60
6267.1541417201 88.76
6358.3119978165 89.04
6450.795775462 89.40
6544.6247606297 89.79
6639.8185198134 90.14
6736.3969041085 90.34
6834.3800533509 90.29
6933.7884003172 89.94
7034.6426749857 89.36
7136.9639088592 88.67
7240.7734393506 88.03
7346.0929142326 87.55
7452.9442961523 87.24
7561.3498672106 87.08
7671.3322336089 87.00
7782.9143303638 86.94
7896.119426089 86.86
8010.9711278481 86.71
8127.4933860775 86.56
8245.7104995805 86.59
8365.6471205948 86.98
8487.328259933 87.71
8610.7792921984 88.65
8736.0259610765 89.53
8863.0943847033 90.07
8992.0110611117 90.21
9122.8028737575 90.11
9255.4970971253 89.95
9390.1214024162 89.85
9526.7038633184 89.83
9665.272961861 89.83
9805.8575943538 89.73
9948.4870774134 89.39
10093.191154076 88.68
10240.0000000005 87.62
10388.9442297607 86.29
10540.0549032298 84.81
10693.3635320572 83.30
10848.9020862397 81.87
11006.7030007884 80.63
11166.7991824927 79.61
11329.2240167822 78.85
11494.0113746885 78.30
11661.1956199091 78.09
11830.8116159726 78.09
12002.8947335097 78.35
12177.4808576284 78.74
12354.6063953979 79.33
12534.3082834402 79.96
12716.6239956331 80.54
12901.5915509241 80.84
13089.2495212594 80.95
13279.637039627 80.67
13472.7938082171 80.00
13668.7601067018 79.12
13867.5768006344 78.20
14069.2853499715 77.51
14273.9278177184 77.07
14481.5468787012 76.62
14692.1858284653 75.99
14905.8885923047 75.23
15122.6997344212 74.42
15342.6644672179 73.64
15565.8286607277 72.90
15792.2388521781 72.11
16021.9422556964 71.12
16254.9867721551 69.51
16491.4209991611 66.88
16731.2942411897 63.85
16974.656519866 61.36
17221.5585843969 59.88
17472.0519221531 59.32
17726.1887694067 59.37
17984.0221222235 59.93
18245.605747515 61.42
18510.9941942506 63.41
18780.2428048326 65.24
19053.4077266369 67.54
19330.545923722 69.72
19611.7151887077 71.10
19896.9741548268 71.78
20186.382308152 71.93
