20 85.92
20.2909066988 86.05
20.5860447329 86.19
20.8854756485 86.32
21.1892618872 86.44
21.4974667984 86.56
21.8101546533 86.68
22.1273906578 86.80
22.4492409662 86.92
22.7757726951 87.04
23.1070539374 87.16
23.4431537764 87.29
23.7841423001 87.40
24.130090616 87.52
24.4810708661 87.63
24.8371562415 87.73
25.1984209979 87.85
25.5649404712 87.96
25.936791093 88.07
26.3140504067 88.18
26.6967970834 88.28
27.0851109387 88.37
27.4790729492 88.47
27.878765269 88.57
28.2842712475 88.66
28.6956754462 88.75
29.1130636568 88.84
29.5365229188 88.92
29.9661415375 89.00
30.402009103 89.09
30.8442165082 89.17
31.2928559682 89.26
31.7480210394 89.34
32.209806639 89.42
32.6783090648 89.49
33.1536260154 89.57
33.6358566101 89.64
34.1251014105 89.72
34.6214624402 89.79
35.1250432075 89.86
35.6359487256 89.92
36.1542855356 89.98
36.6801617282 90.04
37.2136869661 90.10
37.7549725073 90.16
38.3041312279 90.22
38.8612776461 90.28
39.4265279456 90.33
40 90.39
40.5818133975 90.44
41.1720894657 90.50
41.7709512971 90.55
42.3785237744 90.59
42.9949335968 90.63
43.6203093066 90.68
44.2547813156 90.72
44.8984819324 90.77
45.5515453903 90.81
46.2141078749 90.85
46.8863075528 90.88
47.5682846001 90.92
48.260181232 90.95
48.9621417322 90.98
49.6743124829 91.01
50.3968419958 91.04
51.1298809424 91.07
51.873582186 91.10
52.6281008133 91.13
53.3935941668 91.15
54.1702218775 91.18
54.9581458983 91.20
55.757530538 91.22
56.5685424949 91.24
57.3913508924 91.26
58.2261273137 91.27
59.0730458376 91.28
59.9322830751 91.30
60.804018206 91.32
61.6884330163 91.33
62.5857119363 91.34
63.4960420787 91.35
64.419613278 91.36
65.3566181296 91.37
66.3072520307 91.38
67.2717132203 91.39
68.2502028209 91.39
69.2429248805 91.40
70.2500864149 91.40
71.2718974512 91.40
72.3085710713 91.40
73.3603234564 91.40
74.4273739322 91.39
75.5099450145 91.39
76.6082624559 91.39
77.7225552923 91.39
78.8530558912 91.38
80 91.38
81.163626795 91.37
82.3441789315 91.36
83.5419025942 91.35
84.7570475487 91.34
85.9898671937 91.33
87.2406186132 91.31
88.5095626311 91.30
89.7969638648 91.28
91.1030907805 91.27
92.4282157498 91.25
93.7726151055 91.23
95.1365692002 91.21
96.520362464 91.19
97.9242834644 91.17
99.3486249659 91.15
100.7936839916 91.13
102.2597618848 91.10
103.7471643721 91.08
105.2562016267 91.05
106.7871883336 91.03
108.340443755 91.00
109.9162917966 90.97
111.5150610759 90.94
113.1370849898 90.91
114.7827017849 90.88
116.4522546274 90.85
118.1460916752 90.82
119.8645661501 90.79
121.6080364119 90.75
123.3768660326 90.72
125.1714238726 90.68
126.9920841575 90.65
128.8392265559 90.61
130.7132362593 90.57
132.6145040614 90.53
134.5434264406 90.49
136.5004056418 90.45
138.485849761 90.41
140.5001728299 90.37
142.5437949025 90.33
144.6171421426 90.29
146.7206469127 90.25
148.8547478643 90.21
151.0198900291 90.16
153.2165249118 90.12
155.4451105846 90.08
157.7061117824 90.03
160 89.99
162.32725359 89.95
164.688357863 89.92
167.0838051884 89.89
169.5140950975 89.85
171.9797343873 89.79
174.4812372264 89.70
177.0191252622 89.59
179.5939277295 89.46
182.2061815611 89.35
184.8564314996 89.26
187.5452302111 89.20
190.2731384004 89.16
193.0407249281 89.15
195.8485669287 89.14
198.6972499318 89.12
201.5873679832 89.09
204.5195237697 89.05
207.4943287442 89.00
210.5124032534 88.95
213.5743766672 88.89
216.6808875099 88.84
219.8325835933 88.78
223.0301221518 88.72
226.2741699797 88.65
229.5654035698 88.59
232.9045092548 88.52
236.2921833503 88.46
239.7291323003 88.39
243.2160728239 88.33
246.7537320653 88.27
250.3428477452 88.20
253.9841683149 88.14
257.6784531119 88.07
261.4264725186 88.01
265.2290081229 87.94
269.0868528812 87.89
273.0008112836 87.82
276.971699522 87.76
281.0003456597 87.69
285.0875898049 87.63
289.2342842852 87.56
293.4412938255 87.50
297.7094957287 87.44
302.0397800581 87.37
306.4330498235 87.31
310.8902211692 87.24
315.4122235649 87.17
320 87.11
324.65450718 87.04
329.3767157259 86.98
334.1676103768 86.91
339.028190195 86.85
343.9594687746 86.78
348.9624744529 86.71
354.0382505244 86.65
359.187855459 86.58
364.4123631221 86.51
369.7128629991 86.45
375.0904604222 86.38
380.5462768009 86.32
386.0814498562 86.25
391.6971338575 86.19
397.3944998635 86.12
403.1747359664 86.06
409.0390475393 86.00
414.9886574883 85.94
421.0248065068 85.89
427.1487533344 85.83
433.3617750198 85.78
439.6651671866 85.72
446.0602443037 85.67
452.5483399594 85.62
459.1308071395 85.57
465.8090185095 85.51
472.5843667007 85.46
479.4582646005 85.41
486.4321456477 85.36
493.5074641306 85.32
500.6856954905 85.28
507.9683366298 85.24
515.3569062238 85.20
522.8529450372 85.17
530.4580162458 85.14
538.1737057624 85.11
546.0016225673 85.09
553.9433990439 85.07
562.0006913195 85.05
570.1751796098 85.03
578.4685685703 85.01
586.882587651 84.99
595.4189914574 84.98
604.0795601163 84.97
612.8660996471 84.96
621.7804423383 84.95
630.8244471297 84.95
640 84.94
649.30901436 84.93
658.7534314519 84.92
668.3352207536 84.91
678.05638039 84.90
687.9189375493 84.90
697.9249489058 84.90
708.0765010489 84.90
718.375710918 84.90
728.8247262443 84.92
739.4257259983 84.94
750.1809208443 84.97
761.0925536018 85.01
772.1628997124 85.06
783.394267715 85.12
794.7889997271 85.17
806.3494719327 85.20
818.0780950787 85.21
829.9773149767 85.18
842.0496130136 85.12
854.2975066688 85.04
866.7235500396 84.97
879.3303343732 84.92
892.1204886074 84.90
905.0966799188 84.89
918.2616142791 84.89
931.618037019 84.91
945.1687334013 84.94
958.9165292011 84.99
972.8642912955 85.05
987.0149282611 85.11
1001.371390981 85.19
1015.9366732597 85.27
1030.7138124476 85.36
1045.7058900743 85.46
1060.9160324916 85.55
1076.3474115248 85.66
1092.0032451345 85.76
1107.8867980879 85.87
1124.0013826389 85.99
1140.3503592197 86.11
1156.9371371406 86.22
1173.765175302 86.32
1190.8379829148 86.42
1208.1591202326 86.53
1225.7321992942 86.63
1243.5608846767 86.73
1261.6488942595 86.84
1280 86.94
1298.6180287201 87.04
1317.5068629037 87.14
1336.6704415071 87.23
1356.1127607799 87.33
1375.8378750985 87.42
1395.8498978116 87.52
1416.1530020977 87.61
1436.751421836 87.71
1457.6494524886 87.80
1478.8514519966 87.90
1500.3618416887 87.99
1522.1851072035 88.09
1544.3257994247 88.19
1566.78853543 88.30
1589.5779994541 88.40
1612.6989438655 88.51
1636.1561901574 88.62
1659.9546299533 88.74
1684.0992260271 88.86
1708.5950133377 88.99
1733.4471000793 89.12
1758.6606687464 89.26
1784.2409772148 89.40
1810.1933598376 89.55
1836.5232285581 89.70
1863.2360740381 89.86
1890.3374668026 90.02
1917.8330584022 90.18
1945.7285825909 90.35
1974.0298565222 90.53
2002.742781962 90.71
2031.8733465194 90.88
2061.4276248951 91.06
2091.4117801487 91.23
2121.8320649832 91.41
2152.6948230496 91.58
2184.0064902691 91.75
2215.7735961758 91.91
2248.0027652779 92.07
2280.7007184393 92.22
2313.8742742813 92.36
2347.530350604 92.50
2381.6759658296 92.63
2416.3182404652 92.75
2451.4643985884 92.87
2487.1217693533 92.97
2523.297788519 93.05
2560.0000000001 93.10
2597.2360574402 93.11
2635.0137258074 93.06
2673.3408830143 92.96
2712.2255215599 92.81
2751.6757501971 92.62
2791.6997956232 92.41
2832.3060041955 92.20
2873.5028436721 92.01
2915.2989049772 91.83
2957.7029039931 91.67
3000.7236833774 91.53
3044.3702144071 91.42
3088.6515988494 91.33
3133.57707086 91.25
3179.1559989082 91.16
3225.397887731 91.05
3272.3123803148 90.90
3319.9092599067 90.68
3368.1984520542 90.36
3417.1900266754 89.94
3466.8942001586 89.44
3517.3213374928 88.91
3568.4819544296 88.44
3620.3867196753 88.10
3673.0464571163 87.93
3726.4721480761 87.94
3780.6749336053 88.11
3835.6661168044 88.37
3891.4571651819 88.72
3948.0597130445 89.10
4005.4855639241 89.49
4063.7466930387 89.86
4122.8552497902 90.23
4182.8235602974 90.67
4243.6641299665 91.21
4305.3896460992 91.82
4368.0129805382 92.42
4431.5471923516 92.96
4496.0055305558 93.39
4561.4014368787 93.64
4627.7485485626 93.70
4695.0607012081 93.55
4763.3519316592 93.26
4832.6364809305 92.90
4902.9287971769 92.57
4974.2435387067 92.30
5046.595577038 92.08
5120.0000000002 91.86
5194.4721148803 91.61
5270.0274516149 91.36
5346.6817660286 91.14
5424.4510431198 90.98
5503.3515003942 90.89
5583.3995912463 90.89
5664.6120083911 90.97
5747.0056873442 91.11
5830.5978099545 91.31
5915.4058079863 91.54
6001.4473667548 91.77
6088.7404288142 91.98
6177.3031976989 92.12
6267.1541417201 92.19
6358.3119978165 92.18
6450.795775462 92.11
6544.6247606297 91.99
6639.8185198134 91.83
6736.3969041085 91.65
6834.3800533509 91.48
6933.7884003172 91.34
7034.6426749857 91.26
7136.9639088592 91.24
7240.7734393506 91.25
7346.0929142326 91.30
7452.9442961523 91.39
7561.3498672106 91.49
7671.3322336089 91.61
7782.9143303638 91.70
7896.119426089 91.74
8010.9711278481 91.70
8127.4933860775 91.54
8245.7104995805 91.32
8365.6471205948 91.07
8487.328259933 90.84
8610.7792921984 90.65
8736.0259610765 90.52
8863.0943847033 90.45
8992.0110611117 90.42
9122.8028737575 90.40
9255.4970971253 90.33
9390.1214024162 90.12
9526.7038633184 89.70
9665.272961861 89.05
9805.8575943538 88.22
9948.4870774134 87.28
10093.191154076 86.36
10240.0000000005 85.54
10388.9442297607 84.88
10540.0549032298 84.42
10693.3635320572 84.18
10848.9020862397 84.21
11006.7030007884 84.49
11166.7991824927 84.90
11329.2240167822 85.27
11494.0113746885 85.46
11661.1956199091 85.23
11830.8116159726 84.77
12002.8947335097 84.07
12177.4808576284 83.36
12354.6063953979 82.83
12534.3082834402 82.50
12716.6239956331 82.41
12901.5915509241 82.44
13089.2495212594 82.50
13279.637039627 82.53
13472.7938082171 82.54
13668.7601067018 82.56
13867.5768006344 82.69
14069.2853499715 83.10
14273.9278177184 83.74
14481.5468787012 84.18
14692.1858284653 84.15
14905.8885923047 83.72
15122.6997344212 83.07
15342.6644672179 82.38
15565.8286607277 81.74
15792.2388521781 81.24
16021.9422556964 81.24
16254.9867721551 81.67
16491.4209991611 81.89
16731.2942411897 80.88
16974.656519866 77.91
17221.5585843969 72.98
17472.0519221531 66.55
17726.1887694067 59.95
17984.0221222235 57.16
18245.605747515 58.55
18510.9941942506 60.40
18780.2428048326 61.84
19053.4077266369 62.95
19330.545923722 63.72
19611.7151887077 64.03
19896.9741548268 64.06
20186.382308152 64.06
