20 91.52
20.2909066988 91.54
20.5860447329 91.56
20.8854756485 91.58
21.1892618872 91.60
21.4974667984 91.61
21.8101546533 91.62
22.1273906578 91.63
22.4492409662 91.64
22.7757726951 91.64
23.1070539374 91.65
23.4431537764 91.65
23.7841423001 91.66
24.130090616 91.66
24.4810708661 91.67
24.8371562415 91.67
25.1984209979 91.68
25.5649404712 91.68
25.936791093 91.69
26.3140504067 91.69
26.6967970834 91.70
27.0851109387 91.71
27.4790729492 91.72
27.878765269 91.73
28.2842712475 91.74
28.6956754462 91.75
29.1130636568 91.75
29.5365229188 91.76
29.9661415375 91.76
30.402009103 91.76
30.8442165082 91.75
31.2928559682 91.75
31.7480210394 91.75
32.209806639 91.74
32.6783090648 91.73
33.1536260154 91.72
33.6358566101 91.72
34.1251014105 91.71
34.6214624402 91.71
35.1250432075 91.70
35.6359487256 91.69
36.1542855356 91.69
36.6801617282 91.69
37.2136869661 91.68
37.7549725073 91.67
38.3041312279 91.66
38.8612776461 91.65
39.4265279456 91.64
40 91.63
40.5818133975 91.61
41.1720894657 91.60
41.7709512971 91.59
42.3785237744 91.58
42.9949335968 91.56
43.6203093066 91.55
44.2547813156 91.53
44.8984819324 91.52
45.5515453903 91.50
46.2141078749 91.48
46.8863075528 91.46
47.5682846001 91.45
48.260181232 91.43
48.9621417322 91.41
49.6743124829 91.39
50.3968419958 91.36
51.1298809424 91.35
51.873582186 91.33
52.6281008133 91.30
53.3935941668 91.28
54.1702218775 91.26
54.9581458983 91.24
55.757530538 91.22
56.5685424949 91.19
57.3913508924 91.17
58.2261273137 91.14
59.0730458376 91.12
59.9322830751 91.09
60.804018206 91.06
61.6884330163 91.03
62.5857119363 91.01
63.4960420787 90.98
64.419613278 90.95
65.3566181296 90.92
66.3072520307 90.89
67.2717132203 90.86
68.2502028209 90.83
69.2429248805 90.80
70.2500864149 90.77
71.2718974512 90.74
72.3085710713 90.70
73.3603234564 90.67
74.4273739322 90.64
75.5099450145 90.61
76.6082624559 90.57
77.7225552923 90.54
78.8530558912 90.50
80 90.47
81.163626795 90.43
82.3441789315 90.39
83.5419025942 90.35
84.7570475487 90.32
85.9898671937 90.28
87.2406186132 90.24
88.5095626311 90.20
89.7969638648 90.16
91.1030907805 90.12
92.4282157498 90.08
93.7726151055 90.04
95.1365692002 90.00
96.520362464 89.95
97.9242834644 89.91
99.3486249659 89.87
100.7936839916 89.82
102.2597618848 89.78
103.7471643721 89.73
105.2562016267 89.69
106.7871883336 89.64
108.340443755 89.59
109.9162917966 89.55
111.5150610759 89.50
113.1370849898 89.45
114.7827017849 89.41
116.4522546274 89.36
118.1460916752 89.31
119.8645661501 89.26
121.6080364119 89.21
123.3768660326 89.16
125.1714238726 89.12
126.9920841575 89.07
128.8392265559 89.02
130.7132362593 88.98
132.6145040614 88.94
134.5434264406 88.89
136.5004056418 88.85
138.485849761 88.80
140.5001728299 88.76
142.5437949025 88.71
144.6171421426 88.66
146.7206469127 88.62
148.8547478643 88.58
151.0198900291 88.53
153.2165249118 88.49
155.4451105846 88.44
157.7061117824 88.40
160 88.35
162.32725359 88.31
164.688357863 88.26
167.0838051884 88.22
169.5140950975 88.16
171.9797343873 88.09
174.4812372264 87.99
177.0191252622 87.86
179.5939277295 87.73
182.2061815611 87.60
184.8564314996 87.49
187.5452302111 87.42
190.2731384004 87.38
193.0407249281 87.35
195.8485669287 87.33
198.6972499318 87.30
201.5873679832 87.26
204.5195237697 87.23
207.4943287442 87.19
210.5124032534 87.15
213.5743766672 87.10
216.6808875099 87.05
219.8325835933 87.00
223.0301221518 86.95
226.2741699797 86.90
229.5654035698 86.85
232.9045092548 86.79
236.2921833503 86.74
239.7291323003 86.69
243.2160728239 86.64
246.7537320653 86.58
250.3428477452 86.53
253.9841683149 86.48
257.6784531119 86.43
261.4264725186 86.37
265.2290081229 86.31
269.0868528812 86.26
273.0008112836 86.20
276.971699522 86.15
281.0003456597 86.10
285.0875898049 86.04
289.2342842852 85.99
293.4412938255 85.94
297.7094957287 85.88
302.0397800581 85.83
306.4330498235 85.78
310.8902211692 85.73
315.4122235649 85.67
320 85.62
324.65450718 85.57
329.3767157259 85.52
334.1676103768 85.47
339.028190195 85.42
343.9594687746 85.37
348.9624744529 85.33
354.0382505244 85.28
359.187855459 85.23
364.4123631221 85.18
369.7128629991 85.13
375.0904604222 85.09
380.5462768009 85.04
386.0814498562 84.99
391.6971338575 84.94
397.3944998635 84.90
403.1747359664 84.85
409.0390475393 84.80
414.9886574883 84.76
421.0248065068 84.71
427.1487533344 84.66
433.3617750198 84.61
439.6651671866 84.56
446.0602443037 84.51
452.5483399594 84.46
459.1308071395 84.41
465.8090185095 84.37
472.5843667007 84.33
479.4582646005 84.30
486.4321456477 84.27
493.5074641306 84.24
500.6856954905 84.22
507.9683366298 84.19
515.3569062238 84.16
522.8529450372 84.13
530.4580162458 84.09
538.1737057624 84.06
546.0016225673 84.02
553.9433990439 83.98
562.0006913195 83.95
570.1751796098 83.92
578.4685685703 83.88
586.882587651 83.86
595.4189914574 83.83
604.0795601163 83.80
612.8660996471 83.78
621.7804423383 83.76
630.8244471297 83.75
640 83.74
649.30901436 83.74
658.7534314519 83.75
668.3352207536 83.76
678.05638039 83.79
687.9189375493 83.82
697.9249489058 83.87
708.0765010489 83.93
718.375710918 84.00
728.8247262443 84.09
739.4257259983 84.19
750.1809208443 84.30
761.0925536018 84.42
772.1628997124 84.54
783.394267715 84.67
794.7889997271 84.79
806.3494719327 84.90
818.0780950787 85.00
829.9773149767 85.09
842.0496130136 85.17
854.2975066688 85.22
866.7235500396 85.26
879.3303343732 85.30
892.1204886074 85.32
905.0966799188 85.34
918.2616142791 85.34
931.618037019 85.34
945.1687334013 85.33
958.9165292011 85.33
972.8642912955 85.34
987.0149282611 85.35
1001.371390981 85.36
1015.9366732597 85.37
1030.7138124476 85.39
1045.7058900743 85.42
1060.9160324916 85.44
1076.3474115248 85.47
1092.0032451345 85.50
1107.8867980879 85.54
1124.0013826389 85.57
1140.3503592197 85.61
1156.9371371406 85.65
1173.765175302 85.68
1190.8379829148 85.71
1208.1591202326 85.74
1225.7321992942 85.77
1243.5608846767 85.79
1261.6488942595 85.82
1280 85.84
1298.6180287201 85.86
1317.5068629037 85.88
1336.6704415071 85.90
1356.1127607799 85.92
1375.8378750985 85.93
1395.8498978116 85.96
1416.1530020977 85.98
1436.751421836 86.00
1457.6494524886 86.03
1478.8514519966 86.06
1500.3618416887 86.09
1522.1851072035 86.13
1544.3257994247 86.17
1566.78853543 86.22
1589.5779994541 86.27
1612.6989438655 86.33
1636.1561901574 86.39
1659.9546299533 86.47
1684.0992260271 86.55
1708.5950133377 86.64
1733.4471000793 86.75
1758.6606687464 86.87
1784.2409772148 87.00
1810.1933598376 87.15
1836.5232285581 87.31
1863.2360740381 87.49
1890.3374668026 87.68
1917.8330584022 87.88
1945.7285825909 88.10
1974.0298565222 88.32
2002.742781962 88.55
2031.8733465194 88.79
2061.4276248951 89.02
2091.4117801487 89.26
2121.8320649832 89.49
2152.6948230496 89.72
2184.0064902691 89.95
2215.7735961758 90.20
2248.0027652779 90.46
2280.7007184393 90.73
2313.8742742813 91.02
2347.530350604 91.32
2381.6759658296 91.63
2416.3182404652 91.94
2451.4643985884 92.26
2487.1217693533 92.56
2523.297788519 92.85
2560.0000000001 93.10
2597.2360574402 93.32
2635.0137258074 93.51
2673.3408830143 93.68
2712.2255215599 93.81
2751.6757501971 93.89
2791.6997956232 93.93
2832.3060041955 93.93
2873.5028436721 93.89
2915.2989049772 93.83
2957.7029039931 93.74
3000.7236833774 93.63
3044.3702144071 93.51
3088.6515988494 93.40
3133.57707086 93.28
3179.1559989082 93.18
3225.397887731 93.08
3272.3123803148 92.98
3319.9092599067 92.90
3368.1984520542 92.83
3417.1900266754 92.77
3466.8942001586 92.73
3517.3213374928 92.71
3568.4819544296 92.72
3620.3867196753 92.75
3673.0464571163 92.79
3726.4721480761 92.84
3780.6749336053 92.87
3835.6661168044 92.89
3891.4571651819 92.88
3948.0597130445 92.84
4005.4855639241 92.77
4063.7466930387 92.65
4122.8552497902 92.47
4182.8235602974 92.22
4243.6641299665 91.86
4305.3896460992 91.41
4368.0129805382 90.88
4431.5471923516 90.34
4496.0055305558 89.89
4561.4014368787 89.66
4627.7485485626 89.68
4695.0607012081 89.98
4763.3519316592 90.51
4832.6364809305 91.20
4902.9287971769 91.99
4974.2435387067 92.80
5046.595577038 93.53
5120.0000000002 94.11
5194.4721148803 94.46
5270.0274516149 94.51
5346.6817660286 94.26
5424.4510431198 93.74
5503.3515003942 92.98
5583.3995912463 92.06
5664.6120083911 91.11
5747.0056873442 90.19
5830.5978099545 89.34
5915.4058079863 88.58
6001.4473667548 87.90
6088.7404288142 87.31
6177.3031976989 86.80
6267.1541417201 86.39
6358.3119978165 86.10
6450.795775462 85.90
6544.6247606297 85.79
6639.8185198134 85.76
6736.3969041085 85.81
6834.3800533509 85.94
6933.7884003172 86.16
7034.6426749857 86.47
7136.9639088592 86.88
7240.7734393506 87.38
7346.0929142326 87.97
7452.9442961523 88.62
7561.3498672106 89.28
7671.3322336089 89.85
7782.9143303638 90.23
7896.119426089 90.33
8010.9711278481 90.08
8127.4933860775 89.52
8245.7104995805 88.80
8365.6471205948 88.10
8487.328259933 87.49
8610.7792921984 87.02
8736.0259610765 86.64
8863.0943847033 86.35
8992.0110611117 86.22
9122.8028737575 86.38
9255.4970971253 86.85
9390.1214024162 87.62
9526.7038633184 88.49
9665.272961861 89.16
9805.8575943538 89.50
9948.4870774134 89.53
10093.191154076 89.39
10240.0000000005 89.24
10388.9442297607 89.14
10540.0549032298 89.17
10693.3635320572 89.31
10848.9020862397 89.56
11006.7030007884 89.87
11166.7991824927 90.18
11329.2240167822 90.39
11494.0113746885 90.46
11661.1956199091 90.20
11830.8116159726 89.73
12002.8947335097 88.96
12177.4808576284 88.04
12354.6063953979 86.92
12534.3082834402 85.63
12716.6239956331 84.10
12901.5915509241 82.38
13089.2495212594 80.61
13279.637039627 78.96
13472.7938082171 77.52
13668.7601067018 76.29
13867.5768006344 75.25
14069.2853499715 74.56
14273.9278177184 74.24
14481.5468787012 74.27
14692.1858284653 74.58
14905.8885923047 75.06
15122.6997344212 75.67
15342.6644672179 76.26
15565.8286607277 76.62
15792.2388521781 76.58
16021.9422556964 76.28
16254.9867721551 75.93
16491.4209991611 75.35
16731.2942411897 74.49
16974.656519866 73.38
17221.5585843969 72.12
17472.0519221531 70.77
17726.1887694067 69.48
17984.0221222235 68.85
18245.605747515 69.21
18510.9941942506 70.41
18780.2428048326 72.25
19053.4077266369 73.99
19330.545923722 75.35
19611.7151887077 76.26
19896.9741548268 76.73
20186.382308152 76.83
