20 92.04
20.2909066988 92.02
20.5860447329 92.01
20.8854756485 91.99
21.1892618872 91.97
21.4974667984 91.94
21.8101546533 91.92
22.1273906578 91.89
22.4492409662 91.86
22.7757726951 91.83
23.1070539374 91.80
23.4431537764 91.77
23.7841423001 91.74
24.130090616 91.72
24.4810708661 91.69
24.8371562415 91.66
25.1984209979 91.64
25.5649404712 91.61
25.936791093 91.59
26.3140504067 91.57
26.6967970834 91.55
27.0851109387 91.53
27.4790729492 91.51
27.878765269 91.49
28.2842712475 91.46
28.6956754462 91.44
29.1130636568 91.41
29.5365229188 91.38
29.9661415375 91.34
30.402009103 91.31
30.8442165082 91.27
31.2928559682 91.23
31.7480210394 91.19
32.209806639 91.15
32.6783090648 91.11
33.1536260154 91.07
33.6358566101 91.03
34.1251014105 91.00
34.6214624402 90.96
35.1250432075 90.92
35.6359487256 90.89
36.1542855356 90.85
36.6801617282 90.81
37.2136869661 90.78
37.7549725073 90.73
38.3041312279 90.69
38.8612776461 90.65
39.4265279456 90.60
40 90.55
40.5818133975 90.51
41.1720894657 90.46
41.7709512971 90.42
42.3785237744 90.37
42.9949335968 90.32
43.6203093066 90.27
44.2547813156 90.23
44.8984819324 90.18
45.5515453903 90.13
46.2141078749 90.08
46.8863075528 90.03
47.5682846001 89.98
48.260181232 89.93
48.9621417322 89.87
49.6743124829 89.82
50.3968419958 89.77
51.1298809424 89.71
51.873582186 89.66
52.6281008133 89.60
53.3935941668 89.55
54.1702218775 89.50
54.9581458983 89.44
55.757530538 89.38
56.5685424949 89.32
57.3913508924 89.27
58.2261273137 89.21
59.0730458376 89.15
59.9322830751 89.08
60.804018206 89.02
61.6884330163 88.97
62.5857119363 88.91
63.4960420787 88.85
64.419613278 88.78
65.3566181296 88.72
66.3072520307 88.66
67.2717132203 88.60
68.2502028209 88.54
69.2429248805 88.48
70.2500864149 88.41
71.2718974512 88.35
72.3085710713 88.29
73.3603234564 88.22
74.4273739322 88.15
75.5099450145 88.09
76.6082624559 88.03
77.7225552923 87.96
78.8530558912 87.90
80 87.83
81.163626795 87.77
82.3441789315 87.70
83.5419025942 87.63
84.7570475487 87.57
85.9898671937 87.50
87.2406186132 87.43
88.5095626311 87.37
89.7969638648 87.30
91.1030907805 87.24
92.4282157498 87.17
93.7726151055 87.10
95.1365692002 87.03
96.520362464 86.96
97.9242834644 86.89
99.3486249659 86.83
100.7936839916 86.76
102.2597618848 86.69
103.7471643721 86.62
105.2562016267 86.55
106.7871883336 86.49
108.340443755 86.42
109.9162917966 86.35
111.5150610759 86.29
113.1370849898 86.22
114.7827017849 86.15
116.4522546274 86.08
118.1460916752 86.01
119.8645661501 85.95
121.6080364119 85.88
123.3768660326 85.82
125.1714238726 85.76
126.9920841575 85.69
128.8392265559 85.63
130.7132362593 85.56
132.6145040614 85.51
134.5434264406 85.45
136.5004056418 85.39
138.485849761 85.33
140.5001728299 85.28
142.5437949025 85.22
144.6171421426 85.17
146.7206469127 85.11
148.8547478643 85.06
151.0198900291 85.01
153.2165249118 84.96
155.4451105846 84.90
157.7061117824 84.85
160 84.80
162.32725359 84.74
164.688357863 84.69
167.0838051884 84.64
169.5140950975 84.60
171.9797343873 84.52
174.4812372264 84.40
177.0191252622 84.27
179.5939277295 84.13
182.2061815611 84.01
184.8564314996 83.91
187.5452302111 83.84
190.2731384004 83.79
193.0407249281 83.77
195.8485669287 83.75
198.6972499318 83.72
201.5873679832 83.69
204.5195237697 83.66
207.4943287442 83.62
210.5124032534 83.59
213.5743766672 83.55
216.6808875099 83.51
219.8325835933 83.47
223.0301221518 83.42
226.2741699797 83.38
229.5654035698 83.33
232.9045092548 83.28
236.2921833503 83.24
239.7291323003 83.21
243.2160728239 83.17
246.7537320653 83.12
250.3428477452 83.07
253.9841683149 83.04
257.6784531119 83.00
261.4264725186 82.95
265.2290081229 82.91
269.0868528812 82.87
273.0008112836 82.83
276.971699522 82.79
281.0003456597 82.75
285.0875898049 82.72
289.2342842852 82.68
293.4412938255 82.64
297.7094957287 82.59
302.0397800581 82.53
306.4330498235 82.49
310.8902211692 82.46
315.4122235649 82.46
320 82.46
324.65450718 82.43
329.3767157259 82.37
334.1676103768 82.33
339.028190195 82.30
343.9594687746 82.27
348.9624744529 82.25
354.0382505244 82.22
359.187855459 82.20
364.4123631221 82.17
369.7128629991 82.15
375.0904604222 82.14
380.5462768009 82.11
386.0814498562 82.07
391.6971338575 82.05
397.3944998635 82.04
403.1747359664 82.02
409.0390475393 82.00
414.9886574883 81.98
421.0248065068 81.95
427.1487533344 81.93
433.3617750198 81.91
439.6651671866 81.89
446.0602443037 81.88
452.5483399594 81.86
459.1308071395 81.84
465.8090185095 81.82
472.5843667007 81.80
479.4582646005 81.78
486.4321456477 81.77
493.5074641306 81.75
500.6856954905 81.74
507.9683366298 81.72
515.3569062238 81.71
522.8529450372 81.70
530.4580162458 81.69
538.1737057624 81.67
546.0016225673 81.66
553.9433990439 81.65
562.0006913195 81.63
570.1751796098 81.62
578.4685685703 81.61
586.882587651 81.60
595.4189914574 81.60
604.0795601163 81.59
612.8660996471 81.58
621.7804423383 81.57
630.8244471297 81.57
640 81.56
649.30901436 81.56
658.7534314519 81.56
668.3352207536 81.56
678.05638039 81.56
687.9189375493 81.56
697.9249489058 81.56
708.0765010489 81.57
718.375710918 81.57
728.8247262443 81.58
739.4257259983 81.59
750.1809208443 81.60
761.0925536018 81.62
772.1628997124 81.63
783.394267715 81.65
794.7889997271 81.68
806.3494719327 81.70
818.0780950787 81.73
829.9773149767 81.76
842.0496130136 81.80
854.2975066688 81.83
866.7235500396 81.87
879.3303343732 81.92
892.1204886074 81.98
905.0966799188 82.05
918.2616142791 82.10
931.618037019 82.17
945.1687334013 82.24
958.9165292011 82.32
972.8642912955 82.40
987.0149282611 82.49
1001.371390981 82.59
1015.9366732597 82.69
1030.7138124476 82.80
1045.7058900743 82.91
1060.9160324916 83.03
1076.3474115248 83.15
1092.0032451345 83.27
1107.8867980879 83.40
1124.0013826389 83.54
1140.3503592197 83.67
1156.9371371406 83.82
1173.765175302 83.97
1190.8379829148 84.12
1208.1591202326 84.27
1225.7321992942 84.42
1243.5608846767 84.57
1261.6488942595 84.71
1280 84.86
1298.6180287201 84.99
1317.5068629037 85.13
1336.6704415071 85.26
1356.1127607799 85.38
1375.8378750985 85.50
1395.8498978116 85.62
1416.1530020977 85.73
1436.751421836 85.84
1457.6494524886 85.95
1478.8514519966 86.05
1500.3618416887 86.16
1522.1851072035 86.26
1544.3257994247 86.36
1566.78853543 86.46
1589.5779994541 86.55
1612.6989438655 86.65
1636.1561901574 86.74
1659.9546299533 86.83
1684.0992260271 86.92
1708.5950133377 87.01
1733.4471000793 87.11
1758.6606687464 87.20
1784.2409772148 87.30
1810.1933598376 87.40
1836.5232285581 87.50
1863.2360740381 87.60
1890.3374668026 87.70
1917.8330584022 87.81
1945.7285825909 87.91
1974.0298565222 88.02
2002.742781962 88.13
2031.8733465194 88.24
2061.4276248951 88.35
2091.4117801487 88.46
2121.8320649832 88.57
2152.6948230496 88.67
2184.0064902691 88.78
2215.7735961758 88.88
2248.0027652779 88.97
2280.7007184393 89.06
2313.8742742813 89.15
2347.530350604 89.23
2381.6759658296 89.30
2416.3182404652 89.36
2451.4643985884 89.42
2487.1217693533 89.46
2523.297788519 89.50
2560.0000000001 89.53
2597.2360574402 89.55
2635.0137258074 89.57
2673.3408830143 89.57
2712.2255215599 89.56
2751.6757501971 89.55
2791.6997956232 89.53
2832.3060041955 89.50
2873.5028436721 89.46
2915.2989049772 89.42
2957.7029039931 89.38
3000.7236833774 89.33
3044.3702144071 89.28
3088.6515988494 89.23
3133.57707086 89.18
3179.1559989082 89.12
3225.397887731 89.05
3272.3123803148 88.99
3319.9092599067 88.91
3368.1984520542 88.84
3417.1900266754 88.75
3466.8942001586 88.66
3517.3213374928 88.57
3568.4819544296 88.49
3620.3867196753 88.42
3673.0464571163 88.34
3726.4721480761 88.26
3780.6749336053 88.16
3835.6661168044 88.03
3891.4571651819 87.87
3948.0597130445 87.67
4005.4855639241 87.43
4063.7466930387 87.18
4122.8552497902 86.97
4182.8235602974 86.84
4243.6641299665 86.81
4305.3896460992 86.86
4368.0129805382 86.94
4431.5471923516 87.02
4496.0055305558 87.07
4561.4014368787 87.07
4627.7485485626 87.01
4695.0607012081 86.91
4763.3519316592 86.78
4832.6364809305 86.62
4902.9287971769 86.45
4974.2435387067 86.28
5046.595577038 86.12
5120.0000000002 85.98
5194.4721148803 85.87
5270.0274516149 85.79
5346.6817660286 85.72
5424.4510431198 85.67
5503.3515003942 85.61
5583.3995912463 85.52
5664.6120083911 85.41
5747.0056873442 85.28
5830.5978099545 85.12
5915.4058079863 84.94
6001.4473667548 84.75
6088.7404288142 84.57
6177.3031976989 84.41
6267.1541417201 84.28
6358.3119978165 84.21
6450.795775462 84.19
6544.6247606297 84.23
6639.8185198134 84.31
6736.3969041085 84.43
6834.3800533509 84.60
6933.7884003172 84.80
7034.6426749857 85.06
7136.9639088592 85.35
7240.7734393506 85.69
7346.0929142326 86.05
7452.9442961523 86.41
7561.3498672106 86.78
7671.3322336089 87.14
7782.9143303638 87.44
7896.119426089 87.62
8010.9711278481 87.62
8127.4933860775 87.39
8245.7104995805 87.00
8365.6471205948 86.53
8487.328259933 86.02
8610.7792921984 85.52
8736.0259610765 85.05
8863.0943847033 84.63
8992.0110611117 84.25
9122.8028737575 83.99
9255.4970971253 83.82
9390.1214024162 83.61
9526.7038633184 83.39
9665.272961861 83.18
9805.8575943538 82.93
9948.4870774134 82.55
10093.191154076 82.06
10240.0000000005 81.49
10388.9442297607 80.87
10540.0549032298 80.26
10693.3635320572 79.72
10848.9020862397 79.32
11006.7030007884 79.12
11166.7991824927 79.11
11329.2240167822 79.33
11494.0113746885 79.69
11661.1956199091 80.21
11830.8116159726 80.78
12002.8947335097 81.36
12177.4808576284 81.89
12354.6063953979 82.29
12534.3082834402 82.57
12716.6239956331 82.68
12901.5915509241 82.60
13089.2495212594 82.42
13279.637039627 82.01
13472.7938082171 81.28
13668.7601067018 80.23
13867.5768006344 78.92
14069.2853499715 77.57
14273.9278177184 76.35
14481.5468787012 75.26
14692.1858284653 74.30
14905.8885923047 73.45
15122.6997344212 72.73
15342.6644672179 72.11
15565.8286607277 71.46
15792.2388521781 70.62
16021.9422556964 69.74
16254.9867721551 68.92
16491.4209991611 68.03
16731.2942411897 67.39
16974.656519866 67.25
17221.5585843969 67.56
17472.0519221531 68.13
17726.1887694067 68.74
17984.0221222235 69.27
18245.605747515 69.67
18510.9941942506 69.92
18780.2428048326 70.17
19053.4077266369 70.53
19330.545923722 70.89
19611.7151887077 71.10
19896.9741548268 71.05
20186.382308152 71.00
