20 91.52
20.2909066988 91.53
20.5860447329 91.53
20.8854756485 91.52
21.1892618872 91.51
21.4974667984 91.49
21.8101546533 91.46
22.1273906578 91.43
22.4492409662 91.40
22.7757726951 91.36
23.1070539374 91.33
23.4431537764 91.30
23.7841423001 91.26
24.130090616 91.22
24.4810708661 91.19
24.8371562415 91.16
25.1984209979 91.14
25.5649404712 91.12
25.936791093 91.11
26.3140504067 91.10
26.6967970834 91.10
27.0851109387 91.09
27.4790729492 91.08
27.878765269 91.08
28.2842712475 91.07
28.6956754462 91.05
29.1130636568 91.04
29.5365229188 91.01
29.9661415375 90.98
30.402009103 90.95
30.8442165082 90.91
31.2928559682 90.86
31.7480210394 90.82
32.209806639 90.77
32.6783090648 90.73
33.1536260154 90.69
33.6358566101 90.65
34.1251014105 90.61
34.6214624402 90.58
35.1250432075 90.55
35.6359487256 90.52
36.1542855356 90.50
36.6801617282 90.47
37.2136869661 90.44
37.7549725073 90.40
38.3041312279 90.36
38.8612776461 90.32
39.4265279456 90.27
40 90.23
40.5818133975 90.18
41.1720894657 90.13
41.7709512971 90.08
42.3785237744 90.04
42.9949335968 89.99
43.6203093066 89.94
44.2547813156 89.90
44.8984819324 89.86
45.5515453903 89.81
46.2141078749 89.76
46.8863075528 89.71
47.5682846001 89.66
48.260181232 89.61
48.9621417322 89.55
49.6743124829 89.50
50.3968419958 89.45
51.1298809424 89.40
51.873582186 89.35
52.6281008133 89.30
53.3935941668 89.24
54.1702218775 89.18
54.9581458983 89.13
55.757530538 89.06
56.5685424949 89.00
57.3913508924 88.94
58.2261273137 88.88
59.0730458376 88.82
59.9322830751 88.77
60.804018206 88.73
61.6884330163 88.67
62.5857119363 88.63
63.4960420787 88.58
64.419613278 88.49
65.3566181296 88.41
66.3072520307 88.35
67.2717132203 88.28
68.2502028209 88.21
69.2429248805 88.15
70.2500864149 88.08
71.2718974512 88.01
72.3085710713 87.95
73.3603234564 87.89
74.4273739322 87.82
75.5099450145 87.76
76.6082624559 87.70
77.7225552923 87.63
78.8530558912 87.57
80 87.51
81.163626795 87.44
82.3441789315 87.37
83.5419025942 87.29
84.7570475487 87.21
85.9898671937 87.14
87.2406186132 87.07
88.5095626311 87.00
89.7969638648 86.92
91.1030907805 86.85
92.4282157498 86.78
93.7726151055 86.71
95.1365692002 86.63
96.520362464 86.55
97.9242834644 86.47
99.3486249659 86.39
100.7936839916 86.32
102.2597618848 86.24
103.7471643721 86.15
105.2562016267 86.06
106.7871883336 85.98
108.340443755 85.89
109.9162917966 85.80
111.5150610759 85.70
113.1370849898 85.60
114.7827017849 85.50
116.4522546274 85.40
118.1460916752 85.29
119.8645661501 85.18
121.6080364119 85.07
123.3768660326 84.95
125.1714238726 84.83
126.9920841575 84.70
128.8392265559 84.55
130.7132362593 84.38
132.6145040614 84.19
134.5434264406 84.00
136.5004056418 83.81
138.485849761 83.63
140.5001728299 83.48
142.5437949025 83.38
144.6171421426 83.32
146.7206469127 83.31
148.8547478643 83.32
151.0198900291 83.34
153.2165249118 83.39
155.4451105846 83.48
157.7061117824 83.67
160 83.91
162.32725359 84.12
164.688357863 84.32
167.0838051884 84.40
169.5140950975 84.35
171.9797343873 84.28
174.4812372264 84.15
177.0191252622 83.96
179.5939277295 84.03
182.2061815611 84.80
184.8564314996 86.07
187.5452302111 87.11
190.2731384004 87.42
193.0407249281 86.97
195.8485669287 86.21
198.6972499318 85.56
201.5873679832 85.05
204.5195237697 84.62
207.4943287442 84.26
210.5124032534 83.96
213.5743766672 83.75
216.6808875099 83.60
219.8325835933 83.51
223.0301221518 83.46
226.2741699797 83.45
229.5654035698 83.50
232.9045092548 83.60
236.2921833503 83.74
239.7291323003 83.94
243.2160728239 84.22
246.7537320653 84.52
250.3428477452 84.40
253.9841683149 83.90
257.6784531119 83.42
261.4264725186 83.00
265.2290081229 82.87
269.0868528812 82.89
273.0008112836 82.92
276.971699522 82.93
281.0003456597 82.93
285.0875898049 82.91
289.2342842852 82.88
293.4412938255 82.86
297.7094957287 82.83
302.0397800581 82.81
306.4330498235 82.79
310.8902211692 82.77
315.4122235649 82.74
320 82.72
324.65450718 82.70
329.3767157259 82.67
334.1676103768 82.64
339.028190195 82.61
343.9594687746 82.57
348.9624744529 82.52
354.0382505244 82.47
359.187855459 82.42
364.4123631221 82.37
369.7128629991 82.32
375.0904604222 82.28
380.5462768009 82.24
386.0814498562 82.21
391.6971338575 82.17
397.3944998635 82.12
403.1747359664 82.07
409.0390475393 82.00
414.9886574883 81.92
421.0248065068 81.83
427.1487533344 81.73
433.3617750198 81.65
439.6651671866 81.58
446.0602443037 81.53
452.5483399594 81.48
459.1308071395 81.45
465.8090185095 81.43
472.5843667007 81.42
479.4582646005 81.41
486.4321456477 81.40
493.5074641306 81.38
500.6856954905 81.34
507.9683366298 81.31
515.3569062238 81.26
522.8529450372 81.21
530.4580162458 81.17
538.1737057624 81.13
546.0016225673 81.10
553.9433990439 81.08
562.0006913195 81.07
570.1751796098 81.06
578.4685685703 81.05
586.882587651 81.03
595.4189914574 81.02
604.0795601163 81.01
612.8660996471 81.01
621.7804423383 81.01
630.8244471297 81.02
640 81.03
649.30901436 81.04
658.7534314519 81.05
668.3352207536 81.07
678.05638039 81.08
687.9189375493 81.10
697.9249489058 81.12
708.0765010489 81.15
718.375710918 81.17
728.8247262443 81.19
739.4257259983 81.23
750.1809208443 81.27
761.0925536018 81.31
772.1628997124 81.35
783.394267715 81.42
794.7889997271 81.49
806.3494719327 81.55
818.0780950787 81.60
829.9773149767 81.66
842.0496130136 81.72
854.2975066688 81.78
866.7235500396 81.83
879.3303343732 81.89
892.1204886074 81.97
905.0966799188 82.04
918.2616142791 82.11
931.618037019 82.20
945.1687334013 82.30
958.9165292011 82.40
972.8642912955 82.52
987.0149282611 82.64
1001.371390981 82.77
1015.9366732597 82.91
1030.7138124476 83.05
1045.7058900743 83.19
1060.9160324916 83.33
1076.3474115248 83.48
1092.0032451345 83.61
1107.8867980879 83.75
1124.0013826389 83.88
1140.3503592197 84.01
1156.9371371406 84.15
1173.765175302 84.30
1190.8379829148 84.45
1208.1591202326 84.60
1225.7321992942 84.76
1243.5608846767 84.92
1261.6488942595 85.08
1280 85.25
1298.6180287201 85.43
1317.5068629037 85.61
1336.6704415071 85.79
1356.1127607799 85.96
1375.8378750985 86.13
1395.8498978116 86.28
1416.1530020977 86.43
1436.751421836 86.56
1457.6494524886 86.69
1478.8514519966 86.82
1500.3618416887 86.94
1522.1851072035 87.05
1544.3257994247 87.17
1566.78853543 87.29
1589.5779994541 87.41
1612.6989438655 87.53
1636.1561901574 87.65
1659.9546299533 87.78
1684.0992260271 87.91
1708.5950133377 88.03
1733.4471000793 88.16
1758.6606687464 88.29
1784.2409772148 88.42
1810.1933598376 88.55
1836.5232285581 88.69
1863.2360740381 88.82
1890.3374668026 88.96
1917.8330584022 89.09
1945.7285825909 89.23
1974.0298565222 89.36
2002.742781962 89.50
2031.8733465194 89.63
2061.4276248951 89.76
2091.4117801487 89.89
2121.8320649832 90.01
2152.6948230496 90.13
2184.0064902691 90.24
2215.7735961758 90.36
2248.0027652779 90.46
2280.7007184393 90.56
2313.8742742813 90.66
2347.530350604 90.74
2381.6759658296 90.83
2416.3182404652 90.90
2451.4643985884 90.96
2487.1217693533 91.02
2523.297788519 91.07
2560.0000000001 91.12
2597.2360574402 91.15
2635.0137258074 91.18
2673.3408830143 91.21
2712.2255215599 91.23
2751.6757501971 91.25
2791.6997956232 91.26
2832.3060041955 91.28
2873.5028436721 91.29
2915.2989049772 91.30
2957.7029039931 91.32
3000.7236833774 91.34
3044.3702144071 91.36
3088.6515988494 91.39
3133.57707086 91.42
3179.1559989082 91.45
3225.397887731 91.50
3272.3123803148 91.54
3319.9092599067 91.58
3368.1984520542 91.63
3417.1900266754 91.67
3466.8942001586 91.71
3517.3213374928 91.77
3568.4819544296 91.84
3620.3867196753 91.94
3673.0464571163 92.04
3726.4721480761 92.16
3780.6749336053 92.28
3835.6661168044 92.40
3891.4571651819 92.50
3948.0597130445 92.59
4005.4855639241 92.64
4063.7466930387 92.66
4122.8552497902 92.64
4182.8235602974 92.61
4243.6641299665 92.55
4305.3896460992 92.48
4368.0129805382 92.40
4431.5471923516 92.29
4496.0055305558 92.15
4561.4014368787 91.97
4627.7485485626 91.76
4695.0607012081 91.52
4763.3519316592 91.22
4832.6364809305 90.85
4902.9287971769 90.39
4974.2435387067 89.87
5046.595577038 89.38
5120.0000000002 89.01
5194.4721148803 88.70
5270.0274516149 88.35
5346.6817660286 87.93
5424.4510431198 87.51
5503.3515003942 87.12
5583.3995912463 86.77
5664.6120083911 86.45
5747.0056873442 86.16
5830.5978099545 85.91
5915.4058079863 85.69
6001.4473667548 85.50
6088.7404288142 85.35
6177.3031976989 85.23
6267.1541417201 85.15
6358.3119978165 85.11
6450.795775462 85.11
6544.6247606297 85.15
6639.8185198134 85.24
6736.3969041085 85.37
6834.3800533509 85.54
6933.7884003172 85.74
7034.6426749857 85.99
7136.9639088592 86.28
7240.7734393506 86.61
7346.0929142326 86.97
7452.9442961523 87.36
7561.3498672106 87.77
7671.3322336089 88.16
7782.9143303638 88.47
7896.119426089 88.64
8010.9711278481 88.62
8127.4933860775 88.37
8245.7104995805 87.93
8365.6471205948 87.36
8487.328259933 86.73
8610.7792921984 86.10
8736.0259610765 85.54
8863.0943847033 85.10
8992.0110611117 84.77
9122.8028737575 84.56
9255.4970971253 84.44
9390.1214024162 84.41
9526.7038633184 84.47
9665.272961861 84.59
9805.8575943538 84.74
9948.4870774134 84.93
10093.191154076 85.17
10240.0000000005 85.46
10388.9442297607 85.80
10540.0549032298 86.15
10693.3635320572 86.45
10848.9020862397 86.64
11006.7030007884 86.65
11166.7991824927 86.44
11329.2240167822 86.08
11494.0113746885 85.66
11661.1956199091 85.13
11830.8116159726 84.42
12002.8947335097 83.57
12177.4808576284 82.60
12354.6063953979 81.50
12534.3082834402 80.26
12716.6239956331 78.94
12901.5915509241 77.63
13089.2495212594 76.39
13279.637039627 75.19
13472.7938082171 74.03
13668.7601067018 72.97
13867.5768006344 72.09
14069.2853499715 71.45
14273.9278177184 71.13
14481.5468787012 71.06
14692.1858284653 71.22
14905.8885923047 71.51
15122.6997344212 71.72
15342.6644672179 71.69
15565.8286607277 71.15
15792.2388521781 70.01
16021.9422556964 68.56
16254.9867721551 67.14
16491.4209991611 65.90
16731.2942411897 65.01
16974.656519866 64.47
17221.5585843969 64.09
17472.0519221531 63.61
17726.1887694067 62.92
17984.0221222235 62.18
18245.605747515 61.61
18510.9941942506 61.63
18780.2428048326 62.45
19053.4077266369 63.13
19330.545923722 63.03
19611.7151887077 62.41
19896.9741548268 61.77
20186.382308152 61.62
