20 88.87
20.2909066988 88.93
20.5860447329 88.99
20.8854756485 89.04
21.1892618872 89.08
21.4974667984 89.11
21.8101546533 89.13
22.1273906578 89.15
22.4492409662 89.16
22.7757726951 89.17
23.1070539374 89.17
23.4431537764 89.17
23.7841423001 89.16
24.130090616 89.15
24.4810708661 89.15
24.8371562415 89.15
25.1984209979 89.15
25.5649404712 89.16
25.936791093 89.17
26.3140504067 89.19
26.6967970834 89.20
27.0851109387 89.23
27.4790729492 89.26
27.878765269 89.28
28.2842712475 89.31
28.6956754462 89.33
29.1130636568 89.35
29.5365229188 89.35
29.9661415375 89.36
30.402009103 89.36
30.8442165082 89.35
31.2928559682 89.34
31.7480210394 89.32
32.209806639 89.30
32.6783090648 89.28
33.1536260154 89.26
33.6358566101 89.24
34.1251014105 89.22
34.6214624402 89.21
35.1250432075 89.20
35.6359487256 89.19
36.1542855356 89.18
36.6801617282 89.18
37.2136869661 89.17
37.7549725073 89.16
38.3041312279 89.14
38.8612776461 89.12
39.4265279456 89.10
40 89.07
40.5818133975 89.04
41.1720894657 89.01
41.7709512971 88.98
42.3785237744 88.96
42.9949335968 88.92
43.6203093066 88.89
44.2547813156 88.87
44.8984819324 88.84
45.5515453903 88.81
46.2141078749 88.78
46.8863075528 88.74
47.5682846001 88.71
48.260181232 88.67
48.9621417322 88.63
49.6743124829 88.59
50.3968419958 88.55
51.1298809424 88.51
51.873582186 88.47
52.6281008133 88.43
53.3935941668 88.39
54.1702218775 88.35
54.9581458983 88.31
55.757530538 88.26
56.5685424949 88.22
57.3913508924 88.17
58.2261273137 88.12
59.0730458376 88.08
59.9322830751 88.03
60.804018206 87.98
61.6884330163 87.93
62.5857119363 87.88
63.4960420787 87.83
64.419613278 87.78
65.3566181296 87.72
66.3072520307 87.67
67.2717132203 87.62
68.2502028209 87.57
69.2429248805 87.52
70.2500864149 87.46
71.2718974512 87.41
72.3085710713 87.35
73.3603234564 87.30
74.4273739322 87.24
75.5099450145 87.19
76.6082624559 87.14
77.7225552923 87.08
78.8530558912 87.02
80 86.97
81.163626795 86.91
82.3441789315 86.85
83.5419025942 86.79
84.7570475487 86.73
85.9898671937 86.67
87.2406186132 86.61
88.5095626311 86.55
89.7969638648 86.50
91.1030907805 86.44
92.4282157498 86.38
93.7726151055 86.32
95.1365692002 86.26
96.520362464 86.20
97.9242834644 86.13
99.3486249659 86.07
100.7936839916 86.01
102.2597618848 85.95
103.7471643721 85.89
105.2562016267 85.83
106.7871883336 85.76
108.340443755 85.71
109.9162917966 85.65
111.5150610759 85.59
113.1370849898 85.52
114.7827017849 85.46
116.4522546274 85.40
118.1460916752 85.34
119.8645661501 85.28
121.6080364119 85.22
123.3768660326 85.16
125.1714238726 85.10
126.9920841575 85.04
128.8392265559 84.98
130.7132362593 84.93
132.6145040614 84.87
134.5434264406 84.81
136.5004056418 84.76
138.485849761 84.70
140.5001728299 84.64
142.5437949025 84.59
144.6171421426 84.53
146.7206469127 84.48
148.8547478643 84.43
151.0198900291 84.38
153.2165249118 84.33
155.4451105846 84.28
157.7061117824 84.22
160 84.18
162.32725359 84.15
164.688357863 84.13
167.0838051884 84.12
169.5140950975 84.10
171.9797343873 84.03
174.4812372264 83.90
177.0191252622 83.73
179.5939277295 83.53
182.2061815611 83.35
184.8564314996 83.22
187.5452302111 83.17
190.2731384004 83.17
193.0407249281 83.20
195.8485669287 83.24
198.6972499318 83.27
201.5873679832 83.28
204.5195237697 83.27
207.4943287442 83.24
210.5124032534 83.21
213.5743766672 83.18
216.6808875099 83.14
219.8325835933 83.11
223.0301221518 83.06
226.2741699797 83.02
229.5654035698 82.98
232.9045092548 82.93
236.2921833503 82.89
239.7291323003 82.85
243.2160728239 82.81
246.7537320653 82.77
250.3428477452 82.73
253.9841683149 82.69
257.6784531119 82.65
261.4264725186 82.61
265.2290081229 82.57
269.0868528812 82.53
273.0008112836 82.49
276.971699522 82.46
281.0003456597 82.42
285.0875898049 82.39
289.2342842852 82.36
293.4412938255 82.32
297.7094957287 82.29
302.0397800581 82.26
306.4330498235 82.23
310.8902211692 82.20
315.4122235649 82.17
320 82.14
324.65450718 82.11
329.3767157259 82.08
334.1676103768 82.05
339.028190195 82.03
343.9594687746 82.00
348.9624744529 81.97
354.0382505244 81.95
359.187855459 81.93
364.4123631221 81.90
369.7128629991 81.88
375.0904604222 81.86
380.5462768009 81.83
386.0814498562 81.81
391.6971338575 81.79
397.3944998635 81.77
403.1747359664 81.75
409.0390475393 81.74
414.9886574883 81.72
421.0248065068 81.70
427.1487533344 81.68
433.3617750198 81.67
439.6651671866 81.65
446.0602443037 81.63
452.5483399594 81.62
459.1308071395 81.60
465.8090185095 81.59
472.5843667007 81.58
479.4582646005 81.57
486.4321456477 81.55
493.5074641306 81.55
500.6856954905 81.54
507.9683366298 81.53
515.3569062238 81.52
522.8529450372 81.52
530.4580162458 81.51
538.1737057624 81.50
546.0016225673 81.50
553.9433990439 81.49
562.0006913195 81.49
570.1751796098 81.48
578.4685685703 81.48
586.882587651 81.48
595.4189914574 81.48
604.0795601163 81.47
612.8660996471 81.47
621.7804423383 81.47
630.8244471297 81.47
640 81.48
649.30901436 81.48
658.7534314519 81.49
668.3352207536 81.49
678.05638039 81.50
687.9189375493 81.51
697.9249489058 81.52
708.0765010489 81.54
718.375710918 81.55
728.8247262443 81.57
739.4257259983 81.59
750.1809208443 81.62
761.0925536018 81.64
772.1628997124 81.67
783.394267715 81.70
794.7889997271 81.74
806.3494719327 81.78
818.0780950787 81.82
829.9773149767 81.87
842.0496130136 81.92
854.2975066688 81.96
866.7235500396 82.02
879.3303343732 82.09
892.1204886074 82.17
905.0966799188 82.26
918.2616142791 82.33
931.618037019 82.40
945.1687334013 82.48
958.9165292011 82.57
972.8642912955 82.68
987.0149282611 82.79
1001.371390981 82.91
1015.9366732597 83.03
1030.7138124476 83.15
1045.7058900743 83.28
1060.9160324916 83.41
1076.3474115248 83.55
1092.0032451345 83.69
1107.8867980879 83.83
1124.0013826389 83.98
1140.3503592197 84.13
1156.9371371406 84.28
1173.765175302 84.43
1190.8379829148 84.57
1208.1591202326 84.72
1225.7321992942 84.87
1243.5608846767 85.01
1261.6488942595 85.16
1280 85.30
1298.6180287201 85.42
1317.5068629037 85.51
1336.6704415071 85.60
1356.1127607799 85.72
1375.8378750985 85.86
1395.8498978116 86.00
1416.1530020977 86.13
1436.751421836 86.26
1457.6494524886 86.39
1478.8514519966 86.51
1500.3618416887 86.63
1522.1851072035 86.74
1544.3257994247 86.86
1566.78853543 86.97
1589.5779994541 87.07
1612.6989438655 87.18
1636.1561901574 87.30
1659.9546299533 87.41
1684.0992260271 87.52
1708.5950133377 87.63
1733.4471000793 87.75
1758.6606687464 87.87
1784.2409772148 87.98
1810.1933598376 88.10
1836.5232285581 88.23
1863.2360740381 88.36
1890.3374668026 88.49
1917.8330584022 88.62
1945.7285825909 88.76
1974.0298565222 88.91
2002.742781962 89.05
2031.8733465194 89.20
2061.4276248951 89.35
2091.4117801487 89.49
2121.8320649832 89.64
2152.6948230496 89.79
2184.0064902691 89.94
2215.7735961758 90.09
2248.0027652779 90.24
2280.7007184393 90.39
2313.8742742813 90.53
2347.530350604 90.68
2381.6759658296 90.82
2416.3182404652 90.96
2451.4643985884 91.09
2487.1217693533 91.22
2523.297788519 91.34
2560.0000000001 91.45
2597.2360574402 91.56
2635.0137258074 91.66
2673.3408830143 91.76
2712.2255215599 91.84
2751.6757501971 91.92
2791.6997956232 91.98
2832.3060041955 92.04
2873.5028436721 92.09
2915.2989049772 92.14
2957.7029039931 92.17
3000.7236833774 92.20
3044.3702144071 92.23
3088.6515988494 92.24
3133.57707086 92.26
3179.1559989082 92.26
3225.397887731 92.26
3272.3123803148 92.24
3319.9092599067 92.21
3368.1984520542 92.16
3417.1900266754 92.09
3466.8942001586 92.01
3517.3213374928 91.94
3568.4819544296 91.88
3620.3867196753 91.85
3673.0464571163 91.85
3726.4721480761 91.85
3780.6749336053 91.86
3835.6661168044 91.87
3891.4571651819 91.86
3948.0597130445 91.82
4005.4855639241 91.76
4063.7466930387 91.66
4122.8552497902 91.54
4182.8235602974 91.43
4243.6641299665 91.34
4305.3896460992 91.30
4368.0129805382 91.30
4431.5471923516 91.31
4496.0055305558 91.33
4561.4014368787 91.33
4627.7485485626 91.31
4695.0607012081 91.26
4763.3519316592 91.19
4832.6364809305 91.09
4902.9287971769 90.96
4974.2435387067 90.80
5046.595577038 90.61
5120.0000000002 90.38
5194.4721148803 90.13
5270.0274516149 89.86
5346.6817660286 89.57
5424.4510431198 89.27
5503.3515003942 88.96
5583.3995912463 88.66
5664.6120083911 88.36
5747.0056873442 88.06
5830.5978099545 87.77
5915.4058079863 87.47
6001.4473667548 87.18
6088.7404288142 86.89
6177.3031976989 86.62
6267.1541417201 86.36
6358.3119978165 86.11
6450.795775462 85.88
6544.6247606297 85.66
6639.8185198134 85.45
6736.3969041085 85.25
6834.3800533509 85.06
6933.7884003172 84.88
7034.6426749857 84.73
7136.9639088592 84.62
7240.7734393506 84.57
7346.0929142326 84.58
7452.9442961523 84.68
7561.3498672106 84.90
7671.3322336089 85.22
7782.9143303638 85.58
7896.119426089 85.92
8010.9711278481 86.13
8127.4933860775 86.11
8245.7104995805 85.90
8365.6471205948 85.50
8487.328259933 84.93
8610.7792921984 84.21
8736.0259610765 83.39
8863.0943847033 82.49
8992.0110611117 81.54
9122.8028737575 80.56
9255.4970971253 79.61
9390.1214024162 78.80
9526.7038633184 78.30
9665.272961861 78.34
9805.8575943538 79.04
9948.4870774134 80.18
10093.191154076 81.30
10240.0000000005 82.07
10388.9442297607 82.36
10540.0549032298 82.27
10693.3635320572 81.97
10848.9020862397 81.62
11006.7030007884 81.33
11166.7991824927 81.13
11329.2240167822 81.03
11494.0113746885 81.07
11661.1956199091 81.24
11830.8116159726 81.55
12002.8947335097 82.02
12177.4808576284 82.66
12354.6063953979 83.52
12534.3082834402 84.61
12716.6239956331 85.95
12901.5915509241 87.50
13089.2495212594 89.06
13279.637039627 90.24
13472.7938082171 90.66
13668.7601067018 90.00
13867.5768006344 88.19
14069.2853499715 85.87
14273.9278177184 83.89
14481.5468787012 82.42
14692.1858284653 81.43
14905.8885923047 80.81
15122.6997344212 80.38
15342.6644672179 79.93
15565.8286607277 79.03
15792.2388521781 77.45
16021.9422556964 75.76
16254.9867721551 74.42
16491.4209991611 73.81
16731.2942411897 73.98
16974.656519866 74.27
17221.5585843969 74.40
17472.0519221531 74.38
17726.1887694067 74.27
17984.0221222235 74.18
18245.605747515 74.17
18510.9941942506 74.25
18780.2428048326 74.37
19053.4077266369 74.49
19330.545923722 74.52
19611.7151887077 74.39
19896.9741548268 74.13
20186.382308152 74.06
