20 93.24
20.2909066988 93.23
20.5860447329 93.23
20.8854756485 93.24
21.1892618872 93.24
21.4974667984 93.25
21.8101546533 93.25
22.1273906578 93.26
22.4492409662 93.26
22.7757726951 93.27
23.1070539374 93.29
23.4431537764 93.30
23.7841423001 93.31
24.130090616 93.33
24.4810708661 93.34
24.8371562415 93.35
25.1984209979 93.35
25.5649404712 93.35
25.936791093 93.34
26.3140504067 93.33
26.6967970834 93.32
27.0851109387 93.30
27.4790729492 93.29
27.878765269 93.27
28.2842712475 93.25
28.6956754462 93.23
29.1130636568 93.20
29.5365229188 93.18
29.9661415375 93.16
30.402009103 93.15
30.8442165082 93.14
31.2928559682 93.13
31.7480210394 93.12
32.209806639 93.11
32.6783090648 93.09
33.1536260154 93.08
33.6358566101 93.06
34.1251014105 93.04
34.6214624402 93.02
35.1250432075 92.99
35.6359487256 92.96
36.1542855356 92.93
36.6801617282 92.90
37.2136869661 92.87
37.7549725073 92.84
38.3041312279 92.82
38.8612776461 92.78
39.4265279456 92.75
40 92.72
40.5818133975 92.69
41.1720894657 92.67
41.7709512971 92.64
42.3785237744 92.61
42.9949335968 92.58
43.6203093066 92.54
44.2547813156 92.50
44.8984819324 92.46
45.5515453903 92.43
46.2141078749 92.39
46.8863075528 92.35
47.5682846001 92.30
48.260181232 92.27
48.9621417322 92.23
49.6743124829 92.19
50.3968419958 92.15
51.1298809424 92.11
51.873582186 92.07
52.6281008133 92.03
53.3935941668 91.99
54.1702218775 91.95
54.9581458983 91.91
55.757530538 91.87
56.5685424949 91.82
57.3913508924 91.77
58.2261273137 91.73
59.0730458376 91.68
59.9322830751 91.64
60.804018206 91.59
61.6884330163 91.55
62.5857119363 91.51
63.4960420787 91.46
64.419613278 91.42
65.3566181296 91.37
66.3072520307 91.32
67.2717132203 91.28
68.2502028209 91.23
69.2429248805 91.18
70.2500864149 91.14
71.2718974512 91.09
72.3085710713 91.04
73.3603234564 91.00
74.4273739322 90.95
75.5099450145 90.90
76.6082624559 90.86
77.7225552923 90.81
78.8530558912 90.77
80 90.72
81.163626795 90.67
82.3441789315 90.62
83.5419025942 90.57
84.7570475487 90.52
85.9898671937 90.48
87.2406186132 90.43
88.5095626311 90.38
89.7969638648 90.34
91.1030907805 90.29
92.4282157498 90.24
93.7726151055 90.19
95.1365692002 90.15
96.520362464 90.10
97.9242834644 90.06
99.3486249659 90.01
100.7936839916 89.96
102.2597618848 89.91
103.7471643721 89.87
105.2562016267 89.82
106.7871883336 89.78
108.340443755 89.73
109.9162917966 89.69
111.5150610759 89.64
113.1370849898 89.60
114.7827017849 89.55
116.4522546274 89.50
118.1460916752 89.46
119.8645661501 89.42
121.6080364119 89.38
123.3768660326 89.33
125.1714238726 89.29
126.9920841575 89.24
128.8392265559 89.20
130.7132362593 89.16
132.6145040614 89.12
134.5434264406 89.08
136.5004056418 89.04
138.485849761 89.00
140.5001728299 88.95
142.5437949025 88.91
144.6171421426 88.88
146.7206469127 88.84
148.8547478643 88.80
151.0198900291 88.76
153.2165249118 88.72
155.4451105846 88.69
157.7061117824 88.65
160 88.62
162.32725359 88.59
164.688357863 88.57
167.0838051884 88.56
169.5140950975 88.53
171.9797343873 88.48
174.4812372264 88.41
177.0191252622 88.31
179.5939277295 88.21
182.2061815611 88.11
184.8564314996 88.03
187.5452302111 87.99
190.2731384004 87.98
193.0407249281 87.99
195.8485669287 88.00
198.6972499318 88.00
201.5873679832 88.00
204.5195237697 87.98
207.4943287442 87.96
210.5124032534 87.94
213.5743766672 87.91
216.6808875099 87.88
219.8325835933 87.85
223.0301221518 87.82
226.2741699797 87.79
229.5654035698 87.76
232.9045092548 87.72
236.2921833503 87.69
239.7291323003 87.65
243.2160728239 87.62
246.7537320653 87.59
250.3428477452 87.56
253.9841683149 87.53
257.6784531119 87.50
261.4264725186 87.48
265.2290081229 87.45
269.0868528812 87.42
273.0008112836 87.39
276.971699522 87.37
281.0003456597 87.34
285.0875898049 87.31
289.2342842852 87.28
293.4412938255 87.26
297.7094957287 87.23
302.0397800581 87.21
306.4330498235 87.18
310.8902211692 87.15
315.4122235649 87.13
320 87.11
324.65450718 87.08
329.3767157259 87.06
334.1676103768 87.04
339.028190195 87.01
343.9594687746 86.99
348.9624744529 86.97
354.0382505244 86.95
359.187855459 86.93
364.4123631221 86.91
369.7128629991 86.89
375.0904604222 86.86
380.5462768009 86.84
386.0814498562 86.82
391.6971338575 86.80
397.3944998635 86.79
403.1747359664 86.77
409.0390475393 86.75
414.9886574883 86.73
421.0248065068 86.71
427.1487533344 86.69
433.3617750198 86.68
439.6651671866 86.66
446.0602443037 86.64
452.5483399594 86.63
459.1308071395 86.61
465.8090185095 86.60
472.5843667007 86.58
479.4582646005 86.57
486.4321456477 86.56
493.5074641306 86.54
500.6856954905 86.53
507.9683366298 86.52
515.3569062238 86.51
522.8529450372 86.50
530.4580162458 86.49
538.1737057624 86.48
546.0016225673 86.47
553.9433990439 86.46
562.0006913195 86.45
570.1751796098 86.45
578.4685685703 86.44
586.882587651 86.44
595.4189914574 86.43
604.0795601163 86.43
612.8660996471 86.42
621.7804423383 86.42
630.8244471297 86.42
640 86.41
649.30901436 86.40
658.7534314519 86.40
668.3352207536 86.42
678.05638039 86.47
687.9189375493 86.51
697.9249489058 86.52
708.0765010489 86.51
718.375710918 86.51
728.8247262443 86.54
739.4257259983 86.60
750.1809208443 86.67
761.0925536018 86.73
772.1628997124 86.78
783.394267715 86.82
794.7889997271 86.86
806.3494719327 86.91
818.0780950787 86.95
829.9773149767 87.00
842.0496130136 87.04
854.2975066688 87.10
866.7235500396 87.17
879.3303343732 87.25
892.1204886074 87.35
905.0966799188 87.45
918.2616142791 87.54
931.618037019 87.64
945.1687334013 87.76
958.9165292011 87.88
972.8642912955 88.01
987.0149282611 88.15
1001.371390981 88.30
1015.9366732597 88.46
1030.7138124476 88.62
1045.7058900743 88.78
1060.9160324916 88.96
1076.3474115248 89.14
1092.0032451345 89.32
1107.8867980879 89.51
1124.0013826389 89.70
1140.3503592197 89.90
1156.9371371406 90.10
1173.765175302 90.29
1190.8379829148 90.49
1208.1591202326 90.69
1225.7321992942 90.88
1243.5608846767 91.08
1261.6488942595 91.27
1280 91.46
1298.6180287201 91.65
1317.5068629037 91.85
1336.6704415071 92.04
1356.1127607799 92.22
1375.8378750985 92.41
1395.8498978116 92.59
1416.1530020977 92.78
1436.751421836 92.96
1457.6494524886 93.14
1478.8514519966 93.33
1500.3618416887 93.51
1522.1851072035 93.69
1544.3257994247 93.87
1566.78853543 94.05
1589.5779994541 94.23
1612.6989438655 94.41
1636.1561901574 94.59
1659.9546299533 94.76
1684.0992260271 94.94
1708.5950133377 95.11
1733.4471000793 95.28
1758.6606687464 95.44
1784.2409772148 95.60
1810.1933598376 95.75
1836.5232285581 95.89
1863.2360740381 96.03
1890.3374668026 96.15
1917.8330584022 96.27
1945.7285825909 96.37
1974.0298565222 96.45
2002.742781962 96.52
2031.8733465194 96.57
2061.4276248951 96.61
2091.4117801487 96.62
2121.8320649832 96.62
2152.6948230496 96.60
2184.0064902691 96.57
2215.7735961758 96.51
2248.0027652779 96.45
2280.7007184393 96.37
2313.8742742813 96.28
2347.530350604 96.19
2381.6759658296 96.08
2416.3182404652 95.98
2451.4643985884 95.87
2487.1217693533 95.75
2523.297788519 95.64
2560.0000000001 95.54
2597.2360574402 95.43
2635.0137258074 95.33
2673.3408830143 95.24
2712.2255215599 95.15
2751.6757501971 95.08
2791.6997956232 95.01
2832.3060041955 94.96
2873.5028436721 94.92
2915.2989049772 94.90
2957.7029039931 94.89
3000.7236833774 94.90
3044.3702144071 94.92
3088.6515988494 94.97
3133.57707086 95.03
3179.1559989082 95.12
3225.397887731 95.22
3272.3123803148 95.35
3319.9092599067 95.49
3368.1984520542 95.65
3417.1900266754 95.83
3466.8942001586 96.04
3517.3213374928 96.28
3568.4819544296 96.56
3620.3867196753 96.89
3673.0464571163 97.27
3726.4721480761 97.69
3780.6749336053 98.15
3835.6661168044 98.64
3891.4571651819 99.14
3948.0597130445 99.65
4005.4855639241 100.14
4063.7466930387 100.57
4122.8552497902 100.91
4182.8235602974 101.07
4243.6641299665 101.01
4305.3896460992 100.89
4368.0129805382 100.62
4431.5471923516 100.08
4496.0055305558 99.65
4561.4014368787 99.45
4627.7485485626 99.14
4695.0607012081 98.59
4763.3519316592 97.97
4832.6364809305 97.34
4902.9287971769 96.71
4974.2435387067 96.07
5046.595577038 95.39
5120.0000000002 94.72
5194.4721148803 94.09
5270.0274516149 93.53
5346.6817660286 93.07
5424.4510431198 92.68
5503.3515003942 92.38
5583.3995912463 92.14
5664.6120083911 91.97
5747.0056873442 91.85
5830.5978099545 91.79
5915.4058079863 91.78
6001.4473667548 91.84
6088.7404288142 91.96
6177.3031976989 92.16
6267.1541417201 92.44
6358.3119978165 92.80
6450.795775462 93.25
6544.6247606297 93.80
6639.8185198134 94.45
6736.3969041085 95.19
6834.3800533509 96.02
6933.7884003172 96.90
7034.6426749857 97.74
7136.9639088592 98.44
7240.7734393506 98.87
7346.0929142326 98.92
7452.9442961523 98.59
7561.3498672106 97.97
7671.3322336089 97.23
7782.9143303638 96.45
7896.119426089 95.73
8010.9711278481 95.10
8127.4933860775 94.54
8245.7104995805 94.10
8365.6471205948 93.80
8487.328259933 93.64
8610.7792921984 93.64
8736.0259610765 93.79
8863.0943847033 94.07
8992.0110611117 94.43
9122.8028737575 94.80
9255.4970971253 95.10
9390.1214024162 95.27
9526.7038633184 95.28
9665.272961861 95.14
9805.8575943538 94.90
9948.4870774134 94.64
10093.191154076 94.43
10240.0000000005 94.31
10388.9442297607 94.31
10540.0549032298 94.41
10693.3635320572 94.52
10848.9020862397 94.56
11006.7030007884 94.40
11166.7991824927 93.98
11329.2240167822 93.23
11494.0113746885 92.27
11661.1956199091 91.13
11830.8116159726 89.96
12002.8947335097 88.82
12177.4808576284 87.78
12354.6063953979 86.86
12534.3082834402 85.91
12716.6239956331 84.82
12901.5915509241 83.41
13089.2495212594 81.82
13279.637039627 79.93
13472.7938082171 77.71
13668.7601067018 75.21
13867.5768006344 72.52
14069.2853499715 69.90
14273.9278177184 67.48
14481.5468787012 65.38
14692.1858284653 63.55
14905.8885923047 61.84
15122.6997344212 60.29
15342.6644672179 58.85
15565.8286607277 57.30
15792.2388521781 55.46
16021.9422556964 53.91
16254.9867721551 53.65
16491.4209991611 54.65
16731.2942411897 56.36
16974.656519866 58.69
17221.5585843969 61.68
17472.0519221531 64.94
17726.1887694067 68.06
17984.0221222235 70.67
18245.605747515 72.38
18510.9941942506 73.13
18780.2428048326 73.34
19053.4077266369 73.46
19330.545923722 73.67
19611.7151887077 73.88
19896.9741548268 73.98
20186.382308152 73.99
