20 88.66
20.2909066988 88.70
20.5860447329 88.73
20.8854756485 88.76
21.1892618872 88.80
21.4974667984 88.84
21.8101546533 88.88
22.1273906578 88.92
22.4492409662 88.97
22.7757726951 89.02
23.1070539374 89.06
23.4431537764 89.11
23.7841423001 89.16
24.130090616 89.21
24.4810708661 89.25
24.8371562415 89.29
25.1984209979 89.32
25.5649404712 89.36
25.936791093 89.39
26.3140504067 89.42
26.6967970834 89.45
27.0851109387 89.47
27.4790729492 89.49
27.878765269 89.51
28.2842712475 89.53
28.6956754462 89.55
29.1130636568 89.56
29.5365229188 89.57
29.9661415375 89.59
30.402009103 89.61
30.8442165082 89.63
31.2928559682 89.65
31.7480210394 89.68
32.209806639 89.70
32.6783090648 89.72
33.1536260154 89.74
33.6358566101 89.76
34.1251014105 89.78
34.6214624402 89.80
35.1250432075 89.81
35.6359487256 89.82
36.1542855356 89.83
36.6801617282 89.83
37.2136869661 89.84
37.7549725073 89.85
38.3041312279 89.85
38.8612776461 89.86
39.4265279456 89.87
40 89.88
40.5818133975 89.89
41.1720894657 89.89
41.7709512971 89.90
42.3785237744 89.90
42.9949335968 89.90
43.6203093066 89.91
44.2547813156 89.91
44.8984819324 89.91
45.5515453903 89.91
46.2141078749 89.91
46.8863075528 89.91
47.5682846001 89.91
48.260181232 89.91
48.9621417322 89.91
49.6743124829 89.90
50.3968419958 89.90
51.1298809424 89.89
51.873582186 89.89
52.6281008133 89.88
53.3935941668 89.88
54.1702218775 89.87
54.9581458983 89.86
55.757530538 89.86
56.5685424949 89.85
57.3913508924 89.84
58.2261273137 89.83
59.0730458376 89.82
59.9322830751 89.81
60.804018206 89.79
61.6884330163 89.78
62.5857119363 89.76
63.4960420787 89.75
64.419613278 89.74
65.3566181296 89.73
66.3072520307 89.71
67.2717132203 89.69
68.2502028209 89.68
69.2429248805 89.66
70.2500864149 89.65
71.2718974512 89.63
72.3085710713 89.61
73.3603234564 89.59
74.4273739322 89.57
75.5099450145 89.55
76.6082624559 89.53
77.7225552923 89.50
78.8530558912 89.48
80 89.46
81.163626795 89.44
82.3441789315 89.42
83.5419025942 89.39
84.7570475487 89.36
85.9898671937 89.34
87.2406186132 89.31
88.5095626311 89.29
89.7969638648 89.26
91.1030907805 89.23
92.4282157498 89.20
93.7726151055 89.17
95.1365692002 89.14
96.520362464 89.11
97.9242834644 89.08
99.3486249659 89.04
100.7936839916 89.01
102.2597618848 88.97
103.7471643721 88.94
105.2562016267 88.91
106.7871883336 88.87
108.340443755 88.83
109.9162917966 88.80
111.5150610759 88.76
113.1370849898 88.72
114.7827017849 88.68
116.4522546274 88.64
118.1460916752 88.60
119.8645661501 88.56
121.6080364119 88.53
123.3768660326 88.49
125.1714238726 88.45
126.9920841575 88.41
128.8392265559 88.37
130.7132362593 88.34
132.6145040614 88.30
134.5434264406 88.27
136.5004056418 88.23
138.485849761 88.19
140.5001728299 88.15
142.5437949025 88.12
144.6171421426 88.08
146.7206469127 88.05
148.8547478643 88.01
151.0198900291 87.97
153.2165249118 87.93
155.4451105846 87.89
157.7061117824 87.84
160 87.80
162.32725359 87.76
164.688357863 87.72
167.0838051884 87.68
169.5140950975 87.63
171.9797343873 87.56
174.4812372264 87.46
177.0191252622 87.34
179.5939277295 87.21
182.2061815611 87.08
184.8564314996 86.98
187.5452302111 86.91
190.2731384004 86.88
193.0407249281 86.86
195.8485669287 86.84
198.6972499318 86.81
201.5873679832 86.79
204.5195237697 86.75
207.4943287442 86.71
210.5124032534 86.67
213.5743766672 86.63
216.6808875099 86.58
219.8325835933 86.54
223.0301221518 86.49
226.2741699797 86.44
229.5654035698 86.38
232.9045092548 86.33
236.2921833503 86.28
239.7291323003 86.22
243.2160728239 86.17
246.7537320653 86.12
250.3428477452 86.07
253.9841683149 86.01
257.6784531119 85.96
261.4264725186 85.90
265.2290081229 85.85
269.0868528812 85.79
273.0008112836 85.74
276.971699522 85.68
281.0003456597 85.63
285.0875898049 85.57
289.2342842852 85.52
293.4412938255 85.46
297.7094957287 85.41
302.0397800581 85.36
306.4330498235 85.30
310.8902211692 85.25
315.4122235649 85.20
320 85.14
324.65450718 85.09
329.3767157259 85.04
334.1676103768 84.99
339.028190195 84.94
343.9594687746 84.89
348.9624744529 84.83
354.0382505244 84.78
359.187855459 84.74
364.4123631221 84.69
369.7128629991 84.64
375.0904604222 84.59
380.5462768009 84.54
386.0814498562 84.49
391.6971338575 84.44
397.3944998635 84.40
403.1747359664 84.35
409.0390475393 84.30
414.9886574883 84.25
421.0248065068 84.21
427.1487533344 84.16
433.3617750198 84.12
439.6651671866 84.07
446.0602443037 84.03
452.5483399594 83.98
459.1308071395 83.93
465.8090185095 83.89
472.5843667007 83.85
479.4582646005 83.81
486.4321456477 83.77
493.5074641306 83.72
500.6856954905 83.68
507.9683366298 83.64
515.3569062238 83.60
522.8529450372 83.56
530.4580162458 83.51
538.1737057624 83.48
546.0016225673 83.44
553.9433990439 83.41
562.0006913195 83.37
570.1751796098 83.34
578.4685685703 83.31
586.882587651 83.28
595.4189914574 83.26
604.0795601163 83.23
612.8660996471 83.21
621.7804423383 83.19
630.8244471297 83.18
640 83.18
649.30901436 83.19
658.7534314519 83.20
668.3352207536 83.22
678.05638039 83.25
687.9189375493 83.30
697.9249489058 83.36
708.0765010489 83.42
718.375710918 83.50
728.8247262443 83.58
739.4257259983 83.66
750.1809208443 83.74
761.0925536018 83.83
772.1628997124 83.91
783.394267715 83.99
794.7889997271 84.07
806.3494719327 84.13
818.0780950787 84.19
829.9773149767 84.23
842.0496130136 84.27
854.2975066688 84.31
866.7235500396 84.34
879.3303343732 84.38
892.1204886074 84.42
905.0966799188 84.46
918.2616142791 84.50
931.618037019 84.54
945.1687334013 84.58
958.9165292011 84.64
972.8642912955 84.71
987.0149282611 84.79
1001.371390981 84.87
1015.9366732597 84.96
1030.7138124476 85.06
1045.7058900743 85.16
1060.9160324916 85.28
1076.3474115248 85.40
1092.0032451345 85.52
1107.8867980879 85.65
1124.0013826389 85.78
1140.3503592197 85.91
1156.9371371406 86.05
1173.765175302 86.20
1190.8379829148 86.33
1208.1591202326 86.47
1225.7321992942 86.61
1243.5608846767 86.76
1261.6488942595 86.90
1280 87.04
1298.6180287201 87.19
1317.5068629037 87.33
1336.6704415071 87.47
1356.1127607799 87.62
1375.8378750985 87.76
1395.8498978116 87.90
1416.1530020977 88.04
1436.751421836 88.19
1457.6494524886 88.33
1478.8514519966 88.47
1500.3618416887 88.62
1522.1851072035 88.76
1544.3257994247 88.91
1566.78853543 89.06
1589.5779994541 89.21
1612.6989438655 89.36
1636.1561901574 89.50
1659.9546299533 89.65
1684.0992260271 89.80
1708.5950133377 89.95
1733.4471000793 90.10
1758.6606687464 90.25
1784.2409772148 90.40
1810.1933598376 90.55
1836.5232285581 90.69
1863.2360740381 90.83
1890.3374668026 90.96
1917.8330584022 91.09
1945.7285825909 91.22
1974.0298565222 91.34
2002.742781962 91.45
2031.8733465194 91.55
2061.4276248951 91.63
2091.4117801487 91.71
2121.8320649832 91.77
2152.6948230496 91.81
2184.0064902691 91.85
2215.7735961758 91.86
2248.0027652779 91.87
2280.7007184393 91.86
2313.8742742813 91.83
2347.530350604 91.79
2381.6759658296 91.74
2416.3182404652 91.69
2451.4643985884 91.62
2487.1217693533 91.55
2523.297788519 91.47
2560.0000000001 91.40
2597.2360574402 91.32
2635.0137258074 91.25
2673.3408830143 91.17
2712.2255215599 91.11
2751.6757501971 91.04
2791.6997956232 90.99
2832.3060041955 90.94
2873.5028436721 90.91
2915.2989049772 90.88
2957.7029039931 90.87
3000.7236833774 90.87
3044.3702144071 90.89
3088.6515988494 90.93
3133.57707086 90.98
3179.1559989082 91.04
3225.397887731 91.11
3272.3123803148 91.19
3319.9092599067 91.29
3368.1984520542 91.40
3417.1900266754 91.51
3466.8942001586 91.65
3517.3213374928 91.81
3568.4819544296 92.00
3620.3867196753 92.22
3673.0464571163 92.47
3726.4721480761 92.74
3780.6749336053 93.01
3835.6661168044 93.26
3891.4571651819 93.46
3948.0597130445 93.62
4005.4855639241 93.65
4063.7466930387 93.56
4122.8552497902 93.36
4182.8235602974 93.08
4243.6641299665 92.74
4305.3896460992 92.38
4368.0129805382 91.99
4431.5471923516 91.55
4496.0055305558 91.07
4561.4014368787 90.55
4627.7485485626 90.01
4695.0607012081 89.46
4763.3519316592 88.91
4832.6364809305 88.39
4902.9287971769 87.90
4974.2435387067 87.43
5046.595577038 86.99
5120.0000000002 86.59
5194.4721148803 86.23
5270.0274516149 85.92
5346.6817660286 85.66
5424.4510431198 85.47
5503.3515003942 85.34
5583.3995912463 85.28
5664.6120083911 85.31
5747.0056873442 85.40
5830.5978099545 85.58
5915.4058079863 85.85
6001.4473667548 86.21
6088.7404288142 86.68
6177.3031976989 87.27
6267.1541417201 87.96
6358.3119978165 88.76
6450.795775462 89.59
6544.6247606297 90.35
6639.8185198134 90.91
6736.3969041085 91.14
6834.3800533509 90.99
6933.7884003172 90.48
7034.6426749857 89.73
7136.9639088592 88.88
7240.7734393506 88.05
7346.0929142326 87.33
7452.9442961523 86.76
7561.3498672106 86.40
7671.3322336089 86.21
7782.9143303638 86.19
7896.119426089 86.29
8010.9711278481 86.47
8127.4933860775 86.69
8245.7104995805 86.97
8365.6471205948 87.30
8487.328259933 87.66
8610.7792921984 87.95
8736.0259610765 88.04
8863.0943847033 87.84
8992.0110611117 87.36
9122.8028737575 86.64
9255.4970971253 85.80
9390.1214024162 84.97
9526.7038633184 84.22
9665.272961861 83.60
9805.8575943538 83.12
9948.4870774134 82.77
10093.191154076 82.58
10240.0000000005 82.53
10388.9442297607 82.54
10540.0549032298 82.54
10693.3635320572 82.52
10848.9020862397 82.50
11006.7030007884 82.48
11166.7991824927 82.50
11329.2240167822 82.63
11494.0113746885 82.89
11661.1956199091 83.35
11830.8116159726 83.84
12002.8947335097 84.24
12177.4808576284 84.40
12354.6063953979 84.06
12534.3082834402 83.35
12716.6239956331 82.29
12901.5915509241 81.20
13089.2495212594 80.13
13279.637039627 79.14
13472.7938082171 78.20
13668.7601067018 77.22
13867.5768006344 76.11
14069.2853499715 74.87
14273.9278177184 73.54
14481.5468787012 71.95
14692.1858284653 70.22
14905.8885923047 68.56
15122.6997344212 67.07
15342.6644672179 65.73
15565.8286607277 64.42
15792.2388521781 63.00
16021.9422556964 61.64
16254.9867721551 60.64
16491.4209991611 59.89
16731.2942411897 59.28
16974.656519866 58.75
17221.5585843969 58.30
17472.0519221531 58.02
17726.1887694067 57.99
17984.0221222235 58.39
18245.605747515 59.51
18510.9941942506 61.40
18780.2428048326 63.61
19053.4077266369 65.64
19330.545923722 67.06
19611.7151887077 67.59
19896.9741548268 67.42
20186.382308152 67.30
