20 90.42
20.2909066988 90.47
20.5860447329 90.52
20.8854756485 90.58
21.1892618872 90.63
21.4974667984 90.68
21.8101546533 90.72
22.1273906578 90.77
22.4492409662 90.82
22.7757726951 90.86
23.1070539374 90.91
23.4431537764 90.96
23.7841423001 91.01
24.130090616 91.06
24.4810708661 91.10
24.8371562415 91.14
25.1984209979 91.17
25.5649404712 91.20
25.936791093 91.23
26.3140504067 91.26
26.6967970834 91.29
27.0851109387 91.32
27.4790729492 91.34
27.878765269 91.37
28.2842712475 91.39
28.6956754462 91.41
29.1130636568 91.43
29.5365229188 91.45
29.9661415375 91.46
30.402009103 91.48
30.8442165082 91.50
31.2928559682 91.51
31.7480210394 91.52
32.209806639 91.54
32.6783090648 91.55
33.1536260154 91.56
33.6358566101 91.57
34.1251014105 91.58
34.6214624402 91.58
35.1250432075 91.59
35.6359487256 91.59
36.1542855356 91.59
36.6801617282 91.59
37.2136869661 91.59
37.7549725073 91.59
38.3041312279 91.59
38.8612776461 91.58
39.4265279456 91.58
40 91.57
40.5818133975 91.57
41.1720894657 91.56
41.7709512971 91.55
42.3785237744 91.55
42.9949335968 91.53
43.6203093066 91.52
44.2547813156 91.51
44.8984819324 91.50
45.5515453903 91.48
46.2141078749 91.47
46.8863075528 91.45
47.5682846001 91.43
48.260181232 91.41
48.9621417322 91.39
49.6743124829 91.37
50.3968419958 91.35
51.1298809424 91.32
51.873582186 91.30
52.6281008133 91.28
53.3935941668 91.25
54.1702218775 91.23
54.9581458983 91.20
55.757530538 91.17
56.5685424949 91.14
57.3913508924 91.11
58.2261273137 91.08
59.0730458376 91.05
59.9322830751 91.02
60.804018206 90.98
61.6884330163 90.94
62.5857119363 90.91
63.4960420787 90.87
64.419613278 90.84
65.3566181296 90.80
66.3072520307 90.76
67.2717132203 90.72
68.2502028209 90.68
69.2429248805 90.64
70.2500864149 90.60
71.2718974512 90.56
72.3085710713 90.52
73.3603234564 90.48
74.4273739322 90.43
75.5099450145 90.39
76.6082624559 90.34
77.7225552923 90.30
78.8530558912 90.25
80 90.20
81.163626795 90.15
82.3441789315 90.10
83.5419025942 90.05
84.7570475487 90.00
85.9898671937 89.95
87.2406186132 89.89
88.5095626311 89.84
89.7969638648 89.79
91.1030907805 89.74
92.4282157498 89.68
93.7726151055 89.63
95.1365692002 89.57
96.520362464 89.51
97.9242834644 89.45
99.3486249659 89.40
100.7936839916 89.34
102.2597618848 89.28
103.7471643721 89.22
105.2562016267 89.16
106.7871883336 89.10
108.340443755 89.04
109.9162917966 88.98
111.5150610759 88.91
113.1370849898 88.85
114.7827017849 88.79
116.4522546274 88.73
118.1460916752 88.66
119.8645661501 88.60
121.6080364119 88.54
123.3768660326 88.47
125.1714238726 88.41
126.9920841575 88.35
128.8392265559 88.29
130.7132362593 88.23
132.6145040614 88.17
134.5434264406 88.11
136.5004056418 88.05
138.485849761 88.00
140.5001728299 87.94
142.5437949025 87.88
144.6171421426 87.81
146.7206469127 87.75
148.8547478643 87.69
151.0198900291 87.64
153.2165249118 87.58
155.4451105846 87.52
157.7061117824 87.46
160 87.40
162.32725359 87.34
164.688357863 87.28
167.0838051884 87.23
169.5140950975 87.16
171.9797343873 87.08
174.4812372264 86.97
177.0191252622 86.84
179.5939277295 86.69
182.2061815611 86.55
184.8564314996 86.43
187.5452302111 86.35
190.2731384004 86.30
193.0407249281 86.26
195.8485669287 86.23
198.6972499318 86.20
201.5873679832 86.16
204.5195237697 86.12
207.4943287442 86.07
210.5124032534 86.03
213.5743766672 85.97
216.6808875099 85.92
219.8325835933 85.86
223.0301221518 85.80
226.2741699797 85.74
229.5654035698 85.68
232.9045092548 85.62
236.2921833503 85.56
239.7291323003 85.50
243.2160728239 85.44
246.7537320653 85.38
250.3428477452 85.32
253.9841683149 85.27
257.6784531119 85.20
261.4264725186 85.14
265.2290081229 85.08
269.0868528812 85.02
273.0008112836 84.96
276.971699522 84.90
281.0003456597 84.85
285.0875898049 84.79
289.2342842852 84.73
293.4412938255 84.68
297.7094957287 84.62
302.0397800581 84.56
306.4330498235 84.51
310.8902211692 84.46
315.4122235649 84.40
320 84.35
324.65450718 84.30
329.3767157259 84.25
334.1676103768 84.20
339.028190195 84.15
343.9594687746 84.10
348.9624744529 84.06
354.0382505244 84.01
359.187855459 83.96
364.4123631221 83.91
369.7128629991 83.87
375.0904604222 83.83
380.5462768009 83.79
386.0814498562 83.75
391.6971338575 83.70
397.3944998635 83.66
403.1747359664 83.62
409.0390475393 83.59
414.9886574883 83.55
421.0248065068 83.51
427.1487533344 83.48
433.3617750198 83.44
439.6651671866 83.41
446.0602443037 83.38
452.5483399594 83.34
459.1308071395 83.31
465.8090185095 83.28
472.5843667007 83.25
479.4582646005 83.22
486.4321456477 83.19
493.5074641306 83.16
500.6856954905 83.13
507.9683366298 83.11
515.3569062238 83.09
522.8529450372 83.06
530.4580162458 83.04
538.1737057624 83.01
546.0016225673 82.99
553.9433990439 82.97
562.0006913195 82.95
570.1751796098 82.93
578.4685685703 82.91
586.882587651 82.89
595.4189914574 82.87
604.0795601163 82.85
612.8660996471 82.84
621.7804423383 82.83
630.8244471297 82.82
640 82.81
649.30901436 82.80
658.7534314519 82.79
668.3352207536 82.78
678.05638039 82.78
687.9189375493 82.77
697.9249489058 82.77
708.0765010489 82.77
718.375710918 82.78
728.8247262443 82.78
739.4257259983 82.79
750.1809208443 82.80
761.0925536018 82.81
772.1628997124 82.82
783.394267715 82.84
794.7889997271 82.87
806.3494719327 82.89
818.0780950787 82.92
829.9773149767 82.95
842.0496130136 82.99
854.2975066688 83.03
866.7235500396 83.07
879.3303343732 83.13
892.1204886074 83.19
905.0966799188 83.26
918.2616142791 83.33
931.618037019 83.40
945.1687334013 83.47
958.9165292011 83.57
972.8642912955 83.67
987.0149282611 83.77
1001.371390981 83.89
1015.9366732597 84.01
1030.7138124476 84.12
1045.7058900743 84.20
1060.9160324916 84.21
1076.3474115248 84.19
1092.0032451345 84.20
1107.8867980879 84.29
1124.0013826389 84.44
1140.3503592197 84.60
1156.9371371406 84.76
1173.765175302 84.92
1190.8379829148 85.06
1208.1591202326 85.20
1225.7321992942 85.34
1243.5608846767 85.47
1261.6488942595 85.60
1280 85.73
1298.6180287201 85.85
1317.5068629037 85.97
1336.6704415071 86.09
1356.1127607799 86.21
1375.8378750985 86.32
1395.8498978116 86.43
1416.1530020977 86.54
1436.751421836 86.65
1457.6494524886 86.76
1478.8514519966 86.86
1500.3618416887 86.97
1522.1851072035 87.07
1544.3257994247 87.18
1566.78853543 87.29
1589.5779994541 87.40
1612.6989438655 87.51
1636.1561901574 87.63
1659.9546299533 87.75
1684.0992260271 87.88
1708.5950133377 88.01
1733.4471000793 88.14
1758.6606687464 88.26
1784.2409772148 88.38
1810.1933598376 88.49
1836.5232285581 88.60
1863.2360740381 88.71
1890.3374668026 88.81
1917.8330584022 88.91
1945.7285825909 89.02
1974.0298565222 89.12
2002.742781962 89.23
2031.8733465194 89.34
2061.4276248951 89.45
2091.4117801487 89.57
2121.8320649832 89.68
2152.6948230496 89.80
2184.0064902691 89.91
2215.7735961758 90.03
2248.0027652779 90.15
2280.7007184393 90.27
2313.8742742813 90.39
2347.530350604 90.51
2381.6759658296 90.63
2416.3182404652 90.74
2451.4643985884 90.86
2487.1217693533 90.98
2523.297788519 91.10
2560.0000000001 91.22
2597.2360574402 91.34
2635.0137258074 91.47
2673.3408830143 91.59
2712.2255215599 91.71
2751.6757501971 91.84
2791.6997956232 91.97
2832.3060041955 92.09
2873.5028436721 92.21
2915.2989049772 92.34
2957.7029039931 92.45
3000.7236833774 92.56
3044.3702144071 92.64
3088.6515988494 92.70
3133.57707086 92.73
3179.1559989082 92.73
3225.397887731 92.68
3272.3123803148 92.61
3319.9092599067 92.51
3368.1984520542 92.39
3417.1900266754 92.27
3466.8942001586 92.16
3517.3213374928 92.07
3568.4819544296 92.00
3620.3867196753 91.97
3673.0464571163 91.96
3726.4721480761 91.97
3780.6749336053 92.00
3835.6661168044 92.04
3891.4571651819 92.07
3948.0597130445 92.10
4005.4855639241 92.11
4063.7466930387 92.11
4122.8552497902 92.08
4182.8235602974 92.06
4243.6641299665 92.03
4305.3896460992 92.01
4368.0129805382 91.99
4431.5471923516 91.96
4496.0055305558 91.89
4561.4014368787 91.80
4627.7485485626 91.66
4695.0607012081 91.47
4763.3519316592 91.24
4832.6364809305 90.97
4902.9287971769 90.66
4974.2435387067 90.31
5046.595577038 89.91
5120.0000000002 89.49
5194.4721148803 89.04
5270.0274516149 88.60
5346.6817660286 88.17
5424.4510431198 87.79
5503.3515003942 87.48
5583.3995912463 87.29
5664.6120083911 87.25
5747.0056873442 87.35
5830.5978099545 87.59
5915.4058079863 87.95
6001.4473667548 88.39
6088.7404288142 88.85
6177.3031976989 89.24
6267.1541417201 89.53
6358.3119978165 89.70
6450.795775462 89.77
6544.6247606297 89.75
6639.8185198134 89.65
6736.3969041085 89.52
6834.3800533509 89.37
6933.7884003172 89.24
7034.6426749857 89.12
7136.9639088592 89.04
7240.7734393506 88.99
7346.0929142326 88.98
7452.9442961523 89.01
7561.3498672106 89.08
7671.3322336089 89.17
7782.9143303638 89.23
7896.119426089 89.22
8010.9711278481 89.07
8127.4933860775 88.71
8245.7104995805 88.17
8365.6471205948 87.48
8487.328259933 86.69
8610.7792921984 85.84
8736.0259610765 84.99
8863.0943847033 84.20
8992.0110611117 83.50
9122.8028737575 82.92
9255.4970971253 82.46
9390.1214024162 82.08
9526.7038633184 81.76
9665.272961861 81.46
9805.8575943538 81.17
9948.4870774134 80.89
10093.191154076 80.67
10240.0000000005 80.52
10388.9442297607 80.44
10540.0549032298 80.47
10693.3635320572 80.60
10848.9020862397 80.85
11006.7030007884 81.23
11166.7991824927 81.75
11329.2240167822 82.46
11494.0113746885 83.34
11661.1956199091 84.46
11830.8116159726 85.72
12002.8947335097 87.12
12177.4808576284 88.44
12354.6063953979 89.27
12534.3082834402 89.48
12716.6239956331 88.80
12901.5915509241 87.46
13089.2495212594 85.88
13279.637039627 84.16
13472.7938082171 82.35
13668.7601067018 80.50
13867.5768006344 78.69
14069.2853499715 77.17
14273.9278177184 75.99
14481.5468787012 75.15
14692.1858284653 74.56
14905.8885923047 74.11
15122.6997344212 73.74
15342.6644672179 73.35
15565.8286607277 72.80
15792.2388521781 71.89
16021.9422556964 70.70
16254.9867721551 69.62
16491.4209991611 68.72
16731.2942411897 68.04
16974.656519866 67.49
17221.5585843969 66.63
17472.0519221531 65.42
17726.1887694067 64.02
17984.0221222235 62.55
18245.605747515 61.27
18510.9941942506 60.68
18780.2428048326 60.46
19053.4077266369 60.19
19330.545923722 60.22
19611.7151887077 60.69
19896.9741548268 60.97
20186.382308152 60.97
