20 94.59
20.2909066988 94.60
20.5860447329 94.61
20.8854756485 94.62
21.1892618872 94.62
21.4974667984 94.63
21.8101546533 94.62
22.1273906578 94.62
22.4492409662 94.61
22.7757726951 94.61
23.1070539374 94.60
23.4431537764 94.60
23.7841423001 94.59
24.130090616 94.58
24.4810708661 94.57
24.8371562415 94.56
25.1984209979 94.55
25.5649404712 94.55
25.936791093 94.54
26.3140504067 94.54
26.6967970834 94.53
27.0851109387 94.52
27.4790729492 94.51
27.878765269 94.51
28.2842712475 94.50
28.6956754462 94.48
29.1130636568 94.46
29.5365229188 94.44
29.9661415375 94.43
30.402009103 94.41
30.8442165082 94.40
31.2928559682 94.38
31.7480210394 94.36
32.209806639 94.34
32.6783090648 94.32
33.1536260154 94.29
33.6358566101 94.27
34.1251014105 94.25
34.6214624402 94.23
35.1250432075 94.21
35.6359487256 94.19
36.1542855356 94.17
36.6801617282 94.14
37.2136869661 94.12
37.7549725073 94.10
38.3041312279 94.08
38.8612776461 94.04
39.4265279456 94.01
40 93.98
40.5818133975 93.95
41.1720894657 93.92
41.7709512971 93.88
42.3785237744 93.85
42.9949335968 93.82
43.6203093066 93.78
44.2547813156 93.75
44.8984819324 93.71
45.5515453903 93.68
46.2141078749 93.65
46.8863075528 93.62
47.5682846001 93.58
48.260181232 93.55
48.9621417322 93.51
49.6743124829 93.47
50.3968419958 93.42
51.1298809424 93.38
51.873582186 93.34
52.6281008133 93.30
53.3935941668 93.25
54.1702218775 93.21
54.9581458983 93.17
55.757530538 93.12
56.5685424949 93.07
57.3913508924 93.03
58.2261273137 92.99
59.0730458376 92.94
59.9322830751 92.89
60.804018206 92.84
61.6884330163 92.79
62.5857119363 92.74
63.4960420787 92.69
64.419613278 92.64
65.3566181296 92.59
66.3072520307 92.54
67.2717132203 92.48
68.2502028209 92.43
69.2429248805 92.38
70.2500864149 92.32
71.2718974512 92.27
72.3085710713 92.21
73.3603234564 92.15
74.4273739322 92.10
75.5099450145 92.04
76.6082624559 91.99
77.7225552923 91.94
78.8530558912 91.88
80 91.82
81.163626795 91.75
82.3441789315 91.69
83.5419025942 91.63
84.7570475487 91.57
85.9898671937 91.50
87.2406186132 91.44
88.5095626311 91.38
89.7969638648 91.31
91.1030907805 91.25
92.4282157498 91.18
93.7726151055 91.11
95.1365692002 91.05
96.520362464 90.98
97.9242834644 90.91
99.3486249659 90.85
100.7936839916 90.78
102.2597618848 90.71
103.7471643721 90.64
105.2562016267 90.57
106.7871883336 90.50
108.340443755 90.43
109.9162917966 90.36
111.5150610759 90.29
113.1370849898 90.22
114.7827017849 90.14
116.4522546274 90.07
118.1460916752 89.99
119.8645661501 89.92
121.6080364119 89.85
123.3768660326 89.78
125.1714238726 89.70
126.9920841575 89.63
128.8392265559 89.56
130.7132362593 89.49
132.6145040614 89.42
134.5434264406 89.35
136.5004056418 89.28
138.485849761 89.22
140.5001728299 89.15
142.5437949025 89.08
144.6171421426 89.00
146.7206469127 88.93
148.8547478643 88.87
151.0198900291 88.80
153.2165249118 88.73
155.4451105846 88.66
157.7061117824 88.59
160 88.52
162.32725359 88.44
164.688357863 88.37
167.0838051884 88.30
169.5140950975 88.23
171.9797343873 88.13
174.4812372264 88.00
177.0191252622 87.85
179.5939277295 87.69
182.2061815611 87.53
184.8564314996 87.40
187.5452302111 87.31
190.2731384004 87.24
193.0407249281 87.19
195.8485669287 87.15
198.6972499318 87.10
201.5873679832 87.04
204.5195237697 86.98
207.4943287442 86.92
210.5124032534 86.86
213.5743766672 86.79
216.6808875099 86.72
219.8325835933 86.64
223.0301221518 86.57
226.2741699797 86.50
229.5654035698 86.43
232.9045092548 86.36
236.2921833503 86.28
239.7291323003 86.21
243.2160728239 86.14
246.7537320653 86.07
250.3428477452 86.00
253.9841683149 85.92
257.6784531119 85.85
261.4264725186 85.78
265.2290081229 85.71
269.0868528812 85.64
273.0008112836 85.57
276.971699522 85.50
281.0003456597 85.43
285.0875898049 85.36
289.2342842852 85.29
293.4412938255 85.23
297.7094957287 85.16
302.0397800581 85.09
306.4330498235 85.02
310.8902211692 84.95
315.4122235649 84.89
320 84.82
324.65450718 84.75
329.3767157259 84.69
334.1676103768 84.62
339.028190195 84.56
343.9594687746 84.49
348.9624744529 84.43
354.0382505244 84.37
359.187855459 84.30
364.4123631221 84.24
369.7128629991 84.18
375.0904604222 84.12
380.5462768009 84.06
386.0814498562 84.00
391.6971338575 83.94
397.3944998635 83.89
403.1747359664 83.83
409.0390475393 83.78
414.9886574883 83.72
421.0248065068 83.67
427.1487533344 83.62
433.3617750198 83.57
439.6651671866 83.52
446.0602443037 83.47
452.5483399594 83.42
459.1308071395 83.38
465.8090185095 83.33
472.5843667007 83.29
479.4582646005 83.25
486.4321456477 83.21
493.5074641306 83.17
500.6856954905 83.13
507.9683366298 83.10
515.3569062238 83.07
522.8529450372 83.04
530.4580162458 83.01
538.1737057624 82.98
546.0016225673 82.95
553.9433990439 82.93
562.0006913195 82.91
570.1751796098 82.89
578.4685685703 82.87
586.882587651 82.86
595.4189914574 82.84
604.0795601163 82.83
612.8660996471 82.83
621.7804423383 82.82
630.8244471297 82.82
640 82.82
649.30901436 82.83
658.7534314519 82.84
668.3352207536 82.85
678.05638039 82.87
687.9189375493 82.89
697.9249489058 82.91
708.0765010489 82.94
718.375710918 82.98
728.8247262443 83.01
739.4257259983 83.05
750.1809208443 83.09
761.0925536018 83.12
772.1628997124 83.14
783.394267715 83.19
794.7889997271 83.25
806.3494719327 83.32
818.0780950787 83.40
829.9773149767 83.48
842.0496130136 83.57
854.2975066688 83.66
866.7235500396 83.76
879.3303343732 83.85
892.1204886074 83.96
905.0966799188 84.06
918.2616142791 84.17
931.618037019 84.28
945.1687334013 84.39
958.9165292011 84.52
972.8642912955 84.65
987.0149282611 84.79
1001.371390981 84.93
1015.9366732597 85.08
1030.7138124476 85.24
1045.7058900743 85.40
1060.9160324916 85.57
1076.3474115248 85.73
1092.0032451345 85.91
1107.8867980879 86.08
1124.0013826389 86.26
1140.3503592197 86.44
1156.9371371406 86.63
1173.765175302 86.82
1190.8379829148 87.00
1208.1591202326 87.19
1225.7321992942 87.38
1243.5608846767 87.57
1261.6488942595 87.76
1280 87.95
1298.6180287201 88.15
1317.5068629037 88.35
1336.6704415071 88.55
1356.1127607799 88.75
1375.8378750985 88.96
1395.8498978116 89.17
1416.1530020977 89.38
1436.751421836 89.60
1457.6494524886 89.82
1478.8514519966 90.04
1500.3618416887 90.27
1522.1851072035 90.50
1544.3257994247 90.73
1566.78853543 90.97
1589.5779994541 91.22
1612.6989438655 91.46
1636.1561901574 91.71
1659.9546299533 91.95
1684.0992260271 92.21
1708.5950133377 92.46
1733.4471000793 92.71
1758.6606687464 92.96
1784.2409772148 93.20
1810.1933598376 93.43
1836.5232285581 93.66
1863.2360740381 93.87
1890.3374668026 94.06
1917.8330584022 94.23
1945.7285825909 94.37
1974.0298565222 94.48
2002.742781962 94.55
2031.8733465194 94.59
2061.4276248951 94.58
2091.4117801487 94.54
2121.8320649832 94.45
2152.6948230496 94.32
2184.0064902691 94.16
2215.7735961758 93.96
2248.0027652779 93.75
2280.7007184393 93.50
2313.8742742813 93.24
2347.530350604 92.97
2381.6759658296 92.69
2416.3182404652 92.41
2451.4643985884 92.12
2487.1217693533 91.83
2523.297788519 91.56
2560.0000000001 91.28
2597.2360574402 91.02
2635.0137258074 90.76
2673.3408830143 90.51
2712.2255215599 90.27
2751.6757501971 90.04
2791.6997956232 89.81
2832.3060041955 89.60
2873.5028436721 89.40
2915.2989049772 89.20
2957.7029039931 89.01
3000.7236833774 88.83
3044.3702144071 88.66
3088.6515988494 88.51
3133.57707086 88.36
3179.1559989082 88.22
3225.397887731 88.09
3272.3123803148 87.98
3319.9092599067 87.89
3368.1984520542 87.81
3417.1900266754 87.76
3466.8942001586 87.72
3517.3213374928 87.71
3568.4819544296 87.73
3620.3867196753 87.79
3673.0464571163 87.88
3726.4721480761 88.00
3780.6749336053 88.14
3835.6661168044 88.30
3891.4571651819 88.47
3948.0597130445 88.64
4005.4855639241 88.82
4063.7466930387 88.98
4122.8552497902 89.14
4182.8235602974 89.29
4243.6641299665 89.46
4305.3896460992 89.63
4368.0129805382 89.82
4431.5471923516 90.01
4496.0055305558 90.22
4561.4014368787 90.49
4627.7485485626 90.81
4695.0607012081 91.21
4763.3519316592 91.68
4832.6364809305 92.19
4902.9287971769 92.67
4974.2435387067 93.02
5046.595577038 93.06
5120.0000000002 92.73
5194.4721148803 91.99
5270.0274516149 91.05
5346.6817660286 90.31
5424.4510431198 90.04
5503.3515003942 90.56
5583.3995912463 91.98
5664.6120083911 93.53
5747.0056873442 94.58
5830.5978099545 94.95
5915.4058079863 94.72
6001.4473667548 94.07
6088.7404288142 93.23
6177.3031976989 92.39
6267.1541417201 91.62
6358.3119978165 90.96
6450.795775462 90.42
6544.6247606297 89.98
6639.8185198134 89.65
6736.3969041085 89.43
6834.3800533509 89.31
6933.7884003172 89.29
7034.6426749857 89.37
7136.9639088592 89.56
7240.7734393506 89.83
7346.0929142326 90.19
7452.9442961523 90.63
7561.3498672106 91.13
7671.3322336089 91.64
7782.9143303638 92.11
7896.119426089 92.48
8010.9711278481 92.62
8127.4933860775 92.46
8245.7104995805 92.03
8365.6471205948 91.37
8487.328259933 90.56
8610.7792921984 89.66
8736.0259610765 88.71
8863.0943847033 87.79
8992.0110611117 86.90
9122.8028737575 86.07
9255.4970971253 85.31
9390.1214024162 84.65
9526.7038633184 84.09
9665.272961861 83.63
9805.8575943538 83.28
9948.4870774134 83.05
10093.191154076 82.98
10240.0000000005 83.05
10388.9442297607 83.26
10540.0549032298 83.63
10693.3635320572 84.15
10848.9020862397 84.86
11006.7030007884 85.77
11166.7991824927 86.80
11329.2240167822 87.84
11494.0113746885 88.71
11661.1956199091 89.06
11830.8116159726 88.91
12002.8947335097 88.05
12177.4808576284 86.81
12354.6063953979 85.22
12534.3082834402 83.63
12716.6239956331 82.15
12901.5915509241 80.90
13089.2495212594 79.76
13279.637039627 78.67
13472.7938082171 77.61
13668.7601067018 76.53
13867.5768006344 75.51
14069.2853499715 74.82
14273.9278177184 74.54
14481.5468787012 74.68
14692.1858284653 75.18
14905.8885923047 75.85
15122.6997344212 76.55
15342.6644672179 77.03
15565.8286607277 76.98
15792.2388521781 76.16
16021.9422556964 74.79
16254.9867721551 73.33
16491.4209991611 72.04
16731.2942411897 71.12
16974.656519866 70.57
17221.5585843969 70.27
17472.0519221531 70.09
17726.1887694067 69.91
17984.0221222235 69.66
18245.605747515 69.33
18510.9941942506 68.91
18780.2428048326 68.43
19053.4077266369 67.90
19330.545923722 67.38
19611.7151887077 66.90
19896.9741548268 66.46
20186.382308152 66.31
