20 93.32
20.2909066988 93.33
20.5860447329 93.33
20.8854756485 93.33
21.1892618872 93.33
21.4974667984 93.33
21.8101546533 93.32
22.1273906578 93.31
22.4492409662 93.31
22.7757726951 93.30
23.1070539374 93.29
23.4431537764 93.29
23.7841423001 93.28
24.130090616 93.27
24.4810708661 93.26
24.8371562415 93.25
25.1984209979 93.24
25.5649404712 93.23
25.936791093 93.22
26.3140504067 93.21
26.6967970834 93.20
27.0851109387 93.19
27.4790729492 93.18
27.878765269 93.17
28.2842712475 93.16
28.6956754462 93.15
29.1130636568 93.13
29.5365229188 93.12
29.9661415375 93.10
30.402009103 93.08
30.8442165082 93.05
31.2928559682 93.03
31.7480210394 93.01
32.209806639 92.98
32.6783090648 92.96
33.1536260154 92.94
33.6358566101 92.91
34.1251014105 92.89
34.6214624402 92.86
35.1250432075 92.84
35.6359487256 92.81
36.1542855356 92.79
36.6801617282 92.76
37.2136869661 92.74
37.7549725073 92.71
38.3041312279 92.68
38.8612776461 92.64
39.4265279456 92.61
40 92.58
40.5818133975 92.54
41.1720894657 92.51
41.7709512971 92.47
42.3785237744 92.43
42.9949335968 92.40
43.6203093066 92.36
44.2547813156 92.32
44.8984819324 92.28
45.5515453903 92.24
46.2141078749 92.21
46.8863075528 92.16
47.5682846001 92.12
48.260181232 92.08
48.9621417322 92.03
49.6743124829 91.99
50.3968419958 91.94
51.1298809424 91.90
51.873582186 91.86
52.6281008133 91.81
53.3935941668 91.76
54.1702218775 91.72
54.9581458983 91.67
55.757530538 91.62
56.5685424949 91.57
57.3913508924 91.52
58.2261273137 91.46
59.0730458376 91.41
59.9322830751 91.35
60.804018206 91.30
61.6884330163 91.24
62.5857119363 91.19
63.4960420787 91.13
64.419613278 91.08
65.3566181296 91.02
66.3072520307 90.96
67.2717132203 90.90
68.2502028209 90.85
69.2429248805 90.79
70.2500864149 90.73
71.2718974512 90.67
72.3085710713 90.61
73.3603234564 90.55
74.4273739322 90.48
75.5099450145 90.42
76.6082624559 90.36
77.7225552923 90.30
78.8530558912 90.23
80 90.17
81.163626795 90.10
82.3441789315 90.04
83.5419025942 89.97
84.7570475487 89.90
85.9898671937 89.84
87.2406186132 89.77
88.5095626311 89.70
89.7969638648 89.64
91.1030907805 89.57
92.4282157498 89.50
93.7726151055 89.43
95.1365692002 89.36
96.520362464 89.29
97.9242834644 89.22
99.3486249659 89.15
100.7936839916 89.08
102.2597618848 89.01
103.7471643721 88.94
105.2562016267 88.87
106.7871883336 88.79
108.340443755 88.72
109.9162917966 88.65
111.5150610759 88.58
113.1370849898 88.51
114.7827017849 88.44
116.4522546274 88.36
118.1460916752 88.29
119.8645661501 88.22
121.6080364119 88.15
123.3768660326 88.08
125.1714238726 88.01
126.9920841575 87.95
128.8392265559 87.88
130.7132362593 87.82
132.6145040614 87.76
134.5434264406 87.70
136.5004056418 87.63
138.485849761 87.57
140.5001728299 87.51
142.5437949025 87.45
144.6171421426 87.38
146.7206469127 87.32
148.8547478643 87.26
151.0198900291 87.21
153.2165249118 87.15
155.4451105846 87.09
157.7061117824 87.03
160 86.97
162.32725359 86.91
164.688357863 86.85
167.0838051884 86.80
169.5140950975 86.73
171.9797343873 86.65
174.4812372264 86.54
177.0191252622 86.40
179.5939277295 86.26
182.2061815611 86.12
184.8564314996 86.01
187.5452302111 85.93
190.2731384004 85.89
193.0407249281 85.85
195.8485669287 85.83
198.6972499318 85.80
201.5873679832 85.77
204.5195237697 85.73
207.4943287442 85.69
210.5124032534 85.64
213.5743766672 85.60
216.6808875099 85.55
219.8325835933 85.50
223.0301221518 85.45
226.2741699797 85.40
229.5654035698 85.35
232.9045092548 85.29
236.2921833503 85.24
239.7291323003 85.19
243.2160728239 85.15
246.7537320653 85.10
250.3428477452 85.06
253.9841683149 85.01
257.6784531119 84.96
261.4264725186 84.91
265.2290081229 84.86
269.0868528812 84.81
273.0008112836 84.77
276.971699522 84.72
281.0003456597 84.67
285.0875898049 84.63
289.2342842852 84.59
293.4412938255 84.54
297.7094957287 84.50
302.0397800581 84.46
306.4330498235 84.42
310.8902211692 84.38
315.4122235649 84.34
320 84.30
324.65450718 84.26
329.3767157259 84.23
334.1676103768 84.19
339.028190195 84.16
343.9594687746 84.12
348.9624744529 84.09
354.0382505244 84.05
359.187855459 84.02
364.4123631221 83.99
369.7128629991 83.96
375.0904604222 83.93
380.5462768009 83.90
386.0814498562 83.87
391.6971338575 83.85
397.3944998635 83.82
403.1747359664 83.79
409.0390475393 83.77
414.9886574883 83.75
421.0248065068 83.72
427.1487533344 83.70
433.3617750198 83.68
439.6651671866 83.66
446.0602443037 83.64
452.5483399594 83.62
459.1308071395 83.60
465.8090185095 83.58
472.5843667007 83.57
479.4582646005 83.55
486.4321456477 83.54
493.5074641306 83.52
500.6856954905 83.51
507.9683366298 83.50
515.3569062238 83.49
522.8529450372 83.47
530.4580162458 83.47
538.1737057624 83.46
546.0016225673 83.45
553.9433990439 83.44
562.0006913195 83.44
570.1751796098 83.43
578.4685685703 83.43
586.882587651 83.43
595.4189914574 83.42
604.0795601163 83.42
612.8660996471 83.42
621.7804423383 83.42
630.8244471297 83.42
640 83.43
649.30901436 83.43
658.7534314519 83.44
668.3352207536 83.45
678.05638039 83.45
687.9189375493 83.46
697.9249489058 83.47
708.0765010489 83.49
718.375710918 83.50
728.8247262443 83.52
739.4257259983 83.54
750.1809208443 83.56
761.0925536018 83.58
772.1628997124 83.61
783.394267715 83.64
794.7889997271 83.67
806.3494719327 83.70
818.0780950787 83.74
829.9773149767 83.79
842.0496130136 83.84
854.2975066688 83.89
866.7235500396 83.94
879.3303343732 84.00
892.1204886074 84.08
905.0966799188 84.16
918.2616142791 84.23
931.618037019 84.31
945.1687334013 84.40
958.9165292011 84.49
972.8642912955 84.60
987.0149282611 84.71
1001.371390981 84.83
1015.9366732597 84.96
1030.7138124476 85.09
1045.7058900743 85.23
1060.9160324916 85.37
1076.3474115248 85.52
1092.0032451345 85.66
1107.8867980879 85.80
1124.0013826389 85.94
1140.3503592197 86.09
1156.9371371406 86.23
1173.765175302 86.37
1190.8379829148 86.50
1208.1591202326 86.64
1225.7321992942 86.77
1243.5608846767 86.90
1261.6488942595 87.02
1280 87.15
1298.6180287201 87.26
1317.5068629037 87.38
1336.6704415071 87.49
1356.1127607799 87.60
1375.8378750985 87.70
1395.8498978116 87.80
1416.1530020977 87.90
1436.751421836 87.99
1457.6494524886 88.09
1478.8514519966 88.18
1500.3618416887 88.27
1522.1851072035 88.35
1544.3257994247 88.44
1566.78853543 88.53
1589.5779994541 88.61
1612.6989438655 88.70
1636.1561901574 88.78
1659.9546299533 88.87
1684.0992260271 88.95
1708.5950133377 89.04
1733.4471000793 89.13
1758.6606687464 89.23
1784.2409772148 89.32
1810.1933598376 89.42
1836.5232285581 89.53
1863.2360740381 89.63
1890.3374668026 89.74
1917.8330584022 89.86
1945.7285825909 89.98
1974.0298565222 90.10
2002.742781962 90.23
2031.8733465194 90.36
2061.4276248951 90.49
2091.4117801487 90.63
2121.8320649832 90.75
2152.6948230496 90.88
2184.0064902691 91.00
2215.7735961758 91.12
2248.0027652779 91.23
2280.7007184393 91.33
2313.8742742813 91.43
2347.530350604 91.52
2381.6759658296 91.59
2416.3182404652 91.67
2451.4643985884 91.73
2487.1217693533 91.79
2523.297788519 91.84
2560.0000000001 91.88
2597.2360574402 91.92
2635.0137258074 91.94
2673.3408830143 91.96
2712.2255215599 91.97
2751.6757501971 91.97
2791.6997956232 91.96
2832.3060041955 91.95
2873.5028436721 91.93
2915.2989049772 91.90
2957.7029039931 91.86
3000.7236833774 91.82
3044.3702144071 91.77
3088.6515988494 91.72
3133.57707086 91.66
3179.1559989082 91.60
3225.397887731 91.53
3272.3123803148 91.45
3319.9092599067 91.37
3368.1984520542 91.28
3417.1900266754 91.18
3466.8942001586 91.08
3517.3213374928 90.98
3568.4819544296 90.90
3620.3867196753 90.83
3673.0464571163 90.78
3726.4721480761 90.73
3780.6749336053 90.70
3835.6661168044 90.66
3891.4571651819 90.63
3948.0597130445 90.59
4005.4855639241 90.53
4063.7466930387 90.46
4122.8552497902 90.39
4182.8235602974 90.32
4243.6641299665 90.27
4305.3896460992 90.24
4368.0129805382 90.23
4431.5471923516 90.23
4496.0055305558 90.23
4561.4014368787 90.21
4627.7485485626 90.18
4695.0607012081 90.12
4763.3519316592 90.04
4832.6364809305 89.93
4902.9287971769 89.80
4974.2435387067 89.65
5046.595577038 89.47
5120.0000000002 89.28
5194.4721148803 89.10
5270.0274516149 88.94
5346.6817660286 88.79
5424.4510431198 88.64
5503.3515003942 88.48
5583.3995912463 88.28
5664.6120083911 88.06
5747.0056873442 87.84
5830.5978099545 87.63
5915.4058079863 87.46
6001.4473667548 87.37
6088.7404288142 87.44
6177.3031976989 87.67
6267.1541417201 88.05
6358.3119978165 88.48
6450.795775462 88.83
6544.6247606297 89.03
6639.8185198134 89.10
6736.3969041085 89.10
6834.3800533509 89.15
6933.7884003172 89.29
7034.6426749857 89.47
7136.9639088592 89.55
7240.7734393506 89.55
7346.0929142326 89.56
7452.9442961523 89.67
7561.3498672106 89.93
7671.3322336089 90.30
7782.9143303638 90.69
7896.119426089 90.97
8010.9711278481 90.98
8127.4933860775 90.65
8245.7104995805 89.98
8365.6471205948 89.06
8487.328259933 88.00
8610.7792921984 86.90
8736.0259610765 85.86
8863.0943847033 84.89
8992.0110611117 83.98
9122.8028737575 83.15
9255.4970971253 82.41
9390.1214024162 81.81
9526.7038633184 81.29
9665.272961861 80.84
9805.8575943538 80.46
9948.4870774134 80.17
10093.191154076 79.96
10240.0000000005 79.83
10388.9442297607 79.76
10540.0549032298 79.75
10693.3635320572 79.76
10848.9020862397 79.77
11006.7030007884 79.77
11166.7991824927 79.72
11329.2240167822 79.61
11494.0113746885 79.44
11661.1956199091 79.18
11830.8116159726 78.89
12002.8947335097 78.56
12177.4808576284 78.23
12354.6063953979 77.96
12534.3082834402 77.74
12716.6239956331 77.58
12901.5915509241 77.40
13089.2495212594 77.19
13279.637039627 76.81
13472.7938082171 76.20
13668.7601067018 75.38
13867.5768006344 74.47
14069.2853499715 73.77
14273.9278177184 73.37
14481.5468787012 73.23
14692.1858284653 73.24
14905.8885923047 73.24
15122.6997344212 73.12
15342.6644672179 72.74
15565.8286607277 71.94
15792.2388521781 70.62
16021.9422556964 69.07
16254.9867721551 67.71
16491.4209991611 66.60
16731.2942411897 65.75
16974.656519866 65.07
17221.5585843969 64.47
17472.0519221531 63.98
17726.1887694067 63.68
17984.0221222235 63.65
18245.605747515 63.98
18510.9941942506 64.65
18780.2428048326 65.63
19053.4077266369 66.81
19330.545923722 67.91
19611.7151887077 68.45
19896.9741548268 68.50
20186.382308152 68.50
