20 89.46
20.2909066988 89.47
20.5860447329 89.49
20.8854756485 89.51
21.1892618872 89.54
21.4974667984 89.56
21.8101546533 89.59
22.1273906578 89.61
22.4492409662 89.63
22.7757726951 89.64
23.1070539374 89.66
23.4431537764 89.67
23.7841423001 89.68
24.130090616 89.69
24.4810708661 89.70
24.8371562415 89.72
25.1984209979 89.72
25.5649404712 89.73
25.936791093 89.74
26.3140504067 89.74
26.6967970834 89.75
27.0851109387 89.75
27.4790729492 89.75
27.878765269 89.75
28.2842712475 89.75
28.6956754462 89.74
29.1130636568 89.74
29.5365229188 89.74
29.9661415375 89.74
30.402009103 89.73
30.8442165082 89.73
31.2928559682 89.72
31.7480210394 89.72
32.209806639 89.72
32.6783090648 89.71
33.1536260154 89.71
33.6358566101 89.70
34.1251014105 89.69
34.6214624402 89.68
35.1250432075 89.67
35.6359487256 89.65
36.1542855356 89.64
36.6801617282 89.62
37.2136869661 89.60
37.7549725073 89.58
38.3041312279 89.56
38.8612776461 89.55
39.4265279456 89.54
40 89.52
40.5818133975 89.50
41.1720894657 89.47
41.7709512971 89.45
42.3785237744 89.45
42.9949335968 89.44
43.6203093066 89.42
44.2547813156 89.37
44.8984819324 89.32
45.5515453903 89.27
46.2141078749 89.24
46.8863075528 89.22
47.5682846001 89.20
48.260181232 89.18
48.9621417322 89.15
49.6743124829 89.13
50.3968419958 89.10
51.1298809424 89.07
51.873582186 89.04
52.6281008133 89.01
53.3935941668 88.98
54.1702218775 88.94
54.9581458983 88.91
55.757530538 88.87
56.5685424949 88.83
57.3913508924 88.79
58.2261273137 88.75
59.0730458376 88.71
59.9322830751 88.67
60.804018206 88.64
61.6884330163 88.60
62.5857119363 88.56
63.4960420787 88.52
64.419613278 88.47
65.3566181296 88.42
66.3072520307 88.37
67.2717132203 88.33
68.2502028209 88.28
69.2429248805 88.24
70.2500864149 88.19
71.2718974512 88.15
72.3085710713 88.10
73.3603234564 88.05
74.4273739322 88.00
75.5099450145 87.95
76.6082624559 87.90
77.7225552923 87.85
78.8530558912 87.80
80 87.75
81.163626795 87.70
82.3441789315 87.65
83.5419025942 87.60
84.7570475487 87.55
85.9898671937 87.49
87.2406186132 87.44
88.5095626311 87.38
89.7969638648 87.33
91.1030907805 87.27
92.4282157498 87.21
93.7726151055 87.16
95.1365692002 87.10
96.520362464 87.04
97.9242834644 86.98
99.3486249659 86.92
100.7936839916 86.86
102.2597618848 86.80
103.7471643721 86.75
105.2562016267 86.69
106.7871883336 86.63
108.340443755 86.57
109.9162917966 86.51
111.5150610759 86.44
113.1370849898 86.38
114.7827017849 86.32
116.4522546274 86.26
118.1460916752 86.20
119.8645661501 86.13
121.6080364119 86.07
123.3768660326 86.01
125.1714238726 85.95
126.9920841575 85.89
128.8392265559 85.83
130.7132362593 85.78
132.6145040614 85.72
134.5434264406 85.66
136.5004056418 85.61
138.485849761 85.56
140.5001728299 85.50
142.5437949025 85.43
144.6171421426 85.38
146.7206469127 85.34
148.8547478643 85.29
151.0198900291 85.22
153.2165249118 85.16
155.4451105846 85.11
157.7061117824 85.06
160 85.01
162.32725359 84.97
164.688357863 84.92
167.0838051884 84.86
169.5140950975 84.78
171.9797343873 84.68
174.4812372264 84.58
177.0191252622 84.47
179.5939277295 84.35
182.2061815611 84.21
184.8564314996 84.08
187.5452302111 84.00
190.2731384004 83.95
193.0407249281 83.92
195.8485669287 83.89
198.6972499318 83.87
201.5873679832 83.84
204.5195237697 83.80
207.4943287442 83.77
210.5124032534 83.75
213.5743766672 83.71
216.6808875099 83.65
219.8325835933 83.58
223.0301221518 83.51
226.2741699797 83.46
229.5654035698 83.42
232.9045092548 83.37
236.2921833503 83.32
239.7291323003 83.26
243.2160728239 83.21
246.7537320653 83.16
250.3428477452 83.11
253.9841683149 83.06
257.6784531119 83.01
261.4264725186 82.96
265.2290081229 82.91
269.0868528812 82.86
273.0008112836 82.81
276.971699522 82.77
281.0003456597 82.72
285.0875898049 82.68
289.2342842852 82.63
293.4412938255 82.59
297.7094957287 82.54
302.0397800581 82.50
306.4330498235 82.46
310.8902211692 82.42
315.4122235649 82.38
320 82.34
324.65450718 82.31
329.3767157259 82.27
334.1676103768 82.24
339.028190195 82.21
343.9594687746 82.18
348.9624744529 82.14
354.0382505244 82.11
359.187855459 82.09
364.4123631221 82.06
369.7128629991 82.03
375.0904604222 82.01
380.5462768009 81.98
386.0814498562 81.95
391.6971338575 81.92
397.3944998635 81.89
403.1747359664 81.87
409.0390475393 81.84
414.9886574883 81.82
421.0248065068 81.79
427.1487533344 81.77
433.3617750198 81.74
439.6651671866 81.72
446.0602443037 81.70
452.5483399594 81.68
459.1308071395 81.66
465.8090185095 81.64
472.5843667007 81.62
479.4582646005 81.60
486.4321456477 81.59
493.5074641306 81.57
500.6856954905 81.56
507.9683366298 81.55
515.3569062238 81.53
522.8529450372 81.52
530.4580162458 81.51
538.1737057624 81.50
546.0016225673 81.50
553.9433990439 81.49
562.0006913195 81.49
570.1751796098 81.48
578.4685685703 81.48
586.882587651 81.48
595.4189914574 81.48
604.0795601163 81.48
612.8660996471 81.48
621.7804423383 81.49
630.8244471297 81.49
640 81.50
649.30901436 81.52
658.7534314519 81.53
668.3352207536 81.53
678.05638039 81.54
687.9189375493 81.55
697.9249489058 81.57
708.0765010489 81.59
718.375710918 81.60
728.8247262443 81.62
739.4257259983 81.64
750.1809208443 81.66
761.0925536018 81.72
772.1628997124 81.82
783.394267715 81.92
794.7889997271 82.00
806.3494719327 82.06
818.0780950787 82.11
829.9773149767 82.16
842.0496130136 82.22
854.2975066688 82.27
866.7235500396 82.33
879.3303343732 82.40
892.1204886074 82.48
905.0966799188 82.57
918.2616142791 82.66
931.618037019 82.75
945.1687334013 82.86
958.9165292011 82.98
972.8642912955 83.10
987.0149282611 83.23
1001.371390981 83.37
1015.9366732597 83.51
1030.7138124476 83.67
1045.7058900743 83.82
1060.9160324916 83.98
1076.3474115248 84.14
1092.0032451345 84.31
1107.8867980879 84.48
1124.0013826389 84.66
1140.3503592197 84.83
1156.9371371406 85.01
1173.765175302 85.20
1190.8379829148 85.38
1208.1591202326 85.56
1225.7321992942 85.74
1243.5608846767 85.92
1261.6488942595 86.11
1280 86.29
1298.6180287201 86.48
1317.5068629037 86.67
1336.6704415071 86.87
1356.1127607799 87.06
1375.8378750985 87.26
1395.8498978116 87.47
1416.1530020977 87.67
1436.751421836 87.88
1457.6494524886 88.09
1478.8514519966 88.30
1500.3618416887 88.52
1522.1851072035 88.75
1544.3257994247 88.98
1566.78853543 89.21
1589.5779994541 89.45
1612.6989438655 89.69
1636.1561901574 89.94
1659.9546299533 90.19
1684.0992260271 90.45
1708.5950133377 90.70
1733.4471000793 90.96
1758.6606687464 91.22
1784.2409772148 91.46
1810.1933598376 91.70
1836.5232285581 91.92
1863.2360740381 92.13
1890.3374668026 92.31
1917.8330584022 92.47
1945.7285825909 92.60
1974.0298565222 92.71
2002.742781962 92.78
2031.8733465194 92.82
2061.4276248951 92.83
2091.4117801487 92.80
2121.8320649832 92.74
2152.6948230496 92.64
2184.0064902691 92.53
2215.7735961758 92.39
2248.0027652779 92.25
2280.7007184393 92.09
2313.8742742813 91.94
2347.530350604 91.79
2381.6759658296 91.65
2416.3182404652 91.53
2451.4643985884 91.42
2487.1217693533 91.33
2523.297788519 91.27
2560.0000000001 91.23
2597.2360574402 91.21
2635.0137258074 91.20
2673.3408830143 91.20
2712.2255215599 91.22
2751.6757501971 91.25
2791.6997956232 91.28
2832.3060041955 91.31
2873.5028436721 91.35
2915.2989049772 91.39
2957.7029039931 91.43
3000.7236833774 91.47
3044.3702144071 91.52
3088.6515988494 91.58
3133.57707086 91.63
3179.1559989082 91.69
3225.397887731 91.74
3272.3123803148 91.79
3319.9092599067 91.84
3368.1984520542 91.90
3417.1900266754 91.95
3466.8942001586 92.02
3517.3213374928 92.10
3568.4819544296 92.20
3620.3867196753 92.32
3673.0464571163 92.43
3726.4721480761 92.53
3780.6749336053 92.57
3835.6661168044 92.56
3891.4571651819 92.44
3948.0597130445 92.26
4005.4855639241 91.95
4063.7466930387 91.54
4122.8552497902 91.06
4182.8235602974 90.55
4243.6641299665 90.04
4305.3896460992 89.57
4368.0129805382 89.18
4431.5471923516 88.87
4496.0055305558 88.63
4561.4014368787 88.45
4627.7485485626 88.26
4695.0607012081 88.00
4763.3519316592 87.63
4832.6364809305 87.11
4902.9287971769 86.45
4974.2435387067 85.72
5046.595577038 84.96
5120.0000000002 84.21
5194.4721148803 83.49
5270.0274516149 82.84
5346.6817660286 82.24
5424.4510431198 81.69
5503.3515003942 81.21
5583.3995912463 80.79
5664.6120083911 80.43
5747.0056873442 80.11
5830.5978099545 79.82
5915.4058079863 79.56
6001.4473667548 79.33
6088.7404288142 79.15
6177.3031976989 79.01
6267.1541417201 78.91
6358.3119978165 78.89
6450.795775462 78.92
6544.6247606297 79.01
6639.8185198134 79.15
6736.3969041085 79.34
6834.3800533509 79.59
6933.7884003172 79.89
7034.6426749857 80.27
7136.9639088592 80.72
7240.7734393506 81.25
7346.0929142326 81.87
7452.9442961523 82.59
7561.3498672106 83.39
7671.3322336089 84.23
7782.9143303638 85.05
7896.119426089 85.74
8010.9711278481 86.20
8127.4933860775 86.33
8245.7104995805 86.17
8365.6471205948 85.78
8487.328259933 85.28
8610.7792921984 84.75
8736.0259610765 84.26
8863.0943847033 83.89
8992.0110611117 83.65
9122.8028737575 83.56
9255.4970971253 83.66
9390.1214024162 83.94
9526.7038633184 84.42
9665.272961861 85.08
9805.8575943538 85.87
9948.4870774134 86.75
10093.191154076 87.60
10240.0000000005 88.29
10388.9442297607 88.76
10540.0549032298 89.00
10693.3635320572 89.06
10848.9020862397 88.82
11006.7030007884 88.10
11166.7991824927 86.90
11329.2240167822 85.23
11494.0113746885 83.30
11661.1956199091 81.03
11830.8116159726 78.53
12002.8947335097 75.87
12177.4808576284 73.59
12354.6063953979 72.34
12534.3082834402 71.73
12716.6239956331 71.75
12901.5915509241 72.27
13089.2495212594 73.00
13279.637039627 73.72
13472.7938082171 74.17
13668.7601067018 74.07
13867.5768006344 73.38
14069.2853499715 72.40
14273.9278177184 71.44
14481.5468787012 70.69
14692.1858284653 70.20
14905.8885923047 69.93
15122.6997344212 69.88
15342.6644672179 70.00
15565.8286607277 70.18
15792.2388521781 70.35
16021.9422556964 70.66
16254.9867721551 71.12
16491.4209991611 71.24
16731.2942411897 70.80
16974.656519866 69.84
17221.5585843969 68.61
17472.0519221531 67.35
17726.1887694067 66.12
17984.0221222235 64.92
18245.605747515 63.72
18510.9941942506 62.57
18780.2428048326 61.56
19053.4077266369 60.84
19330.545923722 60.46
19611.7151887077 60.31
19896.9741548268 60.15
20186.382308152 60.08
