20 90.81
20.2909066988 90.79
20.5860447329 90.78
20.8854756485 90.77
21.1892618872 90.77
21.4974667984 90.77
21.8101546533 90.78
22.1273906578 90.79
22.4492409662 90.80
22.7757726951 90.82
23.1070539374 90.83
23.4431537764 90.84
23.7841423001 90.85
24.130090616 90.86
24.4810708661 90.86
24.8371562415 90.85
25.1984209979 90.83
25.5649404712 90.81
25.936791093 90.79
26.3140504067 90.77
26.6967970834 90.73
27.0851109387 90.70
27.4790729492 90.66
27.878765269 90.62
28.2842712475 90.59
28.6956754462 90.56
29.1130636568 90.53
29.5365229188 90.50
29.9661415375 90.48
30.402009103 90.47
30.8442165082 90.45
31.2928559682 90.44
31.7480210394 90.43
32.209806639 90.42
32.6783090648 90.41
33.1536260154 90.39
33.6358566101 90.36
34.1251014105 90.34
34.6214624402 90.31
35.1250432075 90.27
35.6359487256 90.23
36.1542855356 90.19
36.6801617282 90.15
37.2136869661 90.12
37.7549725073 90.08
38.3041312279 90.04
38.8612776461 90.01
39.4265279456 89.98
40 89.95
40.5818133975 89.92
41.1720894657 89.89
41.7709512971 89.85
42.3785237744 89.82
42.9949335968 89.78
43.6203093066 89.74
44.2547813156 89.70
44.8984819324 89.66
45.5515453903 89.61
46.2141078749 89.57
46.8863075528 89.53
47.5682846001 89.48
48.260181232 89.44
48.9621417322 89.40
49.6743124829 89.35
50.3968419958 89.31
51.1298809424 89.26
51.873582186 89.21
52.6281008133 89.16
53.3935941668 89.12
54.1702218775 89.07
54.9581458983 89.02
55.757530538 88.97
56.5685424949 88.92
57.3913508924 88.87
58.2261273137 88.81
59.0730458376 88.75
59.9322830751 88.69
60.804018206 88.64
61.6884330163 88.59
62.5857119363 88.53
63.4960420787 88.48
64.419613278 88.42
65.3566181296 88.37
66.3072520307 88.31
67.2717132203 88.25
68.2502028209 88.19
69.2429248805 88.13
70.2500864149 88.07
71.2718974512 88.00
72.3085710713 87.94
73.3603234564 87.88
74.4273739322 87.82
75.5099450145 87.75
76.6082624559 87.69
77.7225552923 87.62
78.8530558912 87.55
80 87.48
81.163626795 87.42
82.3441789315 87.35
83.5419025942 87.28
84.7570475487 87.21
85.9898671937 87.15
87.2406186132 87.07
88.5095626311 87.00
89.7969638648 86.93
91.1030907805 86.86
92.4282157498 86.77
93.7726151055 86.71
95.1365692002 86.65
96.520362464 86.58
97.9242834644 86.50
99.3486249659 86.43
100.7936839916 86.35
102.2597618848 86.28
103.7471643721 86.20
105.2562016267 86.13
106.7871883336 86.05
108.340443755 85.98
109.9162917966 85.90
111.5150610759 85.83
113.1370849898 85.75
114.7827017849 85.68
116.4522546274 85.60
118.1460916752 85.53
119.8645661501 85.45
121.6080364119 85.38
123.3768660326 85.30
125.1714238726 85.22
126.9920841575 85.16
128.8392265559 85.08
130.7132362593 85.01
132.6145040614 84.93
134.5434264406 84.86
136.5004056418 84.78
138.485849761 84.71
140.5001728299 84.63
142.5437949025 84.56
144.6171421426 84.49
146.7206469127 84.42
148.8547478643 84.35
151.0198900291 84.28
153.2165249118 84.21
155.4451105846 84.14
157.7061117824 84.08
160 84.01
162.32725359 83.94
164.688357863 83.87
167.0838051884 83.81
169.5140950975 83.75
171.9797343873 83.69
174.4812372264 83.63
177.0191252622 83.57
179.5939277295 83.51
182.2061815611 83.45
184.8564314996 83.40
187.5452302111 83.35
190.2731384004 83.29
193.0407249281 83.24
195.8485669287 83.19
198.6972499318 83.14
201.5873679832 83.09
204.5195237697 83.05
207.4943287442 83.00
210.5124032534 82.96
213.5743766672 82.92
216.6808875099 82.88
219.8325835933 82.84
223.0301221518 82.81
226.2741699797 82.78
229.5654035698 82.74
232.9045092548 82.71
236.2921833503 82.68
239.7291323003 82.65
243.2160728239 82.63
246.7537320653 82.60
250.3428477452 82.58
253.9841683149 82.55
257.6784531119 82.54
261.4264725186 82.51
265.2290081229 82.50
269.0868528812 82.48
273.0008112836 82.46
276.971699522 82.45
281.0003456597 82.43
285.0875898049 82.42
289.2342842852 82.41
293.4412938255 82.40
297.7094957287 82.38
302.0397800581 82.38
306.4330498235 82.38
310.8902211692 82.37
315.4122235649 82.36
320 82.36
324.65450718 82.35
329.3767157259 82.35
334.1676103768 82.35
339.028190195 82.35
343.9594687746 82.35
348.9624744529 82.35
354.0382505244 82.36
359.187855459 82.35
364.4123631221 82.36
369.7128629991 82.36
375.0904604222 82.36
380.5462768009 82.36
386.0814498562 82.37
391.6971338575 82.37
397.3944998635 82.37
403.1747359664 82.38
409.0390475393 82.39
414.9886574883 82.39
421.0248065068 82.39
427.1487533344 82.40
433.3617750198 82.40
439.6651671866 82.41
446.0602443037 82.42
452.5483399594 82.42
459.1308071395 82.43
465.8090185095 82.43
472.5843667007 82.44
479.4582646005 82.44
486.4321456477 82.45
493.5074641306 82.46
500.6856954905 82.46
507.9683366298 82.47
515.3569062238 82.48
522.8529450372 82.48
530.4580162458 82.49
538.1737057624 82.50
546.0016225673 82.50
553.9433990439 82.51
562.0006913195 82.52
570.1751796098 82.52
578.4685685703 82.52
586.882587651 82.53
595.4189914574 82.54
604.0795601163 82.54
612.8660996471 82.54
621.7804423383 82.55
630.8244471297 82.56
640 82.56
649.30901436 82.57
658.7534314519 82.58
668.3352207536 82.59
678.05638039 82.60
687.9189375493 82.61
697.9249489058 82.62
708.0765010489 82.63
718.375710918 82.65
728.8247262443 82.66
739.4257259983 82.67
750.1809208443 82.69
761.0925536018 82.71
772.1628997124 82.74
783.394267715 82.76
794.7889997271 82.78
806.3494719327 82.82
818.0780950787 82.85
829.9773149767 82.88
842.0496130136 82.93
854.2975066688 82.98
866.7235500396 83.03
879.3303343732 83.08
892.1204886074 83.14
905.0966799188 83.20
918.2616142791 83.28
931.618037019 83.35
945.1687334013 83.45
958.9165292011 83.53
972.8642912955 83.62
987.0149282611 83.72
1001.371390981 83.81
1015.9366732597 83.94
1030.7138124476 84.06
1045.7058900743 84.17
1060.9160324916 84.31
1076.3474115248 84.43
1092.0032451345 84.56
1107.8867980879 84.69
1124.0013826389 84.83
1140.3503592197 84.96
1156.9371371406 85.09
1173.765175302 85.21
1190.8379829148 85.34
1208.1591202326 85.46
1225.7321992942 85.58
1243.5608846767 85.69
1261.6488942595 85.80
1280 85.90
1298.6180287201 86.01
1317.5068629037 86.10
1336.6704415071 86.18
1356.1127607799 86.27
1375.8378750985 86.35
1395.8498978116 86.43
1416.1530020977 86.51
1436.751421836 86.58
1457.6494524886 86.65
1478.8514519966 86.73
1500.3618416887 86.79
1522.1851072035 86.85
1544.3257994247 86.91
1566.78853543 86.98
1589.5779994541 87.05
1612.6989438655 87.11
1636.1561901574 87.18
1659.9546299533 87.25
1684.0992260271 87.31
1708.5950133377 87.38
1733.4471000793 87.46
1758.6606687464 87.52
1784.2409772148 87.59
1810.1933598376 87.67
1836.5232285581 87.75
1863.2360740381 87.83
1890.3374668026 87.90
1917.8330584022 87.99
1945.7285825909 88.07
1974.0298565222 88.16
2002.742781962 88.25
2031.8733465194 88.34
2061.4276248951 88.43
2091.4117801487 88.52
2121.8320649832 88.62
2152.6948230496 88.71
2184.0064902691 88.81
2215.7735961758 88.90
2248.0027652779 89.00
2280.7007184393 89.09
2313.8742742813 89.19
2347.530350604 89.27
2381.6759658296 89.37
2416.3182404652 89.45
2451.4643985884 89.54
2487.1217693533 89.61
2523.297788519 89.69
2560.0000000001 89.76
2597.2360574402 89.82
2635.0137258074 89.87
2673.3408830143 89.92
2712.2255215599 89.96
2751.6757501971 89.98
2791.6997956232 90.01
2832.3060041955 90.01
2873.5028436721 90.01
2915.2989049772 89.99
2957.7029039931 89.97
3000.7236833774 89.93
3044.3702144071 89.90
3088.6515988494 89.84
3133.57707086 89.79
3179.1559989082 89.72
3225.397887731 89.65
3272.3123803148 89.57
3319.9092599067 89.49
3368.1984520542 89.40
3417.1900266754 89.33
3466.8942001586 89.24
3517.3213374928 89.16
3568.4819544296 89.08
3620.3867196753 89.00
3673.0464571163 88.92
3726.4721480761 88.84
3780.6749336053 88.77
3835.6661168044 88.71
3891.4571651819 88.65
3948.0597130445 88.60
4005.4855639241 88.56
4063.7466930387 88.52
4122.8552497902 88.50
4182.8235602974 88.48
4243.6641299665 88.48
4305.3896460992 88.48
4368.0129805382 88.49
4431.5471923516 88.51
4496.0055305558 88.54
4561.4014368787 88.57
4627.7485485626 88.61
4695.0607012081 88.65
4763.3519316592 88.69
4832.6364809305 88.74
4902.9287971769 88.76
4974.2435387067 88.78
5046.595577038 88.81
5120.0000000002 88.82
5194.4721148803 88.82
5270.0274516149 88.82
5346.6817660286 88.80
5424.4510431198 88.77
5503.3515003942 88.72
5583.3995912463 88.65
5664.6120083911 88.55
5747.0056873442 88.44
5830.5978099545 88.29
5915.4058079863 88.11
6001.4473667548 87.89
6088.7404288142 87.61
6177.3031976989 87.29
6267.1541417201 86.90
6358.3119978165 86.47
6450.795775462 86.00
6544.6247606297 85.59
6639.8185198134 85.19
6736.3969041085 84.87
6834.3800533509 84.64
6933.7884003172 84.52
7034.6426749857 84.50
7136.9639088592 84.57
7240.7734393506 84.66
7346.0929142326 84.78
7452.9442961523 84.91
7561.3498672106 85.03
7671.3322336089 85.17
7782.9143303638 85.29
7896.119426089 85.40
8010.9711278481 85.48
8127.4933860775 85.49
8245.7104995805 85.43
8365.6471205948 85.28
8487.328259933 85.02
8610.7792921984 84.92
8736.0259610765 85.23
8863.0943847033 85.36
8992.0110611117 86.20
9122.8028737575 85.31
9255.4970971253 84.74
9390.1214024162 84.36
9526.7038633184 84.07
9665.272961861 83.90
9805.8575943538 83.77
9948.4870774134 83.72
10093.191154076 83.67
10240.0000000005 83.63
10388.9442297607 83.54
10540.0549032298 83.34
10693.3635320572 83.10
10848.9020862397 82.78
11006.7030007884 82.45
11166.7991824927 82.11
11329.2240167822 81.82
11494.0113746885 81.50
11661.1956199091 81.23
11830.8116159726 80.96
12002.8947335097 80.78
12177.4808576284 80.60
12354.6063953979 80.42
12534.3082834402 80.33
12716.6239956331 80.22
12901.5915509241 80.15
13089.2495212594 80.13
13279.637039627 80.15
13472.7938082171 80.25
13668.7601067018 80.47
13867.5768006344 80.78
14069.2853499715 81.26
14273.9278177184 81.85
14481.5468787012 82.52
14692.1858284653 83.25
14905.8885923047 84.01
15122.6997344212 84.76
15342.6644672179 85.41
15565.8286607277 85.94
15792.2388521781 86.27
16021.9422556964 86.39
16254.9867721551 86.31
16491.4209991611 86.01
16731.2942411897 85.52
16974.656519866 84.76
17221.5585843969 83.92
17472.0519221531 83.07
17726.1887694067 82.33
17984.0221222235 81.57
18245.605747515 80.77
18510.9941942506 80.10
18780.2428048326 79.68
19053.4077266369 79.27
19330.545923722 78.70
19611.7151887077 77.84
19896.9741548268 76.73
20186.382308152 76.32
