20 94.04
20.2909066988 94.06
20.5860447329 94.07
20.8854756485 94.09
21.1892618872 94.12
21.4974667984 94.14
21.8101546533 94.17
22.1273906578 94.19
22.4492409662 94.22
22.7757726951 94.24
23.1070539374 94.26
23.4431537764 94.28
23.7841423001 94.31
24.130090616 94.33
24.4810708661 94.35
24.8371562415 94.37
25.1984209979 94.38
25.5649404712 94.40
25.936791093 94.41
26.3140504067 94.41
26.6967970834 94.42
27.0851109387 94.42
27.4790729492 94.43
27.878765269 94.44
28.2842712475 94.45
28.6956754462 94.45
29.1130636568 94.45
29.5365229188 94.45
29.9661415375 94.45
30.402009103 94.46
30.8442165082 94.47
31.2928559682 94.47
31.7480210394 94.47
32.209806639 94.47
32.6783090648 94.47
33.1536260154 94.47
33.6358566101 94.47
34.1251014105 94.47
34.6214624402 94.46
35.1250432075 94.46
35.6359487256 94.45
36.1542855356 94.45
36.6801617282 94.44
37.2136869661 94.43
37.7549725073 94.43
38.3041312279 94.43
38.8612776461 94.41
39.4265279456 94.40
40 94.38
40.5818133975 94.36
41.1720894657 94.35
41.7709512971 94.34
42.3785237744 94.33
42.9949335968 94.31
43.6203093066 94.29
44.2547813156 94.28
44.8984819324 94.26
45.5515453903 94.24
46.2141078749 94.22
46.8863075528 94.20
47.5682846001 94.18
48.260181232 94.15
48.9621417322 94.13
49.6743124829 94.11
50.3968419958 94.09
51.1298809424 94.07
51.873582186 94.04
52.6281008133 94.02
53.3935941668 93.99
54.1702218775 93.96
54.9581458983 93.94
55.757530538 93.92
56.5685424949 93.89
57.3913508924 93.86
58.2261273137 93.83
59.0730458376 93.80
59.9322830751 93.76
60.804018206 93.73
61.6884330163 93.70
62.5857119363 93.66
63.4960420787 93.63
64.419613278 93.59
65.3566181296 93.55
66.3072520307 93.51
67.2717132203 93.47
68.2502028209 93.43
69.2429248805 93.40
70.2500864149 93.36
71.2718974512 93.32
72.3085710713 93.29
73.3603234564 93.25
74.4273739322 93.20
75.5099450145 93.16
76.6082624559 93.11
77.7225552923 93.06
78.8530558912 93.02
80 92.98
81.163626795 92.93
82.3441789315 92.89
83.5419025942 92.84
84.7570475487 92.80
85.9898671937 92.75
87.2406186132 92.71
88.5095626311 92.66
89.7969638648 92.60
91.1030907805 92.54
92.4282157498 92.49
93.7726151055 92.44
95.1365692002 92.38
96.520362464 92.33
97.9242834644 92.28
99.3486249659 92.22
100.7936839916 92.16
102.2597618848 92.10
103.7471643721 92.04
105.2562016267 91.98
106.7871883336 91.92
108.340443755 91.86
109.9162917966 91.80
111.5150610759 91.74
113.1370849898 91.68
114.7827017849 91.61
116.4522546274 91.55
118.1460916752 91.48
119.8645661501 91.42
121.6080364119 91.35
123.3768660326 91.29
125.1714238726 91.23
126.9920841575 91.17
128.8392265559 91.11
130.7132362593 91.05
132.6145040614 90.99
134.5434264406 90.92
136.5004056418 90.86
138.485849761 90.80
140.5001728299 90.74
142.5437949025 90.68
144.6171421426 90.62
146.7206469127 90.55
148.8547478643 90.49
151.0198900291 90.43
153.2165249118 90.36
155.4451105846 90.30
157.7061117824 90.24
160 90.17
162.32725359 90.10
164.688357863 90.04
167.0838051884 89.97
169.5140950975 89.90
171.9797343873 89.81
174.4812372264 89.69
177.0191252622 89.54
179.5939277295 89.39
182.2061815611 89.23
184.8564314996 89.11
187.5452302111 89.02
190.2731384004 88.96
193.0407249281 88.91
195.8485669287 88.87
198.6972499318 88.82
201.5873679832 88.77
204.5195237697 88.71
207.4943287442 88.65
210.5124032534 88.59
213.5743766672 88.53
216.6808875099 88.46
219.8325835933 88.38
223.0301221518 88.31
226.2741699797 88.23
229.5654035698 88.16
232.9045092548 88.09
236.2921833503 88.01
239.7291323003 87.94
243.2160728239 87.86
246.7537320653 87.79
250.3428477452 87.72
253.9841683149 87.65
257.6784531119 87.57
261.4264725186 87.49
265.2290081229 87.41
269.0868528812 87.33
273.0008112836 87.26
276.971699522 87.18
281.0003456597 87.11
285.0875898049 87.04
289.2342842852 86.96
293.4412938255 86.89
297.7094957287 86.81
302.0397800581 86.74
306.4330498235 86.67
310.8902211692 86.60
315.4122235649 86.53
320 86.46
324.65450718 86.39
329.3767157259 86.32
334.1676103768 86.26
339.028190195 86.20
343.9594687746 86.13
348.9624744529 86.07
354.0382505244 86.00
359.187855459 85.94
364.4123631221 85.89
369.7128629991 85.83
375.0904604222 85.77
380.5462768009 85.71
386.0814498562 85.65
391.6971338575 85.59
397.3944998635 85.53
403.1747359664 85.48
409.0390475393 85.42
414.9886574883 85.36
421.0248065068 85.30
427.1487533344 85.25
433.3617750198 85.20
439.6651671866 85.14
446.0602443037 85.09
452.5483399594 85.04
459.1308071395 84.98
465.8090185095 84.93
472.5843667007 84.88
479.4582646005 84.83
486.4321456477 84.78
493.5074641306 84.73
500.6856954905 84.69
507.9683366298 84.65
515.3569062238 84.60
522.8529450372 84.56
530.4580162458 84.51
538.1737057624 84.47
546.0016225673 84.44
553.9433990439 84.40
562.0006913195 84.36
570.1751796098 84.32
578.4685685703 84.28
586.882587651 84.25
595.4189914574 84.22
604.0795601163 84.19
612.8660996471 84.16
621.7804423383 84.13
630.8244471297 84.11
640 84.09
649.30901436 84.07
658.7534314519 84.04
668.3352207536 84.03
678.05638039 84.01
687.9189375493 84.00
697.9249489058 83.98
708.0765010489 83.96
718.375710918 83.94
728.8247262443 83.89
739.4257259983 83.80
750.1809208443 83.70
761.0925536018 83.66
772.1628997124 83.69
783.394267715 83.74
794.7889997271 83.81
806.3494719327 83.87
818.0780950787 83.93
829.9773149767 83.98
842.0496130136 84.03
854.2975066688 84.07
866.7235500396 84.10
879.3303343732 84.15
892.1204886074 84.19
905.0966799188 84.24
918.2616142791 84.28
931.618037019 84.33
945.1687334013 84.40
958.9165292011 84.48
972.8642912955 84.57
987.0149282611 84.67
1001.371390981 84.78
1015.9366732597 84.91
1030.7138124476 85.04
1045.7058900743 85.17
1060.9160324916 85.30
1076.3474115248 85.44
1092.0032451345 85.58
1107.8867980879 85.72
1124.0013826389 85.87
1140.3503592197 86.02
1156.9371371406 86.17
1173.765175302 86.33
1190.8379829148 86.48
1208.1591202326 86.63
1225.7321992942 86.78
1243.5608846767 86.93
1261.6488942595 87.08
1280 87.24
1298.6180287201 87.39
1317.5068629037 87.54
1336.6704415071 87.69
1356.1127607799 87.85
1375.8378750985 88.00
1395.8498978116 88.15
1416.1530020977 88.30
1436.751421836 88.45
1457.6494524886 88.61
1478.8514519966 88.76
1500.3618416887 88.91
1522.1851072035 89.06
1544.3257994247 89.22
1566.78853543 89.37
1589.5779994541 89.52
1612.6989438655 89.67
1636.1561901574 89.81
1659.9546299533 89.96
1684.0992260271 90.11
1708.5950133377 90.25
1733.4471000793 90.40
1758.6606687464 90.54
1784.2409772148 90.67
1810.1933598376 90.81
1836.5232285581 90.94
1863.2360740381 91.07
1890.3374668026 91.19
1917.8330584022 91.31
1945.7285825909 91.43
1974.0298565222 91.54
2002.742781962 91.64
2031.8733465194 91.75
2061.4276248951 91.84
2091.4117801487 91.93
2121.8320649832 92.01
2152.6948230496 92.07
2184.0064902691 92.13
2215.7735961758 92.18
2248.0027652779 92.22
2280.7007184393 92.25
2313.8742742813 92.27
2347.530350604 92.28
2381.6759658296 92.27
2416.3182404652 92.26
2451.4643985884 92.24
2487.1217693533 92.21
2523.297788519 92.18
2560.0000000001 92.15
2597.2360574402 92.10
2635.0137258074 92.06
2673.3408830143 92.01
2712.2255215599 91.95
2751.6757501971 91.90
2791.6997956232 91.85
2832.3060041955 91.79
2873.5028436721 91.74
2915.2989049772 91.70
2957.7029039931 91.66
3000.7236833774 91.62
3044.3702144071 91.59
3088.6515988494 91.58
3133.57707086 91.57
3179.1559989082 91.56
3225.397887731 91.55
3272.3123803148 91.56
3319.9092599067 91.56
3368.1984520542 91.57
3417.1900266754 91.59
3466.8942001586 91.62
3517.3213374928 91.67
3568.4819544296 91.74
3620.3867196753 91.84
3673.0464571163 91.96
3726.4721480761 92.11
3780.6749336053 92.29
3835.6661168044 92.48
3891.4571651819 92.68
3948.0597130445 92.89
4005.4855639241 93.10
4063.7466930387 93.31
4122.8552497902 93.53
4182.8235602974 93.76
4243.6641299665 94.03
4305.3896460992 94.31
4368.0129805382 94.61
4431.5471923516 94.91
4496.0055305558 95.17
4561.4014368787 95.39
4627.7485485626 95.54
4695.0607012081 95.60
4763.3519316592 95.58
4832.6364809305 95.45
4902.9287971769 95.23
4974.2435387067 94.92
5046.595577038 94.51
5120.0000000002 94.05
5194.4721148803 93.53
5270.0274516149 92.97
5346.6817660286 92.39
5424.4510431198 91.79
5503.3515003942 91.24
5583.3995912463 90.83
5664.6120083911 90.50
5747.0056873442 90.16
5830.5978099545 89.80
5915.4058079863 89.44
6001.4473667548 89.11
6088.7404288142 88.81
6177.3031976989 88.56
6267.1541417201 88.35
6358.3119978165 88.20
6450.795775462 88.12
6544.6247606297 88.09
6639.8185198134 88.10
6736.3969041085 88.16
6834.3800533509 88.27
6933.7884003172 88.43
7034.6426749857 88.64
7136.9639088592 88.91
7240.7734393506 89.22
7346.0929142326 89.58
7452.9442961523 90.00
7561.3498672106 90.45
7671.3322336089 90.89
7782.9143303638 91.28
7896.119426089 91.54
8010.9711278481 91.59
8127.4933860775 91.36
8245.7104995805 90.92
8365.6471205948 90.30
8487.328259933 89.59
8610.7792921984 88.82
8736.0259610765 88.05
8863.0943847033 87.31
8992.0110611117 86.62
9122.8028737575 85.98
9255.4970971253 85.42
9390.1214024162 84.95
9526.7038633184 84.56
9665.272961861 84.28
9805.8575943538 84.10
9948.4870774134 84.04
10093.191154076 84.14
10240.0000000005 84.37
10388.9442297607 84.77
10540.0549032298 85.32
10693.3635320572 86.04
10848.9020862397 86.95
11006.7030007884 88.03
11166.7991824927 89.20
11329.2240167822 90.30
11494.0113746885 91.13
11661.1956199091 91.19
11830.8116159726 90.73
12002.8947335097 89.64
12177.4808576284 88.37
12354.6063953979 87.08
12534.3082834402 85.89
12716.6239956331 84.88
12901.5915509241 84.10
13089.2495212594 83.41
13279.637039627 82.77
13472.7938082171 82.14
13668.7601067018 81.52
13867.5768006344 80.99
14069.2853499715 80.85
14273.9278177184 81.10
14481.5468787012 81.57
14692.1858284653 81.93
14905.8885923047 81.84
15122.6997344212 81.27
15342.6644672179 80.37
15565.8286607277 79.20
15792.2388521781 77.73
16021.9422556964 76.14
16254.9867721551 74.95
16491.4209991611 74.29
16731.2942411897 74.04
16974.656519866 73.97
17221.5585843969 73.89
17472.0519221531 73.71
17726.1887694067 73.45
17984.0221222235 73.19
18245.605747515 72.95
18510.9941942506 72.66
18780.2428048326 72.26
19053.4077266369 71.71
19330.545923722 70.95
19611.7151887077 69.95
19896.9741548268 68.96
20186.382308152 68.65
