20 83.98
20.2909066988 83.97
20.5860447329 83.97
20.8854756485 83.98
21.1892618872 84.00
21.4974667984 84.05
21.8101546533 84.11
22.1273906578 84.17
22.4492409662 84.25
22.7757726951 84.32
23.1070539374 84.40
23.4431537764 84.49
23.7841423001 84.58
24.130090616 84.66
24.4810708661 84.73
24.8371562415 84.78
25.1984209979 84.82
25.5649404712 84.85
25.936791093 84.87
26.3140504067 84.88
26.6967970834 84.88
27.0851109387 84.86
27.4790729492 84.84
27.878765269 84.82
28.2842712475 84.79
28.6956754462 84.77
29.1130636568 84.76
29.5365229188 84.76
29.9661415375 84.77
30.402009103 84.79
30.8442165082 84.82
31.2928559682 84.86
31.7480210394 84.91
32.209806639 84.96
32.6783090648 85.00
33.1536260154 85.04
33.6358566101 85.07
34.1251014105 85.10
34.6214624402 85.12
35.1250432075 85.13
35.6359487256 85.13
36.1542855356 85.13
36.6801617282 85.12
37.2136869661 85.12
37.7549725073 85.12
38.3041312279 85.12
38.8612776461 85.13
39.4265279456 85.14
40 85.16
40.5818133975 85.18
41.1720894657 85.20
41.7709512971 85.22
42.3785237744 85.23
42.9949335968 85.25
43.6203093066 85.26
44.2547813156 85.26
44.8984819324 85.26
45.5515453903 85.27
46.2141078749 85.28
46.8863075528 85.29
47.5682846001 85.29
48.260181232 85.30
48.9621417322 85.30
49.6743124829 85.30
50.3968419958 85.31
51.1298809424 85.31
51.873582186 85.31
52.6281008133 85.31
53.3935941668 85.32
54.1702218775 85.33
54.9581458983 85.34
55.757530538 85.34
56.5685424949 85.35
57.3913508924 85.35
58.2261273137 85.35
59.0730458376 85.34
59.9322830751 85.34
60.804018206 85.34
61.6884330163 85.33
62.5857119363 85.33
63.4960420787 85.34
64.419613278 85.34
65.3566181296 85.34
66.3072520307 85.34
67.2717132203 85.34
68.2502028209 85.34
69.2429248805 85.33
70.2500864149 85.33
71.2718974512 85.33
72.3085710713 85.32
73.3603234564 85.32
74.4273739322 85.32
75.5099450145 85.31
76.6082624559 85.31
77.7225552923 85.31
78.8530558912 85.30
80 85.29
81.163626795 85.29
82.3441789315 85.28
83.5419025942 85.27
84.7570475487 85.26
85.9898671937 85.26
87.2406186132 85.25
88.5095626311 85.24
89.7969638648 85.23
91.1030907805 85.22
92.4282157498 85.21
93.7726151055 85.20
95.1365692002 85.19
96.520362464 85.18
97.9242834644 85.17
99.3486249659 85.16
100.7936839916 85.15
102.2597618848 85.13
103.7471643721 85.12
105.2562016267 85.11
106.7871883336 85.10
108.340443755 85.08
109.9162917966 85.07
111.5150610759 85.05
113.1370849898 85.04
114.7827017849 85.02
116.4522546274 85.00
118.1460916752 84.99
119.8645661501 84.97
121.6080364119 84.95
123.3768660326 84.94
125.1714238726 84.92
126.9920841575 84.90
128.8392265559 84.88
130.7132362593 84.86
132.6145040614 84.84
134.5434264406 84.82
136.5004056418 84.80
138.485849761 84.78
140.5001728299 84.76
142.5437949025 84.74
144.6171421426 84.72
146.7206469127 84.69
148.8547478643 84.67
151.0198900291 84.65
153.2165249118 84.63
155.4451105846 84.61
157.7061117824 84.58
160 84.56
162.32725359 84.55
164.688357863 84.54
167.0838051884 84.53
169.5140950975 84.52
171.9797343873 84.48
174.4812372264 84.42
177.0191252622 84.32
179.5939277295 84.22
182.2061815611 84.13
184.8564314996 84.06
187.5452302111 84.02
190.2731384004 84.01
193.0407249281 84.02
195.8485669287 84.03
198.6972499318 84.04
201.5873679832 84.03
204.5195237697 84.02
207.4943287442 83.99
210.5124032534 83.97
213.5743766672 83.94
216.6808875099 83.91
219.8325835933 83.87
223.0301221518 83.84
226.2741699797 83.80
229.5654035698 83.76
232.9045092548 83.72
236.2921833503 83.68
239.7291323003 83.64
243.2160728239 83.60
246.7537320653 83.56
250.3428477452 83.52
253.9841683149 83.48
257.6784531119 83.44
261.4264725186 83.39
265.2290081229 83.35
269.0868528812 83.31
273.0008112836 83.27
276.971699522 83.23
281.0003456597 83.18
285.0875898049 83.14
289.2342842852 83.10
293.4412938255 83.05
297.7094957287 83.01
302.0397800581 82.96
306.4330498235 82.92
310.8902211692 82.87
315.4122235649 82.83
320 82.78
324.65450718 82.73
329.3767157259 82.69
334.1676103768 82.64
339.028190195 82.59
343.9594687746 82.54
348.9624744529 82.49
354.0382505244 82.44
359.187855459 82.39
364.4123631221 82.34
369.7128629991 82.30
375.0904604222 82.24
380.5462768009 82.19
386.0814498562 82.13
391.6971338575 82.08
397.3944998635 82.03
403.1747359664 81.97
409.0390475393 81.90
414.9886574883 81.84
421.0248065068 81.77
427.1487533344 81.70
433.3617750198 81.63
439.6651671866 81.55
446.0602443037 81.47
452.5483399594 81.38
459.1308071395 81.29
465.8090185095 81.20
472.5843667007 81.10
479.4582646005 80.99
486.4321456477 80.89
493.5074641306 80.79
500.6856954905 80.71
507.9683366298 80.63
515.3569062238 80.56
522.8529450372 80.51
530.4580162458 80.48
538.1737057624 80.47
546.0016225673 80.47
553.9433990439 80.48
562.0006913195 80.50
570.1751796098 80.52
578.4685685703 80.55
586.882587651 80.58
595.4189914574 80.61
604.0795601163 80.64
612.8660996471 80.67
621.7804423383 80.71
630.8244471297 80.74
640 80.78
649.30901436 80.81
658.7534314519 80.85
668.3352207536 80.89
678.05638039 80.93
687.9189375493 80.98
697.9249489058 81.03
708.0765010489 81.08
718.375710918 81.13
728.8247262443 81.20
739.4257259983 81.26
750.1809208443 81.33
761.0925536018 81.40
772.1628997124 81.49
783.394267715 81.58
794.7889997271 81.67
806.3494719327 81.78
818.0780950787 81.89
829.9773149767 82.00
842.0496130136 82.13
854.2975066688 82.26
866.7235500396 82.40
879.3303343732 82.55
892.1204886074 82.72
905.0966799188 82.89
918.2616142791 83.06
931.618037019 83.24
945.1687334013 83.42
958.9165292011 83.62
972.8642912955 83.82
987.0149282611 84.03
1001.371390981 84.24
1015.9366732597 84.46
1030.7138124476 84.67
1045.7058900743 84.88
1060.9160324916 85.08
1076.3474115248 85.28
1092.0032451345 85.47
1107.8867980879 85.65
1124.0013826389 85.82
1140.3503592197 85.98
1156.9371371406 86.12
1173.765175302 86.25
1190.8379829148 86.36
1208.1591202326 86.45
1225.7321992942 86.53
1243.5608846767 86.59
1261.6488942595 86.64
1280 86.67
1298.6180287201 86.68
1317.5068629037 86.69
1336.6704415071 86.68
1356.1127607799 86.66
1375.8378750985 86.62
1395.8498978116 86.58
1416.1530020977 86.54
1436.751421836 86.48
1457.6494524886 86.42
1478.8514519966 86.36
1500.3618416887 86.30
1522.1851072035 86.23
1544.3257994247 86.16
1566.78853543 86.09
1589.5779994541 86.03
1612.6989438655 85.96
1636.1561901574 85.90
1659.9546299533 85.85
1684.0992260271 85.80
1708.5950133377 85.75
1733.4471000793 85.71
1758.6606687464 85.68
1784.2409772148 85.65
1810.1933598376 85.63
1836.5232285581 85.62
1863.2360740381 85.62
1890.3374668026 85.62
1917.8330584022 85.63
1945.7285825909 85.66
1974.0298565222 85.69
2002.742781962 85.73
2031.8733465194 85.78
2061.4276248951 85.84
2091.4117801487 85.91
2121.8320649832 85.98
2152.6948230496 86.06
2184.0064902691 86.16
2215.7735961758 86.25
2248.0027652779 86.36
2280.7007184393 86.47
2313.8742742813 86.59
2347.530350604 86.72
2381.6759658296 86.84
2416.3182404652 86.97
2451.4643985884 87.10
2487.1217693533 87.24
2523.297788519 87.36
2560.0000000001 87.48
2597.2360574402 87.60
2635.0137258074 87.71
2673.3408830143 87.80
2712.2255215599 87.88
2751.6757501971 87.95
2791.6997956232 88.00
2832.3060041955 88.03
2873.5028436721 88.05
2915.2989049772 88.04
2957.7029039931 88.02
3000.7236833774 87.98
3044.3702144071 87.93
3088.6515988494 87.86
3133.57707086 87.79
3179.1559989082 87.70
3225.397887731 87.60
3272.3123803148 87.49
3319.9092599067 87.37
3368.1984520542 87.24
3417.1900266754 87.11
3466.8942001586 86.97
3517.3213374928 86.85
3568.4819544296 86.74
3620.3867196753 86.66
3673.0464571163 86.60
3726.4721480761 86.56
3780.6749336053 86.54
3835.6661168044 86.54
3891.4571651819 86.54
3948.0597130445 86.56
4005.4855639241 86.59
4063.7466930387 86.62
4122.8552497902 86.67
4182.8235602974 86.74
4243.6641299665 86.85
4305.3896460992 87.00
4368.0129805382 87.19
4431.5471923516 87.41
4496.0055305558 87.63
4561.4014368787 87.85
4627.7485485626 88.05
4695.0607012081 88.22
4763.3519316592 88.36
4832.6364809305 88.44
4902.9287971769 88.47
4974.2435387067 88.44
5046.595577038 88.37
5120.0000000002 88.25
5194.4721148803 88.11
5270.0274516149 87.96
5346.6817660286 87.81
5424.4510431198 87.66
5503.3515003942 87.51
5583.3995912463 87.36
5664.6120083911 87.19
5747.0056873442 87.00
5830.5978099545 86.81
5915.4058079863 86.62
6001.4473667548 86.46
6088.7404288142 86.33
6177.3031976989 86.17
6267.1541417201 85.94
6358.3119978165 85.66
6450.795775462 85.38
6544.6247606297 85.14
6639.8185198134 84.95
6736.3969041085 84.79
6834.3800533509 84.67
6933.7884003172 84.58
7034.6426749857 84.49
7136.9639088592 84.40
7240.7734393506 84.30
7346.0929142326 84.15
7452.9442961523 83.95
7561.3498672106 83.74
7671.3322336089 83.54
7782.9143303638 83.33
7896.119426089 83.09
8010.9711278481 82.81
8127.4933860775 82.46
8245.7104995805 82.03
8365.6471205948 81.51
8487.328259933 80.95
8610.7792921984 80.42
8736.0259610765 79.94
8863.0943847033 79.55
8992.0110611117 79.23
9122.8028737575 79.00
9255.4970971253 78.85
9390.1214024162 78.80
9526.7038633184 78.85
9665.272961861 78.99
9805.8575943538 79.21
9948.4870774134 79.50
10093.191154076 79.82
10240.0000000005 80.11
10388.9442297607 80.30
10540.0549032298 80.33
10693.3635320572 80.17
10848.9020862397 79.83
11006.7030007884 79.34
11166.7991824927 78.76
11329.2240167822 78.10
11494.0113746885 77.39
11661.1956199091 76.60
11830.8116159726 75.70
12002.8947335097 74.71
12177.4808576284 73.69
12354.6063953979 72.72
12534.3082834402 71.91
12716.6239956331 71.30
12901.5915509241 70.84
13089.2495212594 70.35
13279.637039627 69.56
13472.7938082171 68.47
13668.7601067018 67.28
13867.5768006344 65.81
14069.2853499715 63.91
14273.9278177184 62.79
14481.5468787012 62.69
14692.1858284653 61.94
14905.8885923047 60.34
15122.6997344212 59.54
15342.6644672179 60.31
15565.8286607277 60.88
15792.2388521781 61.32
16021.9422556964 62.06
16254.9867721551 62.61
16491.4209991611 62.62
16731.2942411897 62.51
16974.656519866 62.64
17221.5585843969 63.00
17472.0519221531 63.46
17726.1887694067 63.95
17984.0221222235 64.41
18245.605747515 64.81
18510.9941942506 65.07
18780.2428048326 65.03
19053.4077266369 64.71
19330.545923722 64.36
19611.7151887077 63.89
19896.9741548268 63.29
20186.382308152 63.13
