20 90.28
20.2909066988 90.28
20.5860447329 90.28
20.8854756485 90.27
21.1892618872 90.26
21.4974667984 90.23
21.8101546533 90.20
22.1273906578 90.16
22.4492409662 90.12
22.7757726951 90.08
23.1070539374 90.04
23.4431537764 90.00
23.7841423001 89.96
24.130090616 89.92
24.4810708661 89.89
24.8371562415 89.86
25.1984209979 89.84
25.5649404712 89.83
25.936791093 89.81
26.3140504067 89.80
26.6967970834 89.79
27.0851109387 89.79
27.4790729492 89.78
27.878765269 89.78
28.2842712475 89.76
28.6956754462 89.75
29.1130636568 89.72
29.5365229188 89.70
29.9661415375 89.67
30.402009103 89.64
30.8442165082 89.60
31.2928559682 89.56
31.7480210394 89.51
32.209806639 89.46
32.6783090648 89.42
33.1536260154 89.38
33.6358566101 89.34
34.1251014105 89.30
34.6214624402 89.27
35.1250432075 89.25
35.6359487256 89.23
36.1542855356 89.20
36.6801617282 89.16
37.2136869661 89.12
37.7549725073 89.09
38.3041312279 89.06
38.8612776461 89.02
39.4265279456 88.97
40 88.92
40.5818133975 88.87
41.1720894657 88.83
41.7709512971 88.78
42.3785237744 88.74
42.9949335968 88.69
43.6203093066 88.65
44.2547813156 88.61
44.8984819324 88.57
45.5515453903 88.53
46.2141078749 88.48
46.8863075528 88.44
47.5682846001 88.39
48.260181232 88.35
48.9621417322 88.29
49.6743124829 88.24
50.3968419958 88.19
51.1298809424 88.15
51.873582186 88.10
52.6281008133 88.05
53.3935941668 88.01
54.1702218775 87.96
54.9581458983 87.91
55.757530538 87.86
56.5685424949 87.81
57.3913508924 87.75
58.2261273137 87.70
59.0730458376 87.65
59.9322830751 87.60
60.804018206 87.55
61.6884330163 87.50
62.5857119363 87.44
63.4960420787 87.39
64.419613278 87.34
65.3566181296 87.28
66.3072520307 87.23
67.2717132203 87.18
68.2502028209 87.13
69.2429248805 87.08
70.2500864149 87.03
71.2718974512 86.98
72.3085710713 86.92
73.3603234564 86.87
74.4273739322 86.82
75.5099450145 86.77
76.6082624559 86.72
77.7225552923 86.67
78.8530558912 86.62
80 86.57
81.163626795 86.52
82.3441789315 86.46
83.5419025942 86.41
84.7570475487 86.36
85.9898671937 86.30
87.2406186132 86.25
88.5095626311 86.20
89.7969638648 86.15
91.1030907805 86.10
92.4282157498 86.05
93.7726151055 86.00
95.1365692002 85.95
96.520362464 85.89
97.9242834644 85.84
99.3486249659 85.79
100.7936839916 85.74
102.2597618848 85.69
103.7471643721 85.65
105.2562016267 85.60
106.7871883336 85.56
108.340443755 85.52
109.9162917966 85.47
111.5150610759 85.41
113.1370849898 85.35
114.7827017849 85.30
116.4522546274 85.25
118.1460916752 85.21
119.8645661501 85.16
121.6080364119 85.12
123.3768660326 85.07
125.1714238726 85.03
126.9920841575 84.99
128.8392265559 84.94
130.7132362593 84.90
132.6145040614 84.86
134.5434264406 84.82
136.5004056418 84.78
138.485849761 84.74
140.5001728299 84.69
142.5437949025 84.66
144.6171421426 84.62
146.7206469127 84.58
148.8547478643 84.54
151.0198900291 84.51
153.2165249118 84.48
155.4451105846 84.44
157.7061117824 84.41
160 84.39
162.32725359 84.37
164.688357863 84.37
167.0838051884 84.38
169.5140950975 84.37
171.9797343873 84.33
174.4812372264 84.22
177.0191252622 84.07
179.5939277295 83.89
182.2061815611 83.73
184.8564314996 83.62
187.5452302111 83.58
190.2731384004 83.61
193.0407249281 83.66
195.8485669287 83.72
198.6972499318 83.77
201.5873679832 83.79
204.5195237697 83.80
207.4943287442 83.79
210.5124032534 83.78
213.5743766672 83.76
216.6808875099 83.73
219.8325835933 83.71
223.0301221518 83.69
226.2741699797 83.66
229.5654035698 83.63
232.9045092548 83.60
236.2921833503 83.57
239.7291323003 83.53
243.2160728239 83.50
246.7537320653 83.48
250.3428477452 83.45
253.9841683149 83.43
257.6784531119 83.40
261.4264725186 83.38
265.2290081229 83.35
269.0868528812 83.33
273.0008112836 83.30
276.971699522 83.28
281.0003456597 83.26
285.0875898049 83.24
289.2342842852 83.22
293.4412938255 83.20
297.7094957287 83.18
302.0397800581 83.16
306.4330498235 83.14
310.8902211692 83.12
315.4122235649 83.11
320 83.09
324.65450718 83.07
329.3767157259 83.06
334.1676103768 83.04
339.028190195 83.03
343.9594687746 83.01
348.9624744529 83.00
354.0382505244 82.98
359.187855459 82.97
364.4123631221 82.96
369.7128629991 82.95
375.0904604222 82.94
380.5462768009 82.92
386.0814498562 82.91
391.6971338575 82.90
397.3944998635 82.89
403.1747359664 82.88
409.0390475393 82.87
414.9886574883 82.86
421.0248065068 82.85
427.1487533344 82.84
433.3617750198 82.83
439.6651671866 82.82
446.0602443037 82.81
452.5483399594 82.80
459.1308071395 82.79
465.8090185095 82.78
472.5843667007 82.78
479.4582646005 82.77
486.4321456477 82.76
493.5074641306 82.75
500.6856954905 82.75
507.9683366298 82.74
515.3569062238 82.74
522.8529450372 82.73
530.4580162458 82.73
538.1737057624 82.72
546.0016225673 82.72
553.9433990439 82.71
562.0006913195 82.71
570.1751796098 82.70
578.4685685703 82.70
586.882587651 82.70
595.4189914574 82.69
604.0795601163 82.69
612.8660996471 82.69
621.7804423383 82.69
630.8244471297 82.69
640 82.69
649.30901436 82.69
658.7534314519 82.69
668.3352207536 82.70
678.05638039 82.70
687.9189375493 82.71
697.9249489058 82.72
708.0765010489 82.73
718.375710918 82.74
728.8247262443 82.74
739.4257259983 82.74
750.1809208443 82.72
761.0925536018 82.70
772.1628997124 82.70
783.394267715 82.72
794.7889997271 82.75
806.3494719327 82.78
818.0780950787 82.82
829.9773149767 82.85
842.0496130136 82.89
854.2975066688 82.93
866.7235500396 82.96
879.3303343732 83.01
892.1204886074 83.08
905.0966799188 83.14
918.2616142791 83.19
931.618037019 83.24
945.1687334013 83.30
958.9165292011 83.37
972.8642912955 83.45
987.0149282611 83.53
1001.371390981 83.62
1015.9366732597 83.71
1030.7138124476 83.80
1045.7058900743 83.90
1060.9160324916 84.01
1076.3474115248 84.11
1092.0032451345 84.22
1107.8867980879 84.34
1124.0013826389 84.45
1140.3503592197 84.56
1156.9371371406 84.68
1173.765175302 84.80
1190.8379829148 84.91
1208.1591202326 85.02
1225.7321992942 85.13
1243.5608846767 85.24
1261.6488942595 85.34
1280 85.44
1298.6180287201 85.55
1317.5068629037 85.64
1336.6704415071 85.74
1356.1127607799 85.83
1375.8378750985 85.91
1395.8498978116 86.00
1416.1530020977 86.08
1436.751421836 86.15
1457.6494524886 86.22
1478.8514519966 86.29
1500.3618416887 86.36
1522.1851072035 86.42
1544.3257994247 86.48
1566.78853543 86.53
1589.5779994541 86.58
1612.6989438655 86.63
1636.1561901574 86.68
1659.9546299533 86.73
1684.0992260271 86.78
1708.5950133377 86.82
1733.4471000793 86.87
1758.6606687464 86.91
1784.2409772148 86.96
1810.1933598376 87.00
1836.5232285581 87.05
1863.2360740381 87.10
1890.3374668026 87.15
1917.8330584022 87.20
1945.7285825909 87.25
1974.0298565222 87.31
2002.742781962 87.37
2031.8733465194 87.43
2061.4276248951 87.49
2091.4117801487 87.54
2121.8320649832 87.60
2152.6948230496 87.66
2184.0064902691 87.73
2215.7735961758 87.79
2248.0027652779 87.86
2280.7007184393 87.93
2313.8742742813 88.00
2347.530350604 88.07
2381.6759658296 88.14
2416.3182404652 88.22
2451.4643985884 88.29
2487.1217693533 88.37
2523.297788519 88.45
2560.0000000001 88.53
2597.2360574402 88.61
2635.0137258074 88.69
2673.3408830143 88.78
2712.2255215599 88.86
2751.6757501971 88.95
2791.6997956232 89.05
2832.3060041955 89.14
2873.5028436721 89.24
2915.2989049772 89.34
2957.7029039931 89.44
3000.7236833774 89.55
3044.3702144071 89.66
3088.6515988494 89.77
3133.57707086 89.89
3179.1559989082 90.01
3225.397887731 90.12
3272.3123803148 90.23
3319.9092599067 90.33
3368.1984520542 90.42
3417.1900266754 90.49
3466.8942001586 90.56
3517.3213374928 90.63
3568.4819544296 90.73
3620.3867196753 90.85
3673.0464571163 90.99
3726.4721480761 91.09
3780.6749336053 91.09
3835.6661168044 91.06
3891.4571651819 91.19
3948.0597130445 91.41
4005.4855639241 91.56
4063.7466930387 91.63
4122.8552497902 91.65
4182.8235602974 91.67
4243.6641299665 91.70
4305.3896460992 91.76
4368.0129805382 91.85
4431.5471923516 91.95
4496.0055305558 92.04
4561.4014368787 92.11
4627.7485485626 92.15
4695.0607012081 92.15
4763.3519316592 92.12
4832.6364809305 92.06
4902.9287971769 91.96
4974.2435387067 91.84
5046.595577038 91.68
5120.0000000002 91.49
5194.4721148803 91.28
5270.0274516149 91.05
5346.6817660286 90.81
5424.4510431198 90.56
5503.3515003942 90.32
5583.3995912463 90.09
5664.6120083911 89.86
5747.0056873442 89.65
5830.5978099545 89.45
5915.4058079863 89.25
6001.4473667548 89.07
6088.7404288142 88.90
6177.3031976989 88.76
6267.1541417201 88.64
6358.3119978165 88.55
6450.795775462 88.48
6544.6247606297 88.45
6639.8185198134 88.45
6736.3969041085 88.48
6834.3800533509 88.53
6933.7884003172 88.61
7034.6426749857 88.73
7136.9639088592 88.88
7240.7734393506 89.08
7346.0929142326 89.33
7452.9442961523 89.65
7561.3498672106 90.08
7671.3322336089 90.57
7782.9143303638 91.05
7896.119426089 91.46
8010.9711278481 91.70
8127.4933860775 91.70
8245.7104995805 91.52
8365.6471205948 91.20
8487.328259933 90.77
8610.7792921984 90.29
8736.0259610765 89.78
8863.0943847033 89.27
8992.0110611117 88.77
9122.8028737575 88.28
9255.4970971253 87.84
9390.1214024162 87.45
9526.7038633184 87.13
9665.272961861 86.90
9805.8575943538 86.79
9948.4870774134 86.83
10093.191154076 86.99
10240.0000000005 87.25
10388.9442297607 87.61
10540.0549032298 88.00
10693.3635320572 88.33
10848.9020862397 88.52
11006.7030007884 88.47
11166.7991824927 88.10
11329.2240167822 87.35
11494.0113746885 86.26
11661.1956199091 84.88
11830.8116159726 83.28
12002.8947335097 81.89
12177.4808576284 82.20
12354.6063953979 83.67
12534.3082834402 84.16
12716.6239956331 83.81
12901.5915509241 83.31
13089.2495212594 82.82
13279.637039627 82.12
13472.7938082171 80.94
13668.7601067018 79.15
13867.5768006344 76.61
14069.2853499715 73.63
14273.9278177184 70.62
14481.5468787012 67.39
14692.1858284653 63.66
14905.8885923047 60.02
15122.6997344212 59.70
15342.6644672179 62.17
15565.8286607277 64.13
15792.2388521781 65.04
16021.9422556964 65.57
16254.9867721551 66.18
16491.4209991611 66.86
16731.2942411897 67.57
16974.656519866 68.08
17221.5585843969 68.29
17472.0519221531 68.21
17726.1887694067 67.76
17984.0221222235 66.89
18245.605747515 65.61
18510.9941942506 63.98
18780.2428048326 62.16
19053.4077266369 60.42
19330.545923722 58.66
19611.7151887077 56.53
19896.9741548268 53.97
20186.382308152 53.14
