20 93.22
20.2909066988 93.24
20.5860447329 93.26
20.8854756485 93.29
21.1892618872 93.31
21.4974667984 93.33
21.8101546533 93.35
22.1273906578 93.37
22.4492409662 93.39
22.7757726951 93.41
23.1070539374 93.43
23.4431537764 93.45
23.7841423001 93.47
24.130090616 93.48
24.4810708661 93.48
24.8371562415 93.49
25.1984209979 93.50
25.5649404712 93.51
25.936791093 93.53
26.3140504067 93.53
26.6967970834 93.53
27.0851109387 93.53
27.4790729492 93.52
27.878765269 93.52
28.2842712475 93.53
28.6956754462 93.53
29.1130636568 93.52
29.5365229188 93.50
29.9661415375 93.48
30.402009103 93.47
30.8442165082 93.47
31.2928559682 93.47
31.7480210394 93.47
32.209806639 93.47
32.6783090648 93.46
33.1536260154 93.46
33.6358566101 93.45
34.1251014105 93.43
34.6214624402 93.41
35.1250432075 93.38
35.6359487256 93.36
36.1542855356 93.34
36.6801617282 93.32
37.2136869661 93.30
37.7549725073 93.28
38.3041312279 93.25
38.8612776461 93.22
39.4265279456 93.19
40 93.17
40.5818133975 93.16
41.1720894657 93.14
41.7709512971 93.11
42.3785237744 93.08
42.9949335968 93.05
43.6203093066 93.03
44.2547813156 93.00
44.8984819324 92.97
45.5515453903 92.94
46.2141078749 92.90
46.8863075528 92.87
47.5682846001 92.83
48.260181232 92.80
48.9621417322 92.76
49.6743124829 92.72
50.3968419958 92.68
51.1298809424 92.64
51.873582186 92.59
52.6281008133 92.55
53.3935941668 92.51
54.1702218775 92.47
54.9581458983 92.43
55.757530538 92.39
56.5685424949 92.35
57.3913508924 92.31
58.2261273137 92.28
59.0730458376 92.23
59.9322830751 92.17
60.804018206 92.11
61.6884330163 92.06
62.5857119363 92.01
63.4960420787 91.96
64.419613278 91.91
65.3566181296 91.86
66.3072520307 91.81
67.2717132203 91.76
68.2502028209 91.71
69.2429248805 91.64
70.2500864149 91.59
71.2718974512 91.54
72.3085710713 91.48
73.3603234564 91.42
74.4273739322 91.36
75.5099450145 91.30
76.6082624559 91.24
77.7225552923 91.19
78.8530558912 91.13
80 91.08
81.163626795 91.02
82.3441789315 90.96
83.5419025942 90.90
84.7570475487 90.84
85.9898671937 90.78
87.2406186132 90.71
88.5095626311 90.64
89.7969638648 90.58
91.1030907805 90.53
92.4282157498 90.47
93.7726151055 90.40
95.1365692002 90.33
96.520362464 90.25
97.9242834644 90.18
99.3486249659 90.12
100.7936839916 90.06
102.2597618848 90.00
103.7471643721 89.93
105.2562016267 89.86
106.7871883336 89.79
108.340443755 89.72
109.9162917966 89.66
111.5150610759 89.59
113.1370849898 89.52
114.7827017849 89.45
116.4522546274 89.37
118.1460916752 89.30
119.8645661501 89.24
121.6080364119 89.18
123.3768660326 89.10
125.1714238726 89.03
126.9920841575 88.96
128.8392265559 88.90
130.7132362593 88.84
132.6145040614 88.78
134.5434264406 88.72
136.5004056418 88.66
138.485849761 88.60
140.5001728299 88.54
142.5437949025 88.47
144.6171421426 88.41
146.7206469127 88.35
148.8547478643 88.29
151.0198900291 88.22
153.2165249118 88.16
155.4451105846 88.10
157.7061117824 88.04
160 87.98
162.32725359 87.92
164.688357863 87.86
167.0838051884 87.80
169.5140950975 87.73
171.9797343873 87.64
174.4812372264 87.52
177.0191252622 87.39
179.5939277295 87.24
182.2061815611 87.10
184.8564314996 86.98
187.5452302111 86.89
190.2731384004 86.84
193.0407249281 86.81
195.8485669287 86.77
198.6972499318 86.74
201.5873679832 86.69
204.5195237697 86.65
207.4943287442 86.60
210.5124032534 86.56
213.5743766672 86.51
216.6808875099 86.45
219.8325835933 86.39
223.0301221518 86.33
226.2741699797 86.27
229.5654035698 86.21
232.9045092548 86.14
236.2921833503 86.09
239.7291323003 86.03
243.2160728239 85.98
246.7537320653 85.92
250.3428477452 85.85
253.9841683149 85.80
257.6784531119 85.74
261.4264725186 85.69
265.2290081229 85.63
269.0868528812 85.57
273.0008112836 85.51
276.971699522 85.46
281.0003456597 85.40
285.0875898049 85.34
289.2342842852 85.29
293.4412938255 85.24
297.7094957287 85.19
302.0397800581 85.14
306.4330498235 85.08
310.8902211692 85.03
315.4122235649 84.99
320 84.94
324.65450718 84.89
329.3767157259 84.84
334.1676103768 84.80
339.028190195 84.75
343.9594687746 84.70
348.9624744529 84.66
354.0382505244 84.62
359.187855459 84.58
364.4123631221 84.54
369.7128629991 84.50
375.0904604222 84.46
380.5462768009 84.43
386.0814498562 84.38
391.6971338575 84.34
397.3944998635 84.31
403.1747359664 84.27
409.0390475393 84.23
414.9886574883 84.20
421.0248065068 84.16
427.1487533344 84.13
433.3617750198 84.10
439.6651671866 84.07
446.0602443037 84.03
452.5483399594 84.00
459.1308071395 83.98
465.8090185095 83.95
472.5843667007 83.92
479.4582646005 83.89
486.4321456477 83.87
493.5074641306 83.84
500.6856954905 83.82
507.9683366298 83.79
515.3569062238 83.77
522.8529450372 83.75
530.4580162458 83.73
538.1737057624 83.71
546.0016225673 83.69
553.9433990439 83.67
562.0006913195 83.65
570.1751796098 83.64
578.4685685703 83.63
586.882587651 83.61
595.4189914574 83.59
604.0795601163 83.57
612.8660996471 83.56
621.7804423383 83.56
630.8244471297 83.55
640 83.54
649.30901436 83.54
658.7534314519 83.53
668.3352207536 83.52
678.05638039 83.53
687.9189375493 83.53
697.9249489058 83.53
708.0765010489 83.53
718.375710918 83.54
728.8247262443 83.55
739.4257259983 83.56
750.1809208443 83.57
761.0925536018 83.59
772.1628997124 83.61
783.394267715 83.63
794.7889997271 83.66
806.3494719327 83.68
818.0780950787 83.72
829.9773149767 83.76
842.0496130136 83.80
854.2975066688 83.84
866.7235500396 83.89
879.3303343732 83.95
892.1204886074 84.02
905.0966799188 84.09
918.2616142791 84.16
931.618037019 84.24
945.1687334013 84.32
958.9165292011 84.41
972.8642912955 84.51
987.0149282611 84.62
1001.371390981 84.73
1015.9366732597 84.85
1030.7138124476 84.99
1045.7058900743 85.12
1060.9160324916 85.25
1076.3474115248 85.39
1092.0032451345 85.53
1107.8867980879 85.68
1124.0013826389 85.82
1140.3503592197 85.97
1156.9371371406 86.13
1173.765175302 86.29
1190.8379829148 86.44
1208.1591202326 86.59
1225.7321992942 86.74
1243.5608846767 86.89
1261.6488942595 87.04
1280 87.17
1298.6180287201 87.31
1317.5068629037 87.45
1336.6704415071 87.58
1356.1127607799 87.71
1375.8378750985 87.84
1395.8498978116 87.97
1416.1530020977 88.10
1436.751421836 88.23
1457.6494524886 88.35
1478.8514519966 88.48
1500.3618416887 88.60
1522.1851072035 88.72
1544.3257994247 88.85
1566.78853543 88.97
1589.5779994541 89.09
1612.6989438655 89.21
1636.1561901574 89.33
1659.9546299533 89.45
1684.0992260271 89.57
1708.5950133377 89.69
1733.4471000793 89.82
1758.6606687464 89.94
1784.2409772148 90.07
1810.1933598376 90.21
1836.5232285581 90.34
1863.2360740381 90.49
1890.3374668026 90.63
1917.8330584022 90.78
1945.7285825909 90.93
1974.0298565222 91.08
2002.742781962 91.24
2031.8733465194 91.41
2061.4276248951 91.57
2091.4117801487 91.74
2121.8320649832 91.91
2152.6948230496 92.08
2184.0064902691 92.26
2215.7735961758 92.43
2248.0027652779 92.60
2280.7007184393 92.78
2313.8742742813 92.95
2347.530350604 93.12
2381.6759658296 93.29
2416.3182404652 93.45
2451.4643985884 93.61
2487.1217693533 93.77
2523.297788519 93.92
2560.0000000001 94.07
2597.2360574402 94.21
2635.0137258074 94.35
2673.3408830143 94.47
2712.2255215599 94.58
2751.6757501971 94.69
2791.6997956232 94.78
2832.3060041955 94.87
2873.5028436721 94.94
2915.2989049772 95.01
2957.7029039931 95.07
3000.7236833774 95.12
3044.3702144071 95.16
3088.6515988494 95.19
3133.57707086 95.22
3179.1559989082 95.23
3225.397887731 95.24
3272.3123803148 95.24
3319.9092599067 95.23
3368.1984520542 95.21
3417.1900266754 95.19
3466.8942001586 95.16
3517.3213374928 95.14
3568.4819544296 95.13
3620.3867196753 95.13
3673.0464571163 95.16
3726.4721480761 95.19
3780.6749336053 95.23
3835.6661168044 95.27
3891.4571651819 95.31
3948.0597130445 95.35
4005.4855639241 95.38
4063.7466930387 95.39
4122.8552497902 95.40
4182.8235602974 95.41
4243.6641299665 95.44
4305.3896460992 95.49
4368.0129805382 95.56
4431.5471923516 95.63
4496.0055305558 95.70
4561.4014368787 95.75
4627.7485485626 95.78
4695.0607012081 95.77
4763.3519316592 95.73
4832.6364809305 95.67
4902.9287971769 95.56
4974.2435387067 95.41
5046.595577038 95.22
5120.0000000002 94.98
5194.4721148803 94.70
5270.0274516149 94.39
5346.6817660286 94.06
5424.4510431198 93.72
5503.3515003942 93.37
5583.3995912463 93.01
5664.6120083911 92.65
5747.0056873442 92.28
5830.5978099545 91.92
5915.4058079863 91.56
6001.4473667548 91.22
6088.7404288142 90.90
6177.3031976989 90.60
6267.1541417201 90.34
6358.3119978165 90.13
6450.795775462 89.96
6544.6247606297 89.84
6639.8185198134 89.76
6736.3969041085 89.72
6834.3800533509 89.72
6933.7884003172 89.77
7034.6426749857 89.86
7136.9639088592 90.01
7240.7734393506 90.23
7346.0929142326 90.52
7452.9442961523 90.88
7561.3498672106 91.33
7671.3322336089 91.85
7782.9143303638 92.39
7896.119426089 92.90
8010.9711278481 93.32
8127.4933860775 93.55
8245.7104995805 93.62
8365.6471205948 93.50
8487.328259933 93.21
8610.7792921984 92.75
8736.0259610765 92.14
8863.0943847033 91.43
8992.0110611117 90.64
9122.8028737575 89.82
9255.4970971253 89.00
9390.1214024162 88.21
9526.7038633184 87.48
9665.272961861 86.81
9805.8575943538 86.21
9948.4870774134 85.70
10093.191154076 85.31
10240.0000000005 85.01
10388.9442297607 84.82
10540.0549032298 84.73
10693.3635320572 84.74
10848.9020862397 84.86
11006.7030007884 85.09
11166.7991824927 85.46
11329.2240167822 85.99
11494.0113746885 86.65
11661.1956199091 87.54
11830.8116159726 88.62
12002.8947335097 89.94
12177.4808576284 91.41
12354.6063953979 92.89
12534.3082834402 94.03
12716.6239956331 94.37
12901.5915509241 93.60
13089.2495212594 92.31
13279.637039627 90.57
13472.7938082171 88.53
13668.7601067018 86.47
13867.5768006344 84.48
14069.2853499715 82.85
14273.9278177184 81.61
14481.5468787012 80.77
14692.1858284653 80.24
14905.8885923047 79.87
15122.6997344212 79.61
15342.6644672179 79.38
15565.8286607277 79.06
15792.2388521781 78.60
16021.9422556964 78.30
16254.9867721551 78.47
16491.4209991611 78.91
16731.2942411897 79.42
16974.656519866 79.84
17221.5585843969 80.12
17472.0519221531 80.26
17726.1887694067 80.23
17984.0221222235 80.04
18245.605747515 79.66
18510.9941942506 79.06
18780.2428048326 78.22
19053.4077266369 77.07
19330.545923722 75.72
19611.7151887077 74.72
19896.9741548268 74.46
20186.382308152 74.47
