20 90.09
20.2909066988 90.15
20.5860447329 90.21
20.8854756485 90.27
21.1892618872 90.32
21.4974667984 90.37
21.8101546533 90.40
22.1273906578 90.43
22.4492409662 90.46
22.7757726951 90.48
23.1070539374 90.50
23.4431537764 90.51
23.7841423001 90.51
24.130090616 90.52
24.4810708661 90.54
24.8371562415 90.56
25.1984209979 90.60
25.5649404712 90.63
25.936791093 90.66
26.3140504067 90.69
26.6967970834 90.71
27.0851109387 90.74
27.4790729492 90.77
27.878765269 90.81
28.2842712475 90.85
28.6956754462 90.88
29.1130636568 90.90
29.5365229188 90.92
29.9661415375 90.94
30.402009103 90.96
30.8442165082 90.98
31.2928559682 90.99
31.7480210394 91.00
32.209806639 91.00
32.6783090648 91.01
33.1536260154 91.02
33.6358566101 91.02
34.1251014105 91.02
34.6214624402 91.02
35.1250432075 91.02
35.6359487256 91.03
36.1542855356 91.04
36.6801617282 91.03
37.2136869661 91.03
37.7549725073 91.02
38.3041312279 91.02
38.8612776461 91.01
39.4265279456 90.99
40 90.98
40.5818133975 90.99
41.1720894657 90.99
41.7709512971 90.98
42.3785237744 90.97
42.9949335968 90.97
43.6203093066 90.97
44.2547813156 90.96
44.8984819324 90.94
45.5515453903 90.93
46.2141078749 90.91
46.8863075528 90.89
47.5682846001 90.86
48.260181232 90.85
48.9621417322 90.83
49.6743124829 90.81
50.3968419958 90.79
51.1298809424 90.76
51.873582186 90.74
52.6281008133 90.73
53.3935941668 90.70
54.1702218775 90.67
54.9581458983 90.64
55.757530538 90.62
56.5685424949 90.60
57.3913508924 90.57
58.2261273137 90.54
59.0730458376 90.50
59.9322830751 90.48
60.804018206 90.45
61.6884330163 90.42
62.5857119363 90.39
63.4960420787 90.36
64.419613278 90.32
65.3566181296 90.29
66.3072520307 90.26
67.2717132203 90.22
68.2502028209 90.19
69.2429248805 90.16
70.2500864149 90.12
71.2718974512 90.08
72.3085710713 90.03
73.3603234564 89.99
74.4273739322 89.95
75.5099450145 89.91
76.6082624559 89.87
77.7225552923 89.83
78.8530558912 89.78
80 89.74
81.163626795 89.70
82.3441789315 89.66
83.5419025942 89.61
84.7570475487 89.57
85.9898671937 89.52
87.2406186132 89.47
88.5095626311 89.42
89.7969638648 89.37
91.1030907805 89.33
92.4282157498 89.28
93.7726151055 89.22
95.1365692002 89.17
96.520362464 89.12
97.9242834644 89.07
99.3486249659 89.02
100.7936839916 88.96
102.2597618848 88.91
103.7471643721 88.85
105.2562016267 88.80
106.7871883336 88.74
108.340443755 88.69
109.9162917966 88.63
111.5150610759 88.57
113.1370849898 88.51
114.7827017849 88.46
116.4522546274 88.40
118.1460916752 88.34
119.8645661501 88.28
121.6080364119 88.23
123.3768660326 88.17
125.1714238726 88.11
126.9920841575 88.06
128.8392265559 88.00
130.7132362593 87.94
132.6145040614 87.88
134.5434264406 87.83
136.5004056418 87.77
138.485849761 87.72
140.5001728299 87.67
142.5437949025 87.61
144.6171421426 87.56
146.7206469127 87.50
148.8547478643 87.45
151.0198900291 87.40
153.2165249118 87.34
155.4451105846 87.29
157.7061117824 87.24
160 87.18
162.32725359 87.12
164.688357863 87.06
167.0838051884 87.00
169.5140950975 86.95
171.9797343873 86.87
174.4812372264 86.76
177.0191252622 86.62
179.5939277295 86.47
182.2061815611 86.34
184.8564314996 86.23
187.5452302111 86.15
190.2731384004 86.10
193.0407249281 86.07
195.8485669287 86.04
198.6972499318 86.00
201.5873679832 85.97
204.5195237697 85.93
207.4943287442 85.88
210.5124032534 85.83
213.5743766672 85.78
216.6808875099 85.72
219.8325835933 85.67
223.0301221518 85.61
226.2741699797 85.56
229.5654035698 85.50
232.9045092548 85.44
236.2921833503 85.38
239.7291323003 85.32
243.2160728239 85.27
246.7537320653 85.21
250.3428477452 85.16
253.9841683149 85.11
257.6784531119 85.05
261.4264725186 85.00
265.2290081229 84.94
269.0868528812 84.88
273.0008112836 84.83
276.971699522 84.77
281.0003456597 84.72
285.0875898049 84.66
289.2342842852 84.61
293.4412938255 84.56
297.7094957287 84.50
302.0397800581 84.45
306.4330498235 84.40
310.8902211692 84.35
315.4122235649 84.30
320 84.25
324.65450718 84.21
329.3767157259 84.16
334.1676103768 84.12
339.028190195 84.07
343.9594687746 84.03
348.9624744529 83.98
354.0382505244 83.94
359.187855459 83.90
364.4123631221 83.86
369.7128629991 83.82
375.0904604222 83.78
380.5462768009 83.74
386.0814498562 83.71
391.6971338575 83.67
397.3944998635 83.64
403.1747359664 83.61
409.0390475393 83.57
414.9886574883 83.54
421.0248065068 83.51
427.1487533344 83.48
433.3617750198 83.45
439.6651671866 83.42
446.0602443037 83.39
452.5483399594 83.36
459.1308071395 83.34
465.8090185095 83.31
472.5843667007 83.29
479.4582646005 83.27
486.4321456477 83.25
493.5074641306 83.23
500.6856954905 83.21
507.9683366298 83.19
515.3569062238 83.18
522.8529450372 83.16
530.4580162458 83.15
538.1737057624 83.14
546.0016225673 83.12
553.9433990439 83.11
562.0006913195 83.11
570.1751796098 83.10
578.4685685703 83.09
586.882587651 83.09
595.4189914574 83.09
604.0795601163 83.09
612.8660996471 83.09
621.7804423383 83.09
630.8244471297 83.10
640 83.10
649.30901436 83.11
658.7534314519 83.12
668.3352207536 83.14
678.05638039 83.15
687.9189375493 83.17
697.9249489058 83.19
708.0765010489 83.21
718.375710918 83.24
728.8247262443 83.27
739.4257259983 83.30
750.1809208443 83.34
761.0925536018 83.38
772.1628997124 83.43
783.394267715 83.48
794.7889997271 83.53
806.3494719327 83.58
818.0780950787 83.64
829.9773149767 83.71
842.0496130136 83.78
854.2975066688 83.86
866.7235500396 83.94
879.3303343732 84.03
892.1204886074 84.14
905.0966799188 84.24
918.2616142791 84.34
931.618037019 84.45
945.1687334013 84.57
958.9165292011 84.70
972.8642912955 84.83
987.0149282611 84.97
1001.371390981 85.12
1015.9366732597 85.28
1030.7138124476 85.45
1045.7058900743 85.62
1060.9160324916 85.79
1076.3474115248 85.97
1092.0032451345 86.15
1107.8867980879 86.33
1124.0013826389 86.51
1140.3503592197 86.68
1156.9371371406 86.85
1173.765175302 87.01
1190.8379829148 87.15
1208.1591202326 87.29
1225.7321992942 87.42
1243.5608846767 87.54
1261.6488942595 87.66
1280 87.77
1298.6180287201 87.90
1317.5068629037 88.02
1336.6704415071 88.15
1356.1127607799 88.28
1375.8378750985 88.41
1395.8498978116 88.55
1416.1530020977 88.70
1436.751421836 88.84
1457.6494524886 88.98
1478.8514519966 89.12
1500.3618416887 89.26
1522.1851072035 89.40
1544.3257994247 89.53
1566.78853543 89.65
1589.5779994541 89.77
1612.6989438655 89.88
1636.1561901574 89.99
1659.9546299533 90.08
1684.0992260271 90.16
1708.5950133377 90.24
1733.4471000793 90.30
1758.6606687464 90.36
1784.2409772148 90.40
1810.1933598376 90.43
1836.5232285581 90.45
1863.2360740381 90.46
1890.3374668026 90.46
1917.8330584022 90.45
1945.7285825909 90.44
1974.0298565222 90.41
2002.742781962 90.38
2031.8733465194 90.34
2061.4276248951 90.29
2091.4117801487 90.24
2121.8320649832 90.17
2152.6948230496 90.11
2184.0064902691 90.04
2215.7735961758 89.97
2248.0027652779 89.90
2280.7007184393 89.82
2313.8742742813 89.75
2347.530350604 89.68
2381.6759658296 89.61
2416.3182404652 89.54
2451.4643985884 89.48
2487.1217693533 89.43
2523.297788519 89.38
2560.0000000001 89.34
2597.2360574402 89.31
2635.0137258074 89.29
2673.3408830143 89.27
2712.2255215599 89.27
2751.6757501971 89.27
2791.6997956232 89.28
2832.3060041955 89.31
2873.5028436721 89.35
2915.2989049772 89.40
2957.7029039931 89.47
3000.7236833774 89.55
3044.3702144071 89.64
3088.6515988494 89.75
3133.57707086 89.88
3179.1559989082 90.01
3225.397887731 90.15
3272.3123803148 90.30
3319.9092599067 90.46
3368.1984520542 90.63
3417.1900266754 90.79
3466.8942001586 90.97
3517.3213374928 91.16
3568.4819544296 91.35
3620.3867196753 91.56
3673.0464571163 91.77
3726.4721480761 91.97
3780.6749336053 92.14
3835.6661168044 92.27
3891.4571651819 92.33
3948.0597130445 92.34
4005.4855639241 92.24
4063.7466930387 92.05
4122.8552497902 91.77
4182.8235602974 91.41
4243.6641299665 91.01
4305.3896460992 90.58
4368.0129805382 90.14
4431.5471923516 89.70
4496.0055305558 89.28
4561.4014368787 88.92
4627.7485485626 88.63
4695.0607012081 88.44
4763.3519316592 88.36
4832.6364809305 88.36
4902.9287971769 88.40
4974.2435387067 88.42
5046.595577038 88.33
5120.0000000002 88.13
5194.4721148803 87.83
5270.0274516149 87.46
5346.6817660286 87.05
5424.4510431198 86.63
5503.3515003942 86.26
5583.3995912463 85.95
5664.6120083911 85.68
5747.0056873442 85.42
5830.5978099545 85.18
5915.4058079863 84.98
6001.4473667548 84.83
6088.7404288142 84.75
6177.3031976989 84.76
6267.1541417201 84.86
6358.3119978165 85.06
6450.795775462 85.33
6544.6247606297 85.64
6639.8185198134 85.98
6736.3969041085 86.33
6834.3800533509 86.69
6933.7884003172 87.08
7034.6426749857 87.51
7136.9639088592 87.99
7240.7734393506 88.53
7346.0929142326 89.12
7452.9442961523 89.75
7561.3498672106 90.41
7671.3322336089 91.01
7782.9143303638 91.49
7896.119426089 91.76
8010.9711278481 91.71
8127.4933860775 91.29
8245.7104995805 90.59
8365.6471205948 89.71
8487.328259933 88.76
8610.7792921984 87.79
8736.0259610765 86.87
8863.0943847033 86.01
8992.0110611117 85.22
9122.8028737575 84.52
9255.4970971253 83.90
9390.1214024162 83.38
9526.7038633184 82.94
9665.272961861 82.62
9805.8575943538 82.39
9948.4870774134 82.28
10093.191154076 82.31
10240.0000000005 82.48
10388.9442297607 82.78
10540.0549032298 83.21
10693.3635320572 83.75
10848.9020862397 84.39
11006.7030007884 85.06
11166.7991824927 85.70
11329.2240167822 86.17
11494.0113746885 86.42
11661.1956199091 86.27
11830.8116159726 85.88
12002.8947335097 85.21
12177.4808576284 84.40
12354.6063953979 83.46
12534.3082834402 82.44
12716.6239956331 81.31
12901.5915509241 80.07
13089.2495212594 78.76
13279.637039627 77.25
13472.7938082171 75.50
13668.7601067018 73.51
13867.5768006344 71.37
14069.2853499715 69.33
14273.9278177184 67.55
14481.5468787012 66.08
14692.1858284653 64.88
14905.8885923047 63.83
15122.6997344212 62.92
15342.6644672179 62.04
15565.8286607277 61.04
15792.2388521781 59.78
16021.9422556964 58.51
16254.9867721551 57.64
16491.4209991611 57.10
16731.2942411897 56.67
16974.656519866 56.07
17221.5585843969 55.19
17472.0519221531 53.98
17726.1887694067 52.42
17984.0221222235 50.95
18245.605747515 51.18
18510.9941942506 52.41
18780.2428048326 53.64
19053.4077266369 54.99
19330.545923722 56.88
19611.7151887077 58.63
19896.9741548268 59.46
20186.382308152 59.61
