20 92.79
20.2909066988 92.78
20.5860447329 92.78
20.8854756485 92.78
21.1892618872 92.78
21.4974667984 92.79
21.8101546533 92.80
22.1273906578 92.81
22.4492409662 92.82
22.7757726951 92.83
23.1070539374 92.84
23.4431537764 92.85
23.7841423001 92.86
24.130090616 92.87
24.4810708661 92.87
24.8371562415 92.87
25.1984209979 92.87
25.5649404712 92.85
25.936791093 92.84
26.3140504067 92.82
26.6967970834 92.79
27.0851109387 92.77
27.4790729492 92.75
27.878765269 92.72
28.2842712475 92.70
28.6956754462 92.67
29.1130636568 92.65
29.5365229188 92.63
29.9661415375 92.61
30.402009103 92.59
30.8442165082 92.58
31.2928559682 92.56
31.7480210394 92.55
32.209806639 92.54
32.6783090648 92.53
33.1536260154 92.51
33.6358566101 92.49
34.1251014105 92.46
34.6214624402 92.44
35.1250432075 92.40
35.6359487256 92.37
36.1542855356 92.34
36.6801617282 92.30
37.2136869661 92.26
37.7549725073 92.23
38.3041312279 92.19
38.8612776461 92.16
39.4265279456 92.13
40 92.09
40.5818133975 92.06
41.1720894657 92.03
41.7709512971 91.99
42.3785237744 91.95
42.9949335968 91.91
43.6203093066 91.87
44.2547813156 91.82
44.8984819324 91.78
45.5515453903 91.74
46.2141078749 91.69
46.8863075528 91.64
47.5682846001 91.59
48.260181232 91.54
48.9621417322 91.49
49.6743124829 91.43
50.3968419958 91.38
51.1298809424 91.32
51.873582186 91.27
52.6281008133 91.21
53.3935941668 91.16
54.1702218775 91.10
54.9581458983 91.05
55.757530538 90.99
56.5685424949 90.93
57.3913508924 90.86
58.2261273137 90.79
59.0730458376 90.72
59.9322830751 90.65
60.804018206 90.58
61.6884330163 90.51
62.5857119363 90.44
63.4960420787 90.37
64.419613278 90.30
65.3566181296 90.23
66.3072520307 90.15
67.2717132203 90.07
68.2502028209 89.99
69.2429248805 89.91
70.2500864149 89.83
71.2718974512 89.75
72.3085710713 89.67
73.3603234564 89.59
74.4273739322 89.50
75.5099450145 89.41
76.6082624559 89.33
77.7225552923 89.24
78.8530558912 89.15
80 89.06
81.163626795 88.96
82.3441789315 88.87
83.5419025942 88.77
84.7570475487 88.68
85.9898671937 88.58
87.2406186132 88.48
88.5095626311 88.38
89.7969638648 88.28
91.1030907805 88.18
92.4282157498 88.08
93.7726151055 87.98
95.1365692002 87.87
96.520362464 87.77
97.9242834644 87.66
99.3486249659 87.56
100.7936839916 87.45
102.2597618848 87.34
103.7471643721 87.24
105.2562016267 87.13
106.7871883336 87.03
108.340443755 86.92
109.9162917966 86.82
111.5150610759 86.71
113.1370849898 86.61
114.7827017849 86.50
116.4522546274 86.40
118.1460916752 86.30
119.8645661501 86.20
121.6080364119 86.10
123.3768660326 86.01
125.1714238726 85.91
126.9920841575 85.82
128.8392265559 85.73
130.7132362593 85.64
132.6145040614 85.55
134.5434264406 85.47
136.5004056418 85.39
138.485849761 85.31
140.5001728299 85.24
142.5437949025 85.16
144.6171421426 85.10
146.7206469127 85.04
148.8547478643 84.98
151.0198900291 84.92
153.2165249118 84.88
155.4451105846 84.83
157.7061117824 84.79
160 84.76
162.32725359 84.74
164.688357863 84.74
167.0838051884 84.75
169.5140950975 84.75
171.9797343873 84.71
174.4812372264 84.61
177.0191252622 84.48
179.5939277295 84.32
182.2061815611 84.18
184.8564314996 84.09
187.5452302111 84.09
190.2731384004 84.14
193.0407249281 84.22
195.8485669287 84.31
198.6972499318 84.40
201.5873679832 84.46
204.5195237697 84.51
207.4943287442 84.55
210.5124032534 84.58
213.5743766672 84.61
216.6808875099 84.63
219.8325835933 84.65
223.0301221518 84.68
226.2741699797 84.70
229.5654035698 84.72
232.9045092548 84.73
236.2921833503 84.75
239.7291323003 84.77
243.2160728239 84.79
246.7537320653 84.82
250.3428477452 84.84
253.9841683149 84.86
257.6784531119 84.89
261.4264725186 84.91
265.2290081229 84.92
269.0868528812 84.94
273.0008112836 84.97
276.971699522 84.99
281.0003456597 85.00
285.0875898049 85.02
289.2342842852 85.04
293.4412938255 85.06
297.7094957287 85.07
302.0397800581 85.09
306.4330498235 85.10
310.8902211692 85.11
315.4122235649 85.12
320 85.13
324.65450718 85.14
329.3767157259 85.15
334.1676103768 85.15
339.028190195 85.15
343.9594687746 85.16
348.9624744529 85.16
354.0382505244 85.16
359.187855459 85.16
364.4123631221 85.15
369.7128629991 85.15
375.0904604222 85.14
380.5462768009 85.13
386.0814498562 85.12
391.6971338575 85.11
397.3944998635 85.10
403.1747359664 85.08
409.0390475393 85.07
414.9886574883 85.05
421.0248065068 85.03
427.1487533344 85.01
433.3617750198 84.99
439.6651671866 84.97
446.0602443037 84.94
452.5483399594 84.91
459.1308071395 84.88
465.8090185095 84.86
472.5843667007 84.83
479.4582646005 84.79
486.4321456477 84.76
493.5074641306 84.73
500.6856954905 84.69
507.9683366298 84.66
515.3569062238 84.62
522.8529450372 84.58
530.4580162458 84.54
538.1737057624 84.50
546.0016225673 84.46
553.9433990439 84.41
562.0006913195 84.37
570.1751796098 84.32
578.4685685703 84.28
586.882587651 84.23
595.4189914574 84.19
604.0795601163 84.14
612.8660996471 84.09
621.7804423383 84.04
630.8244471297 83.99
640 83.94
649.30901436 83.89
658.7534314519 83.85
668.3352207536 83.80
678.05638039 83.75
687.9189375493 83.70
697.9249489058 83.65
708.0765010489 83.60
718.375710918 83.56
728.8247262443 83.51
739.4257259983 83.47
750.1809208443 83.43
761.0925536018 83.40
772.1628997124 83.36
783.394267715 83.33
794.7889997271 83.31
806.3494719327 83.28
818.0780950787 83.26
829.9773149767 83.25
842.0496130136 83.24
854.2975066688 83.23
866.7235500396 83.22
879.3303343732 83.23
892.1204886074 83.26
905.0966799188 83.29
918.2616142791 83.30
931.618037019 83.32
945.1687334013 83.35
958.9165292011 83.40
972.8642912955 83.45
987.0149282611 83.52
1001.371390981 83.58
1015.9366732597 83.66
1030.7138124476 83.74
1045.7058900743 83.83
1060.9160324916 83.92
1076.3474115248 84.02
1092.0032451345 84.12
1107.8867980879 84.23
1124.0013826389 84.34
1140.3503592197 84.45
1156.9371371406 84.56
1173.765175302 84.68
1190.8379829148 84.79
1208.1591202326 84.90
1225.7321992942 85.00
1243.5608846767 85.11
1261.6488942595 85.21
1280 85.32
1298.6180287201 85.42
1317.5068629037 85.51
1336.6704415071 85.61
1356.1127607799 85.70
1375.8378750985 85.79
1395.8498978116 85.88
1416.1530020977 85.96
1436.751421836 86.05
1457.6494524886 86.14
1478.8514519966 86.22
1500.3618416887 86.30
1522.1851072035 86.39
1544.3257994247 86.48
1566.78853543 86.56
1589.5779994541 86.65
1612.6989438655 86.75
1636.1561901574 86.85
1659.9546299533 86.96
1684.0992260271 87.07
1708.5950133377 87.19
1733.4471000793 87.31
1758.6606687464 87.44
1784.2409772148 87.58
1810.1933598376 87.73
1836.5232285581 87.89
1863.2360740381 88.05
1890.3374668026 88.23
1917.8330584022 88.41
1945.7285825909 88.61
1974.0298565222 88.81
2002.742781962 89.03
2031.8733465194 89.24
2061.4276248951 89.47
2091.4117801487 89.69
2121.8320649832 89.92
2152.6948230496 90.16
2184.0064902691 90.39
2215.7735961758 90.63
2248.0027652779 90.86
2280.7007184393 91.08
2313.8742742813 91.29
2347.530350604 91.49
2381.6759658296 91.68
2416.3182404652 91.85
2451.4643985884 92.01
2487.1217693533 92.14
2523.297788519 92.25
2560.0000000001 92.34
2597.2360574402 92.41
2635.0137258074 92.47
2673.3408830143 92.50
2712.2255215599 92.51
2751.6757501971 92.52
2791.6997956232 92.50
2832.3060041955 92.48
2873.5028436721 92.45
2915.2989049772 92.40
2957.7029039931 92.36
3000.7236833774 92.31
3044.3702144071 92.25
3088.6515988494 92.20
3133.57707086 92.14
3179.1559989082 92.08
3225.397887731 92.02
3272.3123803148 91.95
3319.9092599067 91.88
3368.1984520542 91.78
3417.1900266754 91.68
3466.8942001586 91.57
3517.3213374928 91.47
3568.4819544296 91.40
3620.3867196753 91.37
3673.0464571163 91.36
3726.4721480761 91.37
3780.6749336053 91.39
3835.6661168044 91.42
3891.4571651819 91.45
3948.0597130445 91.46
4005.4855639241 91.44
4063.7466930387 91.37
4122.8552497902 91.27
4182.8235602974 91.14
4243.6641299665 90.95
4305.3896460992 90.68
4368.0129805382 90.30
4431.5471923516 89.84
4496.0055305558 89.38
4561.4014368787 89.01
4627.7485485626 88.81
4695.0607012081 88.78
4763.3519316592 88.88
4832.6364809305 89.06
4902.9287971769 89.24
4974.2435387067 89.37
5046.595577038 89.43
5120.0000000002 89.39
5194.4721148803 89.27
5270.0274516149 89.07
5346.6817660286 88.82
5424.4510431198 88.52
5503.3515003942 88.20
5583.3995912463 87.91
5664.6120083911 87.70
5747.0056873442 87.55
5830.5978099545 87.42
5915.4058079863 87.29
6001.4473667548 87.17
6088.7404288142 87.04
6177.3031976989 86.93
6267.1541417201 86.86
6358.3119978165 86.83
6450.795775462 86.86
6544.6247606297 86.95
6639.8185198134 87.09
6736.3969041085 87.30
6834.3800533509 87.57
6933.7884003172 87.90
7034.6426749857 88.27
7136.9639088592 88.67
7240.7734393506 89.07
7346.0929142326 89.42
7452.9442961523 89.70
7561.3498672106 89.91
7671.3322336089 90.03
7782.9143303638 90.05
7896.119426089 89.98
8010.9711278481 89.80
8127.4933860775 89.47
8245.7104995805 89.04
8365.6471205948 88.55
8487.328259933 88.07
8610.7792921984 87.67
8736.0259610765 87.39
8863.0943847033 87.23
8992.0110611117 87.17
9122.8028737575 87.16
9255.4970971253 87.17
9390.1214024162 87.18
9526.7038633184 87.12
9665.272961861 86.93
9805.8575943538 86.59
9948.4870774134 86.22
10093.191154076 86.08
10240.0000000005 86.26
10388.9442297607 86.50
10540.0549032298 86.53
10693.3635320572 86.28
10848.9020862397 85.87
11006.7030007884 85.43
11166.7991824927 85.06
11329.2240167822 84.85
11494.0113746885 84.82
11661.1956199091 84.94
11830.8116159726 85.22
12002.8947335097 85.64
12177.4808576284 86.22
12354.6063953979 86.93
12534.3082834402 87.74
12716.6239956331 88.58
12901.5915509241 89.34
13089.2495212594 89.81
13279.637039627 89.70
13472.7938082171 88.87
13668.7601067018 87.36
13867.5768006344 85.29
14069.2853499715 83.31
14273.9278177184 82.04
14481.5468787012 81.36
14692.1858284653 81.14
14905.8885923047 81.26
15122.6997344212 81.58
15342.6644672179 81.91
15565.8286607277 81.85
15792.2388521781 81.26
16021.9422556964 80.84
16254.9867721551 81.11
16491.4209991611 81.81
16731.2942411897 82.52
16974.656519866 82.79
17221.5585843969 82.52
17472.0519221531 81.91
17726.1887694067 81.29
17984.0221222235 80.93
18245.605747515 80.93
18510.9941942506 81.18
18780.2428048326 81.57
19053.4077266369 82.03
19330.545923722 82.44
19611.7151887077 82.65
19896.9741548268 82.63
20186.382308152 82.61
