20 98.94
20.2909066988 98.94
20.5860447329 98.95
20.8854756485 98.96
21.1892618872 98.97
21.4974667984 98.98
21.8101546533 98.99
22.1273906578 99.01
22.4492409662 99.03
22.7757726951 99.04
23.1070539374 99.05
23.4431537764 99.06
23.7841423001 99.07
24.130090616 99.09
24.4810708661 99.10
24.8371562415 99.11
25.1984209979 99.11
25.5649404712 99.11
25.936791093 99.10
26.3140504067 99.10
26.6967970834 99.09
27.0851109387 99.08
27.4790729492 99.06
27.878765269 99.05
28.2842712475 99.04
28.6956754462 99.02
29.1130636568 99.01
29.5365229188 98.99
29.9661415375 98.98
30.402009103 98.97
30.8442165082 98.97
31.2928559682 98.97
31.7480210394 98.96
32.209806639 98.96
32.6783090648 98.95
33.1536260154 98.94
33.6358566101 98.93
34.1251014105 98.92
34.6214624402 98.90
35.1250432075 98.88
35.6359487256 98.86
36.1542855356 98.84
36.6801617282 98.81
37.2136869661 98.79
37.7549725073 98.76
38.3041312279 98.74
38.8612776461 98.72
39.4265279456 98.70
40 98.67
40.5818133975 98.65
41.1720894657 98.63
41.7709512971 98.60
42.3785237744 98.57
42.9949335968 98.55
43.6203093066 98.52
44.2547813156 98.49
44.8984819324 98.46
45.5515453903 98.42
46.2141078749 98.39
46.8863075528 98.35
47.5682846001 98.32
48.260181232 98.28
48.9621417322 98.25
49.6743124829 98.20
50.3968419958 98.16
51.1298809424 98.12
51.873582186 98.08
52.6281008133 98.04
53.3935941668 98.00
54.1702218775 97.96
54.9581458983 97.91
55.757530538 97.87
56.5685424949 97.82
57.3913508924 97.77
58.2261273137 97.72
59.0730458376 97.66
59.9322830751 97.61
60.804018206 97.55
61.6884330163 97.49
62.5857119363 97.44
63.4960420787 97.39
64.419613278 97.32
65.3566181296 97.25
66.3072520307 97.19
67.2717132203 97.15
68.2502028209 97.09
69.2429248805 97.03
70.2500864149 96.96
71.2718974512 96.90
72.3085710713 96.83
73.3603234564 96.76
74.4273739322 96.69
75.5099450145 96.63
76.6082624559 96.55
77.7225552923 96.48
78.8530558912 96.41
80 96.33
81.163626795 96.25
82.3441789315 96.18
83.5419025942 96.11
84.7570475487 96.04
85.9898671937 95.96
87.2406186132 95.88
88.5095626311 95.80
89.7969638648 95.72
91.1030907805 95.64
92.4282157498 95.56
93.7726151055 95.47
95.1365692002 95.39
96.520362464 95.31
97.9242834644 95.23
99.3486249659 95.14
100.7936839916 95.05
102.2597618848 94.97
103.7471643721 94.88
105.2562016267 94.80
106.7871883336 94.71
108.340443755 94.62
109.9162917966 94.53
111.5150610759 94.45
113.1370849898 94.36
114.7827017849 94.28
116.4522546274 94.19
118.1460916752 94.10
119.8645661501 94.02
121.6080364119 93.93
123.3768660326 93.85
125.1714238726 93.76
126.9920841575 93.67
128.8392265559 93.59
130.7132362593 93.50
132.6145040614 93.43
134.5434264406 93.36
136.5004056418 93.28
138.485849761 93.20
140.5001728299 93.13
142.5437949025 93.05
144.6171421426 92.99
146.7206469127 92.92
148.8547478643 92.86
151.0198900291 92.79
153.2165249118 92.73
155.4451105846 92.66
157.7061117824 92.60
160 92.54
162.32725359 92.49
164.688357863 92.45
167.0838051884 92.41
169.5140950975 92.36
171.9797343873 92.29
174.4812372264 92.20
177.0191252622 92.08
179.5939277295 91.95
182.2061815611 91.83
184.8564314996 91.74
187.5452302111 91.69
190.2731384004 91.66
193.0407249281 91.65
195.8485669287 91.64
198.6972499318 91.63
201.5873679832 91.62
204.5195237697 91.59
207.4943287442 91.56
210.5124032534 91.52
213.5743766672 91.49
216.6808875099 91.45
219.8325835933 91.42
223.0301221518 91.38
226.2741699797 91.34
229.5654035698 91.31
232.9045092548 91.27
236.2921833503 91.24
239.7291323003 91.20
243.2160728239 91.17
246.7537320653 91.14
250.3428477452 91.11
253.9841683149 91.08
257.6784531119 91.05
261.4264725186 91.02
265.2290081229 90.99
269.0868528812 90.97
273.0008112836 90.94
276.971699522 90.91
281.0003456597 90.89
285.0875898049 90.87
289.2342842852 90.84
293.4412938255 90.82
297.7094957287 90.80
302.0397800581 90.78
306.4330498235 90.76
310.8902211692 90.74
315.4122235649 90.72
320 90.70
324.65450718 90.68
329.3767157259 90.66
334.1676103768 90.63
339.028190195 90.61
343.9594687746 90.59
348.9624744529 90.57
354.0382505244 90.55
359.187855459 90.53
364.4123631221 90.50
369.7128629991 90.48
375.0904604222 90.46
380.5462768009 90.44
386.0814498562 90.42
391.6971338575 90.40
397.3944998635 90.38
403.1747359664 90.36
409.0390475393 90.33
414.9886574883 90.31
421.0248065068 90.28
427.1487533344 90.26
433.3617750198 90.24
439.6651671866 90.21
446.0602443037 90.18
452.5483399594 90.16
459.1308071395 90.14
465.8090185095 90.11
472.5843667007 90.09
479.4582646005 90.06
486.4321456477 90.03
493.5074641306 90.01
500.6856954905 89.98
507.9683366298 89.95
515.3569062238 89.92
522.8529450372 89.89
530.4580162458 89.86
538.1737057624 89.83
546.0016225673 89.80
553.9433990439 89.77
562.0006913195 89.74
570.1751796098 89.71
578.4685685703 89.68
586.882587651 89.65
595.4189914574 89.61
604.0795601163 89.58
612.8660996471 89.55
621.7804423383 89.52
630.8244471297 89.50
640 89.47
649.30901436 89.44
658.7534314519 89.42
668.3352207536 89.39
678.05638039 89.37
687.9189375493 89.34
697.9249489058 89.32
708.0765010489 89.29
718.375710918 89.27
728.8247262443 89.24
739.4257259983 89.22
750.1809208443 89.20
761.0925536018 89.19
772.1628997124 89.17
783.394267715 89.16
794.7889997271 89.15
806.3494719327 89.15
818.0780950787 89.15
829.9773149767 89.15
842.0496130136 89.15
854.2975066688 89.16
866.7235500396 89.17
879.3303343732 89.19
892.1204886074 89.22
905.0966799188 89.26
918.2616142791 89.29
931.618037019 89.32
945.1687334013 89.36
958.9165292011 89.42
972.8642912955 89.48
987.0149282611 89.54
1001.371390981 89.62
1015.9366732597 89.69
1030.7138124476 89.78
1045.7058900743 89.86
1060.9160324916 89.95
1076.3474115248 90.05
1092.0032451345 90.15
1107.8867980879 90.25
1124.0013826389 90.35
1140.3503592197 90.45
1156.9371371406 90.56
1173.765175302 90.66
1190.8379829148 90.77
1208.1591202326 90.87
1225.7321992942 90.97
1243.5608846767 91.06
1261.6488942595 91.16
1280 91.25
1298.6180287201 91.35
1317.5068629037 91.44
1336.6704415071 91.53
1356.1127607799 91.62
1375.8378750985 91.71
1395.8498978116 91.79
1416.1530020977 91.88
1436.751421836 91.97
1457.6494524886 92.05
1478.8514519966 92.14
1500.3618416887 92.23
1522.1851072035 92.32
1544.3257994247 92.41
1566.78853543 92.51
1589.5779994541 92.60
1612.6989438655 92.70
1636.1561901574 92.81
1659.9546299533 92.91
1684.0992260271 93.03
1708.5950133377 93.14
1733.4471000793 93.27
1758.6606687464 93.39
1784.2409772148 93.53
1810.1933598376 93.66
1836.5232285581 93.81
1863.2360740381 93.96
1890.3374668026 94.11
1917.8330584022 94.28
1945.7285825909 94.45
1974.0298565222 94.62
2002.742781962 94.80
2031.8733465194 94.98
2061.4276248951 95.17
2091.4117801487 95.36
2121.8320649832 95.55
2152.6948230496 95.74
2184.0064902691 95.94
2215.7735961758 96.13
2248.0027652779 96.32
2280.7007184393 96.51
2313.8742742813 96.69
2347.530350604 96.86
2381.6759658296 97.02
2416.3182404652 97.17
2451.4643985884 97.31
2487.1217693533 97.43
2523.297788519 97.54
2560.0000000001 97.62
2597.2360574402 97.68
2635.0137258074 97.72
2673.3408830143 97.74
2712.2255215599 97.73
2751.6757501971 97.71
2791.6997956232 97.68
2832.3060041955 97.64
2873.5028436721 97.60
2915.2989049772 97.57
2957.7029039931 97.55
3000.7236833774 97.55
3044.3702144071 97.55
3088.6515988494 97.56
3133.57707086 97.56
3179.1559989082 97.55
3225.397887731 97.54
3272.3123803148 97.52
3319.9092599067 97.49
3368.1984520542 97.45
3417.1900266754 97.42
3466.8942001586 97.38
3517.3213374928 97.36
3568.4819544296 97.36
3620.3867196753 97.38
3673.0464571163 97.42
3726.4721480761 97.48
3780.6749336053 97.55
3835.6661168044 97.62
3891.4571651819 97.68
3948.0597130445 97.72
4005.4855639241 97.73
4063.7466930387 97.70
4122.8552497902 97.63
4182.8235602974 97.50
4243.6641299665 97.34
4305.3896460992 97.12
4368.0129805382 96.86
4431.5471923516 96.57
4496.0055305558 96.25
4561.4014368787 95.95
4627.7485485626 95.69
4695.0607012081 95.50
4763.3519316592 95.40
4832.6364809305 95.36
4902.9287971769 95.37
4974.2435387067 95.41
5046.595577038 95.46
5120.0000000002 95.48
5194.4721148803 95.48
5270.0274516149 95.44
5346.6817660286 95.38
5424.4510431198 95.29
5503.3515003942 95.17
5583.3995912463 95.03
5664.6120083911 94.89
5747.0056873442 94.73
5830.5978099545 94.57
5915.4058079863 94.41
6001.4473667548 94.26
6088.7404288142 94.13
6177.3031976989 94.00
6267.1541417201 93.90
6358.3119978165 93.82
6450.795775462 93.76
6544.6247606297 93.72
6639.8185198134 93.70
6736.3969041085 93.68
6834.3800533509 93.65
6933.7884003172 93.61
7034.6426749857 93.53
7136.9639088592 93.41
7240.7734393506 93.23
7346.0929142326 93.00
7452.9442961523 92.72
7561.3498672106 92.42
7671.3322336089 92.11
7782.9143303638 91.80
7896.119426089 91.52
8010.9711278481 91.28
8127.4933860775 91.09
8245.7104995805 90.97
8365.6471205948 90.91
8487.328259933 90.87
8610.7792921984 90.80
8736.0259610765 90.67
8863.0943847033 90.51
8992.0110611117 90.35
9122.8028737575 90.21
9255.4970971253 90.10
9390.1214024162 90.06
9526.7038633184 90.07
9665.272961861 90.13
9805.8575943538 90.26
9948.4870774134 90.43
10093.191154076 90.65
10240.0000000005 90.89
10388.9442297607 91.15
10540.0549032298 91.38
10693.3635320572 91.56
10848.9020862397 91.67
11006.7030007884 91.70
11166.7991824927 91.65
11329.2240167822 91.54
11494.0113746885 91.41
11661.1956199091 91.29
11830.8116159726 91.18
12002.8947335097 91.11
12177.4808576284 91.05
12354.6063953979 91.00
12534.3082834402 90.91
12716.6239956331 90.76
12901.5915509241 90.53
13089.2495212594 90.22
13279.637039627 89.75
13472.7938082171 89.12
13668.7601067018 88.32
13867.5768006344 87.42
14069.2853499715 86.69
14273.9278177184 86.35
14481.5468787012 86.27
14692.1858284653 86.46
14905.8885923047 86.85
15122.6997344212 87.39
15342.6644672179 87.96
15565.8286607277 88.32
15792.2388521781 88.42
16021.9422556964 88.59
16254.9867721551 89.01
16491.4209991611 89.57
16731.2942411897 90.01
16974.656519866 89.80
17221.5585843969 88.49
17472.0519221531 86.09
17726.1887694067 83.40
17984.0221222235 81.20
18245.605747515 79.66
18510.9941942506 78.54
18780.2428048326 77.60
19053.4077266369 76.72
19330.545923722 75.86
19611.7151887077 74.97
19896.9741548268 74.21
20186.382308152 74.03
