20 90.67
20.2909066988 90.67
20.5860447329 90.67
20.8854756485 90.67
21.1892618872 90.67
21.4974667984 90.68
21.8101546533 90.68
22.1273906578 90.69
22.4492409662 90.69
22.7757726951 90.70
23.1070539374 90.70
23.4431537764 90.71
23.7841423001 90.71
24.130090616 90.71
24.4810708661 90.71
24.8371562415 90.71
25.1984209979 90.71
25.5649404712 90.70
25.936791093 90.70
26.3140504067 90.69
26.6967970834 90.67
27.0851109387 90.66
27.4790729492 90.65
27.878765269 90.63
28.2842712475 90.62
28.6956754462 90.60
29.1130636568 90.59
29.5365229188 90.58
29.9661415375 90.56
30.402009103 90.55
30.8442165082 90.54
31.2928559682 90.53
31.7480210394 90.51
32.209806639 90.50
32.6783090648 90.49
33.1536260154 90.47
33.6358566101 90.46
34.1251014105 90.44
34.6214624402 90.43
35.1250432075 90.41
35.6359487256 90.38
36.1542855356 90.36
36.6801617282 90.34
37.2136869661 90.32
37.7549725073 90.29
38.3041312279 90.27
38.8612776461 90.25
39.4265279456 90.22
40 90.20
40.5818133975 90.18
41.1720894657 90.15
41.7709512971 90.12
42.3785237744 90.09
42.9949335968 90.06
43.6203093066 90.03
44.2547813156 90.00
44.8984819324 89.97
45.5515453903 89.94
46.2141078749 89.91
46.8863075528 89.88
47.5682846001 89.85
48.260181232 89.81
48.9621417322 89.77
49.6743124829 89.74
50.3968419958 89.70
51.1298809424 89.66
51.873582186 89.63
52.6281008133 89.59
53.3935941668 89.55
54.1702218775 89.51
54.9581458983 89.47
55.757530538 89.43
56.5685424949 89.39
57.3913508924 89.34
58.2261273137 89.30
59.0730458376 89.25
59.9322830751 89.21
60.804018206 89.16
61.6884330163 89.12
62.5857119363 89.07
63.4960420787 89.02
64.419613278 88.97
65.3566181296 88.92
66.3072520307 88.87
67.2717132203 88.82
68.2502028209 88.77
69.2429248805 88.72
70.2500864149 88.66
71.2718974512 88.61
72.3085710713 88.56
73.3603234564 88.50
74.4273739322 88.45
75.5099450145 88.39
76.6082624559 88.33
77.7225552923 88.28
78.8530558912 88.22
80 88.16
81.163626795 88.10
82.3441789315 88.04
83.5419025942 87.98
84.7570475487 87.91
85.9898671937 87.85
87.2406186132 87.79
88.5095626311 87.72
89.7969638648 87.66
91.1030907805 87.60
92.4282157498 87.53
93.7726151055 87.46
95.1365692002 87.40
96.520362464 87.34
97.9242834644 87.27
99.3486249659 87.19
100.7936839916 87.13
102.2597618848 87.06
103.7471643721 87.00
105.2562016267 86.93
106.7871883336 86.86
108.340443755 86.79
109.9162917966 86.72
111.5150610759 86.65
113.1370849898 86.58
114.7827017849 86.51
116.4522546274 86.44
118.1460916752 86.37
119.8645661501 86.30
121.6080364119 86.23
123.3768660326 86.17
125.1714238726 86.11
126.9920841575 86.04
128.8392265559 85.98
130.7132362593 85.92
132.6145040614 85.85
134.5434264406 85.79
136.5004056418 85.73
138.485849761 85.68
140.5001728299 85.62
142.5437949025 85.56
144.6171421426 85.50
146.7206469127 85.45
148.8547478643 85.40
151.0198900291 85.35
153.2165249118 85.29
155.4451105846 85.24
157.7061117824 85.18
160 85.13
162.32725359 85.08
164.688357863 85.04
167.0838051884 84.99
169.5140950975 84.94
171.9797343873 84.87
174.4812372264 84.77
177.0191252622 84.64
179.5939277295 84.51
182.2061815611 84.38
184.8564314996 84.28
187.5452302111 84.22
190.2731384004 84.18
193.0407249281 84.17
195.8485669287 84.15
198.6972499318 84.13
201.5873679832 84.11
204.5195237697 84.09
207.4943287442 84.07
210.5124032534 84.04
213.5743766672 84.01
216.6808875099 83.98
219.8325835933 83.94
223.0301221518 83.91
226.2741699797 83.87
229.5654035698 83.84
232.9045092548 83.81
236.2921833503 83.77
239.7291323003 83.74
243.2160728239 83.72
246.7537320653 83.69
250.3428477452 83.66
253.9841683149 83.63
257.6784531119 83.60
261.4264725186 83.57
265.2290081229 83.54
269.0868528812 83.52
273.0008112836 83.49
276.971699522 83.46
281.0003456597 83.44
285.0875898049 83.41
289.2342842852 83.39
293.4412938255 83.36
297.7094957287 83.34
302.0397800581 83.32
306.4330498235 83.30
310.8902211692 83.28
315.4122235649 83.26
320 83.24
324.65450718 83.22
329.3767157259 83.20
334.1676103768 83.19
339.028190195 83.17
343.9594687746 83.15
348.9624744529 83.14
354.0382505244 83.12
359.187855459 83.11
364.4123631221 83.10
369.7128629991 83.08
375.0904604222 83.07
380.5462768009 83.05
386.0814498562 83.04
391.6971338575 83.03
397.3944998635 83.01
403.1747359664 82.99
409.0390475393 82.98
414.9886574883 82.97
421.0248065068 82.96
427.1487533344 82.95
433.3617750198 82.94
439.6651671866 82.92
446.0602443037 82.90
452.5483399594 82.89
459.1308071395 82.88
465.8090185095 82.89
472.5843667007 82.91
479.4582646005 82.96
486.4321456477 82.98
493.5074641306 82.95
500.6856954905 82.91
507.9683366298 82.88
515.3569062238 82.86
522.8529450372 82.84
530.4580162458 82.81
538.1737057624 82.80
546.0016225673 82.79
553.9433990439 82.79
562.0006913195 82.78
570.1751796098 82.76
578.4685685703 82.75
586.882587651 82.75
595.4189914574 82.74
604.0795601163 82.73
612.8660996471 82.72
621.7804423383 82.71
630.8244471297 82.71
640 82.70
649.30901436 82.70
658.7534314519 82.69
668.3352207536 82.69
678.05638039 82.68
687.9189375493 82.68
697.9249489058 82.68
708.0765010489 82.68
718.375710918 82.68
728.8247262443 82.68
739.4257259983 82.68
750.1809208443 82.69
761.0925536018 82.69
772.1628997124 82.70
783.394267715 82.72
794.7889997271 82.73
806.3494719327 82.75
818.0780950787 82.77
829.9773149767 82.80
842.0496130136 82.82
854.2975066688 82.85
866.7235500396 82.89
879.3303343732 82.93
892.1204886074 82.99
905.0966799188 83.04
918.2616142791 83.10
931.618037019 83.15
945.1687334013 83.22
958.9165292011 83.29
972.8642912955 83.38
987.0149282611 83.47
1001.371390981 83.57
1015.9366732597 83.67
1030.7138124476 83.78
1045.7058900743 83.90
1060.9160324916 84.02
1076.3474115248 84.14
1092.0032451345 84.26
1107.8867980879 84.39
1124.0013826389 84.51
1140.3503592197 84.64
1156.9371371406 84.77
1173.765175302 84.90
1190.8379829148 85.02
1208.1591202326 85.15
1225.7321992942 85.26
1243.5608846767 85.38
1261.6488942595 85.49
1280 85.60
1298.6180287201 85.71
1317.5068629037 85.82
1336.6704415071 85.92
1356.1127607799 86.02
1375.8378750985 86.11
1395.8498978116 86.20
1416.1530020977 86.30
1436.751421836 86.39
1457.6494524886 86.48
1478.8514519966 86.56
1500.3618416887 86.65
1522.1851072035 86.74
1544.3257994247 86.82
1566.78853543 86.91
1589.5779994541 87.00
1612.6989438655 87.09
1636.1561901574 87.18
1659.9546299533 87.27
1684.0992260271 87.36
1708.5950133377 87.46
1733.4471000793 87.56
1758.6606687464 87.66
1784.2409772148 87.77
1810.1933598376 87.88
1836.5232285581 88.00
1863.2360740381 88.13
1890.3374668026 88.25
1917.8330584022 88.39
1945.7285825909 88.53
1974.0298565222 88.67
2002.742781962 88.82
2031.8733465194 88.98
2061.4276248951 89.13
2091.4117801487 89.29
2121.8320649832 89.45
2152.6948230496 89.60
2184.0064902691 89.76
2215.7735961758 89.92
2248.0027652779 90.07
2280.7007184393 90.22
2313.8742742813 90.36
2347.530350604 90.50
2381.6759658296 90.63
2416.3182404652 90.75
2451.4643985884 90.85
2487.1217693533 90.95
2523.297788519 91.04
2560.0000000001 91.11
2597.2360574402 91.17
2635.0137258074 91.21
2673.3408830143 91.22
2712.2255215599 91.22
2751.6757501971 91.19
2791.6997956232 91.14
2832.3060041955 91.06
2873.5028436721 90.96
2915.2989049772 90.85
2957.7029039931 90.73
3000.7236833774 90.60
3044.3702144071 90.47
3088.6515988494 90.34
3133.57707086 90.21
3179.1559989082 90.08
3225.397887731 89.95
3272.3123803148 89.83
3319.9092599067 89.71
3368.1984520542 89.59
3417.1900266754 89.48
3466.8942001586 89.37
3517.3213374928 89.29
3568.4819544296 89.23
3620.3867196753 89.20
3673.0464571163 89.19
3726.4721480761 89.21
3780.6749336053 89.26
3835.6661168044 89.32
3891.4571651819 89.39
3948.0597130445 89.47
4005.4855639241 89.56
4063.7466930387 89.65
4122.8552497902 89.76
4182.8235602974 89.90
4243.6641299665 90.07
4305.3896460992 90.30
4368.0129805382 90.56
4431.5471923516 90.85
4496.0055305558 91.15
4561.4014368787 91.45
4627.7485485626 91.73
4695.0607012081 91.96
4763.3519316592 92.13
4832.6364809305 92.21
4902.9287971769 92.15
4974.2435387067 91.96
5046.595577038 91.60
5120.0000000002 91.14
5194.4721148803 90.61
5270.0274516149 90.10
5346.6817660286 89.68
5424.4510431198 89.40
5503.3515003942 89.29
5583.3995912463 89.32
5664.6120083911 89.45
5747.0056873442 89.61
5830.5978099545 89.77
5915.4058079863 89.90
6001.4473667548 89.98
6088.7404288142 89.97
6177.3031976989 89.86
6267.1541417201 89.67
6358.3119978165 89.41
6450.795775462 89.09
6544.6247606297 88.72
6639.8185198134 88.31
6736.3969041085 87.88
6834.3800533509 87.45
6933.7884003172 87.04
7034.6426749857 86.66
7136.9639088592 86.35
7240.7734393506 86.12
7346.0929142326 85.97
7452.9442961523 85.89
7561.3498672106 85.90
7671.3322336089 85.97
7782.9143303638 86.08
7896.119426089 86.19
8010.9711278481 86.25
8127.4933860775 86.21
8245.7104995805 86.08
8365.6471205948 85.94
8487.328259933 85.83
8610.7792921984 85.72
8736.0259610765 85.60
8863.0943847033 85.39
8992.0110611117 85.10
9122.8028737575 84.70
9255.4970971253 84.24
9390.1214024162 83.77
9526.7038633184 83.33
9665.272961861 82.93
9805.8575943538 82.59
9948.4870774134 82.34
10093.191154076 82.19
10240.0000000005 82.13
10388.9442297607 82.15
10540.0549032298 82.24
10693.3635320572 82.40
10848.9020862397 82.63
11006.7030007884 82.93
11166.7991824927 83.28
11329.2240167822 83.63
11494.0113746885 83.99
11661.1956199091 84.40
11830.8116159726 84.81
12002.8947335097 85.22
12177.4808576284 85.59
12354.6063953979 85.89
12534.3082834402 86.08
12716.6239956331 86.12
12901.5915509241 85.91
13089.2495212594 85.56
13279.637039627 84.92
13472.7938082171 83.95
13668.7601067018 82.76
13867.5768006344 81.46
14069.2853499715 80.41
14273.9278177184 79.69
14481.5468787012 79.35
14692.1858284653 79.32
14905.8885923047 79.45
15122.6997344212 79.62
15342.6644672179 79.66
15565.8286607277 79.35
15792.2388521781 78.51
16021.9422556964 77.35
16254.9867721551 76.26
16491.4209991611 75.34
16731.2942411897 74.71
16974.656519866 74.38
17221.5585843969 74.34
17472.0519221531 74.49
17726.1887694067 74.74
17984.0221222235 75.01
18245.605747515 75.28
18510.9941942506 75.51
18780.2428048326 75.64
19053.4077266369 75.62
19330.545923722 75.45
19611.7151887077 75.11
19896.9741548268 74.76
20186.382308152 74.65
