20 91.59
20.2909066988 91.57
20.5860447329 91.53
20.8854756485 91.50
21.1892618872 91.45
21.4974667984 91.40
21.8101546533 91.35
22.1273906578 91.29
22.4492409662 91.23
22.7757726951 91.17
23.1070539374 91.12
23.4431537764 91.07
23.7841423001 91.02
24.130090616 90.97
24.4810708661 90.92
24.8371562415 90.88
25.1984209979 90.84
25.5649404712 90.81
25.936791093 90.78
26.3140504067 90.75
26.6967970834 90.73
27.0851109387 90.71
27.4790729492 90.68
27.878765269 90.65
28.2842712475 90.61
28.6956754462 90.57
29.1130636568 90.53
29.5365229188 90.49
29.9661415375 90.44
30.402009103 90.38
30.8442165082 90.32
31.2928559682 90.26
31.7480210394 90.19
32.209806639 90.13
32.6783090648 90.07
33.1536260154 90.02
33.6358566101 89.97
34.1251014105 89.92
34.6214624402 89.88
35.1250432075 89.83
35.6359487256 89.79
36.1542855356 89.74
36.6801617282 89.70
37.2136869661 89.65
37.7549725073 89.59
38.3041312279 89.54
38.8612776461 89.47
39.4265279456 89.41
40 89.35
40.5818133975 89.29
41.1720894657 89.23
41.7709512971 89.16
42.3785237744 89.10
42.9949335968 89.04
43.6203093066 88.99
44.2547813156 88.93
44.8984819324 88.87
45.5515453903 88.82
46.2141078749 88.76
46.8863075528 88.69
47.5682846001 88.63
48.260181232 88.57
48.9621417322 88.50
49.6743124829 88.44
50.3968419958 88.38
51.1298809424 88.31
51.873582186 88.24
52.6281008133 88.18
53.3935941668 88.11
54.1702218775 88.05
54.9581458983 87.98
55.757530538 87.91
56.5685424949 87.84
57.3913508924 87.78
58.2261273137 87.72
59.0730458376 87.65
59.9322830751 87.59
60.804018206 87.52
61.6884330163 87.45
62.5857119363 87.38
63.4960420787 87.31
64.419613278 87.24
65.3566181296 87.17
66.3072520307 87.11
67.2717132203 87.04
68.2502028209 86.98
69.2429248805 86.91
70.2500864149 86.84
71.2718974512 86.77
72.3085710713 86.70
73.3603234564 86.63
74.4273739322 86.56
75.5099450145 86.50
76.6082624559 86.43
77.7225552923 86.36
78.8530558912 86.29
80 86.22
81.163626795 86.16
82.3441789315 86.09
83.5419025942 86.02
84.7570475487 85.95
85.9898671937 85.88
87.2406186132 85.81
88.5095626311 85.74
89.7969638648 85.68
91.1030907805 85.61
92.4282157498 85.54
93.7726151055 85.48
95.1365692002 85.41
96.520362464 85.34
97.9242834644 85.28
99.3486249659 85.21
100.7936839916 85.14
102.2597618848 85.08
103.7471643721 85.01
105.2562016267 84.95
106.7871883336 84.88
108.340443755 84.82
109.9162917966 84.75
111.5150610759 84.69
113.1370849898 84.62
114.7827017849 84.56
116.4522546274 84.50
118.1460916752 84.44
119.8645661501 84.37
121.6080364119 84.31
123.3768660326 84.24
125.1714238726 84.19
126.9920841575 84.13
128.8392265559 84.07
130.7132362593 84.02
132.6145040614 83.97
134.5434264406 83.92
136.5004056418 83.87
138.485849761 83.82
140.5001728299 83.77
142.5437949025 83.72
144.6171421426 83.67
146.7206469127 83.63
148.8547478643 83.58
151.0198900291 83.54
153.2165249118 83.49
155.4451105846 83.45
157.7061117824 83.40
160 83.35
162.32725359 83.29
164.688357863 83.23
167.0838051884 83.17
169.5140950975 83.11
171.9797343873 83.05
174.4812372264 82.99
177.0191252622 82.93
179.5939277295 82.87
182.2061815611 82.81
184.8564314996 82.75
187.5452302111 82.70
190.2731384004 82.64
193.0407249281 82.58
195.8485669287 82.53
198.6972499318 82.48
201.5873679832 82.43
204.5195237697 82.40
207.4943287442 82.36
210.5124032534 82.33
213.5743766672 82.29
216.6808875099 82.25
219.8325835933 82.22
223.0301221518 82.18
226.2741699797 82.15
229.5654035698 82.12
232.9045092548 82.10
236.2921833503 82.07
239.7291323003 82.05
243.2160728239 82.02
246.7537320653 82.00
250.3428477452 81.97
253.9841683149 81.94
257.6784531119 81.91
261.4264725186 81.89
265.2290081229 81.85
269.0868528812 81.82
273.0008112836 81.79
276.971699522 81.76
281.0003456597 81.74
285.0875898049 81.71
289.2342842852 81.68
293.4412938255 81.65
297.7094957287 81.63
302.0397800581 81.60
306.4330498235 81.58
310.8902211692 81.55
315.4122235649 81.53
320 81.51
324.65450718 81.49
329.3767157259 81.47
334.1676103768 81.45
339.028190195 81.43
343.9594687746 81.41
348.9624744529 81.40
354.0382505244 81.38
359.187855459 81.36
364.4123631221 81.35
369.7128629991 81.33
375.0904604222 81.32
380.5462768009 81.31
386.0814498562 81.29
391.6971338575 81.28
397.3944998635 81.27
403.1747359664 81.26
409.0390475393 81.25
414.9886574883 81.24
421.0248065068 81.23
427.1487533344 81.23
433.3617750198 81.22
439.6651671866 81.21
446.0602443037 81.21
452.5483399594 81.20
459.1308071395 81.20
465.8090185095 81.20
472.5843667007 81.20
479.4582646005 81.19
486.4321456477 81.19
493.5074641306 81.19
500.6856954905 81.20
507.9683366298 81.20
515.3569062238 81.20
522.8529450372 81.20
530.4580162458 81.21
538.1737057624 81.22
546.0016225673 81.22
553.9433990439 81.23
562.0006913195 81.24
570.1751796098 81.25
578.4685685703 81.26
586.882587651 81.27
595.4189914574 81.29
604.0795601163 81.30
612.8660996471 81.32
621.7804423383 81.33
630.8244471297 81.35
640 81.37
649.30901436 81.39
658.7534314519 81.41
668.3352207536 81.43
678.05638039 81.45
687.9189375493 81.47
697.9249489058 81.49
708.0765010489 81.52
718.375710918 81.54
728.8247262443 81.57
739.4257259983 81.60
750.1809208443 81.64
761.0925536018 81.68
772.1628997124 81.73
783.394267715 81.78
794.7889997271 81.83
806.3494719327 81.89
818.0780950787 81.96
829.9773149767 82.03
842.0496130136 82.10
854.2975066688 82.18
866.7235500396 82.26
879.3303343732 82.35
892.1204886074 82.45
905.0966799188 82.55
918.2616142791 82.66
931.618037019 82.77
945.1687334013 82.89
958.9165292011 83.02
972.8642912955 83.15
987.0149282611 83.28
1001.371390981 83.43
1015.9366732597 83.58
1030.7138124476 83.74
1045.7058900743 83.90
1060.9160324916 84.06
1076.3474115248 84.23
1092.0032451345 84.40
1107.8867980879 84.57
1124.0013826389 84.75
1140.3503592197 84.92
1156.9371371406 85.09
1173.765175302 85.27
1190.8379829148 85.44
1208.1591202326 85.62
1225.7321992942 85.79
1243.5608846767 85.97
1261.6488942595 86.15
1280 86.32
1298.6180287201 86.50
1317.5068629037 86.68
1336.6704415071 86.86
1356.1127607799 87.04
1375.8378750985 87.23
1395.8498978116 87.41
1416.1530020977 87.60
1436.751421836 87.80
1457.6494524886 88.00
1478.8514519966 88.20
1500.3618416887 88.41
1522.1851072035 88.62
1544.3257994247 88.84
1566.78853543 89.07
1589.5779994541 89.30
1612.6989438655 89.54
1636.1561901574 89.78
1659.9546299533 90.03
1684.0992260271 90.29
1708.5950133377 90.56
1733.4471000793 90.84
1758.6606687464 91.13
1784.2409772148 91.42
1810.1933598376 91.73
1836.5232285581 92.04
1863.2360740381 92.36
1890.3374668026 92.69
1917.8330584022 93.02
1945.7285825909 93.35
1974.0298565222 93.68
2002.742781962 94.01
2031.8733465194 94.33
2061.4276248951 94.64
2091.4117801487 94.93
2121.8320649832 95.19
2152.6948230496 95.43
2184.0064902691 95.63
2215.7735961758 95.80
2248.0027652779 95.92
2280.7007184393 95.99
2313.8742742813 96.02
2347.530350604 95.99
2381.6759658296 95.92
2416.3182404652 95.81
2451.4643985884 95.65
2487.1217693533 95.47
2523.297788519 95.26
2560.0000000001 95.03
2597.2360574402 94.79
2635.0137258074 94.54
2673.3408830143 94.29
2712.2255215599 94.03
2751.6757501971 93.78
2791.6997956232 93.53
2832.3060041955 93.29
2873.5028436721 93.06
2915.2989049772 92.84
2957.7029039931 92.64
3000.7236833774 92.45
3044.3702144071 92.28
3088.6515988494 92.13
3133.57707086 91.98
3179.1559989082 91.86
3225.397887731 91.74
3272.3123803148 91.65
3319.9092599067 91.57
3368.1984520542 91.52
3417.1900266754 91.48
3466.8942001586 91.47
3517.3213374928 91.48
3568.4819544296 91.50
3620.3867196753 91.55
3673.0464571163 91.62
3726.4721480761 91.72
3780.6749336053 91.83
3835.6661168044 91.97
3891.4571651819 92.12
3948.0597130445 92.30
4005.4855639241 92.49
4063.7466930387 92.69
4122.8552497902 92.89
4182.8235602974 93.10
4243.6641299665 93.29
4305.3896460992 93.46
4368.0129805382 93.60
4431.5471923516 93.69
4496.0055305558 93.72
4561.4014368787 93.68
4627.7485485626 93.56
4695.0607012081 93.35
4763.3519316592 93.06
4832.6364809305 92.70
4902.9287971769 92.27
4974.2435387067 91.78
5046.595577038 91.26
5120.0000000002 90.70
5194.4721148803 90.13
5270.0274516149 89.56
5346.6817660286 89.01
5424.4510431198 88.47
5503.3515003942 87.97
5583.3995912463 87.49
5664.6120083911 87.04
5747.0056873442 86.63
5830.5978099545 86.25
5915.4058079863 85.91
6001.4473667548 85.61
6088.7404288142 85.35
6177.3031976989 85.14
6267.1541417201 84.97
6358.3119978165 84.87
6450.795775462 84.84
6544.6247606297 84.86
6639.8185198134 84.94
6736.3969041085 85.06
6834.3800533509 85.24
6933.7884003172 85.48
7034.6426749857 85.78
7136.9639088592 86.14
7240.7734393506 86.57
7346.0929142326 87.06
7452.9442961523 87.58
7561.3498672106 88.12
7671.3322336089 88.64
7782.9143303638 89.08
7896.119426089 89.38
8010.9711278481 89.43
8127.4933860775 89.20
8245.7104995805 88.66
8365.6471205948 87.88
8487.328259933 86.93
8610.7792921984 85.86
8736.0259610765 84.75
8863.0943847033 83.64
8992.0110611117 82.60
9122.8028737575 81.67
9255.4970971253 80.95
9390.1214024162 80.53
9526.7038633184 80.55
9665.272961861 81.07
9805.8575943538 82.01
9948.4870774134 83.10
10093.191154076 84.12
10240.0000000005 84.97
10388.9442297607 85.68
10540.0549032298 86.30
10693.3635320572 86.84
10848.9020862397 87.21
11006.7030007884 87.27
11166.7991824927 86.89
11329.2240167822 86.02
11494.0113746885 84.77
11661.1956199091 83.28
11830.8116159726 81.74
12002.8947335097 80.24
12177.4808576284 78.84
12354.6063953979 77.58
12534.3082834402 76.42
12716.6239956331 75.33
12901.5915509241 74.35
13089.2495212594 73.48
13279.637039627 72.75
13472.7938082171 72.18
13668.7601067018 71.75
13867.5768006344 71.50
14069.2853499715 71.43
14273.9278177184 71.56
14481.5468787012 71.89
14692.1858284653 72.34
14905.8885923047 72.82
15122.6997344212 73.15
15342.6644672179 73.24
15565.8286607277 73.08
15792.2388521781 72.79
16021.9422556964 72.51
16254.9867721551 72.32
16491.4209991611 72.08
16731.2942411897 71.64
16974.656519866 70.99
17221.5585843969 70.25
17472.0519221531 69.55
17726.1887694067 68.92
17984.0221222235 68.32
18245.605747515 67.70
18510.9941942506 67.00
18780.2428048326 66.23
19053.4077266369 65.31
19330.545923722 64.16
19611.7151887077 62.79
19896.9741548268 61.52
20186.382308152 61.20
