20 92.51
20.2909066988 92.52
20.5860447329 92.53
20.8854756485 92.54
21.1892618872 92.55
21.4974667984 92.55
21.8101546533 92.56
22.1273906578 92.57
22.4492409662 92.58
22.7757726951 92.59
23.1070539374 92.60
23.4431537764 92.61
23.7841423001 92.62
24.130090616 92.63
24.4810708661 92.63
24.8371562415 92.63
25.1984209979 92.63
25.5649404712 92.62
25.936791093 92.62
26.3140504067 92.60
26.6967970834 92.59
27.0851109387 92.58
27.4790729492 92.57
27.878765269 92.57
28.2842712475 92.55
28.6956754462 92.54
29.1130636568 92.53
29.5365229188 92.51
29.9661415375 92.50
30.402009103 92.48
30.8442165082 92.46
31.2928559682 92.45
31.7480210394 92.43
32.209806639 92.42
32.6783090648 92.40
33.1536260154 92.38
33.6358566101 92.36
34.1251014105 92.34
34.6214624402 92.31
35.1250432075 92.29
35.6359487256 92.26
36.1542855356 92.23
36.6801617282 92.20
37.2136869661 92.17
37.7549725073 92.14
38.3041312279 92.11
38.8612776461 92.08
39.4265279456 92.05
40 92.02
40.5818133975 91.98
41.1720894657 91.94
41.7709512971 91.91
42.3785237744 91.87
42.9949335968 91.82
43.6203093066 91.78
44.2547813156 91.74
44.8984819324 91.70
45.5515453903 91.65
46.2141078749 91.61
46.8863075528 91.57
47.5682846001 91.51
48.260181232 91.46
48.9621417322 91.41
49.6743124829 91.36
50.3968419958 91.31
51.1298809424 91.25
51.873582186 91.20
52.6281008133 91.14
53.3935941668 91.08
54.1702218775 91.02
54.9581458983 90.97
55.757530538 90.91
56.5685424949 90.85
57.3913508924 90.78
58.2261273137 90.72
59.0730458376 90.66
59.9322830751 90.59
60.804018206 90.51
61.6884330163 90.44
62.5857119363 90.37
63.4960420787 90.30
64.419613278 90.22
65.3566181296 90.15
66.3072520307 90.08
67.2717132203 90.00
68.2502028209 89.93
69.2429248805 89.85
70.2500864149 89.77
71.2718974512 89.69
72.3085710713 89.60
73.3603234564 89.52
74.4273739322 89.43
75.5099450145 89.35
76.6082624559 89.26
77.7225552923 89.17
78.8530558912 89.08
80 88.99
81.163626795 88.90
82.3441789315 88.81
83.5419025942 88.72
84.7570475487 88.63
85.9898671937 88.54
87.2406186132 88.44
88.5095626311 88.34
89.7969638648 88.25
91.1030907805 88.15
92.4282157498 88.05
93.7726151055 87.95
95.1365692002 87.86
96.520362464 87.76
97.9242834644 87.66
99.3486249659 87.56
100.7936839916 87.46
102.2597618848 87.36
103.7471643721 87.26
105.2562016267 87.16
106.7871883336 87.06
108.340443755 86.97
109.9162917966 86.87
111.5150610759 86.78
113.1370849898 86.68
114.7827017849 86.59
116.4522546274 86.50
118.1460916752 86.41
119.8645661501 86.32
121.6080364119 86.23
123.3768660326 86.15
125.1714238726 86.06
126.9920841575 85.99
128.8392265559 85.92
130.7132362593 85.85
132.6145040614 85.78
134.5434264406 85.72
136.5004056418 85.66
138.485849761 85.60
140.5001728299 85.55
142.5437949025 85.50
144.6171421426 85.45
146.7206469127 85.41
148.8547478643 85.37
151.0198900291 85.33
153.2165249118 85.30
155.4451105846 85.26
157.7061117824 85.24
160 85.22
162.32725359 85.20
164.688357863 85.18
167.0838051884 85.17
169.5140950975 85.16
171.9797343873 85.12
174.4812372264 85.06
177.0191252622 84.99
179.5939277295 84.90
182.2061815611 84.83
184.8564314996 84.78
187.5452302111 84.77
190.2731384004 84.79
193.0407249281 84.83
195.8485669287 84.87
198.6972499318 84.91
201.5873679832 84.95
204.5195237697 84.99
207.4943287442 85.03
210.5124032534 85.06
213.5743766672 85.09
216.6808875099 85.12
219.8325835933 85.15
223.0301221518 85.17
226.2741699797 85.20
229.5654035698 85.22
232.9045092548 85.24
236.2921833503 85.26
239.7291323003 85.29
243.2160728239 85.31
246.7537320653 85.33
250.3428477452 85.36
253.9841683149 85.37
257.6784531119 85.39
261.4264725186 85.40
265.2290081229 85.42
269.0868528812 85.43
273.0008112836 85.45
276.971699522 85.46
281.0003456597 85.47
285.0875898049 85.48
289.2342842852 85.50
293.4412938255 85.51
297.7094957287 85.51
302.0397800581 85.52
306.4330498235 85.53
310.8902211692 85.53
315.4122235649 85.54
320 85.54
324.65450718 85.55
329.3767157259 85.55
334.1676103768 85.55
339.028190195 85.55
343.9594687746 85.55
348.9624744529 85.55
354.0382505244 85.54
359.187855459 85.54
364.4123631221 85.53
369.7128629991 85.53
375.0904604222 85.52
380.5462768009 85.51
386.0814498562 85.50
391.6971338575 85.49
397.3944998635 85.47
403.1747359664 85.46
409.0390475393 85.45
414.9886574883 85.43
421.0248065068 85.42
427.1487533344 85.40
433.3617750198 85.38
439.6651671866 85.36
446.0602443037 85.34
452.5483399594 85.31
459.1308071395 85.29
465.8090185095 85.27
472.5843667007 85.24
479.4582646005 85.22
486.4321456477 85.19
493.5074641306 85.16
500.6856954905 85.13
507.9683366298 85.11
515.3569062238 85.08
522.8529450372 85.05
530.4580162458 85.01
538.1737057624 84.98
546.0016225673 84.95
553.9433990439 84.91
562.0006913195 84.88
570.1751796098 84.84
578.4685685703 84.81
586.882587651 84.77
595.4189914574 84.74
604.0795601163 84.70
612.8660996471 84.67
621.7804423383 84.63
630.8244471297 84.59
640 84.56
649.30901436 84.52
658.7534314519 84.49
668.3352207536 84.46
678.05638039 84.42
687.9189375493 84.39
697.9249489058 84.35
708.0765010489 84.32
718.375710918 84.29
728.8247262443 84.26
739.4257259983 84.24
750.1809208443 84.22
761.0925536018 84.20
772.1628997124 84.18
783.394267715 84.17
794.7889997271 84.16
806.3494719327 84.16
818.0780950787 84.16
829.9773149767 84.18
842.0496130136 84.20
854.2975066688 84.23
866.7235500396 84.27
879.3303343732 84.33
892.1204886074 84.40
905.0966799188 84.49
918.2616142791 84.57
931.618037019 84.65
945.1687334013 84.74
958.9165292011 84.83
972.8642912955 84.92
987.0149282611 85.01
1001.371390981 85.10
1015.9366732597 85.19
1030.7138124476 85.29
1045.7058900743 85.39
1060.9160324916 85.50
1076.3474115248 85.61
1092.0032451345 85.72
1107.8867980879 85.84
1124.0013826389 85.96
1140.3503592197 86.08
1156.9371371406 86.21
1173.765175302 86.33
1190.8379829148 86.46
1208.1591202326 86.58
1225.7321992942 86.71
1243.5608846767 86.84
1261.6488942595 86.96
1280 87.09
1298.6180287201 87.22
1317.5068629037 87.35
1336.6704415071 87.48
1356.1127607799 87.60
1375.8378750985 87.73
1395.8498978116 87.86
1416.1530020977 87.99
1436.751421836 88.12
1457.6494524886 88.26
1478.8514519966 88.39
1500.3618416887 88.53
1522.1851072035 88.67
1544.3257994247 88.81
1566.78853543 88.95
1589.5779994541 89.09
1612.6989438655 89.24
1636.1561901574 89.39
1659.9546299533 89.54
1684.0992260271 89.70
1708.5950133377 89.86
1733.4471000793 90.02
1758.6606687464 90.19
1784.2409772148 90.36
1810.1933598376 90.53
1836.5232285581 90.71
1863.2360740381 90.89
1890.3374668026 91.07
1917.8330584022 91.25
1945.7285825909 91.44
1974.0298565222 91.62
2002.742781962 91.81
2031.8733465194 91.99
2061.4276248951 92.17
2091.4117801487 92.34
2121.8320649832 92.51
2152.6948230496 92.66
2184.0064902691 92.81
2215.7735961758 92.95
2248.0027652779 93.08
2280.7007184393 93.19
2313.8742742813 93.29
2347.530350604 93.38
2381.6759658296 93.45
2416.3182404652 93.51
2451.4643985884 93.56
2487.1217693533 93.59
2523.297788519 93.61
2560.0000000001 93.63
2597.2360574402 93.63
2635.0137258074 93.62
2673.3408830143 93.61
2712.2255215599 93.58
2751.6757501971 93.56
2791.6997956232 93.52
2832.3060041955 93.48
2873.5028436721 93.44
2915.2989049772 93.40
2957.7029039931 93.35
3000.7236833774 93.30
3044.3702144071 93.25
3088.6515988494 93.20
3133.57707086 93.16
3179.1559989082 93.11
3225.397887731 93.07
3272.3123803148 93.04
3319.9092599067 93.01
3368.1984520542 92.98
3417.1900266754 92.96
3466.8942001586 92.94
3517.3213374928 92.93
3568.4819544296 92.93
3620.3867196753 92.95
3673.0464571163 92.98
3726.4721480761 93.02
3780.6749336053 93.05
3835.6661168044 93.07
3891.4571651819 93.07
3948.0597130445 93.04
4005.4855639241 92.97
4063.7466930387 92.86
4122.8552497902 92.72
4182.8235602974 92.56
4243.6641299665 92.40
4305.3896460992 92.24
4368.0129805382 92.09
4431.5471923516 91.94
4496.0055305558 91.80
4561.4014368787 91.64
4627.7485485626 91.48
4695.0607012081 91.29
4763.3519316592 91.10
4832.6364809305 90.89
4902.9287971769 90.67
4974.2435387067 90.45
5046.595577038 90.23
5120.0000000002 90.00
5194.4721148803 89.79
5270.0274516149 89.59
5346.6817660286 89.42
5424.4510431198 89.28
5503.3515003942 89.18
5583.3995912463 89.12
5664.6120083911 89.10
5747.0056873442 89.11
5830.5978099545 89.16
5915.4058079863 89.25
6001.4473667548 89.36
6088.7404288142 89.50
6177.3031976989 89.66
6267.1541417201 89.82
6358.3119978165 90.00
6450.795775462 90.16
6544.6247606297 90.28
6639.8185198134 90.35
6736.3969041085 90.35
6834.3800533509 90.30
6933.7884003172 90.20
7034.6426749857 90.07
7136.9639088592 89.92
7240.7734393506 89.77
7346.0929142326 89.64
7452.9442961523 89.52
7561.3498672106 89.44
7671.3322336089 89.38
7782.9143303638 89.31
7896.119426089 89.22
8010.9711278481 89.04
8127.4933860775 88.73
8245.7104995805 88.34
8365.6471205948 87.90
8487.328259933 87.45
8610.7792921984 87.00
8736.0259610765 86.56
8863.0943847033 86.16
8992.0110611117 85.78
9122.8028737575 85.45
9255.4970971253 85.15
9390.1214024162 84.90
9526.7038633184 84.73
9665.272961861 84.65
9805.8575943538 84.66
9948.4870774134 84.78
10093.191154076 85.02
10240.0000000005 85.36
10388.9442297607 85.78
10540.0549032298 86.22
10693.3635320572 86.66
10848.9020862397 87.04
11006.7030007884 87.32
11166.7991824927 87.48
11329.2240167822 87.47
11494.0113746885 87.35
11661.1956199091 87.11
11830.8116159726 86.87
12002.8947335097 86.66
12177.4808576284 86.48
12354.6063953979 86.33
12534.3082834402 86.15
12716.6239956331 85.90
12901.5915509241 85.61
13089.2495212594 85.30
13279.637039627 84.93
13472.7938082171 84.47
13668.7601067018 83.95
13867.5768006344 83.44
14069.2853499715 83.18
14273.9278177184 83.19
14481.5468787012 83.31
14692.1858284653 83.33
14905.8885923047 83.14
15122.6997344212 82.71
15342.6644672179 82.02
15565.8286607277 81.05
15792.2388521781 79.87
16021.9422556964 78.89
16254.9867721551 78.54
16491.4209991611 78.58
16731.2942411897 79.17
16974.656519866 80.18
17221.5585843969 80.45
17472.0519221531 79.36
17726.1887694067 77.29
17984.0221222235 75.72
18245.605747515 75.29
18510.9941942506 75.41
18780.2428048326 75.52
19053.4077266369 75.44
19330.545923722 75.18
19611.7151887077 74.78
19896.9741548268 74.54
20186.382308152 74.54
