20 82.455
20.36 82.42
20.73 82.385
21.11 82.351
21.5 82.32
21.89 82.294
22.29 82.275
22.69 82.265
23.1 82.265
23.52 82.277
23.95 82.297
24.39 82.326
24.83 82.36
25.28 82.399
25.74 82.439
26.21 82.479
26.69 82.518
27.18 82.553
27.67 82.583
28.17 82.603
28.69 82.614
29.21 82.614
29.74 82.601
30.28 82.578
30.83 82.547
31.39 82.512
31.97 82.474
32.55 82.435
33.14 82.395
33.74 82.353
34.36 82.308
34.98 82.26
35.62 82.208
36.27 82.155
36.93 82.099
37.6 82.041
38.28 81.98
38.98 81.915
39.69 81.844
40.41 81.768
41.15 81.686
41.9 81.6
42.66 81.511
43.44 81.417
44.23 81.321
45.03 81.219
45.85 81.112
46.68 80.997
47.53 80.875
48.4 80.746
49.28 80.611
50.18 80.476
51.09 80.343
52.02 80.219
52.97 80.108
53.93 80.011
54.91 79.926
55.91 79.85
56.93 79.781
57.97 79.72
59.02 79.667
60.09 79.624
61.19 79.587
62.3 79.552
63.44 79.518
64.59 79.481
65.77 79.44
66.96 79.392
68.18 79.338
69.42 79.275
70.69 79.208
71.97 79.135
73.28 79.053
74.62 78.961
75.97 78.852
77.36 78.726
78.76 78.583
80.2 78.427
81.66 78.262
83.14 78.09
84.66 77.915
86.2 77.736
87.77 77.555
89.36 77.368
90.99 77.174
92.65 76.977
94.33 76.785
96.05 76.605
97.8 76.443
99.58 76.299
101.39 76.172
103.23 76.066
105.11 75.982
107.03 75.923
108.97 75.893
110.96 75.893
112.98 75.919
115.03 75.97
117.13 76.041
119.26 76.123
121.43 76.205
123.64 76.278
125.89 76.346
128.18 76.415
130.51 76.485
132.89 76.558
135.31 76.633
137.77 76.711
140.28 76.786
142.83 76.852
145.43 76.909
148.07 76.957
150.77 76.997
153.51 77.033
156.31 77.067
159.15 77.093
162.05 77.106
165 77.102
168 77.079
171.06 77.036
174.17 76.972
177.34 76.892
180.57 76.797
183.86 76.691
187.2 76.572
190.61 76.445
194.08 76.306
197.61 76.156
201.21 75.992
204.87 75.812
208.6 75.616
212.39 75.403
216.26 75.175
220.19 74.934
224.2 74.685
228.28 74.435
232.44 74.192
236.67 73.968
240.97 73.775
245.36 73.622
249.82 73.518
254.37 73.465
259 73.462
263.71 73.498
268.51 73.559
273.4 73.636
278.38 73.716
283.44 73.794
288.6 73.863
293.85 73.922
299.2 73.968
304.65 74.002
310.19 74.026
315.84 74.042
321.59 74.051
327.44 74.053
333.4 74.045
339.47 74.025
345.64 73.987
351.93 73.931
358.34 73.857
364.86 73.773
371.5 73.686
378.26 73.603
385.15 73.531
392.16 73.474
399.29 73.433
406.56 73.409
413.96 73.403
421.49 73.411
429.16 73.429
436.97 73.453
444.93 73.475
453.02 73.495
461.27 73.507
469.66 73.512
478.21 73.512
486.91 73.508
495.78 73.499
504.8 73.486
513.99 73.467
523.34 73.442
532.87 73.414
542.56 73.387
552.44 73.366
562.49 73.356
572.73 73.363
583.15 73.389
593.77 73.434
604.57 73.495
615.57 73.567
626.78 73.646
638.18 73.725
649.8 73.795
661.63 73.852
673.67 73.895
685.93 73.93
698.41 73.966
711.12 74.015
724.06 74.086
737.24 74.177
750.66 74.279
764.32 74.379
778.23 74.468
792.39 74.542
806.82 74.6
821.5 74.645
836.45 74.679
851.67 74.707
867.17 74.733
882.96 74.759
899.02 74.787
915.39 74.817
932.05 74.851
949.01 74.887
966.28 74.926
983.87 74.964
1001.77 75.004
1020 75.043
1038.57 75.083
1057.47 75.123
1076.71 75.163
1096.31 75.201
1116.26 75.236
1136.58 75.27
1157.26 75.302
1178.32 75.333
1199.77 75.363
1221.6 75.392
1243.84 75.419
1266.47 75.443
1289.52 75.465
1312.99 75.483
1336.89 75.494
1361.22 75.501
1385.99 75.504
1411.22 75.506
1436.9 75.512
1463.05 75.528
1489.68 75.556
1516.79 75.594
1544.4 75.637
1572.5 75.681
1601.12 75.724
1630.26 75.765
1659.93 75.806
1690.14 75.847
1720.9 75.892
1752.22 75.941
1784.11 76.002
1816.58 76.081
1849.64 76.188
1883.3 76.332
1917.58 76.513
1952.48 76.727
1988.01 76.969
2024.19 77.244
2061.03 77.552
2098.54 77.898
2136.73 78.281
2175.62 78.694
2215.22 79.123
2255.53 79.545
2296.58 79.931
2338.38 80.248
2380.94 80.471
2424.27 80.585
2468.39 80.586
2513.31 80.481
2559.05 80.275
2605.63 79.977
2653.05 79.595
2701.33 79.14
2750.5 78.633
2800.55 78.107
2851.52 77.604
2903.42 77.175
2956.26 76.861
3010.06 76.672
3064.85 76.59
3120.62 76.566
3177.42 76.534
3235.25 76.412
3294.13 76.122
3354.08 75.618
3415.12 74.918
3477.27 74.114
3540.56 73.369
3605 72.86
3670.6 72.719
3737.41 72.984
3805.43 73.577
3874.68 74.341
3945.2 75.098
4017 75.706
4090.11 76.111
4164.55 76.357
4240.34 76.557
4317.51 76.809
4396.09 77.137
4476.1 77.489
4557.56 77.78
4640.5 77.94
4724.96 77.937
4810.95 77.773
4898.51 77.475
4987.66 77.086
5078.43 76.663
5170.86 76.275
5264.97 75.997
5360.79 75.886
5458.35 75.955
5557.69 76.179
5658.84 76.52
5761.82 76.946
5866.69 77.433
5973.46 77.957
6082.17 78.48
6192.87 78.939
6305.57 79.27
6420.33 79.43
6537.18 79.425
6656.15 79.299
6777.29 79.137
6900.63 79.033
7026.22 79.064
7154.1 79.253
7284.3 79.567
7416.87 79.958
7551.85 80.389
7689.29 80.819
7829.23 81.169
7971.72 81.303
8116.8 81.049
8264.53 80.247
8414.94 78.843
8568.09 76.935
8724.02 74.753
8882.79 72.607
9044.46 70.847
9209.06 69.804
9376.66 69.567
9547.31 69.816
9721.07 70.04
9897.99 69.844
10078.13 69.154
10261.55 68.236
10448.3 67.559
10638.45 67.576
10832.07 68.462
11029.21 69.996
11229.94 71.708
11434.32 73.101
11642.41 73.823
11854.3 73.744
12070.04 72.988
12289.71 71.885
12513.38 70.778
12741.12 69.835
12973 69.084
13209.1 68.549
13449.5 68.295
13694.28 68.382
13943.51 68.769
14197.27 69.267
14455.66 69.608
14718.74 69.541
14986.62 68.94
15259.37 67.841
15537.08 66.424
15819.85 64.949
16107.76 63.667
16400.92 62.775
16699.41 62.401
17003.33 62.425
17312.78 62.46
17627.86 62.141
17948.68 61.3
18275.34 59.954
18607.94 58.261
18946.6 56.51
19291.42 54.975
19642.52 53.65
20000 52.387