20 84.554
20.36 84.582
20.73 84.611
21.11 84.639
21.5 84.665
21.89 84.691
22.29 84.715
22.69 84.738
23.1 84.761
23.52 84.783
23.95 84.805
24.39 84.826
24.83 84.846
25.28 84.865
25.74 84.883
26.21 84.899
26.69 84.915
27.18 84.929
27.67 84.944
28.17 84.959
28.69 84.974
29.21 84.989
29.74 85.002
30.28 85.01
30.83 85.013
31.39 85.007
31.97 84.994
32.55 84.973
33.14 84.945
33.74 84.912
34.36 84.875
34.98 84.836
35.62 84.794
36.27 84.751
36.93 84.707
37.6 84.661
38.28 84.613
38.98 84.562
39.69 84.508
40.41 84.45
41.15 84.386
41.9 84.316
42.66 84.237
43.44 84.149
44.23 84.049
45.03 83.936
45.85 83.811
46.68 83.672
47.53 83.52
48.4 83.356
49.28 83.183
50.18 83.001
51.09 82.812
52.02 82.62
52.97 82.427
53.93 82.235
54.91 82.05
55.91 81.876
56.93 81.718
57.97 81.583
59.02 81.476
60.09 81.401
61.19 81.358
62.3 81.347
63.44 81.36
64.59 81.392
65.77 81.431
66.96 81.47
68.18 81.5
69.42 81.516
70.69 81.513
71.97 81.487
73.28 81.434
74.62 81.351
75.97 81.237
77.36 81.091
78.76 80.914
80.2 80.712
81.66 80.491
83.14 80.256
84.66 80.014
86.2 79.769
87.77 79.52
89.36 79.264
90.99 78.998
92.65 78.724
94.33 78.454
96.05 78.199
97.8 77.966
99.58 77.756
101.39 77.572
103.23 77.412
105.11 77.275
107.03 77.161
108.97 77.076
110.96 77.029
112.98 77.027
115.03 77.067
117.13 77.141
119.26 77.245
121.43 77.379
123.64 77.535
125.89 77.696
128.18 77.843
130.51 77.967
132.89 78.064
135.31 78.131
137.77 78.169
140.28 78.186
142.83 78.191
145.43 78.192
148.07 78.197
150.77 78.21
153.51 78.23
156.31 78.251
159.15 78.263
162.05 78.261
165 78.243
168 78.209
171.06 78.158
174.17 78.087
177.34 77.996
180.57 77.88
183.86 77.745
187.2 77.597
190.61 77.444
194.08 77.293
197.61 77.148
201.21 77.006
204.87 76.865
208.6 76.723
212.39 76.576
216.26 76.428
220.19 76.277
224.2 76.126
228.28 75.974
232.44 75.824
236.67 75.674
240.97 75.528
245.36 75.389
249.82 75.259
254.37 75.147
259 75.059
263.71 74.998
268.51 74.964
273.4 74.952
278.38 74.955
283.44 74.963
288.6 74.97
293.85 74.971
299.2 74.965
304.65 74.953
310.19 74.935
315.84 74.908
321.59 74.873
327.44 74.828
333.4 74.776
339.47 74.717
345.64 74.653
351.93 74.587
358.34 74.522
364.86 74.458
371.5 74.395
378.26 74.335
385.15 74.278
392.16 74.224
399.29 74.172
406.56 74.121
413.96 74.069
421.49 74.012
429.16 73.953
436.97 73.891
444.93 73.83
453.02 73.771
461.27 73.717
469.66 73.671
478.21 73.633
486.91 73.604
495.78 73.583
504.8 73.569
513.99 73.56
523.34 73.553
532.87 73.55
542.56 73.553
552.44 73.568
562.49 73.603
572.73 73.665
583.15 73.756
593.77 73.872
604.57 74.005
615.57 74.145
626.78 74.281
638.18 74.402
649.8 74.502
661.63 74.576
673.67 74.626
685.93 74.659
698.41 74.687
711.12 74.725
724.06 74.78
737.24 74.846
750.66 74.911
764.32 74.97
778.23 75.015
792.39 75.047
806.82 75.069
821.5 75.08
836.45 75.085
851.67 75.082
867.17 75.075
882.96 75.064
899.02 75.052
915.39 75.039
932.05 75.026
949.01 75.015
966.28 75.006
983.87 75.001
1001.77 75
1020 75.005
1038.57 75.015
1057.47 75.033
1076.71 75.057
1096.31 75.09
1116.26 75.13
1136.58 75.176
1157.26 75.229
1178.32 75.287
1199.77 75.347
1221.6 75.407
1243.84 75.466
1266.47 75.52
1289.52 75.569
1312.99 75.613
1336.89 75.656
1361.22 75.702
1385.99 75.758
1411.22 75.831
1436.9 75.927
1463.05 76.052
1489.68 76.202
1516.79 76.368
1544.4 76.535
1572.5 76.694
1601.12 76.842
1630.26 76.978
1659.93 77.102
1690.14 77.214
1720.9 77.316
1752.22 77.406
1784.11 77.486
1816.58 77.56
1849.64 77.639
1883.3 77.733
1917.58 77.852
1952.48 78.001
1988.01 78.177
2024.19 78.385
2061.03 78.63
2098.54 78.923
2136.73 79.27
2175.62 79.675
2215.22 80.132
2255.53 80.625
2296.58 81.121
2338.38 81.583
2380.94 81.971
2424.27 82.255
2468.39 82.422
2513.31 82.469
2559.05 82.405
2605.63 82.237
2653.05 81.972
2701.33 81.614
2750.5 81.171
2800.55 80.661
2851.52 80.113
2903.42 79.577
2956.26 79.111
3010.06 78.763
3064.85 78.567
3120.62 78.528
3177.42 78.617
3235.25 78.757
3294.13 78.837
3354.08 78.747
3415.12 78.425
3477.27 77.879
3540.56 77.195
3605 76.501
3670.6 75.942
3737.41 75.624
3805.43 75.576
3874.68 75.752
3945.2 76.056
4017 76.397
4090.11 76.723
4164.55 77.037
4240.34 77.386
4317.51 77.825
4396.09 78.385
4476.1 79.067
4557.56 79.838
4640.5 80.64
4724.96 81.388
4810.95 81.997
4898.51 82.402
4987.66 82.587
5078.43 82.591
5170.86 82.481
5264.97 82.317
5360.79 82.135
5458.35 81.951
5557.69 81.757
5658.84 81.543
5761.82 81.294
5866.69 80.995
5973.46 80.641
6082.17 80.234
6192.87 79.789
6305.57 79.334
6420.33 78.906
6537.18 78.556
6656.15 78.326
6777.29 78.22
6900.63 78.191
7026.22 78.141
7154.1 77.97
7284.3 77.621
7416.87 77.117
7551.85 76.553
7689.29 76.07
7829.23 75.803
7971.72 75.852
8116.8 76.259
8264.53 76.975
8414.94 77.865
8568.09 78.705
8724.02 79.221
8882.79 79.16
9044.46 78.39
9209.06 76.982
9376.66 75.214
9547.31 73.498
9721.07 72.242
9897.99 71.696
10078.13 71.849
10261.55 72.467
10448.3 73.22
10638.45 73.774
10832.07 73.894
11029.21 73.515
11229.94 72.738
11434.32 71.754
11642.41 70.733
11854.3 69.776
12070.04 68.974
12289.71 68.483
12513.38 68.429
12741.12 68.786
12973 69.407
13209.1 70.081
13449.5 70.534
13694.28 70.477
13943.51 69.697
14197.27 68.114
14455.66 65.838
14718.74 63.178
14986.62 60.56
15259.37 58.435
15537.08 57.163
15819.85 56.887
16107.76 57.525
16400.92 58.835
16699.41 60.402
17003.33 61.836
17312.78 62.875
17627.86 63.36
17948.68 63.249
18275.34 62.597
18607.94 61.522
18946.6 60.242
19291.42 59.031
19642.52 58.033
20000 57.16