20 66.699
20.36 66.838
20.73 66.977
21.11 67.117
21.5 67.256
21.89 67.392
22.29 67.519
22.69 67.635
23.1 67.737
23.52 67.828
23.95 67.911
24.39 67.99
24.83 68.073
25.28 68.162
25.74 68.26
26.21 68.368
26.69 68.485
27.18 68.607
27.67 68.732
28.17 68.857
28.69 68.982
29.21 69.105
29.74 69.226
30.28 69.343
30.83 69.455
31.39 69.56
31.97 69.656
32.55 69.743
33.14 69.822
33.74 69.895
34.36 69.965
34.98 70.036
35.62 70.111
36.27 70.193
36.93 70.283
37.6 70.379
38.28 70.481
38.98 70.585
39.69 70.69
40.41 70.795
41.15 70.899
41.9 71.003
42.66 71.105
43.44 71.204
44.23 71.3
45.03 71.39
45.85 71.475
46.68 71.554
47.53 71.629
48.4 71.703
49.28 71.779
50.18 71.86
51.09 71.946
52.02 72.033
52.97 72.115
53.93 72.187
54.91 72.246
55.91 72.294
56.93 72.333
57.97 72.372
59.02 72.414
60.09 72.466
61.19 72.532
62.3 72.616
63.44 72.719
64.59 72.84
65.77 72.973
66.96 73.113
68.18 73.254
69.42 73.389
70.69 73.515
71.97 73.63
73.28 73.734
74.62 73.827
75.97 73.91
77.36 73.982
78.76 74.043
80.2 74.096
81.66 74.144
83.14 74.189
84.66 74.23
86.2 74.267
87.77 74.295
89.36 74.308
90.99 74.294
92.65 74.245
94.33 74.155
96.05 74.029
97.8 73.885
99.58 73.752
101.39 73.663
103.23 73.646
105.11 73.705
107.03 73.829
108.97 73.997
110.96 74.184
112.98 74.369
115.03 74.539
117.13 74.689
119.26 74.823
121.43 74.946
123.64 75.054
125.89 75.146
128.18 75.219
130.51 75.274
132.89 75.316
135.31 75.349
137.77 75.379
140.28 75.407
142.83 75.436
145.43 75.467
148.07 75.497
150.77 75.523
153.51 75.544
156.31 75.562
159.15 75.579
162.05 75.596
165 75.614
168 75.63
171.06 75.646
174.17 75.661
177.34 75.673
180.57 75.678
183.86 75.674
187.2 75.657
190.61 75.627
194.08 75.582
197.61 75.522
201.21 75.448
204.87 75.367
208.6 75.282
212.39 75.197
216.26 75.111
220.19 75.025
224.2 74.937
228.28 74.848
232.44 74.759
236.67 74.673
240.97 74.595
245.36 74.526
249.82 74.462
254.37 74.395
259 74.322
263.71 74.242
268.51 74.159
273.4 74.078
278.38 74.004
283.44 73.937
288.6 73.874
293.85 73.812
299.2 73.748
304.65 73.679
310.19 73.601
315.84 73.516
321.59 73.423
327.44 73.323
333.4 73.221
339.47 73.119
345.64 73.019
351.93 72.921
358.34 72.824
364.86 72.727
371.5 72.635
378.26 72.553
385.15 72.491
392.16 72.462
399.29 72.478
406.56 72.545
413.96 72.662
421.49 72.814
429.16 72.972
436.97 73.109
444.93 73.204
453.02 73.249
461.27 73.247
469.66 73.208
478.21 73.143
486.91 73.063
495.78 72.981
504.8 72.902
513.99 72.83
523.34 72.768
532.87 72.716
542.56 72.669
552.44 72.626
562.49 72.582
572.73 72.535
583.15 72.484
593.77 72.43
604.57 72.374
615.57 72.318
626.78 72.265
638.18 72.221
649.8 72.192
661.63 72.186
673.67 72.206
685.93 72.254
698.41 72.325
711.12 72.414
724.06 72.518
737.24 72.63
750.66 72.749
764.32 72.871
778.23 72.995
792.39 73.121
806.82 73.248
821.5 73.381
836.45 73.519
851.67 73.662
867.17 73.809
882.96 73.959
899.02 74.111
915.39 74.266
932.05 74.421
949.01 74.575
966.28 74.728
983.87 74.875
1001.77 75.014
1020 75.142
1038.57 75.26
1057.47 75.373
1076.71 75.486
1096.31 75.598
1116.26 75.71
1136.58 75.821
1157.26 75.929
1178.32 76.03
1199.77 76.125
1221.6 76.211
1243.84 76.29
1266.47 76.365
1289.52 76.438
1312.99 76.514
1336.89 76.598
1361.22 76.691
1385.99 76.795
1411.22 76.909
1436.9 77.033
1463.05 77.166
1489.68 77.309
1516.79 77.462
1544.4 77.628
1572.5 77.803
1601.12 77.986
1630.26 78.173
1659.93 78.366
1690.14 78.568
1720.9 78.787
1752.22 79.026
1784.11 79.283
1816.58 79.553
1849.64 79.83
1883.3 80.107
1917.58 80.377
1952.48 80.637
1988.01 80.89
2024.19 81.137
2061.03 81.382
2098.54 81.626
2136.73 81.864
2175.62 82.096
2215.22 82.318
2255.53 82.53
2296.58 82.735
2338.38 82.934
2380.94 83.13
2424.27 83.324
2468.39 83.518
2513.31 83.706
2559.05 83.876
2605.63 84.01
2653.05 84.09
2701.33 84.105
2750.5 84.05
2800.55 83.925
2851.52 83.74
2903.42 83.509
2956.26 83.253
3010.06 82.994
3064.85 82.751
3120.62 82.544
3177.42 82.389
3235.25 82.288
3294.13 82.238
3354.08 82.224
3415.12 82.224
3477.27 82.216
3540.56 82.173
3605 82.066
3670.6 81.861
3737.41 81.526
3805.43 81.033
3874.68 80.375
3945.2 79.578
4017 78.702
4090.11 77.837
4164.55 77.095
4240.34 76.587
4317.51 76.389
4396.09 76.516
4476.1 76.92
4557.56 77.507
4640.5 78.173
4724.96 78.838
4810.95 79.454
4898.51 80.005
4987.66 80.504
5078.43 80.98
5170.86 81.464
5264.97 81.978
5360.79 82.526
5458.35 83.104
5557.69 83.694
5658.84 84.277
5761.82 84.835
5866.69 85.356
5973.46 85.823
6082.17 86.206
6192.87 86.465
6305.57 86.55
6420.33 86.42
6537.18 86.065
6656.15 85.516
6777.29 84.851
6900.63 84.192
7026.22 83.682
7154.1 83.476
7284.3 83.697
7416.87 84.41
7551.85 85.585
7689.29 87.084
7829.23 88.688
7971.72 90.132
8116.8 91.161
8264.53 91.583
8414.94 91.328
8568.09 90.469
8724.02 89.199
8882.79 87.775
9044.46 86.436
9209.06 85.357
9376.66 84.605
9547.31 84.139
9721.07 83.852
9897.99 83.614
10078.13 83.324
10261.55 82.926
10448.3 82.413
10638.45 81.805
10832.07 81.145
11029.21 80.468
11229.94 79.775
11434.32 78.999
11642.41 78.024
11854.3 76.759
12070.04 75.238
12289.71 73.667
12513.38 72.347
12741.12 71.549
12973 71.41
13209.1 71.91
13449.5 72.934
13694.28 74.333
13943.51 75.927
14197.27 77.51
14455.66 78.901
14718.74 79.988
14986.62 80.728
15259.37 81.097
15537.08 81.051
15819.85 80.508
16107.76 79.411
16400.92 77.841
16699.41 76.054
17003.33 74.397
17312.78 73.136
17627.86 72.336
17948.68 71.863
18275.34 71.482
18607.94 71.026
18946.6 70.459
19291.42 69.823
19642.52 69.165
20000 68.507