20 53.211
20.36 53.465
20.73 53.721
21.11 53.987
21.5 54.265
21.89 54.557
22.29 54.861
22.69 55.174
23.1 55.491
23.52 55.806
23.95 56.121
24.39 56.432
24.83 56.742
25.28 57.051
25.74 57.363
26.21 57.677
26.69 57.992
27.18 58.305
27.67 58.613
28.17 58.912
28.69 59.201
29.21 59.479
29.74 59.749
30.28 60.019
30.83 60.293
31.39 60.576
31.97 60.869
32.55 61.17
33.14 61.473
33.74 61.774
34.36 62.071
34.98 62.364
35.62 62.654
36.27 62.944
36.93 63.234
37.6 63.524
38.28 63.812
38.98 64.093
39.69 64.368
40.41 64.634
41.15 64.895
41.9 65.151
42.66 65.406
43.44 65.662
44.23 65.922
45.03 66.189
45.85 66.464
46.68 66.747
47.53 67.037
48.4 67.33
49.28 67.621
50.18 67.907
51.09 68.183
52.02 68.451
52.97 68.713
53.93 68.974
54.91 69.238
55.91 69.505
56.93 69.771
57.97 70.034
59.02 70.286
60.09 70.524
61.19 70.745
62.3 70.948
63.44 71.136
64.59 71.31
65.77 71.475
66.96 71.636
68.18 71.796
69.42 71.962
70.69 72.139
71.97 72.33
73.28 72.535
74.62 72.749
75.97 72.966
77.36 73.178
78.76 73.38
80.2 73.571
81.66 73.75
83.14 73.917
84.66 74.074
86.2 74.219
87.77 74.356
89.36 74.483
90.99 74.606
92.65 74.724
94.33 74.837
96.05 74.943
97.8 75.043
99.58 75.136
101.39 75.222
103.23 75.3
105.11 75.372
107.03 75.437
108.97 75.493
110.96 75.541
112.98 75.582
115.03 75.617
117.13 75.649
119.26 75.675
121.43 75.692
123.64 75.703
125.89 75.706
128.18 75.706
130.51 75.702
132.89 75.696
135.31 75.687
137.77 75.676
140.28 75.662
142.83 75.643
145.43 75.616
148.07 75.581
150.77 75.536
153.51 75.485
156.31 75.428
159.15 75.37
162.05 75.313
165 75.26
168 75.215
171.06 75.181
174.17 75.159
177.34 75.148
180.57 75.145
183.86 75.142
187.2 75.131
190.61 75.11
194.08 75.075
197.61 75.031
201.21 74.983
204.87 74.934
208.6 74.889
212.39 74.85
216.26 74.82
220.19 74.8
224.2 74.79
228.28 74.787
232.44 74.791
236.67 74.8
240.97 74.807
245.36 74.814
249.82 74.817
254.37 74.816
259 74.811
263.71 74.8
268.51 74.785
273.4 74.767
278.38 74.745
283.44 74.72
288.6 74.693
293.85 74.664
299.2 74.632
304.65 74.598
310.19 74.562
315.84 74.525
321.59 74.488
327.44 74.451
333.4 74.416
339.47 74.384
345.64 74.354
351.93 74.327
358.34 74.3
364.86 74.274
371.5 74.247
378.26 74.221
385.15 74.195
392.16 74.169
399.29 74.141
406.56 74.113
413.96 74.081
421.49 74.047
429.16 74.008
436.97 73.967
444.93 73.925
453.02 73.885
461.27 73.847
469.66 73.814
478.21 73.785
486.91 73.762
495.78 73.744
504.8 73.732
513.99 73.726
523.34 73.725
532.87 73.73
542.56 73.739
552.44 73.752
562.49 73.766
572.73 73.78
583.15 73.793
593.77 73.805
604.57 73.817
615.57 73.831
626.78 73.847
638.18 73.866
649.8 73.89
661.63 73.917
673.67 73.945
685.93 73.976
698.41 74.008
711.12 74.039
724.06 74.072
737.24 74.104
750.66 74.139
764.32 74.174
778.23 74.212
792.39 74.253
806.82 74.297
821.5 74.343
836.45 74.391
851.67 74.441
867.17 74.492
882.96 74.544
899.02 74.599
915.39 74.657
932.05 74.719
949.01 74.784
966.28 74.854
983.87 74.929
1001.77 75.008
1020 75.091
1038.57 75.18
1057.47 75.272
1076.71 75.369
1096.31 75.472
1116.26 75.58
1136.58 75.696
1157.26 75.821
1178.32 75.956
1199.77 76.101
1221.6 76.257
1243.84 76.42
1266.47 76.589
1289.52 76.764
1312.99 76.944
1336.89 77.132
1361.22 77.332
1385.99 77.548
1411.22 77.788
1436.9 78.054
1463.05 78.345
1489.68 78.655
1516.79 78.98
1544.4 79.316
1572.5 79.66
1601.12 80.004
1630.26 80.338
1659.93 80.658
1690.14 80.962
1720.9 81.258
1752.22 81.559
1784.11 81.881
1816.58 82.229
1849.64 82.598
1883.3 82.976
1917.58 83.342
1952.48 83.677
1988.01 83.962
2024.19 84.19
2061.03 84.359
2098.54 84.467
2136.73 84.517
2175.62 84.514
2215.22 84.47
2255.53 84.392
2296.58 84.287
2338.38 84.158
2380.94 84.009
2424.27 83.843
2468.39 83.666
2513.31 83.485
2559.05 83.31
2605.63 83.149
2653.05 83.001
2701.33 82.865
2750.5 82.741
2800.55 82.625
2851.52 82.516
2903.42 82.4
2956.26 82.26
3010.06 82.074
3064.85 81.821
3120.62 81.485
3177.42 81.069
3235.25 80.613
3294.13 80.185
3354.08 79.822
3415.12 79.487
3477.27 79.085
3540.56 78.522
3605 77.757
3670.6 76.817
3737.41 75.801
3805.43 74.855
3874.68 74.123
3945.2 73.715
4017 73.695
4090.11 74.028
4164.55 74.547
4240.34 75.043
4317.51 75.365
4396.09 75.453
4476.1 75.339
4557.56 75.136
4640.5 74.992
4724.96 75.037
4810.95 75.344
4898.51 75.89
4987.66 76.578
5078.43 77.286
5170.86 77.906
5264.97 78.358
5360.79 78.595
5458.35 78.618
5557.69 78.475
5658.84 78.207
5761.82 77.818
5866.69 77.26
5973.46 76.478
6082.17 75.443
6192.87 74.16
6305.57 72.671
6420.33 71.085
6537.18 69.6
6656.15 68.452
6777.29 67.809
6900.63 67.738
7026.22 68.237
7154.1 69.238
7284.3 70.588
7416.87 72.081
7551.85 73.515
7689.29 74.719
7829.23 75.561
7971.72 75.975
8116.8 76.007
8264.53 75.795
8414.94 75.524
8568.09 75.375
8724.02 75.475
8882.79 75.861
9044.46 76.449
9209.06 77.06
9376.66 77.478
9547.31 77.514
9721.07 77.053
9897.99 76.078
10078.13 74.692
10261.55 73.105
10448.3 71.575
10638.45 70.362
10832.07 69.682
11029.21 69.645
11229.94 70.212
11434.32 71.226
11642.41 72.504
11854.3 73.868
12070.04 75.166
12289.71 76.278
12513.38 77.117
12741.12 77.656
12973 77.937
13209.1 78.042
13449.5 78.043
13694.28 77.956
13943.51 77.746
14197.27 77.361
14455.66 76.787
14718.74 76.07
14986.62 75.282
15259.37 74.477
15537.08 73.649
15819.85 72.719
16107.76 71.561
16400.92 70.086
16699.41 68.332
17003.33 66.472
17312.78 64.681
17627.86 62.999
17948.68 61.336
18275.34 59.615
18607.94 57.859
18946.6 56.179
19291.42 54.698
19642.52 53.445
20000 52.306