20 67.74
20.36 67.963
20.73 68.185
21.11 68.407
21.5 68.627
21.89 68.846
22.29 69.064
22.69 69.28
23.1 69.497
23.52 69.712
23.95 69.926
24.39 70.138
24.83 70.35
25.28 70.561
25.74 70.771
26.21 70.98
26.69 71.187
27.18 71.394
27.67 71.6
28.17 71.805
28.69 72.009
29.21 72.212
29.74 72.414
30.28 72.615
30.83 72.814
31.39 73.013
31.97 73.21
32.55 73.406
33.14 73.6
33.74 73.793
34.36 73.985
34.98 74.175
35.62 74.364
36.27 74.551
36.93 74.736
37.6 74.92
38.28 75.101
38.98 75.282
39.69 75.46
40.41 75.636
41.15 75.811
41.9 75.983
42.66 76.152
43.44 76.321
44.23 76.486
45.03 76.65
45.85 76.811
46.68 76.968
47.53 77.124
48.4 77.277
49.28 77.427
50.18 77.574
51.09 77.719
52.02 77.86
52.97 77.998
53.93 78.132
54.91 78.264
55.91 78.392
56.93 78.516
57.97 78.637
59.02 78.753
60.09 78.866
61.19 78.975
62.3 79.079
63.44 79.179
64.59 79.274
65.77 79.366
66.96 79.452
68.18 79.533
69.42 79.61
70.69 79.682
71.97 79.75
73.28 79.812
74.62 79.871
75.97 79.926
77.36 79.976
78.76 80.022
80.2 80.065
81.66 80.105
83.14 80.139
84.66 80.171
86.2 80.198
87.77 80.221
89.36 80.238
90.99 80.251
92.65 80.259
94.33 80.262
96.05 80.26
97.8 80.254
99.58 80.245
101.39 80.234
103.23 80.221
105.11 80.208
107.03 80.195
108.97 80.182
110.96 80.169
112.98 80.155
115.03 80.139
117.13 80.122
119.26 80.101
121.43 80.078
123.64 80.05
125.89 80.019
128.18 79.986
130.51 79.949
132.89 79.908
135.31 79.865
137.77 79.819
140.28 79.771
142.83 79.721
145.43 79.669
148.07 79.617
150.77 79.564
153.51 79.51
156.31 79.458
159.15 79.404
162.05 79.352
165 79.3
168 79.25
171.06 79.2
174.17 79.152
177.34 79.106
180.57 79.059
183.86 79.011
187.2 78.962
190.61 78.909
194.08 78.853
197.61 78.794
201.21 78.731
204.87 78.664
208.6 78.592
212.39 78.515
216.26 78.435
220.19 78.349
224.2 78.26
228.28 78.168
232.44 78.072
236.67 77.974
240.97 77.873
245.36 77.771
249.82 77.668
254.37 77.565
259 77.463
263.71 77.362
268.51 77.265
273.4 77.17
278.38 77.078
283.44 76.99
288.6 76.906
293.85 76.827
299.2 76.753
304.65 76.682
310.19 76.614
315.84 76.548
321.59 76.484
327.44 76.42
333.4 76.357
339.47 76.295
345.64 76.235
351.93 76.175
358.34 76.115
364.86 76.054
371.5 75.992
378.26 75.928
385.15 75.863
392.16 75.797
399.29 75.73
406.56 75.661
413.96 75.591
421.49 75.52
429.16 75.447
436.97 75.374
444.93 75.301
453.02 75.228
461.27 75.157
469.66 75.086
478.21 75.016
486.91 74.948
495.78 74.882
504.8 74.821
513.99 74.766
523.34 74.717
532.87 74.676
542.56 74.642
552.44 74.616
562.49 74.596
572.73 74.582
583.15 74.574
593.77 74.568
604.57 74.564
615.57 74.563
626.78 74.561
638.18 74.562
649.8 74.564
661.63 74.569
673.67 74.574
685.93 74.582
698.41 74.59
711.12 74.599
724.06 74.607
737.24 74.616
750.66 74.625
764.32 74.635
778.23 74.646
792.39 74.66
806.82 74.676
821.5 74.695
836.45 74.715
851.67 74.737
867.17 74.759
882.96 74.784
899.02 74.809
915.39 74.836
932.05 74.865
949.01 74.896
966.28 74.929
983.87 74.965
1001.77 75.004
1020 75.047
1038.57 75.095
1057.47 75.149
1076.71 75.21
1096.31 75.277
1116.26 75.353
1136.58 75.438
1157.26 75.533
1178.32 75.64
1199.77 75.758
1221.6 75.887
1243.84 76.024
1266.47 76.166
1289.52 76.315
1312.99 76.469
1336.89 76.628
1361.22 76.792
1385.99 76.962
1411.22 77.139
1436.9 77.323
1463.05 77.515
1489.68 77.712
1516.79 77.913
1544.4 78.118
1572.5 78.325
1601.12 78.538
1630.26 78.76
1659.93 78.994
1690.14 79.239
1720.9 79.493
1752.22 79.753
1784.11 80.013
1816.58 80.27
1849.64 80.52
1883.3 80.757
1917.58 80.978
1952.48 81.181
1988.01 81.362
2024.19 81.521
2061.03 81.655
2098.54 81.76
2136.73 81.834
2175.62 81.87
2215.22 81.866
2255.53 81.828
2296.58 81.763
2338.38 81.684
2380.94 81.599
2424.27 81.514
2468.39 81.43
2513.31 81.344
2559.05 81.253
2605.63 81.152
2653.05 81.042
2701.33 80.926
2750.5 80.807
2800.55 80.691
2851.52 80.579
2903.42 80.476
2956.26 80.382
3010.06 80.295
3064.85 80.207
3120.62 80.113
3177.42 80.011
3235.25 79.908
3294.13 79.816
3354.08 79.739
3415.12 79.674
3477.27 79.608
3540.56 79.52
3605 79.383
3670.6 79.159
3737.41 78.795
3805.43 78.226
3874.68 77.387
3945.2 76.226
4017 74.731
4090.11 72.966
4164.55 71.088
4240.34 69.364
4317.51 68.118
4396.09 67.636
4476.1 68.019
4557.56 69.149
4640.5 70.811
4724.96 72.787
4810.95 74.894
4898.51 76.962
4987.66 78.827
5078.43 80.341
5170.86 81.39
5264.97 81.914
5360.79 81.909
5458.35 81.425
5557.69 80.548
5658.84 79.38
5761.82 78.034
5866.69 76.621
5973.46 75.26
6082.17 74.065
6192.87 73.126
6305.57 72.487
6420.33 72.135
6537.18 71.996
6656.15 71.956
6777.29 71.899
6900.63 71.76
7026.22 71.558
7154.1 71.37
7284.3 71.28
7416.87 71.326
7551.85 71.498
7689.29 71.749
7829.23 72.019
7971.72 72.254
8116.8 72.417
8264.53 72.5
8414.94 72.517
8568.09 72.498
8724.02 72.46
8882.79 72.412
9044.46 72.361
9209.06 72.325
9376.66 72.317
9547.31 72.339
9721.07 72.357
9897.99 72.288
10078.13 72.022
10261.55 71.449
10448.3 70.507
10638.45 69.201
10832.07 67.63
11029.21 65.978
11229.94 64.497
11434.32 63.476
11642.41 63.18
11854.3 63.729
12070.04 64.99
12289.71 66.648
12513.38 68.34
12741.12 69.729
12973 70.558
13209.1 70.685
13449.5 70.096
13694.28 68.901
13943.51 67.279
14197.27 65.434
14455.66 63.528
14718.74 61.663
14986.62 59.91
15259.37 58.358
15537.08 57.131
15819.85 56.324
16107.76 55.903
16400.92 55.702
16699.41 55.545
17003.33 55.331
17312.78 55.07
17627.86 54.855
17948.68 54.776
18275.34 54.859
18607.94 55.065
18946.6 55.326
19291.42 55.584
19642.52 55.816
20000 56.034