20 58.082
20.36 58.328
20.73 58.578
21.11 58.836
21.5 59.108
21.89 59.397
22.29 59.703
22.69 60.026
23.1 60.36
23.52 60.702
23.95 61.045
24.39 61.384
24.83 61.714
25.28 62.031
25.74 62.332
26.21 62.62
26.69 62.894
27.18 63.158
27.67 63.415
28.17 63.669
28.69 63.922
29.21 64.176
29.74 64.432
30.28 64.693
30.83 64.957
31.39 65.226
31.97 65.496
32.55 65.766
33.14 66.034
33.74 66.297
34.36 66.556
34.98 66.81
35.62 67.06
36.27 67.31
36.93 67.56
37.6 67.809
38.28 68.058
38.98 68.307
39.69 68.557
40.41 68.806
41.15 69.055
41.9 69.303
42.66 69.549
43.44 69.793
44.23 70.036
45.03 70.277
45.85 70.518
46.68 70.76
47.53 71.002
48.4 71.244
49.28 71.486
50.18 71.729
51.09 71.973
52.02 72.217
52.97 72.46
53.93 72.7
54.91 72.933
55.91 73.161
56.93 73.383
57.97 73.6
59.02 73.815
60.09 74.025
61.19 74.23
62.3 74.429
63.44 74.62
64.59 74.805
65.77 74.985
66.96 75.16
68.18 75.332
69.42 75.499
70.69 75.664
71.97 75.829
73.28 75.994
74.62 76.161
75.97 76.327
77.36 76.488
78.76 76.644
80.2 76.789
81.66 76.921
83.14 77.04
84.66 77.146
86.2 77.241
87.77 77.325
89.36 77.402
90.99 77.471
92.65 77.533
94.33 77.588
96.05 77.634
97.8 77.668
99.58 77.686
101.39 77.683
103.23 77.658
105.11 77.613
107.03 77.557
108.97 77.502
110.96 77.465
112.98 77.457
115.03 77.481
117.13 77.535
119.26 77.608
121.43 77.688
123.64 77.762
125.89 77.817
128.18 77.848
130.51 77.847
132.89 77.816
135.31 77.761
137.77 77.695
140.28 77.635
142.83 77.592
145.43 77.568
148.07 77.558
150.77 77.555
153.51 77.552
156.31 77.547
159.15 77.537
162.05 77.523
165 77.505
168 77.483
171.06 77.457
174.17 77.426
177.34 77.391
180.57 77.353
183.86 77.314
187.2 77.274
190.61 77.233
194.08 77.19
197.61 77.145
201.21 77.096
204.87 77.044
208.6 76.991
212.39 76.936
216.26 76.881
220.19 76.824
224.2 76.765
228.28 76.702
232.44 76.634
236.67 76.562
240.97 76.489
245.36 76.421
249.82 76.362
254.37 76.313
259 76.273
263.71 76.237
268.51 76.201
273.4 76.161
278.38 76.116
283.44 76.064
288.6 76.009
293.85 75.953
299.2 75.899
304.65 75.846
310.19 75.795
315.84 75.742
321.59 75.685
327.44 75.623
333.4 75.557
339.47 75.49
345.64 75.423
351.93 75.359
358.34 75.298
364.86 75.241
371.5 75.188
378.26 75.141
385.15 75.098
392.16 75.059
399.29 75.024
406.56 74.99
413.96 74.959
421.49 74.929
429.16 74.903
436.97 74.879
444.93 74.856
453.02 74.836
461.27 74.816
469.66 74.796
478.21 74.774
486.91 74.751
495.78 74.727
504.8 74.703
513.99 74.679
523.34 74.657
532.87 74.636
542.56 74.617
552.44 74.598
562.49 74.58
572.73 74.56
583.15 74.539
593.77 74.519
604.57 74.501
615.57 74.486
626.78 74.475
638.18 74.467
649.8 74.463
661.63 74.462
673.67 74.465
685.93 74.474
698.41 74.486
711.12 74.502
724.06 74.519
737.24 74.538
750.66 74.557
764.32 74.576
778.23 74.594
792.39 74.613
806.82 74.633
821.5 74.653
836.45 74.674
851.67 74.695
867.17 74.715
882.96 74.737
899.02 74.762
915.39 74.791
932.05 74.825
949.01 74.863
966.28 74.906
983.87 74.953
1001.77 75.005
1020 75.062
1038.57 75.125
1057.47 75.192
1076.71 75.263
1096.31 75.339
1116.26 75.42
1136.58 75.508
1157.26 75.602
1178.32 75.703
1199.77 75.811
1221.6 75.93
1243.84 76.06
1266.47 76.204
1289.52 76.36
1312.99 76.528
1336.89 76.707
1361.22 76.897
1385.99 77.099
1411.22 77.315
1436.9 77.545
1463.05 77.784
1489.68 78.028
1516.79 78.273
1544.4 78.521
1572.5 78.774
1601.12 79.039
1630.26 79.327
1659.93 79.64
1690.14 79.978
1720.9 80.333
1752.22 80.698
1784.11 81.063
1816.58 81.425
1849.64 81.78
1883.3 82.122
1917.58 82.442
1952.48 82.732
1988.01 82.991
2024.19 83.218
2061.03 83.42
2098.54 83.603
2136.73 83.777
2175.62 83.94
2215.22 84.088
2255.53 84.21
2296.58 84.3
2338.38 84.355
2380.94 84.376
2424.27 84.366
2468.39 84.327
2513.31 84.263
2559.05 84.18
2605.63 84.083
2653.05 83.978
2701.33 83.867
2750.5 83.755
2800.55 83.645
2851.52 83.538
2903.42 83.437
2956.26 83.349
3010.06 83.28
3064.85 83.23
3120.62 83.187
3177.42 83.127
3235.25 83.021
3294.13 82.834
3354.08 82.531
3415.12 82.07
3477.27 81.41
3540.56 80.52
3605 79.397
3670.6 78.09
3737.41 76.705
3805.43 75.391
3874.68 74.268
3945.2 73.368
4017 72.623
4090.11 71.917
4164.55 71.185
4240.34 70.486
4317.51 69.988
4396.09 69.882
4476.1 70.251
4557.56 71.047
4640.5 72.165
4724.96 73.501
4810.95 74.969
4898.51 76.5
4987.66 78.028
5078.43 79.464
5170.86 80.693
5264.97 81.589
5360.79 82.061
5458.35 82.095
5557.69 81.756
5658.84 81.15
5761.82 80.374
5866.69 79.479
5973.46 78.476
6082.17 77.357
6192.87 76.138
6305.57 74.889
6420.33 73.751
6537.18 72.909
6656.15 72.523
6777.29 72.632
6900.63 73.134
7026.22 73.862
7154.1 74.656
7284.3 75.406
7416.87 76.065
7551.85 76.626
7689.29 77.096
7829.23 77.463
7971.72 77.678
8116.8 77.661
8264.53 77.34
8414.94 76.695
8568.09 75.753
8724.02 74.55
8882.79 73.117
9044.46 71.483
9209.06 69.693
9376.66 67.846
9547.31 66.098
9721.07 64.566
9897.99 63.279
10078.13 62.295
10261.55 61.823
10448.3 62.098
10638.45 63.182
10832.07 64.914
11029.21 67.025
11229.94 69.246
11434.32 71.354
11642.41 73.193
11854.3 74.655
12070.04 75.69
12289.71 76.312
12513.38 76.577
12741.12 76.565
12973 76.352
13209.1 75.99
13449.5 75.51
13694.28 74.942
13943.51 74.324
14197.27 73.714
14455.66 73.152
14718.74 72.622
14986.62 72.085
15259.37 71.507
15537.08 70.864
15819.85 70.116
16107.76 69.204
16400.92 68.113
16699.41 66.926
17003.33 65.812
17312.78 64.898
17627.86 64.176
17948.68 63.534
18275.34 62.863
18607.94 62.107
18946.6 61.282
19291.42 60.416
19642.52 59.521
20000 58.605