20 47.833
20.36 48.081
20.73 48.33
21.11 48.578
21.5 48.827
21.89 49.076
22.29 49.324
22.69 49.573
23.1 49.821
23.52 50.07
23.95 50.319
24.39 50.569
24.83 50.818
25.28 51.067
25.74 51.317
26.21 51.567
26.69 51.817
27.18 52.068
27.67 52.318
28.17 52.57
28.69 52.82
29.21 53.072
29.74 53.324
30.28 53.576
30.83 53.829
31.39 54.081
31.97 54.335
32.55 54.588
33.14 54.842
33.74 55.096
34.36 55.352
34.98 55.607
35.62 55.864
36.27 56.122
36.93 56.38
37.6 56.64
38.28 56.901
38.98 57.164
39.69 57.427
40.41 57.694
41.15 57.962
41.9 58.231
42.66 58.503
43.44 58.777
44.23 59.054
45.03 59.333
45.85 59.614
46.68 59.898
47.53 60.184
48.4 60.472
49.28 60.76
50.18 61.049
51.09 61.337
52.02 61.625
52.97 61.909
53.93 62.192
54.91 62.472
55.91 62.748
56.93 63.02
57.97 63.287
59.02 63.547
60.09 63.802
61.19 64.051
62.3 64.295
63.44 64.537
64.59 64.776
65.77 65.014
66.96 65.252
68.18 65.491
69.42 65.733
70.69 65.977
71.97 66.226
73.28 66.48
74.62 66.739
75.97 67.002
77.36 67.268
78.76 67.537
80.2 67.808
81.66 68.08
83.14 68.352
84.66 68.624
86.2 68.895
87.77 69.164
89.36 69.434
90.99 69.703
92.65 69.974
94.33 70.244
96.05 70.517
97.8 70.79
99.58 71.065
101.39 71.342
103.23 71.62
105.11 71.898
107.03 72.177
108.97 72.454
110.96 72.73
112.98 73.006
115.03 73.278
117.13 73.548
119.26 73.813
121.43 74.074
123.64 74.328
125.89 74.576
128.18 74.819
130.51 75.058
132.89 75.292
135.31 75.524
137.77 75.753
140.28 75.981
142.83 76.207
145.43 76.428
148.07 76.645
150.77 76.855
153.51 77.057
156.31 77.251
159.15 77.437
162.05 77.613
165 77.781
168 77.937
171.06 78.084
174.17 78.218
177.34 78.341
180.57 78.451
183.86 78.549
187.2 78.635
190.61 78.708
194.08 78.769
197.61 78.819
201.21 78.858
204.87 78.885
208.6 78.903
212.39 78.912
216.26 78.913
220.19 78.906
224.2 78.893
228.28 78.873
232.44 78.847
236.67 78.815
240.97 78.778
245.36 78.736
249.82 78.689
254.37 78.636
259 78.579
263.71 78.516
268.51 78.451
273.4 78.384
278.38 78.315
283.44 78.246
288.6 78.177
293.85 78.109
299.2 78.039
304.65 77.971
310.19 77.903
315.84 77.835
321.59 77.767
327.44 77.697
333.4 77.628
339.47 77.558
345.64 77.486
351.93 77.414
358.34 77.341
364.86 77.268
371.5 77.194
378.26 77.118
385.15 77.039
392.16 76.958
399.29 76.875
406.56 76.79
413.96 76.705
421.49 76.62
429.16 76.535
436.97 76.449
444.93 76.362
453.02 76.276
461.27 76.19
469.66 76.104
478.21 76.019
486.91 75.935
495.78 75.851
504.8 75.766
513.99 75.678
523.34 75.585
532.87 75.488
542.56 75.386
552.44 75.28
562.49 75.17
572.73 75.057
583.15 74.94
593.77 74.821
604.57 74.7
615.57 74.576
626.78 74.451
638.18 74.323
649.8 74.192
661.63 74.06
673.67 73.931
685.93 73.804
698.41 73.686
711.12 73.579
724.06 73.488
737.24 73.414
750.66 73.358
764.32 73.321
778.23 73.305
792.39 73.311
806.82 73.339
821.5 73.387
836.45 73.457
851.67 73.546
867.17 73.654
882.96 73.78
899.02 73.922
915.39 74.079
932.05 74.248
949.01 74.428
966.28 74.618
983.87 74.816
1001.77 75.02
1020 75.229
1038.57 75.441
1057.47 75.658
1076.71 75.883
1096.31 76.122
1116.26 76.377
1136.58 76.652
1157.26 76.953
1178.32 77.281
1199.77 77.638
1221.6 78.025
1243.84 78.449
1266.47 78.918
1289.52 79.441
1312.99 80.019
1336.89 80.661
1361.22 81.381
1385.99 82.185
1411.22 83.061
1436.9 83.984
1463.05 84.923
1489.68 85.85
1516.79 86.726
1544.4 87.507
1572.5 88.152
1601.12 88.628
1630.26 88.908
1659.93 88.981
1690.14 88.856
1720.9 88.562
1752.22 88.143
1784.11 87.651
1816.58 87.142
1849.64 86.667
1883.3 86.264
1917.58 85.959
1952.48 85.762
1988.01 85.667
2024.19 85.659
2061.03 85.714
2098.54 85.815
2136.73 85.95
2175.62 86.115
2215.22 86.304
2255.53 86.518
2296.58 86.761
2338.38 87.037
2380.94 87.347
2424.27 87.689
2468.39 88.065
2513.31 88.476
2559.05 88.923
2605.63 89.401
2653.05 89.899
2701.33 90.4
2750.5 90.886
2800.55 91.334
2851.52 91.727
2903.42 92.054
2956.26 92.315
3010.06 92.515
3064.85 92.657
3120.62 92.744
3177.42 92.775
3235.25 92.75
3294.13 92.68
3354.08 92.585
3415.12 92.492
3477.27 92.435
3540.56 92.452
3605 92.578
3670.6 92.836
3737.41 93.227
3805.43 93.724
3874.68 94.275
3945.2 94.815
4017 95.284
4090.11 95.637
4164.55 95.853
4240.34 95.928
4317.51 95.879
4396.09 95.73
4476.1 95.514
4557.56 95.262
4640.5 94.995
4724.96 94.738
4810.95 94.523
4898.51 94.388
4987.66 94.364
5078.43 94.473
5170.86 94.703
5264.97 95.025
5360.79 95.39
5458.35 95.725
5557.69 95.952
5658.84 95.992
5761.82 95.797
5866.69 95.353
5973.46 94.697
6082.17 93.894
6192.87 93.019
6305.57 92.136
6420.33 91.302
6537.18 90.549
6656.15 89.886
6777.29 89.303
6900.63 88.781
7026.22 88.31
7154.1 87.884
7284.3 87.502
7416.87 87.174
7551.85 86.912
7689.29 86.738
7829.23 86.656
7971.72 86.644
8116.8 86.644
8264.53 86.569
8414.94 86.301
8568.09 85.701
8724.02 84.645
8882.79 83.058
9044.46 80.943
9209.06 78.387
9376.66 75.562
9547.31 72.715
9721.07 70.139
9897.99 68.137
10078.13 66.896
10261.55 66.348
10448.3 66.409
10638.45 67.044
10832.07 67.919
11029.21 68.569
11229.94 68.865
11434.32 69.106
11642.41 69.705
11854.3 70.861
12070.04 72.467
12289.71 74.204
12513.38 75.697
12741.12 76.639
12973 76.896
13209.1 76.501
13449.5 75.571
13694.28 74.243
13943.51 72.681
14197.27 71.097
14455.66 69.594
14718.74 67.991
14986.62 66.012
15259.37 63.669
15537.08 61.387
15819.85 59.874
16107.76 59.658
16400.92 60.645
16699.41 62.275
17003.33 63.729
17312.78 64.353
17627.86 63.985
17948.68 62.875
18275.34 61.509
18607.94 60.372
18946.6 59.74
19291.42 59.628
19642.52 59.789
20000 60.003