20 74.91
20.2909066988 74.91
20.5860447329 74.90
20.8854756485 74.89
21.1892618872 74.88
21.4974667984 74.87
21.8101546533 74.86
22.1273906578 74.85
22.4492409662 74.83
22.7757726951 74.80
23.1070539374 74.77
23.4431537764 74.75
23.7841423001 74.72
24.130090616 74.70
24.4810708661 74.68
24.8371562415 74.66
25.1984209979 74.63
25.5649404712 74.60
25.936791093 74.58
26.3140504067 74.55
26.6967970834 74.52
27.0851109387 74.50
27.4790729492 74.47
27.878765269 74.43
28.2842712475 74.40
28.6956754462 74.37
29.1130636568 74.34
29.5365229188 74.30
29.9661415375 74.27
30.402009103 74.24
30.8442165082 74.22
31.2928559682 74.22
31.7480210394 74.22
32.209806639 74.21
32.6783090648 74.19
33.1536260154 74.14
33.6358566101 74.09
34.1251014105 74.02
34.6214624402 73.95
35.1250432075 73.88
35.6359487256 73.84
36.1542855356 73.80
36.6801617282 73.77
37.2136869661 73.75
37.7549725073 73.74
38.3041312279 73.73
38.8612776461 73.72
39.4265279456 73.70
40 73.67
40.5818133975 73.64
41.1720894657 73.60
41.7709512971 73.56
42.3785237744 73.51
42.9949335968 73.48
43.6203093066 73.44
44.2547813156 73.41
44.8984819324 73.36
45.5515453903 73.30
46.2141078749 73.24
46.8863075528 73.17
47.5682846001 73.11
48.260181232 73.05
48.9621417322 73.00
49.6743124829 72.96
50.3968419958 72.91
51.1298809424 72.85
51.873582186 72.76
52.6281008133 72.69
53.3935941668 72.64
54.1702218775 72.60
54.9581458983 72.56
55.757530538 72.51
56.5685424949 72.45
57.3913508924 72.39
58.2261273137 72.33
59.0730458376 72.27
59.9322830751 72.20
60.804018206 72.13
61.6884330163 72.05
62.5857119363 71.98
63.4960420787 71.92
64.419613278 71.87
65.3566181296 71.81
66.3072520307 71.75
67.2717132203 71.67
68.2502028209 71.59
69.2429248805 71.51
70.2500864149 71.43
71.2718974512 71.34
72.3085710713 71.25
73.3603234564 71.17
74.4273739322 71.10
75.5099450145 71.02
76.6082624559 70.95
77.7225552923 70.87
78.8530558912 70.79
80 70.71
81.163626795 70.62
82.3441789315 70.53
83.5419025942 70.45
84.7570475487 70.37
85.9898671937 70.30
87.2406186132 70.22
88.5095626311 70.13
89.7969638648 70.05
91.1030907805 69.97
92.4282157498 69.87
93.7726151055 69.78
95.1365692002 69.69
96.520362464 69.61
97.9242834644 69.52
99.3486249659 69.44
100.7936839916 69.36
102.2597618848 69.28
103.7471643721 69.21
105.2562016267 69.12
106.7871883336 69.02
108.340443755 68.91
109.9162917966 68.81
111.5150610759 68.72
113.1370849898 68.65
114.7827017849 68.57
116.4522546274 68.49
118.1460916752 68.41
119.8645661501 68.34
121.6080364119 68.28
123.3768660326 68.21
125.1714238726 68.14
126.9920841575 68.06
128.8392265559 67.98
130.7132362593 67.89
132.6145040614 67.81
134.5434264406 67.75
136.5004056418 67.70
138.485849761 67.65
140.5001728299 67.59
142.5437949025 67.53
144.6171421426 67.45
146.7206469127 67.35
148.8547478643 67.24
151.0198900291 67.16
153.2165249118 67.10
155.4451105846 67.06
157.7061117824 67.01
160 66.96
162.32725359 66.89
164.688357863 66.82
167.0838051884 66.75
169.5140950975 66.70
171.9797343873 66.66
174.4812372264 66.63
177.0191252622 66.58
179.5939277295 66.54
182.2061815611 66.49
184.8564314996 66.45
187.5452302111 66.42
190.2731384004 66.38
193.0407249281 66.36
195.8485669287 66.36
198.6972499318 66.38
201.5873679832 66.42
204.5195237697 66.45
207.4943287442 66.47
210.5124032534 66.47
213.5743766672 66.46
216.6808875099 66.46
219.8325835933 66.44
223.0301221518 66.43
226.2741699797 66.41
229.5654035698 66.38
232.9045092548 66.36
236.2921833503 66.33
239.7291323003 66.31
243.2160728239 66.28
246.7537320653 66.27
250.3428477452 66.27
253.9841683149 66.27
257.6784531119 66.27
261.4264725186 66.27
265.2290081229 66.27
269.0868528812 66.26
273.0008112836 66.25
276.971699522 66.24
281.0003456597 66.24
285.0875898049 66.23
289.2342842852 66.22
293.4412938255 66.21
297.7094957287 66.20
302.0397800581 66.20
306.4330498235 66.20
310.8902211692 66.20
315.4122235649 66.20
320 66.20
324.65450718 66.21
329.3767157259 66.21
334.1676103768 66.22
339.028190195 66.22
343.9594687746 66.22
348.9624744529 66.22
354.0382505244 66.22
359.187855459 66.22
364.4123631221 66.22
369.7128629991 66.22
375.0904604222 66.22
380.5462768009 66.22
386.0814498562 66.21
391.6971338575 66.21
397.3944998635 66.20
403.1747359664 66.20
409.0390475393 66.19
414.9886574883 66.18
421.0248065068 66.17
427.1487533344 66.17
433.3617750198 66.19
439.6651671866 66.22
446.0602443037 66.25
452.5483399594 66.29
459.1308071395 66.32
465.8090185095 66.33
472.5843667007 66.34
479.4582646005 66.34
486.4321456477 66.34
493.5074641306 66.34
500.6856954905 66.34
507.9683366298 66.34
515.3569062238 66.34
522.8529450372 66.34
530.4580162458 66.34
538.1737057624 66.34
546.0016225673 66.34
553.9433990439 66.34
562.0006913195 66.35
570.1751796098 66.38
578.4685685703 66.41
586.882587651 66.44
595.4189914574 66.45
604.0795601163 66.43
612.8660996471 66.41
621.7804423383 66.39
630.8244471297 66.39
640 66.40
649.30901436 66.41
658.7534314519 66.42
668.3352207536 66.44
678.05638039 66.45
687.9189375493 66.47
697.9249489058 66.49
708.0765010489 66.51
718.375710918 66.53
728.8247262443 66.54
739.4257259983 66.56
750.1809208443 66.59
761.0925536018 66.62
772.1628997124 66.65
783.394267715 66.68
794.7889997271 66.72
806.3494719327 66.76
818.0780950787 66.80
829.9773149767 66.85
842.0496130136 66.90
854.2975066688 66.95
866.7235500396 67.00
879.3303343732 67.05
892.1204886074 67.11
905.0966799188 67.18
918.2616142791 67.25
931.618037019 67.33
945.1687334013 67.41
958.9165292011 67.49
972.8642912955 67.58
987.0149282611 67.67
1001.371390981 67.77
1015.9366732597 67.86
1030.7138124476 67.96
1045.7058900743 68.07
1060.9160324916 68.17
1076.3474115248 68.27
1092.0032451345 68.38
1107.8867980879 68.48
1124.0013826389 68.59
1140.3503592197 68.69
1156.9371371406 68.79
1173.765175302 68.89
1190.8379829148 68.99
1208.1591202326 69.09
1225.7321992942 69.19
1243.5608846767 69.28
1261.6488942595 69.37
1280 69.45
1298.6180287201 69.53
1317.5068629037 69.61
1336.6704415071 69.68
1356.1127607799 69.75
1375.8378750985 69.82
1395.8498978116 69.88
1416.1530020977 69.93
1436.751421836 69.98
1457.6494524886 70.03
1478.8514519966 70.08
1500.3618416887 70.12
1522.1851072035 70.16
1544.3257994247 70.20
1566.78853543 70.25
1589.5779994541 70.29
1612.6989438655 70.34
1636.1561901574 70.38
1659.9546299533 70.43
1684.0992260271 70.48
1708.5950133377 70.53
1733.4471000793 70.59
1758.6606687464 70.66
1784.2409772148 70.72
1810.1933598376 70.79
1836.5232285581 70.87
1863.2360740381 70.95
1890.3374668026 71.04
1917.8330584022 71.13
1945.7285825909 71.23
1974.0298565222 71.33
2002.742781962 71.43
2031.8733465194 71.54
2061.4276248951 71.66
2091.4117801487 71.77
2121.8320649832 71.89
2152.6948230496 72.02
2184.0064902691 72.14
2215.7735961758 72.27
2248.0027652779 72.40
2280.7007184393 72.52
2313.8742742813 72.65
2347.530350604 72.77
2381.6759658296 72.89
2416.3182404652 73.01
2451.4643985884 73.12
2487.1217693533 73.22
2523.297788519 73.32
2560.0000000001 73.41
2597.2360574402 73.49
2635.0137258074 73.56
2673.3408830143 73.63
2712.2255215599 73.68
2751.6757501971 73.73
2791.6997956232 73.77
2832.3060041955 73.81
2873.5028436721 73.84
2915.2989049772 73.87
2957.7029039931 73.89
3000.7236833774 73.90
3044.3702144071 73.89
3088.6515988494 73.86
3133.57707086 73.80
3179.1559989082 73.71
3225.397887731 73.59
3272.3123803148 73.45
3319.9092599067 73.30
3368.1984520542 73.14
3417.1900266754 73.00
3466.8942001586 72.87
3517.3213374928 72.77
3568.4819544296 72.68
3620.3867196753 72.62
3673.0464571163 72.57
3726.4721480761 72.52
3780.6749336053 72.47
3835.6661168044 72.42
3891.4571651819 72.35
3948.0597130445 72.26
4005.4855639241 72.17
4063.7466930387 72.07
4122.8552497902 71.97
4182.8235602974 71.89
4243.6641299665 71.83
4305.3896460992 71.80
4368.0129805382 71.80
4431.5471923516 71.82
4496.0055305558 71.87
4561.4014368787 71.95
4627.7485485626 72.05
4695.0607012081 72.17
4763.3519316592 72.30
4832.6364809305 72.44
4902.9287971769 72.59
4974.2435387067 72.72
5046.595577038 72.82
5120.0000000002 72.86
5194.4721148803 72.82
5270.0274516149 72.70
5346.6817660286 72.48
5424.4510431198 72.17
5503.3515003942 71.79
5583.3995912463 71.36
5664.6120083911 70.92
5747.0056873442 70.47
5830.5978099545 70.05
5915.4058079863 69.64
6001.4473667548 69.28
6088.7404288142 68.95
6177.3031976989 68.68
6267.1541417201 68.44
6358.3119978165 68.27
6450.795775462 68.14
6544.6247606297 68.07
6639.8185198134 68.06
6736.3969041085 68.12
6834.3800533509 68.26
6933.7884003172 68.48
7034.6426749857 68.79
7136.9639088592 69.21
7240.7734393506 69.74
7346.0929142326 70.38
7452.9442961523 71.12
7561.3498672106 71.91
7671.3322336089 72.67
7782.9143303638 73.31
7896.119426089 73.72
8010.9711278481 73.75
8127.4933860775 73.38
8245.7104995805 72.61
8365.6471205948 71.54
8487.328259933 70.32
8610.7792921984 69.03
8736.0259610765 67.80
8863.0943847033 66.67
8992.0110611117 65.66
9122.8028737575 64.80
9255.4970971253 64.09
9390.1214024162 63.51
9526.7038633184 63.07
9665.272961861 62.75
9805.8575943538 62.56
9948.4870774134 62.50
10093.191154076 62.58
10240.0000000005 62.77
10388.9442297607 63.09
10540.0549032298 63.53
10693.3635320572 64.05
10848.9020862397 64.64
11006.7030007884 65.26
11166.7991824927 65.83
11329.2240167822 66.30
11494.0113746885 66.62
11661.1956199091 66.66
11830.8116159726 66.52
12002.8947335097 66.16
12177.4808576284 65.70
12354.6063953979 65.21
12534.3082834402 64.76
12716.6239956331 64.44
12901.5915509241 64.36
13089.2495212594 64.39
13279.637039627 64.61
13472.7938082171 65.05
13668.7601067018 65.70
13867.5768006344 66.58
14069.2853499715 67.71
14273.9278177184 69.02
14481.5468787012 70.48
14692.1858284653 71.98
14905.8885923047 73.35
15122.6997344212 74.50
15342.6644672179 75.35
15565.8286607277 75.82
15792.2388521781 75.86
16021.9422556964 75.42
16254.9867721551 74.47
16491.4209991611 73.02
16731.2942411897 71.19
16974.656519866 69.15
17221.5585843969 67.11
17472.0519221531 65.25
17726.1887694067 63.64
17984.0221222235 62.31
18245.605747515 61.21
18510.9941942506 60.34
18780.2428048326 59.64
19053.4077266369 59.06
19330.545923722 58.47
19611.7151887077 57.84
19896.9741548268 57.31
20186.382308152 57.15
