20 78.698
20.36 78.787
20.73 78.874
21.11 78.96
21.5 79.045
21.89 79.127
22.29 79.208
22.69 79.286
23.1 79.363
23.52 79.437
23.95 79.509
24.39 79.578
24.83 79.645
25.28 79.709
25.74 79.771
26.21 79.829
26.69 79.884
27.18 79.937
27.67 79.985
28.17 80.031
28.69 80.074
29.21 80.114
29.74 80.151
30.28 80.186
30.83 80.218
31.39 80.247
31.97 80.274
32.55 80.298
33.14 80.32
33.74 80.34
34.36 80.358
34.98 80.374
35.62 80.388
36.27 80.4
36.93 80.411
37.6 80.42
38.28 80.427
38.98 80.433
39.69 80.437
40.41 80.44
41.15 80.442
41.9 80.442
42.66 80.441
43.44 80.439
44.23 80.436
45.03 80.431
45.85 80.424
46.68 80.416
47.53 80.407
48.4 80.396
49.28 80.384
50.18 80.37
51.09 80.355
52.02 80.339
52.97 80.321
53.93 80.301
54.91 80.28
55.91 80.257
56.93 80.233
57.97 80.207
59.02 80.179
60.09 80.15
61.19 80.119
62.3 80.087
63.44 80.053
64.59 80.017
65.77 79.979
66.96 79.939
68.18 79.899
69.42 79.856
70.69 79.812
71.97 79.766
73.28 79.719
74.62 79.671
75.97 79.621
77.36 79.571
78.76 79.519
80.2 79.466
81.66 79.412
83.14 79.356
84.66 79.3
86.2 79.241
87.77 79.182
89.36 79.121
90.99 79.058
92.65 78.994
94.33 78.928
96.05 78.861
97.8 78.793
99.58 78.724
101.39 78.653
103.23 78.582
105.11 78.51
107.03 78.437
108.97 78.364
110.96 78.291
112.98 78.217
115.03 78.143
117.13 78.069
119.26 77.995
121.43 77.922
123.64 77.849
125.89 77.776
128.18 77.704
130.51 77.633
132.89 77.563
135.31 77.492
137.77 77.422
140.28 77.35
142.83 77.276
145.43 77.201
148.07 77.123
150.77 77.044
153.51 76.963
156.31 76.88
159.15 76.797
162.05 76.712
165 76.627
168 76.542
171.06 76.457
174.17 76.372
177.34 76.287
180.57 76.203
183.86 76.12
187.2 76.037
190.61 75.955
194.08 75.873
197.61 75.791
201.21 75.709
204.87 75.628
208.6 75.547
212.39 75.467
216.26 75.388
220.19 75.311
224.2 75.236
228.28 75.164
232.44 75.092
236.67 75.023
240.97 74.955
245.36 74.888
249.82 74.822
254.37 74.759
259 74.697
263.71 74.637
268.51 74.578
273.4 74.521
278.38 74.465
283.44 74.411
288.6 74.36
293.85 74.31
299.2 74.262
304.65 74.216
310.19 74.171
315.84 74.129
321.59 74.088
327.44 74.05
333.4 74.015
339.47 73.983
345.64 73.954
351.93 73.927
358.34 73.902
364.86 73.881
371.5 73.861
378.26 73.844
385.15 73.828
392.16 73.815
399.29 73.804
406.56 73.795
413.96 73.788
421.49 73.783
429.16 73.779
436.97 73.777
444.93 73.777
453.02 73.777
461.27 73.78
469.66 73.783
478.21 73.787
486.91 73.793
495.78 73.8
504.8 73.808
513.99 73.817
523.34 73.826
532.87 73.837
542.56 73.849
552.44 73.86
562.49 73.873
572.73 73.887
583.15 73.901
593.77 73.918
604.57 73.937
615.57 73.958
626.78 73.982
638.18 74.008
649.8 74.036
661.63 74.064
673.67 74.092
685.93 74.119
698.41 74.144
711.12 74.167
724.06 74.188
737.24 74.207
750.66 74.226
764.32 74.244
778.23 74.262
792.39 74.28
806.82 74.299
821.5 74.319
836.45 74.342
851.67 74.37
867.17 74.402
882.96 74.442
899.02 74.49
915.39 74.549
932.05 74.618
949.01 74.699
966.28 74.791
983.87 74.896
1001.77 75.011
1020 75.139
1038.57 75.276
1057.47 75.424
1076.71 75.58
1096.31 75.743
1116.26 75.914
1136.58 76.089
1157.26 76.267
1178.32 76.442
1199.77 76.613
1221.6 76.779
1243.84 76.94
1266.47 77.092
1289.52 77.236
1312.99 77.372
1336.89 77.503
1361.22 77.631
1385.99 77.757
1411.22 77.883
1436.9 78.009
1463.05 78.138
1489.68 78.271
1516.79 78.41
1544.4 78.555
1572.5 78.71
1601.12 78.875
1630.26 79.051
1659.93 79.236
1690.14 79.428
1720.9 79.624
1752.22 79.822
1784.11 80.018
1816.58 80.209
1849.64 80.392
1883.3 80.562
1917.58 80.714
1952.48 80.845
1988.01 80.95
2024.19 81.025
2061.03 81.069
2098.54 81.08
2136.73 81.057
2175.62 81.001
2215.22 80.914
2255.53 80.798
2296.58 80.657
2338.38 80.495
2380.94 80.317
2424.27 80.128
2468.39 79.932
2513.31 79.733
2559.05 79.536
2605.63 79.345
2653.05 79.163
2701.33 78.993
2750.5 78.839
2800.55 78.703
2851.52 78.585
2903.42 78.487
2956.26 78.41
3010.06 78.354
3064.85 78.32
3120.62 78.307
3177.42 78.314
3235.25 78.341
3294.13 78.387
3354.08 78.451
3415.12 78.533
3477.27 78.632
3540.56 78.746
3605 78.877
3670.6 79.023
3737.41 79.185
3805.43 79.361
3874.68 79.552
3945.2 79.756
4017 79.971
4090.11 80.194
4164.55 80.417
4240.34 80.628
4317.51 80.81
4396.09 80.943
4476.1 81.002
4557.56 80.962
4640.5 80.804
4724.96 80.521
4810.95 80.124
4898.51 79.647
4987.66 79.139
5078.43 78.656
5170.86 78.244
5264.97 77.935
5360.79 77.744
5458.35 77.674
5557.69 77.718
5658.84 77.864
5761.82 78.095
5866.69 78.391
5973.46 78.722
6082.17 79.059
6192.87 79.371
6305.57 79.635
6420.33 79.833
6537.18 79.961
6656.15 80.02
6777.29 80.019
6900.63 79.963
7026.22 79.858
7154.1 79.709
7284.3 79.521
7416.87 79.301
7551.85 79.058
7689.29 78.796
7829.23 78.518
7971.72 78.224
8116.8 77.924
8264.53 77.633
8414.94 77.372
8568.09 77.158
8724.02 76.999
8882.79 76.887
9044.46 76.801
9209.06 76.707
9376.66 76.57
9547.31 76.358
9721.07 76.043
9897.99 75.596
10078.13 75.015
10261.55 74.333
10448.3 73.606
10638.45 72.9
10832.07 72.274
11029.21 71.772
11229.94 71.422
11434.32 71.235
11642.41 71.198
11854.3 71.273
12070.04 71.401
12289.71 71.505
12513.38 71.505
12741.12 71.339
12973 70.975
13209.1 70.425
13449.5 69.732
13694.28 68.966
13943.51 68.209
14197.27 67.54
14455.66 67.035
14718.74 66.755
14986.62 66.752
15259.37 67.066
15537.08 67.722
15819.85 68.716
16107.76 70.02
16400.92 71.572
16699.41 73.261
17003.33 74.905
17312.78 76.263
17627.86 77.089
17948.68 77.183
18275.34 76.433
18607.94 74.863
18946.6 72.647
19291.42 70.037
19642.52 67.274
20000 64.517