20 84.502
20.36 84.492
20.73 84.482
21.11 84.472
21.5 84.462
21.89 84.452
22.29 84.441
22.69 84.43
23.1 84.418
23.52 84.406
23.95 84.393
24.39 84.38
24.83 84.366
25.28 84.351
25.74 84.335
26.21 84.318
26.69 84.3
27.18 84.281
27.67 84.261
28.17 84.239
28.69 84.216
29.21 84.191
29.74 84.165
30.28 84.137
30.83 84.108
31.39 84.077
31.97 84.044
32.55 84.008
33.14 83.971
33.74 83.932
34.36 83.891
34.98 83.848
35.62 83.803
36.27 83.756
36.93 83.707
37.6 83.656
38.28 83.603
38.98 83.549
39.69 83.493
40.41 83.435
41.15 83.375
41.9 83.314
42.66 83.251
43.44 83.186
44.23 83.12
45.03 83.052
45.85 82.983
46.68 82.913
47.53 82.841
48.4 82.767
49.28 82.693
50.18 82.617
51.09 82.539
52.02 82.461
52.97 82.381
53.93 82.301
54.91 82.219
55.91 82.136
56.93 82.053
57.97 81.968
59.02 81.883
60.09 81.796
61.19 81.709
62.3 81.622
63.44 81.533
64.59 81.444
65.77 81.354
66.96 81.265
68.18 81.174
69.42 81.083
70.69 80.992
71.97 80.9
73.28 80.809
74.62 80.717
75.97 80.624
77.36 80.532
78.76 80.438
80.2 80.345
81.66 80.25
83.14 80.155
84.66 80.06
86.2 79.964
87.77 79.867
89.36 79.769
90.99 79.671
92.65 79.572
94.33 79.472
96.05 79.372
97.8 79.27
99.58 79.168
101.39 79.066
103.23 78.963
105.11 78.86
107.03 78.759
108.97 78.658
110.96 78.558
112.98 78.459
115.03 78.361
117.13 78.265
119.26 78.168
121.43 78.072
123.64 77.976
125.89 77.88
128.18 77.784
130.51 77.688
132.89 77.591
135.31 77.496
137.77 77.4
140.28 77.304
142.83 77.209
145.43 77.114
148.07 77.02
150.77 76.926
153.51 76.834
156.31 76.742
159.15 76.651
162.05 76.561
165 76.473
168 76.386
171.06 76.3
174.17 76.215
177.34 76.13
180.57 76.045
183.86 75.961
187.2 75.877
190.61 75.794
194.08 75.711
197.61 75.629
201.21 75.548
204.87 75.468
208.6 75.389
212.39 75.311
216.26 75.235
220.19 75.161
224.2 75.088
228.28 75.017
232.44 74.947
236.67 74.879
240.97 74.812
245.36 74.745
249.82 74.678
254.37 74.611
259 74.545
263.71 74.48
268.51 74.416
273.4 74.353
278.38 74.291
283.44 74.232
288.6 74.174
293.85 74.119
299.2 74.066
304.65 74.014
310.19 73.964
315.84 73.915
321.59 73.868
327.44 73.822
333.4 73.778
339.47 73.734
345.64 73.692
351.93 73.65
358.34 73.61
364.86 73.57
371.5 73.531
378.26 73.493
385.15 73.456
392.16 73.421
399.29 73.387
406.56 73.354
413.96 73.324
421.49 73.295
429.16 73.268
436.97 73.242
444.93 73.217
453.02 73.194
461.27 73.172
469.66 73.151
478.21 73.133
486.91 73.116
495.78 73.1
504.8 73.086
513.99 73.074
523.34 73.064
532.87 73.056
542.56 73.05
552.44 73.046
562.49 73.044
572.73 73.044
583.15 73.046
593.77 73.051
604.57 73.057
615.57 73.066
626.78 73.078
638.18 73.091
649.8 73.108
661.63 73.128
673.67 73.151
685.93 73.177
698.41 73.208
711.12 73.242
724.06 73.281
737.24 73.324
750.66 73.373
764.32 73.427
778.23 73.486
792.39 73.552
806.82 73.624
821.5 73.703
836.45 73.788
851.67 73.88
867.17 73.978
882.96 74.084
899.02 74.196
915.39 74.316
932.05 74.443
949.01 74.577
966.28 74.717
983.87 74.863
1001.77 75.015
1020 75.171
1038.57 75.332
1057.47 75.495
1076.71 75.662
1096.31 75.832
1116.26 76.004
1136.58 76.177
1157.26 76.352
1178.32 76.526
1199.77 76.702
1221.6 76.879
1243.84 77.058
1266.47 77.24
1289.52 77.426
1312.99 77.615
1336.89 77.808
1361.22 78.008
1385.99 78.216
1411.22 78.431
1436.9 78.652
1463.05 78.873
1489.68 79.087
1516.79 79.287
1544.4 79.464
1572.5 79.61
1601.12 79.723
1630.26 79.805
1659.93 79.863
1690.14 79.908
1720.9 79.957
1752.22 80.028
1784.11 80.136
1816.58 80.289
1849.64 80.481
1883.3 80.7
1917.58 80.932
1952.48 81.165
1988.01 81.392
2024.19 81.608
2061.03 81.816
2098.54 82.018
2136.73 82.216
2175.62 82.409
2215.22 82.591
2255.53 82.749
2296.58 82.872
2338.38 82.949
2380.94 82.973
2424.27 82.938
2468.39 82.839
2513.31 82.673
2559.05 82.447
2605.63 82.175
2653.05 81.877
2701.33 81.569
2750.5 81.256
2800.55 80.945
2851.52 80.644
2903.42 80.364
2956.26 80.11
3010.06 79.882
3064.85 79.674
3120.62 79.48
3177.42 79.302
3235.25 79.149
3294.13 79.028
3354.08 78.945
3415.12 78.9
3477.27 78.885
3540.56 78.897
3605 78.929
3670.6 78.976
3737.41 79.035
3805.43 79.103
3874.68 79.176
3945.2 79.249
4017 79.317
4090.11 79.375
4164.55 79.424
4240.34 79.471
4317.51 79.53
4396.09 79.612
4476.1 79.718
4557.56 79.836
4640.5 79.951
4724.96 80.059
4810.95 80.16
4898.51 80.258
4987.66 80.344
5078.43 80.405
5170.86 80.431
5264.97 80.416
5360.79 80.362
5458.35 80.268
5557.69 80.132
5658.84 79.955
5761.82 79.745
5866.69 79.514
5973.46 79.272
6082.17 79.022
6192.87 78.769
6305.57 78.52
6420.33 78.29
6537.18 78.099
6656.15 77.966
6777.29 77.904
6900.63 77.919
7026.22 78.018
7154.1 78.208
7284.3 78.495
7416.87 78.876
7551.85 79.334
7689.29 79.835
7829.23 80.325
7971.72 80.745
8116.8 81.04
8264.53 81.173
8414.94 81.12
8568.09 80.869
8724.02 80.429
8882.79 79.835
9044.46 79.138
9209.06 78.394
9376.66 77.648
9547.31 76.928
9721.07 76.258
9897.99 75.66
10078.13 75.157
10261.55 74.758
10448.3 74.444
10638.45 74.174
10832.07 73.89
11029.21 73.54
11229.94 73.102
11434.32 72.583
11642.41 72.018
11854.3 71.452
12070.04 70.924
12289.71 70.464
12513.38 70.094
12741.12 69.828
12973 69.672
13209.1 69.616
13449.5 69.629
13694.28 69.648
13943.51 69.597
14197.27 69.395
14455.66 68.989
14718.74 68.367
14986.62 67.571
15259.37 66.686
15537.08 65.819
15819.85 65.074
16107.76 64.527
16400.92 64.222
16699.41 64.166
17003.33 64.333
17312.78 64.657
17627.86 65.042
17948.68 65.365
18275.34 65.498
18607.94 65.346
18946.6 64.888
19291.42 64.197
19642.52 63.402
20000 62.601