20 71.689
20.36 71.714
20.73 71.739
21.11 71.763
21.5 71.788
21.89 71.813
22.29 71.837
22.69 71.861
23.1 71.886
23.52 71.909
23.95 71.933
24.39 71.957
24.83 71.98
25.28 72.003
25.74 72.025
26.21 72.047
26.69 72.07
27.18 72.091
27.67 72.112
28.17 72.133
28.69 72.152
29.21 72.172
29.74 72.191
30.28 72.21
30.83 72.227
31.39 72.245
31.97 72.261
32.55 72.277
33.14 72.292
33.74 72.307
34.36 72.321
34.98 72.334
35.62 72.346
36.27 72.358
36.93 72.369
37.6 72.38
38.28 72.391
38.98 72.401
39.69 72.41
40.41 72.419
41.15 72.428
41.9 72.436
42.66 72.445
43.44 72.453
44.23 72.46
45.03 72.468
45.85 72.476
46.68 72.483
47.53 72.49
48.4 72.497
49.28 72.504
50.18 72.511
51.09 72.517
52.02 72.523
52.97 72.529
53.93 72.534
54.91 72.539
55.91 72.543
56.93 72.547
57.97 72.551
59.02 72.553
60.09 72.555
61.19 72.557
62.3 72.557
63.44 72.558
64.59 72.559
65.77 72.559
66.96 72.56
68.18 72.561
69.42 72.562
70.69 72.563
71.97 72.565
73.28 72.567
74.62 72.57
75.97 72.573
77.36 72.577
78.76 72.58
80.2 72.584
81.66 72.587
83.14 72.591
84.66 72.594
86.2 72.597
87.77 72.599
89.36 72.601
90.99 72.603
92.65 72.604
94.33 72.605
96.05 72.605
97.8 72.605
99.58 72.605
101.39 72.604
103.23 72.603
105.11 72.601
107.03 72.599
108.97 72.596
110.96 72.594
112.98 72.59
115.03 72.587
117.13 72.584
119.26 72.582
121.43 72.579
123.64 72.577
125.89 72.577
128.18 72.577
130.51 72.578
132.89 72.58
135.31 72.582
137.77 72.584
140.28 72.587
142.83 72.59
145.43 72.592
148.07 72.592
150.77 72.592
153.51 72.589
156.31 72.586
159.15 72.582
162.05 72.578
165 72.574
168 72.57
171.06 72.566
174.17 72.561
177.34 72.557
180.57 72.553
183.86 72.548
187.2 72.543
190.61 72.539
194.08 72.534
197.61 72.53
201.21 72.526
204.87 72.524
208.6 72.521
212.39 72.519
216.26 72.519
220.19 72.518
224.2 72.517
228.28 72.517
232.44 72.517
236.67 72.516
240.97 72.515
245.36 72.515
249.82 72.514
254.37 72.514
259 72.514
263.71 72.513
268.51 72.511
273.4 72.508
278.38 72.502
283.44 72.495
288.6 72.487
293.85 72.479
299.2 72.474
304.65 72.472
310.19 72.476
315.84 72.486
321.59 72.502
327.44 72.523
333.4 72.544
339.47 72.565
345.64 72.585
351.93 72.604
358.34 72.621
364.86 72.636
371.5 72.65
378.26 72.663
385.15 72.676
392.16 72.69
399.29 72.704
406.56 72.72
413.96 72.737
421.49 72.755
429.16 72.772
436.97 72.791
444.93 72.809
453.02 72.829
461.27 72.848
469.66 72.867
478.21 72.884
486.91 72.9
495.78 72.914
504.8 72.925
513.99 72.934
523.34 72.943
532.87 72.95
542.56 72.958
552.44 72.97
562.49 72.987
572.73 73.009
583.15 73.036
593.77 73.07
604.57 73.109
615.57 73.154
626.78 73.205
638.18 73.259
649.8 73.318
661.63 73.38
673.67 73.444
685.93 73.512
698.41 73.581
711.12 73.653
724.06 73.725
737.24 73.797
750.66 73.868
764.32 73.937
778.23 74.004
792.39 74.071
806.82 74.136
821.5 74.199
836.45 74.262
851.67 74.323
867.17 74.385
882.96 74.45
899.02 74.517
915.39 74.588
932.05 74.663
949.01 74.743
966.28 74.827
983.87 74.916
1001.77 75.009
1020 75.109
1038.57 75.214
1057.47 75.325
1076.71 75.442
1096.31 75.567
1116.26 75.699
1136.58 75.837
1157.26 75.982
1178.32 76.133
1199.77 76.29
1221.6 76.452
1243.84 76.616
1266.47 76.783
1289.52 76.949
1312.99 77.108
1336.89 77.259
1361.22 77.396
1385.99 77.516
1411.22 77.616
1436.9 77.692
1463.05 77.738
1489.68 77.753
1516.79 77.735
1544.4 77.686
1572.5 77.605
1601.12 77.498
1630.26 77.364
1659.93 77.206
1690.14 77.029
1720.9 76.835
1752.22 76.628
1784.11 76.41
1816.58 76.185
1849.64 75.959
1883.3 75.735
1917.58 75.519
1952.48 75.312
1988.01 75.115
2024.19 74.925
2061.03 74.739
2098.54 74.551
2136.73 74.358
2175.62 74.156
2215.22 73.946
2255.53 73.727
2296.58 73.503
2338.38 73.277
2380.94 73.052
2424.27 72.832
2468.39 72.618
2513.31 72.41
2559.05 72.208
2605.63 72.014
2653.05 71.83
2701.33 71.66
2750.5 71.506
2800.55 71.373
2851.52 71.265
2903.42 71.187
2956.26 71.135
3010.06 71.095
3064.85 71.049
3120.62 70.979
3177.42 70.869
3235.25 70.71
3294.13 70.499
3354.08 70.244
3415.12 69.962
3477.27 69.678
3540.56 69.422
3605 69.216
3670.6 69.073
3737.41 68.988
3805.43 68.951
3874.68 68.946
3945.2 68.962
4017 68.99
4090.11 69.019
4164.55 69.034
4240.34 69.014
4317.51 68.936
4396.09 68.791
4476.1 68.576
4557.56 68.309
4640.5 68.012
4724.96 67.711
4810.95 67.431
4898.51 67.193
4987.66 67.01
5078.43 66.895
5170.86 66.851
5264.97 66.87
5360.79 66.94
5458.35 67.047
5557.69 67.194
5658.84 67.393
5761.82 67.667
5866.69 68.042
5973.46 68.541
6082.17 69.178
6192.87 69.953
6305.57 70.849
6420.33 71.832
6537.18 72.852
6656.15 73.846
6777.29 74.749
6900.63 75.494
7026.22 76.024
7154.1 76.299
7284.3 76.31
7416.87 76.076
7551.85 75.644
7689.29 75.077
7829.23 74.435
7971.72 73.781
8116.8 73.168
8264.53 72.64
8414.94 72.236
8568.09 71.984
8724.02 71.906
8882.79 72.022
9044.46 72.348
9209.06 72.894
9376.66 73.649
9547.31 74.564
9721.07 75.544
9897.99 76.452
10078.13 77.127
10261.55 77.427
10448.3 77.263
10638.45 76.631
10832.07 75.613
11029.21 74.344
11229.94 72.98
11434.32 71.661
11642.41 70.492
11854.3 69.547
12070.04 68.872
12289.71 68.497
12513.38 68.432
12741.12 68.648
12973 69.073
13209.1 69.581
13449.5 69.994
13694.28 70.115
13943.51 69.771
14197.27 68.892
14455.66 67.543
14718.74 65.901
14986.62 64.194
15259.37 62.642
15537.08 61.417
15819.85 60.615
16107.76 60.253
16400.92 60.263
16699.41 60.491
17003.33 60.714
17312.78 60.667
17627.86 60.126
17948.68 58.992
18275.34 57.335
18607.94 55.323
18946.6 53.131
19291.42 50.873
19642.52 48.598
20000 46.323