20 82.651
20.36 82.679
20.73 82.706
21.11 82.731
21.5 82.756
21.89 82.779
22.29 82.801
22.69 82.822
23.1 82.841
23.52 82.859
23.95 82.876
24.39 82.892
24.83 82.906
25.28 82.919
25.74 82.93
26.21 82.94
26.69 82.949
27.18 82.956
27.67 82.961
28.17 82.965
28.69 82.967
29.21 82.968
29.74 82.968
30.28 82.966
30.83 82.963
31.39 82.959
31.97 82.953
32.55 82.946
33.14 82.938
33.74 82.928
34.36 82.917
34.98 82.905
35.62 82.892
36.27 82.878
36.93 82.862
37.6 82.845
38.28 82.827
38.98 82.808
39.69 82.788
40.41 82.767
41.15 82.745
41.9 82.722
42.66 82.698
43.44 82.672
44.23 82.646
45.03 82.618
45.85 82.589
46.68 82.56
47.53 82.529
48.4 82.497
49.28 82.464
50.18 82.429
51.09 82.394
52.02 82.357
52.97 82.32
53.93 82.281
54.91 82.241
55.91 82.199
56.93 82.157
57.97 82.113
59.02 82.068
60.09 82.021
61.19 81.973
62.3 81.924
63.44 81.874
64.59 81.821
65.77 81.768
66.96 81.713
68.18 81.656
69.42 81.599
70.69 81.54
71.97 81.48
73.28 81.419
74.62 81.357
75.97 81.295
77.36 81.231
78.76 81.167
80.2 81.102
81.66 81.036
83.14 80.97
84.66 80.902
86.2 80.834
87.77 80.764
89.36 80.694
90.99 80.622
92.65 80.549
94.33 80.475
96.05 80.399
97.8 80.323
99.58 80.246
101.39 80.168
103.23 80.089
105.11 80.01
107.03 79.931
108.97 79.851
110.96 79.771
112.98 79.691
115.03 79.612
117.13 79.532
119.26 79.453
121.43 79.375
123.64 79.297
125.89 79.22
128.18 79.144
130.51 79.069
132.89 78.995
135.31 78.921
137.77 78.846
140.28 78.77
142.83 78.693
145.43 78.614
148.07 78.532
150.77 78.449
153.51 78.365
156.31 78.278
159.15 78.191
162.05 78.104
165 78.015
168 77.927
171.06 77.839
174.17 77.751
177.34 77.664
180.57 77.577
183.86 77.492
187.2 77.406
190.61 77.321
194.08 77.236
197.61 77.151
201.21 77.066
204.87 76.982
208.6 76.898
212.39 76.814
216.26 76.732
220.19 76.651
224.2 76.572
228.28 76.495
232.44 76.42
236.67 76.345
240.97 76.271
245.36 76.198
249.82 76.126
254.37 76.056
259 75.987
263.71 75.919
268.51 75.852
273.4 75.786
278.38 75.721
283.44 75.657
288.6 75.594
293.85 75.532
299.2 75.47
304.65 75.409
310.19 75.347
315.84 75.286
321.59 75.225
327.44 75.165
333.4 75.105
339.47 75.047
345.64 74.989
351.93 74.933
358.34 74.877
364.86 74.823
371.5 74.768
378.26 74.715
385.15 74.662
392.16 74.61
399.29 74.559
406.56 74.51
413.96 74.461
421.49 74.414
429.16 74.367
436.97 74.321
444.93 74.276
453.02 74.232
461.27 74.19
469.66 74.149
478.21 74.11
486.91 74.073
495.78 74.039
504.8 74.007
513.99 73.977
523.34 73.949
532.87 73.923
542.56 73.899
552.44 73.876
562.49 73.855
572.73 73.835
583.15 73.817
593.77 73.8
604.57 73.785
615.57 73.772
626.78 73.761
638.18 73.753
649.8 73.747
661.63 73.744
673.67 73.744
685.93 73.747
698.41 73.754
711.12 73.764
724.06 73.778
737.24 73.796
750.66 73.818
764.32 73.845
778.23 73.875
792.39 73.91
806.82 73.948
821.5 73.992
836.45 74.041
851.67 74.097
867.17 74.159
882.96 74.23
899.02 74.311
915.39 74.402
932.05 74.505
949.01 74.617
966.28 74.74
983.87 74.873
1001.77 75.014
1020 75.163
1038.57 75.319
1057.47 75.481
1076.71 75.648
1096.31 75.818
1116.26 75.991
1136.58 76.165
1157.26 76.339
1178.32 76.507
1199.77 76.671
1221.6 76.828
1243.84 76.977
1266.47 77.118
1289.52 77.249
1312.99 77.373
1336.89 77.491
1361.22 77.605
1385.99 77.715
1411.22 77.823
1436.9 77.928
1463.05 78.032
1489.68 78.135
1516.79 78.238
1544.4 78.343
1572.5 78.452
1601.12 78.566
1630.26 78.686
1659.93 78.812
1690.14 78.941
1720.9 79.071
1752.22 79.203
1784.11 79.333
1816.58 79.461
1849.64 79.587
1883.3 79.709
1917.58 79.826
1952.48 79.937
1988.01 80.041
2024.19 80.138
2061.03 80.228
2098.54 80.309
2136.73 80.383
2175.62 80.449
2215.22 80.508
2255.53 80.558
2296.58 80.6
2338.38 80.634
2380.94 80.66
2424.27 80.677
2468.39 80.686
2513.31 80.686
2559.05 80.68
2605.63 80.666
2653.05 80.647
2701.33 80.622
2750.5 80.593
2800.55 80.562
2851.52 80.528
2903.42 80.494
2956.26 80.46
3010.06 80.428
3064.85 80.398
3120.62 80.372
3177.42 80.351
3235.25 80.335
3294.13 80.325
3354.08 80.322
3415.12 80.326
3477.27 80.339
3540.56 80.362
3605 80.393
3670.6 80.434
3737.41 80.485
3805.43 80.545
3874.68 80.615
3945.2 80.691
4017 80.775
4090.11 80.864
4164.55 80.955
4240.34 81.046
4317.51 81.134
4396.09 81.213
4476.1 81.28
4557.56 81.329
4640.5 81.354
4724.96 81.351
4810.95 81.314
4898.51 81.239
4987.66 81.122
5078.43 80.963
5170.86 80.763
5264.97 80.526
5360.79 80.258
5458.35 79.965
5557.69 79.654
5658.84 79.335
5761.82 79.016
5866.69 78.705
5973.46 78.414
6082.17 78.153
6192.87 77.931
6305.57 77.76
6420.33 77.647
6537.18 77.6
6656.15 77.626
6777.29 77.732
6900.63 77.927
7026.22 78.218
7154.1 78.61
7284.3 79.105
7416.87 79.69
7551.85 80.344
7689.29 81.025
7829.23 81.673
7971.72 82.212
8116.8 82.561
8264.53 82.647
8414.94 82.422
8568.09 81.876
8724.02 81.041
8882.79 79.981
9044.46 78.78
9209.06 77.526
9376.66 76.3
9547.31 75.173
9721.07 74.201
9897.99 73.431
10078.13 72.897
10261.55 72.628
10448.3 72.632
10638.45 72.903
10832.07 73.4
11029.21 74.048
11229.94 74.739
11434.32 75.34
11642.41 75.722
11854.3 75.789
12070.04 75.492
12289.71 74.84
12513.38 73.886
12741.12 72.715
12973 71.426
13209.1 70.117
13449.5 68.876
13694.28 67.773
13943.51 66.862
14197.27 66.179
14455.66 65.738
14718.74 65.534
14986.62 65.538
15259.37 65.695
15537.08 65.926
15819.85 66.135
16107.76 66.224
16400.92 66.116
16699.41 65.784
17003.33 65.287
17312.78 64.767
17627.86 64.372
17948.68 64.164
18275.34 64.138
18607.94 64.253
18946.6 64.451
19291.42 64.679
19642.52 64.908
20000 65.138