20 78.423
20.36 78.479
20.73 78.535
21.11 78.591
21.5 78.646
21.89 78.702
22.29 78.757
22.69 78.812
23.1 78.868
23.52 78.923
23.95 78.977
24.39 79.031
24.83 79.085
25.28 79.139
25.74 79.192
26.21 79.245
26.69 79.297
27.18 79.348
27.67 79.4
28.17 79.45
28.69 79.5
29.21 79.55
29.74 79.598
30.28 79.646
30.83 79.693
31.39 79.739
31.97 79.785
32.55 79.829
33.14 79.873
33.74 79.916
34.36 79.958
34.98 79.998
35.62 80.038
36.27 80.077
36.93 80.114
37.6 80.151
38.28 80.186
38.98 80.219
39.69 80.251
40.41 80.282
41.15 80.312
41.9 80.34
42.66 80.366
43.44 80.391
44.23 80.414
45.03 80.436
45.85 80.456
46.68 80.474
47.53 80.49
48.4 80.504
49.28 80.516
50.18 80.527
51.09 80.535
52.02 80.541
52.97 80.546
53.93 80.548
54.91 80.547
55.91 80.544
56.93 80.539
57.97 80.532
59.02 80.522
60.09 80.51
61.19 80.495
62.3 80.477
63.44 80.457
64.59 80.435
65.77 80.41
66.96 80.382
68.18 80.352
69.42 80.32
70.69 80.285
71.97 80.248
73.28 80.208
74.62 80.166
75.97 80.121
77.36 80.073
78.76 80.022
80.2 79.969
81.66 79.913
83.14 79.853
84.66 79.79
86.2 79.725
87.77 79.655
89.36 79.582
90.99 79.507
92.65 79.427
94.33 79.344
96.05 79.258
97.8 79.168
99.58 79.074
101.39 78.977
103.23 78.876
105.11 78.774
107.03 78.669
108.97 78.562
110.96 78.455
112.98 78.346
115.03 78.235
117.13 78.122
119.26 78.008
121.43 77.891
123.64 77.772
125.89 77.65
128.18 77.526
130.51 77.4
132.89 77.273
135.31 77.144
137.77 77.014
140.28 76.884
142.83 76.753
145.43 76.622
148.07 76.492
150.77 76.362
153.51 76.232
156.31 76.105
159.15 75.979
162.05 75.855
165 75.734
168 75.616
171.06 75.501
174.17 75.388
177.34 75.278
180.57 75.171
183.86 75.067
187.2 74.965
190.61 74.867
194.08 74.772
197.61 74.682
201.21 74.595
204.87 74.515
208.6 74.44
212.39 74.37
216.26 74.306
220.19 74.248
224.2 74.196
228.28 74.148
232.44 74.106
236.67 74.069
240.97 74.035
245.36 74.006
249.82 73.979
254.37 73.956
259 73.936
263.71 73.919
268.51 73.905
273.4 73.894
278.38 73.885
283.44 73.878
288.6 73.873
293.85 73.869
299.2 73.867
304.65 73.865
310.19 73.865
315.84 73.866
321.59 73.867
327.44 73.868
333.4 73.87
339.47 73.871
345.64 73.873
351.93 73.874
358.34 73.874
364.86 73.874
371.5 73.873
378.26 73.872
385.15 73.87
392.16 73.868
399.29 73.864
406.56 73.86
413.96 73.855
421.49 73.85
429.16 73.844
436.97 73.838
444.93 73.83
453.02 73.822
461.27 73.814
469.66 73.805
478.21 73.795
486.91 73.785
495.78 73.775
504.8 73.764
513.99 73.753
523.34 73.743
532.87 73.731
542.56 73.721
552.44 73.709
562.49 73.698
572.73 73.686
583.15 73.675
593.77 73.664
604.57 73.654
615.57 73.645
626.78 73.637
638.18 73.632
649.8 73.63
661.63 73.63
673.67 73.632
685.93 73.637
698.41 73.646
711.12 73.657
724.06 73.673
737.24 73.692
750.66 73.718
764.32 73.749
778.23 73.785
792.39 73.827
806.82 73.875
821.5 73.929
836.45 73.989
851.67 74.055
867.17 74.129
882.96 74.213
899.02 74.307
915.39 74.413
932.05 74.526
949.01 74.647
966.28 74.771
983.87 74.893
1001.77 75.012
1020 75.127
1038.57 75.239
1057.47 75.352
1076.71 75.47
1096.31 75.597
1116.26 75.734
1136.58 75.88
1157.26 76.031
1178.32 76.184
1199.77 76.338
1221.6 76.489
1243.84 76.634
1266.47 76.775
1289.52 76.91
1312.99 77.038
1336.89 77.16
1361.22 77.279
1385.99 77.395
1411.22 77.51
1436.9 77.625
1463.05 77.741
1489.68 77.858
1516.79 77.977
1544.4 78.097
1572.5 78.218
1601.12 78.338
1630.26 78.461
1659.93 78.587
1690.14 78.716
1720.9 78.849
1752.22 78.987
1784.11 79.13
1816.58 79.279
1849.64 79.433
1883.3 79.591
1917.58 79.754
1952.48 79.922
1988.01 80.095
2024.19 80.271
2061.03 80.453
2098.54 80.639
2136.73 80.827
2175.62 81.017
2215.22 81.207
2255.53 81.397
2296.58 81.585
2338.38 81.772
2380.94 81.955
2424.27 82.133
2468.39 82.304
2513.31 82.467
2559.05 82.618
2605.63 82.755
2653.05 82.874
2701.33 82.974
2750.5 83.051
2800.55 83.103
2851.52 83.129
2903.42 83.128
2956.26 83.101
3010.06 83.049
3064.85 82.974
3120.62 82.879
3177.42 82.768
3235.25 82.646
3294.13 82.514
3354.08 82.376
3415.12 82.236
3477.27 82.097
3540.56 81.961
3605 81.83
3670.6 81.705
3737.41 81.587
3805.43 81.477
3874.68 81.376
3945.2 81.285
4017 81.203
4090.11 81.13
4164.55 81.066
4240.34 81.009
4317.51 80.961
4396.09 80.918
4476.1 80.88
4557.56 80.844
4640.5 80.81
4724.96 80.774
4810.95 80.733
4898.51 80.687
4987.66 80.631
5078.43 80.564
5170.86 80.482
5264.97 80.386
5360.79 80.272
5458.35 80.141
5557.69 79.996
5658.84 79.835
5761.82 79.663
5866.69 79.481
5973.46 79.295
6082.17 79.107
6192.87 78.921
6305.57 78.742
6420.33 78.573
6537.18 78.418
6656.15 78.283
6777.29 78.174
6900.63 78.097
7026.22 78.061
7154.1 78.073
7284.3 78.142
7416.87 78.276
7551.85 78.485
7689.29 78.775
7829.23 79.151
7971.72 79.607
8116.8 80.13
8264.53 80.691
8414.94 81.245
8568.09 81.735
8724.02 82.094
8882.79 82.259
9044.46 82.185
9209.06 81.851
9376.66 81.274
9547.31 80.501
9721.07 79.602
9897.99 78.656
10078.13 77.738
10261.55 76.907
10448.3 76.204
10638.45 75.653
10832.07 75.264
11029.21 75.033
11229.94 74.942
11434.32 74.963
11642.41 75.058
11854.3 75.178
12070.04 75.271
12289.71 75.281
12513.38 75.16
12741.12 74.873
12973 74.397
13209.1 73.733
13449.5 72.901
13694.28 71.94
13943.51 70.907
14197.27 69.868
14455.66 68.885
14718.74 68.004
14986.62 67.249
15259.37 66.616
15537.08 66.073
15819.85 65.571
16107.76 65.044
16400.92 64.429
16699.41 63.676
17003.33 62.762
17312.78 61.692
17627.86 60.499
17948.68 59.231
18275.34 57.939
18607.94 56.662
18946.6 55.422
19291.42 54.222
19642.52 53.044
20000 51.868