20 73.398
20.36 73.45
20.73 73.502
21.11 73.554
21.5 73.604
21.89 73.655
22.29 73.705
22.69 73.755
23.1 73.805
23.52 73.855
23.95 73.904
24.39 73.953
24.83 74.001
25.28 74.049
25.74 74.097
26.21 74.146
26.69 74.193
27.18 74.24
27.67 74.287
28.17 74.333
28.69 74.379
29.21 74.426
29.74 74.472
30.28 74.517
30.83 74.562
31.39 74.606
31.97 74.651
32.55 74.694
33.14 74.738
33.74 74.781
34.36 74.823
34.98 74.865
35.62 74.906
36.27 74.947
36.93 74.987
37.6 75.027
38.28 75.066
38.98 75.104
39.69 75.142
40.41 75.179
41.15 75.215
41.9 75.25
42.66 75.285
43.44 75.319
44.23 75.351
45.03 75.383
45.85 75.414
46.68 75.445
47.53 75.474
48.4 75.502
49.28 75.529
50.18 75.555
51.09 75.58
52.02 75.604
52.97 75.627
53.93 75.648
54.91 75.668
55.91 75.687
56.93 75.704
57.97 75.72
59.02 75.735
60.09 75.748
61.19 75.76
62.3 75.771
63.44 75.779
64.59 75.787
65.77 75.793
66.96 75.797
68.18 75.8
69.42 75.801
70.69 75.8
71.97 75.798
73.28 75.795
74.62 75.791
75.97 75.786
77.36 75.778
78.76 75.771
80.2 75.762
81.66 75.753
83.14 75.742
84.66 75.73
86.2 75.717
87.77 75.703
89.36 75.688
90.99 75.672
92.65 75.654
94.33 75.635
96.05 75.615
97.8 75.594
99.58 75.571
101.39 75.547
103.23 75.522
105.11 75.495
107.03 75.467
108.97 75.438
110.96 75.409
112.98 75.378
115.03 75.347
117.13 75.316
119.26 75.285
121.43 75.254
123.64 75.224
125.89 75.193
128.18 75.163
130.51 75.133
132.89 75.103
135.31 75.074
137.77 75.044
140.28 75.015
142.83 74.984
145.43 74.954
148.07 74.922
150.77 74.889
153.51 74.856
156.31 74.821
159.15 74.784
162.05 74.746
165 74.706
168 74.665
171.06 74.623
174.17 74.579
177.34 74.536
180.57 74.492
183.86 74.448
187.2 74.404
190.61 74.361
194.08 74.32
197.61 74.278
201.21 74.238
204.87 74.2
208.6 74.163
212.39 74.127
216.26 74.093
220.19 74.061
224.2 74.029
228.28 73.998
232.44 73.968
236.67 73.94
240.97 73.911
245.36 73.884
249.82 73.857
254.37 73.831
259 73.805
263.71 73.78
268.51 73.756
273.4 73.733
278.38 73.71
283.44 73.687
288.6 73.665
293.85 73.644
299.2 73.624
304.65 73.603
310.19 73.583
315.84 73.564
321.59 73.544
327.44 73.525
333.4 73.507
339.47 73.49
345.64 73.473
351.93 73.455
358.34 73.439
364.86 73.424
371.5 73.409
378.26 73.395
385.15 73.382
392.16 73.369
399.29 73.358
406.56 73.347
413.96 73.337
421.49 73.327
429.16 73.318
436.97 73.309
444.93 73.302
453.02 73.294
461.27 73.286
469.66 73.28
478.21 73.274
486.91 73.268
495.78 73.263
504.8 73.259
513.99 73.256
523.34 73.254
532.87 73.253
542.56 73.253
552.44 73.254
562.49 73.256
572.73 73.26
583.15 73.264
593.77 73.27
604.57 73.278
615.57 73.286
626.78 73.298
638.18 73.311
649.8 73.326
661.63 73.345
673.67 73.365
685.93 73.389
698.41 73.415
711.12 73.445
724.06 73.477
737.24 73.513
750.66 73.553
764.32 73.596
778.23 73.643
792.39 73.694
806.82 73.75
821.5 73.811
836.45 73.878
851.67 73.951
867.17 74.032
882.96 74.119
899.02 74.215
915.39 74.32
932.05 74.436
949.01 74.564
966.28 74.704
983.87 74.855
1001.77 75.016
1020 75.183
1038.57 75.355
1057.47 75.529
1076.71 75.707
1096.31 75.889
1116.26 76.076
1136.58 76.26
1157.26 76.439
1178.32 76.608
1199.77 76.768
1221.6 76.916
1243.84 77.053
1266.47 77.179
1289.52 77.293
1312.99 77.398
1336.89 77.495
1361.22 77.585
1385.99 77.67
1411.22 77.751
1436.9 77.829
1463.05 77.905
1489.68 77.98
1516.79 78.058
1544.4 78.138
1572.5 78.226
1601.12 78.321
1630.26 78.425
1659.93 78.537
1690.14 78.657
1720.9 78.782
1752.22 78.912
1784.11 79.045
1816.58 79.182
1849.64 79.321
1883.3 79.465
1917.58 79.611
1952.48 79.76
1988.01 79.912
2024.19 80.067
2061.03 80.226
2098.54 80.389
2136.73 80.557
2175.62 80.728
2215.22 80.905
2255.53 81.088
2296.58 81.276
2338.38 81.468
2380.94 81.663
2424.27 81.856
2468.39 82.044
2513.31 82.22
2559.05 82.381
2605.63 82.522
2653.05 82.641
2701.33 82.737
2750.5 82.808
2800.55 82.856
2851.52 82.882
2903.42 82.886
2956.26 82.872
3010.06 82.84
3064.85 82.793
3120.62 82.735
3177.42 82.666
3235.25 82.591
3294.13 82.511
3354.08 82.431
3415.12 82.354
3477.27 82.286
3540.56 82.233
3605 82.204
3670.6 82.206
3737.41 82.245
3805.43 82.323
3874.68 82.439
3945.2 82.588
4017 82.76
4090.11 82.94
4164.55 83.114
4240.34 83.262
4317.51 83.365
4396.09 83.402
4476.1 83.359
4557.56 83.223
4640.5 82.988
4724.96 82.657
4810.95 82.237
4898.51 81.742
4987.66 81.195
5078.43 80.618
5170.86 80.036
5264.97 79.471
5360.79 78.943
5458.35 78.47
5557.69 78.059
5658.84 77.715
5761.82 77.434
5866.69 77.207
5973.46 77.022
6082.17 76.872
6192.87 76.763
6305.57 76.709
6420.33 76.723
6537.18 76.802
6656.15 76.937
6777.29 77.113
6900.63 77.311
7026.22 77.517
7154.1 77.71
7284.3 77.875
7416.87 77.997
7551.85 78.062
7689.29 78.058
7829.23 77.976
7971.72 77.812
8116.8 77.57
8264.53 77.259
8414.94 76.896
8568.09 76.502
8724.02 76.097
8882.79 75.701
9044.46 75.332
9209.06 75.003
9376.66 74.727
9547.31 74.515
9721.07 74.373
9897.99 74.31
10078.13 74.339
10261.55 74.479
10448.3 74.752
10638.45 75.173
10832.07 75.726
11029.21 76.357
11229.94 76.979
11434.32 77.49
11642.41 77.795
11854.3 77.841
12070.04 77.626
12289.71 77.195
12513.38 76.623
12741.12 75.988
12973 75.348
13209.1 74.72
13449.5 74.087
13694.28 73.409
13943.51 72.65
14197.27 71.793
14455.66 70.845
14718.74 69.833
14986.62 68.806
15259.37 67.839
15537.08 67.027
15819.85 66.482
16107.76 66.275
16400.92 66.38
16699.41 66.636
17003.33 66.766
17312.78 66.434
17627.86 65.377
17948.68 63.505
18275.34 60.89
18607.94 57.666
18946.6 53.993
19291.42 50.045
19642.52 45.986
20000 41.93