20 83.203
20.36 83.215
20.73 83.226
21.11 83.237
21.5 83.247
21.89 83.257
22.29 83.266
22.69 83.274
23.1 83.282
23.52 83.29
23.95 83.297
24.39 83.303
24.83 83.309
25.28 83.315
25.74 83.32
26.21 83.325
26.69 83.329
27.18 83.333
27.67 83.337
28.17 83.34
28.69 83.343
29.21 83.344
29.74 83.346
30.28 83.347
30.83 83.348
31.39 83.347
31.97 83.347
32.55 83.345
33.14 83.343
33.74 83.34
34.36 83.337
34.98 83.332
35.62 83.327
36.27 83.32
36.93 83.314
37.6 83.306
38.28 83.297
38.98 83.288
39.69 83.277
40.41 83.265
41.15 83.253
41.9 83.239
42.66 83.224
43.44 83.209
44.23 83.192
45.03 83.174
45.85 83.156
46.68 83.136
47.53 83.115
48.4 83.093
49.28 83.07
50.18 83.047
51.09 83.022
52.02 82.996
52.97 82.969
53.93 82.941
54.91 82.912
55.91 82.882
56.93 82.851
57.97 82.818
59.02 82.785
60.09 82.75
61.19 82.714
62.3 82.676
63.44 82.638
64.59 82.597
65.77 82.556
66.96 82.514
68.18 82.469
69.42 82.424
70.69 82.377
71.97 82.329
73.28 82.281
74.62 82.23
75.97 82.179
77.36 82.127
78.76 82.073
80.2 82.019
81.66 81.963
83.14 81.907
84.66 81.849
86.2 81.791
87.77 81.73
89.36 81.669
90.99 81.606
92.65 81.542
94.33 81.477
96.05 81.411
97.8 81.343
99.58 81.275
101.39 81.205
103.23 81.134
105.11 81.063
107.03 80.991
108.97 80.919
110.96 80.846
112.98 80.773
115.03 80.7
117.13 80.625
119.26 80.552
121.43 80.478
123.64 80.405
125.89 80.332
128.18 80.259
130.51 80.187
132.89 80.116
135.31 80.044
137.77 79.971
140.28 79.898
142.83 79.823
145.43 79.746
148.07 79.666
150.77 79.585
153.51 79.501
156.31 79.416
159.15 79.33
162.05 79.242
165 79.154
168 79.064
171.06 78.975
174.17 78.885
177.34 78.795
180.57 78.705
183.86 78.616
187.2 78.527
190.61 78.437
194.08 78.347
197.61 78.256
201.21 78.165
204.87 78.074
208.6 77.982
212.39 77.89
216.26 77.799
220.19 77.71
224.2 77.621
228.28 77.534
232.44 77.447
236.67 77.361
240.97 77.275
245.36 77.189
249.82 77.104
254.37 77.019
259 76.935
263.71 76.852
268.51 76.769
273.4 76.686
278.38 76.603
283.44 76.521
288.6 76.44
293.85 76.36
299.2 76.28
304.65 76.2
310.19 76.12
315.84 76.041
321.59 75.962
327.44 75.885
333.4 75.809
339.47 75.734
345.64 75.661
351.93 75.589
358.34 75.519
364.86 75.449
371.5 75.381
378.26 75.312
385.15 75.244
392.16 75.177
399.29 75.111
406.56 75.046
413.96 74.982
421.49 74.919
429.16 74.856
436.97 74.794
444.93 74.732
453.02 74.67
461.27 74.61
469.66 74.551
478.21 74.493
486.91 74.438
495.78 74.385
504.8 74.335
513.99 74.287
523.34 74.242
532.87 74.199
542.56 74.158
552.44 74.118
562.49 74.08
572.73 74.043
583.15 74.008
593.77 73.975
604.57 73.945
615.57 73.918
626.78 73.894
638.18 73.874
649.8 73.859
661.63 73.848
673.67 73.841
685.93 73.838
698.41 73.839
711.12 73.845
724.06 73.857
737.24 73.875
750.66 73.899
764.32 73.93
778.23 73.967
792.39 74.009
806.82 74.055
821.5 74.105
836.45 74.158
851.67 74.215
867.17 74.275
882.96 74.34
899.02 74.411
915.39 74.49
932.05 74.577
949.01 74.672
966.28 74.777
983.87 74.89
1001.77 75.012
1020 75.143
1038.57 75.281
1057.47 75.427
1076.71 75.579
1096.31 75.738
1116.26 75.904
1136.58 76.073
1157.26 76.244
1178.32 76.413
1199.77 76.58
1221.6 76.744
1243.84 76.903
1266.47 77.057
1289.52 77.204
1312.99 77.347
1336.89 77.487
1361.22 77.627
1385.99 77.769
1411.22 77.914
1436.9 78.064
1463.05 78.221
1489.68 78.388
1516.79 78.566
1544.4 78.758
1572.5 78.965
1601.12 79.191
1630.26 79.436
1659.93 79.698
1690.14 79.976
1720.9 80.269
1752.22 80.574
1784.11 80.889
1816.58 81.212
1849.64 81.542
1883.3 81.875
1917.58 82.208
1952.48 82.538
1988.01 82.861
2024.19 83.179
2061.03 83.488
2098.54 83.789
2136.73 84.081
2175.62 84.362
2215.22 84.63
2255.53 84.879
2296.58 85.106
2338.38 85.301
2380.94 85.46
2424.27 85.577
2468.39 85.65
2513.31 85.675
2559.05 85.656
2605.63 85.595
2653.05 85.499
2701.33 85.372
2750.5 85.223
2800.55 85.058
2851.52 84.885
2903.42 84.713
2956.26 84.547
3010.06 84.395
3064.85 84.261
3120.62 84.149
3177.42 84.063
3235.25 84.006
3294.13 83.981
3354.08 83.992
3415.12 84.042
3477.27 84.134
3540.56 84.27
3605 84.452
3670.6 84.679
3737.41 84.948
3805.43 85.253
3874.68 85.58
3945.2 85.915
4017 86.233
4090.11 86.509
4164.55 86.708
4240.34 86.799
4317.51 86.752
4396.09 86.544
4476.1 86.163
4557.56 85.609
4640.5 84.898
4724.96 84.054
4810.95 83.113
4898.51 82.108
4987.66 81.073
5078.43 80.036
5170.86 79.023
5264.97 78.054
5360.79 77.143
5458.35 76.298
5557.69 75.525
5658.84 74.825
5761.82 74.201
5866.69 73.646
5973.46 73.158
6082.17 72.736
6192.87 72.378
6305.57 72.079
6420.33 71.837
6537.18 71.651
6656.15 71.524
6777.29 71.462
6900.63 71.47
7026.22 71.557
7154.1 71.732
7284.3 72.004
7416.87 72.384
7551.85 72.881
7689.29 73.499
7829.23 74.237
7971.72 75.085
8116.8 76.015
8264.53 76.988
8414.94 77.94
8568.09 78.791
8724.02 79.452
8882.79 79.845
9044.46 79.928
9209.06 79.716
9376.66 79.284
9547.31 78.753
9721.07 78.259
9897.99 77.927
10078.13 77.848
10261.55 78.057
10448.3 78.523
10638.45 79.147
10832.07 79.769
11029.21 80.2
11229.94 80.261
11434.32 79.837
11642.41 78.913
11854.3 77.572
12070.04 75.968
12289.71 74.283
12513.38 72.69
12741.12 71.327
12973 70.286
13209.1 69.611
13449.5 69.287
13694.28 69.237
13943.51 69.316
14197.27 69.32
14455.66 69.011
14718.74 68.183
14986.62 66.751
15259.37 64.792
15537.08 62.514
15819.85 60.172
16107.76 57.992
16400.92 56.132
16699.41 54.675
17003.33 53.641
17312.78 53.009
17627.86 52.724
17948.68 52.715
18275.34 52.894
18607.94 53.17
18946.6 53.466
19291.42 53.734
19642.52 53.973
20000 54.214