20 65.053
20.36 65.252
20.73 65.451
21.11 65.648
21.5 65.843
21.89 66.036
22.29 66.227
22.69 66.415
23.1 66.6
23.52 66.783
23.95 66.961
24.39 67.136
24.83 67.307
25.28 67.475
25.74 67.637
26.21 67.795
26.69 67.949
27.18 68.097
27.67 68.24
28.17 68.379
28.69 68.512
29.21 68.641
29.74 68.765
30.28 68.885
30.83 69.001
31.39 69.113
31.97 69.22
32.55 69.324
33.14 69.425
33.74 69.522
34.36 69.615
34.98 69.705
35.62 69.793
36.27 69.878
36.93 69.959
37.6 70.039
38.28 70.115
38.98 70.19
39.69 70.262
40.41 70.333
41.15 70.401
41.9 70.467
42.66 70.532
43.44 70.595
44.23 70.656
45.03 70.715
45.85 70.773
46.68 70.83
47.53 70.885
48.4 70.938
49.28 70.99
50.18 71.041
51.09 71.091
52.02 71.14
52.97 71.188
53.93 71.234
54.91 71.28
55.91 71.324
56.93 71.368
57.97 71.41
59.02 71.451
60.09 71.491
61.19 71.53
62.3 71.567
63.44 71.603
64.59 71.638
65.77 71.672
66.96 71.704
68.18 71.735
69.42 71.766
70.69 71.795
71.97 71.823
73.28 71.851
74.62 71.878
75.97 71.905
77.36 71.931
78.76 71.957
80.2 71.983
81.66 72.008
83.14 72.033
84.66 72.058
86.2 72.083
87.77 72.108
89.36 72.132
90.99 72.156
92.65 72.18
94.33 72.203
96.05 72.226
97.8 72.249
99.58 72.272
101.39 72.294
103.23 72.317
105.11 72.339
107.03 72.36
108.97 72.382
110.96 72.404
112.98 72.426
115.03 72.449
117.13 72.472
119.26 72.495
121.43 72.519
123.64 72.544
125.89 72.569
128.18 72.595
130.51 72.622
132.89 72.65
135.31 72.678
137.77 72.707
140.28 72.736
142.83 72.765
145.43 72.794
148.07 72.823
150.77 72.852
153.51 72.879
156.31 72.904
159.15 72.928
162.05 72.95
165 72.97
168 72.988
171.06 73.004
174.17 73.02
177.34 73.034
180.57 73.047
183.86 73.06
187.2 73.073
190.61 73.086
194.08 73.1
197.61 73.115
201.21 73.13
204.87 73.147
208.6 73.164
212.39 73.183
216.26 73.201
220.19 73.221
224.2 73.24
228.28 73.259
232.44 73.278
236.67 73.297
240.97 73.316
245.36 73.335
249.82 73.354
254.37 73.372
259 73.39
263.71 73.409
268.51 73.427
273.4 73.445
278.38 73.463
283.44 73.48
288.6 73.497
293.85 73.514
299.2 73.53
304.65 73.546
310.19 73.562
315.84 73.577
321.59 73.592
327.44 73.606
333.4 73.62
339.47 73.633
345.64 73.645
351.93 73.658
358.34 73.67
364.86 73.681
371.5 73.693
378.26 73.704
385.15 73.715
392.16 73.726
399.29 73.737
406.56 73.748
413.96 73.758
421.49 73.768
429.16 73.778
436.97 73.787
444.93 73.796
453.02 73.803
461.27 73.811
469.66 73.818
478.21 73.824
486.91 73.829
495.78 73.834
504.8 73.838
513.99 73.842
523.34 73.846
532.87 73.85
542.56 73.854
552.44 73.858
562.49 73.861
572.73 73.862
583.15 73.863
593.77 73.863
604.57 73.863
615.57 73.863
626.78 73.865
638.18 73.867
649.8 73.87
661.63 73.874
673.67 73.88
685.93 73.886
698.41 73.893
711.12 73.903
724.06 73.914
737.24 73.927
750.66 73.943
764.32 73.961
778.23 73.983
792.39 74.009
806.82 74.04
821.5 74.076
836.45 74.12
851.67 74.172
867.17 74.232
882.96 74.299
899.02 74.375
915.39 74.459
932.05 74.552
949.01 74.654
966.28 74.765
983.87 74.885
1001.77 75.013
1020 75.148
1038.57 75.291
1057.47 75.439
1076.71 75.592
1096.31 75.75
1116.26 75.91
1136.58 76.074
1157.26 76.237
1178.32 76.399
1199.77 76.558
1221.6 76.714
1243.84 76.865
1266.47 77.011
1289.52 77.151
1312.99 77.288
1336.89 77.423
1361.22 77.559
1385.99 77.697
1411.22 77.838
1436.9 77.982
1463.05 78.128
1489.68 78.277
1516.79 78.426
1544.4 78.58
1572.5 78.739
1601.12 78.909
1630.26 79.095
1659.93 79.297
1690.14 79.516
1720.9 79.746
1752.22 79.983
1784.11 80.22
1816.58 80.455
1849.64 80.683
1883.3 80.902
1917.58 81.108
1952.48 81.299
1988.01 81.472
2024.19 81.625
2061.03 81.756
2098.54 81.862
2136.73 81.939
2175.62 81.986
2215.22 82.002
2255.53 81.985
2296.58 81.939
2338.38 81.864
2380.94 81.765
2424.27 81.647
2468.39 81.514
2513.31 81.371
2559.05 81.224
2605.63 81.075
2653.05 80.93
2701.33 80.791
2750.5 80.661
2800.55 80.542
2851.52 80.439
2903.42 80.355
2956.26 80.298
3010.06 80.275
3064.85 80.296
3120.62 80.373
3177.42 80.513
3235.25 80.723
3294.13 80.998
3354.08 81.326
3415.12 81.682
3477.27 82.024
3540.56 82.31
3605 82.504
3670.6 82.577
3737.41 82.513
3805.43 82.309
3874.68 81.969
3945.2 81.509
4017 80.951
4090.11 80.325
4164.55 79.665
4240.34 79.003
4317.51 78.363
4396.09 77.76
4476.1 77.194
4557.56 76.65
4640.5 76.102
4724.96 75.515
4810.95 74.85
4898.51 74.079
4987.66 73.19
5078.43 72.201
5170.86 71.159
5264.97 70.123
5360.79 69.152
5458.35 68.287
5557.69 67.553
5658.84 66.961
5761.82 66.512
5866.69 66.2
5973.46 66.019
6082.17 65.966
6192.87 66.033
6305.57 66.221
6420.33 66.532
6537.18 66.977
6656.15 67.571
6777.29 68.33
6900.63 69.274
7026.22 70.416
7154.1 71.751
7284.3 73.25
7416.87 74.854
7551.85 76.469
7689.29 77.975
7829.23 79.238
7971.72 80.148
8116.8 80.647
8264.53 80.739
8414.94 80.471
8568.09 79.894
8724.02 79.035
8882.79 77.893
9044.46 76.465
9209.06 74.763
9376.66 72.841
9547.31 70.78
9721.07 68.67
9897.99 66.576
10078.13 64.531
10261.55 62.53
10448.3 60.539
10638.45 58.521
10832.07 56.457
11029.21 54.39
11229.94 52.443
11434.32 50.84
11642.41 49.875
11854.3 49.806
12070.04 50.71
12289.71 52.416
12513.38 54.598
12741.12 56.894
12973 58.968
13209.1 60.542
13449.5 61.458
13694.28 61.735
13943.51 61.548
14197.27 61.127
14455.66 60.657
14718.74 60.248
14986.62 59.927
15259.37 59.68
15537.08 59.49
15819.85 59.357
16107.76 59.279
16400.92 59.239
16699.41 59.219
17003.33 59.2
17312.78 59.158
17627.86 59.029
17948.68 58.725
18275.34 58.159
18607.94 57.29
18946.6 56.149
19291.42 54.825
19642.52 53.427
20000 52.032