20 65.04
20.36 65.237
20.73 65.434
21.11 65.628
21.5 65.821
21.89 66.012
22.29 66.201
22.69 66.387
23.1 66.571
23.52 66.751
23.95 66.929
24.39 67.103
24.83 67.274
25.28 67.44
25.74 67.603
26.21 67.761
26.69 67.914
27.18 68.063
27.67 68.207
28.17 68.346
28.69 68.481
29.21 68.611
29.74 68.737
30.28 68.859
30.83 68.976
31.39 69.09
31.97 69.199
32.55 69.305
33.14 69.408
33.74 69.507
34.36 69.602
34.98 69.694
35.62 69.784
36.27 69.87
36.93 69.953
37.6 70.034
38.28 70.112
38.98 70.187
39.69 70.261
40.41 70.331
41.15 70.4
41.9 70.467
42.66 70.532
43.44 70.594
44.23 70.655
45.03 70.714
45.85 70.772
46.68 70.827
47.53 70.882
48.4 70.935
49.28 70.987
50.18 71.037
51.09 71.087
52.02 71.135
52.97 71.183
53.93 71.229
54.91 71.275
55.91 71.319
56.93 71.362
57.97 71.405
59.02 71.446
60.09 71.486
61.19 71.526
62.3 71.563
63.44 71.6
64.59 71.636
65.77 71.671
66.96 71.704
68.18 71.736
69.42 71.766
70.69 71.796
71.97 71.825
73.28 71.853
74.62 71.881
75.97 71.908
77.36 71.933
78.76 71.959
80.2 71.984
81.66 72.009
83.14 72.033
84.66 72.057
86.2 72.08
87.77 72.104
89.36 72.127
90.99 72.149
92.65 72.172
94.33 72.194
96.05 72.217
97.8 72.239
99.58 72.261
101.39 72.283
103.23 72.305
105.11 72.327
107.03 72.348
108.97 72.37
110.96 72.392
112.98 72.415
115.03 72.438
117.13 72.461
119.26 72.485
121.43 72.51
123.64 72.535
125.89 72.561
128.18 72.588
130.51 72.615
132.89 72.643
135.31 72.672
137.77 72.701
140.28 72.73
142.83 72.759
145.43 72.789
148.07 72.818
150.77 72.846
153.51 72.874
156.31 72.899
159.15 72.923
162.05 72.945
165 72.965
168 72.984
171.06 73.001
174.17 73.016
177.34 73.03
180.57 73.044
183.86 73.057
187.2 73.07
190.61 73.083
194.08 73.097
197.61 73.112
201.21 73.128
204.87 73.145
208.6 73.163
212.39 73.181
216.26 73.2
220.19 73.22
224.2 73.239
228.28 73.258
232.44 73.278
236.67 73.297
240.97 73.316
245.36 73.335
249.82 73.354
254.37 73.373
259 73.391
263.71 73.41
268.51 73.428
273.4 73.446
278.38 73.464
283.44 73.483
288.6 73.5
293.85 73.517
299.2 73.533
304.65 73.55
310.19 73.565
315.84 73.58
321.59 73.595
327.44 73.608
333.4 73.622
339.47 73.634
345.64 73.646
351.93 73.657
358.34 73.669
364.86 73.68
371.5 73.691
378.26 73.701
385.15 73.711
392.16 73.722
399.29 73.732
406.56 73.742
413.96 73.751
421.49 73.76
429.16 73.769
436.97 73.778
444.93 73.786
453.02 73.794
461.27 73.801
469.66 73.808
478.21 73.814
486.91 73.82
495.78 73.824
504.8 73.829
513.99 73.833
523.34 73.837
532.87 73.842
542.56 73.847
552.44 73.851
562.49 73.855
572.73 73.857
583.15 73.857
593.77 73.857
604.57 73.858
615.57 73.859
626.78 73.861
638.18 73.863
649.8 73.867
661.63 73.872
673.67 73.878
685.93 73.885
698.41 73.893
711.12 73.902
724.06 73.913
737.24 73.926
750.66 73.941
764.32 73.96
778.23 73.982
792.39 74.008
806.82 74.041
821.5 74.078
836.45 74.124
851.67 74.177
867.17 74.237
882.96 74.304
899.02 74.378
915.39 74.462
932.05 74.554
949.01 74.656
966.28 74.766
983.87 74.885
1001.77 75.013
1020 75.148
1038.57 75.29
1057.47 75.438
1076.71 75.59
1096.31 75.746
1116.26 75.906
1136.58 76.068
1157.26 76.23
1178.32 76.39
1199.77 76.546
1221.6 76.7
1243.84 76.849
1266.47 76.992
1289.52 77.13
1312.99 77.264
1336.89 77.396
1361.22 77.529
1385.99 77.665
1411.22 77.803
1436.9 77.944
1463.05 78.089
1489.68 78.235
1516.79 78.382
1544.4 78.532
1572.5 78.688
1601.12 78.855
1630.26 79.037
1659.93 79.236
1690.14 79.45
1720.9 79.677
1752.22 79.912
1784.11 80.15
1816.58 80.386
1849.64 80.617
1883.3 80.838
1917.58 81.046
1952.48 81.24
1988.01 81.416
2024.19 81.574
2061.03 81.711
2098.54 81.825
2136.73 81.912
2175.62 81.971
2215.22 82
2255.53 81.998
2296.58 81.965
2338.38 81.905
2380.94 81.819
2424.27 81.712
2468.39 81.59
2513.31 81.455
2559.05 81.313
2605.63 81.168
2653.05 81.024
2701.33 80.884
2750.5 80.752
2800.55 80.63
2851.52 80.524
2903.42 80.44
2956.26 80.386
3010.06 80.373
3064.85 80.411
3120.62 80.51
3177.42 80.678
3235.25 80.916
3294.13 81.214
3354.08 81.554
3415.12 81.905
3477.27 82.23
3540.56 82.49
3605 82.65
3670.6 82.69
3737.41 82.598
3805.43 82.372
3874.68 82.021
3945.2 81.561
4017 81.012
4090.11 80.401
4164.55 79.759
4240.34 79.116
4317.51 78.494
4396.09 77.907
4476.1 77.353
4557.56 76.817
4640.5 76.273
4724.96 75.684
4810.95 75.012
4898.51 74.227
4987.66 73.321
5078.43 72.312
5170.86 71.248
5264.97 70.191
5360.79 69.199
5458.35 68.315
5557.69 67.563
5658.84 66.955
5761.82 66.49
5866.69 66.163
5973.46 65.968
6082.17 65.896
6192.87 65.944
6305.57 66.107
6420.33 66.39
6537.18 66.802
6656.15 67.359
6777.29 68.079
6900.63 68.983
7026.22 70.084
7154.1 71.381
7284.3 72.851
7416.87 74.436
7551.85 76.047
7689.29 77.563
7829.23 78.848
7971.72 79.789
8116.8 80.325
8264.53 80.468
8414.94 80.277
8568.09 79.819
8724.02 79.127
8882.79 78.195
9044.46 76.992
9209.06 75.502
9376.66 73.746
9547.31 71.787
9721.07 69.714
9897.99 67.603
10078.13 65.502
10261.55 63.422
10448.3 61.346
10638.45 59.242
10832.07 57.098
11029.21 54.951
11229.94 52.921
11434.32 51.225
11642.41 50.149
11854.3 49.951
12070.04 50.717
12289.71 52.285
12513.38 54.344
12741.12 56.555
12973 58.605
13209.1 60.241
13449.5 61.304
13694.28 61.768
13943.51 61.738
14197.27 61.39
14455.66 60.9
14718.74 60.395
14986.62 59.942
15259.37 59.56
15537.08 59.268
15819.85 59.083
16107.76 59.004
16400.92 59
16699.41 59.018
17003.33 59.017
17312.78 58.966
17627.86 58.822
17948.68 58.52
18275.34 57.988
18607.94 57.186
18946.6 56.13
19291.42 54.896
19642.52 53.582
20000 52.271