20 82.451
20.36 82.473
20.73 82.495
21.11 82.517
21.5 82.538
21.89 82.558
22.29 82.577
22.69 82.595
23.1 82.613
23.52 82.63
23.95 82.646
24.39 82.661
24.83 82.676
25.28 82.689
25.74 82.703
26.21 82.715
26.69 82.726
27.18 82.736
27.67 82.746
28.17 82.755
28.69 82.763
29.21 82.77
29.74 82.776
30.28 82.781
30.83 82.785
31.39 82.787
31.97 82.789
32.55 82.79
33.14 82.789
33.74 82.787
34.36 82.785
34.98 82.78
35.62 82.775
36.27 82.767
36.93 82.759
37.6 82.749
38.28 82.739
38.98 82.726
39.69 82.712
40.41 82.696
41.15 82.679
41.9 82.661
42.66 82.64
43.44 82.618
44.23 82.596
45.03 82.571
45.85 82.545
46.68 82.516
47.53 82.487
48.4 82.457
49.28 82.424
50.18 82.39
51.09 82.355
52.02 82.317
52.97 82.279
53.93 82.239
54.91 82.197
55.91 82.154
56.93 82.109
57.97 82.062
59.02 82.014
60.09 81.964
61.19 81.912
62.3 81.858
63.44 81.804
64.59 81.747
65.77 81.688
66.96 81.628
68.18 81.566
69.42 81.502
70.69 81.437
71.97 81.37
73.28 81.302
74.62 81.233
75.97 81.163
77.36 81.092
78.76 81.019
80.2 80.946
81.66 80.872
83.14 80.796
84.66 80.719
86.2 80.641
87.77 80.563
89.36 80.482
90.99 80.4
92.65 80.317
94.33 80.232
96.05 80.147
97.8 80.06
99.58 79.972
101.39 79.883
103.23 79.794
105.11 79.704
107.03 79.614
108.97 79.523
110.96 79.432
112.98 79.341
115.03 79.25
117.13 79.161
119.26 79.07
121.43 78.981
123.64 78.892
125.89 78.805
128.18 78.718
130.51 78.632
132.89 78.547
135.31 78.462
137.77 78.377
140.28 78.291
142.83 78.203
145.43 78.114
148.07 78.022
150.77 77.929
153.51 77.834
156.31 77.738
159.15 77.641
162.05 77.543
165 77.445
168 77.348
171.06 77.25
174.17 77.154
177.34 77.058
180.57 76.963
183.86 76.868
187.2 76.774
190.61 76.681
194.08 76.588
197.61 76.494
201.21 76.401
204.87 76.307
208.6 76.214
212.39 76.122
216.26 76.031
220.19 75.941
224.2 75.854
228.28 75.768
232.44 75.684
236.67 75.6
240.97 75.518
245.36 75.437
249.82 75.356
254.37 75.277
259 75.199
263.71 75.122
268.51 75.045
273.4 74.969
278.38 74.895
283.44 74.82
288.6 74.748
293.85 74.677
299.2 74.607
304.65 74.538
310.19 74.47
315.84 74.403
321.59 74.337
327.44 74.273
333.4 74.211
339.47 74.151
345.64 74.093
351.93 74.037
358.34 73.982
364.86 73.928
371.5 73.876
378.26 73.824
385.15 73.774
392.16 73.726
399.29 73.678
406.56 73.633
413.96 73.589
421.49 73.547
429.16 73.505
436.97 73.466
444.93 73.428
453.02 73.392
461.27 73.359
469.66 73.329
478.21 73.302
486.91 73.278
495.78 73.258
504.8 73.241
513.99 73.226
523.34 73.215
532.87 73.204
542.56 73.192
552.44 73.179
562.49 73.162
572.73 73.141
583.15 73.118
593.77 73.098
604.57 73.082
615.57 73.073
626.78 73.074
638.18 73.084
649.8 73.1
661.63 73.122
673.67 73.149
685.93 73.18
698.41 73.214
711.12 73.252
724.06 73.293
737.24 73.336
750.66 73.384
764.32 73.436
778.23 73.492
792.39 73.553
806.82 73.62
821.5 73.694
836.45 73.776
851.67 73.866
867.17 73.964
882.96 74.069
899.02 74.181
915.39 74.302
932.05 74.431
949.01 74.566
966.28 74.708
983.87 74.859
1001.77 75.015
1020 75.179
1038.57 75.348
1057.47 75.522
1076.71 75.7
1096.31 75.883
1116.26 76.069
1136.58 76.26
1157.26 76.452
1178.32 76.642
1199.77 76.832
1221.6 77.019
1243.84 77.204
1266.47 77.384
1289.52 77.561
1312.99 77.737
1336.89 77.911
1361.22 78.089
1385.99 78.27
1411.22 78.455
1436.9 78.643
1463.05 78.835
1489.68 79.027
1516.79 79.22
1544.4 79.415
1572.5 79.616
1601.12 79.83
1630.26 80.064
1659.93 80.318
1690.14 80.59
1720.9 80.873
1752.22 81.163
1784.11 81.453
1816.58 81.739
1849.64 82.014
1883.3 82.278
1917.58 82.525
1952.48 82.753
1988.01 82.96
2024.19 83.145
2061.03 83.304
2098.54 83.435
2136.73 83.535
2175.62 83.602
2215.22 83.638
2255.53 83.642
2296.58 83.616
2338.38 83.563
2380.94 83.488
2424.27 83.395
2468.39 83.289
2513.31 83.174
2559.05 83.055
2605.63 82.935
2653.05 82.817
2701.33 82.703
2750.5 82.595
2800.55 82.494
2851.52 82.403
2903.42 82.329
2956.26 82.277
3010.06 82.258
3064.85 82.283
3120.62 82.364
3177.42 82.512
3235.25 82.73
3294.13 83.014
3354.08 83.347
3415.12 83.696
3477.27 84.015
3540.56 84.259
3605 84.393
3670.6 84.393
3737.41 84.252
3805.43 83.97
3874.68 83.562
3945.2 83.046
4017 82.45
4090.11 81.803
4164.55 81.137
4240.34 80.482
4317.51 79.862
4396.09 79.285
4476.1 78.748
4557.56 78.234
4640.5 77.711
4724.96 77.143
4810.95 76.491
4898.51 75.726
4987.66 74.84
5078.43 73.855
5170.86 72.82
5264.97 71.795
5360.79 70.839
5458.35 69.991
5557.69 69.276
5658.84 68.704
5761.82 68.275
5866.69 67.983
5973.46 67.824
6082.17 67.79
6192.87 67.878
6305.57 68.084
6420.33 68.416
6537.18 68.882
6656.15 69.5
6777.29 70.287
6900.63 71.261
7026.22 72.43
7154.1 73.785
7284.3 75.287
7416.87 76.867
7551.85 78.423
7689.29 79.826
7829.23 80.95
7971.72 81.703
8116.8 82.057
8264.53 82.051
8414.94 81.757
8568.09 81.238
8724.02 80.52
8882.79 79.587
9044.46 78.41
9209.06 76.968
9376.66 75.284
9547.31 73.419
9721.07 71.453
9897.99 69.457
10078.13 67.474
10261.55 65.513
10448.3 63.557
10638.45 61.578
10832.07 59.572
11029.21 57.578
11229.94 55.72
11434.32 54.213
11642.41 53.33
11854.3 53.306
12070.04 54.191
12289.71 55.785
12513.38 57.736
12741.12 59.672
12973 61.288
13209.1 62.394
13449.5 62.927
13694.28 62.956
13943.51 62.645
14197.27 62.173
14455.66 61.673
14718.74 61.22
14986.62 60.837
15259.37 60.53
15537.08 60.316
15819.85 60.213
16107.76 60.214
16400.92 60.28
16699.41 60.363
17003.33 60.43
17312.78 60.452
17627.86 60.387
17948.68 60.165
18275.34 59.712
18607.94 58.987
18946.6 58.007
19291.42 56.848
19642.52 55.613
20000 54.381