20 76.207
20.36 76.348
20.73 76.487
21.11 76.623
21.5 76.756
21.89 76.886
22.29 77.014
22.69 77.138
23.1 77.258
23.52 77.375
23.95 77.488
24.39 77.597
24.83 77.701
25.28 77.801
25.74 77.896
26.21 77.986
26.69 78.071
27.18 78.152
27.67 78.226
28.17 78.296
28.69 78.361
29.21 78.421
29.74 78.476
30.28 78.528
30.83 78.575
31.39 78.619
31.97 78.658
32.55 78.694
33.14 78.727
33.74 78.756
34.36 78.783
34.98 78.806
35.62 78.827
36.27 78.846
36.93 78.862
37.6 78.876
38.28 78.889
38.98 78.899
39.69 78.909
40.41 78.916
41.15 78.923
41.9 78.928
42.66 78.931
43.44 78.934
44.23 78.934
45.03 78.934
45.85 78.933
46.68 78.93
47.53 78.926
48.4 78.92
49.28 78.914
50.18 78.906
51.09 78.897
52.02 78.886
52.97 78.875
53.93 78.862
54.91 78.849
55.91 78.834
56.93 78.817
57.97 78.799
59.02 78.781
60.09 78.761
61.19 78.74
62.3 78.717
63.44 78.694
64.59 78.669
65.77 78.644
66.96 78.616
68.18 78.588
69.42 78.559
70.69 78.529
71.97 78.498
73.28 78.466
74.62 78.432
75.97 78.399
77.36 78.364
78.76 78.328
80.2 78.292
81.66 78.255
83.14 78.218
84.66 78.179
86.2 78.14
87.77 78.1
89.36 78.059
90.99 78.017
92.65 77.973
94.33 77.929
96.05 77.885
97.8 77.839
99.58 77.793
101.39 77.746
103.23 77.698
105.11 77.65
107.03 77.601
108.97 77.552
110.96 77.503
112.98 77.454
115.03 77.404
117.13 77.355
119.26 77.306
121.43 77.257
123.64 77.209
125.89 77.161
128.18 77.114
130.51 77.067
132.89 77.021
135.31 76.975
137.77 76.929
140.28 76.882
142.83 76.833
145.43 76.784
148.07 76.733
150.77 76.679
153.51 76.624
156.31 76.568
159.15 76.51
162.05 76.45
165 76.39
168 76.329
171.06 76.267
174.17 76.205
177.34 76.143
180.57 76.081
183.86 76.018
187.2 75.956
190.61 75.895
194.08 75.833
197.61 75.77
201.21 75.708
204.87 75.646
208.6 75.584
212.39 75.523
216.26 75.462
220.19 75.402
224.2 75.344
228.28 75.286
232.44 75.23
236.67 75.174
240.97 75.118
245.36 75.062
249.82 75.008
254.37 74.954
259 74.9
263.71 74.847
268.51 74.795
273.4 74.743
278.38 74.691
283.44 74.64
288.6 74.589
293.85 74.538
299.2 74.489
304.65 74.44
310.19 74.392
315.84 74.344
321.59 74.297
327.44 74.251
333.4 74.206
339.47 74.162
345.64 74.119
351.93 74.077
358.34 74.037
364.86 73.996
371.5 73.957
378.26 73.919
385.15 73.882
392.16 73.845
399.29 73.81
406.56 73.776
413.96 73.744
421.49 73.712
429.16 73.681
436.97 73.652
444.93 73.623
453.02 73.595
461.27 73.568
469.66 73.543
478.21 73.519
486.91 73.497
495.78 73.476
504.8 73.457
513.99 73.44
523.34 73.425
532.87 73.411
542.56 73.399
552.44 73.388
562.49 73.377
572.73 73.365
583.15 73.356
593.77 73.348
604.57 73.344
615.57 73.344
626.78 73.348
638.18 73.356
649.8 73.366
661.63 73.38
673.67 73.397
685.93 73.416
698.41 73.439
711.12 73.464
724.06 73.493
737.24 73.525
750.66 73.562
764.32 73.602
778.23 73.648
792.39 73.699
806.82 73.756
821.5 73.819
836.45 73.89
851.67 73.967
867.17 74.052
882.96 74.144
899.02 74.243
915.39 74.35
932.05 74.466
949.01 74.591
966.28 74.724
983.87 74.865
1001.77 75.015
1020 75.171
1038.57 75.333
1057.47 75.501
1076.71 75.672
1096.31 75.849
1116.26 76.029
1136.58 76.213
1157.26 76.398
1178.32 76.582
1199.77 76.763
1221.6 76.941
1243.84 77.115
1266.47 77.284
1289.52 77.449
1312.99 77.61
1336.89 77.771
1361.22 77.933
1385.99 78.098
1411.22 78.266
1436.9 78.435
1463.05 78.607
1489.68 78.778
1516.79 78.948
1544.4 79.119
1572.5 79.295
1601.12 79.484
1630.26 79.692
1659.93 79.919
1690.14 80.162
1720.9 80.417
1752.22 80.678
1784.11 80.938
1816.58 81.194
1849.64 81.441
1883.3 81.675
1917.58 81.892
1952.48 82.09
1988.01 82.268
2024.19 82.424
2061.03 82.557
2098.54 82.664
2136.73 82.744
2175.62 82.796
2215.22 82.821
2255.53 82.818
2296.58 82.788
2338.38 82.734
2380.94 82.658
2424.27 82.565
2468.39 82.458
2513.31 82.341
2559.05 82.218
2605.63 82.092
2653.05 81.967
2701.33 81.845
2750.5 81.73
2800.55 81.624
2851.52 81.534
2903.42 81.465
2956.26 81.428
3010.06 81.435
3064.85 81.497
3120.62 81.624
3177.42 81.823
3235.25 82.092
3294.13 82.42
3354.08 82.786
3415.12 83.15
3477.27 83.469
3540.56 83.7
3605 83.812
3670.6 83.788
3737.41 83.622
3805.43 83.32
3874.68 82.895
3945.2 82.367
4017 81.763
4090.11 81.111
4164.55 80.445
4240.34 79.793
4317.51 79.175
4396.09 78.602
4476.1 78.07
4557.56 77.558
4640.5 77.038
4724.96 76.468
4810.95 75.81
4898.51 75.034
4987.66 74.134
5078.43 73.132
5170.86 72.079
5264.97 71.038
5360.79 70.067
5458.35 69.208
5557.69 68.484
5658.84 67.905
5761.82 67.47
5866.69 67.172
5973.46 67.005
6082.17 66.961
6192.87 67.036
6305.57 67.227
6420.33 67.538
6537.18 67.981
6656.15 68.57
6777.29 69.32
6900.63 70.25
7026.22 71.371
7154.1 72.676
7284.3 74.137
7416.87 75.692
7551.85 77.249
7689.29 78.691
7829.23 79.891
7971.72 80.749
8116.8 81.213
8264.53 81.299
8414.94 81.067
8568.09 80.583
8724.02 79.885
8882.79 78.977
9044.46 77.837
9209.06 76.444
9376.66 74.812
9547.31 72.986
9721.07 71.041
9897.99 69.041
10078.13 67.034
10261.55 65.032
10448.3 63.022
10638.45 60.98
10832.07 58.897
11029.21 56.816
11229.94 54.855
11434.32 53.228
11642.41 52.212
11854.3 52.057
12070.04 52.835
12289.71 54.379
12513.38 56.363
12741.12 58.426
12973 60.238
13209.1 61.552
13449.5 62.247
13694.28 62.375
13943.51 62.117
14197.27 61.684
14455.66 61.237
14718.74 60.864
14986.62 60.577
15259.37 60.352
15537.08 60.165
15819.85 60.012
16107.76 59.894
16400.92 59.803
16699.41 59.731
17003.33 59.678
17312.78 59.628
17627.86 59.54
17948.68 59.336
18275.34 58.93
18607.94 58.27
18946.6 57.358
19291.42 56.264
19642.52 55.089
20000 53.918