20 76.079
20.36 76.222
20.73 76.362
21.11 76.499
21.5 76.634
21.89 76.766
22.29 76.895
22.69 77.021
23.1 77.143
23.52 77.261
23.95 77.375
24.39 77.486
24.83 77.591
25.28 77.693
25.74 77.79
26.21 77.882
26.69 77.969
27.18 78.05
27.67 78.127
28.17 78.198
28.69 78.265
29.21 78.327
29.74 78.384
30.28 78.437
30.83 78.486
31.39 78.531
31.97 78.573
32.55 78.611
33.14 78.645
33.74 78.676
34.36 78.705
34.98 78.73
35.62 78.753
36.27 78.773
36.93 78.791
37.6 78.807
38.28 78.822
38.98 78.834
39.69 78.845
40.41 78.855
41.15 78.863
41.9 78.87
42.66 78.876
43.44 78.88
44.23 78.883
45.03 78.884
45.85 78.885
46.68 78.883
47.53 78.881
48.4 78.878
49.28 78.872
50.18 78.867
51.09 78.859
52.02 78.851
52.97 78.841
53.93 78.83
54.91 78.817
55.91 78.804
56.93 78.789
57.97 78.773
59.02 78.756
60.09 78.737
61.19 78.717
62.3 78.696
63.44 78.674
64.59 78.65
65.77 78.626
66.96 78.599
68.18 78.573
69.42 78.544
70.69 78.515
71.97 78.484
73.28 78.453
74.62 78.421
75.97 78.387
77.36 78.353
78.76 78.319
80.2 78.284
81.66 78.248
83.14 78.211
84.66 78.173
86.2 78.135
87.77 78.095
89.36 78.055
90.99 78.014
92.65 77.972
94.33 77.929
96.05 77.885
97.8 77.84
99.58 77.794
101.39 77.748
103.23 77.702
105.11 77.654
107.03 77.607
108.97 77.558
110.96 77.51
112.98 77.461
115.03 77.413
117.13 77.364
119.26 77.316
121.43 77.268
123.64 77.22
125.89 77.173
128.18 77.127
130.51 77.081
132.89 77.035
135.31 76.99
137.77 76.944
140.28 76.898
142.83 76.85
145.43 76.801
148.07 76.749
150.77 76.697
153.51 76.642
156.31 76.586
159.15 76.528
162.05 76.469
165 76.408
168 76.348
171.06 76.286
174.17 76.224
177.34 76.162
180.57 76.1
183.86 76.037
187.2 75.976
190.61 75.913
194.08 75.851
197.61 75.789
201.21 75.727
204.87 75.665
208.6 75.603
212.39 75.541
216.26 75.481
220.19 75.421
224.2 75.363
228.28 75.305
232.44 75.249
236.67 75.192
240.97 75.137
245.36 75.081
249.82 75.026
254.37 74.972
259 74.918
263.71 74.865
268.51 74.812
273.4 74.759
278.38 74.706
283.44 74.655
288.6 74.604
293.85 74.553
299.2 74.503
304.65 74.454
310.19 74.405
315.84 74.357
321.59 74.309
327.44 74.263
333.4 74.218
339.47 74.174
345.64 74.131
351.93 74.089
358.34 74.048
364.86 74.008
371.5 73.969
378.26 73.931
385.15 73.894
392.16 73.857
399.29 73.822
406.56 73.788
413.96 73.754
421.49 73.722
429.16 73.691
436.97 73.661
444.93 73.631
453.02 73.602
461.27 73.575
469.66 73.55
478.21 73.525
486.91 73.503
495.78 73.482
504.8 73.463
513.99 73.445
523.34 73.43
532.87 73.416
542.56 73.403
552.44 73.392
562.49 73.38
572.73 73.368
583.15 73.358
593.77 73.349
604.57 73.344
615.57 73.343
626.78 73.346
638.18 73.352
649.8 73.362
661.63 73.376
673.67 73.392
685.93 73.411
698.41 73.433
711.12 73.458
724.06 73.487
737.24 73.519
750.66 73.555
764.32 73.596
778.23 73.642
792.39 73.693
806.82 73.75
821.5 73.814
836.45 73.886
851.67 73.964
867.17 74.049
882.96 74.141
899.02 74.241
915.39 74.35
932.05 74.466
949.01 74.591
966.28 74.724
983.87 74.866
1001.77 75.015
1020 75.17
1038.57 75.333
1057.47 75.5
1076.71 75.673
1096.31 75.85
1116.26 76.031
1136.58 76.215
1157.26 76.401
1178.32 76.585
1199.77 76.767
1221.6 76.946
1243.84 77.122
1266.47 77.292
1289.52 77.459
1312.99 77.621
1336.89 77.784
1361.22 77.949
1385.99 78.118
1411.22 78.288
1436.9 78.462
1463.05 78.639
1489.68 78.817
1516.79 78.994
1544.4 79.173
1572.5 79.358
1601.12 79.555
1630.26 79.77
1659.93 80.005
1690.14 80.256
1720.9 80.52
1752.22 80.792
1784.11 81.065
1816.58 81.332
1849.64 81.593
1883.3 81.841
1917.58 82.073
1952.48 82.288
1988.01 82.482
2024.19 82.655
2061.03 82.803
2098.54 82.924
2136.73 83.016
2175.62 83.078
2215.22 83.107
2255.53 83.104
2296.58 83.071
2338.38 83.011
2380.94 82.926
2424.27 82.823
2468.39 82.706
2513.31 82.578
2559.05 82.446
2605.63 82.31
2653.05 82.178
2701.33 82.05
2750.5 81.93
2800.55 81.821
2851.52 81.726
2903.42 81.653
2956.26 81.608
3010.06 81.603
3064.85 81.649
3120.62 81.757
3177.42 81.935
3235.25 82.184
3294.13 82.494
3354.08 82.846
3415.12 83.206
3477.27 83.531
3540.56 83.78
3605 83.918
3670.6 83.923
3737.41 83.787
3805.43 83.512
3874.68 83.108
3945.2 82.594
4017 81.997
4090.11 81.345
4164.55 80.673
4240.34 80.01
4317.51 79.379
4396.09 78.791
4476.1 78.242
4557.56 77.715
4640.5 77.181
4724.96 76.602
4810.95 75.939
4898.51 75.161
4987.66 74.262
5078.43 73.263
5170.86 72.213
5264.97 71.174
5360.79 70.205
5458.35 69.347
5557.69 68.624
5658.84 68.046
5761.82 67.613
5866.69 67.317
5973.46 67.153
6082.17 67.114
6192.87 67.195
6305.57 67.396
6420.33 67.723
6537.18 68.183
6656.15 68.794
6777.29 69.57
6900.63 70.529
7026.22 71.681
7154.1 73.017
7284.3 74.508
7416.87 76.088
7551.85 77.663
7689.29 79.112
7829.23 80.312
7971.72 81.162
8116.8 81.613
8264.53 81.682
8414.94 81.422
8568.09 80.884
8724.02 80.096
8882.79 79.05
9044.46 77.728
9209.06 76.133
9376.66 74.306
9547.31 72.322
9721.07 70.267
9897.99 68.211
10078.13 66.191
10261.55 64.207
10448.3 62.231
10638.45 60.23
10832.07 58.19
11029.21 56.147
11229.94 54.221
11434.32 52.628
11642.41 51.651
11854.3 51.545
12070.04 52.384
12289.71 53.996
12513.38 56.054
12741.12 58.196
12973 60.094
13209.1 61.492
13449.5 62.264
13694.28 62.456
13943.51 62.252
14197.27 61.869
14455.66 61.479
14718.74 61.17
14986.62 60.951
15259.37 60.788
15537.08 60.647
15819.85 60.52
16107.76 60.408
16400.92 60.313
16699.41 60.234
17003.33 60.166
17312.78 60.084
17627.86 59.929
17948.68 59.611
18275.34 59.047
18607.94 58.195
18946.6 57.085
19291.42 55.801
19642.52 54.445
20000 53.092