20 84.962
20.36 84.967
20.73 84.97
21.11 84.972
21.5 84.973
21.89 84.973
22.29 84.971
22.69 84.969
23.1 84.964
23.52 84.959
23.95 84.953
24.39 84.945
24.83 84.936
25.28 84.926
25.74 84.915
26.21 84.902
26.69 84.889
27.18 84.874
27.67 84.858
28.17 84.841
28.69 84.823
29.21 84.803
29.74 84.783
30.28 84.761
30.83 84.739
31.39 84.715
31.97 84.69
32.55 84.665
33.14 84.638
33.74 84.61
34.36 84.582
34.98 84.552
35.62 84.522
36.27 84.49
36.93 84.458
37.6 84.425
38.28 84.391
38.98 84.357
39.69 84.321
40.41 84.285
41.15 84.247
41.9 84.209
42.66 84.171
43.44 84.131
44.23 84.091
45.03 84.049
45.85 84.007
46.68 83.964
47.53 83.92
48.4 83.875
49.28 83.829
50.18 83.782
51.09 83.735
52.02 83.686
52.97 83.636
53.93 83.586
54.91 83.534
55.91 83.481
56.93 83.428
57.97 83.372
59.02 83.317
60.09 83.26
61.19 83.202
62.3 83.143
63.44 83.083
64.59 83.022
65.77 82.96
66.96 82.897
68.18 82.833
69.42 82.768
70.69 82.702
71.97 82.635
73.28 82.568
74.62 82.5
75.97 82.431
77.36 82.361
78.76 82.291
80.2 82.22
81.66 82.149
83.14 82.077
84.66 82.005
86.2 81.932
87.77 81.858
89.36 81.783
90.99 81.707
92.65 81.63
94.33 81.553
96.05 81.475
97.8 81.396
99.58 81.317
101.39 81.236
103.23 81.155
105.11 81.074
107.03 80.993
108.97 80.911
110.96 80.83
112.98 80.748
115.03 80.667
117.13 80.586
119.26 80.506
121.43 80.426
123.64 80.347
125.89 80.269
128.18 80.191
130.51 80.115
132.89 80.039
135.31 79.963
137.77 79.886
140.28 79.809
142.83 79.73
145.43 79.649
148.07 79.566
150.77 79.48
153.51 79.393
156.31 79.304
159.15 79.214
162.05 79.123
165 79.031
168 78.939
171.06 78.847
174.17 78.754
177.34 78.662
180.57 78.57
183.86 78.478
187.2 78.387
190.61 78.295
194.08 78.202
197.61 78.109
201.21 78.014
204.87 77.92
208.6 77.824
212.39 77.729
216.26 77.634
220.19 77.54
224.2 77.447
228.28 77.355
232.44 77.264
236.67 77.173
240.97 77.082
245.36 76.992
249.82 76.901
254.37 76.812
259 76.722
263.71 76.633
268.51 76.544
273.4 76.455
278.38 76.367
283.44 76.279
288.6 76.192
293.85 76.107
299.2 76.023
304.65 75.939
310.19 75.855
315.84 75.773
321.59 75.693
327.44 75.615
333.4 75.539
339.47 75.466
345.64 75.396
351.93 75.329
358.34 75.264
364.86 75.203
371.5 75.146
378.26 75.093
385.15 75.044
392.16 75
399.29 74.961
406.56 74.928
413.96 74.899
421.49 74.875
429.16 74.854
436.97 74.836
444.93 74.82
453.02 74.805
461.27 74.792
469.66 74.781
478.21 74.77
486.91 74.759
495.78 74.749
504.8 74.739
513.99 74.73
523.34 74.723
532.87 74.718
542.56 74.713
552.44 74.709
562.49 74.705
572.73 74.7
583.15 74.692
593.77 74.682
604.57 74.67
615.57 74.654
626.78 74.637
638.18 74.618
649.8 74.597
661.63 74.576
673.67 74.554
685.93 74.533
698.41 74.513
711.12 74.495
724.06 74.478
737.24 74.464
750.66 74.452
764.32 74.443
778.23 74.438
792.39 74.436
806.82 74.437
821.5 74.443
836.45 74.454
851.67 74.471
867.17 74.495
882.96 74.526
899.02 74.567
915.39 74.617
932.05 74.677
949.01 74.746
966.28 74.825
983.87 74.913
1001.77 75.009
1020 75.114
1038.57 75.225
1057.47 75.341
1076.71 75.461
1096.31 75.583
1116.26 75.707
1136.58 75.83
1157.26 75.948
1178.32 76.06
1199.77 76.162
1221.6 76.253
1243.84 76.331
1266.47 76.394
1289.52 76.441
1312.99 76.473
1336.89 76.492
1361.22 76.497
1385.99 76.491
1411.22 76.474
1436.9 76.446
1463.05 76.409
1489.68 76.364
1516.79 76.314
1544.4 76.26
1572.5 76.207
1601.12 76.158
1630.26 76.115
1659.93 76.081
1690.14 76.057
1720.9 76.044
1752.22 76.044
1784.11 76.058
1816.58 76.088
1849.64 76.137
1883.3 76.206
1917.58 76.295
1952.48 76.405
1988.01 76.538
2024.19 76.692
2061.03 76.869
2098.54 77.067
2136.73 77.286
2175.62 77.523
2215.22 77.779
2255.53 78.048
2296.58 78.327
2338.38 78.611
2380.94 78.893
2424.27 79.167
2468.39 79.425
2513.31 79.66
2559.05 79.867
2605.63 80.04
2653.05 80.173
2701.33 80.264
2750.5 80.312
2800.55 80.318
2851.52 80.286
2903.42 80.222
2956.26 80.131
3010.06 80.022
3064.85 79.902
3120.62 79.778
3177.42 79.659
3235.25 79.548
3294.13 79.452
3354.08 79.374
3415.12 79.318
3477.27 79.283
3540.56 79.268
3605 79.27
3670.6 79.281
3737.41 79.295
3805.43 79.307
3874.68 79.312
3945.2 79.312
4017 79.312
4090.11 79.327
4164.55 79.372
4240.34 79.465
4317.51 79.615
4396.09 79.818
4476.1 80.049
4557.56 80.27
4640.5 80.431
4724.96 80.49
4810.95 80.417
4898.51 80.198
4987.66 79.839
5078.43 79.355
5170.86 78.772
5264.97 78.117
5360.79 77.419
5458.35 76.705
5557.69 75.999
5658.84 75.326
5761.82 74.705
5866.69 74.153
5973.46 73.687
6082.17 73.319
6192.87 73.063
6305.57 72.928
6420.33 72.924
6537.18 73.056
6656.15 73.325
6777.29 73.731
6900.63 74.266
7026.22 74.916
7154.1 75.655
7284.3 76.441
7416.87 77.223
7551.85 77.946
7689.29 78.562
7829.23 79.037
7971.72 79.36
8116.8 79.535
8264.53 79.578
8414.94 79.501
8568.09 79.317
8724.02 79.037
8882.79 78.683
9044.46 78.287
9209.06 77.894
9376.66 77.549
9547.31 77.284
9721.07 77.108
9897.99 77
10078.13 76.901
10261.55 76.719
10448.3 76.346
10638.45 75.693
10832.07 74.736
11029.21 73.559
11229.94 72.332
11434.32 71.205
11642.41 70.203
11854.3 69.25
12070.04 68.266
12289.71 67.234
12513.38 66.201
12741.12 65.251
12973 64.46
13209.1 63.882
13449.5 63.537
13694.28 63.407
13943.51 63.442
14197.27 63.561
14455.66 63.671
14718.74 63.687
14986.62 63.556
15259.37 63.275
15537.08 62.889
15819.85 62.466
16107.76 62.072
16400.92 61.765
16699.41 61.613
17003.33 61.688
17312.78 62.039
17627.86 62.671
17948.68 63.532
18275.34 64.512
18607.94 65.478
18946.6 66.324
19291.42 67.029
19642.52 67.651
20000 68.278