20 87.781
20.36 87.782
20.73 87.782
21.11 87.782
21.5 87.782
21.89 87.781
22.29 87.781
22.69 87.78
23.1 87.778
23.52 87.777
23.95 87.775
24.39 87.773
24.83 87.771
25.28 87.769
25.74 87.766
26.21 87.763
26.69 87.76
27.18 87.757
27.67 87.753
28.17 87.75
28.69 87.745
29.21 87.741
29.74 87.736
30.28 87.731
30.83 87.726
31.39 87.721
31.97 87.714
32.55 87.709
33.14 87.702
33.74 87.696
34.36 87.688
34.98 87.681
35.62 87.673
36.27 87.665
36.93 87.656
37.6 87.647
38.28 87.638
38.98 87.628
39.69 87.618
40.41 87.607
41.15 87.597
41.9 87.585
42.66 87.573
43.44 87.559
44.23 87.546
45.03 87.531
45.85 87.515
46.68 87.498
47.53 87.48
48.4 87.461
49.28 87.44
50.18 87.418
51.09 87.394
52.02 87.369
52.97 87.342
53.93 87.313
54.91 87.283
55.91 87.25
56.93 87.215
57.97 87.178
59.02 87.138
60.09 87.096
61.19 87.051
62.3 87.003
63.44 86.953
64.59 86.899
65.77 86.843
66.96 86.782
68.18 86.72
69.42 86.654
70.69 86.585
71.97 86.513
73.28 86.44
74.62 86.364
75.97 86.287
77.36 86.207
78.76 86.125
80.2 86.042
81.66 85.958
83.14 85.872
84.66 85.783
86.2 85.693
87.77 85.6
89.36 85.506
90.99 85.41
92.65 85.312
94.33 85.212
96.05 85.11
97.8 85.006
99.58 84.901
101.39 84.795
103.23 84.688
105.11 84.58
107.03 84.47
108.97 84.361
110.96 84.251
112.98 84.141
115.03 84.03
117.13 83.92
119.26 83.81
121.43 83.7
123.64 83.591
125.89 83.482
128.18 83.374
130.51 83.267
132.89 83.16
135.31 83.054
137.77 82.946
140.28 82.837
142.83 82.727
145.43 82.613
148.07 82.498
150.77 82.38
153.51 82.259
156.31 82.138
159.15 82.016
162.05 81.893
165 81.769
168 81.646
171.06 81.523
174.17 81.399
177.34 81.277
180.57 81.155
183.86 81.033
187.2 80.911
190.61 80.788
194.08 80.664
197.61 80.539
201.21 80.411
204.87 80.283
208.6 80.154
212.39 80.025
216.26 79.896
220.19 79.77
224.2 79.646
228.28 79.527
232.44 79.411
236.67 79.299
240.97 79.192
245.36 79.088
249.82 78.99
254.37 78.893
259 78.797
263.71 78.698
268.51 78.598
273.4 78.492
278.38 78.381
283.44 78.267
288.6 78.151
293.85 78.033
299.2 77.914
304.65 77.794
310.19 77.675
315.84 77.558
321.59 77.445
327.44 77.337
333.4 77.233
339.47 77.136
345.64 77.044
351.93 76.954
358.34 76.866
364.86 76.776
371.5 76.685
378.26 76.591
385.15 76.494
392.16 76.396
399.29 76.297
406.56 76.197
413.96 76.097
421.49 75.996
429.16 75.896
436.97 75.796
444.93 75.695
453.02 75.596
461.27 75.498
469.66 75.402
478.21 75.31
486.91 75.22
495.78 75.135
504.8 75.054
513.99 74.978
523.34 74.907
532.87 74.839
542.56 74.775
552.44 74.715
562.49 74.657
572.73 74.601
583.15 74.546
593.77 74.494
604.57 74.442
615.57 74.393
626.78 74.345
638.18 74.299
649.8 74.257
661.63 74.218
673.67 74.182
685.93 74.151
698.41 74.123
711.12 74.1
724.06 74.083
737.24 74.07
750.66 74.062
764.32 74.06
778.23 74.063
792.39 74.073
806.82 74.088
821.5 74.11
836.45 74.139
851.67 74.176
867.17 74.222
882.96 74.278
899.02 74.347
915.39 74.428
932.05 74.521
949.01 74.627
966.28 74.745
983.87 74.874
1001.77 75.014
1020 75.163
1038.57 75.32
1057.47 75.485
1076.71 75.657
1096.31 75.833
1116.26 76.014
1136.58 76.199
1157.26 76.383
1178.32 76.564
1199.77 76.742
1221.6 76.914
1243.84 77.08
1266.47 77.239
1289.52 77.39
1312.99 77.533
1336.89 77.672
1361.22 77.808
1385.99 77.942
1411.22 78.077
1436.9 78.213
1463.05 78.354
1489.68 78.498
1516.79 78.65
1544.4 78.811
1572.5 78.984
1601.12 79.171
1630.26 79.373
1659.93 79.59
1690.14 79.82
1720.9 80.065
1752.22 80.322
1784.11 80.59
1816.58 80.87
1849.64 81.161
1883.3 81.463
1917.58 81.772
1952.48 82.087
1988.01 82.405
2024.19 82.725
2061.03 83.044
2098.54 83.36
2136.73 83.67
2175.62 83.969
2215.22 84.257
2255.53 84.528
2296.58 84.776
2338.38 84.998
2380.94 85.19
2424.27 85.349
2468.39 85.472
2513.31 85.558
2559.05 85.607
2605.63 85.623
2653.05 85.607
2701.33 85.562
2750.5 85.494
2800.55 85.407
2851.52 85.309
2903.42 85.205
2956.26 85.103
3010.06 85.011
3064.85 84.933
3120.62 84.874
3177.42 84.835
3235.25 84.819
3294.13 84.826
3354.08 84.857
3415.12 84.909
3477.27 84.978
3540.56 85.06
3605 85.145
3670.6 85.222
3737.41 85.284
3805.43 85.327
3874.68 85.36
3945.2 85.398
4017 85.469
4090.11 85.592
4164.55 85.764
4240.34 85.94
4317.51 86.063
4396.09 86.088
4476.1 85.986
4557.56 85.743
4640.5 85.361
4724.96 84.855
4810.95 84.248
4898.51 83.568
4987.66 82.84
5078.43 82.089
5170.86 81.339
5264.97 80.609
5360.79 79.912
5458.35 79.258
5557.69 78.654
5658.84 78.104
5761.82 77.612
5866.69 77.18
5973.46 76.813
6082.17 76.513
6192.87 76.288
6305.57 76.143
6420.33 76.087
6537.18 76.126
6656.15 76.271
6777.29 76.535
6900.63 76.931
7026.22 77.478
7154.1 78.19
7284.3 79.072
7416.87 80.113
7551.85 81.281
7689.29 82.51
7829.23 83.701
7971.72 84.722
8116.8 85.438
8264.53 85.743
8414.94 85.594
8568.09 85.037
8724.02 84.196
8882.79 83.232
9044.46 82.31
9209.06 81.564
9376.66 81.077
9547.31 80.87
9721.07 80.903
9897.99 81.071
10078.13 81.218
10261.55 81.161
10448.3 80.74
10638.45 79.874
10832.07 78.596
11029.21 77.033
11229.94 75.352
11434.32 73.72
11642.41 72.264
11854.3 71.069
12070.04 70.185
12289.71 69.623
12513.38 69.362
12741.12 69.34
12973 69.449
13209.1 69.545
13449.5 69.457
13694.28 69.025
13943.51 68.146
14197.27 66.824
14455.66 65.174
14718.74 63.385
14986.62 61.653
15259.37 60.148
15537.08 58.991
15819.85 58.248
16107.76 57.929
16400.92 57.975
16699.41 58.273
17003.33 58.671
17312.78 58.952
17627.86 58.879
17948.68 58.295
18275.34 57.201
18607.94 55.73
18946.6 54.049
19291.42 52.282
19642.52 50.494
20000 48.706