20 77.866
20.36 77.963
20.73 78.06
21.11 78.155
21.5 78.249
21.89 78.341
22.29 78.432
22.69 78.521
23.1 78.608
23.52 78.693
23.95 78.776
24.39 78.857
24.83 78.936
25.28 79.012
25.74 79.086
26.21 79.157
26.69 79.226
27.18 79.291
27.67 79.354
28.17 79.414
28.69 79.471
29.21 79.526
29.74 79.578
30.28 79.628
30.83 79.676
31.39 79.722
31.97 79.766
32.55 79.808
33.14 79.849
33.74 79.888
34.36 79.926
34.98 79.962
35.62 79.997
36.27 80.031
36.93 80.064
37.6 80.096
38.28 80.127
38.98 80.158
39.69 80.188
40.41 80.218
41.15 80.247
41.9 80.276
42.66 80.305
43.44 80.332
44.23 80.36
45.03 80.386
45.85 80.413
46.68 80.438
47.53 80.463
48.4 80.487
49.28 80.511
50.18 80.534
51.09 80.556
52.02 80.577
52.97 80.598
53.93 80.617
54.91 80.636
55.91 80.655
56.93 80.672
57.97 80.688
59.02 80.704
60.09 80.718
61.19 80.732
62.3 80.745
63.44 80.757
64.59 80.768
65.77 80.778
66.96 80.787
68.18 80.796
69.42 80.803
70.69 80.81
71.97 80.815
73.28 80.821
74.62 80.826
75.97 80.83
77.36 80.834
78.76 80.837
80.2 80.84
81.66 80.843
83.14 80.845
84.66 80.846
86.2 80.847
87.77 80.848
89.36 80.848
90.99 80.847
92.65 80.845
94.33 80.843
96.05 80.84
97.8 80.837
99.58 80.833
101.39 80.828
103.23 80.822
105.11 80.816
107.03 80.809
108.97 80.802
110.96 80.795
112.98 80.787
115.03 80.778
117.13 80.77
119.26 80.762
121.43 80.753
123.64 80.745
125.89 80.736
128.18 80.728
130.51 80.72
132.89 80.712
135.31 80.703
137.77 80.694
140.28 80.684
142.83 80.672
145.43 80.66
148.07 80.645
150.77 80.628
153.51 80.61
156.31 80.588
159.15 80.564
162.05 80.538
165 80.509
168 80.479
171.06 80.446
174.17 80.412
177.34 80.377
180.57 80.34
183.86 80.303
187.2 80.264
190.61 80.225
194.08 80.184
197.61 80.143
201.21 80.101
204.87 80.058
208.6 80.015
212.39 79.97
216.26 79.926
220.19 79.88
224.2 79.835
228.28 79.789
232.44 79.742
236.67 79.694
240.97 79.646
245.36 79.596
249.82 79.545
254.37 79.493
259 79.44
263.71 79.386
268.51 79.331
273.4 79.275
278.38 79.217
283.44 79.158
288.6 79.098
293.85 79.037
299.2 78.975
304.65 78.91
310.19 78.845
315.84 78.777
321.59 78.709
327.44 78.64
333.4 78.57
339.47 78.499
345.64 78.428
351.93 78.356
358.34 78.284
364.86 78.21
371.5 78.135
378.26 78.059
385.15 77.981
392.16 77.903
399.29 77.823
406.56 77.743
413.96 77.662
421.49 77.579
429.16 77.495
436.97 77.409
444.93 77.322
453.02 77.233
461.27 77.144
469.66 77.054
478.21 76.965
486.91 76.878
495.78 76.791
504.8 76.706
513.99 76.623
523.34 76.54
532.87 76.459
542.56 76.379
552.44 76.299
562.49 76.218
572.73 76.137
583.15 76.055
593.77 75.973
604.57 75.891
615.57 75.809
626.78 75.728
638.18 75.648
649.8 75.569
661.63 75.492
673.67 75.418
685.93 75.347
698.41 75.279
711.12 75.214
724.06 75.151
737.24 75.092
750.66 75.036
764.32 74.983
778.23 74.934
792.39 74.888
806.82 74.847
821.5 74.811
836.45 74.78
851.67 74.755
867.17 74.738
882.96 74.73
899.02 74.733
915.39 74.748
932.05 74.774
949.01 74.814
966.28 74.866
983.87 74.931
1001.77 75.007
1020 75.095
1038.57 75.191
1057.47 75.295
1076.71 75.404
1096.31 75.519
1116.26 75.637
1136.58 75.757
1157.26 75.876
1178.32 75.991
1199.77 76.101
1221.6 76.204
1243.84 76.299
1266.47 76.384
1289.52 76.46
1312.99 76.527
1336.89 76.588
1361.22 76.645
1385.99 76.699
1411.22 76.752
1436.9 76.807
1463.05 76.863
1489.68 76.924
1516.79 76.99
1544.4 77.065
1572.5 77.15
1601.12 77.247
1630.26 77.357
1659.93 77.48
1690.14 77.614
1720.9 77.759
1752.22 77.915
1784.11 78.079
1816.58 78.251
1849.64 78.432
1883.3 78.619
1917.58 78.813
1952.48 79.011
1988.01 79.213
2024.19 79.419
2061.03 79.626
2098.54 79.835
2136.73 80.044
2175.62 80.254
2215.22 80.464
2255.53 80.672
2296.58 80.875
2338.38 81.071
2380.94 81.258
2424.27 81.434
2468.39 81.597
2513.31 81.745
2559.05 81.877
2605.63 81.992
2653.05 82.089
2701.33 82.171
2750.5 82.236
2800.55 82.288
2851.52 82.328
2903.42 82.359
2956.26 82.384
3010.06 82.406
3064.85 82.429
3120.62 82.457
3177.42 82.492
3235.25 82.539
3294.13 82.601
3354.08 82.681
3415.12 82.781
3477.27 82.902
3540.56 83.044
3605 83.206
3670.6 83.385
3737.41 83.577
3805.43 83.776
3874.68 83.978
3945.2 84.18
4017 84.38
4090.11 84.577
4164.55 84.759
4240.34 84.91
4317.51 85.007
4396.09 85.033
4476.1 84.979
4557.56 84.841
4640.5 84.62
4724.96 84.32
4810.95 83.946
4898.51 83.504
4987.66 83.004
5078.43 82.459
5170.86 81.886
5264.97 81.303
5360.79 80.729
5458.35 80.178
5557.69 79.662
5658.84 79.19
5761.82 78.768
5866.69 78.403
5973.46 78.098
6082.17 77.857
6192.87 77.687
6305.57 77.591
6420.33 77.574
6537.18 77.639
6656.15 77.789
6777.29 78.029
6900.63 78.363
7026.22 78.798
7154.1 79.339
7284.3 79.984
7416.87 80.725
7551.85 81.54
7689.29 82.392
7829.23 83.226
7971.72 83.971
8116.8 84.552
8264.53 84.898
8414.94 84.959
8568.09 84.722
8724.02 84.212
8882.79 83.489
9044.46 82.634
9209.06 81.735
9376.66 80.871
9547.31 80.102
9721.07 79.469
9897.99 78.99
10078.13 78.663
10261.55 78.466
10448.3 78.359
10638.45 78.294
10832.07 78.214
11029.21 78.068
11229.94 77.812
11434.32 77.423
11642.41 76.897
11854.3 76.245
12070.04 75.494
12289.71 74.668
12513.38 73.787
12741.12 72.859
12973 71.882
13209.1 70.857
13449.5 69.802
13694.28 68.775
13943.51 67.878
14197.27 67.22
14455.66 66.888
14718.74 66.908
14986.62 67.253
15259.37 67.845
15537.08 68.572
15819.85 69.302
16107.76 69.895
16400.92 70.232
16699.41 70.251
17003.33 69.965
17312.78 69.448
17627.86 68.813
17948.68 68.178
18275.34 67.649
18607.94 67.311
18946.6 67.196
19291.42 67.265
19642.52 67.422
20000 67.574