20 90.755
20.36 90.738
20.73 90.719
21.11 90.7
21.5 90.68
21.89 90.659
22.29 90.638
22.69 90.616
23.1 90.593
23.52 90.569
23.95 90.545
24.39 90.52
24.83 90.495
25.28 90.468
25.74 90.442
26.21 90.415
26.69 90.387
27.18 90.358
27.67 90.329
28.17 90.3
28.69 90.27
29.21 90.239
29.74 90.208
30.28 90.176
30.83 90.143
31.39 90.11
31.97 90.076
32.55 90.041
33.14 90.006
33.74 89.97
34.36 89.933
34.98 89.896
35.62 89.858
36.27 89.819
36.93 89.78
37.6 89.739
38.28 89.698
38.98 89.656
39.69 89.614
40.41 89.57
41.15 89.526
41.9 89.48
42.66 89.434
43.44 89.387
44.23 89.338
45.03 89.289
45.85 89.238
46.68 89.187
47.53 89.134
48.4 89.08
49.28 89.024
50.18 88.967
51.09 88.909
52.02 88.85
52.97 88.789
53.93 88.726
54.91 88.662
55.91 88.596
56.93 88.529
57.97 88.461
59.02 88.391
60.09 88.32
61.19 88.248
62.3 88.174
63.44 88.098
64.59 88.022
65.77 87.944
66.96 87.865
68.18 87.784
69.42 87.703
70.69 87.62
71.97 87.536
73.28 87.451
74.62 87.365
75.97 87.279
77.36 87.192
78.76 87.103
80.2 87.014
81.66 86.924
83.14 86.834
84.66 86.741
86.2 86.649
87.77 86.554
89.36 86.458
90.99 86.361
92.65 86.262
94.33 86.162
96.05 86.06
97.8 85.956
99.58 85.853
101.39 85.748
103.23 85.643
105.11 85.537
107.03 85.43
108.97 85.324
110.96 85.217
112.98 85.11
115.03 85.003
117.13 84.896
119.26 84.79
121.43 84.683
123.64 84.577
125.89 84.471
128.18 84.366
130.51 84.262
132.89 84.158
135.31 84.056
137.77 83.952
140.28 83.849
142.83 83.744
145.43 83.638
148.07 83.531
150.77 83.423
153.51 83.314
156.31 83.204
159.15 83.093
162.05 82.981
165 82.869
168 82.755
171.06 82.641
174.17 82.525
177.34 82.409
180.57 82.293
183.86 82.176
187.2 82.058
190.61 81.94
194.08 81.822
197.61 81.701
201.21 81.579
204.87 81.457
208.6 81.334
212.39 81.21
216.26 81.087
220.19 80.964
224.2 80.844
228.28 80.724
232.44 80.605
236.67 80.485
240.97 80.366
245.36 80.246
249.82 80.126
254.37 80.006
259 79.886
263.71 79.766
268.51 79.646
273.4 79.526
278.38 79.406
283.44 79.288
288.6 79.172
293.85 79.059
299.2 78.948
304.65 78.84
310.19 78.736
315.84 78.634
321.59 78.535
327.44 78.438
333.4 78.34
339.47 78.243
345.64 78.144
351.93 78.042
358.34 77.937
364.86 77.829
371.5 77.718
378.26 77.605
385.15 77.49
392.16 77.375
399.29 77.26
406.56 77.145
413.96 77.03
421.49 76.916
429.16 76.801
436.97 76.687
444.93 76.572
453.02 76.457
461.27 76.343
469.66 76.232
478.21 76.124
486.91 76.019
495.78 75.92
504.8 75.826
513.99 75.736
523.34 75.653
532.87 75.574
542.56 75.5
552.44 75.43
562.49 75.363
572.73 75.298
583.15 75.234
593.77 75.171
604.57 75.109
615.57 75.048
626.78 74.989
638.18 74.931
649.8 74.875
661.63 74.823
673.67 74.774
685.93 74.728
698.41 74.686
711.12 74.648
724.06 74.613
737.24 74.583
750.66 74.557
764.32 74.536
778.23 74.519
792.39 74.507
806.82 74.5
821.5 74.497
836.45 74.501
851.67 74.511
867.17 74.528
882.96 74.554
899.02 74.59
915.39 74.635
932.05 74.691
949.01 74.756
966.28 74.831
983.87 74.916
1001.77 75.009
1020 75.111
1038.57 75.22
1057.47 75.335
1076.71 75.455
1096.31 75.578
1116.26 75.702
1136.58 75.827
1157.26 75.95
1178.32 76.067
1199.77 76.178
1221.6 76.279
1243.84 76.372
1266.47 76.454
1289.52 76.525
1312.99 76.586
1336.89 76.64
1361.22 76.689
1385.99 76.733
1411.22 76.774
1436.9 76.814
1463.05 76.855
1489.68 76.896
1516.79 76.941
1544.4 76.99
1572.5 77.046
1601.12 77.111
1630.26 77.185
1659.93 77.269
1690.14 77.36
1720.9 77.457
1752.22 77.561
1784.11 77.669
1816.58 77.781
1849.64 77.898
1883.3 78.018
1917.58 78.141
1952.48 78.267
1988.01 78.395
2024.19 78.525
2061.03 78.658
2098.54 78.792
2136.73 78.931
2175.62 79.072
2215.22 79.219
2255.53 79.371
2296.58 79.528
2338.38 79.69
2380.94 79.857
2424.27 80.028
2468.39 80.202
2513.31 80.381
2559.05 80.563
2605.63 80.749
2653.05 80.937
2701.33 81.128
2750.5 81.321
2800.55 81.515
2851.52 81.708
2903.42 81.901
2956.26 82.088
3010.06 82.27
3064.85 82.443
3120.62 82.606
3177.42 82.756
3235.25 82.893
3294.13 83.014
3354.08 83.118
3415.12 83.202
3477.27 83.264
3540.56 83.301
3605 83.312
3670.6 83.295
3737.41 83.246
3805.43 83.165
3874.68 83.053
3945.2 82.91
4017 82.737
4090.11 82.536
4164.55 82.312
4240.34 82.066
4317.51 81.803
4396.09 81.525
4476.1 81.236
4557.56 80.938
4640.5 80.635
4724.96 80.329
4810.95 80.023
4898.51 79.72
4987.66 79.42
5078.43 79.125
5170.86 78.839
5264.97 78.565
5360.79 78.307
5458.35 78.069
5557.69 77.853
5658.84 77.665
5761.82 77.508
5866.69 77.384
5973.46 77.302
6082.17 77.266
6192.87 77.284
6305.57 77.365
6420.33 77.517
6537.18 77.75
6656.15 78.074
6777.29 78.502
6900.63 79.051
7026.22 79.739
7154.1 80.583
7284.3 81.588
7416.87 82.746
7551.85 84.026
7689.29 85.363
7829.23 86.657
7971.72 87.776
8116.8 88.577
8264.53 88.942
8414.94 88.818
8568.09 88.234
8724.02 87.286
8882.79 86.109
9044.46 84.826
9209.06 83.535
9376.66 82.292
9547.31 81.115
9721.07 79.999
9897.99 78.921
10078.13 77.856
10261.55 76.788
10448.3 75.709
10638.45 74.626
10832.07 73.552
11029.21 72.509
11229.94 71.519
11434.32 70.607
11642.41 69.798
11854.3 69.115
12070.04 68.577
12289.71 68.2
12513.38 67.995
12741.12 67.965
12973 68.093
13209.1 68.347
13449.5 68.663
13694.28 68.952
13943.51 69.107
14197.27 69.023
14455.66 68.637
14718.74 67.942
14986.62 67.006
15259.37 65.94
15537.08 64.888
15819.85 63.99
16107.76 63.354
16400.92 63.019
16699.41 62.937
17003.33 62.978
17312.78 62.978
17627.86 62.805
17948.68 62.379
18275.34 61.705
18607.94 60.846
18946.6 59.893
19291.42 58.913
19642.52 57.936
20000 56.958