20 74.807
20.36 74.897
20.73 74.987
21.11 75.076
21.5 75.165
21.89 75.255
22.29 75.344
22.69 75.432
23.1 75.52
23.52 75.607
23.95 75.694
24.39 75.779
24.83 75.864
25.28 75.948
25.74 76.03
26.21 76.112
26.69 76.193
27.18 76.272
27.67 76.35
28.17 76.426
28.69 76.501
29.21 76.573
29.74 76.644
30.28 76.713
30.83 76.781
31.39 76.846
31.97 76.909
32.55 76.97
33.14 77.028
33.74 77.084
34.36 77.138
34.98 77.19
35.62 77.239
36.27 77.286
36.93 77.331
37.6 77.375
38.28 77.416
38.98 77.456
39.69 77.494
40.41 77.531
41.15 77.566
41.9 77.599
42.66 77.631
43.44 77.662
44.23 77.691
45.03 77.719
45.85 77.747
46.68 77.773
47.53 77.798
48.4 77.822
49.28 77.845
50.18 77.868
51.09 77.888
52.02 77.908
52.97 77.928
53.93 77.945
54.91 77.962
55.91 77.977
56.93 77.992
57.97 78.005
59.02 78.018
60.09 78.029
61.19 78.039
62.3 78.048
63.44 78.055
64.59 78.062
65.77 78.068
66.96 78.072
68.18 78.076
69.42 78.079
70.69 78.08
71.97 78.081
73.28 78.082
74.62 78.081
75.97 78.079
77.36 78.077
78.76 78.073
80.2 78.068
81.66 78.063
83.14 78.056
84.66 78.049
86.2 78.041
87.77 78.032
89.36 78.022
90.99 78.01
92.65 77.998
94.33 77.985
96.05 77.97
97.8 77.954
99.58 77.938
101.39 77.919
103.23 77.901
105.11 77.882
107.03 77.86
108.97 77.839
110.96 77.817
112.98 77.795
115.03 77.772
117.13 77.748
119.26 77.724
121.43 77.698
123.64 77.672
125.89 77.645
128.18 77.617
130.51 77.587
132.89 77.557
135.31 77.525
137.77 77.493
140.28 77.459
142.83 77.423
145.43 77.387
148.07 77.35
150.77 77.312
153.51 77.272
156.31 77.231
159.15 77.191
162.05 77.149
165 77.106
168 77.063
171.06 77.018
174.17 76.973
177.34 76.927
180.57 76.879
183.86 76.831
187.2 76.781
190.61 76.73
194.08 76.679
197.61 76.626
201.21 76.574
204.87 76.52
208.6 76.466
212.39 76.41
216.26 76.354
220.19 76.298
224.2 76.24
228.28 76.182
232.44 76.125
236.67 76.066
240.97 76.007
245.36 75.947
249.82 75.885
254.37 75.822
259 75.756
263.71 75.691
268.51 75.625
273.4 75.559
278.38 75.493
283.44 75.427
288.6 75.361
293.85 75.296
299.2 75.232
304.65 75.167
310.19 75.102
315.84 75.038
321.59 74.974
327.44 74.91
333.4 74.846
339.47 74.783
345.64 74.719
351.93 74.654
358.34 74.589
364.86 74.525
371.5 74.46
378.26 74.394
385.15 74.329
392.16 74.264
399.29 74.2
406.56 74.137
413.96 74.075
421.49 74.014
429.16 73.955
436.97 73.896
444.93 73.838
453.02 73.781
461.27 73.725
469.66 73.67
478.21 73.617
486.91 73.566
495.78 73.516
504.8 73.467
513.99 73.421
523.34 73.377
532.87 73.333
542.56 73.291
552.44 73.25
562.49 73.211
572.73 73.175
583.15 73.141
593.77 73.11
604.57 73.08
615.57 73.055
626.78 73.032
638.18 73.012
649.8 72.996
661.63 72.982
673.67 72.973
685.93 72.968
698.41 72.968
711.12 72.973
724.06 72.983
737.24 72.998
750.66 73.019
764.32 73.049
778.23 73.086
792.39 73.132
806.82 73.187
821.5 73.254
836.45 73.332
851.67 73.424
867.17 73.53
882.96 73.652
899.02 73.793
915.39 73.95
932.05 74.128
949.01 74.325
966.28 74.541
983.87 74.774
1001.77 75.025
1020 75.29
1038.57 75.566
1057.47 75.85
1076.71 76.14
1096.31 76.43
1116.26 76.716
1136.58 76.993
1157.26 77.257
1178.32 77.503
1199.77 77.729
1221.6 77.934
1243.84 78.118
1266.47 78.284
1289.52 78.435
1312.99 78.572
1336.89 78.699
1361.22 78.821
1385.99 78.941
1411.22 79.064
1436.9 79.191
1463.05 79.323
1489.68 79.462
1516.79 79.608
1544.4 79.759
1572.5 79.915
1601.12 80.076
1630.26 80.24
1659.93 80.41
1690.14 80.585
1720.9 80.765
1752.22 80.948
1784.11 81.135
1816.58 81.322
1849.64 81.508
1883.3 81.689
1917.58 81.863
1952.48 82.027
1988.01 82.179
2024.19 82.315
2061.03 82.435
2098.54 82.534
2136.73 82.611
2175.62 82.665
2215.22 82.693
2255.53 82.696
2296.58 82.675
2338.38 82.63
2380.94 82.561
2424.27 82.471
2468.39 82.362
2513.31 82.237
2559.05 82.097
2605.63 81.947
2653.05 81.789
2701.33 81.626
2750.5 81.459
2800.55 81.294
2851.52 81.129
2903.42 80.969
2956.26 80.814
3010.06 80.666
3064.85 80.524
3120.62 80.388
3177.42 80.261
3235.25 80.14
3294.13 80.026
3354.08 79.918
3415.12 79.816
3477.27 79.716
3540.56 79.62
3605 79.524
3670.6 79.425
3737.41 79.323
3805.43 79.211
3874.68 79.085
3945.2 78.945
4017 78.785
4090.11 78.601
4164.55 78.39
4240.34 78.15
4317.51 77.88
4396.09 77.578
4476.1 77.246
4557.56 76.883
4640.5 76.494
4724.96 76.083
4810.95 75.653
4898.51 75.21
4987.66 74.758
5078.43 74.304
5170.86 73.851
5264.97 73.403
5360.79 72.966
5458.35 72.542
5557.69 72.135
5658.84 71.749
5761.82 71.384
5866.69 71.043
5973.46 70.729
6082.17 70.445
6192.87 70.192
6305.57 69.969
6420.33 69.779
6537.18 69.62
6656.15 69.493
6777.29 69.401
6900.63 69.348
7026.22 69.343
7154.1 69.4
7284.3 69.537
7416.87 69.775
7551.85 70.133
7689.29 70.631
7829.23 71.28
7971.72 72.083
8116.8 73.025
8264.53 74.065
8414.94 75.131
8568.09 76.117
8724.02 76.892
8882.79 77.325
9044.46 77.331
9209.06 76.895
9376.66 76.089
9547.31 75.048
9721.07 73.924
9897.99 72.854
10078.13 71.934
10261.55 71.219
10448.3 70.723
10638.45 70.422
10832.07 70.268
11029.21 70.19
11229.94 70.1
11434.32 69.908
11642.41 69.528
11854.3 68.902
12070.04 68.013
12289.71 66.89
12513.38 65.592
12741.12 64.197
12973 62.783
13209.1 61.425
13449.5 60.189
13694.28 59.137
13943.51 58.323
14197.27 57.797
14455.66 57.593
14718.74 57.723
14986.62 58.151
15259.37 58.781
15537.08 59.458
15819.85 59.994
16107.76 60.219
16400.92 60.009
16699.41 59.3
17003.33 58.077
17312.78 56.348
17627.86 54.115
17948.68 51.377
18275.34 48.137
18607.94 44.444
18946.6 40.404
19291.42 36.168
19642.52 31.875
20000 27.581