20 80.433
20.36 80.451
20.73 80.468
21.11 80.486
21.5 80.504
21.89 80.521
22.29 80.538
22.69 80.554
23.1 80.571
23.52 80.586
23.95 80.601
24.39 80.615
24.83 80.629
25.28 80.641
25.74 80.653
26.21 80.664
26.69 80.674
27.18 80.682
27.67 80.69
28.17 80.696
28.69 80.701
29.21 80.704
29.74 80.706
30.28 80.706
30.83 80.704
31.39 80.701
31.97 80.696
32.55 80.689
33.14 80.68
33.74 80.669
34.36 80.656
34.98 80.641
35.62 80.624
36.27 80.606
36.93 80.585
37.6 80.563
38.28 80.539
38.98 80.514
39.69 80.487
40.41 80.459
41.15 80.429
41.9 80.398
42.66 80.365
43.44 80.332
44.23 80.297
45.03 80.261
45.85 80.224
46.68 80.185
47.53 80.146
48.4 80.106
49.28 80.066
50.18 80.023
51.09 79.981
52.02 79.937
52.97 79.893
53.93 79.847
54.91 79.801
55.91 79.755
56.93 79.707
57.97 79.659
59.02 79.611
60.09 79.562
61.19 79.511
62.3 79.461
63.44 79.41
64.59 79.359
65.77 79.308
66.96 79.256
68.18 79.203
69.42 79.151
70.69 79.098
71.97 79.046
73.28 78.992
74.62 78.939
75.97 78.886
77.36 78.832
78.76 78.779
80.2 78.725
81.66 78.671
83.14 78.617
84.66 78.562
86.2 78.507
87.77 78.452
89.36 78.396
90.99 78.34
92.65 78.284
94.33 78.228
96.05 78.171
97.8 78.114
99.58 78.056
101.39 77.999
103.23 77.942
105.11 77.885
107.03 77.828
108.97 77.773
110.96 77.718
112.98 77.664
115.03 77.611
117.13 77.559
119.26 77.506
121.43 77.454
123.64 77.401
125.89 77.349
128.18 77.296
130.51 77.243
132.89 77.19
135.31 77.137
137.77 77.084
140.28 77.032
142.83 76.981
145.43 76.93
148.07 76.878
150.77 76.828
153.51 76.779
156.31 76.73
159.15 76.681
162.05 76.634
165 76.588
168 76.542
171.06 76.497
174.17 76.452
177.34 76.407
180.57 76.363
183.86 76.319
187.2 76.275
190.61 76.232
194.08 76.188
197.61 76.145
201.21 76.103
204.87 76.06
208.6 76.019
212.39 75.978
216.26 75.937
220.19 75.898
224.2 75.859
228.28 75.821
232.44 75.785
236.67 75.748
240.97 75.712
245.36 75.676
249.82 75.639
254.37 75.602
259 75.566
263.71 75.53
268.51 75.493
273.4 75.458
278.38 75.422
283.44 75.388
288.6 75.354
293.85 75.322
299.2 75.289
304.65 75.258
310.19 75.226
315.84 75.195
321.59 75.164
327.44 75.134
333.4 75.103
339.47 75.073
345.64 75.043
351.93 75.014
358.34 74.984
364.86 74.954
371.5 74.924
378.26 74.894
385.15 74.864
392.16 74.834
399.29 74.804
406.56 74.774
413.96 74.745
421.49 74.716
429.16 74.686
436.97 74.657
444.93 74.627
453.02 74.598
461.27 74.569
469.66 74.54
478.21 74.511
486.91 74.483
495.78 74.454
504.8 74.426
513.99 74.398
523.34 74.369
532.87 74.341
542.56 74.312
552.44 74.283
562.49 74.255
572.73 74.227
583.15 74.199
593.77 74.173
604.57 74.147
615.57 74.122
626.78 74.097
638.18 74.073
649.8 74.049
661.63 74.027
673.67 74.005
685.93 73.987
698.41 73.971
711.12 73.961
724.06 73.956
737.24 73.957
750.66 73.963
764.32 73.974
778.23 73.99
792.39 74.012
806.82 74.039
821.5 74.073
836.45 74.114
851.67 74.163
867.17 74.22
882.96 74.286
899.02 74.362
915.39 74.447
932.05 74.542
949.01 74.646
966.28 74.76
983.87 74.882
1001.77 75.013
1020 75.151
1038.57 75.295
1057.47 75.444
1076.71 75.596
1096.31 75.753
1116.26 75.91
1136.58 76.067
1157.26 76.222
1178.32 76.375
1199.77 76.523
1221.6 76.668
1243.84 76.808
1266.47 76.943
1289.52 77.075
1312.99 77.2
1336.89 77.321
1361.22 77.438
1385.99 77.553
1411.22 77.667
1436.9 77.781
1463.05 77.896
1489.68 78.011
1516.79 78.128
1544.4 78.245
1572.5 78.363
1601.12 78.482
1630.26 78.602
1659.93 78.725
1690.14 78.852
1720.9 78.984
1752.22 79.12
1784.11 79.263
1816.58 79.412
1849.64 79.566
1883.3 79.725
1917.58 79.89
1952.48 80.059
1988.01 80.233
2024.19 80.411
2061.03 80.592
2098.54 80.776
2136.73 80.96
2175.62 81.142
2215.22 81.319
2255.53 81.49
2296.58 81.652
2338.38 81.803
2380.94 81.941
2424.27 82.061
2468.39 82.163
2513.31 82.243
2559.05 82.299
2605.63 82.331
2653.05 82.336
2701.33 82.313
2750.5 82.265
2800.55 82.19
2851.52 82.093
2903.42 81.974
2956.26 81.839
3010.06 81.689
3064.85 81.529
3120.62 81.36
3177.42 81.189
3235.25 81.018
3294.13 80.85
3354.08 80.688
3415.12 80.533
3477.27 80.389
3540.56 80.257
3605 80.141
3670.6 80.042
3737.41 79.962
3805.43 79.905
3874.68 79.875
3945.2 79.876
4017 79.91
4090.11 79.984
4164.55 80.095
4240.34 80.246
4317.51 80.427
4396.09 80.629
4476.1 80.836
4557.56 81.024
4640.5 81.166
4724.96 81.235
4810.95 81.201
4898.51 81.042
4987.66 80.747
5078.43 80.317
5170.86 79.768
5264.97 79.126
5360.79 78.421
5458.35 77.682
5557.69 76.938
5658.84 76.206
5761.82 75.502
5866.69 74.835
5973.46 74.213
6082.17 73.643
6192.87 73.127
6305.57 72.666
6420.33 72.263
6537.18 71.919
6656.15 71.637
6777.29 71.42
6900.63 71.273
7026.22 71.201
7154.1 71.213
7284.3 71.314
7416.87 71.514
7551.85 71.822
7689.29 72.246
7829.23 72.784
7971.72 73.426
8116.8 74.147
8264.53 74.902
8414.94 75.625
8568.09 76.238
8724.02 76.659
8882.79 76.825
9044.46 76.713
9209.06 76.345
9376.66 75.786
9547.31 75.132
9721.07 74.49
9897.99 73.958
10078.13 73.615
10261.55 73.511
10448.3 73.663
10638.45 74.047
10832.07 74.593
11029.21 75.188
11229.94 75.692
11434.32 75.968
11642.41 75.938
11854.3 75.606
12070.04 75.049
12289.71 74.381
12513.38 73.692
12741.12 73.02
12973 72.365
13209.1 71.713
13449.5 71.054
13694.28 70.402
13943.51 69.78
14197.27 69.213
14455.66 68.712
14718.74 68.263
14986.62 67.843
15259.37 67.442
15537.08 67.078
15819.85 66.796
16107.76 66.634
16400.92 66.584
16699.41 66.571
17003.33 66.468
17312.78 66.14
17627.86 65.496
17948.68 64.521
18275.34 63.266
18607.94 61.823
18946.6 60.282
19291.42 58.709
19642.52 57.131
20000 55.554