20 82.158
20.36 82.189
20.73 82.219
21.11 82.25
21.5 82.28
21.89 82.31
22.29 82.34
22.69 82.369
23.1 82.398
23.52 82.426
23.95 82.454
24.39 82.481
24.83 82.508
25.28 82.533
25.74 82.558
26.21 82.582
26.69 82.605
27.18 82.626
27.67 82.646
28.17 82.666
28.69 82.684
29.21 82.7
29.74 82.715
30.28 82.728
30.83 82.74
31.39 82.75
31.97 82.758
32.55 82.765
33.14 82.769
33.74 82.772
34.36 82.773
34.98 82.771
35.62 82.768
36.27 82.763
36.93 82.756
37.6 82.747
38.28 82.736
38.98 82.723
39.69 82.709
40.41 82.693
41.15 82.675
41.9 82.655
42.66 82.633
43.44 82.61
44.23 82.585
45.03 82.559
45.85 82.531
46.68 82.501
47.53 82.469
48.4 82.436
49.28 82.402
50.18 82.366
51.09 82.329
52.02 82.29
52.97 82.25
53.93 82.208
54.91 82.166
55.91 82.122
56.93 82.077
57.97 82.031
59.02 81.983
60.09 81.935
61.19 81.885
62.3 81.835
63.44 81.783
64.59 81.731
65.77 81.678
66.96 81.624
68.18 81.569
69.42 81.513
70.69 81.456
71.97 81.399
73.28 81.341
74.62 81.282
75.97 81.222
77.36 81.161
78.76 81.099
80.2 81.037
81.66 80.973
83.14 80.907
84.66 80.84
86.2 80.772
87.77 80.703
89.36 80.632
90.99 80.56
92.65 80.486
94.33 80.411
96.05 80.334
97.8 80.256
99.58 80.176
101.39 80.095
103.23 80.013
105.11 79.93
107.03 79.847
108.97 79.764
110.96 79.68
112.98 79.597
115.03 79.515
117.13 79.432
119.26 79.35
121.43 79.267
123.64 79.185
125.89 79.103
128.18 79.021
130.51 78.939
132.89 78.857
135.31 78.773
137.77 78.69
140.28 78.605
142.83 78.519
145.43 78.433
148.07 78.347
150.77 78.26
153.51 78.173
156.31 78.086
159.15 78
162.05 77.914
165 77.828
168 77.743
171.06 77.658
174.17 77.574
177.34 77.488
180.57 77.403
183.86 77.318
187.2 77.232
190.61 77.146
194.08 77.06
197.61 76.974
201.21 76.887
204.87 76.801
208.6 76.716
212.39 76.631
216.26 76.547
220.19 76.464
224.2 76.383
228.28 76.303
232.44 76.225
236.67 76.148
240.97 76.071
245.36 75.994
249.82 75.918
254.37 75.841
259 75.764
263.71 75.688
268.51 75.613
273.4 75.539
278.38 75.467
283.44 75.395
288.6 75.326
293.85 75.257
299.2 75.19
304.65 75.124
310.19 75.059
315.84 74.995
321.59 74.933
327.44 74.871
333.4 74.812
339.47 74.754
345.64 74.697
351.93 74.64
358.34 74.584
364.86 74.529
371.5 74.473
378.26 74.417
385.15 74.362
392.16 74.308
399.29 74.256
406.56 74.205
413.96 74.155
421.49 74.107
429.16 74.061
436.97 74.016
444.93 73.972
453.02 73.93
461.27 73.89
469.66 73.852
478.21 73.815
486.91 73.78
495.78 73.748
504.8 73.717
513.99 73.688
523.34 73.659
532.87 73.633
542.56 73.607
552.44 73.583
562.49 73.561
572.73 73.541
583.15 73.523
593.77 73.507
604.57 73.494
615.57 73.483
626.78 73.474
638.18 73.469
649.8 73.466
661.63 73.467
673.67 73.471
685.93 73.479
698.41 73.489
711.12 73.504
724.06 73.523
737.24 73.547
750.66 73.576
764.32 73.611
778.23 73.652
792.39 73.7
806.82 73.755
821.5 73.816
836.45 73.885
851.67 73.961
867.17 74.045
882.96 74.137
899.02 74.237
915.39 74.345
932.05 74.462
949.01 74.588
966.28 74.723
983.87 74.865
1001.77 75.015
1020 75.171
1038.57 75.334
1057.47 75.502
1076.71 75.675
1096.31 75.852
1116.26 76.032
1136.58 76.213
1157.26 76.395
1178.32 76.576
1199.77 76.757
1221.6 76.937
1243.84 77.115
1266.47 77.291
1289.52 77.466
1312.99 77.637
1336.89 77.806
1361.22 77.974
1385.99 78.145
1411.22 78.32
1436.9 78.5
1463.05 78.685
1489.68 78.874
1516.79 79.067
1544.4 79.258
1572.5 79.442
1601.12 79.613
1630.26 79.769
1659.93 79.905
1690.14 80.021
1720.9 80.117
1752.22 80.199
1784.11 80.276
1816.58 80.357
1849.64 80.454
1883.3 80.573
1917.58 80.719
1952.48 80.891
1988.01 81.084
2024.19 81.294
2061.03 81.513
2098.54 81.733
2136.73 81.946
2175.62 82.146
2215.22 82.326
2255.53 82.481
2296.58 82.607
2338.38 82.697
2380.94 82.748
2424.27 82.755
2468.39 82.716
2513.31 82.63
2559.05 82.498
2605.63 82.327
2653.05 82.129
2701.33 81.917
2750.5 81.71
2800.55 81.524
2851.52 81.369
2903.42 81.249
2956.26 81.159
3010.06 81.088
3064.85 81.018
3120.62 80.937
3177.42 80.835
3235.25 80.707
3294.13 80.559
3354.08 80.4
3415.12 80.244
3477.27 80.104
3540.56 79.99
3605 79.908
3670.6 79.855
3737.41 79.828
3805.43 79.818
3874.68 79.819
3945.2 79.823
4017 79.823
4090.11 79.814
4164.55 79.793
4240.34 79.766
4317.51 79.744
4396.09 79.745
4476.1 79.78
4557.56 79.858
4640.5 79.972
4724.96 80.109
4810.95 80.247
4898.51 80.368
4987.66 80.458
5078.43 80.517
5170.86 80.56
5264.97 80.6
5360.79 80.64
5458.35 80.67
5557.69 80.674
5658.84 80.649
5761.82 80.605
5866.69 80.566
5973.46 80.555
6082.17 80.583
6192.87 80.64
6305.57 80.702
6420.33 80.744
6537.18 80.752
6656.15 80.721
6777.29 80.656
6900.63 80.57
7026.22 80.478
7154.1 80.403
7284.3 80.368
7416.87 80.399
7551.85 80.52
7689.29 80.747
7829.23 81.079
7971.72 81.492
8116.8 81.942
8264.53 82.362
8414.94 82.675
8568.09 82.8
8724.02 82.676
8882.79 82.272
9044.46 81.603
9209.06 80.726
9376.66 79.726
9547.31 78.696
9721.07 77.727
9897.99 76.894
10078.13 76.251
10261.55 75.835
10448.3 75.662
10638.45 75.724
10832.07 75.987
11029.21 76.383
11229.94 76.825
11434.32 77.213
11642.41 77.452
11854.3 77.465
12070.04 77.212
12289.71 76.704
12513.38 75.997
12741.12 75.178
12973 74.327
13209.1 73.49
13449.5 72.684
13694.28 71.91
13943.51 71.178
14197.27 70.507
14455.66 69.923
14718.74 69.44
14986.62 69.057
15259.37 68.774
15537.08 68.601
15819.85 68.56
16107.76 68.668
16400.92 68.915
16699.41 69.26
17003.33 69.63
17312.78 69.937
17627.86 70.086
17948.68 69.993
18275.34 69.602
18607.94 68.912
18946.6 67.972
19291.42 66.877
19642.52 65.723
20000 64.566