20 75.632
20.36 75.654
20.73 75.676
21.11 75.699
21.5 75.72
21.89 75.74
22.29 75.761
22.69 75.781
23.1 75.801
23.52 75.82
23.95 75.839
24.39 75.856
24.83 75.874
25.28 75.891
25.74 75.908
26.21 75.924
26.69 75.94
27.18 75.954
27.67 75.969
28.17 75.983
28.69 75.997
29.21 76.01
29.74 76.023
30.28 76.035
30.83 76.047
31.39 76.058
31.97 76.069
32.55 76.08
33.14 76.09
33.74 76.1
34.36 76.11
34.98 76.119
35.62 76.129
36.27 76.138
36.93 76.147
37.6 76.155
38.28 76.164
38.98 76.172
39.69 76.18
40.41 76.188
41.15 76.196
41.9 76.204
42.66 76.211
43.44 76.219
44.23 76.226
45.03 76.233
45.85 76.24
46.68 76.247
47.53 76.254
48.4 76.26
49.28 76.266
50.18 76.272
51.09 76.278
52.02 76.284
52.97 76.289
53.93 76.294
54.91 76.3
55.91 76.305
56.93 76.309
57.97 76.313
59.02 76.317
60.09 76.32
61.19 76.324
62.3 76.327
63.44 76.33
64.59 76.332
65.77 76.334
66.96 76.335
68.18 76.336
69.42 76.337
70.69 76.337
71.97 76.337
73.28 76.337
74.62 76.337
75.97 76.336
77.36 76.335
78.76 76.335
80.2 76.333
81.66 76.332
83.14 76.331
84.66 76.329
86.2 76.328
87.77 76.326
89.36 76.324
90.99 76.321
92.65 76.319
94.33 76.317
96.05 76.314
97.8 76.311
99.58 76.308
101.39 76.305
103.23 76.302
105.11 76.299
107.03 76.295
108.97 76.292
110.96 76.289
112.98 76.285
115.03 76.283
117.13 76.28
119.26 76.278
121.43 76.276
123.64 76.275
125.89 76.275
128.18 76.276
130.51 76.277
132.89 76.278
135.31 76.28
137.77 76.282
140.28 76.283
142.83 76.284
145.43 76.285
148.07 76.285
150.77 76.283
153.51 76.28
156.31 76.275
159.15 76.267
162.05 76.259
165 76.248
168 76.236
171.06 76.223
174.17 76.209
177.34 76.193
180.57 76.177
183.86 76.162
187.2 76.146
190.61 76.129
194.08 76.114
197.61 76.098
201.21 76.082
204.87 76.067
208.6 76.052
212.39 76.037
216.26 76.023
220.19 76.009
224.2 75.995
228.28 75.981
232.44 75.967
236.67 75.953
240.97 75.939
245.36 75.924
249.82 75.909
254.37 75.894
259 75.879
263.71 75.863
268.51 75.846
273.4 75.83
278.38 75.813
283.44 75.795
288.6 75.777
293.85 75.758
299.2 75.739
304.65 75.719
310.19 75.698
315.84 75.676
321.59 75.653
327.44 75.631
333.4 75.607
339.47 75.583
345.64 75.559
351.93 75.534
358.34 75.508
364.86 75.482
371.5 75.455
378.26 75.427
385.15 75.398
392.16 75.369
399.29 75.339
406.56 75.309
413.96 75.278
421.49 75.247
429.16 75.215
436.97 75.181
444.93 75.147
453.02 75.113
461.27 75.077
469.66 75.041
478.21 75.006
486.91 74.971
495.78 74.937
504.8 74.903
513.99 74.87
523.34 74.837
532.87 74.805
542.56 74.773
552.44 74.741
562.49 74.709
572.73 74.677
583.15 74.644
593.77 74.611
604.57 74.579
615.57 74.547
626.78 74.516
638.18 74.486
649.8 74.457
661.63 74.43
673.67 74.406
685.93 74.383
698.41 74.363
711.12 74.345
724.06 74.331
737.24 74.319
750.66 74.311
764.32 74.307
778.23 74.306
792.39 74.309
806.82 74.317
821.5 74.329
836.45 74.347
851.67 74.371
867.17 74.402
882.96 74.443
899.02 74.493
915.39 74.554
932.05 74.625
949.01 74.706
966.28 74.799
983.87 74.9
1001.77 75.011
1020 75.129
1038.57 75.254
1057.47 75.383
1076.71 75.515
1096.31 75.648
1116.26 75.781
1136.58 75.913
1157.26 76.039
1178.32 76.157
1199.77 76.266
1221.6 76.365
1243.84 76.45
1266.47 76.523
1289.52 76.582
1312.99 76.63
1336.89 76.667
1361.22 76.697
1385.99 76.721
1411.22 76.741
1436.9 76.758
1463.05 76.774
1489.68 76.791
1516.79 76.811
1544.4 76.835
1572.5 76.866
1601.12 76.905
1630.26 76.953
1659.93 77.01
1690.14 77.075
1720.9 77.146
1752.22 77.222
1784.11 77.303
1816.58 77.387
1849.64 77.475
1883.3 77.565
1917.58 77.657
1952.48 77.748
1988.01 77.84
2024.19 77.933
2061.03 78.024
2098.54 78.114
2136.73 78.203
2175.62 78.291
2215.22 78.377
2255.53 78.461
2296.58 78.542
2338.38 78.618
2380.94 78.689
2424.27 78.751
2468.39 78.806
2513.31 78.852
2559.05 78.885
2605.63 78.907
2653.05 78.914
2701.33 78.908
2750.5 78.887
2800.55 78.85
2851.52 78.798
2903.42 78.732
2956.26 78.651
3010.06 78.557
3064.85 78.45
3120.62 78.333
3177.42 78.205
3235.25 78.068
3294.13 77.923
3354.08 77.772
3415.12 77.615
3477.27 77.456
3540.56 77.295
3605 77.134
3670.6 76.973
3737.41 76.813
3805.43 76.657
3874.68 76.504
3945.2 76.356
4017 76.212
4090.11 76.074
4164.55 75.941
4240.34 75.816
4317.51 75.699
4396.09 75.59
4476.1 75.49
4557.56 75.399
4640.5 75.315
4724.96 75.238
4810.95 75.168
4898.51 75.102
4987.66 75.038
5078.43 74.976
5170.86 74.914
5264.97 74.852
5360.79 74.788
5458.35 74.723
5557.69 74.654
5658.84 74.583
5761.82 74.507
5866.69 74.43
5973.46 74.351
6082.17 74.275
6192.87 74.205
6305.57 74.145
6420.33 74.1
6537.18 74.072
6656.15 74.066
6777.29 74.085
6900.63 74.135
7026.22 74.227
7154.1 74.367
7284.3 74.562
7416.87 74.817
7551.85 75.128
7689.29 75.485
7829.23 75.862
7971.72 76.218
8116.8 76.501
8264.53 76.648
8414.94 76.594
8568.09 76.284
8724.02 75.683
8882.79 74.785
9044.46 73.621
9209.06 72.251
9376.66 70.751
9547.31 69.197
9721.07 67.657
9897.99 66.183
10078.13 64.809
10261.55 63.552
10448.3 62.419
10638.45 61.405
10832.07 60.503
11029.21 59.706
11229.94 59.007
11434.32 58.395
11642.41 57.867
11854.3 57.415
12070.04 57.033
12289.71 56.718
12513.38 56.465
12741.12 56.276
12973 56.151
13209.1 56.096
13449.5 56.115
13694.28 56.218
13943.51 56.408
14197.27 56.69
14455.66 57.069
14718.74 57.546
14986.62 58.12
15259.37 58.787
15537.08 59.534
15819.85 60.34
16107.76 61.162
16400.92 61.93
16699.41 62.538
17003.33 62.857
17312.78 62.748
17627.86 62.095
17948.68 60.845
18275.34 59.039
18607.94 56.81
18946.6 54.337
19291.42 51.768
19642.52 49.183
20000 46.598