20 72.976
20.36 73.062
20.73 73.148
21.11 73.233
21.5 73.319
21.89 73.405
22.29 73.49
22.69 73.575
23.1 73.659
23.52 73.743
23.95 73.826
24.39 73.909
24.83 73.99
25.28 74.071
25.74 74.151
26.21 74.23
26.69 74.307
27.18 74.384
27.67 74.459
28.17 74.533
28.69 74.606
29.21 74.677
29.74 74.746
30.28 74.814
30.83 74.88
31.39 74.944
31.97 75.006
32.55 75.067
33.14 75.125
33.74 75.181
34.36 75.235
34.98 75.287
35.62 75.337
36.27 75.385
36.93 75.431
37.6 75.475
38.28 75.518
38.98 75.558
39.69 75.597
40.41 75.634
41.15 75.67
41.9 75.704
42.66 75.736
43.44 75.767
44.23 75.797
45.03 75.825
45.85 75.851
46.68 75.877
47.53 75.901
48.4 75.924
49.28 75.945
50.18 75.965
51.09 75.983
52.02 76.001
52.97 76.017
53.93 76.031
54.91 76.044
55.91 76.056
56.93 76.066
57.97 76.074
59.02 76.082
60.09 76.088
61.19 76.092
62.3 76.095
63.44 76.096
64.59 76.096
65.77 76.095
66.96 76.092
68.18 76.088
69.42 76.082
70.69 76.076
71.97 76.067
73.28 76.058
74.62 76.047
75.97 76.035
77.36 76.022
78.76 76.007
80.2 75.99
81.66 75.973
83.14 75.954
84.66 75.933
86.2 75.911
87.77 75.888
89.36 75.863
90.99 75.837
92.65 75.809
94.33 75.778
96.05 75.747
97.8 75.713
99.58 75.677
101.39 75.639
103.23 75.599
105.11 75.558
107.03 75.515
108.97 75.471
110.96 75.425
112.98 75.377
115.03 75.328
117.13 75.278
119.26 75.225
121.43 75.171
123.64 75.115
125.89 75.057
128.18 74.996
130.51 74.934
132.89 74.87
135.31 74.804
137.77 74.736
140.28 74.666
142.83 74.594
145.43 74.521
148.07 74.446
150.77 74.369
153.51 74.291
156.31 74.211
159.15 74.13
162.05 74.048
165 73.964
168 73.879
171.06 73.793
174.17 73.704
177.34 73.613
180.57 73.521
183.86 73.426
187.2 73.329
190.61 73.23
194.08 73.128
197.61 73.025
201.21 72.921
204.87 72.816
208.6 72.71
212.39 72.605
216.26 72.5
220.19 72.396
224.2 72.294
228.28 72.193
232.44 72.093
236.67 71.995
240.97 71.897
245.36 71.798
249.82 71.7
254.37 71.603
259 71.505
263.71 71.409
268.51 71.315
273.4 71.223
278.38 71.135
283.44 71.051
288.6 70.971
293.85 70.895
299.2 70.824
304.65 70.757
310.19 70.695
315.84 70.638
321.59 70.584
327.44 70.536
333.4 70.492
339.47 70.453
345.64 70.418
351.93 70.387
358.34 70.362
364.86 70.341
371.5 70.325
378.26 70.314
385.15 70.308
392.16 70.307
399.29 70.31
406.56 70.317
413.96 70.328
421.49 70.343
429.16 70.361
436.97 70.382
444.93 70.407
453.02 70.435
461.27 70.467
469.66 70.506
478.21 70.552
486.91 70.61
495.78 70.679
504.8 70.763
513.99 70.858
523.34 70.966
532.87 71.083
542.56 71.212
552.44 71.35
562.49 71.498
572.73 71.655
583.15 71.82
593.77 71.991
604.57 72.166
615.57 72.343
626.78 72.517
638.18 72.683
649.8 72.838
661.63 72.976
673.67 73.098
685.93 73.202
698.41 73.286
711.12 73.355
724.06 73.408
737.24 73.451
750.66 73.487
764.32 73.521
778.23 73.555
792.39 73.594
806.82 73.64
821.5 73.694
836.45 73.758
851.67 73.834
867.17 73.921
882.96 74.019
899.02 74.129
915.39 74.252
932.05 74.385
949.01 74.53
966.28 74.684
983.87 74.846
1001.77 75.017
1020 75.194
1038.57 75.376
1057.47 75.562
1076.71 75.75
1096.31 75.939
1116.26 76.129
1136.58 76.315
1157.26 76.496
1178.32 76.673
1199.77 76.842
1221.6 77.005
1243.84 77.16
1266.47 77.308
1289.52 77.448
1312.99 77.579
1336.89 77.702
1361.22 77.817
1385.99 77.926
1411.22 78.031
1436.9 78.13
1463.05 78.226
1489.68 78.317
1516.79 78.403
1544.4 78.484
1572.5 78.56
1601.12 78.63
1630.26 78.695
1659.93 78.755
1690.14 78.81
1720.9 78.861
1752.22 78.908
1784.11 78.951
1816.58 78.99
1849.64 79.025
1883.3 79.056
1917.58 79.082
1952.48 79.104
1988.01 79.122
2024.19 79.136
2061.03 79.145
2098.54 79.15
2136.73 79.15
2175.62 79.147
2215.22 79.138
2255.53 79.125
2296.58 79.108
2338.38 79.086
2380.94 79.06
2424.27 79.03
2468.39 78.995
2513.31 78.956
2559.05 78.913
2605.63 78.865
2653.05 78.814
2701.33 78.758
2750.5 78.698
2800.55 78.634
2851.52 78.567
2903.42 78.497
2956.26 78.424
3010.06 78.349
3064.85 78.272
3120.62 78.193
3177.42 78.114
3235.25 78.035
3294.13 77.956
3354.08 77.878
3415.12 77.804
3477.27 77.733
3540.56 77.668
3605 77.611
3670.6 77.565
3737.41 77.533
3805.43 77.519
3874.68 77.529
3945.2 77.567
4017 77.637
4090.11 77.741
4164.55 77.878
4240.34 78.039
4317.51 78.211
4396.09 78.373
4476.1 78.502
4557.56 78.573
4640.5 78.563
4724.96 78.454
4810.95 78.235
4898.51 77.904
4987.66 77.47
5078.43 76.95
5170.86 76.369
5264.97 75.754
5360.79 75.134
5458.35 74.537
5557.69 73.984
5658.84 73.492
5761.82 73.066
5866.69 72.708
5973.46 72.411
6082.17 72.166
6192.87 71.962
6305.57 71.787
6420.33 71.633
6537.18 71.496
6656.15 71.38
6777.29 71.29
6900.63 71.238
7026.22 71.235
7154.1 71.294
7284.3 71.424
7416.87 71.629
7551.85 71.91
7689.29 72.257
7829.23 72.652
7971.72 73.065
8116.8 73.454
8264.53 73.775
8414.94 73.982
8568.09 74.045
8724.02 73.952
8882.79 73.72
9044.46 73.392
9209.06 73.026
9376.66 72.688
9547.31 72.438
9721.07 72.319
9897.99 72.349
10078.13 72.518
10261.55 72.785
10448.3 73.085
10638.45 73.338
10832.07 73.461
11029.21 73.394
11229.94 73.113
11434.32 72.642
11642.41 72.022
11854.3 71.301
12070.04 70.523
12289.71 69.734
12513.38 68.98
12741.12 68.307
12973 67.751
13209.1 67.334
13449.5 67.06
13694.28 66.902
13943.51 66.805
14197.27 66.681
14455.66 66.424
14718.74 65.929
14986.62 65.126
15259.37 64.004
15537.08 62.617
15819.85 61.078
16107.76 59.554
16400.92 58.257
16699.41 57.404
17003.33 57.13
17312.78 57.42
17627.86 58.099
17948.68 58.922
18275.34 59.662
18607.94 60.163
18946.6 60.361
19291.42 60.303
19642.52 60.113
20000 59.917