20 84.32
20.36 84.373
20.73 84.424
21.11 84.474
21.5 84.523
21.89 84.57
22.29 84.616
22.69 84.66
23.1 84.702
23.52 84.743
23.95 84.781
24.39 84.818
24.83 84.853
25.28 84.887
25.74 84.918
26.21 84.947
26.69 84.974
27.18 84.999
27.67 85.022
28.17 85.043
28.69 85.062
29.21 85.079
29.74 85.094
30.28 85.108
30.83 85.12
31.39 85.131
31.97 85.14
32.55 85.148
33.14 85.155
33.74 85.161
34.36 85.166
34.98 85.17
35.62 85.173
36.27 85.175
36.93 85.177
37.6 85.177
38.28 85.178
38.98 85.178
39.69 85.179
40.41 85.178
41.15 85.178
41.9 85.177
42.66 85.176
43.44 85.174
44.23 85.173
45.03 85.171
45.85 85.169
46.68 85.165
47.53 85.162
48.4 85.158
49.28 85.154
50.18 85.15
51.09 85.144
52.02 85.138
52.97 85.132
53.93 85.125
54.91 85.118
55.91 85.109
56.93 85.1
57.97 85.091
59.02 85.081
60.09 85.07
61.19 85.059
62.3 85.047
63.44 85.035
64.59 85.022
65.77 85.008
66.96 84.994
68.18 84.979
69.42 84.963
70.69 84.947
71.97 84.931
73.28 84.914
74.62 84.896
75.97 84.878
77.36 84.859
78.76 84.84
80.2 84.82
81.66 84.8
83.14 84.78
84.66 84.759
86.2 84.737
87.77 84.715
89.36 84.692
90.99 84.668
92.65 84.644
94.33 84.62
96.05 84.594
97.8 84.568
99.58 84.542
101.39 84.515
103.23 84.488
105.11 84.46
107.03 84.431
108.97 84.402
110.96 84.373
112.98 84.344
115.03 84.314
117.13 84.285
119.26 84.256
121.43 84.226
123.64 84.197
125.89 84.168
128.18 84.139
130.51 84.111
132.89 84.082
135.31 84.054
137.77 84.024
140.28 83.993
142.83 83.961
145.43 83.927
148.07 83.891
150.77 83.852
153.51 83.812
156.31 83.768
159.15 83.723
162.05 83.675
165 83.625
168 83.573
171.06 83.52
174.17 83.466
177.34 83.41
180.57 83.354
183.86 83.297
187.2 83.238
190.61 83.179
194.08 83.119
197.61 83.057
201.21 82.995
204.87 82.931
208.6 82.867
212.39 82.801
216.26 82.735
220.19 82.669
224.2 82.602
228.28 82.535
232.44 82.467
236.67 82.398
240.97 82.328
245.36 82.257
249.82 82.184
254.37 82.111
259 82.036
263.71 81.96
268.51 81.883
273.4 81.804
278.38 81.724
283.44 81.643
288.6 81.56
293.85 81.477
299.2 81.391
304.65 81.304
310.19 81.215
315.84 81.125
321.59 81.034
327.44 80.941
333.4 80.848
339.47 80.754
345.64 80.66
351.93 80.565
358.34 80.469
364.86 80.372
371.5 80.273
378.26 80.173
385.15 80.071
392.16 79.968
399.29 79.863
406.56 79.758
413.96 79.651
421.49 79.543
429.16 79.433
436.97 79.32
444.93 79.205
453.02 79.087
461.27 78.969
469.66 78.851
478.21 78.733
486.91 78.617
495.78 78.502
504.8 78.388
513.99 78.276
523.34 78.166
532.87 78.056
542.56 77.947
552.44 77.837
562.49 77.727
572.73 77.615
583.15 77.501
593.77 77.386
604.57 77.27
615.57 77.154
626.78 77.037
638.18 76.92
649.8 76.804
661.63 76.69
673.67 76.578
685.93 76.468
698.41 76.36
711.12 76.254
724.06 76.149
737.24 76.045
750.66 75.943
764.32 75.843
778.23 75.745
792.39 75.65
806.82 75.559
821.5 75.472
836.45 75.39
851.67 75.313
867.17 75.245
882.96 75.184
899.02 75.13
915.39 75.085
932.05 75.048
949.01 75.02
966.28 75.003
983.87 74.996
1001.77 75
1020 75.015
1038.57 75.038
1057.47 75.069
1076.71 75.106
1096.31 75.147
1116.26 75.193
1136.58 75.24
1157.26 75.288
1178.32 75.333
1199.77 75.374
1221.6 75.408
1243.84 75.434
1266.47 75.45
1289.52 75.457
1312.99 75.455
1336.89 75.447
1361.22 75.435
1385.99 75.421
1411.22 75.408
1436.9 75.399
1463.05 75.394
1489.68 75.397
1516.79 75.407
1544.4 75.427
1572.5 75.454
1601.12 75.487
1630.26 75.523
1659.93 75.557
1690.14 75.583
1720.9 75.596
1752.22 75.591
1784.11 75.569
1816.58 75.53
1849.64 75.476
1883.3 75.413
1917.58 75.349
1952.48 75.289
1988.01 75.24
2024.19 75.21
2061.03 75.2
2098.54 75.211
2136.73 75.239
2175.62 75.275
2215.22 75.312
2255.53 75.338
2296.58 75.347
2338.38 75.336
2380.94 75.307
2424.27 75.267
2468.39 75.225
2513.31 75.192
2559.05 75.172
2605.63 75.169
2653.05 75.18
2701.33 75.205
2750.5 75.242
2800.55 75.286
2851.52 75.328
2903.42 75.361
2956.26 75.382
3010.06 75.393
3064.85 75.397
3120.62 75.4
3177.42 75.403
3235.25 75.408
3294.13 75.416
3354.08 75.428
3415.12 75.443
3477.27 75.462
3540.56 75.485
3605 75.51
3670.6 75.536
3737.41 75.563
3805.43 75.592
3874.68 75.627
3945.2 75.671
4017 75.726
4090.11 75.792
4164.55 75.865
4240.34 75.946
4317.51 76.034
4396.09 76.126
4476.1 76.217
4557.56 76.305
4640.5 76.394
4724.96 76.496
4810.95 76.618
4898.51 76.754
4987.66 76.908
5078.43 77.094
5170.86 77.331
5264.97 77.618
5360.79 77.936
5458.35 78.256
5557.69 78.55
5658.84 78.797
5761.82 78.982
5866.69 79.1
5973.46 79.154
6082.17 79.154
6192.87 79.12
6305.57 79.073
6420.33 79.038
6537.18 79.03
6656.15 79.059
6777.29 79.132
6900.63 79.25
7026.22 79.414
7154.1 79.621
7284.3 79.866
7416.87 80.133
7551.85 80.403
7689.29 80.651
7829.23 80.855
7971.72 80.992
8116.8 81.031
8264.53 80.945
8414.94 80.717
8568.09 80.351
8724.02 79.867
8882.79 79.297
9044.46 78.682
9209.06 78.055
9376.66 77.441
9547.31 76.855
9721.07 76.305
9897.99 75.797
10078.13 75.328
10261.55 74.869
10448.3 74.372
10638.45 73.794
10832.07 73.127
11029.21 72.391
11229.94 71.629
11434.32 70.879
11642.41 70.155
11854.3 69.458
12070.04 68.789
12289.71 68.158
12513.38 67.59
12741.12 67.101
12973 66.702
13209.1 66.392
13449.5 66.162
13694.28 65.986
13943.51 65.826
14197.27 65.632
14455.66 65.359
14718.74 64.992
14986.62 64.558
15259.37 64.135
15537.08 63.839
15819.85 63.788
16107.76 64.058
16400.92 64.653
16699.41 65.492
17003.33 66.429
17312.78 67.288
17627.86 67.897
17948.68 68.132
18275.34 67.952
18607.94 67.396
18946.6 66.566
19291.42 65.581
19642.52 64.542
20000 63.505