20 84.625
20.36 84.64
20.73 84.655
21.11 84.671
21.5 84.686
21.89 84.701
22.29 84.716
22.69 84.73
23.1 84.744
23.52 84.758
23.95 84.77
24.39 84.783
24.83 84.794
25.28 84.805
25.74 84.815
26.21 84.824
26.69 84.832
27.18 84.839
27.67 84.845
28.17 84.851
28.69 84.854
29.21 84.857
29.74 84.857
30.28 84.856
30.83 84.855
31.39 84.851
31.97 84.846
32.55 84.839
33.14 84.83
33.74 84.819
34.36 84.807
34.98 84.792
35.62 84.776
36.27 84.759
36.93 84.739
37.6 84.718
38.28 84.695
38.98 84.671
39.69 84.645
40.41 84.617
41.15 84.588
41.9 84.558
42.66 84.525
43.44 84.492
44.23 84.457
45.03 84.421
45.85 84.383
46.68 84.344
47.53 84.304
48.4 84.262
49.28 84.219
50.18 84.176
51.09 84.13
52.02 84.084
52.97 84.036
53.93 83.987
54.91 83.937
55.91 83.885
56.93 83.833
57.97 83.778
59.02 83.724
60.09 83.667
61.19 83.61
62.3 83.552
63.44 83.492
64.59 83.432
65.77 83.371
66.96 83.308
68.18 83.245
69.42 83.181
70.69 83.117
71.97 83.051
73.28 82.985
74.62 82.919
75.97 82.851
77.36 82.782
78.76 82.712
80.2 82.642
81.66 82.571
83.14 82.498
84.66 82.424
86.2 82.349
87.77 82.273
89.36 82.197
90.99 82.118
92.65 82.039
94.33 81.957
96.05 81.876
97.8 81.792
99.58 81.707
101.39 81.622
103.23 81.535
105.11 81.449
107.03 81.362
108.97 81.275
110.96 81.189
112.98 81.103
115.03 81.017
117.13 80.932
119.26 80.846
121.43 80.76
123.64 80.674
125.89 80.586
128.18 80.498
130.51 80.41
132.89 80.321
135.31 80.232
137.77 80.142
140.28 80.052
142.83 79.962
145.43 79.872
148.07 79.782
150.77 79.692
153.51 79.602
156.31 79.512
159.15 79.424
162.05 79.336
165 79.248
168 79.161
171.06 79.075
174.17 78.988
177.34 78.902
180.57 78.815
183.86 78.729
187.2 78.642
190.61 78.555
194.08 78.468
197.61 78.381
201.21 78.295
204.87 78.209
208.6 78.125
212.39 78.041
216.26 77.958
220.19 77.876
224.2 77.797
228.28 77.717
232.44 77.641
236.67 77.564
240.97 77.488
245.36 77.412
249.82 77.335
254.37 77.259
259 77.182
263.71 77.106
268.51 77.031
273.4 76.956
278.38 76.883
283.44 76.812
288.6 76.742
293.85 76.674
299.2 76.607
304.65 76.543
310.19 76.478
315.84 76.416
321.59 76.354
327.44 76.293
333.4 76.233
339.47 76.173
345.64 76.115
351.93 76.057
358.34 75.999
364.86 75.942
371.5 75.886
378.26 75.83
385.15 75.775
392.16 75.72
399.29 75.667
406.56 75.614
413.96 75.563
421.49 75.513
429.16 75.463
436.97 75.415
444.93 75.367
453.02 75.32
461.27 75.274
469.66 75.229
478.21 75.185
486.91 75.142
495.78 75.101
504.8 75.061
513.99 75.022
523.34 74.983
532.87 74.945
542.56 74.907
552.44 74.871
562.49 74.835
572.73 74.8
583.15 74.766
593.77 74.734
604.57 74.703
615.57 74.673
626.78 74.644
638.18 74.617
649.8 74.591
661.63 74.567
673.67 74.546
685.93 74.526
698.41 74.509
711.12 74.494
724.06 74.482
737.24 74.474
750.66 74.47
764.32 74.47
778.23 74.475
792.39 74.485
806.82 74.5
821.5 74.52
836.45 74.544
851.67 74.57
867.17 74.598
882.96 74.628
899.02 74.659
915.39 74.695
932.05 74.737
949.01 74.787
966.28 74.849
983.87 74.922
1001.77 75.008
1020 75.105
1038.57 75.21
1057.47 75.317
1076.71 75.424
1096.31 75.53
1116.26 75.634
1136.58 75.733
1157.26 75.826
1178.32 75.915
1199.77 75.997
1221.6 76.074
1243.84 76.143
1266.47 76.207
1289.52 76.265
1312.99 76.316
1336.89 76.36
1361.22 76.4
1385.99 76.432
1411.22 76.462
1436.9 76.485
1463.05 76.505
1489.68 76.52
1516.79 76.532
1544.4 76.54
1572.5 76.543
1601.12 76.544
1630.26 76.542
1659.93 76.537
1690.14 76.531
1720.9 76.522
1752.22 76.511
1784.11 76.499
1816.58 76.485
1849.64 76.471
1883.3 76.455
1917.58 76.439
1952.48 76.422
1988.01 76.405
2024.19 76.388
2061.03 76.371
2098.54 76.356
2136.73 76.34
2175.62 76.327
2215.22 76.314
2255.53 76.302
2296.58 76.293
2338.38 76.285
2380.94 76.28
2424.27 76.277
2468.39 76.276
2513.31 76.279
2559.05 76.285
2605.63 76.295
2653.05 76.308
2701.33 76.324
2750.5 76.344
2800.55 76.368
2851.52 76.396
2903.42 76.426
2956.26 76.459
3010.06 76.496
3064.85 76.535
3120.62 76.578
3177.42 76.621
3235.25 76.666
3294.13 76.712
3354.08 76.757
3415.12 76.8
3477.27 76.841
3540.56 76.877
3605 76.906
3670.6 76.927
3737.41 76.939
3805.43 76.939
3874.68 76.927
3945.2 76.899
4017 76.855
4090.11 76.793
4164.55 76.713
4240.34 76.612
4317.51 76.493
4396.09 76.355
4476.1 76.199
4557.56 76.024
4640.5 75.831
4724.96 75.62
4810.95 75.388
4898.51 75.134
4987.66 74.856
5078.43 74.557
5170.86 74.245
5264.97 73.936
5360.79 73.658
5458.35 73.443
5557.69 73.314
5658.84 73.286
5761.82 73.362
5866.69 73.512
5973.46 73.694
6082.17 73.87
6192.87 74.02
6305.57 74.136
6420.33 74.218
6537.18 74.27
6656.15 74.295
6777.29 74.299
6900.63 74.289
7026.22 74.272
7154.1 74.256
7284.3 74.249
7416.87 74.261
7551.85 74.306
7689.29 74.393
7829.23 74.536
7971.72 74.744
8116.8 75.022
8264.53 75.367
8414.94 75.771
8568.09 76.214
8724.02 76.662
8882.79 77.071
9044.46 77.393
9209.06 77.577
9376.66 77.585
9547.31 77.398
9721.07 77.026
9897.99 76.503
10078.13 75.879
10261.55 75.21
10448.3 74.545
10638.45 73.919
10832.07 73.355
11029.21 72.864
11229.94 72.448
11434.32 72.101
11642.41 71.805
11854.3 71.534
12070.04 71.245
12289.71 70.879
12513.38 70.38
12741.12 69.709
12973 68.857
13209.1 67.86
13449.5 66.779
13694.28 65.661
13943.51 64.517
14197.27 63.327
14455.66 62.056
14718.74 60.668
14986.62 59.131
15259.37 57.424
15537.08 55.559
15819.85 53.59
16107.76 51.632
16400.92 49.838
16699.41 48.362
17003.33 47.31
17312.78 46.703
17627.86 46.484
17948.68 46.531
18275.34 46.676
18607.94 46.756
18946.6 46.685
19291.42 46.481
19642.52 46.218
20000 45.951