20 83.403
20.36 83.416
20.73 83.429
21.11 83.441
21.5 83.454
21.89 83.466
22.29 83.479
22.69 83.491
23.1 83.502
23.52 83.513
23.95 83.523
24.39 83.533
24.83 83.542
25.28 83.55
25.74 83.558
26.21 83.564
26.69 83.57
27.18 83.575
27.67 83.578
28.17 83.581
28.69 83.582
29.21 83.582
29.74 83.58
30.28 83.577
30.83 83.572
31.39 83.566
31.97 83.558
32.55 83.549
33.14 83.538
33.74 83.524
34.36 83.509
34.98 83.492
35.62 83.473
36.27 83.452
36.93 83.429
37.6 83.405
38.28 83.378
38.98 83.349
39.69 83.318
40.41 83.285
41.15 83.25
41.9 83.212
42.66 83.172
43.44 83.131
44.23 83.087
45.03 83.041
45.85 82.992
46.68 82.941
47.53 82.888
48.4 82.834
49.28 82.777
50.18 82.719
51.09 82.66
52.02 82.6
52.97 82.539
53.93 82.477
54.91 82.415
55.91 82.353
56.93 82.291
57.97 82.23
59.02 82.169
60.09 82.109
61.19 82.05
62.3 81.99
63.44 81.931
64.59 81.873
65.77 81.815
66.96 81.756
68.18 81.697
69.42 81.638
70.69 81.578
71.97 81.517
73.28 81.456
74.62 81.394
75.97 81.331
77.36 81.266
78.76 81.201
80.2 81.134
81.66 81.065
83.14 80.995
84.66 80.923
86.2 80.849
87.77 80.774
89.36 80.696
90.99 80.618
92.65 80.539
94.33 80.459
96.05 80.378
97.8 80.297
99.58 80.216
101.39 80.135
103.23 80.055
105.11 79.976
107.03 79.896
108.97 79.818
110.96 79.741
112.98 79.666
115.03 79.591
117.13 79.517
119.26 79.444
121.43 79.371
123.64 79.3
125.89 79.228
128.18 79.157
130.51 79.087
132.89 79.016
135.31 78.946
137.77 78.876
140.28 78.805
142.83 78.735
145.43 78.664
148.07 78.593
150.77 78.52
153.51 78.447
156.31 78.374
159.15 78.301
162.05 78.229
165 78.156
168 78.084
171.06 78.012
174.17 77.94
177.34 77.868
180.57 77.795
183.86 77.722
187.2 77.651
190.61 77.579
194.08 77.508
197.61 77.439
201.21 77.37
204.87 77.302
208.6 77.236
212.39 77.17
216.26 77.106
220.19 77.043
224.2 76.981
228.28 76.919
232.44 76.858
236.67 76.798
240.97 76.741
245.36 76.686
249.82 76.631
254.37 76.576
259 76.519
263.71 76.461
268.51 76.399
273.4 76.334
278.38 76.268
283.44 76.2
288.6 76.132
293.85 76.067
299.2 76.005
304.65 75.948
310.19 75.898
315.84 75.853
321.59 75.813
327.44 75.776
333.4 75.741
339.47 75.706
345.64 75.668
351.93 75.627
358.34 75.581
364.86 75.529
371.5 75.472
378.26 75.412
385.15 75.353
392.16 75.297
399.29 75.245
406.56 75.196
413.96 75.149
421.49 75.103
429.16 75.058
436.97 75.013
444.93 74.969
453.02 74.925
461.27 74.882
469.66 74.839
478.21 74.798
486.91 74.757
495.78 74.717
504.8 74.678
513.99 74.64
523.34 74.602
532.87 74.565
542.56 74.528
552.44 74.492
562.49 74.456
572.73 74.422
583.15 74.389
593.77 74.357
604.57 74.326
615.57 74.297
626.78 74.27
638.18 74.244
649.8 74.22
661.63 74.198
673.67 74.178
685.93 74.162
698.41 74.148
711.12 74.138
724.06 74.131
737.24 74.128
750.66 74.13
764.32 74.135
778.23 74.147
792.39 74.164
806.82 74.187
821.5 74.217
836.45 74.254
851.67 74.297
867.17 74.347
882.96 74.404
899.02 74.469
915.39 74.542
932.05 74.622
949.01 74.71
966.28 74.804
983.87 74.904
1001.77 75.01
1020 75.121
1038.57 75.236
1057.47 75.352
1076.71 75.472
1096.31 75.592
1116.26 75.712
1136.58 75.831
1157.26 75.947
1178.32 76.06
1199.77 76.171
1221.6 76.276
1243.84 76.378
1266.47 76.476
1289.52 76.572
1312.99 76.663
1336.89 76.751
1361.22 76.837
1385.99 76.922
1411.22 77.008
1436.9 77.096
1463.05 77.185
1489.68 77.278
1516.79 77.374
1544.4 77.473
1572.5 77.575
1601.12 77.68
1630.26 77.789
1659.93 77.902
1690.14 78.019
1720.9 78.142
1752.22 78.271
1784.11 78.405
1816.58 78.546
1849.64 78.693
1883.3 78.846
1917.58 79.004
1952.48 79.169
1988.01 79.341
2024.19 79.52
2061.03 79.708
2098.54 79.903
2136.73 80.105
2175.62 80.313
2215.22 80.528
2255.53 80.748
2296.58 80.974
2338.38 81.205
2380.94 81.441
2424.27 81.68
2468.39 81.922
2513.31 82.164
2559.05 82.405
2605.63 82.642
2653.05 82.873
2701.33 83.095
2750.5 83.306
2800.55 83.505
2851.52 83.686
2903.42 83.847
2956.26 83.988
3010.06 84.106
3064.85 84.201
3120.62 84.272
3177.42 84.32
3235.25 84.346
3294.13 84.35
3354.08 84.338
3415.12 84.31
3477.27 84.272
3540.56 84.225
3605 84.171
3670.6 84.112
3737.41 84.049
3805.43 83.98
3874.68 83.908
3945.2 83.833
4017 83.755
4090.11 83.674
4164.55 83.592
4240.34 83.508
4317.51 83.422
4396.09 83.337
4476.1 83.252
4557.56 83.169
4640.5 83.09
4724.96 83.016
4810.95 82.949
4898.51 82.89
4987.66 82.84
5078.43 82.799
5170.86 82.767
5264.97 82.743
5360.79 82.724
5458.35 82.71
5557.69 82.699
5658.84 82.686
5761.82 82.67
5866.69 82.646
5973.46 82.612
6082.17 82.565
6192.87 82.504
6305.57 82.431
6420.33 82.341
6537.18 82.23
6656.15 82.095
6777.29 81.933
6900.63 81.747
7026.22 81.544
7154.1 81.333
7284.3 81.124
7416.87 80.931
7551.85 80.762
7689.29 80.622
7829.23 80.511
7971.72 80.426
8116.8 80.361
8264.53 80.309
8414.94 80.257
8568.09 80.191
8724.02 80.101
8882.79 79.976
9044.46 79.812
9209.06 79.613
9376.66 79.388
9547.31 79.153
9721.07 78.932
9897.99 78.746
10078.13 78.613
10261.55 78.545
10448.3 78.546
10638.45 78.605
10832.07 78.701
11029.21 78.799
11229.94 78.854
11434.32 78.819
11642.41 78.647
11854.3 78.313
12070.04 77.808
12289.71 77.151
12513.38 76.376
12741.12 75.524
12973 74.635
13209.1 73.741
13449.5 72.868
13694.28 72.031
13943.51 71.236
14197.27 70.484
14455.66 69.773
14718.74 69.102
14986.62 68.471
15259.37 67.892
15537.08 67.379
15819.85 66.95
16107.76 66.611
16400.92 66.355
16699.41 66.157
17003.33 65.971
17312.78 65.741
17627.86 65.398
17948.68 64.874
18275.34 64.116
18607.94 63.114
18946.6 61.923
19291.42 60.628
19642.52 59.3
20000 57.971