20 81.808
20.36 81.864
20.73 81.92
21.11 81.977
21.5 82.032
21.89 82.088
22.29 82.144
22.69 82.199
23.1 82.253
23.52 82.307
23.95 82.36
24.39 82.412
24.83 82.464
25.28 82.514
25.74 82.563
26.21 82.611
26.69 82.658
27.18 82.704
27.67 82.748
28.17 82.79
28.69 82.832
29.21 82.871
29.74 82.908
30.28 82.943
30.83 82.977
31.39 83.009
31.97 83.038
32.55 83.064
33.14 83.089
33.74 83.111
34.36 83.131
34.98 83.148
35.62 83.164
36.27 83.177
36.93 83.187
37.6 83.195
38.28 83.201
38.98 83.205
39.69 83.207
40.41 83.206
41.15 83.203
41.9 83.199
42.66 83.192
43.44 83.183
44.23 83.172
45.03 83.159
45.85 83.144
46.68 83.128
47.53 83.109
48.4 83.088
49.28 83.066
50.18 83.042
51.09 83.016
52.02 82.989
52.97 82.96
53.93 82.929
54.91 82.897
55.91 82.864
56.93 82.829
57.97 82.792
59.02 82.755
60.09 82.716
61.19 82.676
62.3 82.635
63.44 82.593
64.59 82.549
65.77 82.504
66.96 82.458
68.18 82.411
69.42 82.363
70.69 82.314
71.97 82.264
73.28 82.213
74.62 82.161
75.97 82.108
77.36 82.053
78.76 81.997
80.2 81.94
81.66 81.881
83.14 81.82
84.66 81.758
86.2 81.694
87.77 81.628
89.36 81.56
90.99 81.491
92.65 81.421
94.33 81.349
96.05 81.276
97.8 81.201
99.58 81.126
101.39 81.049
103.23 80.972
105.11 80.893
107.03 80.814
108.97 80.735
110.96 80.655
112.98 80.574
115.03 80.494
117.13 80.412
119.26 80.329
121.43 80.245
123.64 80.16
125.89 80.073
128.18 79.986
130.51 79.897
132.89 79.808
135.31 79.718
137.77 79.629
140.28 79.541
142.83 79.455
145.43 79.373
148.07 79.296
150.77 79.225
153.51 79.161
156.31 79.099
159.15 79.04
162.05 78.98
165 78.917
168 78.852
171.06 78.783
174.17 78.711
177.34 78.634
180.57 78.553
183.86 78.468
187.2 78.381
190.61 78.291
194.08 78.2
197.61 78.109
201.21 78.016
204.87 77.925
208.6 77.833
212.39 77.743
216.26 77.653
220.19 77.566
224.2 77.479
228.28 77.396
232.44 77.313
236.67 77.232
240.97 77.152
245.36 77.073
249.82 76.994
254.37 76.916
259 76.839
263.71 76.766
268.51 76.695
273.4 76.628
278.38 76.564
283.44 76.503
288.6 76.444
293.85 76.384
299.2 76.323
304.65 76.262
310.19 76.199
315.84 76.135
321.59 76.07
327.44 76.005
333.4 75.941
339.47 75.876
345.64 75.812
351.93 75.749
358.34 75.687
364.86 75.625
371.5 75.565
378.26 75.506
385.15 75.448
392.16 75.391
399.29 75.336
406.56 75.282
413.96 75.23
421.49 75.18
429.16 75.131
436.97 75.082
444.93 75.035
453.02 74.989
461.27 74.943
469.66 74.899
478.21 74.857
486.91 74.816
495.78 74.777
504.8 74.74
513.99 74.706
523.34 74.672
532.87 74.641
542.56 74.611
552.44 74.582
562.49 74.555
572.73 74.53
583.15 74.506
593.77 74.485
604.57 74.466
615.57 74.447
626.78 74.431
638.18 74.418
649.8 74.405
661.63 74.395
673.67 74.388
685.93 74.383
698.41 74.38
711.12 74.381
724.06 74.386
737.24 74.396
750.66 74.412
764.32 74.434
778.23 74.465
792.39 74.504
806.82 74.552
821.5 74.607
836.45 74.666
851.67 74.727
867.17 74.782
882.96 74.825
899.02 74.848
915.39 74.849
932.05 74.833
949.01 74.823
966.28 74.845
983.87 74.908
1001.77 75.01
1020 75.138
1038.57 75.281
1057.47 75.43
1076.71 75.579
1096.31 75.723
1116.26 75.86
1136.58 75.989
1157.26 76.107
1178.32 76.216
1199.77 76.318
1221.6 76.416
1243.84 76.51
1266.47 76.602
1289.52 76.691
1312.99 76.777
1336.89 76.858
1361.22 76.936
1385.99 77.01
1411.22 77.083
1436.9 77.154
1463.05 77.224
1489.68 77.294
1516.79 77.362
1544.4 77.431
1572.5 77.5
1601.12 77.567
1630.26 77.636
1659.93 77.705
1690.14 77.775
1720.9 77.848
1752.22 77.922
1784.11 77.999
1816.58 78.08
1849.64 78.164
1883.3 78.252
1917.58 78.344
1952.48 78.441
1988.01 78.542
2024.19 78.647
2061.03 78.755
2098.54 78.865
2136.73 78.976
2175.62 79.084
2215.22 79.19
2255.53 79.292
2296.58 79.389
2338.38 79.483
2380.94 79.572
2424.27 79.658
2468.39 79.742
2513.31 79.825
2559.05 79.906
2605.63 79.985
2653.05 80.063
2701.33 80.139
2750.5 80.214
2800.55 80.287
2851.52 80.356
2903.42 80.423
2956.26 80.486
3010.06 80.544
3064.85 80.599
3120.62 80.65
3177.42 80.697
3235.25 80.742
3294.13 80.783
3354.08 80.822
3415.12 80.857
3477.27 80.886
3540.56 80.905
3605 80.909
3670.6 80.894
3737.41 80.855
3805.43 80.79
3874.68 80.697
3945.2 80.578
4017 80.434
4090.11 80.267
4164.55 80.081
4240.34 79.879
4317.51 79.664
4396.09 79.44
4476.1 79.21
4557.56 78.974
4640.5 78.737
4724.96 78.497
4810.95 78.257
4898.51 78.019
4987.66 77.782
5078.43 77.548
5170.86 77.318
5264.97 77.091
5360.79 76.865
5458.35 76.641
5557.69 76.419
5658.84 76.198
5761.82 75.982
5866.69 75.778
5973.46 75.596
6082.17 75.455
6192.87 75.373
6305.57 75.364
6420.33 75.421
6537.18 75.52
6656.15 75.649
6777.29 75.807
6900.63 76.007
7026.22 76.263
7154.1 76.588
7284.3 76.986
7416.87 77.453
7551.85 77.964
7689.29 78.482
7829.23 78.948
7971.72 79.294
8116.8 79.446
8264.53 79.34
8414.94 78.939
8568.09 78.246
8724.02 77.301
8882.79 76.177
9044.46 74.954
9209.06 73.709
9376.66 72.504
9547.31 71.379
9721.07 70.358
9897.99 69.449
10078.13 68.653
10261.55 67.967
10448.3 67.383
10638.45 66.898
10832.07 66.51
11029.21 66.22
11229.94 66.031
11434.32 65.948
11642.41 65.976
11854.3 66.126
12070.04 66.405
12289.71 66.823
12513.38 67.386
12741.12 68.09
12973 68.914
13209.1 69.809
13449.5 70.702
13694.28 71.496
13943.51 72.091
14197.27 72.419
14455.66 72.478
14718.74 72.328
14986.62 72.067
15259.37 71.786
15537.08 71.534
15819.85 71.302
16107.76 71.024
16400.92 70.59
16699.41 69.883
17003.33 68.83
17312.78 67.422
17627.86 65.725
17948.68 63.857
18275.34 61.964
18607.94 60.19
18946.6 58.626
19291.42 57.244
19642.52 55.941
20000 54.642