20 74.24
20.36 74.36
20.73 74.479
21.11 74.596
21.5 74.713
21.89 74.829
22.29 74.943
22.69 75.056
23.1 75.167
23.52 75.276
23.95 75.384
24.39 75.489
24.83 75.593
25.28 75.694
25.74 75.793
26.21 75.889
26.69 75.983
27.18 76.074
27.67 76.163
28.17 76.249
28.69 76.332
29.21 76.412
29.74 76.491
30.28 76.566
30.83 76.64
31.39 76.711
31.97 76.78
32.55 76.847
33.14 76.912
33.74 76.975
34.36 77.035
34.98 77.094
35.62 77.151
36.27 77.206
36.93 77.26
37.6 77.312
38.28 77.362
38.98 77.411
39.69 77.458
40.41 77.504
41.15 77.549
41.9 77.592
42.66 77.633
43.44 77.673
44.23 77.712
45.03 77.749
45.85 77.785
46.68 77.819
47.53 77.852
48.4 77.883
49.28 77.913
50.18 77.941
51.09 77.968
52.02 77.993
52.97 78.016
53.93 78.038
54.91 78.059
55.91 78.078
56.93 78.095
57.97 78.11
59.02 78.123
60.09 78.135
61.19 78.145
62.3 78.153
63.44 78.16
64.59 78.164
65.77 78.167
66.96 78.167
68.18 78.165
69.42 78.162
70.69 78.157
71.97 78.15
73.28 78.142
74.62 78.132
75.97 78.12
77.36 78.108
78.76 78.093
80.2 78.078
81.66 78.061
83.14 78.042
84.66 78.023
86.2 78.002
87.77 77.979
89.36 77.955
90.99 77.93
92.65 77.903
94.33 77.875
96.05 77.846
97.8 77.815
99.58 77.783
101.39 77.749
103.23 77.714
105.11 77.678
107.03 77.641
108.97 77.603
110.96 77.564
112.98 77.525
115.03 77.485
117.13 77.444
119.26 77.403
121.43 77.362
123.64 77.321
125.89 77.28
128.18 77.239
130.51 77.198
132.89 77.156
135.31 77.115
137.77 77.073
140.28 77.029
142.83 76.984
145.43 76.937
148.07 76.888
150.77 76.836
153.51 76.782
156.31 76.727
159.15 76.669
162.05 76.61
165 76.549
168 76.488
171.06 76.425
174.17 76.362
177.34 76.298
180.57 76.234
183.86 76.17
187.2 76.106
190.61 76.041
194.08 75.977
197.61 75.912
201.21 75.846
204.87 75.781
208.6 75.716
212.39 75.65
216.26 75.585
220.19 75.522
224.2 75.459
228.28 75.396
232.44 75.335
236.67 75.273
240.97 75.213
245.36 75.152
249.82 75.092
254.37 75.032
259 74.973
263.71 74.914
268.51 74.855
273.4 74.797
278.38 74.739
283.44 74.681
288.6 74.625
293.85 74.569
299.2 74.515
304.65 74.46
310.19 74.405
315.84 74.352
321.59 74.299
327.44 74.247
333.4 74.196
339.47 74.146
345.64 74.097
351.93 74.048
358.34 73.999
364.86 73.951
371.5 73.904
378.26 73.856
385.15 73.809
392.16 73.763
399.29 73.718
406.56 73.674
413.96 73.631
421.49 73.589
429.16 73.547
436.97 73.506
444.93 73.467
453.02 73.428
461.27 73.39
469.66 73.354
478.21 73.319
486.91 73.287
495.78 73.256
504.8 73.228
513.99 73.202
523.34 73.178
532.87 73.155
542.56 73.135
552.44 73.117
562.49 73.1
572.73 73.085
583.15 73.072
593.77 73.061
604.57 73.052
615.57 73.045
626.78 73.041
638.18 73.041
649.8 73.044
661.63 73.05
673.67 73.061
685.93 73.075
698.41 73.094
711.12 73.117
724.06 73.145
737.24 73.177
750.66 73.213
764.32 73.253
778.23 73.296
792.39 73.343
806.82 73.393
821.5 73.452
836.45 73.523
851.67 73.613
867.17 73.728
882.96 73.868
899.02 74.025
915.39 74.189
932.05 74.353
949.01 74.516
966.28 74.68
983.87 74.846
1001.77 75.017
1020 75.192
1038.57 75.373
1057.47 75.558
1076.71 75.747
1096.31 75.939
1116.26 76.133
1136.58 76.328
1157.26 76.521
1178.32 76.709
1199.77 76.89
1221.6 77.063
1243.84 77.228
1266.47 77.383
1289.52 77.529
1312.99 77.666
1336.89 77.797
1361.22 77.925
1385.99 78.05
1411.22 78.176
1436.9 78.301
1463.05 78.43
1489.68 78.563
1516.79 78.702
1544.4 78.849
1572.5 79.005
1601.12 79.174
1630.26 79.353
1659.93 79.544
1690.14 79.745
1720.9 79.953
1752.22 80.167
1784.11 80.385
1816.58 80.607
1849.64 80.83
1883.3 81.054
1917.58 81.273
1952.48 81.486
1988.01 81.689
2024.19 81.882
2061.03 82.06
2098.54 82.222
2136.73 82.365
2175.62 82.488
2215.22 82.588
2255.53 82.664
2296.58 82.713
2338.38 82.736
2380.94 82.73
2424.27 82.696
2468.39 82.635
2513.31 82.547
2559.05 82.435
2605.63 82.301
2653.05 82.149
2701.33 81.982
2750.5 81.804
2800.55 81.617
2851.52 81.426
2903.42 81.234
2956.26 81.044
3010.06 80.86
3064.85 80.683
3120.62 80.516
3177.42 80.359
3235.25 80.213
3294.13 80.079
3354.08 79.959
3415.12 79.854
3477.27 79.765
3540.56 79.693
3605 79.64
3670.6 79.606
3737.41 79.591
3805.43 79.598
3874.68 79.627
3945.2 79.677
4017 79.752
4090.11 79.85
4164.55 79.973
4240.34 80.122
4317.51 80.295
4396.09 80.494
4476.1 80.716
4557.56 80.96
4640.5 81.22
4724.96 81.489
4810.95 81.754
4898.51 82.001
4987.66 82.214
5078.43 82.378
5170.86 82.477
5264.97 82.497
5360.79 82.427
5458.35 82.261
5557.69 81.998
5658.84 81.643
5761.82 81.205
5866.69 80.699
5973.46 80.146
6082.17 79.565
6192.87 78.979
6305.57 78.407
6420.33 77.864
6537.18 77.363
6656.15 76.911
6777.29 76.515
6900.63 76.178
7026.22 75.906
7154.1 75.704
7284.3 75.576
7416.87 75.531
7551.85 75.572
7689.29 75.707
7829.23 75.936
7971.72 76.259
8116.8 76.664
8264.53 77.133
8414.94 77.631
8568.09 78.104
8724.02 78.48
8882.79 78.678
9044.46 78.624
9209.06 78.265
9376.66 77.595
9547.31 76.651
9721.07 75.51
9897.99 74.267
10078.13 73.015
10261.55 71.835
10448.3 70.787
10638.45 69.913
10832.07 69.236
11029.21 68.772
11229.94 68.528
11434.32 68.501
11642.41 68.68
11854.3 69.036
12070.04 69.514
12289.71 70.033
12513.38 70.477
12741.12 70.717
12973 70.624
13209.1 70.101
13449.5 69.118
13694.28 67.724
13943.51 66.036
14197.27 64.203
14455.66 62.366
14718.74 60.643
14986.62 59.119
15259.37 57.855
15537.08 56.889
15819.85 56.246
16107.76 55.935
16400.92 55.952
16699.41 56.272
17003.33 56.856
17312.78 57.647
17627.86 58.567
17948.68 59.524
18275.34 60.419
18607.94 61.162
18946.6 61.713
19291.42 62.1
19642.52 62.407
20000 62.718