20 79.964
20.36 80.043
20.73 80.121
21.11 80.196
21.5 80.27
21.89 80.341
22.29 80.41
22.69 80.477
23.1 80.541
23.52 80.602
23.95 80.661
24.39 80.718
24.83 80.771
25.28 80.822
25.74 80.869
26.21 80.914
26.69 80.955
27.18 80.993
27.67 81.028
28.17 81.06
28.69 81.088
29.21 81.114
29.74 81.137
30.28 81.157
30.83 81.175
31.39 81.19
31.97 81.203
32.55 81.213
33.14 81.221
33.74 81.228
34.36 81.232
34.98 81.235
35.62 81.235
36.27 81.234
36.93 81.232
37.6 81.228
38.28 81.223
38.98 81.217
39.69 81.209
40.41 81.201
41.15 81.191
41.9 81.181
42.66 81.169
43.44 81.156
44.23 81.143
45.03 81.128
45.85 81.112
46.68 81.095
47.53 81.077
48.4 81.058
49.28 81.037
50.18 81.016
51.09 80.993
52.02 80.969
52.97 80.944
53.93 80.918
54.91 80.89
55.91 80.862
56.93 80.832
57.97 80.801
59.02 80.769
60.09 80.736
61.19 80.702
62.3 80.667
63.44 80.63
64.59 80.593
65.77 80.555
66.96 80.516
68.18 80.475
69.42 80.434
70.69 80.392
71.97 80.349
73.28 80.305
74.62 80.26
75.97 80.214
77.36 80.167
78.76 80.119
80.2 80.07
81.66 80.021
83.14 79.97
84.66 79.918
86.2 79.866
87.77 79.812
89.36 79.757
90.99 79.701
92.65 79.644
94.33 79.585
96.05 79.526
97.8 79.466
99.58 79.405
101.39 79.343
103.23 79.28
105.11 79.217
107.03 79.153
108.97 79.088
110.96 79.023
112.98 78.957
115.03 78.891
117.13 78.824
119.26 78.756
121.43 78.688
123.64 78.62
125.89 78.551
128.18 78.483
130.51 78.414
132.89 78.344
135.31 78.275
137.77 78.204
140.28 78.133
142.83 78.06
145.43 77.986
148.07 77.91
150.77 77.834
153.51 77.758
156.31 77.682
159.15 77.606
162.05 77.531
165 77.457
168 77.383
171.06 77.312
174.17 77.24
177.34 77.17
180.57 77.1
183.86 77.031
187.2 76.961
190.61 76.892
194.08 76.821
197.61 76.751
201.21 76.679
204.87 76.606
208.6 76.533
212.39 76.46
216.26 76.387
220.19 76.315
224.2 76.244
228.28 76.175
232.44 76.106
236.67 76.037
240.97 75.969
245.36 75.902
249.82 75.835
254.37 75.769
259 75.703
263.71 75.637
268.51 75.572
273.4 75.508
278.38 75.444
283.44 75.38
288.6 75.319
293.85 75.258
299.2 75.198
304.65 75.138
310.19 75.079
315.84 75.021
321.59 74.964
327.44 74.908
333.4 74.853
339.47 74.8
345.64 74.748
351.93 74.698
358.34 74.648
364.86 74.6
371.5 74.552
378.26 74.505
385.15 74.459
392.16 74.414
399.29 74.37
406.56 74.327
413.96 74.285
421.49 74.244
429.16 74.204
436.97 74.164
444.93 74.126
453.02 74.088
461.27 74.052
469.66 74.018
478.21 73.985
486.91 73.954
495.78 73.925
504.8 73.898
513.99 73.874
523.34 73.85
532.87 73.829
542.56 73.81
552.44 73.792
562.49 73.776
572.73 73.761
583.15 73.748
593.77 73.737
604.57 73.728
615.57 73.722
626.78 73.717
638.18 73.716
649.8 73.717
661.63 73.721
673.67 73.728
685.93 73.737
698.41 73.75
711.12 73.767
724.06 73.788
737.24 73.813
750.66 73.844
764.32 73.881
778.23 73.924
792.39 73.975
806.82 74.033
821.5 74.098
836.45 74.171
851.67 74.25
867.17 74.332
882.96 74.416
899.02 74.498
915.39 74.575
932.05 74.646
949.01 74.713
966.28 74.788
983.87 74.887
1001.77 75.012
1020 75.16
1038.57 75.32
1057.47 75.484
1076.71 75.646
1096.31 75.802
1116.26 75.954
1136.58 76.098
1157.26 76.237
1178.32 76.375
1199.77 76.511
1221.6 76.648
1243.84 76.785
1266.47 76.922
1289.52 77.056
1312.99 77.189
1336.89 77.319
1361.22 77.448
1385.99 77.577
1411.22 77.705
1436.9 77.832
1463.05 77.96
1489.68 78.089
1516.79 78.22
1544.4 78.353
1572.5 78.488
1601.12 78.627
1630.26 78.769
1659.93 78.915
1690.14 79.065
1720.9 79.218
1752.22 79.375
1784.11 79.536
1816.58 79.702
1849.64 79.872
1883.3 80.047
1917.58 80.225
1952.48 80.405
1988.01 80.586
2024.19 80.769
2061.03 80.95
2098.54 81.129
2136.73 81.304
2175.62 81.471
2215.22 81.631
2255.53 81.781
2296.58 81.918
2338.38 82.043
2380.94 82.153
2424.27 82.247
2468.39 82.326
2513.31 82.388
2559.05 82.433
2605.63 82.462
2653.05 82.473
2701.33 82.468
2750.5 82.446
2800.55 82.408
2851.52 82.354
2903.42 82.287
2956.26 82.208
3010.06 82.118
3064.85 82.02
3120.62 81.914
3177.42 81.804
3235.25 81.69
3294.13 81.574
3354.08 81.457
3415.12 81.342
3477.27 81.23
3540.56 81.123
3605 81.022
3670.6 80.928
3737.41 80.843
3805.43 80.767
3874.68 80.702
3945.2 80.649
4017 80.606
4090.11 80.576
4164.55 80.557
4240.34 80.549
4317.51 80.552
4396.09 80.564
4476.1 80.583
4557.56 80.606
4640.5 80.632
4724.96 80.655
4810.95 80.672
4898.51 80.678
4987.66 80.668
5078.43 80.636
5170.86 80.58
5264.97 80.493
5360.79 80.372
5458.35 80.216
5557.69 80.023
5658.84 79.797
5761.82 79.541
5866.69 79.264
5973.46 78.977
6082.17 78.695
6192.87 78.433
6305.57 78.204
6420.33 78.008
6537.18 77.836
6656.15 77.681
6777.29 77.542
6900.63 77.425
7026.22 77.342
7154.1 77.302
7284.3 77.316
7416.87 77.389
7551.85 77.521
7689.29 77.707
7829.23 77.932
7971.72 78.174
8116.8 78.403
8264.53 78.581
8414.94 78.669
8568.09 78.63
8724.02 78.435
8882.79 78.07
9044.46 77.535
9209.06 76.852
9376.66 76.052
9547.31 75.176
9721.07 74.266
9897.99 73.362
10078.13 72.497
10261.55 71.7
10448.3 70.995
10638.45 70.401
10832.07 69.939
11029.21 69.621
11229.94 69.467
11434.32 69.495
11642.41 69.727
11854.3 70.186
12070.04 70.885
12289.71 71.819
12513.38 72.953
12741.12 74.208
12973 75.451
13209.1 76.501
13449.5 77.165
13694.28 77.286
13943.51 76.817
14197.27 75.846
14455.66 74.548
14718.74 73.13
14986.62 71.77
15259.37 70.597
15537.08 69.671
15819.85 68.99
16107.76 68.502
16400.92 68.115
16699.41 67.718
17003.33 67.205
17312.78 66.5
17627.86 65.576
17948.68 64.46
18275.34 63.226
18607.94 61.975
18946.6 60.792
19291.42 59.695
19642.52 58.636
20000 57.577