20 9.83
20.2 9.86
20.4 9.9
20.61 9.93
20.81 9.96
21.02 10
21.23 10.03
21.44 10.07
21.66 10.1
21.87 10.14
22.09 10.17
22.31 10.2
22.54 10.24
22.76 10.27
22.99 10.3
23.22 10.32
23.45 10.35
23.69 10.37
23.92 10.4
24.16 10.42
24.4 10.45
24.65 10.47
24.89 10.49
25.14 10.51
25.39 10.53
25.65 10.55
25.91 10.57
26.16 10.59
26.43 10.61
26.69 10.62
26.96 10.64
27.23 10.65
27.5 10.67
27.77 10.68
28.05 10.69
28.33 10.7
28.62 10.72
28.9 10.73
29.19 10.74
29.48 10.74
29.78 10.75
30.08 10.76
30.38 10.77
30.68 10.77
30.99 10.78
31.3 10.78
31.61 10.79
31.93 10.79
32.24 10.79
32.57 10.79
32.89 10.79
33.22 10.79
33.55 10.79
33.89 10.79
34.23 10.79
34.57 10.79
34.92 10.78
35.27 10.78
35.62 10.77
35.97 10.77
36.33 10.76
36.7 10.75
37.06 10.74
37.43 10.74
37.81 10.73
38.19 10.72
38.57 10.71
38.95 10.7
39.34 10.69
39.74 10.67
40.14 10.66
40.54 10.65
40.94 10.63
41.35 10.62
41.76 10.6
42.18 10.59
42.6 10.57
43.03 10.55
43.46 10.54
43.9 10.52
44.33 10.5
44.78 10.48
45.23 10.46
45.68 10.44
46.13 10.42
46.6 10.4
47.06 10.37
47.53 10.35
48.01 10.33
48.49 10.3
48.97 10.28
49.46 10.25
49.96 10.23
50.46 10.2
50.96 10.17
51.47 10.15
51.99 10.12
52.51 10.09
53.03 10.06
53.56 10.03
54.1 10
54.64 9.97
55.18 9.94
55.74 9.91
56.29 9.88
56.86 9.85
57.42 9.81
58 9.78
58.58 9.75
59.16 9.71
59.76 9.68
60.35 9.64
60.96 9.61
61.57 9.57
62.18 9.53
62.8 9.5
63.43 9.46
64.07 9.42
64.71 9.38
65.35 9.34
66.01 9.3
66.67 9.26
67.33 9.22
68.01 9.18
68.69 9.14
69.37 9.1
70.07 9.06
70.77 9.02
71.48 8.97
72.19 8.93
72.91 8.89
73.64 8.84
74.38 8.8
75.12 8.76
75.87 8.71
76.63 8.67
77.4 8.62
78.17 8.57
78.95 8.53
79.74 8.48
80.54 8.44
81.35 8.39
82.16 8.34
82.98 8.29
83.81 8.25
84.65 8.2
85.5 8.15
86.35 8.1
87.22 8.05
88.09 8
88.97 7.95
89.86 7.9
90.76 7.85
91.66 7.8
92.58 7.75
93.51 7.7
94.44 7.65
95.39 7.6
96.34 7.55
97.3 7.49
98.28 7.44
99.26 7.39
100.25 7.34
101.25 7.28
102.27 7.23
103.29 7.18
104.32 7.13
105.37 7.07
106.42 7.02
107.48 6.96
108.56 6.91
109.64 6.86
110.74 6.8
111.85 6.75
112.97 6.69
114.1 6.64
115.24 6.58
116.39 6.53
117.55 6.47
118.73 6.42
119.92 6.36
121.12 6.31
122.33 6.25
123.55 6.2
124.79 6.14
126.03 6.08
127.29 6.03
128.57 5.97
129.85 5.92
131.15 5.86
132.46 5.8
133.79 5.75
135.12 5.69
136.48 5.63
137.84 5.58
139.22 5.52
140.61 5.46
142.02 5.41
143.44 5.35
144.87 5.29
146.32 5.24
147.78 5.18
149.26 5.12
150.75 5.07
152.26 5.01
153.78 4.95
155.32 4.89
156.88 4.84
158.44 4.78
160.03 4.72
161.63 4.66
163.24 4.61
164.88 4.55
166.53 4.49
168.19 4.43
169.87 4.37
171.57 4.32
173.29 4.26
175.02 4.2
176.77 4.14
178.54 4.09
180.32 4.03
182.13 3.98
183.95 3.93
185.79 3.87
187.65 3.83
189.52 3.78
191.42 3.73
193.33 3.68
195.27 3.63
197.22 3.58
199.19 3.54
201.18 3.49
203.19 3.44
205.23 3.4
207.28 3.35
209.35 3.3
211.44 3.25
213.56 3.2
215.69 3.16
217.85 3.11
220.03 3.06
222.23 3.01
224.45 2.96
226.7 2.9
228.96 2.85
231.25 2.8
233.57 2.75
235.9 2.7
238.26 2.65
240.64 2.6
243.05 2.54
245.48 2.49
247.93 2.44
250.41 2.39
252.92 2.35
255.45 2.3
258 2.25
260.58 2.2
263.19 2.15
265.82 2.11
268.48 2.06
271.16 2.01
273.87 1.97
276.61 1.92
279.38 1.88
282.17 1.83
284.99 1.78
287.84 1.74
290.72 1.69
293.63 1.65
296.57 1.6
299.53 1.56
302.53 1.51
305.55 1.47
308.61 1.42
311.69 1.38
314.81 1.33
317.96 1.29
321.14 1.25
324.35 1.2
327.59 1.16
330.87 1.12
334.18 1.08
337.52 1.03
340.9 0.99
344.3 0.95
347.75 0.91
351.23 0.87
354.74 0.83
358.28 0.79
361.87 0.75
365.49 0.71
369.14 0.67
372.83 0.63
376.56 0.6
380.33 0.56
384.13 0.52
387.97 0.49
391.85 0.45
395.77 0.42
399.73 0.38
403.72 0.35
407.76 0.31
411.84 0.28
415.96 0.25
420.12 0.21
424.32 0.18
428.56 0.15
432.85 0.12
437.18 0.08
441.55 0.05
445.96 0.02
450.42 -0.01
454.93 -0.04
459.48 -0.07
464.07 -0.1
468.71 -0.13
473.4 -0.16
478.13 -0.19
482.91 -0.22
487.74 -0.25
492.62 -0.28
497.55 -0.31
502.52 -0.33
507.55 -0.36
512.62 -0.39
517.75 -0.41
522.93 -0.44
528.16 -0.46
533.44 -0.49
538.77 -0.51
544.16 -0.53
549.6 -0.56
555.1 -0.58
560.65 -0.6
566.25 -0.62
571.92 -0.64
577.64 -0.66
583.41 -0.68
589.25 -0.7
595.14 -0.72
601.09 -0.74
607.1 -0.76
613.17 -0.78
619.3 -0.79
625.5 -0.81
631.75 -0.82
638.07 -0.84
644.45 -0.85
650.89 -0.86
657.4 -0.88
663.98 -0.89
670.62 -0.9
677.32 -0.91
684.1 -0.92
690.94 -0.93
697.85 -0.93
704.83 -0.94
711.87 -0.95
718.99 -0.95
726.18 -0.95
733.44 -0.96
740.78 -0.96
748.19 -0.96
755.67 -0.95
763.23 -0.95
770.86 -0.94
778.57 -0.94
786.35 -0.92
794.22 -0.91
802.16 -0.9
810.18 -0.88
818.28 -0.87
826.46 -0.85
834.73 -0.82
843.08 -0.8
851.51 -0.77
860.02 -0.74
868.62 -0.71
877.31 -0.68
886.08 -0.64
894.94 -0.6
903.89 -0.56
912.93 -0.51
922.06 -0.46
931.28 -0.41
940.59 -0.36
950 -0.31
959.5 -0.25
969.09 -0.2
978.78 -0.14
988.57 -0.07
998.46 -0.01
1008.44 0.06
1018.53 0.12
1028.71 0.19
1039 0.26
1049.39 0.33
1059.88 0.4
1070.48 0.47
1081.19 0.54
1092 0.61
1102.92 0.69
1113.95 0.76
1125.09 0.83
1136.34 0.9
1147.7 0.97
1159.18 1.04
1170.77 1.11
1182.48 1.17
1194.3 1.24
1206.25 1.31
1218.31 1.37
1230.49 1.44
1242.8 1.5
1255.22 1.56
1267.78 1.62
1280.45 1.68
1293.26 1.74
1306.19 1.8
1319.25 1.85
1332.45 1.91
1345.77 1.97
1359.23 2.02
1372.82 2.08
1386.55 2.13
1400.41 2.19
1414.42 2.24
1428.56 2.3
1442.85 2.36
1457.28 2.42
1471.85 2.47
1486.57 2.53
1501.43 2.59
1516.45 2.65
1531.61 2.72
1546.93 2.78
1562.4 2.84
1578.02 2.9
1593.8 2.96
1609.74 3.03
1625.84 3.09
1642.1 3.15
1658.52 3.22
1675.1 3.28
1691.85 3.34
1708.77 3.41
1725.86 3.47
1743.12 3.53
1760.55 3.6
1778.15 3.67
1795.94 3.73
1813.9 3.8
1832.03 3.87
1850.36 3.94
1868.86 4.01
1887.55 4.09
1906.42 4.16
1925.49 4.24
1944.74 4.31
1964.19 4.39
1983.83 4.47
2003.67 4.55
2023.71 4.64
2043.94 4.72
2064.38 4.81
2085.03 4.89
2105.88 4.98
2126.94 5.07
2148.2 5.17
2169.69 5.26
2191.38 5.36
2213.3 5.45
2235.43 5.55
2257.78 5.65
2280.36 5.75
2303.17 5.86
2326.2 5.96
2349.46 6.07
2372.95 6.17
2396.68 6.28
2420.65 6.39
2444.86 6.5
2469.31 6.62
2494 6.73
2518.94 6.85
2544.13 6.96
2569.57 7.08
2595.27 7.2
2621.22 7.32
2647.43 7.44
2673.9 7.56
2700.64 7.69
2727.65 7.81
2754.93 7.93
2782.48 8.05
2810.3 8.17
2838.4 8.29
2866.79 8.41
2895.46 8.52
2924.41 8.64
2953.65 8.75
2983.19 8.86
3013.02 8.97
3043.15 9.07
3073.58 9.17
3104.32 9.27
3135.36 9.36
3166.72 9.45
3198.38 9.53
3230.37 9.61
3262.67 9.69
3295.3 9.75
3328.25 9.82
3361.53 9.88
3395.15 9.92
3429.1 9.97
3463.39 10.01
3498.03 10.04
3533.01 10.06
3568.34 10.08
3604.02 10.09
3640.06 10.09
3676.46 10.08
3713.22 10.07
3750.36 10.05
3787.86 10.01
3825.74 9.97
3864 9.93
3902.64 9.88
3941.66 9.82
3981.08 9.76
4020.89 9.69
4061.1 9.61
4101.71 9.53
4142.73 9.45
4184.15 9.35
4226 9.26
4268.26 9.16
4310.94 9.06
4354.05 8.96
4397.59 8.85
4441.56 8.74
4485.98 8.63
4530.84 8.52
4576.15 8.41
4621.91 8.29
4668.13 8.18
4714.81 8.07
4761.96 7.95
4809.58 7.84
4857.67 7.73
4906.25 7.62
4955.31 7.51
5004.87 7.4
5054.91 7.29
5105.46 7.19
5156.52 7.08
5208.08 6.99
5260.16 6.89
5312.77 6.8
5365.89 6.71
5419.55 6.62
5473.75 6.54
5528.49 6.47
5583.77 6.4
5639.61 6.34
5696 6.29
5752.96 6.25
5810.49 6.21
5868.6 6.19
5927.28 6.18
5986.56 6.17
6046.42 6.18
6106.89 6.2
6167.96 6.23
6229.64 6.28
6291.93 6.33
6354.85 6.41
6418.4 6.51
6482.58 6.6
6547.41 6.73
6612.88 6.88
6679.01 7.03
6745.8 7.23
6813.26 7.43
6881.39 7.64
6950.21 7.89
7019.71 8.14
7089.91 8.4
7160.81 8.69
7232.41 9
7304.74 9.3
7377.79 9.65
7451.56 9.99
7526.08 10.32
7601.34 10.62
7677.35 10.92
7754.13 11.2
7831.67 11.24
7909.98 11.28
7989.08 11.32
8068.98 11.04
8149.67 10.72
8231.16 10.39
8313.47 9.86
8396.61 9.28
8480.57 8.7
8565.38 8.06
8651.03 7.41
8737.54 6.76
8824.92 6.16
8913.17 5.57
9002.3 4.98
9092.32 4.49
9183.25 4.01
9275.08 3.55
9367.83 3.17
9461.51 2.8
9556.12 2.48
9651.68 2.21
9748.2 1.94
9845.68 1.77
9944.14 1.59
10043.58 1.46
10144.02 1.39
10245.46 1.32
10347.91 1.29
10451.39 1.33
10555.91 1.36
10661.46 1.46
10768.08 1.61
10875.76 1.75
10984.52 1.95
11094.36 2.17
11205.31 2.38
11317.36 2.52
11430.53 2.66
11544.84 2.71
11660.29 2.6
11776.89 2.5
11894.66 2.17
12013.6 1.79
12133.74 1.41
12255.08 0.97
12377.63 0.46
12501.41 -0.04
12626.42 -0.52
12752.68 -1
12880.21 -1.41
13009.01 -1.77
13139.1 -2.13
13270.49 -2.37
13403.2 -2.52
13537.23 -2.66
13672.6 -2.66
13809.33 -2.53
13947.42 -2.39
14086.9 -2.05
14227.77 -1.58
14370.04 -1.1
14513.74 -0.63
14658.88 -0.11
14805.47 0.41
14953.52 0.93
15103.06 1.01
15254.09 0.89
15406.63 0.78
15560.7 0.35
15716.3 -0.56
15873.47 -1.46
16032.2 -2.43
16192.52 -3.66
16354.45 -4.89
16517.99 -6.12
16683.17 -7.33
16850.01 -8.53
17018.51 -9.73
17188.69 -10.8
17360.58 -11.88
17534.18 -12.92
17709.53 -13.81
17886.62 -14.7
18065.49 -15.51
18246.14 -16.17
18428.6 -16.84
18612.89 -17.39
18799.02 -17.86
18987.01 -18.34
19176.88 -18.86
19368.65 -19.38
19562.33 -19.91
19757.96 -20.45
19955.54 -21