20 2.43
20.2 2.47
20.4 2.52
20.61 2.56
20.81 2.6
21.02 2.65
21.23 2.69
21.44 2.74
21.66 2.78
21.87 2.83
22.09 2.87
22.31 2.91
22.54 2.95
22.76 3
22.99 3.04
23.22 3.08
23.45 3.12
23.69 3.15
23.92 3.19
24.16 3.23
24.4 3.27
24.65 3.3
24.89 3.34
25.14 3.38
25.39 3.41
25.65 3.44
25.91 3.48
26.16 3.51
26.43 3.54
26.69 3.58
26.96 3.61
27.23 3.64
27.5 3.67
27.77 3.7
28.05 3.73
28.33 3.76
28.62 3.78
28.9 3.81
29.19 3.84
29.48 3.86
29.78 3.89
30.08 3.92
30.38 3.94
30.68 3.97
30.99 3.99
31.3 4.01
31.61 4.04
31.93 4.06
32.24 4.08
32.57 4.1
32.89 4.12
33.22 4.14
33.55 4.16
33.89 4.18
34.23 4.2
34.57 4.22
34.92 4.24
35.27 4.25
35.62 4.27
35.97 4.29
36.33 4.3
36.7 4.32
37.06 4.33
37.43 4.35
37.81 4.36
38.19 4.37
38.57 4.39
38.95 4.4
39.34 4.41
39.74 4.42
40.14 4.43
40.54 4.44
40.94 4.45
41.35 4.46
41.76 4.47
42.18 4.48
42.6 4.49
43.03 4.49
43.46 4.5
43.9 4.5
44.33 4.51
44.78 4.52
45.23 4.52
45.68 4.52
46.13 4.53
46.6 4.53
47.06 4.53
47.53 4.53
48.01 4.53
48.49 4.54
48.97 4.53
49.46 4.53
49.96 4.53
50.46 4.53
50.96 4.53
51.47 4.53
51.99 4.52
52.51 4.52
53.03 4.51
53.56 4.51
54.1 4.5
54.64 4.49
55.18 4.49
55.74 4.48
56.29 4.47
56.86 4.46
57.42 4.45
58 4.45
58.58 4.43
59.16 4.42
59.76 4.41
60.35 4.4
60.96 4.39
61.57 4.37
62.18 4.36
62.8 4.35
63.43 4.33
64.07 4.31
64.71 4.3
65.35 4.28
66.01 4.27
66.67 4.25
67.33 4.23
68.01 4.21
68.69 4.19
69.37 4.17
70.07 4.15
70.77 4.13
71.48 4.11
72.19 4.09
72.91 4.07
73.64 4.04
74.38 4.02
75.12 4
75.87 3.97
76.63 3.95
77.4 3.92
78.17 3.9
78.95 3.87
79.74 3.84
80.54 3.82
81.35 3.79
82.16 3.76
82.98 3.73
83.81 3.7
84.65 3.67
85.5 3.64
86.35 3.61
87.22 3.58
88.09 3.55
88.97 3.52
89.86 3.49
90.76 3.46
91.66 3.42
92.58 3.39
93.51 3.36
94.44 3.32
95.39 3.29
96.34 3.25
97.3 3.22
98.28 3.18
99.26 3.15
100.25 3.11
101.25 3.08
102.27 3.04
103.29 3
104.32 2.96
105.37 2.93
106.42 2.89
107.48 2.85
108.56 2.81
109.64 2.77
110.74 2.74
111.85 2.7
112.97 2.66
114.1 2.62
115.24 2.58
116.39 2.54
117.55 2.5
118.73 2.46
119.92 2.42
121.12 2.37
122.33 2.33
123.55 2.29
124.79 2.25
126.03 2.21
127.29 2.17
128.57 2.13
129.85 2.08
131.15 2.04
132.46 2
133.79 1.96
135.12 1.91
136.48 1.87
137.84 1.83
139.22 1.79
140.61 1.74
142.02 1.7
143.44 1.66
144.87 1.61
146.32 1.57
147.78 1.52
149.26 1.48
150.75 1.44
152.26 1.39
153.78 1.35
155.32 1.31
156.88 1.26
158.44 1.22
160.03 1.17
161.63 1.13
163.24 1.09
164.88 1.04
166.53 1
168.19 0.95
169.87 0.91
171.57 0.87
173.29 0.82
175.02 0.78
176.77 0.73
178.54 0.69
180.32 0.65
182.13 0.6
183.95 0.56
185.79 0.51
187.65 0.47
189.52 0.42
191.42 0.38
193.33 0.34
195.27 0.29
197.22 0.25
199.19 0.2
201.18 0.16
203.19 0.12
205.23 0.07
207.28 0.03
209.35 0
211.44 -0.04
213.56 -0.08
215.69 -0.11
217.85 -0.14
220.03 -0.17
222.23 -0.21
224.45 -0.24
226.7 -0.28
228.96 -0.32
231.25 -0.36
233.57 -0.4
235.9 -0.43
238.26 -0.47
240.64 -0.51
243.05 -0.55
245.48 -0.59
247.93 -0.63
250.41 -0.67
252.92 -0.7
255.45 -0.74
258 -0.77
260.58 -0.8
263.19 -0.83
265.82 -0.86
268.48 -0.9
271.16 -0.93
273.87 -0.96
276.61 -1
279.38 -1.03
282.17 -1.06
284.99 -1.1
287.84 -1.13
290.72 -1.17
293.63 -1.2
296.57 -1.23
299.53 -1.27
302.53 -1.3
305.55 -1.33
308.61 -1.36
311.69 -1.39
314.81 -1.43
317.96 -1.46
321.14 -1.49
324.35 -1.52
327.59 -1.55
330.87 -1.58
334.18 -1.61
337.52 -1.64
340.9 -1.66
344.3 -1.69
347.75 -1.72
351.23 -1.75
354.74 -1.78
358.28 -1.8
361.87 -1.83
365.49 -1.85
369.14 -1.88
372.83 -1.9
376.56 -1.93
380.33 -1.95
384.13 -1.98
387.97 -2
391.85 -2.02
395.77 -2.05
399.73 -2.07
403.72 -2.09
407.76 -2.11
411.84 -2.13
415.96 -2.15
420.12 -2.17
424.32 -2.19
428.56 -2.21
432.85 -2.23
437.18 -2.25
441.55 -2.26
445.96 -2.28
450.42 -2.3
454.93 -2.31
459.48 -2.33
464.07 -2.34
468.71 -2.36
473.4 -2.37
478.13 -2.38
482.91 -2.4
487.74 -2.41
492.62 -2.43
497.55 -2.44
502.52 -2.45
507.55 -2.47
512.62 -2.48
517.75 -2.49
522.93 -2.51
528.16 -2.52
533.44 -2.53
538.77 -2.54
544.16 -2.55
549.6 -2.56
555.1 -2.57
560.65 -2.58
566.25 -2.58
571.92 -2.59
577.64 -2.59
583.41 -2.6
589.25 -2.6
595.14 -2.6
601.09 -2.61
607.1 -2.61
613.17 -2.6
619.3 -2.6
625.5 -2.6
631.75 -2.59
638.07 -2.58
644.45 -2.57
650.89 -2.56
657.4 -2.55
663.98 -2.54
670.62 -2.52
677.32 -2.51
684.1 -2.49
690.94 -2.47
697.85 -2.45
704.83 -2.43
711.87 -2.4
718.99 -2.38
726.18 -2.35
733.44 -2.32
740.78 -2.29
748.19 -2.25
755.67 -2.22
763.23 -2.18
770.86 -2.14
778.57 -2.09
786.35 -2.05
794.22 -2
802.16 -1.95
810.18 -1.89
818.28 -1.84
826.46 -1.78
834.73 -1.71
843.08 -1.65
851.51 -1.58
860.02 -1.5
868.62 -1.43
877.31 -1.35
886.08 -1.27
894.94 -1.18
903.89 -1.09
912.93 -1
922.06 -0.91
931.28 -0.81
940.59 -0.7
950 -0.6
959.5 -0.49
969.09 -0.38
978.78 -0.26
988.57 -0.14
998.46 -0.02
1008.44 0.11
1018.53 0.24
1028.71 0.36
1039 0.5
1049.39 0.63
1059.88 0.77
1070.48 0.91
1081.19 1.05
1092 1.19
1102.92 1.33
1113.95 1.47
1125.09 1.62
1136.34 1.76
1147.7 1.91
1159.18 2.05
1170.77 2.2
1182.48 2.35
1194.3 2.5
1206.25 2.64
1218.31 2.79
1230.49 2.94
1242.8 3.08
1255.22 3.23
1267.78 3.38
1280.45 3.52
1293.26 3.67
1306.19 3.81
1319.25 3.96
1332.45 4.1
1345.77 4.25
1359.23 4.39
1372.82 4.53
1386.55 4.67
1400.41 4.81
1414.42 4.95
1428.56 5.09
1442.85 5.23
1457.28 5.36
1471.85 5.49
1486.57 5.62
1501.43 5.76
1516.45 5.88
1531.61 6.01
1546.93 6.13
1562.4 6.25
1578.02 6.37
1593.8 6.49
1609.74 6.61
1625.84 6.72
1642.1 6.83
1658.52 6.93
1675.1 7.03
1691.85 7.14
1708.77 7.23
1725.86 7.32
1743.12 7.41
1760.55 7.5
1778.15 7.58
1795.94 7.66
1813.9 7.73
1832.03 7.8
1850.36 7.86
1868.86 7.92
1887.55 7.97
1906.42 8.02
1925.49 8.06
1944.74 8.11
1964.19 8.14
1983.83 8.16
2003.67 8.19
2023.71 8.2
2043.94 8.22
2064.38 8.23
2085.03 8.22
2105.88 8.22
2126.94 8.22
2148.2 8.2
2169.69 8.19
2191.38 8.17
2213.3 8.15
2235.43 8.12
2257.78 8.09
2280.36 8.06
2303.17 8.03
2326.2 8
2349.46 7.97
2372.95 7.93
2396.68 7.9
2420.65 7.86
2444.86 7.82
2469.31 7.79
2494 7.75
2518.94 7.71
2544.13 7.67
2569.57 7.63
2595.27 7.59
2621.22 7.55
2647.43 7.51
2673.9 7.47
2700.64 7.43
2727.65 7.39
2754.93 7.35
2782.48 7.3
2810.3 7.26
2838.4 7.22
2866.79 7.18
2895.46 7.14
2924.41 7.11
2953.65 7.08
2983.19 7.05
3013.02 7.02
3043.15 7.01
3073.58 6.99
3104.32 6.98
3135.36 6.98
3166.72 6.98
3198.38 6.99
3230.37 6.99
3262.67 7
3295.3 7.02
3328.25 7.04
3361.53 7.06
3395.15 7.08
3429.1 7.1
3463.39 7.13
3498.03 7.15
3533.01 7.18
3568.34 7.21
3604.02 7.23
3640.06 7.26
3676.46 7.28
3713.22 7.3
3750.36 7.32
3787.86 7.33
3825.74 7.34
3864 7.35
3902.64 7.35
3941.66 7.34
3981.08 7.33
4020.89 7.31
4061.1 7.28
4101.71 7.24
4142.73 7.19
4184.15 7.12
4226 7.06
4268.26 6.98
4310.94 6.88
4354.05 6.78
4397.59 6.66
4441.56 6.52
4485.98 6.38
4530.84 6.23
4576.15 6.06
4621.91 5.89
4668.13 5.7
4714.81 5.5
4761.96 5.3
4809.58 5.08
4857.67 4.87
4906.25 4.64
4955.31 4.41
5004.87 4.18
5054.91 3.94
5105.46 3.69
5156.52 3.45
5208.08 3.21
5260.16 2.96
5312.77 2.71
5365.89 2.46
5419.55 2.21
5473.75 1.96
5528.49 1.71
5583.77 1.46
5639.61 1.25
5696 1.06
5752.96 0.86
5810.49 0.69
5868.6 0.6
5927.28 0.51
5986.56 0.42
6046.42 0.36
6106.89 0.31
6167.96 0.27
6229.64 0.24
6291.93 0.2
6354.85 0.19
6418.4 0.19
6482.58 0.18
6547.41 0.22
6612.88 0.27
6679.01 0.32
6745.8 0.42
6813.26 0.55
6881.39 0.67
6950.21 0.86
7019.71 1.07
7089.91 1.27
7160.81 1.55
7232.41 1.83
7304.74 2.12
7377.79 2.45
7451.56 2.78
7526.08 3.1
7601.34 3.4
7677.35 3.71
7754.13 4
7831.67 4.17
7909.98 4.34
7989.08 4.51
8068.98 4.52
8149.67 4.5
8231.16 4.49
8313.47 4.37
8396.61 4.22
8480.57 4.06
8565.38 3.88
8651.03 3.69
8737.54 3.51
8824.92 3.32
8913.17 3.14
9002.3 2.95
9092.32 2.76
9183.25 2.56
9275.08 2.34
9367.83 2.09
9461.51 1.84
9556.12 1.54
9651.68 1.22
9748.2 0.89
9845.68 0.52
9944.14 0.15
10043.58 -0.22
10144.02 -0.58
10245.46 -0.94
10347.91 -1.27
10451.39 -1.57
10555.91 -1.87
10661.46 -2.16
10768.08 -2.43
10875.76 -2.69
10984.52 -2.98
11094.36 -3.27
11205.31 -3.57
11317.36 -3.91
11430.53 -4.26
11544.84 -4.62
11660.29 -4.99
11776.89 -5.37
11894.66 -5.72
12013.6 -6.06
12133.74 -6.41
12255.08 -6.69
12377.63 -6.92
12501.41 -7.14
12626.42 -7.23
12752.68 -7.31
12880.21 -7.28
13009.01 -7.19
13139.1 -7.09
13270.49 -6.88
13403.2 -6.58
13537.23 -6.28
13672.6 -5.88
13809.33 -5.38
13947.42 -4.88
14086.9 -4.26
14227.77 -3.57
14370.04 -2.87
14513.74 -2.16
14658.88 -1.34
14805.47 -0.53
14953.52 0.29
15103.06 1.03
15254.09 1.73
15406.63 2.43
15560.7 2.98
15716.3 3.29
15873.47 3.6
16032.2 3.74
16192.52 3.24
16354.45 2.74
16517.99 2.13
16683.17 0.66
16850.01 -0.81
17018.51 -2.33
17188.69 -4.32
17360.58 -6.31
17534.18 -8.1
17709.53 -9.13
17886.62 -10.16
18065.49 -10.92
18246.14 -11.21
18428.6 -11.5
18612.89 -11.75
18799.02 -11.96
18987.01 -12.17
19176.88 -12.5
19368.65 -12.84
19562.33 -13.19
19757.96 -13.55
19955.54 -13.91