20 6.53
20.2 6.6
20.4 6.66
20.61 6.72
20.81 6.78
21.02 6.84
21.23 6.9
21.44 6.93
21.66 6.97
21.87 7.01
22.09 7.04
22.31 7.06
22.54 7.1
22.76 7.14
22.99 7.18
23.22 7.22
23.45 7.27
23.69 7.31
23.92 7.35
24.16 7.4
24.4 7.43
24.65 7.47
24.89 7.5
25.14 7.53
25.39 7.56
25.65 7.59
25.91 7.61
26.16 7.63
26.43 7.66
26.69 7.68
26.96 7.69
27.23 7.71
27.5 7.74
27.77 7.76
28.05 7.78
28.33 7.81
28.62 7.83
28.9 7.85
29.19 7.87
29.48 7.87
29.78 7.88
30.08 7.89
30.38 7.9
30.68 7.91
30.99 7.93
31.3 7.94
31.61 7.95
31.93 7.96
32.24 7.98
32.57 7.99
32.89 7.99
33.22 8
33.55 8.01
33.89 8.02
34.23 8.02
34.57 8.03
34.92 8.04
35.27 8.04
35.62 8.05
35.97 8.05
36.33 8.05
36.7 8.05
37.06 8.04
37.43 8.03
37.81 8.02
38.19 8.02
38.57 8.02
38.95 8.02
39.34 8.02
39.74 8.01
40.14 8.01
40.54 8
40.94 7.99
41.35 7.99
41.76 7.97
42.18 7.96
42.6 7.95
43.03 7.94
43.46 7.92
43.9 7.91
44.33 7.9
44.78 7.88
45.23 7.87
45.68 7.85
46.13 7.84
46.6 7.82
47.06 7.8
47.53 7.78
48.01 7.76
48.49 7.74
48.97 7.72
49.46 7.7
49.96 7.67
50.46 7.66
50.96 7.64
51.47 7.62
51.99 7.61
52.51 7.59
53.03 7.57
53.56 7.54
54.1 7.52
54.64 7.49
55.18 7.46
55.74 7.43
56.29 7.4
56.86 7.38
57.42 7.35
58 7.32
58.58 7.29
59.16 7.25
59.76 7.22
60.35 7.19
60.96 7.16
61.57 7.12
62.18 7.09
62.8 7.06
63.43 7.02
64.07 6.99
64.71 6.96
65.35 6.93
66.01 6.89
66.67 6.85
67.33 6.82
68.01 6.78
68.69 6.74
69.37 6.7
70.07 6.65
70.77 6.61
71.48 6.57
72.19 6.52
72.91 6.48
73.64 6.44
74.38 6.4
75.12 6.36
75.87 6.32
76.63 6.27
77.4 6.23
78.17 6.19
78.95 6.14
79.74 6.1
80.54 6.05
81.35 6.01
82.16 5.96
82.98 5.91
83.81 5.87
84.65 5.82
85.5 5.78
86.35 5.73
87.22 5.69
88.09 5.64
88.97 5.59
89.86 5.55
90.76 5.5
91.66 5.45
92.58 5.41
93.51 5.36
94.44 5.31
95.39 5.27
96.34 5.22
97.3 5.18
98.28 5.13
99.26 5.09
100.25 5.04
101.25 5
102.27 4.95
103.29 4.9
104.32 4.85
105.37 4.8
106.42 4.76
107.48 4.71
108.56 4.66
109.64 4.62
110.74 4.57
111.85 4.53
112.97 4.49
114.1 4.44
115.24 4.4
116.39 4.35
117.55 4.31
118.73 4.27
119.92 4.23
121.12 4.19
122.33 4.15
123.55 4.1
124.79 4.06
126.03 4.01
127.29 3.96
128.57 3.91
129.85 3.86
131.15 3.82
132.46 3.77
133.79 3.72
135.12 3.67
136.48 3.62
137.84 3.57
139.22 3.52
140.61 3.48
142.02 3.43
143.44 3.38
144.87 3.33
146.32 3.29
147.78 3.24
149.26 3.19
150.75 3.14
152.26 3.1
153.78 3.05
155.32 3
156.88 2.95
158.44 2.9
160.03 2.85
161.63 2.8
163.24 2.75
164.88 2.7
166.53 2.65
168.19 2.6
169.87 2.55
171.57 2.49
173.29 2.44
175.02 2.38
176.77 2.33
178.54 2.27
180.32 2.22
182.13 2.16
183.95 2.11
185.79 2.06
187.65 2
189.52 1.95
191.42 1.9
193.33 1.85
195.27 1.8
197.22 1.75
199.19 1.7
201.18 1.64
203.19 1.6
205.23 1.55
207.28 1.5
209.35 1.45
211.44 1.4
213.56 1.36
215.69 1.31
217.85 1.27
220.03 1.22
222.23 1.18
224.45 1.14
226.7 1.1
228.96 1.05
231.25 1.01
233.57 0.97
235.9 0.93
238.26 0.89
240.64 0.84
243.05 0.8
245.48 0.77
247.93 0.73
250.41 0.69
252.92 0.65
255.45 0.61
258 0.57
260.58 0.53
263.19 0.49
265.82 0.45
268.48 0.41
271.16 0.36
273.87 0.32
276.61 0.28
279.38 0.24
282.17 0.2
284.99 0.16
287.84 0.13
290.72 0.09
293.63 0.05
296.57 0.02
299.53 -0.01
302.53 -0.05
305.55 -0.09
308.61 -0.12
311.69 -0.16
314.81 -0.19
317.96 -0.23
321.14 -0.26
324.35 -0.3
327.59 -0.33
330.87 -0.36
334.18 -0.39
337.52 -0.43
340.9 -0.46
344.3 -0.5
347.75 -0.53
351.23 -0.57
354.74 -0.6
358.28 -0.64
361.87 -0.67
365.49 -0.7
369.14 -0.73
372.83 -0.76
376.56 -0.79
380.33 -0.82
384.13 -0.85
387.97 -0.88
391.85 -0.91
395.77 -0.93
399.73 -0.96
403.72 -0.98
407.76 -1.01
411.84 -1.03
415.96 -1.06
420.12 -1.08
424.32 -1.1
428.56 -1.13
432.85 -1.15
437.18 -1.17
441.55 -1.2
445.96 -1.22
450.42 -1.24
454.93 -1.27
459.48 -1.29
464.07 -1.31
468.71 -1.33
473.4 -1.35
478.13 -1.36
482.91 -1.37
487.74 -1.39
492.62 -1.4
497.55 -1.41
502.52 -1.43
507.55 -1.44
512.62 -1.46
517.75 -1.48
522.93 -1.5
528.16 -1.51
533.44 -1.53
538.77 -1.54
544.16 -1.56
549.6 -1.57
555.1 -1.58
560.65 -1.59
566.25 -1.59
571.92 -1.6
577.64 -1.61
583.41 -1.61
589.25 -1.62
595.14 -1.62
601.09 -1.63
607.1 -1.63
613.17 -1.63
619.3 -1.63
625.5 -1.63
631.75 -1.62
638.07 -1.62
644.45 -1.62
650.89 -1.62
657.4 -1.62
663.98 -1.61
670.62 -1.61
677.32 -1.61
684.1 -1.6
690.94 -1.6
697.85 -1.58
704.83 -1.57
711.87 -1.56
718.99 -1.55
726.18 -1.53
733.44 -1.52
740.78 -1.5
748.19 -1.48
755.67 -1.46
763.23 -1.44
770.86 -1.41
778.57 -1.39
786.35 -1.35
794.22 -1.32
802.16 -1.29
810.18 -1.25
818.28 -1.22
826.46 -1.18
834.73 -1.14
843.08 -1.1
851.51 -1.05
860.02 -1
868.62 -0.95
877.31 -0.9
886.08 -0.84
894.94 -0.78
903.89 -0.72
912.93 -0.66
922.06 -0.6
931.28 -0.54
940.59 -0.47
950 -0.4
959.5 -0.32
969.09 -0.24
978.78 -0.17
988.57 -0.09
998.46 -0.01
1008.44 0.07
1018.53 0.15
1028.71 0.24
1039 0.33
1049.39 0.43
1059.88 0.52
1070.48 0.62
1081.19 0.72
1092 0.82
1102.92 0.92
1113.95 1.02
1125.09 1.12
1136.34 1.22
1147.7 1.33
1159.18 1.43
1170.77 1.54
1182.48 1.64
1194.3 1.74
1206.25 1.84
1218.31 1.94
1230.49 2.04
1242.8 2.14
1255.22 2.24
1267.78 2.34
1280.45 2.44
1293.26 2.53
1306.19 2.63
1319.25 2.73
1332.45 2.82
1345.77 2.91
1359.23 3
1372.82 3.1
1386.55 3.19
1400.41 3.28
1414.42 3.38
1428.56 3.47
1442.85 3.57
1457.28 3.67
1471.85 3.76
1486.57 3.86
1501.43 3.95
1516.45 4.05
1531.61 4.15
1546.93 4.25
1562.4 4.36
1578.02 4.46
1593.8 4.57
1609.74 4.69
1625.84 4.8
1642.1 4.92
1658.52 5.04
1675.1 5.17
1691.85 5.29
1708.77 5.42
1725.86 5.55
1743.12 5.68
1760.55 5.81
1778.15 5.94
1795.94 6.07
1813.9 6.2
1832.03 6.34
1850.36 6.47
1868.86 6.61
1887.55 6.74
1906.42 6.88
1925.49 7.02
1944.74 7.16
1964.19 7.31
1983.83 7.45
2003.67 7.59
2023.71 7.73
2043.94 7.87
2064.38 8.01
2085.03 8.15
2105.88 8.3
2126.94 8.44
2148.2 8.58
2169.69 8.72
2191.38 8.86
2213.3 9
2235.43 9.13
2257.78 9.26
2280.36 9.38
2303.17 9.5
2326.2 9.61
2349.46 9.71
2372.95 9.81
2396.68 9.89
2420.65 9.98
2444.86 10.05
2469.31 10.11
2494 10.16
2518.94 10.2
2544.13 10.22
2569.57 10.25
2595.27 10.26
2621.22 10.26
2647.43 10.26
2673.9 10.23
2700.64 10.21
2727.65 10.18
2754.93 10.15
2782.48 10.11
2810.3 10.07
2838.4 10.03
2866.79 9.99
2895.46 9.95
2924.41 9.91
2953.65 9.86
2983.19 9.82
3013.02 9.76
3043.15 9.71
3073.58 9.65
3104.32 9.58
3135.36 9.51
3166.72 9.43
3198.38 9.36
3230.37 9.28
3262.67 9.2
3295.3 9.12
3328.25 9.04
3361.53 8.97
3395.15 8.9
3429.1 8.84
3463.39 8.78
3498.03 8.73
3533.01 8.68
3568.34 8.64
3604.02 8.6
3640.06 8.57
3676.46 8.54
3713.22 8.52
3750.36 8.5
3787.86 8.5
3825.74 8.5
3864 8.5
3902.64 8.51
3941.66 8.52
3981.08 8.54
4020.89 8.56
4061.1 8.58
4101.71 8.61
4142.73 8.63
4184.15 8.66
4226 8.69
4268.26 8.72
4310.94 8.74
4354.05 8.76
4397.59 8.76
4441.56 8.76
4485.98 8.76
4530.84 8.73
4576.15 8.69
4621.91 8.65
4668.13 8.56
4714.81 8.48
4761.96 8.38
4809.58 8.24
4857.67 8.09
4906.25 7.91
4955.31 7.72
5004.87 7.52
5054.91 7.27
5105.46 7.02
5156.52 6.77
5208.08 6.48
5260.16 6.19
5312.77 5.9
5365.89 5.6
5419.55 5.3
5473.75 5
5528.49 4.7
5583.77 4.4
5639.61 4.11
5696 3.84
5752.96 3.56
5810.49 3.29
5868.6 3.05
5927.28 2.82
5986.56 2.58
6046.42 2.38
6106.89 2.2
6167.96 2.02
6229.64 1.88
6291.93 1.74
6354.85 1.64
6418.4 1.56
6482.58 1.47
6547.41 1.44
6612.88 1.42
6679.01 1.41
6745.8 1.46
6813.26 1.53
6881.39 1.61
6950.21 1.76
7019.71 1.95
7089.91 2.13
7160.81 2.42
7232.41 2.73
7304.74 3.05
7377.79 3.5
7451.56 3.95
7526.08 4.43
7601.34 4.94
7677.35 5.46
7754.13 5.97
7831.67 6.25
7909.98 6.53
7989.08 6.81
8068.98 6.59
8149.67 6.28
8231.16 5.97
8313.47 5.25
8396.61 4.41
8480.57 3.57
8565.38 2.59
8651.03 1.56
8737.54 0.53
8824.92 -0.43
8913.17 -1.39
9002.3 -2.34
9092.32 -3.14
9183.25 -3.95
9275.08 -4.71
9367.83 -5.38
9461.51 -6.04
9556.12 -6.63
9651.68 -7.18
9748.2 -7.72
9845.68 -8.17
9944.14 -8.61
10043.58 -9.01
10144.02 -9.37
10245.46 -9.73
10347.91 -10.04
10451.39 -10.31
10555.91 -10.57
10661.46 -10.78
10768.08 -10.95
10875.76 -11.13
10984.52 -11.22
11094.36 -11.29
11205.31 -11.35
11317.36 -11.31
11430.53 -11.27
11544.84 -11.18
11660.29 -11.03
11776.89 -10.87
11894.66 -10.58
12013.6 -10.26
12133.74 -9.94
12255.08 -9.53
12377.63 -9.01
12501.41 -8.49
12626.42 -7.78
12752.68 -7.08
12880.21 -6.27
13009.01 -5.41
13139.1 -4.55
13270.49 -3.76
13403.2 -3.03
13537.23 -2.3
13672.6 -1.86
13809.33 -1.67
13947.42 -1.49
14086.9 -1.67
14227.77 -2.08
14370.04 -2.49
14513.74 -2.9
14658.88 -3.32
14805.47 -3.73
14953.52 -4.15
15103.06 -4.27
15254.09 -4.26
15406.63 -4.24
15560.7 -4.2
15716.3 -4.11
15873.47 -4.02
16032.2 -4.05
16192.52 -4.55
16354.45 -5.05
16517.99 -5.62
16683.17 -6.78
16850.01 -7.94
17018.51 -9.12
17188.69 -10.46
17360.58 -11.81
17534.18 -13.1
17709.53 -14.19
17886.62 -15.29
18065.49 -16.23
18246.14 -16.91
18428.6 -17.59
18612.89 -18.08
18799.02 -18.44
18987.01 -18.8
19176.88 -19.08
19368.65 -19.35
19562.33 -19.6
19757.96 -19.82
19955.54 -20.03