20 89.48
20.2909066988 89.53
20.5860447329 89.59
20.8854756485 89.58
21.1892618872 89.56
21.4974667984 89.55
21.8101546533 89.55
22.1273906578 89.56
22.4492409662 89.57
22.7757726951 89.57
23.1070539374 89.56
23.4431537764 89.54
23.7841423001 89.54
24.130090616 89.56
24.4810708661 89.59
24.8371562415 89.63
25.1984209979 89.65
25.5649404712 89.66
25.936791093 89.66
26.3140504067 89.65
26.6967970834 89.65
27.0851109387 89.66
27.4790729492 89.67
27.878765269 89.68
28.2842712475 89.70
28.6956754462 89.72
29.1130636568 89.74
29.5365229188 89.76
29.9661415375 89.78
30.402009103 89.79
30.8442165082 89.79
31.2928559682 89.80
31.7480210394 89.80
32.209806639 89.81
32.6783090648 89.82
33.1536260154 89.81
33.6358566101 89.81
34.1251014105 89.80
34.6214624402 89.79
35.1250432075 89.79
35.6359487256 89.80
36.1542855356 89.83
36.6801617282 89.88
37.2136869661 89.95
37.7549725073 89.98
38.3041312279 89.98
38.8612776461 89.96
39.4265279456 89.94
40 89.91
40.5818133975 89.92
41.1720894657 89.93
41.7709512971 89.90
42.3785237744 89.87
42.9949335968 89.86
43.6203093066 89.87
44.2547813156 89.88
44.8984819324 89.90
45.5515453903 89.91
46.2141078749 89.93
46.8863075528 89.96
47.5682846001 89.98
48.260181232 89.97
48.9621417322 89.93
49.6743124829 89.87
50.3968419958 89.83
51.1298809424 89.80
51.873582186 89.79
52.6281008133 89.79
53.3935941668 89.80
54.1702218775 89.81
54.9581458983 89.82
55.757530538 89.83
56.5685424949 89.83
57.3913508924 89.83
58.2261273137 89.82
59.0730458376 89.82
59.9322830751 89.83
60.804018206 89.82
61.6884330163 89.81
62.5857119363 89.81
63.4960420787 89.81
64.419613278 89.80
65.3566181296 89.79
66.3072520307 89.78
67.2717132203 89.77
68.2502028209 89.75
69.2429248805 89.74
70.2500864149 89.71
71.2718974512 89.69
72.3085710713 89.67
73.3603234564 89.65
74.4273739322 89.66
75.5099450145 89.66
76.6082624559 89.67
77.7225552923 89.68
78.8530558912 89.67
80 89.67
81.163626795 89.65
82.3441789315 89.63
83.5419025942 89.62
84.7570475487 89.60
85.9898671937 89.59
87.2406186132 89.58
88.5095626311 89.56
89.7969638648 89.54
91.1030907805 89.53
92.4282157498 89.51
93.7726151055 89.49
95.1365692002 89.47
96.520362464 89.45
97.9242834644 89.44
99.3486249659 89.42
100.7936839916 89.40
102.2597618848 89.38
103.7471643721 89.35
105.2562016267 89.33
106.7871883336 89.31
108.340443755 89.28
109.9162917966 89.26
111.5150610759 89.24
113.1370849898 89.22
114.7827017849 89.20
116.4522546274 89.19
118.1460916752 89.18
119.8645661501 89.15
121.6080364119 89.13
123.3768660326 89.10
125.1714238726 89.07
126.9920841575 89.05
128.8392265559 89.03
130.7132362593 89.00
132.6145040614 88.97
134.5434264406 88.93
136.5004056418 88.90
138.485849761 88.86
140.5001728299 88.83
142.5437949025 88.80
144.6171421426 88.77
146.7206469127 88.73
148.8547478643 88.70
151.0198900291 88.66
153.2165249118 88.62
155.4451105846 88.59
157.7061117824 88.55
160 88.52
162.32725359 88.48
164.688357863 88.44
167.0838051884 88.40
169.5140950975 88.36
171.9797343873 88.32
174.4812372264 88.27
177.0191252622 88.24
179.5939277295 88.20
182.2061815611 88.16
184.8564314996 88.12
187.5452302111 88.08
190.2731384004 88.04
193.0407249281 88.00
195.8485669287 87.95
198.6972499318 87.90
201.5873679832 87.85
204.5195237697 87.80
207.4943287442 87.75
210.5124032534 87.70
213.5743766672 87.65
216.6808875099 87.60
219.8325835933 87.55
223.0301221518 87.50
226.2741699797 87.46
229.5654035698 87.41
232.9045092548 87.37
236.2921833503 87.33
239.7291323003 87.28
243.2160728239 87.23
246.7537320653 87.17
250.3428477452 87.11
253.9841683149 87.06
257.6784531119 87.01
261.4264725186 86.96
265.2290081229 86.90
269.0868528812 86.85
273.0008112836 86.79
276.971699522 86.74
281.0003456597 86.68
285.0875898049 86.63
289.2342842852 86.57
293.4412938255 86.51
297.7094957287 86.46
302.0397800581 86.40
306.4330498235 86.34
310.8902211692 86.28
315.4122235649 86.22
320 86.16
324.65450718 86.09
329.3767157259 86.04
334.1676103768 85.98
339.028190195 85.92
343.9594687746 85.86
348.9624744529 85.80
354.0382505244 85.75
359.187855459 85.69
364.4123631221 85.63
369.7128629991 85.57
375.0904604222 85.51
380.5462768009 85.45
386.0814498562 85.39
391.6971338575 85.33
397.3944998635 85.28
403.1747359664 85.23
409.0390475393 85.17
414.9886574883 85.12
421.0248065068 85.07
427.1487533344 85.01
433.3617750198 84.96
439.6651671866 84.91
446.0602443037 84.86
452.5483399594 84.81
459.1308071395 84.76
465.8090185095 84.71
472.5843667007 84.66
479.4582646005 84.61
486.4321456477 84.56
493.5074641306 84.51
500.6856954905 84.47
507.9683366298 84.42
515.3569062238 84.37
522.8529450372 84.33
530.4580162458 84.29
538.1737057624 84.24
546.0016225673 84.20
553.9433990439 84.16
562.0006913195 84.13
570.1751796098 84.09
578.4685685703 84.06
586.882587651 84.02
595.4189914574 83.99
604.0795601163 83.96
612.8660996471 83.93
621.7804423383 83.90
630.8244471297 83.88
640 83.85
649.30901436 83.83
658.7534314519 83.81
668.3352207536 83.80
678.05638039 83.78
687.9189375493 83.76
697.9249489058 83.75
708.0765010489 83.74
718.375710918 83.74
728.8247262443 83.74
739.4257259983 83.74
750.1809208443 83.74
761.0925536018 83.75
772.1628997124 83.76
783.394267715 83.78
794.7889997271 83.80
806.3494719327 83.82
818.0780950787 83.84
829.9773149767 83.87
842.0496130136 83.91
854.2975066688 83.95
866.7235500396 83.99
879.3303343732 84.04
892.1204886074 84.10
905.0966799188 84.16
918.2616142791 84.23
931.618037019 84.31
945.1687334013 84.38
958.9165292011 84.47
972.8642912955 84.56
987.0149282611 84.66
1001.371390981 84.76
1015.9366732597 84.87
1030.7138124476 84.98
1045.7058900743 85.09
1060.9160324916 85.22
1076.3474115248 85.34
1092.0032451345 85.46
1107.8867980879 85.59
1124.0013826389 85.72
1140.3503592197 85.84
1156.9371371406 85.97
1173.765175302 86.09
1190.8379829148 86.21
1208.1591202326 86.33
1225.7321992942 86.44
1243.5608846767 86.55
1261.6488942595 86.65
1280 86.75
1298.6180287201 86.84
1317.5068629037 86.93
1336.6704415071 87.01
1356.1127607799 87.09
1375.8378750985 87.15
1395.8498978116 87.22
1416.1530020977 87.27
1436.751421836 87.32
1457.6494524886 87.37
1478.8514519966 87.42
1500.3618416887 87.46
1522.1851072035 87.50
1544.3257994247 87.54
1566.78853543 87.58
1589.5779994541 87.62
1612.6989438655 87.66
1636.1561901574 87.70
1659.9546299533 87.75
1684.0992260271 87.79
1708.5950133377 87.85
1733.4471000793 87.90
1758.6606687464 87.97
1784.2409772148 88.04
1810.1933598376 88.11
1836.5232285581 88.20
1863.2360740381 88.29
1890.3374668026 88.39
1917.8330584022 88.50
1945.7285825909 88.62
1974.0298565222 88.75
2002.742781962 88.89
2031.8733465194 89.05
2061.4276248951 89.21
2091.4117801487 89.39
2121.8320649832 89.58
2152.6948230496 89.78
2184.0064902691 90.00
2215.7735961758 90.23
2248.0027652779 90.47
2280.7007184393 90.73
2313.8742742813 91.00
2347.530350604 91.28
2381.6759658296 91.57
2416.3182404652 91.88
2451.4643985884 92.20
2487.1217693533 92.52
2523.297788519 92.86
2560.0000000001 93.21
2597.2360574402 93.56
2635.0137258074 93.91
2673.3408830143 94.25
2712.2255215599 94.59
2751.6757501971 94.90
2791.6997956232 95.20
2832.3060041955 95.43
2873.5028436721 95.64
2915.2989049772 95.80
2957.7029039931 95.87
3000.7236833774 95.94
3044.3702144071 95.88
3088.6515988494 95.77
3133.57707086 95.59
3179.1559989082 95.36
3225.397887731 95.09
3272.3123803148 94.81
3319.9092599067 94.49
3368.1984520542 94.18
3417.1900266754 93.87
3466.8942001586 93.57
3517.3213374928 93.30
3568.4819544296 93.04
3620.3867196753 92.82
3673.0464571163 92.62
3726.4721480761 92.47
3780.6749336053 92.35
3835.6661168044 92.26
3891.4571651819 92.21
3948.0597130445 92.22
4005.4855639241 92.24
4063.7466930387 92.34
4122.8552497902 92.45
4182.8235602974 92.65
4243.6641299665 92.85
4305.3896460992 93.10
4368.0129805382 93.37
4431.5471923516 93.63
4496.0055305558 93.90
4561.4014368787 94.04
4627.7485485626 94.15
4695.0607012081 94.06
4763.3519316592 93.93
4832.6364809305 93.66
4902.9287971769 93.37
4974.2435387067 93.05
5046.595577038 92.70
5120.0000000002 92.32
5194.4721148803 91.85
5270.0274516149 91.31
5346.6817660286 90.71
5424.4510431198 90.06
5503.3515003942 89.40
5583.3995912463 88.74
5664.6120083911 88.14
5747.0056873442 87.55
5830.5978099545 87.01
5915.4058079863 86.56
6001.4473667548 86.10
6088.7404288142 85.77
6177.3031976989 85.48
6267.1541417201 85.27
6358.3119978165 85.14
6450.795775462 85.07
6544.6247606297 85.07
6639.8185198134 85.16
6736.3969041085 85.32
6834.3800533509 85.60
6933.7884003172 85.93
7034.6426749857 86.39
7136.9639088592 86.91
7240.7734393506 87.52
7346.0929142326 88.12
7452.9442961523 88.72
7561.3498672106 89.11
7671.3322336089 89.34
7782.9143303638 89.38
7896.119426089 88.95
8010.9711278481 88.48
8127.4933860775 87.72
8245.7104995805 86.95
8365.6471205948 86.88
8487.328259933 86.84
8610.7792921984 87.95
8736.0259610765 89.21
8863.0943847033 90.56
8992.0110611117 91.93
9122.8028737575 92.48
9255.4970971253 92.95
9390.1214024162 92.60
9526.7038633184 92.20
9665.272961861 91.59
9805.8575943538 91.02
9948.4870774134 90.55
10093.191154076 90.24
10240.0000000005 90.02
10388.9442297607 89.87
10540.0549032298 89.77
10693.3635320572 89.64
10848.9020862397 89.47
11006.7030007884 89.17
11166.7991824927 88.79
11329.2240167822 88.24
11494.0113746885 87.64
11661.1956199091 87.00
11830.8116159726 86.38
12002.8947335097 85.84
12177.4808576284 85.29
12354.6063953979 84.87
12534.3082834402 84.49
12716.6239956331 84.24
12901.5915509241 84.04
13089.2495212594 83.87
13279.637039627 83.56
13472.7938082171 83.03
13668.7601067018 82.26
13867.5768006344 81.03
14069.2853499715 79.92
14273.9278177184 79.02
14481.5468787012 78.12
14692.1858284653 78.27
14905.8885923047 78.53
15122.6997344212 78.62
15342.6644672179 78.60
15565.8286607277 78.42
15792.2388521781 77.86
16021.9422556964 77.25
16254.9867721551 76.21
16491.4209991611 75.15
16731.2942411897 74.51
16974.656519866 73.87
17221.5585843969 74.48
17472.0519221531 75.24
17726.1887694067 75.97
17984.0221222235 76.71
18245.605747515 76.92
18510.9941942506 77.11
18780.2428048326 77.19
19053.4077266369 77.23
19330.545923722 77.11
19611.7151887077 76.91
19896.9741548268 76.57
20186.382308152 76.44
