20 3.91
20.2 3.95
20.4 3.99
20.61 4.03
20.81 4.06
21.02 4.09
21.23 4.12
21.44 4.14
21.66 4.16
21.87 4.18
22.09 4.19
22.31 4.2
22.54 4.22
22.76 4.25
22.99 4.27
23.22 4.31
23.45 4.34
23.69 4.38
23.92 4.42
24.16 4.46
24.4 4.49
24.65 4.52
24.89 4.54
25.14 4.56
25.39 4.57
25.65 4.59
25.91 4.61
26.16 4.65
26.43 4.68
26.69 4.71
26.96 4.74
27.23 4.77
27.5 4.77
27.77 4.77
28.05 4.77
28.33 4.77
28.62 4.77
28.9 4.77
29.19 4.8
29.48 4.84
29.78 4.88
30.08 4.92
30.38 4.96
30.68 5
30.99 5.01
31.3 5.03
31.61 5.04
31.93 5.04
32.24 5.05
32.57 5.05
32.89 5.05
33.22 5.04
33.55 5.04
33.89 5.03
34.23 5.01
34.57 5
34.92 5.01
35.27 5.01
35.62 5.01
35.97 5.03
36.33 5.05
36.7 5.07
37.06 5.08
37.43 5.1
37.81 5.1
38.19 5.11
38.57 5.11
38.95 5.13
39.34 5.14
39.74 5.15
40.14 5.16
40.54 5.17
40.94 5.17
41.35 5.18
41.76 5.17
42.18 5.17
42.6 5.17
43.03 5.15
43.46 5.13
43.9 5.11
44.33 5.08
44.78 5.06
45.23 5.05
45.68 5.04
46.13 5.03
46.6 5.03
47.06 5.03
47.53 5.04
48.01 5.03
48.49 5.02
48.97 5
49.46 4.98
49.96 4.96
50.46 4.94
50.96 4.92
51.47 4.9
51.99 4.88
52.51 4.86
53.03 4.84
53.56 4.81
54.1 4.79
54.64 4.77
55.18 4.75
55.74 4.73
56.29 4.71
56.86 4.7
57.42 4.69
58 4.68
58.58 4.65
59.16 4.63
59.76 4.61
60.35 4.59
60.96 4.56
61.57 4.53
62.18 4.5
62.8 4.48
63.43 4.45
64.07 4.42
64.71 4.4
65.35 4.37
66.01 4.33
66.67 4.3
67.33 4.27
68.01 4.24
68.69 4.2
69.37 4.17
70.07 4.13
70.77 4.09
71.48 4.05
72.19 4.02
72.91 3.98
73.64 3.94
74.38 3.91
75.12 3.87
75.87 3.83
76.63 3.8
77.4 3.76
78.17 3.72
78.95 3.69
79.74 3.66
80.54 3.62
81.35 3.58
82.16 3.54
82.98 3.49
83.81 3.44
84.65 3.39
85.5 3.34
86.35 3.3
87.22 3.25
88.09 3.2
88.97 3.16
89.86 3.11
90.76 3.07
91.66 3.02
92.58 2.97
93.51 2.92
94.44 2.87
95.39 2.82
96.34 2.77
97.3 2.72
98.28 2.67
99.26 2.62
100.25 2.57
101.25 2.52
102.27 2.47
103.29 2.41
104.32 2.36
105.37 2.3
106.42 2.24
107.48 2.18
108.56 2.11
109.64 2.06
110.74 2
111.85 1.94
112.97 1.88
114.1 1.83
115.24 1.78
116.39 1.72
117.55 1.67
118.73 1.61
119.92 1.55
121.12 1.49
122.33 1.43
123.55 1.36
124.79 1.3
126.03 1.24
127.29 1.18
128.57 1.11
129.85 1.05
131.15 0.99
132.46 0.92
133.79 0.86
135.12 0.8
136.48 0.74
137.84 0.68
139.22 0.62
140.61 0.56
142.02 0.51
143.44 0.45
144.87 0.39
146.32 0.33
147.78 0.27
149.26 0.21
150.75 0.16
152.26 0.1
153.78 0.04
155.32 -0.02
156.88 -0.08
158.44 -0.13
160.03 -0.19
161.63 -0.25
163.24 -0.3
164.88 -0.36
166.53 -0.41
168.19 -0.47
169.87 -0.52
171.57 -0.57
173.29 -0.63
175.02 -0.68
176.77 -0.73
178.54 -0.78
180.32 -0.83
182.13 -0.87
183.95 -0.92
185.79 -0.97
187.65 -1.01
189.52 -1.06
191.42 -1.1
193.33 -1.14
195.27 -1.19
197.22 -1.22
199.19 -1.26
201.18 -1.3
203.19 -1.34
205.23 -1.37
207.28 -1.41
209.35 -1.44
211.44 -1.48
213.56 -1.51
215.69 -1.54
217.85 -1.57
220.03 -1.6
222.23 -1.62
224.45 -1.65
226.7 -1.67
228.96 -1.69
231.25 -1.71
233.57 -1.73
235.9 -1.76
238.26 -1.77
240.64 -1.79
243.05 -1.81
245.48 -1.82
247.93 -1.83
250.41 -1.84
252.92 -1.85
255.45 -1.86
258 -1.87
260.58 -1.87
263.19 -1.88
265.82 -1.89
268.48 -1.89
271.16 -1.89
273.87 -1.9
276.61 -1.9
279.38 -1.9
282.17 -1.9
284.99 -1.89
287.84 -1.89
290.72 -1.88
293.63 -1.88
296.57 -1.88
299.53 -1.87
302.53 -1.87
305.55 -1.86
308.61 -1.86
311.69 -1.85
314.81 -1.85
317.96 -1.84
321.14 -1.83
324.35 -1.82
327.59 -1.81
330.87 -1.8
334.18 -1.79
337.52 -1.78
340.9 -1.77
344.3 -1.76
347.75 -1.75
351.23 -1.74
354.74 -1.73
358.28 -1.71
361.87 -1.7
365.49 -1.68
369.14 -1.67
372.83 -1.66
376.56 -1.64
380.33 -1.63
384.13 -1.62
387.97 -1.61
391.85 -1.6
395.77 -1.59
399.73 -1.58
403.72 -1.57
407.76 -1.56
411.84 -1.55
415.96 -1.53
420.12 -1.52
424.32 -1.51
428.56 -1.49
432.85 -1.48
437.18 -1.47
441.55 -1.45
445.96 -1.44
450.42 -1.42
454.93 -1.41
459.48 -1.4
464.07 -1.39
468.71 -1.39
473.4 -1.38
478.13 -1.37
482.91 -1.36
487.74 -1.36
492.62 -1.35
497.55 -1.34
502.52 -1.33
507.55 -1.32
512.62 -1.31
517.75 -1.3
522.93 -1.29
528.16 -1.28
533.44 -1.28
538.77 -1.27
544.16 -1.26
549.6 -1.26
555.1 -1.25
560.65 -1.24
566.25 -1.23
571.92 -1.23
577.64 -1.22
583.41 -1.22
589.25 -1.21
595.14 -1.2
601.09 -1.2
607.1 -1.19
613.17 -1.19
619.3 -1.18
625.5 -1.17
631.75 -1.16
638.07 -1.16
644.45 -1.15
650.89 -1.14
657.4 -1.14
663.98 -1.14
670.62 -1.13
677.32 -1.13
684.1 -1.12
690.94 -1.12
697.85 -1.11
704.83 -1.1
711.87 -1.09
718.99 -1.07
726.18 -1.06
733.44 -1.04
740.78 -1.03
748.19 -1.02
755.67 -1
763.23 -0.98
770.86 -0.97
778.57 -0.95
786.35 -0.93
794.22 -0.91
802.16 -0.88
810.18 -0.86
818.28 -0.84
826.46 -0.82
834.73 -0.79
843.08 -0.77
851.51 -0.74
860.02 -0.7
868.62 -0.67
877.31 -0.64
886.08 -0.6
894.94 -0.56
903.89 -0.52
912.93 -0.48
922.06 -0.43
931.28 -0.39
940.59 -0.34
950 -0.29
959.5 -0.23
969.09 -0.18
978.78 -0.13
988.57 -0.07
998.46 -0.01
1008.44 0.05
1018.53 0.12
1028.71 0.18
1039 0.25
1049.39 0.31
1059.88 0.38
1070.48 0.45
1081.19 0.52
1092 0.59
1102.92 0.66
1113.95 0.73
1125.09 0.8
1136.34 0.87
1147.7 0.94
1159.18 1.02
1170.77 1.09
1182.48 1.16
1194.3 1.23
1206.25 1.3
1218.31 1.37
1230.49 1.43
1242.8 1.5
1255.22 1.56
1267.78 1.62
1280.45 1.68
1293.26 1.74
1306.19 1.79
1319.25 1.85
1332.45 1.91
1345.77 1.96
1359.23 2.02
1372.82 2.06
1386.55 2.11
1400.41 2.16
1414.42 2.2
1428.56 2.24
1442.85 2.28
1457.28 2.32
1471.85 2.35
1486.57 2.39
1501.43 2.43
1516.45 2.47
1531.61 2.51
1546.93 2.55
1562.4 2.59
1578.02 2.63
1593.8 2.67
1609.74 2.72
1625.84 2.76
1642.1 2.8
1658.52 2.84
1675.1 2.88
1691.85 2.92
1708.77 2.96
1725.86 3.01
1743.12 3.05
1760.55 3.09
1778.15 3.14
1795.94 3.19
1813.9 3.25
1832.03 3.3
1850.36 3.35
1868.86 3.41
1887.55 3.47
1906.42 3.53
1925.49 3.59
1944.74 3.65
1964.19 3.71
1983.83 3.78
2003.67 3.84
2023.71 3.91
2043.94 3.98
2064.38 4.05
2085.03 4.13
2105.88 4.2
2126.94 4.28
2148.2 4.36
2169.69 4.45
2191.38 4.54
2213.3 4.62
2235.43 4.71
2257.78 4.8
2280.36 4.89
2303.17 4.98
2326.2 5.07
2349.46 5.16
2372.95 5.26
2396.68 5.36
2420.65 5.46
2444.86 5.57
2469.31 5.68
2494 5.8
2518.94 5.91
2544.13 6.03
2569.57 6.14
2595.27 6.25
2621.22 6.35
2647.43 6.46
2673.9 6.55
2700.64 6.64
2727.65 6.73
2754.93 6.8
2782.48 6.88
2810.3 6.95
2838.4 7.01
2866.79 7.06
2895.46 7.12
2924.41 7.15
2953.65 7.17
2983.19 7.2
3013.02 7.21
3043.15 7.21
3073.58 7.2
3104.32 7.17
3135.36 7.14
3166.72 7.09
3198.38 7.03
3230.37 6.96
3262.67 6.89
3295.3 6.81
3328.25 6.73
3361.53 6.64
3395.15 6.56
3429.1 6.47
3463.39 6.39
3498.03 6.3
3533.01 6.22
3568.34 6.13
3604.02 6.04
3640.06 5.94
3676.46 5.85
3713.22 5.75
3750.36 5.65
3787.86 5.54
3825.74 5.44
3864 5.34
3902.64 5.23
3941.66 5.12
3981.08 5.01
4020.89 4.9
4061.1 4.8
4101.71 4.69
4142.73 4.59
4184.15 4.5
4226 4.4
4268.26 4.31
4310.94 4.23
4354.05 4.15
4397.59 4.08
4441.56 4.01
4485.98 3.94
4530.84 3.88
4576.15 3.83
4621.91 3.77
4668.13 3.73
4714.81 3.69
4761.96 3.65
4809.58 3.62
4857.67 3.59
4906.25 3.58
4955.31 3.57
5004.87 3.56
5054.91 3.56
5105.46 3.57
5156.52 3.59
5208.08 3.63
5260.16 3.68
5312.77 3.74
5365.89 3.84
5419.55 3.94
5473.75 4.06
5528.49 4.22
5583.77 4.37
5639.61 4.54
5696 4.72
5752.96 4.9
5810.49 5.05
5868.6 5.07
5927.28 5.1
5986.56 5.13
6046.42 4.99
6106.89 4.8
6167.96 4.58
6229.64 4.28
6291.93 3.98
6354.85 3.7
6418.4 3.43
6482.58 3.15
6547.41 2.98
6612.88 2.85
6679.01 2.71
6745.8 2.68
6813.26 2.7
6881.39 2.72
6950.21 2.84
7019.71 3
7089.91 3.16
7160.81 3.43
7232.41 3.72
7304.74 4.01
7377.79 4.41
7451.56 4.8
7526.08 5.2
7601.34 5.6
7677.35 6
7754.13 6.39
7831.67 6.55
7909.98 6.7
7989.08 6.86
8068.98 6.64
8149.67 6.36
8231.16 6.07
8313.47 5.5
8396.61 4.84
8480.57 4.19
8565.38 3.42
8651.03 2.62
8737.54 1.82
8824.92 1.06
8913.17 0.3
9002.3 -0.45
9092.32 -1.09
9183.25 -1.73
9275.08 -2.34
9367.83 -2.85
9461.51 -3.37
9556.12 -3.82
9651.68 -4.22
9748.2 -4.62
9845.68 -4.95
9944.14 -5.28
10043.58 -5.59
10144.02 -5.88
10245.46 -6.18
10347.91 -6.48
10451.39 -6.79
10555.91 -7.1
10661.46 -7.42
10768.08 -7.76
10875.76 -8.1
10984.52 -8.45
11094.36 -8.79
11205.31 -9.13
11317.36 -9.44
11430.53 -9.75
11544.84 -10.04
11660.29 -10.29
11776.89 -10.54
11894.66 -10.74
12013.6 -10.93
12133.74 -11.12
12255.08 -11.29
12377.63 -11.44
12501.41 -11.59
12626.42 -11.73
12752.68 -11.87
12880.21 -12.01
13009.01 -12.15
13139.1 -12.28
13270.49 -12.41
13403.2 -12.53
13537.23 -12.64
13672.6 -12.72
13809.33 -12.75
13947.42 -12.79
14086.9 -12.7
14227.77 -12.55
14370.04 -12.39
14513.74 -12.19
14658.88 -11.65
14805.47 -11.1
14953.52 -10.56
15103.06 -9.79
15254.09 -8.92
15406.63 -8.05
15560.7 -7.28
15716.3 -6.66
15873.47 -6.05
16032.2 -5.58
16192.52 -5.72
16354.45 -5.85
16517.99 -6.04
16683.17 -6.62
16850.01 -7.2
17018.51 -7.77
17188.69 -8.23
17360.58 -8.69
17534.18 -9.09
17709.53 -9.26
17886.62 -9.43
18065.49 -9.53
18246.14 -9.52
18428.6 -9.51
18612.89 -9.52
18799.02 -9.55
18987.01 -9.58
19176.88 -9.81
19368.65 -10.06
19562.33 -10.31
19757.96 -10.56
19955.54 -10.81