20 7.25
20.2 7.3
20.4 7.36
20.61 7.41
20.81 7.46
21.02 7.51
21.23 7.56
21.44 7.61
21.66 7.66
21.87 7.7
22.09 7.75
22.31 7.79
22.54 7.83
22.76 7.87
22.99 7.91
23.22 7.95
23.45 7.99
23.69 8.02
23.92 8.06
24.16 8.09
24.4 8.12
24.65 8.15
24.89 8.18
25.14 8.21
25.39 8.24
25.65 8.27
25.91 8.29
26.16 8.32
26.43 8.35
26.69 8.38
26.96 8.4
27.23 8.43
27.5 8.45
27.77 8.48
28.05 8.51
28.33 8.53
28.62 8.55
28.9 8.58
29.19 8.6
29.48 8.62
29.78 8.64
30.08 8.66
30.38 8.68
30.68 8.69
30.99 8.71
31.3 8.73
31.61 8.74
31.93 8.76
32.24 8.78
32.57 8.79
32.89 8.8
33.22 8.81
33.55 8.81
33.89 8.82
34.23 8.83
34.57 8.83
34.92 8.84
35.27 8.84
35.62 8.85
35.97 8.86
36.33 8.86
36.7 8.87
37.06 8.87
37.43 8.88
37.81 8.88
38.19 8.88
38.57 8.88
38.95 8.88
39.34 8.88
39.74 8.88
40.14 8.88
40.54 8.88
40.94 8.87
41.35 8.87
41.76 8.86
42.18 8.85
42.6 8.85
43.03 8.84
43.46 8.83
43.9 8.83
44.33 8.81
44.78 8.8
45.23 8.79
45.68 8.78
46.13 8.77
46.6 8.76
47.06 8.75
47.53 8.74
48.01 8.73
48.49 8.71
48.97 8.7
49.46 8.68
49.96 8.66
50.46 8.65
50.96 8.63
51.47 8.61
51.99 8.6
52.51 8.58
53.03 8.56
53.56 8.54
54.1 8.51
54.64 8.49
55.18 8.47
55.74 8.45
56.29 8.43
56.86 8.4
57.42 8.38
58 8.36
58.58 8.33
59.16 8.3
59.76 8.28
60.35 8.25
60.96 8.23
61.57 8.2
62.18 8.17
62.8 8.14
63.43 8.11
64.07 8.09
64.71 8.06
65.35 8.03
66.01 8
66.67 7.96
67.33 7.93
68.01 7.9
68.69 7.87
69.37 7.84
70.07 7.8
70.77 7.77
71.48 7.73
72.19 7.7
72.91 7.66
73.64 7.63
74.38 7.59
75.12 7.55
75.87 7.51
76.63 7.48
77.4 7.44
78.17 7.4
78.95 7.36
79.74 7.32
80.54 7.28
81.35 7.24
82.16 7.2
82.98 7.16
83.81 7.11
84.65 7.07
85.5 7.03
86.35 6.98
87.22 6.94
88.09 6.89
88.97 6.85
89.86 6.8
90.76 6.76
91.66 6.72
92.58 6.67
93.51 6.62
94.44 6.58
95.39 6.53
96.34 6.48
97.3 6.44
98.28 6.39
99.26 6.34
100.25 6.29
101.25 6.24
102.27 6.19
103.29 6.14
104.32 6.09
105.37 6.04
106.42 5.99
107.48 5.94
108.56 5.89
109.64 5.84
110.74 5.79
111.85 5.74
112.97 5.68
114.1 5.63
115.24 5.58
116.39 5.52
117.55 5.47
118.73 5.41
119.92 5.36
121.12 5.31
122.33 5.25
123.55 5.2
124.79 5.14
126.03 5.09
127.29 5.03
128.57 4.98
129.85 4.92
131.15 4.87
132.46 4.81
133.79 4.75
135.12 4.7
136.48 4.64
137.84 4.58
139.22 4.53
140.61 4.47
142.02 4.41
143.44 4.36
144.87 4.3
146.32 4.24
147.78 4.19
149.26 4.13
150.75 4.07
152.26 4.01
153.78 3.96
155.32 3.9
156.88 3.84
158.44 3.79
160.03 3.73
161.63 3.67
163.24 3.61
164.88 3.55
166.53 3.49
168.19 3.43
169.87 3.38
171.57 3.32
173.29 3.26
175.02 3.2
176.77 3.14
178.54 3.08
180.32 3.02
182.13 2.97
183.95 2.91
185.79 2.85
187.65 2.79
189.52 2.73
191.42 2.67
193.33 2.62
195.27 2.56
197.22 2.5
199.19 2.45
201.18 2.39
203.19 2.33
205.23 2.28
207.28 2.22
209.35 2.16
211.44 2.11
213.56 2.05
215.69 1.99
217.85 1.94
220.03 1.88
222.23 1.82
224.45 1.77
226.7 1.71
228.96 1.66
231.25 1.6
233.57 1.55
235.9 1.49
238.26 1.44
240.64 1.38
243.05 1.32
245.48 1.27
247.93 1.21
250.41 1.16
252.92 1.1
255.45 1.05
258 1
260.58 0.94
263.19 0.89
265.82 0.83
268.48 0.78
271.16 0.73
273.87 0.68
276.61 0.63
279.38 0.57
282.17 0.52
284.99 0.47
287.84 0.42
290.72 0.37
293.63 0.32
296.57 0.27
299.53 0.22
302.53 0.17
305.55 0.12
308.61 0.07
311.69 0.03
314.81 -0.02
317.96 -0.07
321.14 -0.12
324.35 -0.17
327.59 -0.21
330.87 -0.26
334.18 -0.31
337.52 -0.35
340.9 -0.4
344.3 -0.45
347.75 -0.49
351.23 -0.53
354.74 -0.58
358.28 -0.62
361.87 -0.67
365.49 -0.71
369.14 -0.75
372.83 -0.79
376.56 -0.83
380.33 -0.88
384.13 -0.92
387.97 -0.96
391.85 -1
395.77 -1.04
399.73 -1.07
403.72 -1.11
407.76 -1.15
411.84 -1.19
415.96 -1.22
420.12 -1.26
424.32 -1.3
428.56 -1.33
432.85 -1.37
437.18 -1.4
441.55 -1.43
445.96 -1.47
450.42 -1.5
454.93 -1.53
459.48 -1.56
464.07 -1.59
468.71 -1.62
473.4 -1.65
478.13 -1.68
482.91 -1.71
487.74 -1.74
492.62 -1.76
497.55 -1.79
502.52 -1.81
507.55 -1.84
512.62 -1.86
517.75 -1.88
522.93 -1.9
528.16 -1.92
533.44 -1.94
538.77 -1.96
544.16 -1.98
549.6 -2
555.1 -2.02
560.65 -2.03
566.25 -2.04
571.92 -2.06
577.64 -2.07
583.41 -2.08
589.25 -2.09
595.14 -2.1
601.09 -2.11
607.1 -2.12
613.17 -2.13
619.3 -2.14
625.5 -2.15
631.75 -2.16
638.07 -2.17
644.45 -2.18
650.89 -2.19
657.4 -2.21
663.98 -2.22
670.62 -2.23
677.32 -2.24
684.1 -2.24
690.94 -2.24
697.85 -2.23
704.83 -2.22
711.87 -2.2
718.99 -2.18
726.18 -2.15
733.44 -2.11
740.78 -2.08
748.19 -2.04
755.67 -2.01
763.23 -1.97
770.86 -1.93
778.57 -1.89
786.35 -1.84
794.22 -1.8
802.16 -1.75
810.18 -1.71
818.28 -1.66
826.46 -1.61
834.73 -1.55
843.08 -1.49
851.51 -1.43
860.02 -1.36
868.62 -1.29
877.31 -1.22
886.08 -1.15
894.94 -1.07
903.89 -0.99
912.93 -0.91
922.06 -0.82
931.28 -0.73
940.59 -0.64
950 -0.54
959.5 -0.44
969.09 -0.34
978.78 -0.24
988.57 -0.13
998.46 -0.02
1008.44 0.1
1018.53 0.21
1028.71 0.33
1039 0.45
1049.39 0.57
1059.88 0.7
1070.48 0.82
1081.19 0.95
1092 1.08
1102.92 1.21
1113.95 1.34
1125.09 1.48
1136.34 1.61
1147.7 1.75
1159.18 1.88
1170.77 2.02
1182.48 2.16
1194.3 2.3
1206.25 2.44
1218.31 2.58
1230.49 2.73
1242.8 2.87
1255.22 3.02
1267.78 3.16
1280.45 3.31
1293.26 3.46
1306.19 3.61
1319.25 3.76
1332.45 3.92
1345.77 4.07
1359.23 4.23
1372.82 4.39
1386.55 4.55
1400.41 4.71
1414.42 4.88
1428.56 5.05
1442.85 5.22
1457.28 5.4
1471.85 5.58
1486.57 5.76
1501.43 5.94
1516.45 6.13
1531.61 6.32
1546.93 6.51
1562.4 6.7
1578.02 6.9
1593.8 7.1
1609.74 7.3
1625.84 7.5
1642.1 7.71
1658.52 7.91
1675.1 8.12
1691.85 8.33
1708.77 8.53
1725.86 8.74
1743.12 8.94
1760.55 9.14
1778.15 9.33
1795.94 9.53
1813.9 9.71
1832.03 9.88
1850.36 10.06
1868.86 10.2
1887.55 10.35
1906.42 10.48
1925.49 10.59
1944.74 10.7
1964.19 10.78
1983.83 10.85
2003.67 10.91
2023.71 10.93
2043.94 10.94
2064.38 10.95
2085.03 10.92
2105.88 10.89
2126.94 10.84
2148.2 10.77
2169.69 10.69
2191.38 10.6
2213.3 10.5
2235.43 10.39
2257.78 10.27
2280.36 10.15
2303.17 10.02
2326.2 9.9
2349.46 9.77
2372.95 9.64
2396.68 9.51
2420.65 9.39
2444.86 9.27
2469.31 9.15
2494 9.03
2518.94 8.93
2544.13 8.83
2569.57 8.73
2595.27 8.65
2621.22 8.57
2647.43 8.5
2673.9 8.44
2700.64 8.39
2727.65 8.35
2754.93 8.32
2782.48 8.3
2810.3 8.29
2838.4 8.31
2866.79 8.32
2895.46 8.34
2924.41 8.39
2953.65 8.44
2983.19 8.5
3013.02 8.58
3043.15 8.67
3073.58 8.77
3104.32 8.9
3135.36 9.02
3166.72 9.17
3198.38 9.32
3230.37 9.48
3262.67 9.64
3295.3 9.81
3328.25 9.98
3361.53 10.14
3395.15 10.27
3429.1 10.4
3463.39 10.49
3498.03 10.51
3533.01 10.52
3568.34 10.45
3604.02 10.3
3640.06 10.14
3676.46 9.85
3713.22 9.51
3750.36 9.17
3787.86 8.65
3825.74 8.14
3864 7.63
3902.64 7.02
3941.66 6.4
3981.08 5.77
4020.89 5.13
4061.1 4.48
4101.71 3.82
4142.73 3.18
4184.15 2.55
4226 1.93
4268.26 1.33
4310.94 0.79
4354.05 0.24
4397.59 -0.2
4441.56 -0.58
4485.98 -0.95
4530.84 -1.14
4576.15 -1.23
4621.91 -1.32
4668.13 -1.12
4714.81 -0.92
4761.96 -0.68
4809.58 -0.32
4857.67 0.04
4906.25 0.39
4955.31 0.74
5004.87 1.08
5054.91 1.3
5105.46 1.52
5156.52 1.72
5208.08 1.76
5260.16 1.79
5312.77 1.79
5365.89 1.68
5419.55 1.56
5473.75 1.42
5528.49 1.24
5583.77 1.07
5639.61 0.89
5696 0.71
5752.96 0.53
5810.49 0.36
5868.6 0.22
5927.28 0.09
5986.56 -0.04
6046.42 -0.13
6106.89 -0.2
6167.96 -0.25
6229.64 -0.27
6291.93 -0.28
6354.85 -0.22
6418.4 -0.16
6482.58 -0.09
6547.41 0.04
6612.88 0.21
6679.01 0.37
6745.8 0.61
6813.26 0.9
6881.39 1.18
6950.21 1.57
7019.71 2.01
7089.91 2.44
7160.81 3.05
7232.41 3.68
7304.74 4.32
7377.79 5.16
7451.56 6
7526.08 6.87
7601.34 7.8
7677.35 8.73
7754.13 9.65
7831.67 10.23
7909.98 10.81
7989.08 11.39
8068.98 11.33
8149.67 11.17
8231.16 11
8313.47 10.47
8396.61 9.82
8480.57 9.17
8565.38 8.59
8651.03 8.02
8737.54 7.46
8824.92 7.13
8913.17 6.84
9002.3 6.55
9092.32 6.14
9183.25 5.74
9275.08 5.17
9367.83 4.17
9461.51 3.16
9556.12 1.81
9651.68 0.22
9748.2 -1.38
9845.68 -3.07
9944.14 -4.77
10043.58 -6.24
10144.02 -7.42
10245.46 -8.6
10347.91 -9.44
10451.39 -9.9
10555.91 -10.35
10661.46 -10.57
10768.08 -10.62
10875.76 -10.67
10984.52 -10.57
11094.36 -10.42
11205.31 -10.27
11317.36 -9.99
11430.53 -9.71
11544.84 -9.38
11660.29 -8.98
11776.89 -8.57
11894.66 -8.08
12013.6 -7.55
12133.74 -7.03
12255.08 -6.47
12377.63 -5.85
12501.41 -5.23
12626.42 -4.59
12752.68 -3.95
12880.21 -3.39
13009.01 -2.87
13139.1 -2.35
13270.49 -1.96
13403.2 -1.67
13537.23 -1.38
13672.6 -1.14
13809.33 -0.95
13947.42 -0.76
14086.9 -0.54
14227.77 -0.29
14370.04 -0.05
14513.74 0.16
14658.88 0.11
14805.47 0.06
14953.52 0.01
15103.06 -0.57
15254.09 -1.39
15406.63 -2.2
15560.7 -3.19
15716.3 -4.43
15873.47 -5.66
16032.2 -6.87
16192.52 -7.93
16354.45 -8.99
16517.99 -10.02
16683.17 -10.74
16850.01 -11.46
17018.51 -12.15
17188.69 -12.64
17360.58 -13.12
17534.18 -13.55
17709.53 -13.76
17886.62 -13.96
18065.49 -14.16
18246.14 -14.35
18428.6 -14.54
18612.89 -14.72
18799.02 -14.9
18987.01 -15.08
19176.88 -15.25
19368.65 -15.43
19562.33 -15.72
19757.96 -16.26
19955.54 -16.79