20 99.60
20.2909066988 99.64
20.5860447329 99.69
20.8854756485 99.73
21.1892618872 99.77
21.4974667984 99.80
21.8101546533 99.84
22.1273906578 99.87
22.4492409662 99.90
22.7757726951 99.93
23.1070539374 99.96
23.4431537764 99.99
23.7841423001 100.02
24.130090616 100.04
24.4810708661 100.06
24.8371562415 100.09
25.1984209979 100.11
25.5649404712 100.13
25.936791093 100.15
26.3140504067 100.16
26.6967970834 100.18
27.0851109387 100.19
27.4790729492 100.20
27.878765269 100.21
28.2842712475 100.22
28.6956754462 100.23
29.1130636568 100.24
29.5365229188 100.25
29.9661415375 100.25
30.402009103 100.25
30.8442165082 100.26
31.2928559682 100.26
31.7480210394 100.26
32.209806639 100.25
32.6783090648 100.25
33.1536260154 100.25
33.6358566101 100.24
34.1251014105 100.23
34.6214624402 100.23
35.1250432075 100.22
35.6359487256 100.21
36.1542855356 100.20
36.6801617282 100.18
37.2136869661 100.17
37.7549725073 100.15
38.3041312279 100.14
38.8612776461 100.12
39.4265279456 100.10
40 100.08
40.5818133975 100.06
41.1720894657 100.04
41.7709512971 100.02
42.3785237744 100.00
42.9949335968 99.97
43.6203093066 99.94
44.2547813156 99.92
44.8984819324 99.89
45.5515453903 99.86
46.2141078749 99.83
46.8863075528 99.80
47.5682846001 99.77
48.260181232 99.74
48.9621417322 99.70
49.6743124829 99.67
50.3968419958 99.63
51.1298809424 99.59
51.873582186 99.55
52.6281008133 99.51
53.3935941668 99.47
54.1702218775 99.43
54.9581458983 99.39
55.757530538 99.35
56.5685424949 99.31
57.3913508924 99.26
58.2261273137 99.21
59.0730458376 99.17
59.9322830751 99.12
60.804018206 99.08
61.6884330163 99.03
62.5857119363 98.98
63.4960420787 98.93
64.419613278 98.88
65.3566181296 98.83
66.3072520307 98.77
67.2717132203 98.72
68.2502028209 98.67
69.2429248805 98.61
70.2500864149 98.55
71.2718974512 98.50
72.3085710713 98.44
73.3603234564 98.39
74.4273739322 98.33
75.5099450145 98.27
76.6082624559 98.21
77.7225552923 98.15
78.8530558912 98.09
80 98.03
81.163626795 97.97
82.3441789315 97.91
83.5419025942 97.84
84.7570475487 97.78
85.9898671937 97.71
87.2406186132 97.65
88.5095626311 97.59
89.7969638648 97.52
91.1030907805 97.45
92.4282157498 97.39
93.7726151055 97.32
95.1365692002 97.26
96.520362464 97.19
97.9242834644 97.12
99.3486249659 97.05
100.7936839916 96.98
102.2597618848 96.92
103.7471643721 96.85
105.2562016267 96.78
106.7871883336 96.71
108.340443755 96.65
109.9162917966 96.58
111.5150610759 96.51
113.1370849898 96.44
114.7827017849 96.37
116.4522546274 96.30
118.1460916752 96.23
119.8645661501 96.16
121.6080364119 96.09
123.3768660326 96.02
125.1714238726 95.95
126.9920841575 95.88
128.8392265559 95.81
130.7132362593 95.73
132.6145040614 95.66
134.5434264406 95.59
136.5004056418 95.52
138.485849761 95.45
140.5001728299 95.38
142.5437949025 95.30
144.6171421426 95.23
146.7206469127 95.16
148.8547478643 95.09
151.0198900291 95.02
153.2165249118 94.95
155.4451105846 94.88
157.7061117824 94.81
160 94.74
162.32725359 94.67
164.688357863 94.59
167.0838051884 94.52
169.5140950975 94.45
171.9797343873 94.39
174.4812372264 94.32
177.0191252622 94.26
179.5939277295 94.20
182.2061815611 94.14
184.8564314996 94.08
187.5452302111 94.03
190.2731384004 93.97
193.0407249281 93.92
195.8485669287 93.87
198.6972499318 93.81
201.5873679832 93.75
204.5195237697 93.69
207.4943287442 93.63
210.5124032534 93.57
213.5743766672 93.51
216.6808875099 93.45
219.8325835933 93.39
223.0301221518 93.34
226.2741699797 93.28
229.5654035698 93.22
232.9045092548 93.16
236.2921833503 93.10
239.7291323003 93.04
243.2160728239 92.98
246.7537320653 92.92
250.3428477452 92.87
253.9841683149 92.81
257.6784531119 92.76
261.4264725186 92.70
265.2290081229 92.65
269.0868528812 92.60
273.0008112836 92.54
276.971699522 92.49
281.0003456597 92.44
285.0875898049 92.39
289.2342842852 92.34
293.4412938255 92.29
297.7094957287 92.25
302.0397800581 92.20
306.4330498235 92.15
310.8902211692 92.10
315.4122235649 92.06
320 92.01
324.65450718 91.97
329.3767157259 91.93
334.1676103768 91.88
339.028190195 91.84
343.9594687746 91.80
348.9624744529 91.76
354.0382505244 91.72
359.187855459 91.69
364.4123631221 91.65
369.7128629991 91.61
375.0904604222 91.58
380.5462768009 91.54
386.0814498562 91.50
391.6971338575 91.47
397.3944998635 91.43
403.1747359664 91.40
409.0390475393 91.37
414.9886574883 91.34
421.0248065068 91.31
427.1487533344 91.28
433.3617750198 91.25
439.6651671866 91.22
446.0602443037 91.19
452.5483399594 91.16
459.1308071395 91.14
465.8090185095 91.11
472.5843667007 91.09
479.4582646005 91.07
486.4321456477 91.05
493.5074641306 91.03
500.6856954905 91.01
507.9683366298 90.99
515.3569062238 90.97
522.8529450372 90.95
530.4580162458 90.94
538.1737057624 90.92
546.0016225673 90.91
553.9433990439 90.90
562.0006913195 90.88
570.1751796098 90.87
578.4685685703 90.86
586.882587651 90.86
595.4189914574 90.85
604.0795601163 90.84
612.8660996471 90.84
621.7804423383 90.84
630.8244471297 90.83
640 90.83
649.30901436 90.83
658.7534314519 90.84
668.3352207536 90.84
678.05638039 90.85
687.9189375493 90.86
697.9249489058 90.87
708.0765010489 90.89
718.375710918 90.90
728.8247262443 90.92
739.4257259983 90.95
750.1809208443 90.97
761.0925536018 91.00
772.1628997124 91.03
783.394267715 91.07
794.7889997271 91.11
806.3494719327 91.15
818.0780950787 91.19
829.9773149767 91.24
842.0496130136 91.29
854.2975066688 91.35
866.7235500396 91.41
879.3303343732 91.47
892.1204886074 91.54
905.0966799188 91.61
918.2616142791 91.70
931.618037019 91.78
945.1687334013 91.87
958.9165292011 91.97
972.8642912955 92.07
987.0149282611 92.17
1001.371390981 92.28
1015.9366732597 92.40
1030.7138124476 92.51
1045.7058900743 92.63
1060.9160324916 92.76
1076.3474115248 92.88
1092.0032451345 93.00
1107.8867980879 93.13
1124.0013826389 93.25
1140.3503592197 93.38
1156.9371371406 93.50
1173.765175302 93.63
1190.8379829148 93.75
1208.1591202326 93.87
1225.7321992942 93.99
1243.5608846767 94.11
1261.6488942595 94.23
1280 94.34
1298.6180287201 94.46
1317.5068629037 94.57
1336.6704415071 94.68
1356.1127607799 94.80
1375.8378750985 94.91
1395.8498978116 95.02
1416.1530020977 95.13
1436.751421836 95.24
1457.6494524886 95.36
1478.8514519966 95.47
1500.3618416887 95.59
1522.1851072035 95.70
1544.3257994247 95.82
1566.78853543 95.94
1589.5779994541 96.06
1612.6989438655 96.18
1636.1561901574 96.30
1659.9546299533 96.43
1684.0992260271 96.56
1708.5950133377 96.68
1733.4471000793 96.82
1758.6606687464 96.95
1784.2409772148 97.08
1810.1933598376 97.22
1836.5232285581 97.35
1863.2360740381 97.49
1890.3374668026 97.63
1917.8330584022 97.77
1945.7285825909 97.91
1974.0298565222 98.04
2002.742781962 98.18
2031.8733465194 98.32
2061.4276248951 98.45
2091.4117801487 98.58
2121.8320649832 98.71
2152.6948230496 98.84
2184.0064902691 98.97
2215.7735961758 99.08
2248.0027652779 99.19
2280.7007184393 99.30
2313.8742742813 99.39
2347.530350604 99.48
2381.6759658296 99.56
2416.3182404652 99.62
2451.4643985884 99.68
2487.1217693533 99.72
2523.297788519 99.75
2560.0000000001 99.78
2597.2360574402 99.79
2635.0137258074 99.79
2673.3408830143 99.77
2712.2255215599 99.75
2751.6757501971 99.72
2791.6997956232 99.68
2832.3060041955 99.62
2873.5028436721 99.56
2915.2989049772 99.50
2957.7029039931 99.42
3000.7236833774 99.34
3044.3702144071 99.26
3088.6515988494 99.17
3133.57707086 99.08
3179.1559989082 98.99
3225.397887731 98.90
3272.3123803148 98.81
3319.9092599067 98.72
3368.1984520542 98.63
3417.1900266754 98.55
3466.8942001586 98.47
3517.3213374928 98.38
3568.4819544296 98.31
3620.3867196753 98.24
3673.0464571163 98.17
3726.4721480761 98.11
3780.6749336053 98.06
3835.6661168044 98.01
3891.4571651819 97.96
3948.0597130445 97.92
4005.4855639241 97.87
4063.7466930387 97.82
4122.8552497902 97.77
4182.8235602974 97.71
4243.6641299665 97.64
4305.3896460992 97.57
4368.0129805382 97.49
4431.5471923516 97.39
4496.0055305558 97.29
4561.4014368787 97.16
4627.7485485626 97.03
4695.0607012081 96.87
4763.3519316592 96.71
4832.6364809305 96.52
4902.9287971769 96.32
4974.2435387067 96.11
5046.595577038 95.89
5120.0000000002 95.65
5194.4721148803 95.41
5270.0274516149 95.16
5346.6817660286 94.91
5424.4510431198 94.66
5503.3515003942 94.41
5583.3995912463 94.17
5664.6120083911 93.95
5747.0056873442 93.73
5830.5978099545 93.53
5915.4058079863 93.35
6001.4473667548 93.17
6088.7404288142 93.06
6177.3031976989 92.97
6267.1541417201 92.92
6358.3119978165 92.92
6450.795775462 92.95
6544.6247606297 93.00
6639.8185198134 93.08
6736.3969041085 93.20
6834.3800533509 93.36
6933.7884003172 93.56
7034.6426749857 93.83
7136.9639088592 94.14
7240.7734393506 94.54
7346.0929142326 94.98
7452.9442961523 95.47
7561.3498672106 95.95
7671.3322336089 96.43
7782.9143303638 96.82
7896.119426089 96.99
8010.9711278481 97.12
8127.4933860775 96.74
8245.7104995805 96.37
8365.6471205948 95.51
8487.328259933 94.63
8610.7792921984 93.54
8736.0259610765 92.41
8863.0943847033 91.30
8992.0110611117 90.18
9122.8028737575 89.18
9255.4970971253 88.19
9390.1214024162 87.35
9526.7038633184 86.52
9665.272961861 85.82
9805.8575943538 85.16
9948.4870774134 84.58
10093.191154076 84.10
10240.0000000005 83.66
10388.9442297607 83.30
10540.0549032298 82.99
10693.3635320572 82.76
10848.9020862397 82.58
11006.7030007884 82.49
11166.7991824927 82.44
11329.2240167822 82.50
11494.0113746885 82.59
11661.1956199091 82.82
11830.8116159726 83.08
12002.8947335097 83.49
12177.4808576284 83.91
12354.6063953979 84.49
12534.3082834402 85.12
12716.6239956331 85.85
12901.5915509241 86.56
13089.2495212594 87.26
13279.637039627 87.83
13472.7938082171 88.21
13668.7601067018 88.40
13867.5768006344 88.27
14069.2853499715 87.98
14273.9278177184 87.40
14481.5468787012 86.82
14692.1858284653 86.09
14905.8885923047 85.33
15122.6997344212 84.58
15342.6644672179 83.83
15565.8286607277 83.09
15792.2388521781 82.39
16021.9422556964 81.69
16254.9867721551 81.05
16491.4209991611 80.40
16731.2942411897 79.88
16974.656519866 79.35
17221.5585843969 78.72
17472.0519221531 78.07
17726.1887694067 77.09
17984.0221222235 76.04
18245.605747515 74.76
18510.9941942506 73.44
18780.2428048326 72.07
19053.4077266369 70.73
19330.545923722 69.53
19611.7151887077 68.53
19896.9741548268 67.84
20186.382308152 67.60
