20 5.11
20.2 5.15
20.4 5.19
20.61 5.23
20.81 5.27
21.02 5.3
21.23 5.34
21.44 5.39
21.66 5.43
21.87 5.47
22.09 5.51
22.31 5.55
22.54 5.59
22.76 5.63
22.99 5.67
23.22 5.7
23.45 5.74
23.69 5.78
23.92 5.81
24.16 5.85
24.4 5.89
24.65 5.92
24.89 5.95
25.14 5.99
25.39 6.02
25.65 6.05
25.91 6.09
26.16 6.12
26.43 6.15
26.69 6.18
26.96 6.21
27.23 6.24
27.5 6.27
27.77 6.3
28.05 6.33
28.33 6.36
28.62 6.39
28.9 6.41
29.19 6.44
29.48 6.47
29.78 6.49
30.08 6.52
30.38 6.54
30.68 6.57
30.99 6.59
31.3 6.62
31.61 6.64
31.93 6.66
32.24 6.68
32.57 6.71
32.89 6.73
33.22 6.75
33.55 6.77
33.89 6.79
34.23 6.81
34.57 6.83
34.92 6.85
35.27 6.86
35.62 6.88
35.97 6.9
36.33 6.92
36.7 6.93
37.06 6.95
37.43 6.97
37.81 6.98
38.19 7
38.57 7.01
38.95 7.03
39.34 7.04
39.74 7.05
40.14 7.07
40.54 7.08
40.94 7.09
41.35 7.11
41.76 7.12
42.18 7.13
42.6 7.14
43.03 7.15
43.46 7.16
43.9 7.17
44.33 7.18
44.78 7.19
45.23 7.2
45.68 7.21
46.13 7.22
46.6 7.22
47.06 7.23
47.53 7.24
48.01 7.24
48.49 7.25
48.97 7.26
49.46 7.26
49.96 7.27
50.46 7.27
50.96 7.28
51.47 7.28
51.99 7.29
52.51 7.29
53.03 7.29
53.56 7.3
54.1 7.3
54.64 7.3
55.18 7.3
55.74 7.31
56.29 7.31
56.86 7.31
57.42 7.31
58 7.31
58.58 7.31
59.16 7.31
59.76 7.31
60.35 7.31
60.96 7.31
61.57 7.31
62.18 7.31
62.8 7.31
63.43 7.31
64.07 7.3
64.71 7.3
65.35 7.3
66.01 7.3
66.67 7.29
67.33 7.29
68.01 7.28
68.69 7.28
69.37 7.28
70.07 7.27
70.77 7.26
71.48 7.26
72.19 7.25
72.91 7.25
73.64 7.24
74.38 7.23
75.12 7.23
75.87 7.22
76.63 7.21
77.4 7.2
78.17 7.2
78.95 7.19
79.74 7.18
80.54 7.17
81.35 7.16
82.16 7.15
82.98 7.14
83.81 7.13
84.65 7.12
85.5 7.11
86.35 7.1
87.22 7.09
88.09 7.08
88.97 7.06
89.86 7.05
90.76 7.04
91.66 7.02
92.58 7.01
93.51 7
94.44 6.98
95.39 6.97
96.34 6.96
97.3 6.95
98.28 6.93
99.26 6.92
100.25 6.9
101.25 6.88
102.27 6.86
103.29 6.85
104.32 6.83
105.37 6.81
106.42 6.8
107.48 6.78
108.56 6.76
109.64 6.75
110.74 6.73
111.85 6.71
112.97 6.68
114.1 6.66
115.24 6.64
116.39 6.62
117.55 6.6
118.73 6.58
119.92 6.56
121.12 6.54
122.33 6.52
123.55 6.5
124.79 6.48
126.03 6.46
127.29 6.43
128.57 6.41
129.85 6.39
131.15 6.36
132.46 6.34
133.79 6.32
135.12 6.29
136.48 6.27
137.84 6.24
139.22 6.22
140.61 6.19
142.02 6.17
143.44 6.14
144.87 6.11
146.32 6.09
147.78 6.06
149.26 6.03
150.75 6
152.26 5.97
153.78 5.95
155.32 5.92
156.88 5.89
158.44 5.86
160.03 5.83
161.63 5.8
163.24 5.77
164.88 5.74
166.53 5.71
168.19 5.68
169.87 5.65
171.57 5.62
173.29 5.59
175.02 5.55
176.77 5.52
178.54 5.49
180.32 5.45
182.13 5.42
183.95 5.39
185.79 5.35
187.65 5.32
189.52 5.28
191.42 5.25
193.33 5.21
195.27 5.18
197.22 5.14
199.19 5.1
201.18 5.07
203.19 5.03
205.23 4.99
207.28 4.95
209.35 4.91
211.44 4.88
213.56 4.84
215.69 4.8
217.85 4.76
220.03 4.72
222.23 4.68
224.45 4.64
226.7 4.6
228.96 4.56
231.25 4.53
233.57 4.49
235.9 4.46
238.26 4.43
240.64 4.41
243.05 4.38
245.48 4.35
247.93 4.33
250.41 4.3
252.92 4.26
255.45 4.23
258 4.19
260.58 4.15
263.19 4.11
265.82 4.07
268.48 4.03
271.16 3.98
273.87 3.94
276.61 3.9
279.38 3.86
282.17 3.81
284.99 3.77
287.84 3.72
290.72 3.68
293.63 3.64
296.57 3.59
299.53 3.55
302.53 3.5
305.55 3.46
308.61 3.41
311.69 3.37
314.81 3.32
317.96 3.28
321.14 3.23
324.35 3.19
327.59 3.14
330.87 3.09
334.18 3.05
337.52 3
340.9 2.96
344.3 2.91
347.75 2.86
351.23 2.81
354.74 2.77
358.28 2.72
361.87 2.67
365.49 2.63
369.14 2.58
372.83 2.53
376.56 2.48
380.33 2.43
384.13 2.38
387.97 2.34
391.85 2.29
395.77 2.24
399.73 2.19
403.72 2.14
407.76 2.09
411.84 2.04
415.96 1.99
420.12 1.94
424.32 1.89
428.56 1.84
432.85 1.79
437.18 1.74
441.55 1.69
445.96 1.64
450.42 1.58
454.93 1.53
459.48 1.48
464.07 1.42
468.71 1.36
473.4 1.31
478.13 1.25
482.91 1.19
487.74 1.13
492.62 1.07
497.55 1.01
502.52 0.96
507.55 0.9
512.62 0.84
517.75 0.79
522.93 0.75
528.16 0.7
533.44 0.65
538.77 0.61
544.16 0.57
549.6 0.53
555.1 0.5
560.65 0.46
566.25 0.42
571.92 0.38
577.64 0.35
583.41 0.31
589.25 0.27
595.14 0.23
601.09 0.19
607.1 0.15
613.17 0.11
619.3 0.08
625.5 0.04
631.75 0
638.07 -0.04
644.45 -0.07
650.89 -0.11
657.4 -0.15
663.98 -0.18
670.62 -0.21
677.32 -0.25
684.1 -0.28
690.94 -0.31
697.85 -0.34
704.83 -0.37
711.87 -0.4
718.99 -0.42
726.18 -0.45
733.44 -0.47
740.78 -0.49
748.19 -0.52
755.67 -0.53
763.23 -0.55
770.86 -0.56
778.57 -0.57
786.35 -0.58
794.22 -0.59
802.16 -0.6
810.18 -0.6
818.28 -0.6
826.46 -0.6
834.73 -0.59
843.08 -0.59
851.51 -0.58
860.02 -0.56
868.62 -0.55
877.31 -0.53
886.08 -0.51
894.94 -0.48
903.89 -0.45
912.93 -0.42
922.06 -0.39
931.28 -0.35
940.59 -0.31
950 -0.27
959.5 -0.22
969.09 -0.17
978.78 -0.12
988.57 -0.07
998.46 -0.01
1008.44 0.05
1018.53 0.12
1028.71 0.18
1039 0.25
1049.39 0.32
1059.88 0.38
1070.48 0.46
1081.19 0.53
1092 0.61
1102.92 0.68
1113.95 0.76
1125.09 0.83
1136.34 0.91
1147.7 0.99
1159.18 1.06
1170.77 1.14
1182.48 1.22
1194.3 1.29
1206.25 1.37
1218.31 1.45
1230.49 1.52
1242.8 1.6
1255.22 1.67
1267.78 1.75
1280.45 1.82
1293.26 1.9
1306.19 1.97
1319.25 2.04
1332.45 2.12
1345.77 2.19
1359.23 2.27
1372.82 2.34
1386.55 2.41
1400.41 2.49
1414.42 2.57
1428.56 2.64
1442.85 2.72
1457.28 2.8
1471.85 2.88
1486.57 2.95
1501.43 3.03
1516.45 3.12
1531.61 3.2
1546.93 3.28
1562.4 3.37
1578.02 3.46
1593.8 3.54
1609.74 3.63
1625.84 3.73
1642.1 3.82
1658.52 3.91
1675.1 4.01
1691.85 4.1
1708.77 4.2
1725.86 4.3
1743.12 4.41
1760.55 4.51
1778.15 4.62
1795.94 4.72
1813.9 4.83
1832.03 4.94
1850.36 5.05
1868.86 5.16
1887.55 5.27
1906.42 5.38
1925.49 5.49
1944.74 5.6
1964.19 5.7
1983.83 5.81
2003.67 5.91
2023.71 6.01
2043.94 6.11
2064.38 6.21
2085.03 6.29
2105.88 6.38
2126.94 6.46
2148.2 6.53
2169.69 6.6
2191.38 6.65
2213.3 6.7
2235.43 6.75
2257.78 6.79
2280.36 6.82
2303.17 6.84
2326.2 6.85
2349.46 6.87
2372.95 6.87
2396.68 6.86
2420.65 6.85
2444.86 6.84
2469.31 6.82
2494 6.79
2518.94 6.76
2544.13 6.73
2569.57 6.7
2595.27 6.66
2621.22 6.62
2647.43 6.58
2673.9 6.54
2700.64 6.5
2727.65 6.45
2754.93 6.41
2782.48 6.37
2810.3 6.33
2838.4 6.29
2866.79 6.26
2895.46 6.22
2924.41 6.19
2953.65 6.16
2983.19 6.13
3013.02 6.1
3043.15 6.08
3073.58 6.07
3104.32 6.06
3135.36 6.05
3166.72 6.05
3198.38 6.06
3230.37 6.07
3262.67 6.09
3295.3 6.12
3328.25 6.15
3361.53 6.18
3395.15 6.23
3429.1 6.28
3463.39 6.33
3498.03 6.4
3533.01 6.46
3568.34 6.51
3604.02 6.57
3640.06 6.62
3676.46 6.66
3713.22 6.69
3750.36 6.72
3787.86 6.72
3825.74 6.71
3864 6.71
3902.64 6.69
3941.66 6.66
3981.08 6.64
4020.89 6.61
4061.1 6.59
4101.71 6.57
4142.73 6.56
4184.15 6.55
4226 6.55
4268.26 6.56
4310.94 6.58
4354.05 6.59
4397.59 6.61
4441.56 6.62
4485.98 6.64
4530.84 6.64
4576.15 6.64
4621.91 6.63
4668.13 6.59
4714.81 6.54
4761.96 6.49
4809.58 6.39
4857.67 6.3
4906.25 6.16
4955.31 6
5004.87 5.84
5054.91 5.62
5105.46 5.4
5156.52 5.16
5208.08 4.87
5260.16 4.58
5312.77 4.29
5365.89 3.95
5419.55 3.62
5473.75 3.28
5528.49 2.94
5583.77 2.59
5639.61 2.25
5696 1.92
5752.96 1.59
5810.49 1.27
5868.6 0.99
5927.28 0.71
5986.56 0.43
6046.42 0.2
6106.89 -0.01
6167.96 -0.19
6229.64 -0.33
6291.93 -0.46
6354.85 -0.5
6418.4 -0.54
6482.58 -0.57
6547.41 -0.52
6612.88 -0.43
6679.01 -0.35
6745.8 -0.22
6813.26 -0.06
6881.39 0.09
6950.21 0.22
7019.71 0.33
7089.91 0.44
7160.81 0.36
7232.41 0.26
7304.74 0.13
7377.79 -0.32
7451.56 -0.76
7526.08 -1.26
7601.34 -1.87
7677.35 -2.48
7754.13 -3.06
7831.67 -3.19
7909.98 -3.31
7989.08 -3.44
8068.98 -3
8149.67 -2.48
8231.16 -1.96
8313.47 -1.27
8396.61 -0.53
8480.57 0.21
8565.38 0.94
8651.03 1.67
8737.54 2.4
8824.92 2.98
8913.17 3.54
9002.3 4.08
9092.32 4.32
9183.25 4.56
9275.08 4.72
9367.83 4.67
9461.51 4.63
9556.12 4.52
9651.68 4.36
9748.2 4.2
9845.68 4.07
9944.14 3.93
10043.58 3.8
10144.02 3.69
10245.46 3.57
10347.91 3.42
10451.39 3.22
10555.91 3.03
10661.46 2.74
10768.08 2.4
10875.76 2.05
10984.52 1.61
11094.36 1.14
11205.31 0.68
11317.36 0.18
11430.53 -0.33
11544.84 -0.82
11660.29 -1.3
11776.89 -1.78
11894.66 -2.2
12013.6 -2.61
12133.74 -3.01
12255.08 -3.35
12377.63 -3.63
12501.41 -3.9
12626.42 -4.07
12752.68 -4.24
12880.21 -4.37
13009.01 -4.47
13139.1 -4.57
13270.49 -4.67
13403.2 -4.78
13537.23 -4.9
13672.6 -5.07
13809.33 -5.29
13947.42 -5.51
14086.9 -5.78
14227.77 -6.07
14370.04 -6.36
14513.74 -6.63
14658.88 -6.74
14805.47 -6.85
14953.52 -6.95
15103.06 -6.96
15254.09 -6.93
15406.63 -6.9
15560.7 -6.9
15716.3 -6.93
15873.47 -6.96
16032.2 -6.97
16192.52 -6.86
16354.45 -6.75
16517.99 -6.62
16683.17 -6.3
16850.01 -5.99
17018.51 -5.68
17188.69 -5.45
17360.58 -5.22
17534.18 -5.07
17709.53 -5.22
17886.62 -5.37
18065.49 -5.66
18246.14 -6.19
18428.6 -6.71
18612.89 -7.3
18799.02 -7.94
18987.01 -8.58
19176.88 -9.29
19368.65 -10
19562.33 -10.71
19757.96 -11.43
19955.54 -12.14