20 85.84
20.2909066988 85.88
20.5860447329 85.92
20.8854756485 85.96
21.1892618872 86.00
21.4974667984 86.04
21.8101546533 86.08
22.1273906578 86.12
22.4492409662 86.15
22.7757726951 86.19
23.1070539374 86.24
23.4431537764 86.28
23.7841423001 86.32
24.130090616 86.35
24.4810708661 86.36
24.8371562415 86.37
25.1984209979 86.37
25.5649404712 86.38
25.936791093 86.38
26.3140504067 86.39
26.6967970834 86.40
27.0851109387 86.41
27.4790729492 86.42
27.878765269 86.42
28.2842712475 86.42
28.6956754462 86.43
29.1130636568 86.42
29.5365229188 86.42
29.9661415375 86.42
30.402009103 86.42
30.8442165082 86.42
31.2928559682 86.42
31.7480210394 86.41
32.209806639 86.40
32.6783090648 86.38
33.1536260154 86.36
33.6358566101 86.35
34.1251014105 86.33
34.6214624402 86.30
35.1250432075 86.28
35.6359487256 86.26
36.1542855356 86.24
36.6801617282 86.21
37.2136869661 86.19
37.7549725073 86.16
38.3041312279 86.14
38.8612776461 86.11
39.4265279456 86.08
40 86.05
40.5818133975 86.01
41.1720894657 85.98
41.7709512971 85.94
42.3785237744 85.90
42.9949335968 85.87
43.6203093066 85.82
44.2547813156 85.78
44.8984819324 85.73
45.5515453903 85.69
46.2141078749 85.64
46.8863075528 85.59
47.5682846001 85.53
48.260181232 85.48
48.9621417322 85.42
49.6743124829 85.37
50.3968419958 85.31
51.1298809424 85.25
51.873582186 85.19
52.6281008133 85.14
53.3935941668 85.08
54.1702218775 85.03
54.9581458983 84.97
55.757530538 84.92
56.5685424949 84.87
57.3913508924 84.81
58.2261273137 84.76
59.0730458376 84.70
59.9322830751 84.64
60.804018206 84.58
61.6884330163 84.52
62.5857119363 84.45
63.4960420787 84.39
64.419613278 84.32
65.3566181296 84.26
66.3072520307 84.20
67.2717132203 84.13
68.2502028209 84.07
69.2429248805 84.01
70.2500864149 83.94
71.2718974512 83.87
72.3085710713 83.80
73.3603234564 83.73
74.4273739322 83.66
75.5099450145 83.60
76.6082624559 83.53
77.7225552923 83.46
78.8530558912 83.39
80 83.32
81.163626795 83.24
82.3441789315 83.17
83.5419025942 83.10
84.7570475487 83.03
85.9898671937 82.96
87.2406186132 82.89
88.5095626311 82.81
89.7969638648 82.74
91.1030907805 82.67
92.4282157498 82.60
93.7726151055 82.52
95.1365692002 82.45
96.520362464 82.37
97.9242834644 82.30
99.3486249659 82.22
100.7936839916 82.15
102.2597618848 82.08
103.7471643721 82.00
105.2562016267 81.93
106.7871883336 81.85
108.340443755 81.78
109.9162917966 81.70
111.5150610759 81.63
113.1370849898 81.56
114.7827017849 81.48
116.4522546274 81.41
118.1460916752 81.33
119.8645661501 81.26
121.6080364119 81.19
123.3768660326 81.11
125.1714238726 81.04
126.9920841575 80.96
128.8392265559 80.89
130.7132362593 80.81
132.6145040614 80.74
134.5434264406 80.67
136.5004056418 80.60
138.485849761 80.53
140.5001728299 80.45
142.5437949025 80.38
144.6171421426 80.31
146.7206469127 80.23
148.8547478643 80.16
151.0198900291 80.10
153.2165249118 80.02
155.4451105846 79.95
157.7061117824 79.88
160 79.80
162.32725359 79.74
164.688357863 79.67
167.0838051884 79.60
169.5140950975 79.53
171.9797343873 79.46
174.4812372264 79.39
177.0191252622 79.32
179.5939277295 79.26
182.2061815611 79.19
184.8564314996 79.12
187.5452302111 79.05
190.2731384004 78.99
193.0407249281 78.92
195.8485669287 78.86
198.6972499318 78.80
201.5873679832 78.74
204.5195237697 78.67
207.4943287442 78.61
210.5124032534 78.54
213.5743766672 78.48
216.6808875099 78.42
219.8325835933 78.36
223.0301221518 78.30
226.2741699797 78.24
229.5654035698 78.18
232.9045092548 78.12
236.2921833503 78.06
239.7291323003 78.00
243.2160728239 77.94
246.7537320653 77.88
250.3428477452 77.83
253.9841683149 77.78
257.6784531119 77.72
261.4264725186 77.67
265.2290081229 77.61
269.0868528812 77.56
273.0008112836 77.51
276.971699522 77.46
281.0003456597 77.41
285.0875898049 77.36
289.2342842852 77.31
293.4412938255 77.26
297.7094957287 77.22
302.0397800581 77.17
306.4330498235 77.13
310.8902211692 77.08
315.4122235649 77.04
320 77.00
324.65450718 76.96
329.3767157259 76.92
334.1676103768 76.88
339.028190195 76.85
343.9594687746 76.81
348.9624744529 76.77
354.0382505244 76.74
359.187855459 76.70
364.4123631221 76.67
369.7128629991 76.64
375.0904604222 76.62
380.5462768009 76.58
386.0814498562 76.56
391.6971338575 76.53
397.3944998635 76.50
403.1747359664 76.48
409.0390475393 76.46
414.9886574883 76.45
421.0248065068 76.42
427.1487533344 76.40
433.3617750198 76.38
439.6651671866 76.37
446.0602443037 76.37
452.5483399594 76.36
459.1308071395 76.35
465.8090185095 76.34
472.5843667007 76.33
479.4582646005 76.33
486.4321456477 76.33
493.5074641306 76.33
500.6856954905 76.33
507.9683366298 76.34
515.3569062238 76.34
522.8529450372 76.34
530.4580162458 76.35
538.1737057624 76.36
546.0016225673 76.38
553.9433990439 76.39
562.0006913195 76.41
570.1751796098 76.43
578.4685685703 76.44
586.882587651 76.46
595.4189914574 76.50
604.0795601163 76.53
612.8660996471 76.56
621.7804423383 76.58
630.8244471297 76.61
640 76.65
649.30901436 76.70
658.7534314519 76.75
668.3352207536 76.80
678.05638039 76.84
687.9189375493 76.89
697.9249489058 76.94
708.0765010489 77.00
718.375710918 77.08
728.8247262443 77.15
739.4257259983 77.21
750.1809208443 77.29
761.0925536018 77.36
772.1628997124 77.44
783.394267715 77.53
794.7889997271 77.63
806.3494719327 77.73
818.0780950787 77.82
829.9773149767 77.93
842.0496130136 78.04
854.2975066688 78.16
866.7235500396 78.29
879.3303343732 78.43
892.1204886074 78.58
905.0966799188 78.73
918.2616142791 78.88
931.618037019 79.04
945.1687334013 79.21
958.9165292011 79.39
972.8642912955 79.57
987.0149282611 79.75
1001.371390981 79.93
1015.9366732597 80.11
1030.7138124476 80.31
1045.7058900743 80.51
1060.9160324916 80.72
1076.3474115248 80.92
1092.0032451345 81.11
1107.8867980879 81.30
1124.0013826389 81.50
1140.3503592197 81.69
1156.9371371406 81.89
1173.765175302 82.09
1190.8379829148 82.27
1208.1591202326 82.45
1225.7321992942 82.63
1243.5608846767 82.80
1261.6488942595 82.99
1280 83.16
1298.6180287201 83.33
1317.5068629037 83.50
1336.6704415071 83.65
1356.1127607799 83.80
1375.8378750985 83.96
1395.8498978116 84.12
1416.1530020977 84.26
1436.751421836 84.40
1457.6494524886 84.54
1478.8514519966 84.66
1500.3618416887 84.78
1522.1851072035 84.90
1544.3257994247 85.01
1566.78853543 85.11
1589.5779994541 85.19
1612.6989438655 85.26
1636.1561901574 85.31
1659.9546299533 85.37
1684.0992260271 85.41
1708.5950133377 85.43
1733.4471000793 85.44
1758.6606687464 85.42
1784.2409772148 85.39
1810.1933598376 85.35
1836.5232285581 85.30
1863.2360740381 85.24
1890.3374668026 85.16
1917.8330584022 85.07
1945.7285825909 84.97
1974.0298565222 84.85
2002.742781962 84.73
2031.8733465194 84.63
2061.4276248951 84.50
2091.4117801487 84.38
2121.8320649832 84.25
2152.6948230496 84.12
2184.0064902691 83.98
2215.7735961758 83.87
2248.0027652779 83.75
2280.7007184393 83.63
2313.8742742813 83.51
2347.530350604 83.38
2381.6759658296 83.25
2416.3182404652 83.12
2451.4643985884 83.01
2487.1217693533 82.88
2523.297788519 82.75
2560.0000000001 82.61
2597.2360574402 82.47
2635.0137258074 82.32
2673.3408830143 82.19
2712.2255215599 82.07
2751.6757501971 81.95
2791.6997956232 81.83
2832.3060041955 81.73
2873.5028436721 81.64
2915.2989049772 81.56
2957.7029039931 81.53
3000.7236833774 81.49
3044.3702144071 81.50
3088.6515988494 81.52
3133.57707086 81.57
3179.1559989082 81.64
3225.397887731 81.74
3272.3123803148 81.88
3319.9092599067 82.04
3368.1984520542 82.23
3417.1900266754 82.45
3466.8942001586 82.71
3517.3213374928 82.99
3568.4819544296 83.31
3620.3867196753 83.65
3673.0464571163 84.00
3726.4721480761 84.35
3780.6749336053 84.69
3835.6661168044 85.00
3891.4571651819 85.26
3948.0597130445 85.50
4005.4855639241 85.62
4063.7466930387 85.66
4122.8552497902 85.59
4182.8235602974 85.43
4243.6641299665 85.17
4305.3896460992 84.87
4368.0129805382 84.53
4431.5471923516 84.17
4496.0055305558 83.82
4561.4014368787 83.47
4627.7485485626 83.15
4695.0607012081 82.85
4763.3519316592 82.61
4832.6364809305 82.37
4902.9287971769 82.14
4974.2435387067 81.91
5046.595577038 81.65
5120.0000000002 81.36
5194.4721148803 81.02
5270.0274516149 80.64
5346.6817660286 80.21
5424.4510431198 79.75
5503.3515003942 79.27
5583.3995912463 78.80
5664.6120083911 78.36
5747.0056873442 77.94
5830.5978099545 77.55
5915.4058079863 77.20
6001.4473667548 76.87
6088.7404288142 76.58
6177.3031976989 76.32
6267.1541417201 76.12
6358.3119978165 75.96
6450.795775462 75.87
6544.6247606297 75.84
6639.8185198134 75.86
6736.3969041085 75.94
6834.3800533509 76.10
6933.7884003172 76.36
7034.6426749857 76.72
7136.9639088592 77.19
7240.7734393506 77.78
7346.0929142326 78.52
7452.9442961523 79.39
7561.3498672106 80.25
7671.3322336089 81.12
7782.9143303638 82.04
7896.119426089 82.96
8010.9711278481 83.64
8127.4933860775 83.94
8245.7104995805 83.86
8365.6471205948 83.54
8487.328259933 83.03
8610.7792921984 82.38
8736.0259610765 81.57
8863.0943847033 80.63
8992.0110611117 79.56
9122.8028737575 78.40
9255.4970971253 77.34
9390.1214024162 76.35
9526.7038633184 75.51
9665.272961861 74.78
9805.8575943538 74.24
9948.4870774134 73.84
10093.191154076 73.64
10240.0000000005 73.63
10388.9442297607 73.71
10540.0549032298 73.98
10693.3635320572 74.52
10848.9020862397 74.98
11006.7030007884 74.92
11166.7991824927 74.79
11329.2240167822 74.79
11494.0113746885 74.70
11661.1956199091 74.32
11830.8116159726 73.62
12002.8947335097 72.50
12177.4808576284 71.38
12354.6063953979 70.22
12534.3082834402 69.12
12716.6239956331 68.13
12901.5915509241 67.28
13089.2495212594 66.54
13279.637039627 65.91
13472.7938082171 65.46
13668.7601067018 65.18
13867.5768006344 64.97
14069.2853499715 64.91
14273.9278177184 65.00
14481.5468787012 65.24
14692.1858284653 65.24
14905.8885923047 64.01
15122.6997344212 59.85
15342.6644672179 56.99
15565.8286607277 58.99
15792.2388521781 62.05
16021.9422556964 65.17
16254.9867721551 65.39
16491.4209991611 63.23
16731.2942411897 61.12
16974.656519866 59.92
17221.5585843969 59.85
17472.0519221531 60.44
17726.1887694067 60.88
17984.0221222235 60.26
18245.605747515 58.73
18510.9941942506 57.41
18780.2428048326 56.01
19053.4077266369 54.94
19330.545923722 53.53
19611.7151887077 52.77
19896.9741548268 52.77
20186.382308152 52.77
