20 81.658
20.36 81.672
20.73 81.686
21.11 81.699
21.5 81.713
21.89 81.726
22.29 81.741
22.69 81.754
23.1 81.767
23.52 81.778
23.95 81.791
24.39 81.803
24.83 81.816
25.28 81.827
25.74 81.838
26.21 81.849
26.69 81.861
27.18 81.87
27.67 81.88
28.17 81.889
28.69 81.897
29.21 81.906
29.74 81.914
30.28 81.92
30.83 81.927
31.39 81.934
31.97 81.939
32.55 81.943
33.14 81.947
33.74 81.95
34.36 81.953
34.98 81.954
35.62 81.954
36.27 81.954
36.93 81.953
37.6 81.95
38.28 81.947
38.98 81.941
39.69 81.935
40.41 81.928
41.15 81.919
41.9 81.909
42.66 81.897
43.44 81.883
44.23 81.868
45.03 81.851
45.85 81.832
46.68 81.812
47.53 81.789
48.4 81.764
49.28 81.738
50.18 81.708
51.09 81.677
52.02 81.642
52.97 81.604
53.93 81.563
54.91 81.519
55.91 81.472
56.93 81.421
57.97 81.366
59.02 81.308
60.09 81.247
61.19 81.183
62.3 81.115
63.44 81.046
64.59 80.975
65.77 80.904
66.96 80.832
68.18 80.76
69.42 80.69
70.69 80.621
71.97 80.552
73.28 80.487
74.62 80.423
75.97 80.361
77.36 80.301
78.76 80.243
80.2 80.187
81.66 80.132
83.14 80.079
84.66 80.026
86.2 79.977
87.77 79.927
89.36 79.882
90.99 79.836
92.65 79.794
94.33 79.757
96.05 79.721
97.8 79.689
99.58 79.66
101.39 79.635
103.23 79.609
105.11 79.583
107.03 79.555
108.97 79.522
110.96 79.483
112.98 79.439
115.03 79.386
117.13 79.328
119.26 79.264
121.43 79.196
123.64 79.123
125.89 79.047
128.18 78.969
130.51 78.89
132.89 78.809
135.31 78.731
137.77 78.654
140.28 78.579
142.83 78.508
145.43 78.439
148.07 78.37
150.77 78.304
153.51 78.239
156.31 78.175
159.15 78.113
162.05 78.05
165 77.99
168 77.929
171.06 77.869
174.17 77.809
177.34 77.749
180.57 77.689
183.86 77.629
187.2 77.567
190.61 77.504
194.08 77.439
197.61 77.372
201.21 77.305
204.87 77.234
208.6 77.163
212.39 77.092
216.26 77.023
220.19 76.957
224.2 76.89
228.28 76.826
232.44 76.764
236.67 76.701
240.97 76.64
245.36 76.58
249.82 76.521
254.37 76.461
259 76.403
263.71 76.343
268.51 76.283
273.4 76.221
278.38 76.159
283.44 76.096
288.6 76.035
293.85 75.972
299.2 75.912
304.65 75.858
310.19 75.811
315.84 75.77
321.59 75.739
327.44 75.713
333.4 75.688
339.47 75.662
345.64 75.63
351.93 75.59
358.34 75.546
364.86 75.495
371.5 75.443
378.26 75.392
385.15 75.345
392.16 75.306
399.29 75.272
406.56 75.242
413.96 75.214
421.49 75.185
429.16 75.152
436.97 75.115
444.93 75.074
453.02 75.031
461.27 74.99
469.66 74.95
478.21 74.917
486.91 74.889
495.78 74.867
504.8 74.85
513.99 74.837
523.34 74.827
532.87 74.816
542.56 74.804
552.44 74.79
562.49 74.772
572.73 74.75
583.15 74.727
593.77 74.705
604.57 74.688
615.57 74.675
626.78 74.666
638.18 74.658
649.8 74.648
661.63 74.635
673.67 74.618
685.93 74.6
698.41 74.581
711.12 74.565
724.06 74.55
737.24 74.538
750.66 74.527
764.32 74.516
778.23 74.506
792.39 74.497
806.82 74.492
821.5 74.493
836.45 74.501
851.67 74.512
867.17 74.528
882.96 74.552
899.02 74.581
915.39 74.621
932.05 74.671
949.01 74.734
966.28 74.812
983.87 74.905
1001.77 75.01
1020 75.13
1038.57 75.263
1057.47 75.409
1076.71 75.57
1096.31 75.747
1116.26 75.938
1136.58 76.143
1157.26 76.356
1178.32 76.571
1199.77 76.783
1221.6 76.989
1243.84 77.189
1266.47 77.383
1289.52 77.571
1312.99 77.752
1336.89 77.928
1361.22 78.1
1385.99 78.268
1411.22 78.431
1436.9 78.591
1463.05 78.75
1489.68 78.911
1516.79 79.074
1544.4 79.244
1572.5 79.423
1601.12 79.609
1630.26 79.804
1659.93 80.008
1690.14 80.222
1720.9 80.447
1752.22 80.685
1784.11 80.934
1816.58 81.189
1849.64 81.446
1883.3 81.699
1917.58 81.948
1952.48 82.197
1988.01 82.448
2024.19 82.703
2061.03 82.953
2098.54 83.197
2136.73 83.426
2175.62 83.632
2215.22 83.811
2255.53 83.958
2296.58 84.071
2338.38 84.15
2380.94 84.189
2424.27 84.189
2468.39 84.146
2513.31 84.064
2559.05 83.946
2605.63 83.795
2653.05 83.616
2701.33 83.418
2750.5 83.207
2800.55 82.991
2851.52 82.776
2903.42 82.564
2956.26 82.357
3010.06 82.156
3064.85 81.964
3120.62 81.778
3177.42 81.605
3235.25 81.445
3294.13 81.3
3354.08 81.175
3415.12 81.069
3477.27 80.987
3540.56 80.931
3605 80.901
3670.6 80.897
3737.41 80.926
3805.43 80.991
3874.68 81.103
3945.2 81.267
4017 81.492
4090.11 81.781
4164.55 82.142
4240.34 82.575
4317.51 83.077
4396.09 83.635
4476.1 84.232
4557.56 84.844
4640.5 85.435
4724.96 85.961
4810.95 86.372
4898.51 86.613
4987.66 86.641
5078.43 86.424
5170.86 85.967
5264.97 85.29
5360.79 84.443
5458.35 83.478
5557.69 82.451
5658.84 81.409
5761.82 80.393
5866.69 79.427
5973.46 78.529
6082.17 77.704
6192.87 76.953
6305.57 76.276
6420.33 75.676
6537.18 75.156
6656.15 74.725
6777.29 74.389
6900.63 74.145
7026.22 73.996
7154.1 73.94
7284.3 73.979
7416.87 74.117
7551.85 74.356
7689.29 74.696
7829.23 75.132
7971.72 75.652
8116.8 76.236
8264.53 76.846
8414.94 77.428
8568.09 77.921
8724.02 78.256
8882.79 78.379
9044.46 78.254
9209.06 77.876
9376.66 77.267
9547.31 76.477
9721.07 75.573
9897.99 74.632
10078.13 73.724
10261.55 72.908
10448.3 72.216
10638.45 71.663
10832.07 71.25
11029.21 70.969
11229.94 70.813
11434.32 70.762
11642.41 70.8
11854.3 70.894
12070.04 71.002
12289.71 71.07
12513.38 71.037
12741.12 70.849
12973 70.469
13209.1 69.889
13449.5 69.13
13694.28 68.236
13943.51 67.261
14197.27 66.257
14455.66 65.266
14718.74 64.321
14986.62 63.447
15259.37 62.668
15537.08 62.013
15819.85 61.481
16107.76 61.014
16400.92 60.488
16699.41 59.733
17003.33 58.583
17312.78 56.917
17627.86 54.702
17948.68 52.008
18275.34 48.998
18607.94 45.883
18946.6 42.844
19291.42 39.981
19642.52 37.278
20000 34.641