20 80.381
20.36 80.436
20.73 80.49
21.11 80.544
21.5 80.597
21.89 80.65
22.29 80.702
22.69 80.754
23.1 80.804
23.52 80.853
23.95 80.9
24.39 80.947
24.83 80.992
25.28 81.036
25.74 81.078
26.21 81.118
26.69 81.156
27.18 81.191
27.67 81.225
28.17 81.257
28.69 81.286
29.21 81.312
29.74 81.336
30.28 81.357
30.83 81.375
31.39 81.39
31.97 81.402
32.55 81.411
33.14 81.417
33.74 81.419
34.36 81.418
34.98 81.413
35.62 81.406
36.27 81.396
36.93 81.383
37.6 81.367
38.28 81.349
38.98 81.327
39.69 81.304
40.41 81.278
41.15 81.249
41.9 81.219
42.66 81.186
43.44 81.151
44.23 81.114
45.03 81.075
45.85 81.034
46.68 80.991
47.53 80.947
48.4 80.902
49.28 80.856
50.18 80.809
51.09 80.762
52.02 80.714
52.97 80.667
53.93 80.619
54.91 80.572
55.91 80.526
56.93 80.481
57.97 80.436
59.02 80.394
60.09 80.353
61.19 80.312
62.3 80.27
63.44 80.228
64.59 80.185
65.77 80.139
66.96 80.091
68.18 80.039
69.42 79.984
70.69 79.924
71.97 79.858
73.28 79.788
74.62 79.712
75.97 79.635
77.36 79.557
78.76 79.48
80.2 79.405
81.66 79.334
83.14 79.268
84.66 79.211
86.2 79.161
87.77 79.118
89.36 79.079
90.99 79.043
92.65 79.006
94.33 78.966
96.05 78.922
97.8 78.871
99.58 78.811
101.39 78.745
103.23 78.672
105.11 78.596
107.03 78.516
108.97 78.436
110.96 78.357
112.98 78.28
115.03 78.204
117.13 78.131
119.26 78.059
121.43 77.988
123.64 77.919
125.89 77.851
128.18 77.785
130.51 77.72
132.89 77.657
135.31 77.596
137.77 77.538
140.28 77.481
142.83 77.427
145.43 77.375
148.07 77.322
150.77 77.271
153.51 77.218
156.31 77.165
159.15 77.109
162.05 77.049
165 76.984
168 76.916
171.06 76.847
174.17 76.776
177.34 76.707
180.57 76.639
183.86 76.573
187.2 76.51
190.61 76.45
194.08 76.392
197.61 76.339
201.21 76.291
204.87 76.248
208.6 76.208
212.39 76.17
216.26 76.132
220.19 76.093
224.2 76.054
228.28 76.016
232.44 75.978
236.67 75.941
240.97 75.904
245.36 75.867
249.82 75.829
254.37 75.791
259 75.752
263.71 75.715
268.51 75.679
273.4 75.644
278.38 75.609
283.44 75.573
288.6 75.534
293.85 75.492
299.2 75.447
304.65 75.401
310.19 75.354
315.84 75.31
321.59 75.272
327.44 75.24
333.4 75.214
339.47 75.191
345.64 75.171
351.93 75.156
358.34 75.142
364.86 75.128
371.5 75.112
378.26 75.093
385.15 75.073
392.16 75.054
399.29 75.036
406.56 75.019
413.96 75.001
421.49 74.981
429.16 74.957
436.97 74.931
444.93 74.906
453.02 74.884
461.27 74.866
469.66 74.849
478.21 74.835
486.91 74.824
495.78 74.817
504.8 74.81
513.99 74.806
523.34 74.803
532.87 74.8
542.56 74.799
552.44 74.797
562.49 74.792
572.73 74.783
583.15 74.768
593.77 74.751
604.57 74.733
615.57 74.717
626.78 74.704
638.18 74.694
649.8 74.685
661.63 74.678
673.67 74.674
685.93 74.673
698.41 74.675
711.12 74.677
724.06 74.676
737.24 74.672
750.66 74.663
764.32 74.65
778.23 74.635
792.39 74.621
806.82 74.609
821.5 74.603
836.45 74.603
851.67 74.612
867.17 74.627
882.96 74.65
899.02 74.68
915.39 74.715
932.05 74.757
949.01 74.804
966.28 74.861
983.87 74.927
1001.77 75.008
1020 75.106
1038.57 75.225
1057.47 75.367
1076.71 75.532
1096.31 75.718
1116.26 75.924
1136.58 76.146
1157.26 76.378
1178.32 76.612
1199.77 76.841
1221.6 77.061
1243.84 77.271
1266.47 77.472
1289.52 77.664
1312.99 77.85
1336.89 78.028
1361.22 78.199
1385.99 78.362
1411.22 78.518
1436.9 78.664
1463.05 78.802
1489.68 78.929
1516.79 79.049
1544.4 79.165
1572.5 79.279
1601.12 79.391
1630.26 79.501
1659.93 79.609
1690.14 79.719
1720.9 79.833
1752.22 79.951
1784.11 80.072
1816.58 80.197
1849.64 80.324
1883.3 80.45
1917.58 80.574
1952.48 80.696
1988.01 80.819
2024.19 80.947
2061.03 81.083
2098.54 81.227
2136.73 81.376
2175.62 81.526
2215.22 81.676
2255.53 81.824
2296.58 81.974
2338.38 82.125
2380.94 82.277
2424.27 82.427
2468.39 82.577
2513.31 82.727
2559.05 82.874
2605.63 83.017
2653.05 83.154
2701.33 83.286
2750.5 83.41
2800.55 83.523
2851.52 83.624
2903.42 83.708
2956.26 83.775
3010.06 83.826
3064.85 83.861
3120.62 83.882
3177.42 83.886
3235.25 83.869
3294.13 83.83
3354.08 83.769
3415.12 83.685
3477.27 83.579
3540.56 83.453
3605 83.311
3670.6 83.154
3737.41 82.985
3805.43 82.801
3874.68 82.605
3945.2 82.393
4017 82.169
4090.11 81.929
4164.55 81.674
4240.34 81.405
4317.51 81.129
4396.09 80.849
4476.1 80.57
4557.56 80.297
4640.5 80.03
4724.96 79.767
4810.95 79.504
4898.51 79.237
4987.66 78.965
5078.43 78.687
5170.86 78.404
5264.97 78.116
5360.79 77.825
5458.35 77.534
5557.69 77.246
5658.84 76.965
5761.82 76.694
5866.69 76.432
5973.46 76.184
6082.17 75.946
6192.87 75.716
6305.57 75.493
6420.33 75.277
6537.18 75.073
6656.15 74.89
6777.29 74.733
6900.63 74.606
7026.22 74.509
7154.1 74.442
7284.3 74.408
7416.87 74.409
7551.85 74.448
7689.29 74.527
7829.23 74.652
7971.72 74.829
8116.8 75.064
8264.53 75.366
8414.94 75.744
8568.09 76.199
8724.02 76.725
8882.79 77.298
9044.46 77.883
9209.06 78.426
9376.66 78.866
9547.31 79.133
9721.07 79.171
9897.99 78.943
10078.13 78.452
10261.55 77.747
10448.3 76.907
10638.45 76.032
10832.07 75.225
11029.21 74.58
11229.94 74.153
11434.32 73.958
11642.41 73.958
11854.3 74.084
12070.04 74.26
12289.71 74.424
12513.38 74.536
12741.12 74.569
12973 74.51
13209.1 74.346
13449.5 74.066
13694.28 73.657
13943.51 73.107
14197.27 72.41
14455.66 71.575
14718.74 70.625
14986.62 69.596
15259.37 68.537
15537.08 67.506
15819.85 66.564
16107.76 65.751
16400.92 65.092
16699.41 64.599
17003.33 64.263
17312.78 64.058
17627.86 63.94
17948.68 63.853
18275.34 63.731
18607.94 63.512
18946.6 63.158
19291.42 62.675
19642.52 62.113
20000 61.527