20 79.283
20.36 79.37
20.73 79.456
21.11 79.542
21.5 79.628
21.89 79.713
22.29 79.797
22.69 79.88
23.1 79.962
23.52 80.043
23.95 80.123
24.39 80.202
24.83 80.279
25.28 80.354
25.74 80.428
26.21 80.5
26.69 80.57
27.18 80.638
27.67 80.704
28.17 80.768
28.69 80.829
29.21 80.887
29.74 80.943
30.28 80.996
30.83 81.047
31.39 81.094
31.97 81.138
32.55 81.178
33.14 81.216
33.74 81.25
34.36 81.281
34.98 81.31
35.62 81.335
36.27 81.358
36.93 81.378
37.6 81.396
38.28 81.412
38.98 81.426
39.69 81.438
40.41 81.448
41.15 81.457
41.9 81.464
42.66 81.47
43.44 81.475
44.23 81.479
45.03 81.481
45.85 81.484
46.68 81.485
47.53 81.486
48.4 81.487
49.28 81.487
50.18 81.487
51.09 81.486
52.02 81.485
52.97 81.484
53.93 81.484
54.91 81.483
55.91 81.482
56.93 81.481
57.97 81.48
59.02 81.48
60.09 81.479
61.19 81.478
62.3 81.476
63.44 81.471
64.59 81.463
65.77 81.452
66.96 81.437
68.18 81.418
69.42 81.393
70.69 81.361
71.97 81.323
73.28 81.279
74.62 81.228
75.97 81.173
77.36 81.115
78.76 81.056
80.2 80.996
81.66 80.938
83.14 80.883
84.66 80.832
86.2 80.786
87.77 80.746
89.36 80.709
90.99 80.676
92.65 80.645
94.33 80.617
96.05 80.59
97.8 80.564
99.58 80.537
101.39 80.511
103.23 80.484
105.11 80.457
107.03 80.429
108.97 80.401
110.96 80.372
112.98 80.342
115.03 80.311
117.13 80.28
119.26 80.249
121.43 80.217
123.64 80.185
125.89 80.153
128.18 80.122
130.51 80.09
132.89 80.058
135.31 80.026
137.77 79.993
140.28 79.96
142.83 79.925
145.43 79.889
148.07 79.85
150.77 79.809
153.51 79.764
156.31 79.719
159.15 79.674
162.05 79.63
165 79.589
168 79.55
171.06 79.513
174.17 79.479
177.34 79.446
180.57 79.415
183.86 79.383
187.2 79.351
190.61 79.318
194.08 79.282
197.61 79.246
201.21 79.21
204.87 79.174
208.6 79.14
212.39 79.106
216.26 79.072
220.19 79.04
224.2 79.008
228.28 78.975
232.44 78.942
236.67 78.908
240.97 78.873
245.36 78.838
249.82 78.801
254.37 78.763
259 78.725
263.71 78.687
268.51 78.65
273.4 78.614
278.38 78.579
283.44 78.547
288.6 78.517
293.85 78.489
299.2 78.46
304.65 78.432
310.19 78.402
315.84 78.372
321.59 78.343
327.44 78.315
333.4 78.291
339.47 78.27
345.64 78.254
351.93 78.24
358.34 78.226
364.86 78.209
371.5 78.186
378.26 78.158
385.15 78.126
392.16 78.093
399.29 78.062
406.56 78.033
413.96 78.008
421.49 77.985
429.16 77.963
436.97 77.94
444.93 77.916
453.02 77.889
461.27 77.861
469.66 77.834
478.21 77.808
486.91 77.785
495.78 77.764
504.8 77.744
513.99 77.724
523.34 77.705
532.87 77.686
542.56 77.665
552.44 77.64
562.49 77.61
572.73 77.573
583.15 77.531
593.77 77.482
604.57 77.428
615.57 77.369
626.78 77.307
638.18 77.244
649.8 77.182
661.63 77.122
673.67 77.064
685.93 77.006
698.41 76.947
711.12 76.883
724.06 76.812
737.24 76.732
750.66 76.645
764.32 76.551
778.23 76.454
792.39 76.357
806.82 76.258
821.5 76.159
836.45 76.057
851.67 75.953
867.17 75.847
882.96 75.738
899.02 75.625
915.39 75.51
932.05 75.394
949.01 75.281
966.28 75.174
983.87 75.077
1001.77 74.992
1020 74.919
1038.57 74.861
1057.47 74.818
1076.71 74.791
1096.31 74.775
1116.26 74.768
1136.58 74.765
1157.26 74.766
1178.32 74.767
1199.77 74.768
1221.6 74.77
1243.84 74.773
1266.47 74.779
1289.52 74.789
1312.99 74.807
1336.89 74.833
1361.22 74.869
1385.99 74.913
1411.22 74.968
1436.9 75.034
1463.05 75.115
1489.68 75.213
1516.79 75.331
1544.4 75.47
1572.5 75.631
1601.12 75.815
1630.26 76.02
1659.93 76.25
1690.14 76.504
1720.9 76.782
1752.22 77.082
1784.11 77.401
1816.58 77.733
1849.64 78.065
1883.3 78.387
1917.58 78.689
1952.48 78.963
1988.01 79.203
2024.19 79.406
2061.03 79.571
2098.54 79.699
2136.73 79.793
2175.62 79.853
2215.22 79.882
2255.53 79.883
2296.58 79.861
2338.38 79.819
2380.94 79.762
2424.27 79.697
2468.39 79.631
2513.31 79.569
2559.05 79.513
2605.63 79.464
2653.05 79.425
2701.33 79.399
2750.5 79.393
2800.55 79.409
2851.52 79.452
2903.42 79.521
2956.26 79.615
3010.06 79.73
3064.85 79.857
3120.62 79.986
3177.42 80.102
3235.25 80.184
3294.13 80.212
3354.08 80.162
3415.12 80.018
3477.27 79.767
3540.56 79.402
3605 78.925
3670.6 78.343
3737.41 77.672
3805.43 76.933
3874.68 76.148
3945.2 75.337
4017 74.524
4090.11 73.732
4164.55 72.985
4240.34 72.306
4317.51 71.719
4396.09 71.247
4476.1 70.909
4557.56 70.716
4640.5 70.681
4724.96 70.815
4810.95 71.125
4898.51 71.617
4987.66 72.284
5078.43 73.106
5170.86 74.043
5264.97 75.037
5360.79 76.015
5458.35 76.902
5557.69 77.637
5658.84 78.192
5761.82 78.577
5866.69 78.824
5973.46 78.967
6082.17 79.024
6192.87 78.992
6305.57 78.868
6420.33 78.66
6537.18 78.403
6656.15 78.151
6777.29 77.957
6900.63 77.868
7026.22 77.908
7154.1 78.082
7284.3 78.368
7416.87 78.723
7551.85 79.079
7689.29 79.36
7829.23 79.488
7971.72 79.4
8116.8 79.058
8264.53 78.455
8414.94 77.625
8568.09 76.632
8724.02 75.568
8882.79 74.535
9044.46 73.63
9209.06 72.933
9376.66 72.492
9547.31 72.301
9721.07 72.308
9897.99 72.419
10078.13 72.545
10261.55 72.628
10448.3 72.657
10638.45 72.65
10832.07 72.639
11029.21 72.655
11229.94 72.723
11434.32 72.86
11642.41 73.083
11854.3 73.406
12070.04 73.848
12289.71 74.426
12513.38 75.146
12741.12 75.995
12973 76.932
13209.1 77.887
13449.5 78.76
13694.28 79.439
13943.51 79.82
14197.27 79.838
14455.66 79.479
14718.74 78.791
14986.62 77.873
15259.37 76.859
15537.08 75.888
15819.85 75.08
16107.76 74.504
16400.92 74.183
16699.41 74.094
17003.33 74.186
17312.78 74.392
17627.86 74.64
17948.68 74.863
18275.34 74.996
18607.94 74.986
18946.6 74.814
19291.42 74.515
19642.52 74.15
20000 73.767