20 80.207
20.36 80.244
20.73 80.28
21.11 80.317
21.5 80.353
21.89 80.389
22.29 80.425
22.69 80.46
23.1 80.495
23.52 80.529
23.95 80.564
24.39 80.597
24.83 80.63
25.28 80.662
25.74 80.694
26.21 80.725
26.69 80.755
27.18 80.784
27.67 80.812
28.17 80.84
28.69 80.866
29.21 80.893
29.74 80.917
30.28 80.94
30.83 80.963
31.39 80.984
31.97 81.004
32.55 81.023
33.14 81.04
33.74 81.056
34.36 81.071
34.98 81.084
35.62 81.095
36.27 81.105
36.93 81.114
37.6 81.121
38.28 81.125
38.98 81.129
39.69 81.13
40.41 81.13
41.15 81.128
41.9 81.123
42.66 81.117
43.44 81.108
44.23 81.098
45.03 81.086
45.85 81.071
46.68 81.054
47.53 81.036
48.4 81.015
49.28 80.994
50.18 80.972
51.09 80.948
52.02 80.924
52.97 80.9
53.93 80.875
54.91 80.851
55.91 80.827
56.93 80.804
57.97 80.782
59.02 80.76
60.09 80.739
61.19 80.719
62.3 80.697
63.44 80.673
64.59 80.648
65.77 80.618
66.96 80.585
68.18 80.546
69.42 80.501
70.69 80.45
71.97 80.392
73.28 80.325
74.62 80.251
75.97 80.174
77.36 80.094
78.76 80.013
80.2 79.933
81.66 79.856
83.14 79.783
84.66 79.717
86.2 79.658
87.77 79.605
89.36 79.557
90.99 79.511
92.65 79.467
94.33 79.422
96.05 79.375
97.8 79.322
99.58 79.265
101.39 79.204
103.23 79.139
105.11 79.073
107.03 79.006
108.97 78.941
110.96 78.878
112.98 78.819
115.03 78.761
117.13 78.705
119.26 78.647
121.43 78.586
123.64 78.52
125.89 78.449
128.18 78.371
130.51 78.289
132.89 78.202
135.31 78.111
137.77 78.017
140.28 77.92
142.83 77.824
145.43 77.728
148.07 77.637
150.77 77.55
153.51 77.469
156.31 77.392
159.15 77.32
162.05 77.251
165 77.184
168 77.12
171.06 77.059
174.17 77.001
177.34 76.945
180.57 76.892
183.86 76.841
187.2 76.793
190.61 76.747
194.08 76.702
197.61 76.66
201.21 76.62
204.87 76.584
208.6 76.548
212.39 76.512
216.26 76.473
220.19 76.43
224.2 76.384
228.28 76.335
232.44 76.281
236.67 76.224
240.97 76.164
245.36 76.1
249.82 76.033
254.37 75.962
259 75.887
263.71 75.811
268.51 75.733
273.4 75.655
278.38 75.575
283.44 75.493
288.6 75.41
293.85 75.325
299.2 75.239
304.65 75.154
310.19 75.072
315.84 74.993
321.59 74.916
327.44 74.843
333.4 74.774
339.47 74.712
345.64 74.656
351.93 74.608
358.34 74.565
364.86 74.526
371.5 74.486
378.26 74.444
385.15 74.4
392.16 74.354
399.29 74.308
406.56 74.261
413.96 74.214
421.49 74.163
429.16 74.111
436.97 74.061
444.93 74.014
453.02 73.974
461.27 73.942
469.66 73.919
478.21 73.906
486.91 73.904
495.78 73.911
504.8 73.924
513.99 73.943
523.34 73.967
532.87 73.996
542.56 74.032
552.44 74.078
562.49 74.13
572.73 74.189
583.15 74.251
593.77 74.316
604.57 74.383
615.57 74.451
626.78 74.522
638.18 74.598
649.8 74.68
661.63 74.764
673.67 74.846
685.93 74.925
698.41 74.999
711.12 75.067
724.06 75.127
737.24 75.175
750.66 75.211
764.32 75.23
778.23 75.233
792.39 75.221
806.82 75.194
821.5 75.156
836.45 75.111
851.67 75.062
867.17 75.013
882.96 74.969
899.02 74.934
915.39 74.91
932.05 74.9
949.01 74.904
966.28 74.922
983.87 74.955
1001.77 75.005
1020 75.07
1038.57 75.15
1057.47 75.242
1076.71 75.346
1096.31 75.458
1116.26 75.576
1136.58 75.699
1157.26 75.823
1178.32 75.947
1199.77 76.07
1221.6 76.188
1243.84 76.301
1266.47 76.41
1289.52 76.519
1312.99 76.629
1336.89 76.742
1361.22 76.858
1385.99 76.978
1411.22 77.101
1436.9 77.227
1463.05 77.357
1489.68 77.493
1516.79 77.639
1544.4 77.798
1572.5 77.968
1601.12 78.15
1630.26 78.343
1659.93 78.548
1690.14 78.759
1720.9 78.975
1752.22 79.195
1784.11 79.418
1816.58 79.642
1849.64 79.86
1883.3 80.066
1917.58 80.254
1952.48 80.417
1988.01 80.544
2024.19 80.629
2061.03 80.67
2098.54 80.666
2136.73 80.617
2175.62 80.523
2215.22 80.385
2255.53 80.207
2296.58 79.996
2338.38 79.761
2380.94 79.513
2424.27 79.26
2468.39 79.011
2513.31 78.774
2559.05 78.553
2605.63 78.355
2653.05 78.18
2701.33 78.032
2750.5 77.915
2800.55 77.831
2851.52 77.78
2903.42 77.757
2956.26 77.758
3010.06 77.777
3064.85 77.81
3120.62 77.849
3177.42 77.889
3235.25 77.923
3294.13 77.944
3354.08 77.947
3415.12 77.929
3477.27 77.887
3540.56 77.824
3605 77.742
3670.6 77.649
3737.41 77.552
3805.43 77.462
3874.68 77.39
3945.2 77.345
4017 77.33
4090.11 77.343
4164.55 77.376
4240.34 77.419
4317.51 77.459
4396.09 77.484
4476.1 77.488
4557.56 77.464
4640.5 77.416
4724.96 77.346
4810.95 77.264
4898.51 77.174
4987.66 77.084
5078.43 77.002
5170.86 76.932
5264.97 76.879
5360.79 76.844
5458.35 76.829
5557.69 76.834
5658.84 76.863
5761.82 76.911
5866.69 76.973
5973.46 77.041
6082.17 77.105
6192.87 77.153
6305.57 77.176
6420.33 77.164
6537.18 77.111
6656.15 77.017
6777.29 76.888
6900.63 76.735
7026.22 76.572
7154.1 76.414
7284.3 76.28
7416.87 76.184
7551.85 76.14
7689.29 76.151
7829.23 76.213
7971.72 76.307
8116.8 76.393
8264.53 76.413
8414.94 76.306
8568.09 76.014
8724.02 75.507
8882.79 74.796
9044.46 73.935
9209.06 73.01
9376.66 72.124
9547.31 71.358
9721.07 70.767
9897.99 70.37
10078.13 70.158
10261.55 70.112
10448.3 70.209
10638.45 70.433
10832.07 70.76
11029.21 71.168
11229.94 71.624
11434.32 72.094
11642.41 72.548
11854.3 72.957
12070.04 73.302
12289.71 73.57
12513.38 73.755
12741.12 73.856
12973 73.868
13209.1 73.781
13449.5 73.577
13694.28 73.228
13943.51 72.703
14197.27 71.969
14455.66 71.003
14718.74 69.811
14986.62 68.437
15259.37 66.967
15537.08 65.532
15819.85 64.28
16107.76 63.337
16400.92 62.778
16699.41 62.605
17003.33 62.743
17312.78 63.047
17627.86 63.33
17948.68 63.405
18275.34 63.13
18607.94 62.454
18946.6 61.438
19291.42 60.216
19642.52 58.916
20000 57.602