20 80.704
20.36 80.748
20.73 80.792
21.11 80.836
21.5 80.879
21.89 80.921
22.29 80.963
22.69 81.004
23.1 81.043
23.52 81.081
23.95 81.118
24.39 81.153
24.83 81.187
25.28 81.218
25.74 81.248
26.21 81.276
26.69 81.301
27.18 81.325
27.67 81.345
28.17 81.363
28.69 81.378
29.21 81.391
29.74 81.4
30.28 81.406
30.83 81.409
31.39 81.408
31.97 81.404
32.55 81.396
33.14 81.384
33.74 81.369
34.36 81.35
34.98 81.328
35.62 81.303
36.27 81.275
36.93 81.244
37.6 81.211
38.28 81.176
38.98 81.139
39.69 81.1
40.41 81.059
41.15 81.017
41.9 80.974
42.66 80.929
43.44 80.884
44.23 80.838
45.03 80.792
45.85 80.746
46.68 80.699
47.53 80.653
48.4 80.606
49.28 80.561
50.18 80.516
51.09 80.472
52.02 80.428
52.97 80.386
53.93 80.346
54.91 80.307
55.91 80.269
56.93 80.234
57.97 80.2
59.02 80.169
60.09 80.139
61.19 80.11
62.3 80.079
63.44 80.046
64.59 80.009
65.77 79.967
66.96 79.919
68.18 79.863
69.42 79.799
70.69 79.724
71.97 79.637
73.28 79.539
74.62 79.43
75.97 79.314
77.36 79.191
78.76 79.065
80.2 78.937
81.66 78.811
83.14 78.688
84.66 78.57
86.2 78.46
87.77 78.356
89.36 78.261
90.99 78.173
92.65 78.092
94.33 78.018
96.05 77.952
97.8 77.893
99.58 77.84
101.39 77.792
103.23 77.748
105.11 77.705
107.03 77.661
108.97 77.614
110.96 77.563
112.98 77.506
115.03 77.443
117.13 77.374
119.26 77.3
121.43 77.219
123.64 77.133
125.89 77.042
128.18 76.948
130.51 76.853
132.89 76.759
135.31 76.667
137.77 76.58
140.28 76.5
142.83 76.424
145.43 76.353
148.07 76.288
150.77 76.226
153.51 76.167
156.31 76.108
159.15 76.044
162.05 75.973
165 75.893
168 75.806
171.06 75.716
174.17 75.626
177.34 75.539
180.57 75.457
183.86 75.378
187.2 75.299
190.61 75.22
194.08 75.139
197.61 75.058
201.21 74.978
204.87 74.897
208.6 74.818
212.39 74.74
216.26 74.662
220.19 74.586
224.2 74.514
228.28 74.446
232.44 74.385
236.67 74.328
240.97 74.271
245.36 74.213
249.82 74.152
254.37 74.089
259 74.024
263.71 73.961
268.51 73.903
273.4 73.851
278.38 73.806
283.44 73.769
288.6 73.736
293.85 73.703
299.2 73.666
304.65 73.619
310.19 73.562
315.84 73.495
321.59 73.419
327.44 73.338
333.4 73.254
339.47 73.172
345.64 73.094
351.93 73.023
358.34 72.959
364.86 72.9
371.5 72.843
378.26 72.786
385.15 72.729
392.16 72.675
399.29 72.623
406.56 72.573
413.96 72.522
421.49 72.471
429.16 72.419
436.97 72.368
444.93 72.318
453.02 72.272
461.27 72.23
469.66 72.198
478.21 72.179
486.91 72.174
495.78 72.182
504.8 72.201
513.99 72.228
523.34 72.258
532.87 72.289
542.56 72.321
552.44 72.351
562.49 72.381
572.73 72.411
583.15 72.447
593.77 72.489
604.57 72.541
615.57 72.6
626.78 72.666
638.18 72.74
649.8 72.824
661.63 72.918
673.67 73.024
685.93 73.139
698.41 73.263
711.12 73.396
724.06 73.537
737.24 73.681
750.66 73.826
764.32 73.966
778.23 74.097
792.39 74.218
806.82 74.328
821.5 74.424
836.45 74.509
851.67 74.583
867.17 74.65
882.96 74.71
899.02 74.767
915.39 74.819
932.05 74.864
949.01 74.903
966.28 74.936
983.87 74.968
1001.77 75.004
1020 75.047
1038.57 75.101
1057.47 75.16
1076.71 75.222
1096.31 75.283
1116.26 75.343
1136.58 75.404
1157.26 75.471
1178.32 75.541
1199.77 75.613
1221.6 75.679
1243.84 75.739
1266.47 75.796
1289.52 75.854
1312.99 75.914
1336.89 75.98
1361.22 76.052
1385.99 76.13
1411.22 76.214
1436.9 76.303
1463.05 76.394
1489.68 76.49
1516.79 76.592
1544.4 76.7
1572.5 76.811
1601.12 76.923
1630.26 77.035
1659.93 77.153
1690.14 77.283
1720.9 77.43
1752.22 77.596
1784.11 77.782
1816.58 77.983
1849.64 78.191
1883.3 78.402
1917.58 78.611
1952.48 78.816
1988.01 79.013
2024.19 79.198
2061.03 79.36
2098.54 79.49
2136.73 79.58
2175.62 79.628
2215.22 79.636
2255.53 79.609
2296.58 79.552
2338.38 79.472
2380.94 79.378
2424.27 79.278
2468.39 79.182
2513.31 79.096
2559.05 79.021
2605.63 78.963
2653.05 78.919
2701.33 78.891
2750.5 78.879
2800.55 78.884
2851.52 78.905
2903.42 78.94
2956.26 78.981
3010.06 79.018
3064.85 79.045
3120.62 79.06
3177.42 79.056
3235.25 79.032
3294.13 78.982
3354.08 78.904
3415.12 78.796
3477.27 78.658
3540.56 78.492
3605 78.306
3670.6 78.109
3737.41 77.916
3805.43 77.738
3874.68 77.585
3945.2 77.465
4017 77.381
4090.11 77.331
4164.55 77.312
4240.34 77.316
4317.51 77.336
4396.09 77.366
4476.1 77.401
4557.56 77.435
4640.5 77.463
4724.96 77.48
4810.95 77.485
4898.51 77.479
4987.66 77.467
5078.43 77.454
5170.86 77.444
5264.97 77.442
5360.79 77.45
5458.35 77.475
5557.69 77.519
5658.84 77.586
5761.82 77.676
5866.69 77.787
5973.46 77.913
6082.17 78.04
6192.87 78.149
6305.57 78.219
6420.33 78.23
6537.18 78.165
6656.15 78.019
6777.29 77.791
6900.63 77.494
7026.22 77.145
7154.1 76.772
7284.3 76.404
7416.87 76.061
7551.85 75.755
7689.29 75.485
7829.23 75.237
7971.72 74.985
8116.8 74.688
8264.53 74.304
8414.94 73.795
8568.09 73.141
8724.02 72.355
8882.79 71.49
9044.46 70.634
9209.06 69.893
9376.66 69.367
9547.31 69.112
9721.07 69.131
9897.99 69.37
10078.13 69.74
10261.55 70.149
10448.3 70.529
10638.45 70.843
10832.07 71.079
11029.21 71.241
11229.94 71.345
11434.32 71.415
11642.41 71.473
11854.3 71.538
12070.04 71.619
12289.71 71.712
12513.38 71.8
12741.12 71.865
12973 71.892
13209.1 71.88
13449.5 71.838
13694.28 71.787
13943.51 71.742
14197.27 71.714
14455.66 71.701
14718.74 71.689
14986.62 71.648
15259.37 71.531
15537.08 71.284
15819.85 70.864
16107.76 70.261
16400.92 69.506
16699.41 68.667
17003.33 67.83
17312.78 67.077
17627.86 66.47
17948.68 66.025
18275.34 65.718
18607.94 65.487
18946.6 65.261
19291.42 64.995
19642.52 64.691
20000 64.373