20 79.818
20.36 79.9
20.73 79.981
21.11 80.062
21.5 80.144
21.89 80.224
22.29 80.305
22.69 80.387
23.1 80.468
23.52 80.547
23.95 80.628
24.39 80.708
24.83 80.788
25.28 80.867
25.74 80.947
26.21 81.025
26.69 81.104
27.18 81.183
27.67 81.261
28.17 81.338
28.69 81.416
29.21 81.493
29.74 81.569
30.28 81.645
30.83 81.721
31.39 81.795
31.97 81.87
32.55 81.945
33.14 82.018
33.74 82.09
34.36 82.161
34.98 82.23
35.62 82.297
36.27 82.359
36.93 82.42
37.6 82.476
38.28 82.528
38.98 82.575
39.69 82.616
40.41 82.652
41.15 82.682
41.9 82.706
42.66 82.722
43.44 82.73
44.23 82.731
45.03 82.723
45.85 82.706
46.68 82.68
47.53 82.646
48.4 82.605
49.28 82.558
50.18 82.505
51.09 82.446
52.02 82.383
52.97 82.317
53.93 82.247
54.91 82.176
55.91 82.102
56.93 82.029
57.97 81.955
59.02 81.881
60.09 81.808
61.19 81.738
62.3 81.667
63.44 81.597
64.59 81.529
65.77 81.461
66.96 81.394
68.18 81.327
69.42 81.262
70.69 81.197
71.97 81.132
73.28 81.068
74.62 81.004
75.97 80.94
77.36 80.873
78.76 80.803
80.2 80.731
81.66 80.653
83.14 80.57
84.66 80.482
86.2 80.388
87.77 80.288
89.36 80.187
90.99 80.084
92.65 79.982
94.33 79.884
96.05 79.79
97.8 79.703
99.58 79.626
101.39 79.557
103.23 79.497
105.11 79.447
107.03 79.407
108.97 79.377
110.96 79.357
112.98 79.348
115.03 79.345
117.13 79.345
119.26 79.344
121.43 79.339
123.64 79.325
125.89 79.3
128.18 79.264
130.51 79.216
132.89 79.156
135.31 79.085
137.77 79.003
140.28 78.911
142.83 78.815
145.43 78.715
148.07 78.618
150.77 78.527
153.51 78.441
156.31 78.362
159.15 78.289
162.05 78.219
165 78.152
168 78.089
171.06 78.029
174.17 77.97
177.34 77.913
180.57 77.858
183.86 77.805
187.2 77.754
190.61 77.704
194.08 77.656
197.61 77.611
201.21 77.566
204.87 77.524
208.6 77.481
212.39 77.437
216.26 77.389
220.19 77.339
224.2 77.291
228.28 77.244
232.44 77.204
236.67 77.172
240.97 77.15
245.36 77.14
249.82 77.142
254.37 77.156
259 77.182
263.71 77.216
268.51 77.253
273.4 77.289
278.38 77.324
283.44 77.358
288.6 77.392
293.85 77.424
299.2 77.456
304.65 77.486
310.19 77.509
315.84 77.527
321.59 77.539
327.44 77.545
333.4 77.545
339.47 77.538
345.64 77.525
351.93 77.507
358.34 77.483
364.86 77.455
371.5 77.424
378.26 77.392
385.15 77.362
392.16 77.335
399.29 77.312
406.56 77.293
413.96 77.282
421.49 77.274
429.16 77.269
436.97 77.265
444.93 77.258
453.02 77.243
461.27 77.218
469.66 77.182
478.21 77.137
486.91 77.087
495.78 77.032
504.8 76.976
513.99 76.914
523.34 76.85
532.87 76.785
542.56 76.723
552.44 76.663
562.49 76.605
572.73 76.546
583.15 76.485
593.77 76.419
604.57 76.349
615.57 76.28
626.78 76.216
638.18 76.156
649.8 76.105
661.63 76.065
673.67 76.038
685.93 76.025
698.41 76.029
711.12 76.049
724.06 76.083
737.24 76.125
750.66 76.165
764.32 76.195
778.23 76.211
792.39 76.21
806.82 76.187
821.5 76.141
836.45 76.072
851.67 75.98
867.17 75.873
882.96 75.754
899.02 75.63
915.39 75.505
932.05 75.385
949.01 75.271
966.28 75.166
983.87 75.072
1001.77 74.992
1020 74.933
1038.57 74.902
1057.47 74.899
1076.71 74.924
1096.31 74.975
1116.26 75.045
1136.58 75.124
1157.26 75.204
1178.32 75.283
1199.77 75.36
1221.6 75.438
1243.84 75.521
1266.47 75.612
1289.52 75.712
1312.99 75.822
1336.89 75.94
1361.22 76.062
1385.99 76.185
1411.22 76.306
1436.9 76.427
1463.05 76.547
1489.68 76.667
1516.79 76.784
1544.4 76.895
1572.5 76.994
1601.12 77.076
1630.26 77.14
1659.93 77.185
1690.14 77.215
1720.9 77.238
1752.22 77.262
1784.11 77.291
1816.58 77.332
1849.64 77.384
1883.3 77.445
1917.58 77.515
1952.48 77.593
1988.01 77.681
2024.19 77.778
2061.03 77.888
2098.54 78.012
2136.73 78.145
2175.62 78.283
2215.22 78.418
2255.53 78.553
2296.58 78.69
2338.38 78.84
2380.94 79.008
2424.27 79.2
2468.39 79.417
2513.31 79.658
2559.05 79.918
2605.63 80.19
2653.05 80.468
2701.33 80.744
2750.5 81.014
2800.55 81.272
2851.52 81.512
2903.42 81.727
2956.26 81.915
3010.06 82.069
3064.85 82.181
3120.62 82.242
3177.42 82.249
3235.25 82.204
3294.13 82.113
3354.08 81.989
3415.12 81.836
3477.27 81.663
3540.56 81.475
3605 81.277
3670.6 81.072
3737.41 80.863
3805.43 80.652
3874.68 80.438
3945.2 80.217
4017 79.99
4090.11 79.757
4164.55 79.522
4240.34 79.291
4317.51 79.071
4396.09 78.873
4476.1 78.703
4557.56 78.564
4640.5 78.455
4724.96 78.375
4810.95 78.321
4898.51 78.291
4987.66 78.284
5078.43 78.301
5170.86 78.345
5264.97 78.422
5360.79 78.536
5458.35 78.69
5557.69 78.884
5658.84 79.118
5761.82 79.382
5866.69 79.668
5973.46 79.958
6082.17 80.234
6192.87 80.47
6305.57 80.646
6420.33 80.746
6537.18 80.769
6656.15 80.725
6777.29 80.635
6900.63 80.529
7026.22 80.442
7154.1 80.4
7284.3 80.424
7416.87 80.524
7551.85 80.693
7689.29 80.904
7829.23 81.115
7971.72 81.27
8116.8 81.308
8264.53 81.171
8414.94 80.811
8568.09 80.206
8724.02 79.367
8882.79 78.328
9044.46 77.145
9209.06 75.882
9376.66 74.597
9547.31 73.338
9721.07 72.144
9897.99 71.037
10078.13 70.033
10261.55 69.135
10448.3 68.332
10638.45 67.604
10832.07 66.93
11029.21 66.295
11229.94 65.695
11434.32 65.137
11642.41 64.638
11854.3 64.22
12070.04 63.903
12289.71 63.713
12513.38 63.68
12741.12 63.837
12973 64.225
13209.1 64.876
13449.5 65.818
13694.28 67.05
13943.51 68.544
14197.27 70.214
14455.66 71.897
14718.74 73.337
14986.62 74.212
15259.37 74.193
15537.08 73.034
15819.85 70.629
16107.76 67.062
16400.92 62.677
16699.41 58.07
17003.33 53.876
17312.78 50.493
17627.86 48.038
17948.68 46.425
18275.34 45.466
18607.94 44.952
18946.6 44.707
19291.42 44.603
19642.52 44.557
20000 44.526