20 81.692
20.36 81.746
20.73 81.8
21.11 81.854
21.5 81.908
21.89 81.962
22.29 82.014
22.69 82.067
23.1 82.119
23.52 82.171
23.95 82.222
24.39 82.272
24.83 82.321
25.28 82.37
25.74 82.418
26.21 82.464
26.69 82.51
27.18 82.555
27.67 82.599
28.17 82.641
28.69 82.683
29.21 82.723
29.74 82.761
30.28 82.798
30.83 82.834
31.39 82.868
31.97 82.9
32.55 82.931
33.14 82.96
33.74 82.988
34.36 83.013
34.98 83.037
35.62 83.058
36.27 83.077
36.93 83.094
37.6 83.11
38.28 83.122
38.98 83.133
39.69 83.141
40.41 83.146
41.15 83.149
41.9 83.149
42.66 83.147
43.44 83.142
44.23 83.134
45.03 83.123
45.85 83.109
46.68 83.093
47.53 83.074
48.4 83.053
49.28 83.029
50.18 83.004
51.09 82.978
52.02 82.951
52.97 82.923
53.93 82.895
54.91 82.866
55.91 82.838
56.93 82.81
57.97 82.783
59.02 82.757
60.09 82.731
61.19 82.706
62.3 82.68
63.44 82.652
64.59 82.623
65.77 82.59
66.96 82.554
68.18 82.514
69.42 82.469
70.69 82.418
71.97 82.361
73.28 82.297
74.62 82.227
75.97 82.154
77.36 82.078
78.76 82.001
80.2 81.924
81.66 81.849
83.14 81.778
84.66 81.71
86.2 81.649
87.77 81.593
89.36 81.543
90.99 81.496
92.65 81.452
94.33 81.412
96.05 81.374
97.8 81.338
99.58 81.302
101.39 81.267
103.23 81.23
105.11 81.191
107.03 81.149
108.97 81.103
110.96 81.05
112.98 80.991
115.03 80.927
117.13 80.857
119.26 80.782
121.43 80.703
123.64 80.62
125.89 80.534
128.18 80.448
130.51 80.363
132.89 80.281
135.31 80.205
137.77 80.137
140.28 80.076
142.83 80.017
145.43 79.959
148.07 79.897
150.77 79.827
153.51 79.749
156.31 79.662
159.15 79.566
162.05 79.463
165 79.352
168 79.235
171.06 79.116
174.17 78.996
177.34 78.879
180.57 78.767
183.86 78.658
187.2 78.556
190.61 78.459
194.08 78.368
197.61 78.279
201.21 78.192
204.87 78.101
208.6 78.008
212.39 77.912
216.26 77.811
220.19 77.709
224.2 77.612
228.28 77.527
232.44 77.458
236.67 77.401
240.97 77.35
245.36 77.299
249.82 77.241
254.37 77.17
259 77.082
263.71 76.98
268.51 76.869
273.4 76.752
278.38 76.636
283.44 76.523
288.6 76.415
293.85 76.311
299.2 76.208
304.65 76.109
310.19 76.015
315.84 75.931
321.59 75.858
327.44 75.798
333.4 75.751
339.47 75.713
345.64 75.676
351.93 75.635
358.34 75.587
364.86 75.533
371.5 75.471
378.26 75.402
385.15 75.328
392.16 75.251
399.29 75.176
406.56 75.103
413.96 75.032
421.49 74.959
429.16 74.882
436.97 74.799
444.93 74.712
453.02 74.625
461.27 74.545
469.66 74.477
478.21 74.423
486.91 74.383
495.78 74.355
504.8 74.336
513.99 74.323
523.34 74.306
532.87 74.282
542.56 74.249
552.44 74.208
562.49 74.161
572.73 74.113
583.15 74.07
593.77 74.036
604.57 74.012
615.57 74.001
626.78 74
638.18 74.003
649.8 74.01
661.63 74.018
673.67 74.032
685.93 74.053
698.41 74.079
711.12 74.109
724.06 74.139
737.24 74.167
750.66 74.191
764.32 74.211
778.23 74.23
792.39 74.246
806.82 74.259
821.5 74.273
836.45 74.286
851.67 74.298
867.17 74.311
882.96 74.331
899.02 74.363
915.39 74.415
932.05 74.488
949.01 74.582
966.28 74.699
983.87 74.843
1001.77 75.017
1020 75.223
1038.57 75.457
1057.47 75.707
1076.71 75.961
1096.31 76.209
1116.26 76.445
1136.58 76.669
1157.26 76.881
1178.32 77.081
1199.77 77.267
1221.6 77.441
1243.84 77.604
1266.47 77.758
1289.52 77.905
1312.99 78.047
1336.89 78.192
1361.22 78.346
1385.99 78.506
1411.22 78.672
1436.9 78.84
1463.05 79.01
1489.68 79.179
1516.79 79.346
1544.4 79.515
1572.5 79.691
1601.12 79.878
1630.26 80.078
1659.93 80.295
1690.14 80.535
1720.9 80.799
1752.22 81.086
1784.11 81.391
1816.58 81.705
1849.64 82.021
1883.3 82.34
1917.58 82.664
1952.48 82.997
1988.01 83.339
2024.19 83.686
2061.03 84.032
2098.54 84.373
2136.73 84.708
2175.62 85.038
2215.22 85.364
2255.53 85.682
2296.58 85.984
2338.38 86.257
2380.94 86.491
2424.27 86.677
2468.39 86.809
2513.31 86.883
2559.05 86.897
2605.63 86.85
2653.05 86.747
2701.33 86.598
2750.5 86.419
2800.55 86.23
2851.52 86.047
2903.42 85.882
2956.26 85.741
3010.06 85.626
3064.85 85.542
3120.62 85.491
3177.42 85.471
3235.25 85.479
3294.13 85.505
3354.08 85.544
3415.12 85.597
3477.27 85.665
3540.56 85.752
3605 85.855
3670.6 85.967
3737.41 86.071
3805.43 86.149
3874.68 86.176
3945.2 86.129
4017 85.983
4090.11 85.722
4164.55 85.35
4240.34 84.889
4317.51 84.386
4396.09 83.896
4476.1 83.469
4557.56 83.142
4640.5 82.928
4724.96 82.812
4810.95 82.757
4898.51 82.713
4987.66 82.635
5078.43 82.48
5170.86 82.227
5264.97 81.872
5360.79 81.429
5458.35 80.931
5557.69 80.417
5658.84 79.932
5761.82 79.526
5866.69 79.238
5973.46 79.099
6082.17 79.115
6192.87 79.277
6305.57 79.556
6420.33 79.914
6537.18 80.321
6656.15 80.759
6777.29 81.233
6900.63 81.761
7026.22 82.357
7154.1 83.017
7284.3 83.706
7416.87 84.36
7551.85 84.889
7689.29 85.198
7829.23 85.214
7971.72 84.905
8116.8 84.298
8264.53 83.464
8414.94 82.5
8568.09 81.501
8724.02 80.551
8882.79 79.711
9044.46 79.025
9209.06 78.521
9376.66 78.221
9547.31 78.14
9721.07 78.282
9897.99 78.632
10078.13 79.151
10261.55 79.766
10448.3 80.361
10638.45 80.796
10832.07 80.929
11029.21 80.679
11229.94 80.056
11434.32 79.153
11642.41 78.103
11854.3 77.033
12070.04 76.043
12289.71 75.197
12513.38 74.528
12741.12 74.039
12973 73.726
13209.1 73.583
13449.5 73.618
13694.28 73.842
13943.51 74.264
14197.27 74.871
14455.66 75.617
14718.74 76.397
14986.62 77.065
15259.37 77.47
15537.08 77.502
15819.85 77.125
16107.76 76.364
16400.92 75.294
16699.41 74.039
17003.33 72.751
17312.78 71.557
17627.86 70.526
17948.68 69.661
18275.34 68.931
18607.94 68.288
18946.6 67.694
19291.42 67.127
19642.52 66.578
20000 66.037