20 83.941
20.36 83.974
20.73 84.007
21.11 84.04
21.5 84.073
21.89 84.105
22.29 84.137
22.69 84.169
23.1 84.199
23.52 84.23
23.95 84.259
24.39 84.288
24.83 84.316
25.28 84.344
25.74 84.37
26.21 84.395
26.69 84.419
27.18 84.442
27.67 84.464
28.17 84.485
28.69 84.504
29.21 84.522
29.74 84.538
30.28 84.553
30.83 84.566
31.39 84.578
31.97 84.588
32.55 84.596
33.14 84.602
33.74 84.607
34.36 84.61
34.98 84.612
35.62 84.612
36.27 84.612
36.93 84.611
37.6 84.609
38.28 84.606
38.98 84.603
39.69 84.601
40.41 84.598
41.15 84.595
41.9 84.592
42.66 84.59
43.44 84.588
44.23 84.588
45.03 84.588
45.85 84.589
46.68 84.592
47.53 84.595
48.4 84.598
49.28 84.602
50.18 84.606
51.09 84.609
52.02 84.612
52.97 84.614
53.93 84.615
54.91 84.614
55.91 84.612
56.93 84.608
57.97 84.601
59.02 84.592
60.09 84.581
61.19 84.566
62.3 84.549
63.44 84.528
64.59 84.504
65.77 84.476
66.96 84.445
68.18 84.41
69.42 84.372
70.69 84.329
71.97 84.282
73.28 84.231
74.62 84.176
75.97 84.117
77.36 84.055
78.76 83.991
80.2 83.925
81.66 83.857
83.14 83.788
84.66 83.718
86.2 83.648
87.77 83.578
89.36 83.51
90.99 83.445
92.65 83.383
94.33 83.326
96.05 83.273
97.8 83.227
99.58 83.188
101.39 83.153
103.23 83.121
105.11 83.088
107.03 83.052
108.97 83.011
110.96 82.963
112.98 82.905
115.03 82.84
117.13 82.767
119.26 82.69
121.43 82.61
123.64 82.528
125.89 82.446
128.18 82.364
130.51 82.284
132.89 82.204
135.31 82.126
137.77 82.05
140.28 81.976
142.83 81.899
145.43 81.819
148.07 81.733
150.77 81.639
153.51 81.534
156.31 81.422
159.15 81.301
162.05 81.172
165 81.036
168 80.896
171.06 80.752
174.17 80.608
177.34 80.464
180.57 80.322
183.86 80.18
187.2 80.038
190.61 79.895
194.08 79.75
197.61 79.604
201.21 79.458
204.87 79.31
208.6 79.161
212.39 79.008
216.26 78.852
220.19 78.69
224.2 78.524
228.28 78.354
232.44 78.18
236.67 78.003
240.97 77.826
245.36 77.647
249.82 77.468
254.37 77.287
259 77.104
263.71 76.921
268.51 76.741
273.4 76.564
278.38 76.39
283.44 76.221
288.6 76.056
293.85 75.895
299.2 75.74
304.65 75.591
310.19 75.451
315.84 75.319
321.59 75.197
327.44 75.085
333.4 74.982
339.47 74.888
345.64 74.799
351.93 74.713
358.34 74.627
364.86 74.539
371.5 74.447
378.26 74.35
385.15 74.251
392.16 74.153
399.29 74.062
406.56 73.981
413.96 73.911
421.49 73.852
429.16 73.804
436.97 73.766
444.93 73.734
453.02 73.709
461.27 73.69
469.66 73.678
478.21 73.674
486.91 73.677
495.78 73.684
504.8 73.695
513.99 73.707
523.34 73.721
532.87 73.734
542.56 73.744
552.44 73.751
562.49 73.756
572.73 73.758
583.15 73.761
593.77 73.765
604.57 73.772
615.57 73.779
626.78 73.788
638.18 73.8
649.8 73.815
661.63 73.837
673.67 73.864
685.93 73.897
698.41 73.935
711.12 73.976
724.06 74.02
737.24 74.063
750.66 74.105
764.32 74.141
778.23 74.172
792.39 74.201
806.82 74.232
821.5 74.269
836.45 74.315
851.67 74.369
867.17 74.427
882.96 74.486
899.02 74.544
915.39 74.6
932.05 74.658
949.01 74.722
966.28 74.799
983.87 74.894
1001.77 75.012
1020 75.152
1038.57 75.315
1057.47 75.5
1076.71 75.707
1096.31 75.935
1116.26 76.184
1136.58 76.451
1157.26 76.73
1178.32 77.012
1199.77 77.29
1221.6 77.554
1243.84 77.806
1266.47 78.048
1289.52 78.283
1312.99 78.51
1336.89 78.73
1361.22 78.946
1385.99 79.155
1411.22 79.356
1436.9 79.546
1463.05 79.723
1489.68 79.89
1516.79 80.05
1544.4 80.208
1572.5 80.366
1601.12 80.526
1630.26 80.69
1659.93 80.861
1690.14 81.04
1720.9 81.228
1752.22 81.426
1784.11 81.635
1816.58 81.854
1849.64 82.078
1883.3 82.304
1917.58 82.528
1952.48 82.748
1988.01 82.96
2024.19 83.163
2061.03 83.356
2098.54 83.535
2136.73 83.698
2175.62 83.841
2215.22 83.958
2255.53 84.043
2296.58 84.091
2338.38 84.103
2380.94 84.079
2424.27 84.019
2468.39 83.924
2513.31 83.795
2559.05 83.629
2605.63 83.429
2653.05 83.199
2701.33 82.948
2750.5 82.687
2800.55 82.429
2851.52 82.19
2903.42 81.977
2956.26 81.794
3010.06 81.641
3064.85 81.514
3120.62 81.402
3177.42 81.295
3235.25 81.18
3294.13 81.05
3354.08 80.901
3415.12 80.739
3477.27 80.571
3540.56 80.408
3605 80.256
3670.6 80.124
3737.41 80.018
3805.43 79.944
3874.68 79.906
3945.2 79.907
4017 79.947
4090.11 80.028
4164.55 80.147
4240.34 80.304
4317.51 80.497
4396.09 80.722
4476.1 80.975
4557.56 81.245
4640.5 81.52
4724.96 81.786
4810.95 82.03
4898.51 82.237
4987.66 82.386
5078.43 82.463
5170.86 82.455
5264.97 82.357
5360.79 82.162
5458.35 81.867
5557.69 81.463
5658.84 80.942
5761.82 80.302
5866.69 79.553
5973.46 78.722
6082.17 77.849
6192.87 76.983
6305.57 76.174
6420.33 75.471
6537.18 74.913
6656.15 74.529
6777.29 74.326
6900.63 74.294
7026.22 74.405
7154.1 74.631
7284.3 74.955
7416.87 75.371
7551.85 75.879
7689.29 76.478
7829.23 77.155
7971.72 77.882
8116.8 78.616
8264.53 79.303
8414.94 79.88
8568.09 80.287
8724.02 80.474
8882.79 80.412
9044.46 80.101
9209.06 79.574
9376.66 78.896
9547.31 78.146
9721.07 77.41
9897.99 76.762
10078.13 76.259
10261.55 75.936
10448.3 75.805
10638.45 75.86
10832.07 76.077
11029.21 76.407
11229.94 76.776
11434.32 77.09
11642.41 77.249
11854.3 77.173
12070.04 76.826
12289.71 76.228
12513.38 75.456
12741.12 74.622
12973 73.842
13209.1 73.214
13449.5 72.81
13694.28 72.672
13943.51 72.813
14197.27 73.219
14455.66 73.841
14718.74 74.595
14986.62 75.375
15259.37 76.06
15537.08 76.555
15819.85 76.816
16107.76 76.862
16400.92 76.757
16699.41 76.573
17003.33 76.369
17312.78 76.176
17627.86 75.998
17948.68 75.81
18275.34 75.574
18607.94 75.252
18946.6 74.829
19291.42 74.327
19642.52 73.787
20000 73.237