20 80.563
20.36 80.628
20.73 80.692
21.11 80.757
21.5 80.822
21.89 80.885
22.29 80.95
22.69 81.013
23.1 81.075
23.52 81.138
23.95 81.199
24.39 81.26
24.83 81.32
25.28 81.379
25.74 81.438
26.21 81.495
26.69 81.551
27.18 81.607
27.67 81.661
28.17 81.714
28.69 81.766
29.21 81.816
29.74 81.866
30.28 81.913
30.83 81.959
31.39 82.003
31.97 82.046
32.55 82.088
33.14 82.127
33.74 82.165
34.36 82.201
34.98 82.236
35.62 82.269
36.27 82.301
36.93 82.331
37.6 82.36
38.28 82.388
38.98 82.415
39.69 82.441
40.41 82.466
41.15 82.49
41.9 82.513
42.66 82.536
43.44 82.557
44.23 82.579
45.03 82.599
45.85 82.619
46.68 82.639
47.53 82.658
48.4 82.678
49.28 82.697
50.18 82.717
51.09 82.738
52.02 82.759
52.97 82.782
53.93 82.804
54.91 82.829
55.91 82.855
56.93 82.882
57.97 82.911
59.02 82.942
60.09 82.974
61.19 83.007
62.3 83.038
63.44 83.066
64.59 83.09
65.77 83.109
66.96 83.121
68.18 83.125
69.42 83.12
70.69 83.105
71.97 83.077
73.28 83.038
74.62 82.988
75.97 82.93
77.36 82.868
78.76 82.803
80.2 82.738
81.66 82.676
83.14 82.618
84.66 82.569
86.2 82.529
87.77 82.497
89.36 82.471
90.99 82.448
92.65 82.427
94.33 82.406
96.05 82.381
97.8 82.352
99.58 82.316
101.39 82.274
103.23 82.229
105.11 82.18
107.03 82.131
108.97 82.081
110.96 82.033
112.98 81.987
115.03 81.941
117.13 81.895
119.26 81.846
121.43 81.793
123.64 81.733
125.89 81.666
128.18 81.591
130.51 81.51
132.89 81.425
135.31 81.334
137.77 81.241
140.28 81.145
142.83 81.048
145.43 80.951
148.07 80.856
150.77 80.764
153.51 80.675
156.31 80.589
159.15 80.504
162.05 80.418
165 80.333
168 80.248
171.06 80.167
174.17 80.09
177.34 80.021
180.57 79.959
183.86 79.904
187.2 79.854
190.61 79.81
194.08 79.769
197.61 79.728
201.21 79.685
204.87 79.638
208.6 79.584
212.39 79.521
216.26 79.447
220.19 79.36
224.2 79.264
228.28 79.159
232.44 79.048
236.67 78.93
240.97 78.81
245.36 78.687
249.82 78.562
254.37 78.437
259 78.312
263.71 78.187
268.51 78.065
273.4 77.943
278.38 77.823
283.44 77.701
288.6 77.577
293.85 77.45
299.2 77.322
304.65 77.192
310.19 77.063
315.84 76.934
321.59 76.804
327.44 76.674
333.4 76.546
339.47 76.419
345.64 76.297
351.93 76.179
358.34 76.064
364.86 75.949
371.5 75.829
378.26 75.701
385.15 75.567
392.16 75.429
399.29 75.289
406.56 75.151
413.96 75.017
421.49 74.889
429.16 74.767
436.97 74.654
444.93 74.549
453.02 74.45
461.27 74.354
469.66 74.257
478.21 74.161
486.91 74.065
495.78 73.969
504.8 73.874
513.99 73.781
523.34 73.689
532.87 73.601
542.56 73.518
552.44 73.441
562.49 73.369
572.73 73.301
583.15 73.236
593.77 73.172
604.57 73.109
615.57 73.049
626.78 72.996
638.18 72.948
649.8 72.911
661.63 72.884
673.67 72.868
685.93 72.865
698.41 72.873
711.12 72.892
724.06 72.921
737.24 72.961
750.66 73.011
764.32 73.073
778.23 73.146
792.39 73.229
806.82 73.321
821.5 73.422
836.45 73.532
851.67 73.653
867.17 73.783
882.96 73.923
899.02 74.071
915.39 74.225
932.05 74.381
949.01 74.536
966.28 74.691
983.87 74.85
1001.77 75.016
1020 75.195
1038.57 75.386
1057.47 75.589
1076.71 75.799
1096.31 76.011
1116.26 76.219
1136.58 76.422
1157.26 76.619
1178.32 76.811
1199.77 76.995
1221.6 77.168
1243.84 77.331
1266.47 77.483
1289.52 77.627
1312.99 77.768
1336.89 77.91
1361.22 78.054
1385.99 78.202
1411.22 78.352
1436.9 78.504
1463.05 78.657
1489.68 78.812
1516.79 78.973
1544.4 79.141
1572.5 79.318
1601.12 79.502
1630.26 79.688
1659.93 79.879
1690.14 80.072
1720.9 80.268
1752.22 80.463
1784.11 80.655
1816.58 80.835
1849.64 80.999
1883.3 81.142
1917.58 81.261
1952.48 81.355
1988.01 81.42
2024.19 81.457
2061.03 81.465
2098.54 81.448
2136.73 81.408
2175.62 81.35
2215.22 81.279
2255.53 81.199
2296.58 81.111
2338.38 81.02
2380.94 80.932
2424.27 80.852
2468.39 80.785
2513.31 80.733
2559.05 80.696
2605.63 80.672
2653.05 80.663
2701.33 80.669
2750.5 80.69
2800.55 80.727
2851.52 80.77
2903.42 80.811
2956.26 80.841
3010.06 80.853
3064.85 80.843
3120.62 80.813
3177.42 80.766
3235.25 80.71
3294.13 80.657
3354.08 80.616
3415.12 80.592
3477.27 80.588
3540.56 80.607
3605 80.649
3670.6 80.715
3737.41 80.804
3805.43 80.911
3874.68 81.035
3945.2 81.17
4017 81.31
4090.11 81.447
4164.55 81.568
4240.34 81.658
4317.51 81.698
4396.09 81.672
4476.1 81.568
4557.56 81.382
4640.5 81.113
4724.96 80.765
4810.95 80.341
4898.51 79.85
4987.66 79.305
5078.43 78.732
5170.86 78.159
5264.97 77.622
5360.79 77.158
5458.35 76.805
5557.69 76.596
5658.84 76.554
5761.82 76.688
5866.69 76.977
5973.46 77.374
6082.17 77.805
6192.87 78.185
6305.57 78.453
6420.33 78.584
6537.18 78.602
6656.15 78.573
6777.29 78.577
6900.63 78.691
7026.22 78.968
7154.1 79.43
7284.3 80.064
7416.87 80.815
7551.85 81.59
7689.29 82.272
7829.23 82.74
7971.72 82.907
8116.8 82.74
8264.53 82.27
8414.94 81.578
8568.09 80.765
8724.02 79.92
8882.79 79.092
9044.46 78.273
9209.06 77.408
9376.66 76.415
9547.31 75.23
9721.07 73.846
9897.99 72.343
10078.13 70.881
10261.55 69.637
10448.3 68.743
10638.45 68.252
10832.07 68.146
11029.21 68.342
11229.94 68.715
11434.32 69.127
11642.41 69.455
11854.3 69.613
12070.04 69.566
12289.71 69.333
12513.38 68.97
12741.12 68.556
12973 68.175
13209.1 67.909
13449.5 67.83
13694.28 67.991
13943.51 68.424
14197.27 69.133
14455.66 70.075
14718.74 71.149
14986.62 72.197
15259.37 73.028
15537.08 73.474
15819.85 73.452
16107.76 72.991
16400.92 72.21
16699.41 71.262
17003.33 70.275
17312.78 69.314
17627.86 68.377
17948.68 67.432
18275.34 66.44
18607.94 65.39
18946.6 64.289
19291.42 63.161
19642.52 62.028
20000 60.899