20 75.233
20.36 75.396
20.73 75.558
21.11 75.72
21.5 75.88
21.89 76.039
22.29 76.198
22.69 76.355
23.1 76.511
23.52 76.664
23.95 76.817
24.39 76.967
24.83 77.114
25.28 77.26
25.74 77.402
26.21 77.542
26.69 77.679
27.18 77.812
27.67 77.943
28.17 78.07
28.69 78.192
29.21 78.311
29.74 78.426
30.28 78.536
30.83 78.642
31.39 78.744
31.97 78.84
32.55 78.931
33.14 79.018
33.74 79.099
34.36 79.175
34.98 79.247
35.62 79.313
36.27 79.375
36.93 79.432
37.6 79.486
38.28 79.535
38.98 79.578
39.69 79.62
40.41 79.656
41.15 79.689
41.9 79.718
42.66 79.743
43.44 79.766
44.23 79.785
45.03 79.8
45.85 79.812
46.68 79.821
47.53 79.826
48.4 79.826
49.28 79.822
50.18 79.813
51.09 79.797
52.02 79.775
52.97 79.745
53.93 79.708
54.91 79.663
55.91 79.611
56.93 79.549
57.97 79.477
59.02 79.395
60.09 79.303
61.19 79.203
62.3 79.094
63.44 78.978
64.59 78.855
65.77 78.727
66.96 78.595
68.18 78.459
69.42 78.319
70.69 78.178
71.97 78.035
73.28 77.891
74.62 77.747
75.97 77.603
77.36 77.459
78.76 77.314
80.2 77.17
81.66 77.027
83.14 76.884
84.66 76.741
86.2 76.599
87.77 76.458
89.36 76.318
90.99 76.178
92.65 76.037
94.33 75.898
96.05 75.756
97.8 75.615
99.58 75.473
101.39 75.332
103.23 75.194
105.11 75.06
107.03 74.931
108.97 74.809
110.96 74.696
112.98 74.594
115.03 74.496
117.13 74.399
119.26 74.298
121.43 74.188
123.64 74.066
125.89 73.926
128.18 73.772
130.51 73.608
132.89 73.435
135.31 73.259
137.77 73.081
140.28 72.905
142.83 72.735
145.43 72.571
148.07 72.417
150.77 72.277
153.51 72.148
156.31 72.028
159.15 71.916
162.05 71.805
165 71.699
168 71.594
171.06 71.496
174.17 71.406
177.34 71.328
180.57 71.262
183.86 71.207
187.2 71.161
190.61 71.125
194.08 71.095
197.61 71.072
201.21 71.055
204.87 71.041
208.6 71.031
212.39 71.021
216.26 71.012
220.19 71.003
224.2 70.991
228.28 70.979
232.44 70.963
236.67 70.948
240.97 70.934
245.36 70.919
249.82 70.903
254.37 70.884
259 70.86
263.71 70.832
268.51 70.806
273.4 70.785
278.38 70.773
283.44 70.776
288.6 70.794
293.85 70.828
299.2 70.876
304.65 70.933
310.19 70.995
315.84 71.061
321.59 71.13
327.44 71.199
333.4 71.267
339.47 71.33
345.64 71.391
351.93 71.452
358.34 71.514
364.86 71.582
371.5 71.658
378.26 71.748
385.15 71.85
392.16 71.964
399.29 72.084
406.56 72.206
413.96 72.328
421.49 72.448
429.16 72.567
436.97 72.684
444.93 72.798
453.02 72.912
461.27 73.024
469.66 73.134
478.21 73.243
486.91 73.352
495.78 73.458
504.8 73.562
513.99 73.662
523.34 73.758
532.87 73.85
542.56 73.938
552.44 74.022
562.49 74.1
572.73 74.167
583.15 74.224
593.77 74.272
604.57 74.313
615.57 74.357
626.78 74.405
638.18 74.46
649.8 74.522
661.63 74.588
673.67 74.655
685.93 74.719
698.41 74.779
711.12 74.834
724.06 74.88
737.24 74.914
750.66 74.938
764.32 74.951
778.23 74.959
792.39 74.964
806.82 74.967
821.5 74.966
836.45 74.962
851.67 74.951
867.17 74.938
882.96 74.924
899.02 74.912
915.39 74.905
932.05 74.902
949.01 74.905
966.28 74.921
983.87 74.953
1001.77 75.005
1020 75.082
1038.57 75.183
1057.47 75.314
1076.71 75.474
1096.31 75.664
1116.26 75.876
1136.58 76.104
1157.26 76.342
1178.32 76.584
1199.77 76.827
1221.6 77.07
1243.84 77.309
1266.47 77.544
1289.52 77.767
1312.99 77.979
1336.89 78.181
1361.22 78.376
1385.99 78.565
1411.22 78.748
1436.9 78.923
1463.05 79.087
1489.68 79.24
1516.79 79.381
1544.4 79.514
1572.5 79.643
1601.12 79.77
1630.26 79.899
1659.93 80.033
1690.14 80.178
1720.9 80.337
1752.22 80.51
1784.11 80.699
1816.58 80.901
1849.64 81.115
1883.3 81.342
1917.58 81.583
1952.48 81.838
1988.01 82.109
2024.19 82.402
2061.03 82.717
2098.54 83.056
2136.73 83.418
2175.62 83.797
2215.22 84.185
2255.53 84.575
2296.58 84.959
2338.38 85.326
2380.94 85.662
2424.27 85.955
2468.39 86.193
2513.31 86.372
2559.05 86.494
2605.63 86.565
2653.05 86.589
2701.33 86.57
2750.5 86.511
2800.55 86.418
2851.52 86.295
2903.42 86.15
2956.26 85.984
3010.06 85.799
3064.85 85.587
3120.62 85.349
3177.42 85.083
3235.25 84.791
3294.13 84.478
3354.08 84.148
3415.12 83.809
3477.27 83.47
3540.56 83.136
3605 82.815
3670.6 82.514
3737.41 82.237
3805.43 81.987
3874.68 81.768
3945.2 81.583
4017 81.436
4090.11 81.334
4164.55 81.28
4240.34 81.278
4317.51 81.327
4396.09 81.426
4476.1 81.57
4557.56 81.753
4640.5 81.963
4724.96 82.19
4810.95 82.417
4898.51 82.631
4987.66 82.819
5078.43 82.969
5170.86 83.069
5264.97 83.115
5360.79 83.102
5458.35 83.028
5557.69 82.893
5658.84 82.695
5761.82 82.431
5866.69 82.096
5973.46 81.684
6082.17 81.197
6192.87 80.641
6305.57 80.027
6420.33 79.373
6537.18 78.707
6656.15 78.059
6777.29 77.46
6900.63 76.935
7026.22 76.502
7154.1 76.178
7284.3 75.979
7416.87 75.922
7551.85 76.016
7689.29 76.265
7829.23 76.661
7971.72 77.175
8116.8 77.754
8264.53 78.32
8414.94 78.776
8568.09 79.024
8724.02 78.989
8882.79 78.635
9044.46 77.966
9209.06 77.024
9376.66 75.879
9547.31 74.606
9721.07 73.281
9897.99 71.973
10078.13 70.745
10261.55 69.641
10448.3 68.682
10638.45 67.867
10832.07 67.19
11029.21 66.643
11229.94 66.224
11434.32 65.941
11642.41 65.81
11854.3 65.858
12070.04 66.117
12289.71 66.616
12513.38 67.375
12741.12 68.397
12973 69.643
13209.1 71.019
13449.5 72.365
13694.28 73.466
13943.51 74.09
14197.27 74.034
14455.66 73.165
14718.74 71.427
14986.62 68.832
15259.37 65.456
15537.08 61.485
15819.85 57.238
16107.76 53.128
16400.92 49.533
16699.41 46.666
17003.33 44.562
17312.78 43.129
17627.86 42.211
17948.68 41.634
18275.34 41.247
18607.94 40.938
18946.6 40.636
19291.42 40.321
19642.52 39.998
20000 39.672