20 84.465
20.36 84.521
20.73 84.578
21.11 84.634
21.5 84.689
21.89 84.743
22.29 84.796
22.69 84.847
23.1 84.898
23.52 84.946
23.95 84.993
24.39 85.037
24.83 85.08
25.28 85.119
25.74 85.157
26.21 85.191
26.69 85.223
27.18 85.251
27.67 85.276
28.17 85.298
28.69 85.316
29.21 85.33
29.74 85.34
30.28 85.346
30.83 85.347
31.39 85.343
31.97 85.335
32.55 85.322
33.14 85.304
33.74 85.282
34.36 85.254
34.98 85.223
35.62 85.188
36.27 85.15
36.93 85.108
37.6 85.064
38.28 85.018
38.98 84.969
39.69 84.919
40.41 84.867
41.15 84.815
41.9 84.762
42.66 84.708
43.44 84.655
44.23 84.602
45.03 84.55
45.85 84.498
46.68 84.448
47.53 84.4
48.4 84.351
49.28 84.304
50.18 84.258
51.09 84.212
52.02 84.167
52.97 84.123
53.93 84.078
54.91 84.034
55.91 83.991
56.93 83.947
57.97 83.903
59.02 83.859
60.09 83.815
61.19 83.77
62.3 83.724
63.44 83.675
64.59 83.625
65.77 83.571
66.96 83.514
68.18 83.454
69.42 83.39
70.69 83.32
71.97 83.245
73.28 83.165
74.62 83.081
75.97 82.994
77.36 82.905
78.76 82.814
80.2 82.725
81.66 82.637
83.14 82.552
84.66 82.471
86.2 82.395
87.77 82.323
89.36 82.255
90.99 82.191
92.65 82.129
94.33 82.069
96.05 82.01
97.8 81.952
99.58 81.893
101.39 81.834
103.23 81.771
105.11 81.704
107.03 81.632
108.97 81.553
110.96 81.466
112.98 81.369
115.03 81.266
117.13 81.157
119.26 81.046
121.43 80.934
123.64 80.825
125.89 80.719
128.18 80.618
130.51 80.522
132.89 80.434
135.31 80.353
137.77 80.28
140.28 80.214
142.83 80.152
145.43 80.091
148.07 80.026
150.77 79.955
153.51 79.877
156.31 79.79
159.15 79.693
162.05 79.586
165 79.469
168 79.346
171.06 79.217
174.17 79.089
177.34 78.964
180.57 78.843
183.86 78.728
187.2 78.619
190.61 78.517
194.08 78.421
197.61 78.328
201.21 78.238
204.87 78.147
208.6 78.055
212.39 77.963
216.26 77.869
220.19 77.774
224.2 77.676
228.28 77.575
232.44 77.469
236.67 77.361
240.97 77.251
245.36 77.141
249.82 77.034
254.37 76.933
259 76.839
263.71 76.752
268.51 76.672
273.4 76.597
278.38 76.527
283.44 76.459
288.6 76.393
293.85 76.325
299.2 76.252
304.65 76.175
310.19 76.092
315.84 76.007
321.59 75.922
327.44 75.839
333.4 75.76
339.47 75.685
345.64 75.616
351.93 75.551
358.34 75.49
364.86 75.433
371.5 75.375
378.26 75.317
385.15 75.257
392.16 75.198
399.29 75.143
406.56 75.09
413.96 75.04
421.49 74.99
429.16 74.943
436.97 74.896
444.93 74.85
453.02 74.803
461.27 74.758
469.66 74.714
478.21 74.674
486.91 74.637
495.78 74.605
504.8 74.577
513.99 74.553
523.34 74.533
532.87 74.513
542.56 74.494
552.44 74.472
562.49 74.445
572.73 74.414
583.15 74.383
593.77 74.352
604.57 74.321
615.57 74.289
626.78 74.254
638.18 74.22
649.8 74.188
661.63 74.164
673.67 74.15
685.93 74.144
698.41 74.144
711.12 74.148
724.06 74.153
737.24 74.163
750.66 74.174
764.32 74.186
778.23 74.195
792.39 74.203
806.82 74.209
821.5 74.218
836.45 74.234
851.67 74.26
867.17 74.301
882.96 74.352
899.02 74.415
915.39 74.487
932.05 74.568
949.01 74.66
966.28 74.763
983.87 74.88
1001.77 75.013
1020 75.168
1038.57 75.343
1057.47 75.539
1076.71 75.754
1096.31 75.991
1116.26 76.249
1136.58 76.529
1157.26 76.825
1178.32 77.132
1199.77 77.441
1221.6 77.744
1243.84 78.041
1266.47 78.334
1289.52 78.625
1312.99 78.915
1336.89 79.204
1361.22 79.495
1385.99 79.785
1411.22 80.075
1436.9 80.364
1463.05 80.655
1489.68 80.95
1516.79 81.249
1544.4 81.55
1572.5 81.85
1601.12 82.147
1630.26 82.444
1659.93 82.744
1690.14 83.053
1720.9 83.37
1752.22 83.698
1784.11 84.037
1816.58 84.383
1849.64 84.728
1883.3 85.061
1917.58 85.371
1952.48 85.651
1988.01 85.892
2024.19 86.086
2061.03 86.231
2098.54 86.325
2136.73 86.369
2175.62 86.363
2215.22 86.311
2255.53 86.212
2296.58 86.067
2338.38 85.881
2380.94 85.662
2424.27 85.422
2468.39 85.166
2513.31 84.898
2559.05 84.619
2605.63 84.33
2653.05 84.031
2701.33 83.727
2750.5 83.423
2800.55 83.126
2851.52 82.842
2903.42 82.574
2956.26 82.32
3010.06 82.078
3064.85 81.848
3120.62 81.625
3177.42 81.407
3235.25 81.19
3294.13 80.967
3354.08 80.737
3415.12 80.499
3477.27 80.259
3540.56 80.024
3605 79.802
3670.6 79.602
3737.41 79.433
3805.43 79.308
3874.68 79.23
3945.2 79.21
4017 79.254
4090.11 79.368
4164.55 79.555
4240.34 79.816
4317.51 80.144
4396.09 80.533
4476.1 80.973
4557.56 81.447
4640.5 81.934
4724.96 82.407
4810.95 82.837
4898.51 83.192
4987.66 83.438
5078.43 83.541
5170.86 83.48
5264.97 83.246
5360.79 82.849
5458.35 82.31
5557.69 81.662
5658.84 80.943
5761.82 80.187
5866.69 79.427
5973.46 78.687
6082.17 77.987
6192.87 77.342
6305.57 76.761
6420.33 76.252
6537.18 75.827
6656.15 75.496
6777.29 75.274
6900.63 75.17
7026.22 75.194
7154.1 75.357
7284.3 75.663
7416.87 76.114
7551.85 76.704
7689.29 77.417
7829.23 78.225
7971.72 79.085
8116.8 79.94
8264.53 80.724
8414.94 81.371
8568.09 81.825
8724.02 82.044
8882.79 82.013
9044.46 81.722
9209.06 81.163
9376.66 80.318
9547.31 79.171
9721.07 77.718
9897.99 75.991
10078.13 74.063
10261.55 72.031
10448.3 69.989
10638.45 68.026
10832.07 66.229
11029.21 64.692
11229.94 63.505
11434.32 62.741
11642.41 62.425
11854.3 62.522
12070.04 62.951
12289.71 63.617
12513.38 64.444
12741.12 65.389
12973 66.427
13209.1 67.535
13449.5 68.66
13694.28 69.706
13943.51 70.538
14197.27 71.003
14455.66 70.977
14718.74 70.408
14986.62 69.348
15259.37 67.942
15537.08 66.379
15819.85 64.847
16107.76 63.484
16400.92 62.379
16699.41 61.578
17003.33 61.098
17312.78 60.928
17627.86 61.03
17948.68 61.344
18275.34 61.794
18607.94 62.312
18946.6 62.845
19291.42 63.363
19642.52 63.858
20000 64.342