20 80.059
20.36 80.119
20.73 80.18
21.11 80.24
21.5 80.301
21.89 80.361
22.29 80.421
22.69 80.481
23.1 80.541
23.52 80.6
23.95 80.659
24.39 80.718
24.83 80.777
25.28 80.835
25.74 80.893
26.21 80.951
26.69 81.008
27.18 81.065
27.67 81.121
28.17 81.177
28.69 81.233
29.21 81.287
29.74 81.342
30.28 81.395
30.83 81.448
31.39 81.501
31.97 81.553
32.55 81.604
33.14 81.655
33.74 81.704
34.36 81.752
34.98 81.797
35.62 81.841
36.27 81.881
36.93 81.919
37.6 81.952
38.28 81.982
38.98 82.008
39.69 82.028
40.41 82.044
41.15 82.053
41.9 82.057
42.66 82.054
43.44 82.044
44.23 82.027
45.03 82.003
45.85 81.97
46.68 81.93
47.53 81.883
48.4 81.832
49.28 81.778
50.18 81.722
51.09 81.664
52.02 81.608
52.97 81.553
53.93 81.502
54.91 81.456
55.91 81.415
56.93 81.382
57.97 81.357
59.02 81.343
60.09 81.337
61.19 81.337
62.3 81.341
63.44 81.346
64.59 81.348
65.77 81.345
66.96 81.335
68.18 81.314
69.42 81.28
70.69 81.23
71.97 81.161
73.28 81.073
74.62 80.968
75.97 80.853
77.36 80.731
78.76 80.61
80.2 80.492
81.66 80.384
83.14 80.291
84.66 80.217
86.2 80.165
87.77 80.135
89.36 80.12
90.99 80.117
92.65 80.123
94.33 80.134
96.05 80.145
97.8 80.153
99.58 80.155
101.39 80.149
103.23 80.135
105.11 80.114
107.03 80.085
108.97 80.048
110.96 80.002
112.98 79.947
115.03 79.884
117.13 79.814
119.26 79.736
121.43 79.651
123.64 79.561
125.89 79.466
128.18 79.369
130.51 79.277
132.89 79.191
135.31 79.118
137.77 79.061
140.28 79.017
142.83 78.98
145.43 78.943
148.07 78.897
150.77 78.836
153.51 78.757
156.31 78.662
159.15 78.554
162.05 78.435
165 78.307
168 78.175
171.06 78.042
174.17 77.911
177.34 77.788
180.57 77.673
183.86 77.569
187.2 77.478
190.61 77.399
194.08 77.332
197.61 77.272
201.21 77.215
204.87 77.156
208.6 77.089
212.39 77.011
216.26 76.914
220.19 76.805
224.2 76.693
228.28 76.592
232.44 76.51
236.67 76.445
240.97 76.391
245.36 76.343
249.82 76.294
254.37 76.237
259 76.166
263.71 76.083
268.51 75.988
273.4 75.885
278.38 75.78
283.44 75.68
288.6 75.586
293.85 75.495
299.2 75.402
304.65 75.309
310.19 75.218
315.84 75.128
321.59 75.038
327.44 74.951
333.4 74.873
339.47 74.807
345.64 74.753
351.93 74.709
358.34 74.674
364.86 74.643
371.5 74.613
378.26 74.582
385.15 74.55
392.16 74.516
399.29 74.488
406.56 74.466
413.96 74.446
421.49 74.419
429.16 74.377
436.97 74.316
444.93 74.232
453.02 74.138
461.27 74.046
469.66 73.972
478.21 73.918
486.91 73.888
495.78 73.883
504.8 73.903
513.99 73.943
523.34 73.99
532.87 74.033
542.56 74.064
552.44 74.08
562.49 74.082
572.73 74.071
583.15 74.051
593.77 74.023
604.57 73.993
615.57 73.962
626.78 73.932
638.18 73.906
649.8 73.884
661.63 73.868
673.67 73.868
685.93 73.889
698.41 73.93
711.12 73.983
724.06 74.04
737.24 74.095
750.66 74.147
764.32 74.198
778.23 74.248
792.39 74.3
806.82 74.352
821.5 74.408
836.45 74.471
851.67 74.54
867.17 74.611
882.96 74.677
899.02 74.734
915.39 74.781
932.05 74.818
949.01 74.848
966.28 74.881
983.87 74.93
1001.77 75.008
1020 75.122
1038.57 75.273
1057.47 75.458
1076.71 75.668
1096.31 75.893
1116.26 76.125
1136.58 76.36
1157.26 76.591
1178.32 76.806
1199.77 76.993
1221.6 77.146
1243.84 77.275
1266.47 77.391
1289.52 77.504
1312.99 77.615
1336.89 77.722
1361.22 77.819
1385.99 77.895
1411.22 77.939
1436.9 77.949
1463.05 77.933
1489.68 77.899
1516.79 77.855
1544.4 77.803
1572.5 77.748
1601.12 77.694
1630.26 77.651
1659.93 77.635
1690.14 77.664
1720.9 77.748
1752.22 77.889
1784.11 78.078
1816.58 78.292
1849.64 78.512
1883.3 78.722
1917.58 78.916
1952.48 79.096
1988.01 79.27
2024.19 79.445
2061.03 79.629
2098.54 79.824
2136.73 80.026
2175.62 80.231
2215.22 80.444
2255.53 80.667
2296.58 80.892
2338.38 81.103
2380.94 81.288
2424.27 81.444
2468.39 81.576
2513.31 81.693
2559.05 81.804
2605.63 81.911
2653.05 82.013
2701.33 82.103
2750.5 82.175
2800.55 82.224
2851.52 82.246
2903.42 82.239
2956.26 82.199
3010.06 82.129
3064.85 82.037
3120.62 81.929
3177.42 81.811
3235.25 81.689
3294.13 81.569
3354.08 81.456
3415.12 81.354
3477.27 81.268
3540.56 81.2
3605 81.152
3670.6 81.122
3737.41 81.11
3805.43 81.116
3874.68 81.14
3945.2 81.181
4017 81.245
4090.11 81.34
4164.55 81.476
4240.34 81.657
4317.51 81.875
4396.09 82.119
4476.1 82.376
4557.56 82.636
4640.5 82.889
4724.96 83.124
4810.95 83.332
4898.51 83.504
4987.66 83.632
5078.43 83.71
5170.86 83.73
5264.97 83.683
5360.79 83.568
5458.35 83.385
5557.69 83.143
5658.84 82.856
5761.82 82.543
5866.69 82.217
5973.46 81.894
6082.17 81.585
6192.87 81.305
6305.57 81.069
6420.33 80.895
6537.18 80.796
6656.15 80.788
6777.29 80.879
6900.63 81.072
7026.22 81.369
7154.1 81.765
7284.3 82.239
7416.87 82.75
7551.85 83.234
7689.29 83.608
7829.23 83.784
7971.72 83.692
8116.8 83.304
8264.53 82.651
8414.94 81.818
8568.09 80.915
8724.02 80.048
8882.79 79.295
9044.46 78.695
9209.06 78.254
9376.66 77.951
9547.31 77.755
9721.07 77.638
9897.99 77.574
10078.13 77.543
10261.55 77.522
10448.3 77.495
10638.45 77.451
10832.07 77.394
11029.21 77.341
11229.94 77.323
11434.32 77.372
11642.41 77.514
11854.3 77.768
12070.04 78.132
12289.71 78.583
12513.38 79.076
12741.12 79.546
12973 79.927
13209.1 80.168
13449.5 80.257
13694.28 80.234
13943.51 80.168
14197.27 80.129
14455.66 80.148
14718.74 80.2
14986.62 80.201
15259.37 80.048
15537.08 79.666
15819.85 79.071
16107.76 78.351
16400.92 77.602
16699.41 76.896
17003.33 76.266
17312.78 75.72
17627.86 75.236
17948.68 74.775
18275.34 74.293
18607.94 73.765
18946.6 73.19
19291.42 72.584
19642.52 71.969
20000 71.353