20 64.302
20.36 64.467
20.73 64.631
21.11 64.795
21.5 64.958
21.89 65.121
22.29 65.282
22.69 65.443
23.1 65.602
23.52 65.76
23.95 65.917
24.39 66.071
24.83 66.224
25.28 66.375
25.74 66.524
26.21 66.671
26.69 66.815
27.18 66.957
27.67 67.097
28.17 67.233
28.69 67.366
29.21 67.496
29.74 67.623
30.28 67.747
30.83 67.867
31.39 67.983
31.97 68.095
32.55 68.203
33.14 68.308
33.74 68.408
34.36 68.506
34.98 68.602
35.62 68.696
36.27 68.788
36.93 68.88
37.6 68.971
38.28 69.063
38.98 69.156
39.69 69.249
40.41 69.346
41.15 69.444
41.9 69.547
42.66 69.652
43.44 69.762
44.23 69.877
45.03 69.997
45.85 70.123
46.68 70.255
47.53 70.391
48.4 70.531
49.28 70.674
50.18 70.819
51.09 70.964
52.02 71.11
52.97 71.255
53.93 71.397
54.91 71.538
55.91 71.674
56.93 71.805
57.97 71.931
59.02 72.051
60.09 72.163
61.19 72.268
62.3 72.364
63.44 72.451
64.59 72.527
65.77 72.595
66.96 72.651
68.18 72.695
69.42 72.728
70.69 72.747
71.97 72.753
73.28 72.746
74.62 72.726
75.97 72.695
77.36 72.654
78.76 72.604
80.2 72.547
81.66 72.484
83.14 72.416
84.66 72.344
86.2 72.271
87.77 72.197
89.36 72.126
90.99 72.06
92.65 72.001
94.33 71.952
96.05 71.915
97.8 71.892
99.58 71.885
101.39 71.892
103.23 71.91
105.11 71.937
107.03 71.97
108.97 72.006
110.96 72.044
112.98 72.079
115.03 72.109
117.13 72.129
119.26 72.135
121.43 72.124
123.64 72.091
125.89 72.034
128.18 71.947
130.51 71.829
132.89 71.676
135.31 71.484
137.77 71.25
140.28 70.974
142.83 70.658
145.43 70.304
148.07 69.915
150.77 69.493
153.51 69.041
156.31 68.564
159.15 68.067
162.05 67.552
165 67.028
168 66.507
171.06 66.006
174.17 65.54
177.34 65.126
180.57 64.775
183.86 64.5
187.2 64.309
190.61 64.215
194.08 64.216
197.61 64.309
201.21 64.486
204.87 64.738
208.6 65.049
212.39 65.401
216.26 65.777
220.19 66.165
224.2 66.558
228.28 66.951
232.44 67.337
236.67 67.713
240.97 68.073
245.36 68.414
249.82 68.735
254.37 69.035
259 69.317
263.71 69.58
268.51 69.827
273.4 70.059
278.38 70.281
283.44 70.493
288.6 70.698
293.85 70.894
299.2 71.081
304.65 71.261
310.19 71.434
315.84 71.601
321.59 71.764
327.44 71.923
333.4 72.077
339.47 72.226
345.64 72.372
351.93 72.518
358.34 72.661
364.86 72.799
371.5 72.93
378.26 73.055
385.15 73.178
392.16 73.3
399.29 73.424
406.56 73.546
413.96 73.667
421.49 73.781
429.16 73.889
436.97 73.986
444.93 74.074
453.02 74.151
461.27 74.219
469.66 74.28
478.21 74.334
486.91 74.38
495.78 74.413
504.8 74.424
513.99 74.403
523.34 74.335
532.87 74.211
542.56 74.017
552.44 73.747
562.49 73.401
572.73 72.984
583.15 72.516
593.77 72.034
604.57 71.586
615.57 71.229
626.78 71.019
638.18 70.985
649.8 71.133
661.63 71.434
673.67 71.837
685.93 72.29
698.41 72.754
711.12 73.195
724.06 73.59
737.24 73.925
750.66 74.195
764.32 74.403
778.23 74.562
792.39 74.682
806.82 74.78
821.5 74.867
836.45 74.949
851.67 75.03
867.17 75.105
882.96 75.168
899.02 75.213
915.39 75.236
932.05 75.234
949.01 75.209
966.28 75.161
983.87 75.088
1001.77 74.99
1020 74.87
1038.57 74.729
1057.47 74.571
1076.71 74.4
1096.31 74.21
1116.26 73.997
1136.58 73.762
1157.26 73.509
1178.32 73.244
1199.77 72.976
1221.6 72.711
1243.84 72.452
1266.47 72.201
1289.52 71.962
1312.99 71.736
1336.89 71.522
1361.22 71.319
1385.99 71.13
1411.22 70.96
1436.9 70.81
1463.05 70.679
1489.68 70.564
1516.79 70.464
1544.4 70.38
1572.5 70.311
1601.12 70.257
1630.26 70.217
1659.93 70.191
1690.14 70.183
1720.9 70.193
1752.22 70.216
1784.11 70.243
1816.58 70.268
1849.64 70.29
1883.3 70.316
1917.58 70.356
1952.48 70.412
1988.01 70.482
2024.19 70.553
2061.03 70.619
2098.54 70.675
2136.73 70.717
2175.62 70.744
2215.22 70.751
2255.53 70.738
2296.58 70.708
2338.38 70.667
2380.94 70.62
2424.27 70.568
2468.39 70.503
2513.31 70.416
2559.05 70.294
2605.63 70.131
2653.05 69.922
2701.33 69.665
2750.5 69.362
2800.55 69.017
2851.52 68.634
2903.42 68.215
2956.26 67.755
3010.06 67.253
3064.85 66.707
3120.62 66.124
3177.42 65.528
3235.25 64.979
3294.13 64.562
3354.08 64.351
3415.12 64.34
3477.27 64.472
3540.56 64.7
3605 65.011
3670.6 65.435
3737.41 66.032
3805.43 66.866
3874.68 67.965
3945.2 69.283
4017 70.702
4090.11 72.058
4164.55 73.188
4240.34 73.996
4317.51 74.485
4396.09 74.744
4476.1 74.884
4557.56 74.983
4640.5 75.062
4724.96 75.099
4810.95 75.057
4898.51 74.902
4987.66 74.629
5078.43 74.273
5170.86 73.893
5264.97 73.555
5360.79 73.31
5458.35 73.183
5557.69 73.175
5658.84 73.264
5761.82 73.425
5866.69 73.638
5973.46 73.892
6082.17 74.189
6192.87 74.538
6305.57 74.944
6420.33 75.398
6537.18 75.865
6656.15 76.295
6777.29 76.644
6900.63 76.902
7026.22 77.103
7154.1 77.299
7284.3 77.527
7416.87 77.769
7551.85 77.944
7689.29 77.929
7829.23 77.61
7971.72 76.896
8116.8 75.726
8264.53 74.046
8414.94 71.825
8568.09 69.084
8724.02 65.944
8882.79 62.643
9044.46 59.529
9209.06 57.001
9376.66 55.431
9547.31 55.032
9721.07 55.734
9897.99 57.242
10078.13 59.185
10261.55 61.217
10448.3 63.07
10638.45 64.577
10832.07 65.661
11029.21 66.303
11229.94 66.519
11434.32 66.366
11642.41 65.944
11854.3 65.398
12070.04 64.913
12289.71 64.681
12513.38 64.825
12741.12 65.35
12973 66.124
13209.1 66.919
13449.5 67.472
13694.28 67.565
13943.51 67.145
14197.27 66.387
14455.66 65.653
14718.74 65.302
14986.62 65.479
15259.37 66.049
15537.08 66.692
15819.85 67.095
16107.76 67.091
16400.92 66.705
16699.41 66.085
17003.33 65.405
17312.78 64.785
17627.86 64.262
17948.68 63.786
18275.34 63.25
18607.94 62.549
18946.6 61.632
19291.42 60.533
19642.52 59.345
20000 58.134