20 80.296
20.36 80.333
20.73 80.37
21.11 80.407
21.5 80.444
21.89 80.482
22.29 80.519
22.69 80.557
23.1 80.594
23.52 80.632
23.95 80.67
24.39 80.708
24.83 80.746
25.28 80.785
25.74 80.823
26.21 80.862
26.69 80.901
27.18 80.94
27.67 80.98
28.17 81.02
28.69 81.06
29.21 81.1
29.74 81.141
30.28 81.182
30.83 81.223
31.39 81.265
31.97 81.307
32.55 81.349
33.14 81.392
33.74 81.435
34.36 81.478
34.98 81.521
35.62 81.564
36.27 81.606
36.93 81.649
37.6 81.69
38.28 81.732
38.98 81.772
39.69 81.811
40.41 81.85
41.15 81.886
41.9 81.922
42.66 81.956
43.44 81.989
44.23 82.02
45.03 82.049
45.85 82.076
46.68 82.102
47.53 82.124
48.4 82.143
49.28 82.159
50.18 82.17
51.09 82.178
52.02 82.18
52.97 82.178
53.93 82.17
54.91 82.155
55.91 82.135
56.93 82.107
57.97 82.072
59.02 82.029
60.09 81.979
61.19 81.921
62.3 81.856
63.44 81.784
64.59 81.705
65.77 81.619
66.96 81.527
68.18 81.429
69.42 81.325
70.69 81.216
71.97 81.101
73.28 80.981
74.62 80.857
75.97 80.732
77.36 80.607
78.76 80.483
80.2 80.362
81.66 80.247
83.14 80.138
84.66 80.037
86.2 79.945
87.77 79.861
89.36 79.783
90.99 79.709
92.65 79.637
94.33 79.565
96.05 79.491
97.8 79.414
99.58 79.333
101.39 79.247
103.23 79.159
105.11 79.068
107.03 78.977
108.97 78.886
110.96 78.797
112.98 78.71
115.03 78.624
117.13 78.535
119.26 78.444
121.43 78.347
123.64 78.242
125.89 78.128
128.18 78.002
130.51 77.861
132.89 77.704
135.31 77.527
137.77 77.328
140.28 77.108
142.83 76.87
145.43 76.618
148.07 76.355
150.77 76.083
153.51 75.806
156.31 75.523
159.15 75.235
162.05 74.942
165 74.645
168 74.345
171.06 74.042
174.17 73.739
177.34 73.437
180.57 73.135
183.86 72.834
187.2 72.532
190.61 72.23
194.08 71.928
197.61 71.631
201.21 71.344
204.87 71.068
208.6 70.806
212.39 70.56
216.26 70.331
220.19 70.119
224.2 69.923
228.28 69.743
232.44 69.58
236.67 69.431
240.97 69.295
245.36 69.173
249.82 69.063
254.37 68.967
259 68.884
263.71 68.816
268.51 68.763
273.4 68.726
278.38 68.704
283.44 68.697
288.6 68.704
293.85 68.722
299.2 68.749
304.65 68.784
310.19 68.825
315.84 68.869
321.59 68.918
327.44 68.972
333.4 69.033
339.47 69.102
345.64 69.182
351.93 69.275
358.34 69.383
364.86 69.505
371.5 69.641
378.26 69.789
385.15 69.947
392.16 70.114
399.29 70.286
406.56 70.46
413.96 70.635
421.49 70.805
429.16 70.971
436.97 71.131
444.93 71.286
453.02 71.436
461.27 71.584
469.66 71.732
478.21 71.883
486.91 72.037
495.78 72.194
504.8 72.352
513.99 72.51
523.34 72.665
532.87 72.818
542.56 72.965
552.44 73.106
562.49 73.239
572.73 73.364
583.15 73.481
593.77 73.588
604.57 73.686
615.57 73.775
626.78 73.856
638.18 73.933
649.8 74.008
661.63 74.08
673.67 74.151
685.93 74.218
698.41 74.277
711.12 74.325
724.06 74.353
737.24 74.357
750.66 74.336
764.32 74.295
778.23 74.249
792.39 74.22
806.82 74.223
821.5 74.266
836.45 74.347
851.67 74.454
867.17 74.575
882.96 74.694
899.02 74.803
915.39 74.892
932.05 74.96
949.01 75.003
966.28 75.023
983.87 75.02
1001.77 74.998
1020 74.961
1038.57 74.912
1057.47 74.857
1076.71 74.798
1096.31 74.738
1116.26 74.679
1136.58 74.622
1157.26 74.57
1178.32 74.524
1199.77 74.488
1221.6 74.464
1243.84 74.456
1266.47 74.464
1289.52 74.489
1312.99 74.531
1336.89 74.587
1361.22 74.653
1385.99 74.729
1411.22 74.811
1436.9 74.901
1463.05 74.997
1489.68 75.103
1516.79 75.22
1544.4 75.353
1572.5 75.503
1601.12 75.669
1630.26 75.853
1659.93 76.057
1690.14 76.28
1720.9 76.52
1752.22 76.772
1784.11 77.035
1816.58 77.303
1849.64 77.571
1883.3 77.834
1917.58 78.093
1952.48 78.349
1988.01 78.605
2024.19 78.868
2061.03 79.143
2098.54 79.437
2136.73 79.753
2175.62 80.091
2215.22 80.449
2255.53 80.824
2296.58 81.206
2338.38 81.584
2380.94 81.946
2424.27 82.285
2468.39 82.597
2513.31 82.879
2559.05 83.132
2605.63 83.352
2653.05 83.535
2701.33 83.678
2750.5 83.774
2800.55 83.82
2851.52 83.815
2903.42 83.759
2956.26 83.65
3010.06 83.483
3064.85 83.256
3120.62 82.97
3177.42 82.628
3235.25 82.242
3294.13 81.829
3354.08 81.415
3415.12 81.032
3477.27 80.71
3540.56 80.468
3605 80.317
3670.6 80.252
3737.41 80.263
3805.43 80.331
3874.68 80.427
3945.2 80.523
4017 80.59
4090.11 80.607
4164.55 80.565
4240.34 80.464
4317.51 80.305
4396.09 80.088
4476.1 79.809
4557.56 79.465
4640.5 79.063
4724.96 78.623
4810.95 78.182
4898.51 77.781
4987.66 77.454
5078.43 77.212
5170.86 77.043
5264.97 76.927
5360.79 76.847
5458.35 76.794
5557.69 76.766
5658.84 76.766
5761.82 76.791
5866.69 76.846
5973.46 76.933
6082.17 77.066
6192.87 77.261
6305.57 77.54
6420.33 77.925
6537.18 78.433
6656.15 79.068
6777.29 79.814
6900.63 80.622
7026.22 81.417
7154.1 82.101
7284.3 82.573
7416.87 82.748
7551.85 82.573
7689.29 82.033
7829.23 81.143
7971.72 79.937
8116.8 78.458
8264.53 76.763
8414.94 74.932
8568.09 73.077
8724.02 71.34
8882.79 69.878
9044.46 68.824
9209.06 68.237
9376.66 68.059
9547.31 68.132
9721.07 68.273
9897.99 68.361
10078.13 68.374
10261.55 68.363
10448.3 68.405
10638.45 68.565
10832.07 68.867
11029.21 69.28
11229.94 69.741
11434.32 70.184
11642.41 70.579
11854.3 70.942
12070.04 71.313
12289.71 71.727
12513.38 72.2
12741.12 72.72
12973 73.25
13209.1 73.735
13449.5 74.131
13694.28 74.425
13943.51 74.641
14197.27 74.828
14455.66 75.032
14718.74 75.271
14986.62 75.533
15259.37 75.778
15537.08 75.954
15819.85 76.015
16107.76 75.938
16400.92 75.721
16699.41 75.358
17003.33 74.825
17312.78 74.085
17627.86 73.122
17948.68 71.961
18275.34 70.67
18607.94 69.334
18946.6 68.032
19291.42 66.811
19642.52 65.664
20000 64.548