20 75.251
20.36 75.384
20.73 75.517
21.11 75.649
21.5 75.78
21.89 75.91
22.29 76.038
22.69 76.166
23.1 76.292
23.52 76.415
23.95 76.537
24.39 76.656
24.83 76.773
25.28 76.887
25.74 76.998
26.21 77.107
26.69 77.211
27.18 77.312
27.67 77.41
28.17 77.503
28.69 77.593
29.21 77.678
29.74 77.758
30.28 77.834
30.83 77.904
31.39 77.97
31.97 78.03
32.55 78.084
33.14 78.132
33.74 78.176
34.36 78.215
34.98 78.248
35.62 78.277
36.27 78.302
36.93 78.324
37.6 78.343
38.28 78.358
38.98 78.371
39.69 78.382
40.41 78.391
41.15 78.399
41.9 78.405
42.66 78.41
43.44 78.415
44.23 78.421
45.03 78.426
45.85 78.433
46.68 78.439
47.53 78.447
48.4 78.454
49.28 78.463
50.18 78.471
51.09 78.478
52.02 78.486
52.97 78.494
53.93 78.501
54.91 78.508
55.91 78.514
56.93 78.519
57.97 78.523
59.02 78.525
60.09 78.527
61.19 78.527
62.3 78.526
63.44 78.524
64.59 78.521
65.77 78.518
66.96 78.513
68.18 78.508
69.42 78.503
70.69 78.497
71.97 78.49
73.28 78.483
74.62 78.476
75.97 78.469
77.36 78.462
78.76 78.455
80.2 78.448
81.66 78.442
83.14 78.437
84.66 78.432
86.2 78.428
87.77 78.424
89.36 78.422
90.99 78.419
92.65 78.417
94.33 78.415
96.05 78.414
97.8 78.413
99.58 78.412
101.39 78.41
103.23 78.406
105.11 78.399
107.03 78.389
108.97 78.374
110.96 78.354
112.98 78.327
115.03 78.297
117.13 78.263
119.26 78.228
121.43 78.194
123.64 78.162
125.89 78.134
128.18 78.109
130.51 78.088
132.89 78.069
135.31 78.053
137.77 78.04
140.28 78.026
142.83 78.013
145.43 77.996
148.07 77.976
150.77 77.949
153.51 77.915
156.31 77.876
159.15 77.83
162.05 77.778
165 77.723
168 77.664
171.06 77.602
174.17 77.539
177.34 77.475
180.57 77.411
183.86 77.347
187.2 77.284
190.61 77.223
194.08 77.163
197.61 77.106
201.21 77.052
204.87 77.002
208.6 76.957
212.39 76.912
216.26 76.869
220.19 76.825
224.2 76.78
228.28 76.734
232.44 76.683
236.67 76.629
240.97 76.572
245.36 76.511
249.82 76.448
254.37 76.381
259 76.313
263.71 76.241
268.51 76.169
273.4 76.095
278.38 76.019
283.44 75.939
288.6 75.857
293.85 75.777
299.2 75.702
304.65 75.631
310.19 75.563
315.84 75.499
321.59 75.443
327.44 75.395
333.4 75.352
339.47 75.313
345.64 75.276
351.93 75.239
358.34 75.199
364.86 75.156
371.5 75.108
378.26 75.058
385.15 75.006
392.16 74.955
399.29 74.908
406.56 74.861
413.96 74.81
421.49 74.756
429.16 74.699
436.97 74.64
444.93 74.582
453.02 74.525
461.27 74.472
469.66 74.423
478.21 74.377
486.91 74.335
495.78 74.297
504.8 74.264
513.99 74.235
523.34 74.212
532.87 74.195
542.56 74.181
552.44 74.169
562.49 74.154
572.73 74.133
583.15 74.109
593.77 74.083
604.57 74.057
615.57 74.03
626.78 74.004
638.18 73.979
649.8 73.959
661.63 73.944
673.67 73.939
685.93 73.942
698.41 73.953
711.12 73.97
724.06 73.991
737.24 74.015
750.66 74.039
764.32 74.063
778.23 74.085
792.39 74.106
806.82 74.126
821.5 74.149
836.45 74.179
851.67 74.219
867.17 74.269
882.96 74.331
899.02 74.402
915.39 74.481
932.05 74.569
949.01 74.664
966.28 74.768
983.87 74.884
1001.77 75.013
1020 75.156
1038.57 75.315
1057.47 75.485
1076.71 75.666
1096.31 75.857
1116.26 76.056
1136.58 76.266
1157.26 76.484
1178.32 76.703
1199.77 76.916
1221.6 77.122
1243.84 77.319
1266.47 77.515
1289.52 77.717
1312.99 77.926
1336.89 78.145
1361.22 78.374
1385.99 78.61
1411.22 78.849
1436.9 79.092
1463.05 79.342
1489.68 79.598
1516.79 79.859
1544.4 80.118
1572.5 80.366
1601.12 80.595
1630.26 80.798
1659.93 80.973
1690.14 81.126
1720.9 81.259
1752.22 81.376
1784.11 81.477
1816.58 81.561
1849.64 81.624
1883.3 81.665
1917.58 81.685
1952.48 81.683
1988.01 81.664
2024.19 81.628
2061.03 81.578
2098.54 81.515
2136.73 81.438
2175.62 81.348
2215.22 81.245
2255.53 81.129
2296.58 80.999
2338.38 80.851
2380.94 80.687
2424.27 80.508
2468.39 80.32
2513.31 80.126
2559.05 79.929
2605.63 79.735
2653.05 79.55
2701.33 79.382
2750.5 79.24
2800.55 79.134
2851.52 79.066
2903.42 79.035
2956.26 79.029
3010.06 79.041
3064.85 79.06
3120.62 79.081
3177.42 79.103
3235.25 79.124
3294.13 79.141
3354.08 79.152
3415.12 79.157
3477.27 79.158
3540.56 79.16
3605 79.172
3670.6 79.201
3737.41 79.249
3805.43 79.314
3874.68 79.39
3945.2 79.472
4017 79.547
4090.11 79.607
4164.55 79.642
4240.34 79.646
4317.51 79.621
4396.09 79.574
4476.1 79.514
4557.56 79.455
4640.5 79.405
4724.96 79.372
4810.95 79.359
4898.51 79.366
4987.66 79.386
5078.43 79.408
5170.86 79.419
5264.97 79.406
5360.79 79.354
5458.35 79.251
5557.69 79.091
5658.84 78.874
5761.82 78.61
5866.69 78.312
5973.46 78.004
6082.17 77.706
6192.87 77.439
6305.57 77.229
6420.33 77.105
6537.18 77.099
6656.15 77.239
6777.29 77.55
6900.63 78.04
7026.22 78.697
7154.1 79.481
7284.3 80.321
7416.87 81.113
7551.85 81.732
7689.29 82.057
7829.23 81.998
7971.72 81.523
8116.8 80.661
8264.53 79.487
8414.94 78.107
8568.09 76.641
8724.02 75.201
8882.79 73.876
9044.46 72.727
9209.06 71.798
9376.66 71.125
9547.31 70.735
9721.07 70.659
9897.99 70.922
10078.13 71.532
10261.55 72.46
10448.3 73.62
10638.45 74.843
10832.07 75.879
11029.21 76.437
11229.94 76.286
11434.32 75.363
11642.41 73.797
11854.3 71.832
12070.04 69.74
12289.71 67.763
12513.38 66.084
12741.12 64.832
12973 64.084
13209.1 63.883
13449.5 64.224
13694.28 65.051
13943.51 66.264
14197.27 67.726
14455.66 69.273
14718.74 70.705
14986.62 71.801
15259.37 72.371
15537.08 72.338
15819.85 71.737
16107.76 70.641
16400.92 69.088
16699.41 67.089
17003.33 64.701
17312.78 62.084
17627.86 59.486
17948.68 57.142
18275.34 55.209
18607.94 53.725
18946.6 52.63
19291.42 51.809
19642.52 51.133
20000 50.502