20 81.691
20.36 81.722
20.73 81.752
21.11 81.781
21.5 81.81
21.89 81.838
22.29 81.866
22.69 81.892
23.1 81.918
23.52 81.942
23.95 81.964
24.39 81.985
24.83 82.005
25.28 82.022
25.74 82.038
26.21 82.051
26.69 82.062
27.18 82.071
27.67 82.077
28.17 82.081
28.69 82.082
29.21 82.08
29.74 82.074
30.28 82.066
30.83 82.054
31.39 82.039
31.97 82.02
32.55 81.997
33.14 81.97
33.74 81.94
34.36 81.906
34.98 81.869
35.62 81.829
36.27 81.786
36.93 81.741
37.6 81.693
38.28 81.643
38.98 81.591
39.69 81.537
40.41 81.481
41.15 81.424
41.9 81.366
42.66 81.307
43.44 81.248
44.23 81.188
45.03 81.127
45.85 81.066
46.68 81.006
47.53 80.945
48.4 80.885
49.28 80.825
50.18 80.765
51.09 80.706
52.02 80.648
52.97 80.589
53.93 80.532
54.91 80.475
55.91 80.419
56.93 80.364
57.97 80.31
59.02 80.257
60.09 80.205
61.19 80.153
62.3 80.101
63.44 80.047
64.59 79.992
65.77 79.934
66.96 79.874
68.18 79.81
69.42 79.743
70.69 79.67
71.97 79.593
73.28 79.51
74.62 79.422
75.97 79.331
77.36 79.238
78.76 79.145
80.2 79.052
81.66 78.961
83.14 78.872
84.66 78.788
86.2 78.709
87.77 78.633
89.36 78.559
90.99 78.486
92.65 78.412
94.33 78.335
96.05 78.254
97.8 78.167
99.58 78.073
101.39 77.974
103.23 77.87
105.11 77.764
107.03 77.657
108.97 77.55
110.96 77.446
112.98 77.344
115.03 77.246
117.13 77.149
119.26 77.054
121.43 76.958
123.64 76.863
125.89 76.766
128.18 76.672
130.51 76.583
132.89 76.503
135.31 76.435
137.77 76.381
140.28 76.341
142.83 76.309
145.43 76.28
148.07 76.248
150.77 76.208
153.51 76.159
156.31 76.1
159.15 76.032
162.05 75.956
165 75.874
168 75.789
171.06 75.706
174.17 75.63
177.34 75.565
180.57 75.513
183.86 75.471
187.2 75.437
190.61 75.409
194.08 75.383
197.61 75.355
201.21 75.322
204.87 75.28
208.6 75.234
212.39 75.188
216.26 75.148
220.19 75.118
224.2 75.1
228.28 75.097
232.44 75.11
236.67 75.139
240.97 75.178
245.36 75.225
249.82 75.271
254.37 75.307
259 75.324
263.71 75.321
268.51 75.299
273.4 75.261
278.38 75.215
283.44 75.168
288.6 75.127
293.85 75.094
299.2 75.07
304.65 75.057
310.19 75.055
315.84 75.062
321.59 75.074
327.44 75.089
333.4 75.102
339.47 75.113
345.64 75.124
351.93 75.135
358.34 75.145
364.86 75.154
371.5 75.161
378.26 75.167
385.15 75.176
392.16 75.191
399.29 75.21
406.56 75.228
413.96 75.24
421.49 75.243
429.16 75.241
436.97 75.236
444.93 75.231
453.02 75.226
461.27 75.22
469.66 75.212
478.21 75.203
486.91 75.198
495.78 75.197
504.8 75.198
513.99 75.196
523.34 75.192
532.87 75.19
542.56 75.194
552.44 75.203
562.49 75.21
572.73 75.207
583.15 75.189
593.77 75.158
604.57 75.117
615.57 75.07
626.78 75.02
638.18 74.972
649.8 74.93
661.63 74.894
673.67 74.867
685.93 74.848
698.41 74.835
711.12 74.826
724.06 74.822
737.24 74.821
750.66 74.822
764.32 74.819
778.23 74.808
792.39 74.788
806.82 74.762
821.5 74.738
836.45 74.724
851.67 74.727
867.17 74.75
882.96 74.789
899.02 74.837
915.39 74.888
932.05 74.935
949.01 74.969
966.28 74.986
983.87 74.991
1001.77 75.001
1020 75.032
1038.57 75.094
1057.47 75.182
1076.71 75.287
1096.31 75.401
1116.26 75.516
1136.58 75.631
1157.26 75.746
1178.32 75.865
1199.77 75.987
1221.6 76.11
1243.84 76.23
1266.47 76.339
1289.52 76.436
1312.99 76.526
1336.89 76.617
1361.22 76.716
1385.99 76.826
1411.22 76.948
1436.9 77.083
1463.05 77.23
1489.68 77.383
1516.79 77.533
1544.4 77.669
1572.5 77.782
1601.12 77.87
1630.26 77.936
1659.93 77.994
1690.14 78.055
1720.9 78.129
1752.22 78.221
1784.11 78.332
1816.58 78.46
1849.64 78.6
1883.3 78.745
1917.58 78.884
1952.48 79.01
1988.01 79.123
2024.19 79.231
2061.03 79.339
2098.54 79.454
2136.73 79.578
2175.62 79.708
2215.22 79.846
2255.53 79.989
2296.58 80.136
2338.38 80.285
2380.94 80.43
2424.27 80.568
2468.39 80.692
2513.31 80.797
2559.05 80.878
2605.63 80.93
2653.05 80.952
2701.33 80.942
2750.5 80.904
2800.55 80.844
2851.52 80.772
2903.42 80.697
2956.26 80.625
3010.06 80.556
3064.85 80.494
3120.62 80.441
3177.42 80.404
3235.25 80.383
3294.13 80.374
3354.08 80.367
3415.12 80.361
3477.27 80.354
3540.56 80.344
3605 80.331
3670.6 80.314
3737.41 80.292
3805.43 80.267
3874.68 80.239
3945.2 80.208
4017 80.178
4090.11 80.152
4164.55 80.134
4240.34 80.126
4317.51 80.121
4396.09 80.112
4476.1 80.087
4557.56 80.043
4640.5 79.972
4724.96 79.874
4810.95 79.748
4898.51 79.601
4987.66 79.444
5078.43 79.285
5170.86 79.135
5264.97 78.999
5360.79 78.881
5458.35 78.78
5557.69 78.696
5658.84 78.623
5761.82 78.552
5866.69 78.475
5973.46 78.387
6082.17 78.285
6192.87 78.17
6305.57 78.045
6420.33 77.922
6537.18 77.817
6656.15 77.75
6777.29 77.737
6900.63 77.788
7026.22 77.908
7154.1 78.105
7284.3 78.38
7416.87 78.732
7551.85 79.151
7689.29 79.619
7829.23 80.103
7971.72 80.556
8116.8 80.923
8264.53 81.153
8414.94 81.209
8568.09 81.085
8724.02 80.804
8882.79 80.411
9044.46 79.959
9209.06 79.491
9376.66 79.035
9547.31 78.604
9721.07 78.198
9897.99 77.822
10078.13 77.486
10261.55 77.202
10448.3 76.976
10638.45 76.807
10832.07 76.686
11029.21 76.602
11229.94 76.544
11434.32 76.503
11642.41 76.471
11854.3 76.442
12070.04 76.407
12289.71 76.359
12513.38 76.294
12741.12 76.212
12973 76.116
13209.1 76.014
13449.5 75.913
13694.28 75.824
13943.51 75.757
14197.27 75.727
14455.66 75.753
14718.74 75.857
14986.62 76.058
15259.37 76.36
15537.08 76.738
15819.85 77.133
16107.76 77.449
16400.92 77.573
16699.41 77.42
17003.33 76.99
17312.78 76.371
17627.86 75.68
17948.68 75
18275.34 74.372
18607.94 73.798
18946.6 73.267
19291.42 72.764
19642.52 72.28
20000 71.802