20 80.998
20.36 81.027
20.73 81.056
21.11 81.085
21.5 81.114
21.89 81.143
22.29 81.172
22.69 81.201
23.1 81.23
23.52 81.258
23.95 81.286
24.39 81.314
24.83 81.342
25.28 81.369
25.74 81.396
26.21 81.423
26.69 81.449
27.18 81.475
27.67 81.501
28.17 81.526
28.69 81.551
29.21 81.576
29.74 81.599
30.28 81.623
30.83 81.646
31.39 81.669
31.97 81.691
32.55 81.712
33.14 81.733
33.74 81.753
34.36 81.772
34.98 81.79
35.62 81.807
36.27 81.824
36.93 81.838
37.6 81.852
38.28 81.864
38.98 81.873
39.69 81.882
40.41 81.889
41.15 81.893
41.9 81.896
42.66 81.896
43.44 81.894
44.23 81.889
45.03 81.882
45.85 81.872
46.68 81.859
47.53 81.845
48.4 81.827
49.28 81.808
50.18 81.788
51.09 81.765
52.02 81.742
52.97 81.718
53.93 81.693
54.91 81.667
55.91 81.641
56.93 81.614
57.97 81.588
59.02 81.562
60.09 81.536
61.19 81.51
62.3 81.485
63.44 81.458
64.59 81.43
65.77 81.4
66.96 81.37
68.18 81.336
69.42 81.301
70.69 81.262
71.97 81.221
73.28 81.177
74.62 81.131
75.97 81.083
77.36 81.036
78.76 80.991
80.2 80.948
81.66 80.909
83.14 80.876
84.66 80.848
86.2 80.827
87.77 80.812
89.36 80.799
90.99 80.787
92.65 80.773
94.33 80.755
96.05 80.732
97.8 80.7
99.58 80.659
101.39 80.61
103.23 80.554
105.11 80.493
107.03 80.43
108.97 80.365
110.96 80.302
112.98 80.241
115.03 80.182
117.13 80.123
119.26 80.065
121.43 80.004
123.64 79.941
125.89 79.875
128.18 79.806
130.51 79.733
132.89 79.655
135.31 79.573
137.77 79.486
140.28 79.396
142.83 79.302
145.43 79.208
148.07 79.115
150.77 79.024
153.51 78.935
156.31 78.85
159.15 78.767
162.05 78.687
165 78.61
168 78.534
171.06 78.459
174.17 78.385
177.34 78.31
180.57 78.235
183.86 78.159
187.2 78.082
190.61 78.004
194.08 77.924
197.61 77.845
201.21 77.764
204.87 77.685
208.6 77.606
212.39 77.529
216.26 77.454
220.19 77.379
224.2 77.307
228.28 77.235
232.44 77.162
236.67 77.089
240.97 77.014
245.36 76.936
249.82 76.858
254.37 76.778
259 76.698
263.71 76.619
268.51 76.541
273.4 76.465
278.38 76.392
283.44 76.32
288.6 76.249
293.85 76.181
299.2 76.113
304.65 76.046
310.19 75.979
315.84 75.912
321.59 75.845
327.44 75.779
333.4 75.714
339.47 75.653
345.64 75.599
351.93 75.552
358.34 75.512
364.86 75.475
371.5 75.439
378.26 75.398
385.15 75.353
392.16 75.305
399.29 75.256
406.56 75.208
413.96 75.16
421.49 75.112
429.16 75.061
436.97 75.01
444.93 74.958
453.02 74.904
461.27 74.853
469.66 74.803
478.21 74.757
486.91 74.717
495.78 74.682
504.8 74.652
513.99 74.626
523.34 74.6
532.87 74.576
542.56 74.553
552.44 74.53
562.49 74.506
572.73 74.481
583.15 74.456
593.77 74.429
604.57 74.399
615.57 74.368
626.78 74.337
638.18 74.31
649.8 74.288
661.63 74.272
673.67 74.261
685.93 74.254
698.41 74.252
711.12 74.252
724.06 74.254
737.24 74.258
750.66 74.266
764.32 74.276
778.23 74.291
792.39 74.31
806.82 74.333
821.5 74.357
836.45 74.386
851.67 74.42
867.17 74.459
882.96 74.506
899.02 74.56
915.39 74.621
932.05 74.688
949.01 74.759
966.28 74.836
983.87 74.919
1001.77 75.009
1020 75.105
1038.57 75.209
1057.47 75.321
1076.71 75.439
1096.31 75.565
1116.26 75.697
1136.58 75.837
1157.26 75.981
1178.32 76.129
1199.77 76.277
1221.6 76.421
1243.84 76.562
1266.47 76.703
1289.52 76.847
1312.99 76.994
1336.89 77.144
1361.22 77.295
1385.99 77.444
1411.22 77.585
1436.9 77.715
1463.05 77.832
1489.68 77.938
1516.79 78.038
1544.4 78.135
1572.5 78.233
1601.12 78.334
1630.26 78.44
1659.93 78.551
1690.14 78.668
1720.9 78.788
1752.22 78.911
1784.11 79.038
1816.58 79.167
1849.64 79.3
1883.3 79.437
1917.58 79.577
1952.48 79.718
1988.01 79.857
2024.19 79.993
2061.03 80.129
2098.54 80.268
2136.73 80.416
2175.62 80.577
2215.22 80.756
2255.53 80.956
2296.58 81.179
2338.38 81.421
2380.94 81.672
2424.27 81.925
2468.39 82.177
2513.31 82.427
2559.05 82.673
2605.63 82.916
2653.05 83.162
2701.33 83.41
2750.5 83.66
2800.55 83.909
2851.52 84.155
2903.42 84.395
2956.26 84.626
3010.06 84.845
3064.85 85.05
3120.62 85.242
3177.42 85.415
3235.25 85.571
3294.13 85.709
3354.08 85.83
3415.12 85.932
3477.27 86.014
3540.56 86.077
3605 86.121
3670.6 86.147
3737.41 86.158
3805.43 86.153
3874.68 86.136
3945.2 86.11
4017 86.079
4090.11 86.047
4164.55 86.016
4240.34 85.989
4317.51 85.969
4396.09 85.959
4476.1 85.959
4557.56 85.971
4640.5 85.995
4724.96 86.033
4810.95 86.082
4898.51 86.136
4987.66 86.182
5078.43 86.203
5170.86 86.177
5264.97 86.087
5360.79 85.918
5458.35 85.664
5557.69 85.33
5658.84 84.928
5761.82 84.479
5866.69 84.006
5973.46 83.532
6082.17 83.077
6192.87 82.659
6305.57 82.291
6420.33 81.982
6537.18 81.74
6656.15 81.573
6777.29 81.482
6900.63 81.468
7026.22 81.522
7154.1 81.636
7284.3 81.793
7416.87 81.973
7551.85 82.149
7689.29 82.292
7829.23 82.375
7971.72 82.366
8116.8 82.235
8264.53 81.96
8414.94 81.532
8568.09 80.953
8724.02 80.238
8882.79 79.411
9044.46 78.498
9209.06 77.533
9376.66 76.544
9547.31 75.56
9721.07 74.604
9897.99 73.7
10078.13 72.871
10261.55 72.136
10448.3 71.501
10638.45 70.97
10832.07 70.54
11029.21 70.214
11229.94 69.994
11434.32 69.886
11642.41 69.898
11854.3 70.047
12070.04 70.352
12289.71 70.836
12513.38 71.516
12741.12 72.402
12973 73.478
13209.1 74.703
13449.5 75.998
13694.28 77.255
13943.51 78.352
14197.27 79.18
14455.66 79.679
14718.74 79.864
14986.62 79.815
15259.37 79.646
15537.08 79.436
15819.85 79.19
16107.76 78.82
16400.92 78.201
16699.41 77.223
17003.33 75.839
17312.78 74.067
17627.86 71.985
17948.68 69.699
18275.34 67.315
18607.94 64.92
18946.6 62.573
19291.42 60.305
19642.52 58.11
20000 55.951