20 71.272
20.36 71.327
20.73 71.381
21.11 71.436
21.5 71.491
21.89 71.546
22.29 71.602
22.69 71.658
23.1 71.714
23.52 71.771
23.95 71.829
24.39 71.887
24.83 71.945
25.28 72.005
25.74 72.065
26.21 72.126
26.69 72.187
27.18 72.249
27.67 72.313
28.17 72.378
28.69 72.443
29.21 72.509
29.74 72.577
30.28 72.646
30.83 72.716
31.39 72.787
31.97 72.86
32.55 72.934
33.14 73.01
33.74 73.086
34.36 73.163
34.98 73.239
35.62 73.315
36.27 73.389
36.93 73.462
37.6 73.532
38.28 73.599
38.98 73.663
39.69 73.723
40.41 73.779
41.15 73.829
41.9 73.874
42.66 73.913
43.44 73.945
44.23 73.971
45.03 73.988
45.85 73.997
46.68 73.999
47.53 73.994
48.4 73.983
49.28 73.968
50.18 73.949
51.09 73.928
52.02 73.906
52.97 73.884
53.93 73.863
54.91 73.844
55.91 73.827
56.93 73.815
57.97 73.808
59.02 73.808
60.09 73.814
61.19 73.824
62.3 73.838
63.44 73.855
64.59 73.872
65.77 73.89
66.96 73.906
68.18 73.92
69.42 73.929
70.69 73.934
71.97 73.932
73.28 73.923
74.62 73.909
75.97 73.89
77.36 73.871
78.76 73.85
80.2 73.832
81.66 73.817
83.14 73.807
84.66 73.805
86.2 73.81
87.77 73.822
89.36 73.839
90.99 73.859
92.65 73.88
94.33 73.901
96.05 73.919
97.8 73.932
99.58 73.94
101.39 73.942
103.23 73.941
105.11 73.937
107.03 73.932
108.97 73.927
110.96 73.923
112.98 73.922
115.03 73.922
117.13 73.922
119.26 73.924
121.43 73.926
123.64 73.927
125.89 73.928
128.18 73.927
130.51 73.924
132.89 73.92
135.31 73.912
137.77 73.901
140.28 73.887
142.83 73.868
145.43 73.846
148.07 73.818
150.77 73.785
153.51 73.749
156.31 73.711
159.15 73.675
162.05 73.641
165 73.613
168 73.589
171.06 73.565
174.17 73.542
177.34 73.515
180.57 73.485
183.86 73.451
187.2 73.416
190.61 73.381
194.08 73.345
197.61 73.311
201.21 73.281
204.87 73.254
208.6 73.235
212.39 73.224
216.26 73.226
220.19 73.239
224.2 73.26
228.28 73.287
232.44 73.316
236.67 73.344
240.97 73.364
245.36 73.373
249.82 73.37
254.37 73.355
259 73.329
263.71 73.293
268.51 73.25
273.4 73.202
278.38 73.151
283.44 73.102
288.6 73.056
293.85 73.012
299.2 72.973
304.65 72.937
310.19 72.905
315.84 72.878
321.59 72.853
327.44 72.83
333.4 72.809
339.47 72.789
345.64 72.771
351.93 72.755
358.34 72.741
364.86 72.726
371.5 72.71
378.26 72.688
385.15 72.664
392.16 72.636
399.29 72.608
406.56 72.579
413.96 72.548
421.49 72.512
429.16 72.473
436.97 72.433
444.93 72.395
453.02 72.362
461.27 72.335
469.66 72.315
478.21 72.302
486.91 72.296
495.78 72.296
504.8 72.305
513.99 72.321
523.34 72.347
532.87 72.383
542.56 72.427
552.44 72.478
562.49 72.53
572.73 72.577
583.15 72.617
593.77 72.647
604.57 72.67
615.57 72.686
626.78 72.699
638.18 72.711
649.8 72.726
661.63 72.743
673.67 72.764
685.93 72.786
698.41 72.814
711.12 72.849
724.06 72.895
737.24 72.951
750.66 73.016
764.32 73.089
778.23 73.169
792.39 73.255
806.82 73.347
821.5 73.443
836.45 73.545
851.67 73.654
867.17 73.771
882.96 73.895
899.02 74.027
915.39 74.168
932.05 74.316
949.01 74.472
966.28 74.639
983.87 74.821
1001.77 75.02
1020 75.235
1038.57 75.462
1057.47 75.697
1076.71 75.936
1096.31 76.179
1116.26 76.424
1136.58 76.675
1157.26 76.926
1178.32 77.176
1199.77 77.42
1221.6 77.656
1243.84 77.887
1266.47 78.114
1289.52 78.338
1312.99 78.563
1336.89 78.79
1361.22 79.022
1385.99 79.257
1411.22 79.49
1436.9 79.715
1463.05 79.931
1489.68 80.136
1516.79 80.332
1544.4 80.518
1572.5 80.69
1601.12 80.843
1630.26 80.971
1659.93 81.068
1690.14 81.13
1720.9 81.152
1752.22 81.132
1784.11 81.067
1816.58 80.957
1849.64 80.801
1883.3 80.604
1917.58 80.373
1952.48 80.117
1988.01 79.841
2024.19 79.548
2061.03 79.245
2098.54 78.936
2136.73 78.623
2175.62 78.311
2215.22 78.002
2255.53 77.705
2296.58 77.425
2338.38 77.168
2380.94 76.939
2424.27 76.742
2468.39 76.579
2513.31 76.451
2559.05 76.361
2605.63 76.307
2653.05 76.291
2701.33 76.313
2750.5 76.374
2800.55 76.474
2851.52 76.615
2903.42 76.797
2956.26 77.016
3010.06 77.272
3064.85 77.57
3120.62 77.914
3177.42 78.307
3235.25 78.748
3294.13 79.229
3354.08 79.734
3415.12 80.243
3477.27 80.724
3540.56 81.139
3605 81.441
3670.6 81.589
3737.41 81.544
3805.43 81.288
3874.68 80.818
3945.2 80.158
4017 79.348
4090.11 78.446
4164.55 77.515
4240.34 76.62
4317.51 75.818
4396.09 75.149
4476.1 74.622
4557.56 74.223
4640.5 73.922
4724.96 73.681
4810.95 73.471
4898.51 73.277
4987.66 73.095
5078.43 72.937
5170.86 72.822
5264.97 72.775
5360.79 72.818
5458.35 72.972
5557.69 73.252
5658.84 73.673
5761.82 74.242
5866.69 74.954
5973.46 75.793
6082.17 76.726
6192.87 77.706
6305.57 78.67
6420.33 79.548
6537.18 80.275
6656.15 80.805
6777.29 81.126
6900.63 81.27
7026.22 81.299
7154.1 81.287
7284.3 81.303
7416.87 81.381
7551.85 81.513
7689.29 81.652
7829.23 81.716
7971.72 81.605
8116.8 81.226
8264.53 80.519
8414.94 79.484
8568.09 78.184
8724.02 76.722
8882.79 75.209
9044.46 73.747
9209.06 72.409
9376.66 71.241
9547.31 70.259
9721.07 69.455
9897.99 68.816
10078.13 68.33
10261.55 68.006
10448.3 67.858
10638.45 67.896
10832.07 68.111
11029.21 68.478
11229.94 68.956
11434.32 69.493
11642.41 70.032
11854.3 70.526
12070.04 70.944
12289.71 71.284
12513.38 71.571
12741.12 71.851
12973 72.171
13209.1 72.551
13449.5 72.957
13694.28 73.283
13943.51 73.359
14197.27 72.979
14455.66 71.97
14718.74 70.265
14986.62 67.942
15259.37 65.213
15537.08 62.391
15819.85 59.819
16107.76 57.778
16400.92 56.432
16699.41 55.795
17003.33 55.762
17312.78 56.153
17627.86 56.759
17948.68 57.365
18275.34 57.772
18607.94 57.84
18946.6 57.537
19291.42 56.946
19642.52 56.206
20000 55.424