20 78.964
20.36 79.053
20.73 79.143
21.11 79.232
21.5 79.321
21.89 79.409
22.29 79.496
22.69 79.583
23.1 79.668
23.52 79.753
23.95 79.836
24.39 79.918
24.83 79.999
25.28 80.078
25.74 80.155
26.21 80.231
26.69 80.305
27.18 80.376
27.67 80.446
28.17 80.513
28.69 80.578
29.21 80.64
29.74 80.701
30.28 80.758
30.83 80.812
31.39 80.864
31.97 80.913
32.55 80.957
33.14 80.999
33.74 81.039
34.36 81.074
34.98 81.107
35.62 81.136
36.27 81.163
36.93 81.187
37.6 81.208
38.28 81.227
38.98 81.242
39.69 81.255
40.41 81.266
41.15 81.274
41.9 81.28
42.66 81.284
43.44 81.285
44.23 81.284
45.03 81.281
45.85 81.276
46.68 81.269
47.53 81.259
48.4 81.249
49.28 81.238
50.18 81.224
51.09 81.209
52.02 81.194
52.97 81.177
53.93 81.16
54.91 81.141
55.91 81.123
56.93 81.104
57.97 81.085
59.02 81.065
60.09 81.045
61.19 81.024
62.3 81.001
63.44 80.976
64.59 80.948
65.77 80.917
66.96 80.881
68.18 80.84
69.42 80.793
70.69 80.741
71.97 80.682
73.28 80.616
74.62 80.545
75.97 80.47
77.36 80.393
78.76 80.317
80.2 80.242
81.66 80.172
83.14 80.107
84.66 80.049
86.2 80
87.77 79.959
89.36 79.923
90.99 79.889
92.65 79.858
94.33 79.825
96.05 79.791
97.8 79.752
99.58 79.707
101.39 79.657
103.23 79.601
105.11 79.541
107.03 79.476
108.97 79.407
110.96 79.334
112.98 79.258
115.03 79.179
117.13 79.097
119.26 79.011
121.43 78.922
123.64 78.829
125.89 78.733
128.18 78.635
130.51 78.534
132.89 78.433
135.31 78.331
137.77 78.231
140.28 78.131
142.83 78.034
145.43 77.939
148.07 77.847
150.77 77.757
153.51 77.671
156.31 77.585
159.15 77.499
162.05 77.412
165 77.322
168 77.229
171.06 77.133
174.17 77.035
177.34 76.936
180.57 76.835
183.86 76.734
187.2 76.635
190.61 76.54
194.08 76.448
197.61 76.359
201.21 76.273
204.87 76.189
208.6 76.105
212.39 76.021
216.26 75.936
220.19 75.851
224.2 75.764
228.28 75.679
232.44 75.595
236.67 75.512
240.97 75.428
245.36 75.345
249.82 75.261
254.37 75.176
259 75.092
263.71 75.007
268.51 74.924
273.4 74.842
278.38 74.76
283.44 74.679
288.6 74.597
293.85 74.517
299.2 74.439
304.65 74.362
310.19 74.287
315.84 74.212
321.59 74.139
327.44 74.066
333.4 73.994
339.47 73.924
345.64 73.859
351.93 73.802
358.34 73.75
364.86 73.703
371.5 73.659
378.26 73.619
385.15 73.579
392.16 73.54
399.29 73.502
406.56 73.463
413.96 73.422
421.49 73.378
429.16 73.328
436.97 73.274
444.93 73.219
453.02 73.165
461.27 73.115
469.66 73.073
478.21 73.038
486.91 73.011
495.78 72.992
504.8 72.98
513.99 72.973
523.34 72.967
532.87 72.962
542.56 72.959
552.44 72.956
562.49 72.954
572.73 72.952
583.15 72.95
593.77 72.948
604.57 72.947
615.57 72.946
626.78 72.946
638.18 72.949
649.8 72.956
661.63 72.969
673.67 72.988
685.93 73.016
698.41 73.053
711.12 73.097
724.06 73.147
737.24 73.202
750.66 73.26
764.32 73.321
778.23 73.382
792.39 73.442
806.82 73.5
821.5 73.558
836.45 73.621
851.67 73.695
867.17 73.787
882.96 73.9
899.02 74.034
915.39 74.185
932.05 74.345
949.01 74.508
966.28 74.675
983.87 74.844
1001.77 75.017
1020 75.196
1038.57 75.379
1057.47 75.568
1076.71 75.762
1096.31 75.962
1116.26 76.171
1136.58 76.392
1157.26 76.623
1178.32 76.861
1199.77 77.098
1221.6 77.331
1243.84 77.557
1266.47 77.779
1289.52 77.998
1312.99 78.214
1336.89 78.429
1361.22 78.641
1385.99 78.847
1411.22 79.044
1436.9 79.226
1463.05 79.393
1489.68 79.542
1516.79 79.672
1544.4 79.775
1572.5 79.849
1601.12 79.893
1630.26 79.909
1659.93 79.896
1690.14 79.856
1720.9 79.792
1752.22 79.707
1784.11 79.607
1816.58 79.499
1849.64 79.386
1883.3 79.27
1917.58 79.146
1952.48 79.01
1988.01 78.858
2024.19 78.692
2061.03 78.513
2098.54 78.325
2136.73 78.13
2175.62 77.931
2215.22 77.73
2255.53 77.533
2296.58 77.342
2338.38 77.159
2380.94 76.989
2424.27 76.837
2468.39 76.708
2513.31 76.609
2559.05 76.547
2605.63 76.529
2653.05 76.558
2701.33 76.631
2750.5 76.738
2800.55 76.869
2851.52 77.016
2903.42 77.175
2956.26 77.351
3010.06 77.548
3064.85 77.774
3120.62 78.031
3177.42 78.314
3235.25 78.616
3294.13 78.921
3354.08 79.205
3415.12 79.445
3477.27 79.609
3540.56 79.669
3605 79.596
3670.6 79.372
3737.41 78.988
3805.43 78.456
3874.68 77.804
3945.2 77.085
4017 76.366
4090.11 75.728
4164.55 75.244
4240.34 74.972
4317.51 74.936
4396.09 75.13
4476.1 75.517
4557.56 76.039
4640.5 76.629
4724.96 77.224
4810.95 77.772
4898.51 78.241
4987.66 78.608
5078.43 78.864
5170.86 79.011
5264.97 79.061
5360.79 79.029
5458.35 78.929
5557.69 78.778
5658.84 78.594
5761.82 78.391
5866.69 78.182
5973.46 77.984
6082.17 77.809
6192.87 77.672
6305.57 77.585
6420.33 77.565
6537.18 77.633
6656.15 77.809
6777.29 78.112
6900.63 78.56
7026.22 79.161
7154.1 79.912
7284.3 80.792
7416.87 81.749
7551.85 82.702
7689.29 83.536
7829.23 84.126
7971.72 84.362
8116.8 84.181
8264.53 83.59
8414.94 82.659
8568.09 81.509
8724.02 80.273
8882.79 79.076
9044.46 78.011
9209.06 77.14
9376.66 76.494
9547.31 76.077
9721.07 75.878
9897.99 75.866
10078.13 75.996
10261.55 76.214
10448.3 76.468
10638.45 76.714
10832.07 76.927
11029.21 77.094
11229.94 77.211
11434.32 77.271
11642.41 77.268
11854.3 77.197
12070.04 77.053
12289.71 76.827
12513.38 76.499
12741.12 76.029
12973 75.365
13209.1 74.461
13449.5 73.301
13694.28 71.915
13943.51 70.378
14197.27 68.796
14455.66 67.296
14718.74 65.996
14986.62 64.99
15259.37 64.32
15537.08 63.981
15819.85 63.936
16107.76 64.132
16400.92 64.508
16699.41 64.977
17003.33 65.421
17312.78 65.714
17627.86 65.739
17948.68 65.408
18275.34 64.687
18607.94 63.624
18946.6 62.332
19291.42 60.932
19642.52 59.509
20000 58.09