20 73.395
20.36 73.365
20.73 73.335
21.11 73.306
21.5 73.277
21.89 73.248
22.29 73.219
22.69 73.191
23.1 73.163
23.52 73.135
23.95 73.108
24.39 73.082
24.83 73.057
25.28 73.032
25.74 73.008
26.21 72.985
26.69 72.962
27.18 72.941
27.67 72.921
28.17 72.902
28.69 72.883
29.21 72.866
29.74 72.85
30.28 72.836
30.83 72.823
31.39 72.811
31.97 72.801
32.55 72.792
33.14 72.784
33.74 72.778
34.36 72.773
34.98 72.77
35.62 72.767
36.27 72.765
36.93 72.764
37.6 72.763
38.28 72.762
38.98 72.762
39.69 72.762
40.41 72.761
41.15 72.761
41.9 72.76
42.66 72.758
43.44 72.756
44.23 72.753
45.03 72.749
45.85 72.744
46.68 72.738
47.53 72.731
48.4 72.723
49.28 72.714
50.18 72.705
51.09 72.695
52.02 72.686
52.97 72.676
53.93 72.666
54.91 72.657
55.91 72.648
56.93 72.639
57.97 72.631
59.02 72.624
60.09 72.617
61.19 72.611
62.3 72.604
63.44 72.596
64.59 72.587
65.77 72.576
66.96 72.563
68.18 72.547
69.42 72.528
70.69 72.505
71.97 72.478
73.28 72.446
74.62 72.412
75.97 72.375
77.36 72.338
78.76 72.301
80.2 72.265
81.66 72.233
83.14 72.205
84.66 72.182
86.2 72.166
87.77 72.155
89.36 72.15
90.99 72.148
92.65 72.15
94.33 72.154
96.05 72.16
97.8 72.167
99.58 72.174
101.39 72.182
103.23 72.189
105.11 72.197
107.03 72.206
108.97 72.214
110.96 72.223
112.98 72.232
115.03 72.241
117.13 72.248
119.26 72.253
121.43 72.255
123.64 72.253
125.89 72.246
128.18 72.237
130.51 72.225
132.89 72.214
135.31 72.204
137.77 72.197
140.28 72.193
142.83 72.19
145.43 72.188
148.07 72.185
150.77 72.18
153.51 72.173
156.31 72.164
159.15 72.154
162.05 72.144
165 72.134
168 72.125
171.06 72.117
174.17 72.109
177.34 72.102
180.57 72.097
183.86 72.094
187.2 72.095
190.61 72.101
194.08 72.112
197.61 72.125
201.21 72.141
204.87 72.156
208.6 72.17
212.39 72.18
216.26 72.185
220.19 72.185
224.2 72.184
228.28 72.183
232.44 72.186
236.67 72.191
240.97 72.196
245.36 72.199
249.82 72.199
254.37 72.197
259 72.19
263.71 72.182
268.51 72.173
273.4 72.166
278.38 72.16
283.44 72.157
288.6 72.158
293.85 72.162
299.2 72.168
304.65 72.176
310.19 72.184
315.84 72.193
321.59 72.203
327.44 72.215
333.4 72.23
339.47 72.247
345.64 72.269
351.93 72.294
358.34 72.322
364.86 72.353
371.5 72.385
378.26 72.416
385.15 72.445
392.16 72.471
399.29 72.495
406.56 72.513
413.96 72.524
421.49 72.526
429.16 72.521
436.97 72.514
444.93 72.51
453.02 72.515
461.27 72.53
469.66 72.556
478.21 72.59
486.91 72.631
495.78 72.679
504.8 72.73
513.99 72.783
523.34 72.836
532.87 72.889
542.56 72.938
552.44 72.982
562.49 73.015
572.73 73.042
583.15 73.063
593.77 73.082
604.57 73.099
615.57 73.117
626.78 73.139
638.18 73.164
649.8 73.194
661.63 73.224
673.67 73.252
685.93 73.278
698.41 73.305
711.12 73.336
724.06 73.374
737.24 73.423
750.66 73.483
764.32 73.552
778.23 73.626
792.39 73.699
806.82 73.769
821.5 73.837
836.45 73.905
851.67 73.976
867.17 74.052
882.96 74.134
899.02 74.225
915.39 74.326
932.05 74.439
949.01 74.566
966.28 74.705
983.87 74.855
1001.77 75.016
1020 75.19
1038.57 75.375
1057.47 75.57
1076.71 75.773
1096.31 75.983
1116.26 76.202
1136.58 76.431
1157.26 76.672
1178.32 76.922
1199.77 77.176
1221.6 77.429
1243.84 77.676
1266.47 77.917
1289.52 78.148
1312.99 78.37
1336.89 78.586
1361.22 78.797
1385.99 79.004
1411.22 79.205
1436.9 79.4
1463.05 79.589
1489.68 79.772
1516.79 79.948
1544.4 80.117
1572.5 80.279
1601.12 80.434
1630.26 80.583
1659.93 80.731
1690.14 80.878
1720.9 81.022
1752.22 81.158
1784.11 81.277
1816.58 81.377
1849.64 81.454
1883.3 81.507
1917.58 81.54
1952.48 81.556
1988.01 81.558
2024.19 81.547
2061.03 81.523
2098.54 81.485
2136.73 81.43
2175.62 81.36
2215.22 81.276
2255.53 81.181
2296.58 81.076
2338.38 80.965
2380.94 80.847
2424.27 80.724
2468.39 80.599
2513.31 80.472
2559.05 80.344
2605.63 80.217
2653.05 80.094
2701.33 79.978
2750.5 79.872
2800.55 79.78
2851.52 79.704
2903.42 79.642
2956.26 79.593
3010.06 79.552
3064.85 79.519
3120.62 79.491
3177.42 79.468
3235.25 79.45
3294.13 79.439
3354.08 79.433
3415.12 79.432
3477.27 79.435
3540.56 79.437
3605 79.433
3670.6 79.413
3737.41 79.367
3805.43 79.28
3874.68 79.144
3945.2 78.951
4017 78.696
4090.11 78.376
4164.55 77.992
4240.34 77.547
4317.51 77.054
4396.09 76.525
4476.1 75.973
4557.56 75.414
4640.5 74.864
4724.96 74.332
4810.95 73.82
4898.51 73.323
4987.66 72.832
5078.43 72.346
5170.86 71.874
5264.97 71.427
5360.79 71.014
5458.35 70.638
5557.69 70.295
5658.84 69.982
5761.82 69.694
5866.69 69.429
5973.46 69.186
6082.17 68.965
6192.87 68.765
6305.57 68.583
6420.33 68.421
6537.18 68.282
6656.15 68.175
6777.29 68.113
6900.63 68.107
7026.22 68.161
7154.1 68.276
7284.3 68.441
7416.87 68.643
7551.85 68.871
7689.29 69.121
7829.23 69.39
7971.72 69.678
8116.8 69.993
8264.53 70.348
8414.94 70.748
8568.09 71.173
8724.02 71.56
8882.79 71.82
9044.46 71.871
9209.06 71.673
9376.66 71.239
9547.31 70.64
9721.07 69.985
9897.99 69.408
10078.13 69.045
10261.55 69.004
10448.3 69.358
10638.45 70.113
10832.07 71.178
11029.21 72.364
11229.94 73.433
11434.32 74.161
11642.41 74.394
11854.3 74.1
12070.04 73.386
12289.71 72.437
12513.38 71.442
12741.12 70.536
12973 69.78
13209.1 69.187
13449.5 68.748
13694.28 68.446
13943.51 68.257
14197.27 68.176
14455.66 68.186
14718.74 68.212
14986.62 68.179
15259.37 68.11
15537.08 68.113
15819.85 68.234
16107.76 68.404
16400.92 68.504
16699.41 68.459
17003.33 68.292
17312.78 68.081
17627.86 67.883
17948.68 67.743
18275.34 67.714
18607.94 67.828
18946.6 68.052
19291.42 68.318
19642.52 68.581
20000 68.838