20 81.838
20.36 81.863
20.73 81.887
21.11 81.912
21.5 81.937
21.89 81.963
22.29 81.99
22.69 82.016
23.1 82.044
23.52 82.073
23.95 82.102
24.39 82.133
24.83 82.165
25.28 82.197
25.74 82.232
26.21 82.268
26.69 82.304
27.18 82.343
27.67 82.384
28.17 82.426
28.69 82.471
29.21 82.516
29.74 82.565
30.28 82.615
30.83 82.668
31.39 82.723
31.97 82.78
32.55 82.84
33.14 82.903
33.74 82.967
34.36 83.032
34.98 83.098
35.62 83.164
36.27 83.229
36.93 83.292
37.6 83.353
38.28 83.411
38.98 83.465
39.69 83.516
40.41 83.561
41.15 83.601
41.9 83.634
42.66 83.661
43.44 83.679
44.23 83.689
45.03 83.691
45.85 83.682
46.68 83.665
47.53 83.639
48.4 83.606
49.28 83.568
50.18 83.525
51.09 83.479
52.02 83.431
52.97 83.381
53.93 83.332
54.91 83.284
55.91 83.239
56.93 83.197
57.97 83.161
59.02 83.13
60.09 83.106
61.19 83.086
62.3 83.072
63.44 83.06
64.59 83.051
65.77 83.043
66.96 83.036
68.18 83.029
69.42 83.02
70.69 83.01
71.97 82.996
73.28 82.979
74.62 82.958
75.97 82.932
77.36 82.901
78.76 82.865
80.2 82.824
81.66 82.777
83.14 82.723
84.66 82.664
86.2 82.598
87.77 82.527
89.36 82.451
90.99 82.374
92.65 82.296
94.33 82.218
96.05 82.142
97.8 82.07
99.58 82.002
101.39 81.938
103.23 81.878
105.11 81.822
107.03 81.768
108.97 81.717
110.96 81.668
112.98 81.621
115.03 81.573
117.13 81.523
119.26 81.466
121.43 81.401
123.64 81.327
125.89 81.24
128.18 81.141
130.51 81.031
132.89 80.911
135.31 80.782
137.77 80.644
140.28 80.501
142.83 80.356
145.43 80.215
148.07 80.081
150.77 79.959
153.51 79.849
156.31 79.749
159.15 79.658
162.05 79.572
165 79.489
168 79.409
171.06 79.331
174.17 79.254
177.34 79.178
180.57 79.103
183.86 79.032
187.2 78.966
190.61 78.907
194.08 78.853
197.61 78.799
201.21 78.74
204.87 78.671
208.6 78.59
212.39 78.496
216.26 78.386
220.19 78.264
224.2 78.141
228.28 78.024
232.44 77.922
236.67 77.832
240.97 77.749
245.36 77.669
249.82 77.589
254.37 77.508
259 77.423
263.71 77.335
268.51 77.245
273.4 77.154
278.38 77.06
283.44 76.961
288.6 76.858
293.85 76.749
299.2 76.636
304.65 76.526
310.19 76.423
315.84 76.329
321.59 76.245
327.44 76.17
333.4 76.101
339.47 76.035
345.64 75.973
351.93 75.911
358.34 75.851
364.86 75.793
371.5 75.739
378.26 75.689
385.15 75.642
392.16 75.596
399.29 75.548
406.56 75.495
413.96 75.434
421.49 75.362
429.16 75.276
436.97 75.178
444.93 75.069
453.02 74.956
461.27 74.848
469.66 74.752
478.21 74.673
486.91 74.611
495.78 74.563
504.8 74.529
513.99 74.507
523.34 74.488
532.87 74.47
542.56 74.452
552.44 74.432
562.49 74.406
572.73 74.372
583.15 74.331
593.77 74.284
604.57 74.237
615.57 74.196
626.78 74.161
638.18 74.134
649.8 74.115
661.63 74.106
673.67 74.111
685.93 74.131
698.41 74.165
711.12 74.209
724.06 74.252
737.24 74.286
750.66 74.301
764.32 74.29
778.23 74.259
792.39 74.218
806.82 74.18
821.5 74.159
836.45 74.164
851.67 74.194
867.17 74.246
882.96 74.313
899.02 74.391
915.39 74.477
932.05 74.571
949.01 74.672
966.28 74.78
983.87 74.893
1001.77 75.012
1020 75.138
1038.57 75.27
1057.47 75.407
1076.71 75.553
1096.31 75.706
1116.26 75.864
1136.58 76.029
1157.26 76.203
1178.32 76.385
1199.77 76.569
1221.6 76.748
1243.84 76.916
1266.47 77.075
1289.52 77.224
1312.99 77.363
1336.89 77.496
1361.22 77.63
1385.99 77.77
1411.22 77.918
1436.9 78.076
1463.05 78.241
1489.68 78.405
1516.79 78.566
1544.4 78.723
1572.5 78.881
1601.12 79.045
1630.26 79.222
1659.93 79.418
1690.14 79.636
1720.9 79.871
1752.22 80.114
1784.11 80.355
1816.58 80.589
1849.64 80.817
1883.3 81.043
1917.58 81.274
1952.48 81.512
1988.01 81.757
2024.19 82.006
2061.03 82.254
2098.54 82.497
2136.73 82.734
2175.62 82.967
2215.22 83.197
2255.53 83.422
2296.58 83.646
2338.38 83.866
2380.94 84.08
2424.27 84.285
2468.39 84.477
2513.31 84.653
2559.05 84.811
2605.63 84.949
2653.05 85.07
2701.33 85.17
2750.5 85.241
2800.55 85.275
2851.52 85.267
2903.42 85.22
2956.26 85.141
3010.06 85.044
3064.85 84.94
3120.62 84.842
3177.42 84.756
3235.25 84.683
3294.13 84.621
3354.08 84.57
3415.12 84.534
3477.27 84.515
3540.56 84.515
3605 84.536
3670.6 84.578
3737.41 84.644
3805.43 84.739
3874.68 84.867
3945.2 85.031
4017 85.236
4090.11 85.481
4164.55 85.766
4240.34 86.089
4317.51 86.441
4396.09 86.805
4476.1 87.163
4557.56 87.492
4640.5 87.77
4724.96 87.98
4810.95 88.107
4898.51 88.14
4987.66 88.074
5078.43 87.914
5170.86 87.672
5264.97 87.365
5360.79 86.998
5458.35 86.578
5557.69 86.117
5658.84 85.634
5761.82 85.155
5866.69 84.706
5973.46 84.306
6082.17 83.976
6192.87 83.729
6305.57 83.58
6420.33 83.544
6537.18 83.635
6656.15 83.866
6777.29 84.248
6900.63 84.79
7026.22 85.482
7154.1 86.296
7284.3 87.177
7416.87 88.041
7551.85 88.787
7689.29 89.314
7829.23 89.543
7971.72 89.435
8116.8 89.002
8264.53 88.31
8414.94 87.469
8568.09 86.598
8724.02 85.806
8882.79 85.168
9044.46 84.713
9209.06 84.419
9376.66 84.227
9547.31 84.052
9721.07 83.788
9897.99 83.341
10078.13 82.648
10261.55 81.704
10448.3 80.563
10638.45 79.317
10832.07 78.076
11029.21 76.936
11229.94 75.963
11434.32 75.187
11642.41 74.615
11854.3 74.229
12070.04 73.995
12289.71 73.878
12513.38 73.843
12741.12 73.864
12973 73.914
13209.1 73.977
13449.5 74.035
13694.28 74.071
13943.51 74.055
14197.27 73.956
14455.66 73.745
14718.74 73.41
14986.62 72.956
15259.37 72.412
15537.08 71.821
15819.85 71.226
16107.76 70.653
16400.92 70.119
16699.41 69.629
17003.33 69.175
17312.78 68.741
17627.86 68.3
17948.68 67.823
18275.34 67.286
18607.94 66.697
18946.6 66.086
19291.42 65.48
19642.52 64.892
20000 64.313