20 83.179
20.36 83.218
20.73 83.256
21.11 83.293
21.5 83.33
21.89 83.365
22.29 83.401
22.69 83.435
23.1 83.468
23.52 83.5
23.95 83.529
24.39 83.558
24.83 83.585
25.28 83.61
25.74 83.632
26.21 83.653
26.69 83.671
27.18 83.687
27.67 83.7
28.17 83.711
28.69 83.718
29.21 83.722
29.74 83.724
30.28 83.721
30.83 83.716
31.39 83.706
31.97 83.693
32.55 83.676
33.14 83.655
33.74 83.63
34.36 83.602
34.98 83.57
35.62 83.535
36.27 83.497
36.93 83.457
37.6 83.414
38.28 83.369
38.98 83.323
39.69 83.274
40.41 83.224
41.15 83.173
41.9 83.121
42.66 83.068
43.44 83.014
44.23 82.961
45.03 82.907
45.85 82.854
46.68 82.8
47.53 82.747
48.4 82.695
49.28 82.642
50.18 82.589
51.09 82.537
52.02 82.485
52.97 82.432
53.93 82.379
54.91 82.327
55.91 82.274
56.93 82.221
57.97 82.168
59.02 82.115
60.09 82.06
61.19 82.005
62.3 81.948
63.44 81.888
64.59 81.825
65.77 81.759
66.96 81.689
68.18 81.613
69.42 81.532
70.69 81.445
71.97 81.351
73.28 81.251
74.62 81.145
75.97 81.036
77.36 80.926
78.76 80.817
80.2 80.711
81.66 80.609
83.14 80.514
84.66 80.429
86.2 80.352
87.77 80.285
89.36 80.223
90.99 80.166
92.65 80.111
94.33 80.056
96.05 80
97.8 79.94
99.58 79.875
101.39 79.805
103.23 79.732
105.11 79.658
107.03 79.584
108.97 79.512
110.96 79.442
112.98 79.376
115.03 79.311
117.13 79.249
119.26 79.184
121.43 79.119
123.64 79.049
125.89 78.974
128.18 78.895
130.51 78.814
132.89 78.733
135.31 78.652
137.77 78.574
140.28 78.498
142.83 78.424
145.43 78.35
148.07 78.275
150.77 78.199
153.51 78.121
156.31 78.042
159.15 77.965
162.05 77.889
165 77.817
168 77.746
171.06 77.676
174.17 77.606
177.34 77.534
180.57 77.461
183.86 77.385
187.2 77.307
190.61 77.227
194.08 77.144
197.61 77.061
201.21 76.978
204.87 76.897
208.6 76.818
212.39 76.741
216.26 76.664
220.19 76.589
224.2 76.514
228.28 76.441
232.44 76.368
236.67 76.296
240.97 76.223
245.36 76.15
249.82 76.076
254.37 75.998
259 75.917
263.71 75.835
268.51 75.752
273.4 75.67
278.38 75.592
283.44 75.519
288.6 75.453
293.85 75.393
299.2 75.338
304.65 75.287
310.19 75.238
315.84 75.191
321.59 75.145
327.44 75.102
333.4 75.06
339.47 75.02
345.64 74.984
351.93 74.951
358.34 74.92
364.86 74.89
371.5 74.856
378.26 74.815
385.15 74.767
392.16 74.715
399.29 74.664
406.56 74.616
413.96 74.573
421.49 74.532
429.16 74.493
436.97 74.455
444.93 74.419
453.02 74.39
461.27 74.366
469.66 74.35
478.21 74.34
486.91 74.337
495.78 74.338
504.8 74.339
513.99 74.335
523.34 74.327
532.87 74.314
542.56 74.298
552.44 74.28
562.49 74.26
572.73 74.237
583.15 74.213
593.77 74.191
604.57 74.172
615.57 74.157
626.78 74.145
638.18 74.136
649.8 74.128
661.63 74.122
673.67 74.118
685.93 74.114
698.41 74.111
711.12 74.111
724.06 74.114
737.24 74.123
750.66 74.137
764.32 74.154
778.23 74.174
792.39 74.194
806.82 74.215
821.5 74.238
836.45 74.263
851.67 74.292
867.17 74.327
882.96 74.37
899.02 74.425
915.39 74.493
932.05 74.573
949.01 74.663
966.28 74.765
983.87 74.88
1001.77 75.013
1020 75.164
1038.57 75.333
1057.47 75.518
1076.71 75.716
1096.31 75.926
1116.26 76.15
1136.58 76.389
1157.26 76.642
1178.32 76.905
1199.77 77.171
1221.6 77.433
1243.84 77.688
1266.47 77.934
1289.52 78.169
1312.99 78.396
1336.89 78.618
1361.22 78.838
1385.99 79.054
1411.22 79.262
1436.9 79.458
1463.05 79.641
1489.68 79.813
1516.79 79.976
1544.4 80.135
1572.5 80.292
1601.12 80.45
1630.26 80.608
1659.93 80.768
1690.14 80.929
1720.9 81.091
1752.22 81.257
1784.11 81.427
1816.58 81.599
1849.64 81.768
1883.3 81.934
1917.58 82.099
1952.48 82.262
1988.01 82.421
2024.19 82.572
2061.03 82.709
2098.54 82.831
2136.73 82.931
2175.62 83.009
2215.22 83.062
2255.53 83.091
2296.58 83.095
2338.38 83.076
2380.94 83.038
2424.27 82.988
2468.39 82.934
2513.31 82.882
2559.05 82.833
2605.63 82.787
2653.05 82.743
2701.33 82.704
2750.5 82.674
2800.55 82.659
2851.52 82.66
2903.42 82.676
2956.26 82.705
3010.06 82.747
3064.85 82.799
3120.62 82.862
3177.42 82.932
3235.25 83.008
3294.13 83.086
3354.08 83.167
3415.12 83.246
3477.27 83.324
3540.56 83.398
3605 83.467
3670.6 83.525
3737.41 83.571
3805.43 83.598
3874.68 83.602
3945.2 83.575
4017 83.509
4090.11 83.403
4164.55 83.255
4240.34 83.065
4317.51 82.834
4396.09 82.565
4476.1 82.263
4557.56 81.931
4640.5 81.577
4724.96 81.207
4810.95 80.821
4898.51 80.421
4987.66 80.011
5078.43 79.598
5170.86 79.19
5264.97 78.793
5360.79 78.417
5458.35 78.068
5557.69 77.757
5658.84 77.489
5761.82 77.272
5866.69 77.109
5973.46 77.006
6082.17 76.964
6192.87 76.985
6305.57 77.071
6420.33 77.221
6537.18 77.437
6656.15 77.716
6777.29 78.051
6900.63 78.43
7026.22 78.837
7154.1 79.25
7284.3 79.645
7416.87 79.991
7551.85 80.258
7689.29 80.423
7829.23 80.47
7971.72 80.391
8116.8 80.182
8264.53 79.838
8414.94 79.36
8568.09 78.758
8724.02 78.056
8882.79 77.286
9044.46 76.494
9209.06 75.729
9376.66 75.036
9547.31 74.455
9721.07 74.016
9897.99 73.733
10078.13 73.6
10261.55 73.589
10448.3 73.658
10638.45 73.758
10832.07 73.845
11029.21 73.884
11229.94 73.861
11434.32 73.782
11642.41 73.67
11854.3 73.564
12070.04 73.514
12289.71 73.565
12513.38 73.759
12741.12 74.116
12973 74.635
13209.1 75.295
13449.5 76.051
13694.28 76.848
13943.51 77.636
14197.27 78.371
14455.66 79.025
14718.74 79.582
14986.62 80.032
15259.37 80.365
15537.08 80.562
15819.85 80.593
16107.76 80.423
16400.92 80.018
16699.41 79.357
17003.33 78.436
17312.78 77.273
17627.86 75.902
17948.68 74.367
18275.34 72.712
18607.94 70.984
18946.6 69.221
19291.42 67.462
19642.52 65.726
20000 64.006