20 84.662
20.36 84.697
20.73 84.733
21.11 84.768
21.5 84.803
21.89 84.838
22.29 84.872
22.69 84.906
23.1 84.94
23.52 84.974
23.95 85.008
24.39 85.041
24.83 85.073
25.28 85.105
25.74 85.137
26.21 85.168
26.69 85.198
27.18 85.228
27.67 85.258
28.17 85.286
28.69 85.314
29.21 85.341
29.74 85.367
30.28 85.393
30.83 85.417
31.39 85.441
31.97 85.464
32.55 85.486
33.14 85.506
33.74 85.526
34.36 85.544
34.98 85.56
35.62 85.574
36.27 85.585
36.93 85.594
37.6 85.6
38.28 85.602
38.98 85.601
39.69 85.596
40.41 85.587
41.15 85.574
41.9 85.555
42.66 85.533
43.44 85.504
44.23 85.47
45.03 85.43
45.85 85.385
46.68 85.333
47.53 85.277
48.4 85.217
49.28 85.154
50.18 85.09
51.09 85.024
52.02 84.958
52.97 84.893
53.93 84.83
54.91 84.769
55.91 84.712
56.93 84.66
57.97 84.613
59.02 84.572
60.09 84.537
61.19 84.506
62.3 84.475
63.44 84.445
64.59 84.411
65.77 84.374
66.96 84.33
68.18 84.277
69.42 84.213
70.69 84.137
71.97 84.047
73.28 83.94
74.62 83.822
75.97 83.695
77.36 83.564
78.76 83.433
80.2 83.305
81.66 83.185
83.14 83.076
84.66 82.983
86.2 82.907
87.77 82.847
89.36 82.798
90.99 82.756
92.65 82.717
94.33 82.679
96.05 82.636
97.8 82.585
99.58 82.523
101.39 82.452
103.23 82.371
105.11 82.283
107.03 82.188
108.97 82.089
110.96 81.986
112.98 81.881
115.03 81.775
117.13 81.669
119.26 81.565
121.43 81.463
123.64 81.365
125.89 81.272
128.18 81.186
130.51 81.108
132.89 81.04
135.31 80.982
137.77 80.936
140.28 80.901
142.83 80.871
145.43 80.843
148.07 80.811
150.77 80.771
153.51 80.719
156.31 80.656
159.15 80.579
162.05 80.489
165 80.384
168 80.268
171.06 80.145
174.17 80.019
177.34 79.894
180.57 79.773
183.86 79.655
187.2 79.544
190.61 79.439
194.08 79.341
197.61 79.247
201.21 79.156
204.87 79.066
208.6 78.979
212.39 78.894
216.26 78.813
220.19 78.737
224.2 78.672
228.28 78.621
232.44 78.586
236.67 78.566
240.97 78.555
245.36 78.548
249.82 78.537
254.37 78.511
259 78.465
263.71 78.395
268.51 78.301
273.4 78.184
278.38 78.049
283.44 77.901
288.6 77.745
293.85 77.582
299.2 77.416
304.65 77.245
310.19 77.066
315.84 76.874
321.59 76.662
327.44 76.43
333.4 76.177
339.47 75.912
345.64 75.642
351.93 75.38
358.34 75.147
364.86 74.963
371.5 74.859
378.26 74.862
385.15 74.982
392.16 75.207
399.29 75.452
406.56 75.631
413.96 75.68
421.49 75.573
429.16 75.327
436.97 75
444.93 74.661
453.02 74.384
461.27 74.231
469.66 74.239
478.21 74.415
486.91 74.737
495.78 75.149
504.8 75.569
513.99 75.921
523.34 76.147
532.87 76.234
542.56 76.196
552.44 76.065
562.49 75.879
572.73 75.664
583.15 75.446
593.77 75.238
604.57 75.048
615.57 74.883
626.78 74.743
638.18 74.625
649.8 74.527
661.63 74.449
673.67 74.387
685.93 74.339
698.41 74.299
711.12 74.265
724.06 74.237
737.24 74.217
750.66 74.209
764.32 74.213
778.23 74.231
792.39 74.262
806.82 74.301
821.5 74.346
836.45 74.392
851.67 74.437
867.17 74.483
882.96 74.532
899.02 74.588
915.39 74.651
932.05 74.717
949.01 74.783
966.28 74.851
983.87 74.923
1001.77 75.008
1020 75.111
1038.57 75.234
1057.47 75.371
1076.71 75.516
1096.31 75.663
1116.26 75.815
1136.58 75.979
1157.26 76.155
1178.32 76.341
1199.77 76.525
1221.6 76.702
1243.84 76.878
1266.47 77.059
1289.52 77.249
1312.99 77.447
1336.89 77.654
1361.22 77.874
1385.99 78.101
1411.22 78.327
1436.9 78.543
1463.05 78.746
1489.68 78.937
1516.79 79.12
1544.4 79.295
1572.5 79.465
1601.12 79.628
1630.26 79.787
1659.93 79.949
1690.14 80.118
1720.9 80.296
1752.22 80.485
1784.11 80.684
1816.58 80.887
1849.64 81.086
1883.3 81.278
1917.58 81.461
1952.48 81.634
1988.01 81.794
2024.19 81.934
2061.03 82.045
2098.54 82.118
2136.73 82.15
2175.62 82.136
2215.22 82.08
2255.53 81.988
2296.58 81.87
2338.38 81.734
2380.94 81.593
2424.27 81.459
2468.39 81.341
2513.31 81.24
2559.05 81.154
2605.63 81.073
2653.05 80.987
2701.33 80.888
2750.5 80.776
2800.55 80.657
2851.52 80.536
2903.42 80.413
2956.26 80.288
3010.06 80.158
3064.85 80.022
3120.62 79.884
3177.42 79.746
3235.25 79.607
3294.13 79.46
3354.08 79.297
3415.12 79.106
3477.27 78.885
3540.56 78.639
3605 78.383
3670.6 78.141
3737.41 77.945
3805.43 77.826
3874.68 77.811
3945.2 77.912
4017 78.131
4090.11 78.452
4164.55 78.849
4240.34 79.286
4317.51 79.717
4396.09 80.1
4476.1 80.402
4557.56 80.601
4640.5 80.687
4724.96 80.672
4810.95 80.582
4898.51 80.456
4987.66 80.339
5078.43 80.277
5170.86 80.314
5264.97 80.484
5360.79 80.798
5458.35 81.238
5557.69 81.755
5658.84 82.28
5761.82 82.742
5866.69 83.082
5973.46 83.266
6082.17 83.29
6192.87 83.178
6305.57 82.971
6420.33 82.724
6537.18 82.498
6656.15 82.346
6777.29 82.311
6900.63 82.415
7026.22 82.662
7154.1 83.036
7284.3 83.497
7416.87 83.982
7551.85 84.413
7689.29 84.71
7829.23 84.805
7971.72 84.66
8116.8 84.273
8264.53 83.675
8414.94 82.916
8568.09 82.062
8724.02 81.181
8882.79 80.33
9044.46 79.55
9209.06 78.86
9376.66 78.26
9547.31 77.737
9721.07 77.28
9897.99 76.875
10078.13 76.514
10261.55 76.188
10448.3 75.881
10638.45 75.572
10832.07 75.239
11029.21 74.867
11229.94 74.448
11434.32 73.989
11642.41 73.509
11854.3 73.038
12070.04 72.603
12289.71 72.23
12513.38 71.942
12741.12 71.756
12973 71.69
13209.1 71.761
13449.5 71.989
13694.28 72.397
13943.51 73.005
14197.27 73.822
14455.66 74.824
14718.74 75.946
14986.62 77.063
15259.37 78
15537.08 78.57
15819.85 78.653
16107.76 78.249
16400.92 77.472
16699.41 76.489
17003.33 75.437
17312.78 74.378
17627.86 73.302
17948.68 72.175
18275.34 70.969
18607.94 69.686
18946.6 68.357
19291.42 67.024
19642.52 65.715
20000 64.42