20 80.431
20.36 80.521
20.73 80.61
21.11 80.699
21.5 80.787
21.89 80.874
22.29 80.962
22.69 81.048
23.1 81.133
23.52 81.217
23.95 81.3
24.39 81.382
24.83 81.462
25.28 81.541
25.74 81.619
26.21 81.694
26.69 81.768
27.18 81.84
27.67 81.91
28.17 81.977
28.69 82.043
29.21 82.106
29.74 82.166
30.28 82.224
30.83 82.279
31.39 82.331
31.97 82.38
32.55 82.426
33.14 82.47
33.74 82.509
34.36 82.546
34.98 82.58
35.62 82.611
36.27 82.639
36.93 82.665
37.6 82.687
38.28 82.707
38.98 82.724
39.69 82.739
40.41 82.751
41.15 82.761
41.9 82.768
42.66 82.773
43.44 82.776
44.23 82.777
45.03 82.775
45.85 82.772
46.68 82.766
47.53 82.758
48.4 82.749
49.28 82.737
50.18 82.723
51.09 82.708
52.02 82.69
52.97 82.67
53.93 82.649
54.91 82.625
55.91 82.599
56.93 82.571
57.97 82.542
59.02 82.51
60.09 82.477
61.19 82.441
62.3 82.403
63.44 82.362
64.59 82.32
65.77 82.274
66.96 82.226
68.18 82.174
69.42 82.12
70.69 82.062
71.97 82.001
73.28 81.937
74.62 81.869
75.97 81.799
77.36 81.725
78.76 81.648
80.2 81.568
81.66 81.485
83.14 81.4
84.66 81.312
86.2 81.222
87.77 81.129
89.36 81.035
90.99 80.94
92.65 80.843
94.33 80.746
96.05 80.65
97.8 80.553
99.58 80.456
101.39 80.36
103.23 80.262
105.11 80.161
107.03 80.058
108.97 79.952
110.96 79.84
112.98 79.722
115.03 79.599
117.13 79.469
119.26 79.334
121.43 79.192
123.64 79.042
125.89 78.887
128.18 78.728
130.51 78.568
132.89 78.408
135.31 78.254
137.77 78.107
140.28 77.966
142.83 77.831
145.43 77.698
148.07 77.567
150.77 77.434
153.51 77.3
156.31 77.165
159.15 77.032
162.05 76.9
165 76.772
168 76.646
171.06 76.521
174.17 76.394
177.34 76.266
180.57 76.136
183.86 76.003
187.2 75.87
190.61 75.737
194.08 75.605
197.61 75.474
201.21 75.344
204.87 75.218
208.6 75.093
212.39 74.972
216.26 74.853
220.19 74.738
224.2 74.631
228.28 74.532
232.44 74.445
236.67 74.368
240.97 74.299
245.36 74.237
249.82 74.181
254.37 74.128
259 74.078
263.71 74.03
268.51 73.983
273.4 73.938
278.38 73.894
283.44 73.851
288.6 73.809
293.85 73.769
299.2 73.733
304.65 73.702
310.19 73.678
315.84 73.66
321.59 73.646
327.44 73.636
333.4 73.627
339.47 73.618
345.64 73.611
351.93 73.606
358.34 73.602
364.86 73.602
371.5 73.604
378.26 73.608
385.15 73.615
392.16 73.625
399.29 73.638
406.56 73.654
413.96 73.67
421.49 73.682
429.16 73.687
436.97 73.683
444.93 73.669
453.02 73.647
461.27 73.619
469.66 73.59
478.21 73.565
486.91 73.548
495.78 73.539
504.8 73.537
513.99 73.54
523.34 73.546
532.87 73.553
542.56 73.56
552.44 73.568
562.49 73.574
572.73 73.578
583.15 73.58
593.77 73.582
604.57 73.587
615.57 73.593
626.78 73.599
638.18 73.605
649.8 73.609
661.63 73.612
673.67 73.613
685.93 73.616
698.41 73.62
711.12 73.629
724.06 73.644
737.24 73.668
750.66 73.701
764.32 73.744
778.23 73.794
792.39 73.852
806.82 73.916
821.5 73.983
836.45 74.054
851.67 74.126
867.17 74.198
882.96 74.272
899.02 74.349
915.39 74.433
932.05 74.528
949.01 74.634
966.28 74.751
983.87 74.878
1001.77 75.013
1020 75.159
1038.57 75.313
1057.47 75.474
1076.71 75.64
1096.31 75.809
1116.26 75.983
1136.58 76.162
1157.26 76.345
1178.32 76.53
1199.77 76.712
1221.6 76.887
1243.84 77.054
1266.47 77.213
1289.52 77.361
1312.99 77.502
1336.89 77.636
1361.22 77.765
1385.99 77.889
1411.22 78.005
1436.9 78.119
1463.05 78.229
1489.68 78.334
1516.79 78.435
1544.4 78.531
1572.5 78.626
1601.12 78.721
1630.26 78.82
1659.93 78.925
1690.14 79.037
1720.9 79.156
1752.22 79.279
1784.11 79.407
1816.58 79.538
1849.64 79.673
1883.3 79.814
1917.58 79.965
1952.48 80.125
1988.01 80.293
2024.19 80.465
2061.03 80.636
2098.54 80.804
2136.73 80.972
2175.62 81.141
2215.22 81.315
2255.53 81.493
2296.58 81.678
2338.38 81.865
2380.94 82.052
2424.27 82.237
2468.39 82.421
2513.31 82.606
2559.05 82.791
2605.63 82.973
2653.05 83.149
2701.33 83.318
2750.5 83.48
2800.55 83.632
2851.52 83.771
2903.42 83.895
2956.26 84.002
3010.06 84.089
3064.85 84.155
3120.62 84.2
3177.42 84.225
3235.25 84.232
3294.13 84.224
3354.08 84.203
3415.12 84.171
3477.27 84.133
3540.56 84.089
3605 84.044
3670.6 83.997
3737.41 83.951
3805.43 83.906
3874.68 83.864
3945.2 83.824
4017 83.785
4090.11 83.744
4164.55 83.702
4240.34 83.661
4317.51 83.624
4396.09 83.592
4476.1 83.562
4557.56 83.534
4640.5 83.507
4724.96 83.476
4810.95 83.438
4898.51 83.395
4987.66 83.344
5078.43 83.284
5170.86 83.217
5264.97 83.143
5360.79 83.064
5458.35 82.981
5557.69 82.894
5658.84 82.804
5761.82 82.711
5866.69 82.611
5973.46 82.499
6082.17 82.372
6192.87 82.223
6305.57 82.045
6420.33 81.833
6537.18 81.591
6656.15 81.333
6777.29 81.082
6900.63 80.868
7026.22 80.728
7154.1 80.69
7284.3 80.775
7416.87 80.979
7551.85 81.274
7689.29 81.617
7829.23 81.955
7971.72 82.237
8116.8 82.419
8264.53 82.475
8414.94 82.403
8568.09 82.214
8724.02 81.939
8882.79 81.612
9044.46 81.267
9209.06 80.936
9376.66 80.639
9547.31 80.384
9721.07 80.168
9897.99 79.978
10078.13 79.794
10261.55 79.598
10448.3 79.375
10638.45 79.12
10832.07 78.834
11029.21 78.528
11229.94 78.22
11434.32 77.926
11642.41 77.663
11854.3 77.444
12070.04 77.273
12289.71 77.15
12513.38 77.059
12741.12 76.973
12973 76.854
13209.1 76.667
13449.5 76.383
13694.28 75.991
13943.51 75.498
14197.27 74.936
14455.66 74.349
14718.74 73.797
14986.62 73.343
15259.37 73.037
15537.08 72.9
15819.85 72.904
16107.76 72.971
16400.92 72.995
16699.41 72.872
17003.33 72.528
17312.78 71.93
17627.86 71.078
17948.68 69.984
18275.34 68.666
18607.94 67.158
18946.6 65.514
19291.42 63.805
19642.52 62.086
20000 60.375