20 89.762
20.36 89.75
20.73 89.737
21.11 89.725
21.5 89.712
21.89 89.7
22.29 89.688
22.69 89.676
23.1 89.664
23.52 89.652
23.95 89.639
24.39 89.627
24.83 89.615
25.28 89.603
25.74 89.591
26.21 89.579
26.69 89.568
27.18 89.556
27.67 89.544
28.17 89.533
28.69 89.521
29.21 89.51
29.74 89.498
30.28 89.487
30.83 89.476
31.39 89.466
31.97 89.455
32.55 89.444
33.14 89.433
33.74 89.422
34.36 89.41
34.98 89.397
35.62 89.382
36.27 89.364
36.93 89.344
37.6 89.32
38.28 89.293
38.98 89.262
39.69 89.225
40.41 89.184
41.15 89.138
41.9 89.085
42.66 89.025
43.44 88.959
44.23 88.884
45.03 88.802
45.85 88.712
46.68 88.614
47.53 88.508
48.4 88.395
49.28 88.277
50.18 88.154
51.09 88.026
52.02 87.895
52.97 87.762
53.93 87.627
54.91 87.491
55.91 87.355
56.93 87.219
57.97 87.085
59.02 86.952
60.09 86.823
61.19 86.695
62.3 86.567
63.44 86.44
64.59 86.314
65.77 86.187
66.96 86.058
68.18 85.928
69.42 85.795
70.69 85.66
71.97 85.521
73.28 85.378
74.62 85.232
75.97 85.083
77.36 84.931
78.76 84.776
80.2 84.62
81.66 84.462
83.14 84.303
84.66 84.143
86.2 83.982
87.77 83.822
89.36 83.661
90.99 83.5
92.65 83.339
94.33 83.178
96.05 83.017
97.8 82.856
99.58 82.695
101.39 82.535
103.23 82.375
105.11 82.215
107.03 82.055
108.97 81.895
110.96 81.735
112.98 81.574
115.03 81.411
117.13 81.242
119.26 81.064
121.43 80.876
123.64 80.675
125.89 80.458
128.18 80.231
130.51 80
132.89 79.769
135.31 79.545
137.77 79.333
140.28 79.133
142.83 78.943
145.43 78.761
148.07 78.583
150.77 78.406
153.51 78.231
156.31 78.057
159.15 77.886
162.05 77.721
165 77.562
168 77.413
171.06 77.276
174.17 77.156
177.34 77.055
180.57 76.972
183.86 76.902
187.2 76.838
190.61 76.777
194.08 76.712
197.61 76.639
201.21 76.556
204.87 76.458
208.6 76.348
212.39 76.225
216.26 76.094
220.19 75.957
224.2 75.819
228.28 75.686
232.44 75.561
236.67 75.447
240.97 75.342
245.36 75.248
249.82 75.166
254.37 75.099
259 75.05
263.71 75.014
268.51 74.987
273.4 74.965
278.38 74.948
283.44 74.933
288.6 74.918
293.85 74.901
299.2 74.881
304.65 74.854
310.19 74.818
315.84 74.778
321.59 74.739
327.44 74.705
333.4 74.675
339.47 74.649
345.64 74.629
351.93 74.613
358.34 74.602
364.86 74.599
371.5 74.604
378.26 74.62
385.15 74.642
392.16 74.669
399.29 74.697
406.56 74.723
413.96 74.745
421.49 74.76
429.16 74.767
436.97 74.765
444.93 74.755
453.02 74.738
461.27 74.716
469.66 74.693
478.21 74.673
486.91 74.662
495.78 74.666
504.8 74.686
513.99 74.724
523.34 74.771
532.87 74.823
542.56 74.873
552.44 74.913
562.49 74.936
572.73 74.937
583.15 74.917
593.77 74.881
604.57 74.839
615.57 74.796
626.78 74.757
638.18 74.722
649.8 74.691
661.63 74.664
673.67 74.648
685.93 74.646
698.41 74.662
711.12 74.697
724.06 74.745
737.24 74.797
750.66 74.84
764.32 74.868
778.23 74.879
792.39 74.877
806.82 74.866
821.5 74.852
836.45 74.843
851.67 74.839
867.17 74.838
882.96 74.841
899.02 74.849
915.39 74.861
932.05 74.874
949.01 74.889
966.28 74.912
983.87 74.948
1001.77 75.006
1020 75.088
1038.57 75.193
1057.47 75.32
1076.71 75.466
1096.31 75.632
1116.26 75.818
1136.58 76.028
1157.26 76.259
1178.32 76.498
1199.77 76.729
1221.6 76.939
1243.84 77.126
1266.47 77.296
1289.52 77.453
1312.99 77.604
1336.89 77.751
1361.22 77.898
1385.99 78.048
1411.22 78.199
1436.9 78.347
1463.05 78.486
1489.68 78.612
1516.79 78.717
1544.4 78.799
1572.5 78.861
1601.12 78.908
1630.26 78.947
1659.93 78.992
1690.14 79.054
1720.9 79.144
1752.22 79.262
1784.11 79.402
1816.58 79.555
1849.64 79.71
1883.3 79.856
1917.58 79.99
1952.48 80.112
1988.01 80.229
2024.19 80.347
2061.03 80.469
2098.54 80.6
2136.73 80.741
2175.62 80.893
2215.22 81.056
2255.53 81.23
2296.58 81.413
2338.38 81.603
2380.94 81.801
2424.27 82.005
2468.39 82.215
2513.31 82.432
2559.05 82.65
2605.63 82.864
2653.05 83.074
2701.33 83.281
2750.5 83.484
2800.55 83.681
2851.52 83.87
2903.42 84.046
2956.26 84.204
3010.06 84.34
3064.85 84.452
3120.62 84.544
3177.42 84.62
3235.25 84.684
3294.13 84.735
3354.08 84.767
3415.12 84.778
3477.27 84.764
3540.56 84.723
3605 84.651
3670.6 84.55
3737.41 84.419
3805.43 84.264
3874.68 84.087
3945.2 83.889
4017 83.672
4090.11 83.437
4164.55 83.191
4240.34 82.94
4317.51 82.685
4396.09 82.434
4476.1 82.187
4557.56 81.949
4640.5 81.722
4724.96 81.508
4810.95 81.305
4898.51 81.111
4987.66 80.925
5078.43 80.744
5170.86 80.565
5264.97 80.388
5360.79 80.215
5458.35 80.046
5557.69 79.885
5658.84 79.739
5761.82 79.613
5866.69 79.514
5973.46 79.453
6082.17 79.436
6192.87 79.466
6305.57 79.545
6420.33 79.674
6537.18 79.854
6656.15 80.081
6777.29 80.348
6900.63 80.65
7026.22 80.986
7154.1 81.358
7284.3 81.766
7416.87 82.204
7551.85 82.648
7689.29 83.054
7829.23 83.359
7971.72 83.486
8116.8 83.363
8264.53 82.943
8414.94 82.215
8568.09 81.218
8724.02 80.034
8882.79 78.765
9044.46 77.517
9209.06 76.37
9376.66 75.376
9547.31 74.557
9721.07 73.913
9897.99 73.429
10078.13 73.081
10261.55 72.842
10448.3 72.682
10638.45 72.573
10832.07 72.492
11029.21 72.425
11229.94 72.371
11434.32 72.341
11642.41 72.355
11854.3 72.44
12070.04 72.623
12289.71 72.928
12513.38 73.368
12741.12 73.935
12973 74.594
13209.1 75.273
13449.5 75.877
13694.28 76.31
13943.51 76.501
14197.27 76.426
14455.66 76.107
14718.74 75.605
14986.62 74.99
15259.37 74.324
15537.08 73.644
15819.85 72.967
16107.76 72.288
16400.92 71.6
16699.41 70.899
17003.33 70.192
17312.78 69.488
17627.86 68.801
17948.68 68.14
18275.34 67.513
18607.94 66.921
18946.6 66.362
19291.42 65.827
19642.52 65.311
20000 64.803