20 76.244
20.36 76.347
20.73 76.451
21.11 76.553
21.5 76.656
21.89 76.757
22.29 76.857
22.69 76.957
23.1 77.055
23.52 77.151
23.95 77.246
24.39 77.339
24.83 77.431
25.28 77.52
25.74 77.606
26.21 77.691
26.69 77.773
27.18 77.852
27.67 77.928
28.17 78.002
28.69 78.072
29.21 78.138
29.74 78.201
30.28 78.261
30.83 78.317
31.39 78.368
31.97 78.416
32.55 78.459
33.14 78.499
33.74 78.533
34.36 78.564
34.98 78.59
35.62 78.613
36.27 78.633
36.93 78.649
37.6 78.662
38.28 78.672
38.98 78.679
39.69 78.684
40.41 78.687
41.15 78.687
41.9 78.685
42.66 78.681
43.44 78.675
44.23 78.668
45.03 78.66
45.85 78.65
46.68 78.639
47.53 78.627
48.4 78.613
49.28 78.596
50.18 78.577
51.09 78.555
52.02 78.53
52.97 78.502
53.93 78.47
54.91 78.434
55.91 78.393
56.93 78.348
57.97 78.298
59.02 78.242
60.09 78.182
61.19 78.117
62.3 78.048
63.44 77.976
64.59 77.902
65.77 77.826
66.96 77.749
68.18 77.671
69.42 77.594
70.69 77.518
71.97 77.443
73.28 77.37
74.62 77.3
75.97 77.231
77.36 77.163
78.76 77.097
80.2 77.032
81.66 76.967
83.14 76.904
84.66 76.841
86.2 76.778
87.77 76.715
89.36 76.653
90.99 76.591
92.65 76.53
94.33 76.47
96.05 76.411
97.8 76.354
99.58 76.297
101.39 76.24
103.23 76.182
105.11 76.121
107.03 76.056
108.97 75.986
110.96 75.909
112.98 75.825
115.03 75.733
117.13 75.639
119.26 75.54
121.43 75.44
123.64 75.341
125.89 75.244
128.18 75.149
130.51 75.059
132.89 74.975
135.31 74.898
137.77 74.83
140.28 74.769
142.83 74.712
145.43 74.657
148.07 74.6
150.77 74.538
153.51 74.471
156.31 74.4
159.15 74.327
162.05 74.252
165 74.177
168 74.103
171.06 74.029
174.17 73.955
177.34 73.882
180.57 73.81
183.86 73.74
187.2 73.674
190.61 73.612
194.08 73.556
197.61 73.505
201.21 73.46
204.87 73.422
208.6 73.388
212.39 73.359
216.26 73.332
220.19 73.307
224.2 73.282
228.28 73.253
232.44 73.221
236.67 73.185
240.97 73.145
245.36 73.103
249.82 73.06
254.37 73.02
259 72.984
263.71 72.953
268.51 72.927
273.4 72.906
278.38 72.89
283.44 72.877
288.6 72.87
293.85 72.865
299.2 72.864
304.65 72.864
310.19 72.863
315.84 72.861
321.59 72.857
327.44 72.852
333.4 72.846
339.47 72.84
345.64 72.837
351.93 72.839
358.34 72.849
364.86 72.868
371.5 72.894
378.26 72.924
385.15 72.955
392.16 72.987
399.29 73.018
406.56 73.049
413.96 73.077
421.49 73.102
429.16 73.122
436.97 73.14
444.93 73.154
453.02 73.168
461.27 73.179
469.66 73.189
478.21 73.202
486.91 73.219
495.78 73.244
504.8 73.275
513.99 73.312
523.34 73.351
532.87 73.392
542.56 73.43
552.44 73.465
562.49 73.492
572.73 73.513
583.15 73.528
593.77 73.539
604.57 73.55
615.57 73.562
626.78 73.576
638.18 73.591
649.8 73.607
661.63 73.625
673.67 73.644
685.93 73.667
698.41 73.693
711.12 73.722
724.06 73.756
737.24 73.796
750.66 73.84
764.32 73.889
778.23 73.939
792.39 73.989
806.82 74.041
821.5 74.094
836.45 74.151
851.67 74.211
867.17 74.277
882.96 74.351
899.02 74.431
915.39 74.517
932.05 74.607
949.01 74.702
966.28 74.801
983.87 74.903
1001.77 75.011
1020 75.123
1038.57 75.24
1057.47 75.361
1076.71 75.486
1096.31 75.619
1116.26 75.76
1136.58 75.912
1157.26 76.07
1178.32 76.228
1199.77 76.38
1221.6 76.518
1243.84 76.644
1266.47 76.763
1289.52 76.877
1312.99 76.988
1336.89 77.093
1361.22 77.194
1385.99 77.29
1411.22 77.379
1436.9 77.462
1463.05 77.542
1489.68 77.619
1516.79 77.697
1544.4 77.778
1572.5 77.861
1601.12 77.945
1630.26 78.035
1659.93 78.132
1690.14 78.239
1720.9 78.357
1752.22 78.485
1784.11 78.624
1816.58 78.771
1849.64 78.923
1883.3 79.08
1917.58 79.243
1952.48 79.412
1988.01 79.586
2024.19 79.763
2061.03 79.943
2098.54 80.124
2136.73 80.309
2175.62 80.5
2215.22 80.696
2255.53 80.897
2296.58 81.1
2338.38 81.301
2380.94 81.497
2424.27 81.686
2468.39 81.867
2513.31 82.036
2559.05 82.188
2605.63 82.319
2653.05 82.424
2701.33 82.498
2750.5 82.541
2800.55 82.549
2851.52 82.525
2903.42 82.467
2956.26 82.378
3010.06 82.264
3064.85 82.133
3120.62 81.997
3177.42 81.863
3235.25 81.739
3294.13 81.63
3354.08 81.537
3415.12 81.462
3477.27 81.403
3540.56 81.355
3605 81.316
3670.6 81.28
3737.41 81.241
3805.43 81.191
3874.68 81.12
3945.2 81.023
4017 80.896
4090.11 80.735
4164.55 80.543
4240.34 80.318
4317.51 80.065
4396.09 79.791
4476.1 79.5
4557.56 79.197
4640.5 78.888
4724.96 78.579
4810.95 78.27
4898.51 77.963
4987.66 77.661
5078.43 77.371
5170.86 77.097
5264.97 76.843
5360.79 76.614
5458.35 76.416
5557.69 76.256
5658.84 76.139
5761.82 76.073
5866.69 76.062
5973.46 76.112
6082.17 76.222
6192.87 76.391
6305.57 76.617
6420.33 76.902
6537.18 77.255
6656.15 77.682
6777.29 78.19
6900.63 78.778
7026.22 79.435
7154.1 80.129
7284.3 80.806
7416.87 81.398
7551.85 81.836
7689.29 82.062
7829.23 82.039
7971.72 81.756
8116.8 81.224
8264.53 80.468
8414.94 79.527
8568.09 78.448
8724.02 77.284
8882.79 76.09
9044.46 74.92
9209.06 73.823
9376.66 72.835
9547.31 71.985
9721.07 71.292
9897.99 70.772
10078.13 70.436
10261.55 70.283
10448.3 70.3
10638.45 70.468
10832.07 70.765
11029.21 71.162
11229.94 71.63
11434.32 72.134
11642.41 72.642
11854.3 73.126
12070.04 73.565
12289.71 73.948
12513.38 74.263
12741.12 74.499
12973 74.649
13209.1 74.71
13449.5 74.697
13694.28 74.636
13943.51 74.559
14197.27 74.483
14455.66 74.398
14718.74 74.265
14986.62 74.032
15259.37 73.646
15537.08 73.059
15819.85 72.229
16107.76 71.144
16400.92 69.846
16699.41 68.423
17003.33 66.982
17312.78 65.623
17627.86 64.427
17948.68 63.438
18275.34 62.655
18607.94 62.03
18946.6 61.495
19291.42 60.991
19642.52 60.495
20000 59.999