20 82.263
20.36 82.361
20.73 82.459
21.11 82.557
21.5 82.654
21.89 82.751
22.29 82.846
22.69 82.94
23.1 83.033
23.52 83.124
23.95 83.214
24.39 83.302
24.83 83.388
25.28 83.472
25.74 83.554
26.21 83.633
26.69 83.71
27.18 83.784
27.67 83.856
28.17 83.923
28.69 83.989
29.21 84.05
29.74 84.108
30.28 84.163
30.83 84.213
31.39 84.26
31.97 84.302
32.55 84.34
33.14 84.373
33.74 84.403
34.36 84.428
34.98 84.45
35.62 84.468
36.27 84.482
36.93 84.493
37.6 84.501
38.28 84.506
38.98 84.509
39.69 84.509
40.41 84.507
41.15 84.502
41.9 84.496
42.66 84.488
43.44 84.478
44.23 84.468
45.03 84.456
45.85 84.442
46.68 84.429
47.53 84.414
48.4 84.398
49.28 84.381
50.18 84.364
51.09 84.345
52.02 84.325
52.97 84.303
53.93 84.281
54.91 84.257
55.91 84.232
56.93 84.206
57.97 84.178
59.02 84.148
60.09 84.117
61.19 84.083
62.3 84.045
63.44 84.003
64.59 83.955
65.77 83.9
66.96 83.839
68.18 83.769
69.42 83.69
70.69 83.601
71.97 83.502
73.28 83.391
74.62 83.274
75.97 83.153
77.36 83.033
78.76 82.919
80.2 82.814
81.66 82.723
83.14 82.649
84.66 82.597
86.2 82.569
87.77 82.561
89.36 82.57
90.99 82.591
92.65 82.619
94.33 82.65
96.05 82.68
97.8 82.703
99.58 82.716
101.39 82.719
103.23 82.71
105.11 82.688
107.03 82.655
108.97 82.608
110.96 82.547
112.98 82.472
115.03 82.385
117.13 82.287
119.26 82.181
121.43 82.068
123.64 81.95
125.89 81.83
128.18 81.709
130.51 81.589
132.89 81.472
135.31 81.362
137.77 81.259
140.28 81.162
142.83 81.068
145.43 80.971
148.07 80.867
150.77 80.752
153.51 80.626
156.31 80.491
159.15 80.351
162.05 80.209
165 80.067
168 79.928
171.06 79.793
174.17 79.662
177.34 79.538
180.57 79.422
183.86 79.312
187.2 79.211
190.61 79.116
194.08 79.03
197.61 78.948
201.21 78.871
204.87 78.797
208.6 78.728
212.39 78.664
216.26 78.608
220.19 78.561
224.2 78.524
228.28 78.498
232.44 78.483
236.67 78.476
240.97 78.47
245.36 78.462
249.82 78.448
254.37 78.428
259 78.399
263.71 78.363
268.51 78.323
273.4 78.28
278.38 78.238
283.44 78.196
288.6 78.156
293.85 78.116
299.2 78.076
304.65 78.036
310.19 77.995
315.84 77.953
321.59 77.912
327.44 77.872
333.4 77.833
339.47 77.797
345.64 77.763
351.93 77.733
358.34 77.706
364.86 77.682
371.5 77.661
378.26 77.642
385.15 77.622
392.16 77.601
399.29 77.576
406.56 77.545
413.96 77.503
421.49 77.447
429.16 77.376
436.97 77.291
444.93 77.199
453.02 77.104
461.27 77.016
469.66 76.94
478.21 76.879
486.91 76.834
495.78 76.799
504.8 76.769
513.99 76.737
523.34 76.699
532.87 76.653
542.56 76.6
552.44 76.538
562.49 76.47
572.73 76.397
583.15 76.32
593.77 76.242
604.57 76.162
615.57 76.083
626.78 76.003
638.18 75.924
649.8 75.846
661.63 75.774
673.67 75.711
685.93 75.657
698.41 75.609
711.12 75.563
724.06 75.516
737.24 75.466
750.66 75.411
764.32 75.354
778.23 75.296
792.39 75.241
806.82 75.188
821.5 75.138
836.45 75.089
851.67 75.041
867.17 74.998
882.96 74.963
899.02 74.938
915.39 74.925
932.05 74.921
949.01 74.926
966.28 74.941
983.87 74.966
1001.77 75.004
1020 75.053
1038.57 75.113
1057.47 75.181
1076.71 75.257
1096.31 75.341
1116.26 75.432
1136.58 75.53
1157.26 75.63
1178.32 75.725
1199.77 75.811
1221.6 75.885
1243.84 75.952
1266.47 76.013
1289.52 76.073
1312.99 76.137
1336.89 76.207
1361.22 76.284
1385.99 76.368
1411.22 76.455
1436.9 76.547
1463.05 76.642
1489.68 76.737
1516.79 76.83
1544.4 76.922
1572.5 77.014
1601.12 77.106
1630.26 77.2
1659.93 77.303
1690.14 77.42
1720.9 77.558
1752.22 77.719
1784.11 77.904
1816.58 78.111
1849.64 78.338
1883.3 78.584
1917.58 78.852
1952.48 79.141
1988.01 79.447
2024.19 79.763
2061.03 80.079
2098.54 80.385
2136.73 80.674
2175.62 80.935
2215.22 81.16
2255.53 81.344
2296.58 81.483
2338.38 81.58
2380.94 81.648
2424.27 81.701
2468.39 81.754
2513.31 81.818
2559.05 81.897
2605.63 81.984
2653.05 82.067
2701.33 82.132
2750.5 82.164
2800.55 82.155
2851.52 82.101
2903.42 82.005
2956.26 81.872
3010.06 81.713
3064.85 81.54
3120.62 81.364
3177.42 81.197
3235.25 81.05
3294.13 80.937
3354.08 80.869
3415.12 80.855
3477.27 80.9
3540.56 80.996
3605 81.129
3670.6 81.273
3737.41 81.397
3805.43 81.472
3874.68 81.479
3945.2 81.412
4017 81.289
4090.11 81.144
4164.55 81.021
4240.34 80.962
4317.51 80.993
4396.09 81.125
4476.1 81.353
4557.56 81.659
4640.5 82.018
4724.96 82.398
4810.95 82.768
4898.51 83.098
4987.66 83.367
5078.43 83.554
5170.86 83.645
5264.97 83.624
5360.79 83.482
5458.35 83.223
5557.69 82.867
5658.84 82.448
5761.82 82.004
5866.69 81.575
5973.46 81.197
6082.17 80.898
6192.87 80.701
6305.57 80.62
6420.33 80.656
6537.18 80.799
6656.15 81.025
6777.29 81.306
6900.63 81.609
7026.22 81.906
7154.1 82.173
7284.3 82.393
7416.87 82.554
7551.85 82.644
7689.29 82.654
7829.23 82.581
7971.72 82.429
8116.8 82.205
8264.53 81.929
8414.94 81.627
8568.09 81.331
8724.02 81.074
8882.79 80.881
9044.46 80.755
9209.06 80.674
9376.66 80.592
9547.31 80.444
9721.07 80.156
9897.99 79.672
10078.13 78.973
10261.55 78.085
10448.3 77.069
10638.45 76.005
10832.07 74.973
11029.21 74.035
11229.94 73.234
11434.32 72.592
11642.41 72.115
11854.3 71.799
12070.04 71.637
12289.71 71.613
12513.38 71.717
12741.12 71.937
12973 72.264
13209.1 72.684
13449.5 73.188
13694.28 73.763
13943.51 74.411
14197.27 75.137
14455.66 75.953
14718.74 76.847
14986.62 77.78
15259.37 78.671
15537.08 79.427
15819.85 79.966
16107.76 80.232
16400.92 80.187
16699.41 79.799
17003.33 79.068
17312.78 78.045
17627.86 76.814
17948.68 75.466
18275.34 74.08
18607.94 72.715
18946.6 71.408
19291.42 70.177
19642.52 69.011
20000 67.871