20 86.481
20.36 86.549
20.73 86.617
21.11 86.684
21.5 86.751
21.89 86.817
22.29 86.883
22.69 86.948
23.1 87.013
23.52 87.077
23.95 87.14
24.39 87.202
24.83 87.263
25.28 87.322
25.74 87.381
26.21 87.439
26.69 87.495
27.18 87.549
27.67 87.603
28.17 87.654
28.69 87.704
29.21 87.753
29.74 87.798
30.28 87.843
30.83 87.885
31.39 87.925
31.97 87.963
32.55 87.999
33.14 88.032
33.74 88.063
34.36 88.093
34.98 88.12
35.62 88.145
36.27 88.17
36.93 88.193
37.6 88.214
38.28 88.235
38.98 88.255
39.69 88.275
40.41 88.294
41.15 88.313
41.9 88.331
42.66 88.35
43.44 88.369
44.23 88.388
45.03 88.408
45.85 88.429
46.68 88.45
47.53 88.471
48.4 88.493
49.28 88.513
50.18 88.532
51.09 88.55
52.02 88.566
52.97 88.579
53.93 88.59
54.91 88.597
55.91 88.601
56.93 88.6
57.97 88.595
59.02 88.585
60.09 88.571
61.19 88.552
62.3 88.531
63.44 88.506
64.59 88.479
65.77 88.451
66.96 88.423
68.18 88.394
69.42 88.365
70.69 88.339
71.97 88.314
73.28 88.292
74.62 88.272
75.97 88.255
77.36 88.241
78.76 88.23
80.2 88.222
81.66 88.217
83.14 88.216
84.66 88.218
86.2 88.223
87.77 88.231
89.36 88.241
90.99 88.253
92.65 88.266
94.33 88.28
96.05 88.293
97.8 88.306
99.58 88.318
101.39 88.327
103.23 88.335
105.11 88.339
107.03 88.339
108.97 88.334
110.96 88.323
112.98 88.308
115.03 88.288
117.13 88.266
119.26 88.245
121.43 88.227
123.64 88.214
125.89 88.209
128.18 88.209
130.51 88.213
132.89 88.221
135.31 88.23
137.77 88.239
140.28 88.245
142.83 88.247
145.43 88.24
148.07 88.224
150.77 88.194
153.51 88.151
156.31 88.099
159.15 88.04
162.05 87.979
165 87.918
168 87.858
171.06 87.798
174.17 87.742
177.34 87.688
180.57 87.637
183.86 87.586
187.2 87.535
190.61 87.483
194.08 87.427
197.61 87.366
201.21 87.298
204.87 87.223
208.6 87.141
212.39 87.055
216.26 86.966
220.19 86.875
224.2 86.783
228.28 86.691
232.44 86.599
236.67 86.507
240.97 86.414
245.36 86.321
249.82 86.226
254.37 86.13
259 86.031
263.71 85.928
268.51 85.822
273.4 85.711
278.38 85.594
283.44 85.472
288.6 85.344
293.85 85.211
299.2 85.073
304.65 84.931
310.19 84.785
315.84 84.638
321.59 84.49
327.44 84.341
333.4 84.193
339.47 84.044
345.64 83.893
351.93 83.739
358.34 83.581
364.86 83.419
371.5 83.251
378.26 83.078
385.15 82.899
392.16 82.718
399.29 82.536
406.56 82.354
413.96 82.171
421.49 81.984
429.16 81.796
436.97 81.606
444.93 81.412
453.02 81.216
461.27 81.022
469.66 80.829
478.21 80.64
486.91 80.455
495.78 80.274
504.8 80.096
513.99 79.923
523.34 79.752
532.87 79.586
542.56 79.421
552.44 79.259
562.49 79.093
572.73 78.923
583.15 78.749
593.77 78.569
604.57 78.384
615.57 78.192
626.78 77.993
638.18 77.789
649.8 77.584
661.63 77.384
673.67 77.196
685.93 77.027
698.41 76.875
711.12 76.738
724.06 76.612
737.24 76.493
750.66 76.375
764.32 76.254
778.23 76.128
792.39 75.999
806.82 75.869
821.5 75.741
836.45 75.615
851.67 75.493
867.17 75.375
882.96 75.264
899.02 75.162
915.39 75.075
932.05 75.009
949.01 74.967
966.28 74.952
983.87 74.965
1001.77 75.004
1020 75.066
1038.57 75.15
1057.47 75.253
1076.71 75.375
1096.31 75.515
1116.26 75.671
1136.58 75.841
1157.26 76.021
1178.32 76.203
1199.77 76.38
1221.6 76.548
1243.84 76.709
1266.47 76.862
1289.52 77.008
1312.99 77.145
1336.89 77.271
1361.22 77.389
1385.99 77.498
1411.22 77.6
1436.9 77.696
1463.05 77.789
1489.68 77.882
1516.79 77.977
1544.4 78.077
1572.5 78.184
1601.12 78.298
1630.26 78.42
1659.93 78.556
1690.14 78.71
1720.9 78.884
1752.22 79.083
1784.11 79.308
1816.58 79.561
1849.64 79.84
1883.3 80.141
1917.58 80.465
1952.48 80.815
1988.01 81.192
2024.19 81.599
2061.03 82.039
2098.54 82.514
2136.73 83.023
2175.62 83.558
2215.22 84.108
2255.53 84.658
2296.58 85.185
2338.38 85.66
2380.94 86.056
2424.27 86.347
2468.39 86.519
2513.31 86.566
2559.05 86.5
2605.63 86.341
2653.05 86.114
2701.33 85.841
2750.5 85.536
2800.55 85.214
2851.52 84.881
2903.42 84.543
2956.26 84.203
3010.06 83.865
3064.85 83.539
3120.62 83.232
3177.42 82.953
3235.25 82.714
3294.13 82.525
3354.08 82.396
3415.12 82.337
3477.27 82.355
3540.56 82.453
3605 82.63
3670.6 82.873
3737.41 83.164
3805.43 83.47
3874.68 83.752
3945.2 83.963
4017 84.067
4090.11 84.046
4164.55 83.91
4240.34 83.689
4317.51 83.434
4396.09 83.194
4476.1 83.006
4557.56 82.895
4640.5 82.871
4724.96 82.933
4810.95 83.066
4898.51 83.247
4987.66 83.449
5078.43 83.637
5170.86 83.778
5264.97 83.847
5360.79 83.83
5458.35 83.732
5557.69 83.57
5658.84 83.369
5761.82 83.159
5866.69 82.96
5973.46 82.787
6082.17 82.642
6192.87 82.522
6305.57 82.425
6420.33 82.352
6537.18 82.311
6656.15 82.315
6777.29 82.379
6900.63 82.514
7026.22 82.719
7154.1 82.989
7284.3 83.308
7416.87 83.648
7551.85 83.974
7689.29 84.243
7829.23 84.414
7971.72 84.455
8116.8 84.351
8264.53 84.107
8414.94 83.747
8568.09 83.318
8724.02 82.877
8882.79 82.485
9044.46 82.189
9209.06 82.014
9376.66 81.957
9547.31 81.973
9721.07 81.988
9897.99 81.906
10078.13 81.631
10261.55 81.088
10448.3 80.254
10638.45 79.152
10832.07 77.848
11029.21 76.432
11229.94 75.003
11434.32 73.653
11642.41 72.466
11854.3 71.509
12070.04 70.828
12289.71 70.449
12513.38 70.373
12741.12 70.576
12973 71.011
13209.1 71.617
13449.5 72.339
13694.28 73.147
13943.51 74.05
14197.27 75.094
14455.66 76.334
14718.74 77.792
14986.62 79.426
15259.37 81.117
15537.08 82.679
15819.85 83.918
16107.76 84.678
16400.92 84.863
16699.41 84.445
17003.33 83.466
17312.78 82.023
17627.86 80.251
17948.68 78.285
18275.34 76.241
18607.94 74.207
18946.6 72.243
19291.42 70.379
19642.52 68.602
20000 66.862