20 81.808
20.36 81.843
20.73 81.877
21.11 81.911
21.5 81.945
21.89 81.978
22.29 82.012
22.69 82.044
23.1 82.076
23.52 82.107
23.95 82.138
24.39 82.167
24.83 82.196
25.28 82.223
25.74 82.25
26.21 82.275
26.69 82.3
27.18 82.323
27.67 82.344
28.17 82.364
28.69 82.383
29.21 82.4
29.74 82.415
30.28 82.428
30.83 82.44
31.39 82.45
31.97 82.458
32.55 82.463
33.14 82.467
33.74 82.469
34.36 82.468
34.98 82.466
35.62 82.461
36.27 82.455
36.93 82.447
37.6 82.437
38.28 82.426
38.98 82.413
39.69 82.399
40.41 82.382
41.15 82.364
41.9 82.346
42.66 82.325
43.44 82.304
44.23 82.281
45.03 82.257
45.85 82.232
46.68 82.206
47.53 82.181
48.4 82.156
49.28 82.133
50.18 82.113
51.09 82.096
52.02 82.083
52.97 82.075
53.93 82.072
54.91 82.076
55.91 82.087
56.93 82.106
57.97 82.134
59.02 82.171
60.09 82.217
61.19 82.27
62.3 82.329
63.44 82.391
64.59 82.456
65.77 82.521
66.96 82.585
68.18 82.646
69.42 82.703
70.69 82.752
71.97 82.795
73.28 82.828
74.62 82.852
75.97 82.87
77.36 82.882
78.76 82.89
80.2 82.894
81.66 82.896
83.14 82.897
84.66 82.899
86.2 82.902
87.77 82.906
89.36 82.912
90.99 82.919
92.65 82.928
94.33 82.938
96.05 82.949
97.8 82.961
99.58 82.974
101.39 82.989
103.23 83.005
105.11 83.023
107.03 83.042
108.97 83.064
110.96 83.088
112.98 83.114
115.03 83.141
117.13 83.169
119.26 83.199
121.43 83.227
123.64 83.255
125.89 83.282
128.18 83.306
130.51 83.33
132.89 83.351
135.31 83.37
137.77 83.387
140.28 83.402
142.83 83.413
145.43 83.42
148.07 83.423
150.77 83.421
153.51 83.413
156.31 83.402
159.15 83.388
162.05 83.372
165 83.356
168 83.34
171.06 83.324
174.17 83.31
177.34 83.3
180.57 83.291
183.86 83.284
187.2 83.278
190.61 83.272
194.08 83.266
197.61 83.258
201.21 83.247
204.87 83.232
208.6 83.214
212.39 83.19
216.26 83.161
220.19 83.128
224.2 83.087
228.28 83.04
232.44 82.985
236.67 82.921
240.97 82.847
245.36 82.764
249.82 82.67
254.37 82.565
259 82.45
263.71 82.325
268.51 82.193
273.4 82.053
278.38 81.905
283.44 81.752
288.6 81.592
293.85 81.426
299.2 81.255
304.65 81.081
310.19 80.906
315.84 80.731
321.59 80.558
327.44 80.388
333.4 80.223
339.47 80.066
345.64 79.917
351.93 79.777
358.34 79.643
364.86 79.513
371.5 79.385
378.26 79.258
385.15 79.129
392.16 79
399.29 78.871
406.56 78.74
413.96 78.608
421.49 78.472
429.16 78.329
436.97 78.178
444.93 78.017
453.02 77.843
461.27 77.657
469.66 77.456
478.21 77.245
486.91 77.026
495.78 76.807
504.8 76.598
513.99 76.411
523.34 76.258
532.87 76.146
542.56 76.075
552.44 76.043
562.49 76.045
572.73 76.074
583.15 76.124
593.77 76.193
604.57 76.278
615.57 76.38
626.78 76.499
638.18 76.633
649.8 76.776
661.63 76.923
673.67 77.066
685.93 77.2
698.41 77.322
711.12 77.426
724.06 77.505
737.24 77.552
750.66 77.557
764.32 77.512
778.23 77.416
792.39 77.268
806.82 77.071
821.5 76.832
836.45 76.559
851.67 76.262
867.17 75.952
882.96 75.644
899.02 75.356
915.39 75.11
932.05 74.929
949.01 74.828
966.28 74.815
983.87 74.882
1001.77 75.013
1020 75.184
1038.57 75.375
1057.47 75.569
1076.71 75.757
1096.31 75.936
1116.26 76.107
1136.58 76.273
1157.26 76.436
1178.32 76.594
1199.77 76.742
1221.6 76.873
1243.84 76.985
1266.47 77.075
1289.52 77.144
1312.99 77.19
1336.89 77.215
1361.22 77.222
1385.99 77.217
1411.22 77.211
1436.9 77.214
1463.05 77.232
1489.68 77.272
1516.79 77.329
1544.4 77.399
1572.5 77.471
1601.12 77.535
1630.26 77.581
1659.93 77.602
1690.14 77.599
1720.9 77.579
1752.22 77.551
1784.11 77.523
1816.58 77.499
1849.64 77.482
1883.3 77.472
1917.58 77.466
1952.48 77.46
1988.01 77.454
2024.19 77.444
2061.03 77.429
2098.54 77.41
2136.73 77.389
2175.62 77.374
2215.22 77.366
2255.53 77.374
2296.58 77.396
2338.38 77.435
2380.94 77.481
2424.27 77.531
2468.39 77.575
2513.31 77.612
2559.05 77.643
2605.63 77.675
2653.05 77.717
2701.33 77.776
2750.5 77.856
2800.55 77.953
2851.52 78.054
2903.42 78.141
2956.26 78.192
3010.06 78.184
3064.85 78.101
3120.62 77.93
3177.42 77.671
3235.25 77.337
3294.13 76.953
3354.08 76.551
3415.12 76.166
3477.27 75.821
3540.56 75.53
3605 75.296
3670.6 75.113
3737.41 74.976
3805.43 74.875
3874.68 74.8
3945.2 74.749
4017 74.717
4090.11 74.703
4164.55 74.7
4240.34 74.702
4317.51 74.697
4396.09 74.675
4476.1 74.626
4557.56 74.549
4640.5 74.45
4724.96 74.343
4810.95 74.244
4898.51 74.167
4987.66 74.128
5078.43 74.134
5170.86 74.189
5264.97 74.294
5360.79 74.451
5458.35 74.661
5557.69 74.919
5658.84 75.218
5761.82 75.545
5866.69 75.888
5973.46 76.24
6082.17 76.606
6192.87 77.003
6305.57 77.453
6420.33 77.98
6537.18 78.597
6656.15 79.302
6777.29 80.078
6900.63 80.895
7026.22 81.707
7154.1 82.455
7284.3 83.074
7416.87 83.507
7551.85 83.712
7689.29 83.671
7829.23 83.391
7971.72 82.905
8116.8 82.261
8264.53 81.515
8414.94 80.718
8568.09 79.914
8724.02 79.14
8882.79 78.417
9044.46 77.764
9209.06 77.196
9376.66 76.728
9547.31 76.366
9721.07 76.108
9897.99 75.933
10078.13 75.805
10261.55 75.675
10448.3 75.495
10638.45 75.242
10832.07 74.934
11029.21 74.624
11229.94 74.381
11434.32 74.25
11642.41 74.24
11854.3 74.332
12070.04 74.512
12289.71 74.777
12513.38 75.117
12741.12 75.483
12973 75.779
13209.1 75.876
13449.5 75.636
13694.28 74.969
13943.51 73.884
14197.27 72.515
14455.66 71.093
14718.74 69.851
14986.62 68.927
15259.37 68.306
15537.08 67.859
15819.85 67.44
16107.76 66.962
16400.92 66.421
16699.41 65.867
17003.33 65.358
17312.78 64.92
17627.86 64.529
17948.68 64.113
18275.34 63.588
18607.94 62.901
18946.6 62.053
19291.42 61.095
19642.52 60.091
20000 59.078