20 79.496
20.36 79.602
20.73 79.708
21.11 79.813
21.5 79.919
21.89 80.024
22.29 80.129
22.69 80.234
23.1 80.339
23.52 80.443
23.95 80.547
24.39 80.651
24.83 80.754
25.28 80.857
25.74 80.959
26.21 81.061
26.69 81.162
27.18 81.262
27.67 81.362
28.17 81.462
28.69 81.561
29.21 81.659
29.74 81.756
30.28 81.852
30.83 81.948
31.39 82.043
31.97 82.137
32.55 82.23
33.14 82.322
33.74 82.413
34.36 82.503
34.98 82.591
35.62 82.678
36.27 82.764
36.93 82.848
37.6 82.931
38.28 83.011
38.98 83.09
39.69 83.167
40.41 83.242
41.15 83.314
41.9 83.384
42.66 83.453
43.44 83.518
44.23 83.58
45.03 83.641
45.85 83.698
46.68 83.753
47.53 83.805
48.4 83.855
49.28 83.903
50.18 83.95
51.09 83.995
52.02 84.039
52.97 84.083
53.93 84.125
54.91 84.168
55.91 84.211
56.93 84.253
57.97 84.296
59.02 84.34
60.09 84.385
61.19 84.429
62.3 84.473
63.44 84.515
64.59 84.556
65.77 84.593
66.96 84.628
68.18 84.659
69.42 84.686
70.69 84.707
71.97 84.722
73.28 84.732
74.62 84.737
75.97 84.738
77.36 84.737
78.76 84.734
80.2 84.73
81.66 84.727
83.14 84.726
84.66 84.728
86.2 84.733
87.77 84.741
89.36 84.752
90.99 84.763
92.65 84.774
94.33 84.785
96.05 84.793
97.8 84.799
99.58 84.8
101.39 84.798
103.23 84.793
105.11 84.785
107.03 84.773
108.97 84.759
110.96 84.742
112.98 84.724
115.03 84.703
117.13 84.681
119.26 84.657
121.43 84.632
123.64 84.606
125.89 84.578
128.18 84.549
130.51 84.519
132.89 84.486
135.31 84.451
137.77 84.413
140.28 84.372
142.83 84.33
145.43 84.287
148.07 84.246
150.77 84.206
153.51 84.168
156.31 84.131
159.15 84.094
162.05 84.056
165 84.016
168 83.974
171.06 83.929
174.17 83.882
177.34 83.831
180.57 83.777
183.86 83.719
187.2 83.659
190.61 83.596
194.08 83.531
197.61 83.464
201.21 83.399
204.87 83.333
208.6 83.268
212.39 83.205
216.26 83.142
220.19 83.08
224.2 83.017
228.28 82.952
232.44 82.885
236.67 82.814
240.97 82.739
245.36 82.662
249.82 82.581
254.37 82.496
259 82.408
263.71 82.318
268.51 82.227
273.4 82.132
278.38 82.036
283.44 81.938
288.6 81.837
293.85 81.736
299.2 81.634
304.65 81.534
310.19 81.434
315.84 81.332
321.59 81.228
327.44 81.123
333.4 81.018
339.47 80.915
345.64 80.816
351.93 80.721
358.34 80.629
364.86 80.541
371.5 80.455
378.26 80.371
385.15 80.287
392.16 80.203
399.29 80.12
406.56 80.034
413.96 79.943
421.49 79.844
429.16 79.737
436.97 79.624
444.93 79.505
453.02 79.381
461.27 79.253
469.66 79.123
478.21 78.993
486.91 78.863
495.78 78.737
504.8 78.614
513.99 78.497
523.34 78.385
532.87 78.276
542.56 78.171
552.44 78.07
562.49 77.971
572.73 77.871
583.15 77.769
593.77 77.666
604.57 77.557
615.57 77.445
626.78 77.331
638.18 77.215
649.8 77.099
661.63 76.985
673.67 76.872
685.93 76.762
698.41 76.651
711.12 76.535
724.06 76.415
737.24 76.292
750.66 76.167
764.32 76.046
778.23 75.933
792.39 75.829
806.82 75.73
821.5 75.635
836.45 75.542
851.67 75.452
867.17 75.364
882.96 75.279
899.02 75.198
915.39 75.126
932.05 75.063
949.01 75.017
966.28 74.99
983.87 74.984
1001.77 75.002
1020 75.044
1038.57 75.109
1057.47 75.194
1076.71 75.297
1096.31 75.416
1116.26 75.553
1136.58 75.711
1157.26 75.89
1178.32 76.086
1199.77 76.292
1221.6 76.499
1243.84 76.703
1266.47 76.902
1289.52 77.093
1312.99 77.275
1336.89 77.45
1361.22 77.617
1385.99 77.779
1411.22 77.938
1436.9 78.097
1463.05 78.26
1489.68 78.427
1516.79 78.599
1544.4 78.774
1572.5 78.956
1601.12 79.142
1630.26 79.331
1659.93 79.523
1690.14 79.718
1720.9 79.916
1752.22 80.118
1784.11 80.321
1816.58 80.522
1849.64 80.719
1883.3 80.909
1917.58 81.094
1952.48 81.276
1988.01 81.456
2024.19 81.632
2061.03 81.804
2098.54 81.969
2136.73 82.128
2175.62 82.282
2215.22 82.43
2255.53 82.572
2296.58 82.707
2338.38 82.838
2380.94 82.964
2424.27 83.085
2468.39 83.202
2513.31 83.313
2559.05 83.418
2605.63 83.517
2653.05 83.614
2701.33 83.708
2750.5 83.798
2800.55 83.884
2851.52 83.957
2903.42 84.012
2956.26 84.044
3010.06 84.051
3064.85 84.031
3120.62 83.986
3177.42 83.917
3235.25 83.826
3294.13 83.713
3354.08 83.579
3415.12 83.432
3477.27 83.276
3540.56 83.12
3605 82.968
3670.6 82.829
3737.41 82.712
3805.43 82.622
3874.68 82.57
3945.2 82.568
4017 82.628
4090.11 82.761
4164.55 82.978
4240.34 83.28
4317.51 83.66
4396.09 84.096
4476.1 84.549
4557.56 84.963
4640.5 85.274
4724.96 85.417
4810.95 85.344
4898.51 85.033
4987.66 84.491
5078.43 83.755
5170.86 82.882
5264.97 81.935
5360.79 80.975
5458.35 80.048
5557.69 79.187
5658.84 78.41
5761.82 77.73
5866.69 77.152
5973.46 76.677
6082.17 76.3
6192.87 76.016
6305.57 75.811
6420.33 75.668
6537.18 75.564
6656.15 75.486
6777.29 75.436
6900.63 75.429
7026.22 75.489
7154.1 75.642
7284.3 75.916
7416.87 76.332
7551.85 76.896
7689.29 77.605
7829.23 78.449
7971.72 79.412
8116.8 80.476
8264.53 81.618
8414.94 82.793
8568.09 83.942
8724.02 84.991
8882.79 85.862
9044.46 86.49
9209.06 86.829
9376.66 86.862
9547.31 86.591
9721.07 86.047
9897.99 85.289
10078.13 84.404
10261.55 83.499
10448.3 82.675
10638.45 82.006
10832.07 81.529
11029.21 81.228
11229.94 81.043
11434.32 80.891
11642.41 80.689
11854.3 80.378
12070.04 79.935
12289.71 79.362
12513.38 78.694
12741.12 77.98
12973 77.274
13209.1 76.63
13449.5 76.089
13694.28 75.669
13943.51 75.362
14197.27 75.132
14455.66 74.918
14718.74 74.646
14986.62 74.241
15259.37 73.649
15537.08 72.852
15819.85 71.873
16107.76 70.766
16400.92 69.601
16699.41 68.451
17003.33 67.375
17312.78 66.415
17627.86 65.578
17948.68 64.849
18275.34 64.193
18607.94 63.573
18946.6 62.966
19291.42 62.367
19642.52 61.779
20000 61.196