20 78.506
20.36 78.56
20.73 78.613
21.11 78.667
21.5 78.72
21.89 78.772
22.29 78.824
22.69 78.876
23.1 78.927
23.52 78.977
23.95 79.027
24.39 79.076
24.83 79.124
25.28 79.172
25.74 79.218
26.21 79.263
26.69 79.307
27.18 79.35
27.67 79.392
28.17 79.432
28.69 79.471
29.21 79.508
29.74 79.544
30.28 79.578
30.83 79.611
31.39 79.642
31.97 79.671
32.55 79.698
33.14 79.723
33.74 79.747
34.36 79.769
34.98 79.789
35.62 79.807
36.27 79.825
36.93 79.841
37.6 79.856
38.28 79.87
38.98 79.883
39.69 79.896
40.41 79.907
41.15 79.919
41.9 79.93
42.66 79.94
43.44 79.951
44.23 79.961
45.03 79.971
45.85 79.982
46.68 79.993
47.53 80.003
48.4 80.014
49.28 80.023
50.18 80.032
51.09 80.039
52.02 80.046
52.97 80.05
53.93 80.054
54.91 80.054
55.91 80.053
56.93 80.049
57.97 80.042
59.02 80.033
60.09 80.02
61.19 80.004
62.3 79.985
63.44 79.962
64.59 79.937
65.77 79.907
66.96 79.874
68.18 79.837
69.42 79.797
70.69 79.752
71.97 79.704
73.28 79.652
74.62 79.597
75.97 79.54
77.36 79.482
78.76 79.425
80.2 79.368
81.66 79.315
83.14 79.264
84.66 79.218
86.2 79.176
87.77 79.14
89.36 79.107
90.99 79.078
92.65 79.051
94.33 79.027
96.05 79.003
97.8 78.981
99.58 78.958
101.39 78.935
103.23 78.911
105.11 78.886
107.03 78.859
108.97 78.829
110.96 78.796
112.98 78.76
115.03 78.72
117.13 78.677
119.26 78.631
121.43 78.581
123.64 78.528
125.89 78.472
128.18 78.413
130.51 78.352
132.89 78.289
135.31 78.225
137.77 78.161
140.28 78.096
142.83 78.03
145.43 77.964
148.07 77.896
150.77 77.826
153.51 77.755
156.31 77.682
159.15 77.604
162.05 77.521
165 77.433
168 77.343
171.06 77.255
174.17 77.172
177.34 77.097
180.57 77.032
183.86 76.973
187.2 76.919
190.61 76.867
194.08 76.814
197.61 76.76
201.21 76.702
204.87 76.64
208.6 76.574
212.39 76.504
216.26 76.43
220.19 76.354
224.2 76.279
228.28 76.206
232.44 76.137
236.67 76.073
240.97 76.013
245.36 75.958
249.82 75.904
254.37 75.848
259 75.789
263.71 75.727
268.51 75.665
273.4 75.602
278.38 75.539
283.44 75.474
288.6 75.407
293.85 75.338
299.2 75.269
304.65 75.2
310.19 75.133
315.84 75.07
321.59 75.011
327.44 74.956
333.4 74.904
339.47 74.856
345.64 74.813
351.93 74.778
358.34 74.747
364.86 74.715
371.5 74.68
378.26 74.641
385.15 74.596
392.16 74.547
399.29 74.498
406.56 74.449
413.96 74.402
421.49 74.355
429.16 74.307
436.97 74.259
444.93 74.21
453.02 74.161
461.27 74.115
469.66 74.075
478.21 74.045
486.91 74.025
495.78 74.012
504.8 74.004
513.99 73.994
523.34 73.981
532.87 73.962
542.56 73.942
552.44 73.923
562.49 73.907
572.73 73.891
583.15 73.875
593.77 73.859
604.57 73.844
615.57 73.83
626.78 73.818
638.18 73.807
649.8 73.801
661.63 73.799
673.67 73.799
685.93 73.803
698.41 73.812
711.12 73.828
724.06 73.85
737.24 73.878
750.66 73.912
764.32 73.95
778.23 73.991
792.39 74.032
806.82 74.071
821.5 74.11
836.45 74.153
851.67 74.203
867.17 74.261
882.96 74.329
899.02 74.405
915.39 74.487
932.05 74.574
949.01 74.667
966.28 74.768
983.87 74.882
1001.77 75.013
1020 75.161
1038.57 75.326
1057.47 75.506
1076.71 75.7
1096.31 75.906
1116.26 76.123
1136.58 76.351
1157.26 76.587
1178.32 76.828
1199.77 77.071
1221.6 77.311
1243.84 77.546
1266.47 77.78
1289.52 78.016
1312.99 78.257
1336.89 78.505
1361.22 78.763
1385.99 79.028
1411.22 79.295
1436.9 79.561
1463.05 79.823
1489.68 80.08
1516.79 80.334
1544.4 80.588
1572.5 80.843
1601.12 81.095
1630.26 81.34
1659.93 81.579
1690.14 81.813
1720.9 82.036
1752.22 82.244
1784.11 82.425
1816.58 82.573
1849.64 82.677
1883.3 82.733
1917.58 82.74
1952.48 82.7
1988.01 82.612
2024.19 82.48
2061.03 82.308
2098.54 82.097
2136.73 81.852
2175.62 81.572
2215.22 81.26
2255.53 80.921
2296.58 80.562
2338.38 80.195
2380.94 79.83
2424.27 79.475
2468.39 79.136
2513.31 78.812
2559.05 78.501
2605.63 78.198
2653.05 77.901
2701.33 77.605
2750.5 77.313
2800.55 77.03
2851.52 76.76
2903.42 76.503
2956.26 76.263
3010.06 76.04
3064.85 75.837
3120.62 75.654
3177.42 75.49
3235.25 75.341
3294.13 75.206
3354.08 75.089
3415.12 74.992
3477.27 74.917
3540.56 74.862
3605 74.824
3670.6 74.798
3737.41 74.776
3805.43 74.753
3874.68 74.72
3945.2 74.667
4017 74.585
4090.11 74.474
4164.55 74.342
4240.34 74.206
4317.51 74.084
4396.09 73.996
4476.1 73.951
4557.56 73.95
4640.5 73.982
4724.96 74.037
4810.95 74.099
4898.51 74.153
4987.66 74.186
5078.43 74.188
5170.86 74.153
5264.97 74.091
5360.79 74.018
5458.35 73.958
5557.69 73.937
5658.84 73.974
5761.82 74.087
5866.69 74.278
5973.46 74.541
6082.17 74.854
6192.87 75.186
6305.57 75.501
6420.33 75.77
6537.18 75.969
6656.15 76.092
6777.29 76.145
6900.63 76.152
7026.22 76.143
7154.1 76.16
7284.3 76.24
7416.87 76.402
7551.85 76.643
7689.29 76.919
7829.23 77.153
7971.72 77.255
8116.8 77.145
8264.53 76.767
8414.94 76.103
8568.09 75.179
8724.02 74.066
8882.79 72.866
9044.46 71.701
9209.06 70.684
9376.66 69.902
9547.31 69.406
9721.07 69.208
9897.99 69.288
10078.13 69.598
10261.55 70.078
10448.3 70.659
10638.45 71.276
10832.07 71.875
11029.21 72.408
11229.94 72.841
11434.32 73.152
11642.41 73.328
11854.3 73.372
12070.04 73.301
12289.71 73.136
12513.38 72.905
12741.12 72.636
12973 72.363
13209.1 72.119
13449.5 71.942
13694.28 71.871
13943.51 71.942
14197.27 72.18
14455.66 72.598
14718.74 73.176
14986.62 73.859
15259.37 74.549
15537.08 75.117
15819.85 75.438
16107.76 75.432
16400.92 75.083
16699.41 74.438
17003.33 73.588
17312.78 72.627
17627.86 71.633
17948.68 70.652
18275.34 69.702
18607.94 68.782
18946.6 67.882
19291.42 66.996
19642.52 66.12
20000 65.249