20 83.042
20.36 83.106
20.73 83.17
21.11 83.234
21.5 83.296
21.89 83.357
22.29 83.416
22.69 83.474
23.1 83.529
23.52 83.582
23.95 83.633
24.39 83.68
24.83 83.725
25.28 83.767
25.74 83.804
26.21 83.838
26.69 83.868
27.18 83.893
27.67 83.914
28.17 83.93
28.69 83.94
29.21 83.945
29.74 83.945
30.28 83.939
30.83 83.926
31.39 83.907
31.97 83.881
32.55 83.849
33.14 83.81
33.74 83.764
34.36 83.711
34.98 83.654
35.62 83.591
36.27 83.523
36.93 83.452
37.6 83.377
38.28 83.298
38.98 83.217
39.69 83.135
40.41 83.05
41.15 82.964
41.9 82.877
42.66 82.79
43.44 82.704
44.23 82.619
45.03 82.535
45.85 82.452
46.68 82.372
47.53 82.293
48.4 82.215
49.28 82.14
50.18 82.065
51.09 81.99
52.02 81.917
52.97 81.843
53.93 81.77
54.91 81.696
55.91 81.623
56.93 81.548
57.97 81.473
59.02 81.397
60.09 81.32
61.19 81.241
62.3 81.161
63.44 81.078
64.59 80.993
65.77 80.905
66.96 80.815
68.18 80.722
69.42 80.624
70.69 80.524
71.97 80.419
73.28 80.311
74.62 80.199
75.97 80.085
77.36 79.97
78.76 79.855
80.2 79.741
81.66 79.629
83.14 79.52
84.66 79.414
86.2 79.313
87.77 79.215
89.36 79.119
90.99 79.023
92.65 78.927
94.33 78.828
96.05 78.725
97.8 78.617
99.58 78.503
101.39 78.385
103.23 78.263
105.11 78.141
107.03 78.018
108.97 77.898
110.96 77.781
112.98 77.669
115.03 77.562
117.13 77.458
119.26 77.359
121.43 77.262
123.64 77.168
125.89 77.075
128.18 76.984
130.51 76.893
132.89 76.804
135.31 76.715
137.77 76.625
140.28 76.536
142.83 76.446
145.43 76.355
148.07 76.263
150.77 76.17
153.51 76.076
156.31 75.981
159.15 75.885
162.05 75.787
165 75.688
168 75.589
171.06 75.486
174.17 75.38
177.34 75.27
180.57 75.157
183.86 75.042
187.2 74.927
190.61 74.813
194.08 74.703
197.61 74.597
201.21 74.497
204.87 74.402
208.6 74.314
212.39 74.234
216.26 74.159
220.19 74.091
224.2 74.025
228.28 73.96
232.44 73.894
236.67 73.827
240.97 73.759
245.36 73.692
249.82 73.627
254.37 73.567
259 73.516
263.71 73.47
268.51 73.432
273.4 73.397
278.38 73.366
283.44 73.337
288.6 73.31
293.85 73.284
299.2 73.258
304.65 73.231
310.19 73.202
315.84 73.171
321.59 73.138
327.44 73.105
333.4 73.072
339.47 73.04
345.64 73.013
351.93 72.992
358.34 72.977
364.86 72.968
371.5 72.962
378.26 72.959
385.15 72.957
392.16 72.958
399.29 72.963
406.56 72.971
413.96 72.981
421.49 72.99
429.16 72.997
436.97 73
444.93 72.999
453.02 72.998
461.27 72.997
469.66 72.997
478.21 72.999
486.91 73.005
495.78 73.016
504.8 73.033
513.99 73.056
523.34 73.083
532.87 73.112
542.56 73.14
552.44 73.165
562.49 73.185
572.73 73.199
583.15 73.21
593.77 73.218
604.57 73.227
615.57 73.238
626.78 73.251
638.18 73.269
649.8 73.294
661.63 73.323
673.67 73.355
685.93 73.388
698.41 73.423
711.12 73.461
724.06 73.502
737.24 73.547
750.66 73.598
764.32 73.651
778.23 73.707
792.39 73.766
806.82 73.827
821.5 73.891
836.45 73.957
851.67 74.026
867.17 74.1
882.96 74.181
899.02 74.27
915.39 74.367
932.05 74.476
949.01 74.596
966.28 74.727
983.87 74.868
1001.77 75.014
1020 75.162
1038.57 75.312
1057.47 75.459
1076.71 75.605
1096.31 75.754
1116.26 75.91
1136.58 76.077
1157.26 76.256
1178.32 76.441
1199.77 76.625
1221.6 76.804
1243.84 76.978
1266.47 77.146
1289.52 77.308
1312.99 77.46
1336.89 77.603
1361.22 77.736
1385.99 77.862
1411.22 77.98
1436.9 78.097
1463.05 78.216
1489.68 78.341
1516.79 78.472
1544.4 78.608
1572.5 78.747
1601.12 78.892
1630.26 79.042
1659.93 79.204
1690.14 79.376
1720.9 79.556
1752.22 79.744
1784.11 79.94
1816.58 80.143
1849.64 80.352
1883.3 80.565
1917.58 80.781
1952.48 81.001
1988.01 81.223
2024.19 81.446
2061.03 81.663
2098.54 81.874
2136.73 82.082
2175.62 82.29
2215.22 82.502
2255.53 82.718
2296.58 82.936
2338.38 83.15
2380.94 83.351
2424.27 83.53
2468.39 83.683
2513.31 83.802
2559.05 83.884
2605.63 83.926
2653.05 83.927
2701.33 83.89
2750.5 83.813
2800.55 83.699
2851.52 83.559
2903.42 83.4
2956.26 83.234
3010.06 83.066
3064.85 82.9
3120.62 82.737
3177.42 82.574
3235.25 82.407
3294.13 82.229
3354.08 82.041
3415.12 81.845
3477.27 81.651
3540.56 81.47
3605 81.314
3670.6 81.188
3737.41 81.093
3805.43 81.02
3874.68 80.957
3945.2 80.898
4017 80.84
4090.11 80.791
4164.55 80.764
4240.34 80.775
4317.51 80.837
4396.09 80.95
4476.1 81.111
4557.56 81.303
4640.5 81.509
4724.96 81.713
4810.95 81.899
4898.51 82.052
4987.66 82.161
5078.43 82.215
5170.86 82.205
5264.97 82.127
5360.79 81.981
5458.35 81.769
5557.69 81.502
5658.84 81.19
5761.82 80.847
5866.69 80.487
5973.46 80.127
6082.17 79.782
6192.87 79.469
6305.57 79.208
6420.33 79.016
6537.18 78.912
6656.15 78.909
6777.29 79.014
6900.63 79.219
7026.22 79.508
7154.1 79.851
7284.3 80.204
7416.87 80.51
7551.85 80.707
7689.29 80.742
7829.23 80.574
7971.72 80.189
8116.8 79.597
8264.53 78.838
8414.94 77.97
8568.09 77.062
8724.02 76.185
8882.79 75.4
9044.46 74.757
9209.06 74.298
9376.66 74.052
9547.31 74.035
9721.07 74.246
9897.99 74.65
10078.13 75.177
10261.55 75.716
10448.3 76.139
10638.45 76.312
10832.07 76.132
11029.21 75.549
11229.94 74.57
11434.32 73.249
11642.41 71.653
11854.3 69.866
12070.04 67.977
12289.71 66.088
12513.38 64.304
12741.12 62.715
12973 61.379
13209.1 60.32
13449.5 59.538
13694.28 59.012
13943.51 58.715
14197.27 58.626
14455.66 58.727
14718.74 58.989
14986.62 59.365
15259.37 59.774
15537.08 60.095
15819.85 60.185
16107.76 59.926
16400.92 59.275
16699.41 58.303
17003.33 57.173
17312.78 56.086
17627.86 55.234
17948.68 54.74
18275.34 54.604
18607.94 54.674
18946.6 54.739
19291.42 54.681
19642.52 54.515
20000 54.312