20 83.257
20.36 83.376
20.73 83.495
21.11 83.613
21.5 83.731
21.89 83.847
22.29 83.962
22.69 84.075
23.1 84.187
23.52 84.298
23.95 84.406
24.39 84.512
24.83 84.616
25.28 84.716
25.74 84.814
26.21 84.91
26.69 85.002
27.18 85.09
27.67 85.175
28.17 85.257
28.69 85.334
29.21 85.407
29.74 85.476
30.28 85.539
30.83 85.599
31.39 85.653
31.97 85.702
32.55 85.746
33.14 85.785
33.74 85.818
34.36 85.847
34.98 85.871
35.62 85.892
36.27 85.91
36.93 85.925
37.6 85.938
38.28 85.949
38.98 85.959
39.69 85.968
40.41 85.976
41.15 85.984
41.9 85.992
42.66 86.002
43.44 86.013
44.23 86.026
45.03 86.042
45.85 86.059
46.68 86.08
47.53 86.101
48.4 86.124
49.28 86.146
50.18 86.168
51.09 86.187
52.02 86.204
52.97 86.217
53.93 86.226
54.91 86.229
55.91 86.226
56.93 86.217
57.97 86.199
59.02 86.172
60.09 86.137
61.19 86.095
62.3 86.045
63.44 85.99
64.59 85.93
65.77 85.865
66.96 85.796
68.18 85.725
69.42 85.652
70.69 85.579
71.97 85.506
73.28 85.433
74.62 85.362
75.97 85.293
77.36 85.228
78.76 85.166
80.2 85.109
81.66 85.057
83.14 85.01
84.66 84.971
86.2 84.938
87.77 84.912
89.36 84.888
90.99 84.868
92.65 84.849
94.33 84.829
96.05 84.806
97.8 84.78
99.58 84.749
101.39 84.714
103.23 84.677
105.11 84.639
107.03 84.6
108.97 84.563
110.96 84.53
112.98 84.499
115.03 84.469
117.13 84.436
119.26 84.399
121.43 84.352
123.64 84.293
125.89 84.22
128.18 84.136
130.51 84.042
132.89 83.944
135.31 83.843
137.77 83.743
140.28 83.646
142.83 83.554
145.43 83.468
148.07 83.388
150.77 83.317
153.51 83.255
156.31 83.199
159.15 83.148
162.05 83.101
165 83.056
168 83.012
171.06 82.97
174.17 82.927
177.34 82.884
180.57 82.838
183.86 82.787
187.2 82.727
190.61 82.657
194.08 82.576
197.61 82.489
201.21 82.403
204.87 82.318
208.6 82.231
212.39 82.136
216.26 82.027
220.19 81.903
224.2 81.766
228.28 81.616
232.44 81.458
236.67 81.297
240.97 81.14
245.36 80.993
249.82 80.855
254.37 80.725
259 80.601
263.71 80.484
268.51 80.373
273.4 80.265
278.38 80.16
283.44 80.054
288.6 79.949
293.85 79.843
299.2 79.739
304.65 79.635
310.19 79.532
315.84 79.434
321.59 79.34
327.44 79.253
333.4 79.174
339.47 79.1
345.64 79.031
351.93 78.963
358.34 78.895
364.86 78.828
371.5 78.76
378.26 78.692
385.15 78.618
392.16 78.538
399.29 78.452
406.56 78.361
413.96 78.268
421.49 78.175
429.16 78.085
436.97 77.997
444.93 77.913
453.02 77.832
461.27 77.754
469.66 77.675
478.21 77.596
486.91 77.516
495.78 77.437
504.8 77.36
513.99 77.285
523.34 77.212
532.87 77.139
542.56 77.063
552.44 76.985
562.49 76.905
572.73 76.822
583.15 76.739
593.77 76.656
604.57 76.574
615.57 76.493
626.78 76.414
638.18 76.34
649.8 76.269
661.63 76.203
673.67 76.14
685.93 76.08
698.41 76.023
711.12 75.964
724.06 75.905
737.24 75.845
750.66 75.78
764.32 75.712
778.23 75.641
792.39 75.568
806.82 75.495
821.5 75.425
836.45 75.357
851.67 75.295
867.17 75.237
882.96 75.185
899.02 75.137
915.39 75.096
932.05 75.06
949.01 75.031
966.28 75.01
983.87 74.999
1001.77 75
1020 75.02
1038.57 75.061
1057.47 75.127
1076.71 75.224
1096.31 75.354
1116.26 75.52
1136.58 75.72
1157.26 75.95
1178.32 76.203
1199.77 76.469
1221.6 76.736
1243.84 76.996
1266.47 77.244
1289.52 77.476
1312.99 77.69
1336.89 77.89
1361.22 78.076
1385.99 78.253
1411.22 78.423
1436.9 78.588
1463.05 78.749
1489.68 78.908
1516.79 79.066
1544.4 79.226
1572.5 79.387
1601.12 79.551
1630.26 79.714
1659.93 79.88
1690.14 80.05
1720.9 80.228
1752.22 80.415
1784.11 80.615
1816.58 80.828
1849.64 81.053
1883.3 81.283
1917.58 81.518
1952.48 81.755
1988.01 81.996
2024.19 82.237
2061.03 82.474
2098.54 82.703
2136.73 82.918
2175.62 83.118
2215.22 83.299
2255.53 83.462
2296.58 83.603
2338.38 83.719
2380.94 83.811
2424.27 83.874
2468.39 83.909
2513.31 83.914
2559.05 83.89
2605.63 83.838
2653.05 83.758
2701.33 83.655
2750.5 83.53
2800.55 83.388
2851.52 83.232
2903.42 83.068
2956.26 82.903
3010.06 82.738
3064.85 82.58
3120.62 82.429
3177.42 82.291
3235.25 82.167
3294.13 82.058
3354.08 81.964
3415.12 81.89
3477.27 81.837
3540.56 81.812
3605 81.817
3670.6 81.856
3737.41 81.933
3805.43 82.048
3874.68 82.203
3945.2 82.397
4017 82.638
4090.11 82.929
4164.55 83.275
4240.34 83.675
4317.51 84.118
4396.09 84.579
4476.1 85.032
4557.56 85.441
4640.5 85.771
4724.96 85.983
4810.95 86.047
4898.51 85.942
4987.66 85.659
5078.43 85.207
5170.86 84.61
5264.97 83.901
5360.79 83.121
5458.35 82.305
5557.69 81.485
5658.84 80.683
5761.82 79.92
5866.69 79.208
5973.46 78.555
6082.17 77.964
6192.87 77.439
6305.57 76.98
6420.33 76.59
6537.18 76.274
6656.15 76.041
6777.29 75.899
6900.63 75.854
7026.22 75.909
7154.1 76.065
7284.3 76.321
7416.87 76.671
7551.85 77.106
7689.29 77.606
7829.23 78.14
7971.72 78.663
8116.8 79.12
8264.53 79.451
8414.94 79.597
8568.09 79.512
8724.02 79.173
8882.79 78.593
9044.46 77.816
9209.06 76.91
9376.66 75.954
9547.31 75.025
9721.07 74.191
9897.99 73.509
10078.13 73.026
10261.55 72.769
10448.3 72.743
10638.45 72.931
10832.07 73.301
11029.21 73.797
11229.94 74.336
11434.32 74.81
11642.41 75.093
11854.3 75.072
12070.04 74.679
12289.71 73.91
12513.38 72.827
12741.12 71.53
12973 70.136
13209.1 68.753
13449.5 67.463
13694.28 66.318
13943.51 65.347
14197.27 64.556
14455.66 63.945
14718.74 63.504
14986.62 63.208
15259.37 63.015
15537.08 62.866
15819.85 62.69
16107.76 62.426
16400.92 62.036
16699.41 61.515
17003.33 60.884
17312.78 60.192
17627.86 59.488
17948.68 58.815
18275.34 58.19
18607.94 57.606
18946.6 57.044
19291.42 56.49
19642.52 55.939
20000 55.39