20 86.529
20.36 86.6
20.73 86.672
21.11 86.743
21.5 86.813
21.89 86.882
22.29 86.95
22.69 87.017
23.1 87.083
23.52 87.148
23.95 87.211
24.39 87.272
24.83 87.331
25.28 87.388
25.74 87.443
26.21 87.495
26.69 87.545
27.18 87.592
27.67 87.637
28.17 87.678
28.69 87.716
29.21 87.751
29.74 87.783
30.28 87.81
30.83 87.834
31.39 87.854
31.97 87.87
32.55 87.881
33.14 87.889
33.74 87.892
34.36 87.892
34.98 87.89
35.62 87.885
36.27 87.879
36.93 87.872
37.6 87.864
38.28 87.856
38.98 87.849
39.69 87.843
40.41 87.839
41.15 87.837
41.9 87.838
42.66 87.843
43.44 87.851
44.23 87.864
45.03 87.882
45.85 87.905
46.68 87.934
47.53 87.966
48.4 88
49.28 88.036
50.18 88.071
51.09 88.104
52.02 88.134
52.97 88.16
53.93 88.18
54.91 88.193
55.91 88.197
56.93 88.191
57.97 88.174
59.02 88.145
60.09 88.103
61.19 88.051
62.3 87.991
63.44 87.923
64.59 87.85
65.77 87.773
66.96 87.695
68.18 87.616
69.42 87.539
70.69 87.464
71.97 87.395
73.28 87.332
74.62 87.275
75.97 87.223
77.36 87.177
78.76 87.136
80.2 87.101
81.66 87.069
83.14 87.042
84.66 87.019
86.2 86.999
87.77 86.983
89.36 86.968
90.99 86.955
92.65 86.943
94.33 86.931
96.05 86.919
97.8 86.906
99.58 86.89
101.39 86.872
103.23 86.85
105.11 86.823
107.03 86.791
108.97 86.752
110.96 86.705
112.98 86.65
115.03 86.587
117.13 86.516
119.26 86.437
121.43 86.351
123.64 86.259
125.89 86.161
128.18 86.06
130.51 85.96
132.89 85.864
135.31 85.775
137.77 85.697
140.28 85.63
142.83 85.571
145.43 85.517
148.07 85.466
150.77 85.414
153.51 85.359
156.31 85.3
159.15 85.236
162.05 85.163
165 85.082
168 84.993
171.06 84.897
174.17 84.795
177.34 84.687
180.57 84.576
183.86 84.461
187.2 84.344
190.61 84.226
194.08 84.107
197.61 83.989
201.21 83.872
204.87 83.759
208.6 83.648
212.39 83.541
216.26 83.438
220.19 83.337
224.2 83.238
228.28 83.138
232.44 83.036
236.67 82.93
240.97 82.818
245.36 82.701
249.82 82.58
254.37 82.458
259 82.338
263.71 82.222
268.51 82.112
273.4 82.005
278.38 81.901
283.44 81.798
288.6 81.695
293.85 81.59
299.2 81.481
304.65 81.368
310.19 81.251
315.84 81.132
321.59 81.012
327.44 80.892
333.4 80.772
339.47 80.653
345.64 80.536
351.93 80.423
358.34 80.313
364.86 80.203
371.5 80.092
378.26 79.979
385.15 79.864
392.16 79.748
399.29 79.635
406.56 79.526
413.96 79.418
421.49 79.307
429.16 79.194
436.97 79.08
444.93 78.963
453.02 78.845
461.27 78.729
469.66 78.616
478.21 78.508
486.91 78.405
495.78 78.308
504.8 78.214
513.99 78.122
523.34 78.03
532.87 77.936
542.56 77.84
552.44 77.739
562.49 77.633
572.73 77.518
583.15 77.396
593.77 77.271
604.57 77.144
615.57 77.019
626.78 76.895
638.18 76.774
649.8 76.656
661.63 76.542
673.67 76.434
685.93 76.331
698.41 76.231
711.12 76.131
724.06 76.028
737.24 75.922
750.66 75.815
764.32 75.709
778.23 75.604
792.39 75.501
806.82 75.398
821.5 75.294
836.45 75.193
851.67 75.1
867.17 75.018
882.96 74.952
899.02 74.902
915.39 74.868
932.05 74.852
949.01 74.857
966.28 74.885
983.87 74.936
1001.77 75.007
1020 75.091
1038.57 75.182
1057.47 75.277
1076.71 75.372
1096.31 75.463
1116.26 75.547
1136.58 75.629
1157.26 75.718
1178.32 75.822
1199.77 75.941
1221.6 76.067
1243.84 76.189
1266.47 76.297
1289.52 76.382
1312.99 76.445
1336.89 76.5
1361.22 76.564
1385.99 76.66
1411.22 76.814
1436.9 77.047
1463.05 77.375
1489.68 77.795
1516.79 78.286
1544.4 78.812
1572.5 79.331
1601.12 79.803
1630.26 80.203
1659.93 80.527
1690.14 80.784
1720.9 80.989
1752.22 81.159
1784.11 81.315
1816.58 81.469
1849.64 81.629
1883.3 81.799
1917.58 81.982
1952.48 82.18
1988.01 82.389
2024.19 82.607
2061.03 82.831
2098.54 83.059
2136.73 83.284
2175.62 83.501
2215.22 83.706
2255.53 83.897
2296.58 84.075
2338.38 84.236
2380.94 84.379
2424.27 84.498
2468.39 84.596
2513.31 84.669
2559.05 84.716
2605.63 84.73
2653.05 84.708
2701.33 84.65
2750.5 84.559
2800.55 84.442
2851.52 84.307
2903.42 84.157
2956.26 83.996
3010.06 83.825
3064.85 83.649
3120.62 83.471
3177.42 83.293
3235.25 83.119
3294.13 82.951
3354.08 82.794
3415.12 82.647
3477.27 82.512
3540.56 82.391
3605 82.286
3670.6 82.201
3737.41 82.142
3805.43 82.112
3874.68 82.115
3945.2 82.156
4017 82.242
4090.11 82.378
4164.55 82.572
4240.34 82.83
4317.51 83.154
4396.09 83.542
4476.1 83.987
4557.56 84.47
4640.5 84.968
4724.96 85.445
4810.95 85.858
4898.51 86.156
4987.66 86.286
5078.43 86.206
5170.86 85.889
5264.97 85.335
5360.79 84.568
5458.35 83.631
5557.69 82.579
5658.84 81.465
5761.82 80.336
5866.69 79.229
5973.46 78.169
6082.17 77.167
6192.87 76.228
6305.57 75.351
6420.33 74.536
6537.18 73.782
6656.15 73.098
6777.29 72.488
6900.63 71.955
7026.22 71.499
7154.1 71.117
7284.3 70.805
7416.87 70.558
7551.85 70.372
7689.29 70.247
7829.23 70.182
7971.72 70.185
8116.8 70.267
8264.53 70.445
8414.94 70.738
8568.09 71.164
8724.02 71.731
8882.79 72.436
9044.46 73.259
9209.06 74.155
9376.66 75.044
9547.31 75.819
9721.07 76.354
9897.99 76.536
10078.13 76.302
10261.55 75.658
10448.3 74.677
10638.45 73.464
10832.07 72.14
11029.21 70.813
11229.94 69.562
11434.32 68.439
11642.41 67.473
11854.3 66.673
12070.04 66.042
12289.71 65.579
12513.38 65.283
12741.12 65.16
12973 65.217
13209.1 65.47
13449.5 65.939
13694.28 66.639
13943.51 67.57
14197.27 68.706
14455.66 69.979
14718.74 71.261
14986.62 72.37
15259.37 73.107
15537.08 73.321
15819.85 72.984
16107.76 72.206
16400.92 71.18
16699.41 70.124
17003.33 69.224
17312.78 68.609
17627.86 68.339
17948.68 68.407
18275.34 68.741
18607.94 69.228
18946.6 69.747
19291.42 70.216
19642.52 70.622
20000 71.001