20 92.22
20.36 92.241
20.73 92.262
21.11 92.282
21.5 92.302
21.89 92.321
22.29 92.34
22.69 92.357
23.1 92.374
23.52 92.39
23.95 92.405
24.39 92.418
24.83 92.431
25.28 92.442
25.74 92.451
26.21 92.458
26.69 92.465
27.18 92.469
27.67 92.47
28.17 92.47
28.69 92.469
29.21 92.464
29.74 92.458
30.28 92.448
30.83 92.436
31.39 92.422
31.97 92.404
32.55 92.384
33.14 92.361
33.74 92.334
34.36 92.306
34.98 92.274
35.62 92.241
36.27 92.204
36.93 92.167
37.6 92.126
38.28 92.085
38.98 92.042
39.69 91.997
40.41 91.952
41.15 91.905
41.9 91.857
42.66 91.81
43.44 91.76
44.23 91.711
45.03 91.662
45.85 91.612
46.68 91.563
47.53 91.514
48.4 91.465
49.28 91.416
50.18 91.368
51.09 91.32
52.02 91.274
52.97 91.228
53.93 91.182
54.91 91.138
55.91 91.096
56.93 91.054
57.97 91.014
59.02 90.975
60.09 90.936
61.19 90.897
62.3 90.855
63.44 90.81
64.59 90.758
65.77 90.7
66.96 90.633
68.18 90.557
69.42 90.469
70.69 90.367
71.97 90.251
73.28 90.12
74.62 89.976
75.97 89.824
77.36 89.666
78.76 89.506
80.2 89.347
81.66 89.194
83.14 89.048
84.66 88.914
86.2 88.794
87.77 88.686
89.36 88.585
90.99 88.491
92.65 88.399
94.33 88.308
96.05 88.212
97.8 88.111
99.58 88.001
101.39 87.884
103.23 87.763
105.11 87.64
107.03 87.516
108.97 87.395
110.96 87.279
112.98 87.168
115.03 87.061
117.13 86.956
119.26 86.849
121.43 86.739
123.64 86.623
125.89 86.498
128.18 86.366
130.51 86.227
132.89 86.082
135.31 85.931
137.77 85.776
140.28 85.617
142.83 85.458
145.43 85.301
148.07 85.15
150.77 85.006
153.51 84.871
156.31 84.741
159.15 84.616
162.05 84.492
165 84.369
168 84.248
171.06 84.131
174.17 84.019
177.34 83.913
180.57 83.814
183.86 83.717
187.2 83.62
190.61 83.517
194.08 83.408
197.61 83.292
201.21 83.17
204.87 83.042
208.6 82.91
212.39 82.774
216.26 82.636
220.19 82.498
224.2 82.364
228.28 82.234
232.44 82.113
236.67 81.996
240.97 81.882
245.36 81.769
249.82 81.655
254.37 81.539
259 81.42
263.71 81.3
268.51 81.179
273.4 81.056
278.38 80.931
283.44 80.8
288.6 80.665
293.85 80.526
299.2 80.386
304.65 80.249
310.19 80.119
315.84 79.994
321.59 79.874
327.44 79.754
333.4 79.632
339.47 79.508
345.64 79.386
351.93 79.266
358.34 79.15
364.86 79.033
371.5 78.918
378.26 78.8
385.15 78.683
392.16 78.568
399.29 78.457
406.56 78.351
413.96 78.248
421.49 78.146
429.16 78.045
436.97 77.944
444.93 77.842
453.02 77.739
461.27 77.635
469.66 77.531
478.21 77.427
486.91 77.326
495.78 77.229
504.8 77.138
513.99 77.052
523.34 76.968
532.87 76.885
542.56 76.803
552.44 76.722
562.49 76.639
572.73 76.553
583.15 76.462
593.77 76.367
604.57 76.266
615.57 76.162
626.78 76.058
638.18 75.955
649.8 75.856
661.63 75.763
673.67 75.675
685.93 75.593
698.41 75.517
711.12 75.443
724.06 75.367
737.24 75.287
750.66 75.208
764.32 75.132
778.23 75.065
792.39 75.009
806.82 74.963
821.5 74.927
836.45 74.898
851.67 74.877
867.17 74.861
882.96 74.85
899.02 74.845
915.39 74.847
932.05 74.856
949.01 74.875
966.28 74.904
983.87 74.946
1001.77 75.006
1020 75.088
1038.57 75.198
1057.47 75.337
1076.71 75.502
1096.31 75.688
1116.26 75.886
1136.58 76.09
1157.26 76.297
1178.32 76.503
1199.77 76.705
1221.6 76.899
1243.84 77.081
1266.47 77.253
1289.52 77.415
1312.99 77.572
1336.89 77.734
1361.22 77.911
1385.99 78.113
1411.22 78.351
1436.9 78.631
1463.05 78.947
1489.68 79.286
1516.79 79.632
1544.4 79.968
1572.5 80.276
1601.12 80.547
1630.26 80.775
1659.93 80.97
1690.14 81.141
1720.9 81.304
1752.22 81.468
1784.11 81.643
1816.58 81.834
1849.64 82.042
1883.3 82.267
1917.58 82.505
1952.48 82.755
1988.01 83.018
2024.19 83.293
2061.03 83.583
2098.54 83.89
2136.73 84.214
2175.62 84.554
2215.22 84.908
2255.53 85.276
2296.58 85.655
2338.38 86.045
2380.94 86.444
2424.27 86.85
2468.39 87.257
2513.31 87.654
2559.05 88.03
2605.63 88.372
2653.05 88.667
2701.33 88.908
2750.5 89.087
2800.55 89.201
2851.52 89.247
2903.42 89.226
2956.26 89.142
3010.06 89
3064.85 88.806
3120.62 88.567
3177.42 88.293
3235.25 87.995
3294.13 87.682
3354.08 87.362
3415.12 87.046
3477.27 86.74
3540.56 86.45
3605 86.178
3670.6 85.924
3737.41 85.691
3805.43 85.482
3874.68 85.3
3945.2 85.148
4017 85.03
4090.11 84.952
4164.55 84.916
4240.34 84.925
4317.51 84.981
4396.09 85.087
4476.1 85.249
4557.56 85.475
4640.5 85.777
4724.96 86.17
4810.95 86.673
4898.51 87.299
4987.66 88.049
5078.43 88.906
5170.86 89.826
5264.97 90.735
5360.79 91.528
5458.35 92.082
5557.69 92.283
5658.84 92.059
5761.82 91.405
5866.69 90.375
5973.46 89.069
6082.17 87.597
6192.87 86.06
6305.57 84.535
6420.33 83.078
6537.18 81.728
6656.15 80.516
6777.29 79.452
6900.63 78.533
7026.22 77.743
7154.1 77.065
7284.3 76.481
7416.87 75.978
7551.85 75.544
7689.29 75.17
7829.23 74.856
7971.72 74.602
8116.8 74.415
8264.53 74.303
8414.94 74.28
8568.09 74.364
8724.02 74.575
8882.79 74.93
9044.46 75.445
9209.06 76.124
9376.66 76.95
9547.31 77.876
9721.07 78.817
9897.99 79.641
10078.13 80.186
10261.55 80.306
10448.3 79.927
10638.45 79.064
10832.07 77.812
11029.21 76.307
11229.94 74.687
11434.32 73.068
11642.41 71.536
11854.3 70.139
12070.04 68.904
12289.71 67.833
12513.38 66.921
12741.12 66.153
12973 65.515
13209.1 64.993
13449.5 64.585
13694.28 64.292
13943.51 64.121
14197.27 64.089
14455.66 64.226
14718.74 64.567
14986.62 65.144
15259.37 65.975
15537.08 67.048
15819.85 68.305
16107.76 69.636
16400.92 70.879
16699.41 71.833
17003.33 72.308
17312.78 72.201
17627.86 71.531
17948.68 70.418
18275.34 69.031
18607.94 67.521
18946.6 65.994
19291.42 64.504
19642.52 63.059
20000 61.636