20 79.852
20.36 79.915
20.73 79.979
21.11 80.043
21.5 80.107
21.89 80.17
22.29 80.232
22.69 80.294
23.1 80.356
23.52 80.416
23.95 80.477
24.39 80.536
24.83 80.595
25.28 80.652
25.74 80.708
26.21 80.764
26.69 80.818
27.18 80.872
27.67 80.924
28.17 80.974
28.69 81.024
29.21 81.071
29.74 81.117
30.28 81.162
30.83 81.204
31.39 81.245
31.97 81.284
32.55 81.321
33.14 81.356
33.74 81.39
34.36 81.421
34.98 81.451
35.62 81.478
36.27 81.504
36.93 81.528
37.6 81.55
38.28 81.57
38.98 81.588
39.69 81.605
40.41 81.62
41.15 81.633
41.9 81.645
42.66 81.655
43.44 81.663
44.23 81.67
45.03 81.675
45.85 81.679
46.68 81.681
47.53 81.682
48.4 81.68
49.28 81.677
50.18 81.672
51.09 81.666
52.02 81.658
52.97 81.648
53.93 81.637
54.91 81.623
55.91 81.608
56.93 81.591
57.97 81.571
59.02 81.55
60.09 81.527
61.19 81.503
62.3 81.478
63.44 81.452
64.59 81.428
65.77 81.403
66.96 81.38
68.18 81.359
69.42 81.339
70.69 81.322
71.97 81.309
73.28 81.298
74.62 81.292
75.97 81.287
77.36 81.285
78.76 81.286
80.2 81.288
81.66 81.292
83.14 81.296
84.66 81.302
86.2 81.308
87.77 81.314
89.36 81.322
90.99 81.33
92.65 81.338
94.33 81.347
96.05 81.356
97.8 81.367
99.58 81.377
101.39 81.386
103.23 81.392
105.11 81.392
107.03 81.386
108.97 81.371
110.96 81.345
112.98 81.308
115.03 81.262
117.13 81.21
119.26 81.156
121.43 81.101
123.64 81.051
125.89 81.007
128.18 80.969
130.51 80.939
132.89 80.916
135.31 80.9
137.77 80.891
140.28 80.888
142.83 80.886
145.43 80.883
148.07 80.872
150.77 80.853
153.51 80.823
156.31 80.787
159.15 80.746
162.05 80.706
165 80.666
168 80.627
171.06 80.585
174.17 80.541
177.34 80.49
180.57 80.434
183.86 80.375
187.2 80.317
190.61 80.262
194.08 80.212
197.61 80.168
201.21 80.132
204.87 80.104
208.6 80.081
212.39 80.057
216.26 80.029
220.19 79.994
224.2 79.952
228.28 79.902
232.44 79.844
236.67 79.781
240.97 79.712
245.36 79.64
249.82 79.568
254.37 79.497
259 79.429
263.71 79.364
268.51 79.301
273.4 79.24
278.38 79.181
283.44 79.124
288.6 79.07
293.85 79.019
299.2 78.97
304.65 78.92
310.19 78.869
315.84 78.813
321.59 78.749
327.44 78.678
333.4 78.598
339.47 78.513
345.64 78.424
351.93 78.337
358.34 78.255
364.86 78.184
371.5 78.123
378.26 78.069
385.15 78.018
392.16 77.967
399.29 77.919
406.56 77.871
413.96 77.822
421.49 77.77
429.16 77.712
436.97 77.648
444.93 77.576
453.02 77.493
461.27 77.402
469.66 77.304
478.21 77.203
486.91 77.103
495.78 77.009
504.8 76.925
513.99 76.849
523.34 76.781
532.87 76.719
542.56 76.658
552.44 76.597
562.49 76.531
572.73 76.46
583.15 76.386
593.77 76.311
604.57 76.239
615.57 76.168
626.78 76.097
638.18 76.023
649.8 75.945
661.63 75.867
673.67 75.791
685.93 75.715
698.41 75.638
711.12 75.559
724.06 75.478
737.24 75.396
750.66 75.318
764.32 75.246
778.23 75.179
792.39 75.116
806.82 75.057
821.5 75.002
836.45 74.952
851.67 74.911
867.17 74.878
882.96 74.855
899.02 74.84
915.39 74.834
932.05 74.84
949.01 74.857
966.28 74.889
983.87 74.938
1001.77 75.007
1020 75.097
1038.57 75.21
1057.47 75.345
1076.71 75.502
1096.31 75.686
1116.26 75.9
1136.58 76.148
1157.26 76.429
1178.32 76.729
1199.77 77.033
1221.6 77.33
1243.84 77.617
1266.47 77.897
1289.52 78.172
1312.99 78.442
1336.89 78.711
1361.22 78.976
1385.99 79.235
1411.22 79.482
1436.9 79.718
1463.05 79.95
1489.68 80.188
1516.79 80.439
1544.4 80.704
1572.5 80.983
1601.12 81.274
1630.26 81.578
1659.93 81.903
1690.14 82.255
1720.9 82.646
1752.22 83.079
1784.11 83.563
1816.58 84.095
1849.64 84.666
1883.3 85.262
1917.58 85.867
1952.48 86.46
1988.01 87.021
2024.19 87.525
2061.03 87.942
2098.54 88.247
2136.73 88.422
2175.62 88.459
2215.22 88.362
2255.53 88.143
2296.58 87.822
2338.38 87.418
2380.94 86.959
2424.27 86.472
2468.39 85.982
2513.31 85.513
2559.05 85.078
2605.63 84.687
2653.05 84.35
2701.33 84.07
2750.5 83.849
2800.55 83.691
2851.52 83.594
2903.42 83.557
2956.26 83.575
3010.06 83.647
3064.85 83.776
3120.62 83.969
3177.42 84.235
3235.25 84.584
3294.13 85.024
3354.08 85.555
3415.12 86.17
3477.27 86.854
3540.56 87.584
3605 88.323
3670.6 89.022
3737.41 89.609
3805.43 90.005
3874.68 90.14
3945.2 89.966
4017 89.476
4090.11 88.702
4164.55 87.711
4240.34 86.598
4317.51 85.474
4396.09 84.442
4476.1 83.569
4557.56 82.884
4640.5 82.383
4724.96 82.038
4810.95 81.812
4898.51 81.669
4987.66 81.581
5078.43 81.534
5170.86 81.523
5264.97 81.553
5360.79 81.632
5458.35 81.772
5557.69 81.985
5658.84 82.291
5761.82 82.712
5866.69 83.264
5973.46 83.958
6082.17 84.789
6192.87 85.73
6305.57 86.724
6420.33 87.68
6537.18 88.478
6656.15 88.993
6777.29 89.137
6900.63 88.889
7026.22 88.295
7154.1 87.442
7284.3 86.441
7416.87 85.399
7551.85 84.4
7689.29 83.512
7829.23 82.772
7971.72 82.205
8116.8 81.821
8264.53 81.623
8414.94 81.617
8568.09 81.808
8724.02 82.202
8882.79 82.8
9044.46 83.585
9209.06 84.524
9376.66 85.555
9547.31 86.592
9721.07 87.525
9897.99 88.242
10078.13 88.659
10261.55 88.74
10448.3 88.492
10638.45 87.942
10832.07 87.107
11029.21 85.986
11229.94 84.573
11434.32 82.876
11642.41 80.933
11854.3 78.816
12070.04 76.613
12289.71 74.416
12513.38 72.3
12741.12 70.326
12973 68.529
13209.1 66.93
13449.5 65.534
13694.28 64.341
13943.51 63.344
14197.27 62.54
14455.66 61.937
14718.74 61.552
14986.62 61.419
15259.37 61.575
15537.08 62.048
15819.85 62.855
16107.76 63.98
16400.92 65.364
16699.41 66.892
17003.33 68.399
17312.78 69.693
17627.86 70.617
17948.68 71.118
18275.34 71.277
18607.94 71.263
18946.6 71.244
19291.42 71.287
19642.52 71.373
20000 71.469