20 79.348
20.36 79.382
20.73 79.415
21.11 79.448
21.5 79.48
21.89 79.512
22.29 79.544
22.69 79.576
23.1 79.607
23.52 79.637
23.95 79.666
24.39 79.695
24.83 79.723
25.28 79.75
25.74 79.777
26.21 79.802
26.69 79.826
27.18 79.849
27.67 79.871
28.17 79.892
28.69 79.911
29.21 79.928
29.74 79.945
30.28 79.96
30.83 79.973
31.39 79.984
31.97 79.994
32.55 80.003
33.14 80.009
33.74 80.013
34.36 80.016
34.98 80.018
35.62 80.019
36.27 80.019
36.93 80.018
37.6 80.017
38.28 80.016
38.98 80.014
39.69 80.013
40.41 80.011
41.15 80.011
41.9 80.011
42.66 80.011
43.44 80.013
44.23 80.017
45.03 80.021
45.85 80.027
46.68 80.035
47.53 80.044
48.4 80.053
49.28 80.063
50.18 80.072
51.09 80.081
52.02 80.089
52.97 80.096
53.93 80.1
54.91 80.103
55.91 80.103
56.93 80.1
57.97 80.094
59.02 80.084
60.09 80.071
61.19 80.053
62.3 80.033
63.44 80.01
64.59 79.984
65.77 79.955
66.96 79.925
68.18 79.893
69.42 79.859
70.69 79.824
71.97 79.788
73.28 79.752
74.62 79.715
75.97 79.679
77.36 79.645
78.76 79.613
80.2 79.584
81.66 79.558
83.14 79.536
84.66 79.519
86.2 79.508
87.77 79.501
89.36 79.497
90.99 79.495
92.65 79.494
94.33 79.493
96.05 79.491
97.8 79.485
99.58 79.477
101.39 79.465
103.23 79.448
105.11 79.427
107.03 79.401
108.97 79.37
110.96 79.334
112.98 79.293
115.03 79.248
117.13 79.2
119.26 79.15
121.43 79.101
123.64 79.052
125.89 79.006
128.18 78.962
130.51 78.921
132.89 78.884
135.31 78.849
137.77 78.818
140.28 78.791
142.83 78.765
145.43 78.742
148.07 78.719
150.77 78.696
153.51 78.672
156.31 78.647
159.15 78.619
162.05 78.588
165 78.553
168 78.514
171.06 78.471
174.17 78.424
177.34 78.372
180.57 78.316
183.86 78.256
187.2 78.193
190.61 78.126
194.08 78.056
197.61 77.985
201.21 77.913
204.87 77.842
208.6 77.773
212.39 77.707
216.26 77.644
220.19 77.584
224.2 77.525
228.28 77.466
232.44 77.405
236.67 77.341
240.97 77.276
245.36 77.208
249.82 77.139
254.37 77.071
259 77.003
263.71 76.935
268.51 76.869
273.4 76.803
278.38 76.737
283.44 76.669
288.6 76.6
293.85 76.529
299.2 76.455
304.65 76.378
310.19 76.298
315.84 76.216
321.59 76.133
327.44 76.05
333.4 75.97
339.47 75.895
345.64 75.825
351.93 75.761
358.34 75.704
364.86 75.653
371.5 75.606
378.26 75.563
385.15 75.52
392.16 75.478
399.29 75.434
406.56 75.39
413.96 75.342
421.49 75.29
429.16 75.234
436.97 75.175
444.93 75.111
453.02 75.045
461.27 74.978
469.66 74.912
478.21 74.848
486.91 74.787
495.78 74.733
504.8 74.684
513.99 74.641
523.34 74.601
532.87 74.564
542.56 74.532
552.44 74.502
562.49 74.475
572.73 74.449
583.15 74.424
593.77 74.4
604.57 74.374
615.57 74.347
626.78 74.319
638.18 74.291
649.8 74.263
661.63 74.237
673.67 74.214
685.93 74.194
698.41 74.175
711.12 74.159
724.06 74.144
737.24 74.135
750.66 74.131
764.32 74.135
778.23 74.144
792.39 74.157
806.82 74.173
821.5 74.192
836.45 74.215
851.67 74.245
867.17 74.285
882.96 74.334
899.02 74.393
915.39 74.463
932.05 74.545
949.01 74.639
966.28 74.747
983.87 74.871
1001.77 75.014
1020 75.176
1038.57 75.358
1057.47 75.557
1076.71 75.774
1096.31 76.009
1116.26 76.262
1136.58 76.532
1157.26 76.812
1178.32 77.096
1199.77 77.376
1221.6 77.643
1243.84 77.893
1266.47 78.127
1289.52 78.343
1312.99 78.54
1336.89 78.721
1361.22 78.886
1385.99 79.035
1411.22 79.169
1436.9 79.291
1463.05 79.4
1489.68 79.498
1516.79 79.585
1544.4 79.663
1572.5 79.73
1601.12 79.788
1630.26 79.833
1659.93 79.87
1690.14 79.897
1720.9 79.913
1752.22 79.921
1784.11 79.92
1816.58 79.911
1849.64 79.892
1883.3 79.862
1917.58 79.82
1952.48 79.767
1988.01 79.702
2024.19 79.624
2061.03 79.536
2098.54 79.439
2136.73 79.337
2175.62 79.228
2215.22 79.113
2255.53 78.99
2296.58 78.862
2338.38 78.73
2380.94 78.599
2424.27 78.475
2468.39 78.365
2513.31 78.279
2559.05 78.226
2605.63 78.213
2653.05 78.242
2701.33 78.305
2750.5 78.388
2800.55 78.473
2851.52 78.541
2903.42 78.578
2956.26 78.574
3010.06 78.526
3064.85 78.437
3120.62 78.313
3177.42 78.164
3235.25 78.003
3294.13 77.845
3354.08 77.703
3415.12 77.59
3477.27 77.514
3540.56 77.48
3605 77.491
3670.6 77.543
3737.41 77.627
3805.43 77.729
3874.68 77.834
3945.2 77.927
4017 77.994
4090.11 78.028
4164.55 78.021
4240.34 77.974
4317.51 77.893
4396.09 77.79
4476.1 77.678
4557.56 77.568
4640.5 77.472
4724.96 77.399
4810.95 77.351
4898.51 77.326
4987.66 77.317
5078.43 77.317
5170.86 77.315
5264.97 77.303
5360.79 77.27
5458.35 77.201
5557.69 77.076
5658.84 76.877
5761.82 76.592
5866.69 76.216
5973.46 75.751
6082.17 75.211
6192.87 74.62
6305.57 74.008
6420.33 73.411
6537.18 72.867
6656.15 72.411
6777.29 72.072
6900.63 71.869
7026.22 71.815
7154.1 71.913
7284.3 72.158
7416.87 72.537
7551.85 73.028
7689.29 73.599
7829.23 74.208
7971.72 74.807
8116.8 75.341
8264.53 75.761
8414.94 76.024
8568.09 76.109
8724.02 76.018
8882.79 75.78
9044.46 75.442
9209.06 75.062
9376.66 74.7
9547.31 74.406
9721.07 74.212
9897.99 74.132
10078.13 74.152
10261.55 74.235
10448.3 74.33
10638.45 74.381
10832.07 74.344
11029.21 74.193
11229.94 73.926
11434.32 73.556
11642.41 73.106
11854.3 72.605
12070.04 72.077
12289.71 71.544
12513.38 71.022
12741.12 70.527
12973 70.078
13209.1 69.702
13449.5 69.43
13694.28 69.288
13943.51 69.286
14197.27 69.418
14455.66 69.659
14718.74 69.965
14986.62 70.281
15259.37 70.549
15537.08 70.713
15819.85 70.732
16107.76 70.594
16400.92 70.324
16699.41 69.968
17003.33 69.572
17312.78 69.155
17627.86 68.721
17948.68 68.261
18275.34 67.766
18607.94 67.223
18946.6 66.633
19291.42 66.013
19642.52 65.385
20000 64.757