20 81.161
20.36 81.204
20.73 81.246
21.11 81.288
21.5 81.33
21.89 81.372
22.29 81.413
22.69 81.453
23.1 81.492
23.52 81.531
23.95 81.569
24.39 81.607
24.83 81.643
25.28 81.677
25.74 81.712
26.21 81.744
26.69 81.776
27.18 81.805
27.67 81.834
28.17 81.861
28.69 81.886
29.21 81.909
29.74 81.931
30.28 81.951
30.83 81.969
31.39 81.984
31.97 81.998
32.55 82.009
33.14 82.018
33.74 82.025
34.36 82.029
34.98 82.031
35.62 82.031
36.27 82.028
36.93 82.023
37.6 82.016
38.28 82.007
38.98 81.995
39.69 81.981
40.41 81.964
41.15 81.946
41.9 81.924
42.66 81.901
43.44 81.875
44.23 81.847
45.03 81.817
45.85 81.785
46.68 81.75
47.53 81.713
48.4 81.675
49.28 81.634
50.18 81.593
51.09 81.55
52.02 81.506
52.97 81.462
53.93 81.416
54.91 81.371
55.91 81.325
56.93 81.279
57.97 81.233
59.02 81.187
60.09 81.141
61.19 81.095
62.3 81.047
63.44 80.997
64.59 80.944
65.77 80.888
66.96 80.828
68.18 80.762
69.42 80.691
70.69 80.614
71.97 80.529
73.28 80.438
74.62 80.341
75.97 80.241
77.36 80.14
78.76 80.04
80.2 79.944
81.66 79.852
83.14 79.769
84.66 79.695
86.2 79.633
87.77 79.579
89.36 79.531
90.99 79.488
92.65 79.445
94.33 79.399
96.05 79.349
97.8 79.292
99.58 79.225
101.39 79.151
103.23 79.069
105.11 78.983
107.03 78.895
108.97 78.805
110.96 78.716
112.98 78.628
115.03 78.542
117.13 78.456
119.26 78.368
121.43 78.278
123.64 78.185
125.89 78.088
128.18 77.988
130.51 77.885
132.89 77.781
135.31 77.678
137.77 77.575
140.28 77.474
142.83 77.377
145.43 77.283
148.07 77.195
150.77 77.112
153.51 77.036
156.31 76.965
159.15 76.898
162.05 76.835
165 76.773
168 76.714
171.06 76.655
174.17 76.593
177.34 76.528
180.57 76.46
183.86 76.389
187.2 76.314
190.61 76.237
194.08 76.158
197.61 76.078
201.21 75.997
204.87 75.916
208.6 75.837
212.39 75.761
216.26 75.69
220.19 75.623
224.2 75.562
228.28 75.506
232.44 75.454
236.67 75.402
240.97 75.348
245.36 75.288
249.82 75.223
254.37 75.156
259 75.09
263.71 75.026
268.51 74.965
273.4 74.908
278.38 74.854
283.44 74.8
288.6 74.746
293.85 74.693
299.2 74.638
304.65 74.584
310.19 74.53
315.84 74.475
321.59 74.419
327.44 74.36
333.4 74.301
339.47 74.243
345.64 74.189
351.93 74.141
358.34 74.1
364.86 74.066
371.5 74.036
378.26 74.008
385.15 73.984
392.16 73.964
399.29 73.949
406.56 73.94
413.96 73.933
421.49 73.925
429.16 73.912
436.97 73.893
444.93 73.869
453.02 73.843
461.27 73.816
469.66 73.789
478.21 73.763
486.91 73.74
495.78 73.722
504.8 73.71
513.99 73.703
523.34 73.698
532.87 73.693
542.56 73.687
552.44 73.679
562.49 73.669
572.73 73.658
583.15 73.645
593.77 73.631
604.57 73.617
615.57 73.604
626.78 73.595
638.18 73.591
649.8 73.593
661.63 73.6
673.67 73.612
685.93 73.631
698.41 73.654
711.12 73.68
724.06 73.705
737.24 73.731
750.66 73.756
764.32 73.783
778.23 73.817
792.39 73.86
806.82 73.91
821.5 73.969
836.45 74.036
851.67 74.11
867.17 74.189
882.96 74.273
899.02 74.359
915.39 74.451
932.05 74.549
949.01 74.655
966.28 74.768
983.87 74.888
1001.77 75.012
1020 75.143
1038.57 75.28
1057.47 75.423
1076.71 75.569
1096.31 75.717
1116.26 75.867
1136.58 76.02
1157.26 76.177
1178.32 76.339
1199.77 76.501
1221.6 76.663
1243.84 76.821
1266.47 76.974
1289.52 77.121
1312.99 77.26
1336.89 77.393
1361.22 77.523
1385.99 77.651
1411.22 77.776
1436.9 77.895
1463.05 78.005
1489.68 78.103
1516.79 78.191
1544.4 78.276
1572.5 78.362
1601.12 78.457
1630.26 78.565
1659.93 78.691
1690.14 78.833
1720.9 78.991
1752.22 79.16
1784.11 79.337
1816.58 79.517
1849.64 79.695
1883.3 79.868
1917.58 80.037
1952.48 80.204
1988.01 80.366
2024.19 80.523
2061.03 80.673
2098.54 80.819
2136.73 80.965
2175.62 81.113
2215.22 81.266
2255.53 81.422
2296.58 81.578
2338.38 81.73
2380.94 81.876
2424.27 82.015
2468.39 82.148
2513.31 82.275
2559.05 82.397
2605.63 82.516
2653.05 82.629
2701.33 82.736
2750.5 82.839
2800.55 82.936
2851.52 83.029
2903.42 83.118
2956.26 83.203
3010.06 83.284
3064.85 83.364
3120.62 83.44
3177.42 83.516
3235.25 83.589
3294.13 83.662
3354.08 83.736
3415.12 83.811
3477.27 83.886
3540.56 83.957
3605 84.023
3670.6 84.079
3737.41 84.122
3805.43 84.149
3874.68 84.152
3945.2 84.126
4017 84.067
4090.11 83.968
4164.55 83.824
4240.34 83.631
4317.51 83.39
4396.09 83.102
4476.1 82.772
4557.56 82.407
4640.5 82.012
4724.96 81.595
4810.95 81.159
4898.51 80.708
4987.66 80.247
5078.43 79.774
5170.86 79.295
5264.97 78.813
5360.79 78.335
5458.35 77.864
5557.69 77.407
5658.84 76.969
5761.82 76.556
5866.69 76.177
5973.46 75.838
6082.17 75.547
6192.87 75.311
6305.57 75.14
6420.33 75.045
6537.18 75.037
6656.15 75.124
6777.29 75.314
6900.63 75.605
7026.22 75.992
7154.1 76.463
7284.3 76.996
7416.87 77.558
7551.85 78.103
7689.29 78.567
7829.23 78.872
7971.72 78.936
8116.8 78.69
8264.53 78.096
8414.94 77.178
8568.09 76.015
8724.02 74.74
8882.79 73.506
9044.46 72.471
9209.06 71.76
9376.66 71.436
9547.31 71.481
9721.07 71.784
9897.99 72.184
10078.13 72.524
10261.55 72.709
10448.3 72.723
10638.45 72.614
10832.07 72.462
11029.21 72.36
11229.94 72.391
11434.32 72.623
11642.41 73.103
11854.3 73.853
12070.04 74.856
12289.71 76.043
12513.38 77.282
12741.12 78.384
12973 79.146
13209.1 79.411
13449.5 79.141
13694.28 78.434
13943.51 77.48
14197.27 76.502
14455.66 75.693
14718.74 75.18
14986.62 75.01
15259.37 75.13
15537.08 75.404
15819.85 75.637
16107.76 75.621
16400.92 75.203
16699.41 74.323
17003.33 73.023
17312.78 71.428
17627.86 69.696
17948.68 67.966
18275.34 66.317
18607.94 64.773
18946.6 63.325
19291.42 61.954
19642.52 60.636
20000 59.34