20 81.869
20.36 81.912
20.73 81.956
21.11 81.999
21.5 82.042
21.89 82.085
22.29 82.128
22.69 82.17
23.1 82.213
23.52 82.255
23.95 82.297
24.39 82.338
24.83 82.379
25.28 82.42
25.74 82.46
26.21 82.499
26.69 82.539
27.18 82.578
27.67 82.616
28.17 82.654
28.69 82.691
29.21 82.727
29.74 82.762
30.28 82.797
30.83 82.832
31.39 82.865
31.97 82.898
32.55 82.93
33.14 82.961
33.74 82.99
34.36 83.018
34.98 83.044
35.62 83.068
36.27 83.09
36.93 83.108
37.6 83.123
38.28 83.135
38.98 83.143
39.69 83.147
40.41 83.145
41.15 83.14
41.9 83.129
42.66 83.112
43.44 83.088
44.23 83.06
45.03 83.024
45.85 82.981
46.68 82.933
47.53 82.878
48.4 82.819
49.28 82.757
50.18 82.691
51.09 82.624
52.02 82.557
52.97 82.49
53.93 82.424
54.91 82.361
55.91 82.301
56.93 82.245
57.97 82.194
59.02 82.15
60.09 82.11
61.19 82.074
62.3 82.039
63.44 82.004
64.59 81.966
65.77 81.924
66.96 81.875
68.18 81.818
69.42 81.75
70.69 81.669
71.97 81.574
73.28 81.463
74.62 81.34
75.97 81.206
77.36 81.065
78.76 80.92
80.2 80.775
81.66 80.632
83.14 80.494
84.66 80.365
86.2 80.245
87.77 80.136
89.36 80.034
90.99 79.938
92.65 79.847
94.33 79.759
96.05 79.672
97.8 79.584
99.58 79.495
101.39 79.403
103.23 79.308
105.11 79.21
107.03 79.107
108.97 78.999
110.96 78.887
112.98 78.768
115.03 78.643
117.13 78.51
119.26 78.37
121.43 78.22
123.64 78.06
125.89 77.891
128.18 77.714
130.51 77.532
132.89 77.346
135.31 77.162
137.77 76.98
140.28 76.802
142.83 76.629
145.43 76.463
148.07 76.303
150.77 76.152
153.51 76.01
156.31 75.88
159.15 75.762
162.05 75.659
165 75.572
168 75.497
171.06 75.432
174.17 75.374
177.34 75.319
180.57 75.265
183.86 75.209
187.2 75.147
190.61 75.078
194.08 75
197.61 74.914
201.21 74.82
204.87 74.721
208.6 74.617
212.39 74.511
216.26 74.402
220.19 74.296
224.2 74.198
228.28 74.115
232.44 74.052
236.67 74.008
240.97 73.979
245.36 73.961
249.82 73.951
254.37 73.942
259 73.932
263.71 73.922
268.51 73.912
273.4 73.907
278.38 73.907
283.44 73.914
288.6 73.929
293.85 73.951
299.2 73.979
304.65 74.01
310.19 74.043
315.84 74.078
321.59 74.115
327.44 74.152
333.4 74.19
339.47 74.229
345.64 74.272
351.93 74.319
358.34 74.372
364.86 74.428
371.5 74.487
378.26 74.545
385.15 74.603
392.16 74.656
399.29 74.706
406.56 74.75
413.96 74.785
421.49 74.805
429.16 74.811
436.97 74.803
444.93 74.784
453.02 74.759
461.27 74.734
469.66 74.71
478.21 74.691
486.91 74.679
495.78 74.672
504.8 74.669
513.99 74.666
523.34 74.659
532.87 74.646
542.56 74.628
552.44 74.606
562.49 74.579
572.73 74.549
583.15 74.518
593.77 74.483
604.57 74.444
615.57 74.405
626.78 74.365
638.18 74.328
649.8 74.293
661.63 74.261
673.67 74.234
685.93 74.215
698.41 74.201
711.12 74.192
724.06 74.187
737.24 74.183
750.66 74.183
764.32 74.188
778.23 74.2
792.39 74.22
806.82 74.247
821.5 74.28
836.45 74.315
851.67 74.354
867.17 74.395
882.96 74.444
899.02 74.503
915.39 74.573
932.05 74.65
949.01 74.733
966.28 74.822
983.87 74.914
1001.77 75.009
1020 75.107
1038.57 75.201
1057.47 75.286
1076.71 75.361
1096.31 75.427
1116.26 75.492
1136.58 75.569
1157.26 75.666
1178.32 75.782
1199.77 75.909
1221.6 76.038
1243.84 76.162
1266.47 76.281
1289.52 76.391
1312.99 76.495
1336.89 76.598
1361.22 76.703
1385.99 76.809
1411.22 76.914
1436.9 77.017
1463.05 77.118
1489.68 77.217
1516.79 77.312
1544.4 77.405
1572.5 77.496
1601.12 77.586
1630.26 77.676
1659.93 77.77
1690.14 77.872
1720.9 77.982
1752.22 78.098
1784.11 78.215
1816.58 78.33
1849.64 78.44
1883.3 78.548
1917.58 78.66
1952.48 78.782
1988.01 78.915
2024.19 79.056
2061.03 79.2
2098.54 79.343
2136.73 79.487
2175.62 79.632
2215.22 79.778
2255.53 79.93
2296.58 80.087
2338.38 80.245
2380.94 80.404
2424.27 80.563
2468.39 80.72
2513.31 80.874
2559.05 81.029
2605.63 81.182
2653.05 81.333
2701.33 81.484
2750.5 81.636
2800.55 81.791
2851.52 81.947
2903.42 82.098
2956.26 82.243
3010.06 82.38
3064.85 82.507
3120.62 82.622
3177.42 82.723
3235.25 82.81
3294.13 82.879
3354.08 82.928
3415.12 82.959
3477.27 82.969
3540.56 82.957
3605 82.923
3670.6 82.867
3737.41 82.791
3805.43 82.696
3874.68 82.583
3945.2 82.452
4017 82.303
4090.11 82.135
4164.55 81.948
4240.34 81.742
4317.51 81.52
4396.09 81.286
4476.1 81.045
4557.56 80.803
4640.5 80.56
4724.96 80.316
4810.95 80.067
4898.51 79.809
4987.66 79.542
5078.43 79.266
5170.86 78.984
5264.97 78.697
5360.79 78.411
5458.35 78.128
5557.69 77.853
5658.84 77.593
5761.82 77.356
5866.69 77.149
5973.46 76.975
6082.17 76.836
6192.87 76.732
6305.57 76.664
6420.33 76.638
6537.18 76.664
6656.15 76.748
6777.29 76.894
6900.63 77.103
7026.22 77.372
7154.1 77.692
7284.3 78.042
7416.87 78.394
7551.85 78.702
7689.29 78.92
7829.23 79.001
7971.72 78.907
8116.8 78.614
8264.53 78.121
8414.94 77.449
8568.09 76.638
8724.02 75.745
8882.79 74.831
9044.46 73.951
9209.06 73.145
9376.66 72.431
9547.31 71.812
9721.07 71.278
9897.99 70.815
10078.13 70.413
10261.55 70.067
10448.3 69.781
10638.45 69.566
10832.07 69.435
11029.21 69.41
11229.94 69.512
11434.32 69.763
11642.41 70.178
11854.3 70.758
12070.04 71.483
12289.71 72.298
12513.38 73.114
12741.12 73.813
12973 74.271
13209.1 74.395
13449.5 74.148
13694.28 73.57
13943.51 72.751
14197.27 71.813
14455.66 70.872
14718.74 70.02
14986.62 69.299
15259.37 68.695
15537.08 68.155
15819.85 67.604
16107.76 66.97
16400.92 66.203
16699.41 65.284
17003.33 64.228
17312.78 63.082
17627.86 61.919
17948.68 60.806
18275.34 59.79
18607.94 58.882
18946.6 58.069
19291.42 57.328
19642.52 56.634
20000 55.955