20 82.332
20.36 82.363
20.73 82.394
21.11 82.424
21.5 82.454
21.89 82.484
22.29 82.514
22.69 82.543
23.1 82.572
23.52 82.6
23.95 82.628
24.39 82.654
24.83 82.68
25.28 82.706
25.74 82.731
26.21 82.755
26.69 82.778
27.18 82.8
27.67 82.821
28.17 82.84
28.69 82.859
29.21 82.877
29.74 82.893
30.28 82.908
30.83 82.922
31.39 82.934
31.97 82.945
32.55 82.954
33.14 82.962
33.74 82.967
34.36 82.972
34.98 82.974
35.62 82.974
36.27 82.972
36.93 82.967
37.6 82.961
38.28 82.952
38.98 82.941
39.69 82.926
40.41 82.909
41.15 82.89
41.9 82.867
42.66 82.841
43.44 82.813
44.23 82.78
45.03 82.745
45.85 82.705
46.68 82.663
47.53 82.618
48.4 82.57
49.28 82.521
50.18 82.469
51.09 82.416
52.02 82.364
52.97 82.31
53.93 82.255
54.91 82.203
55.91 82.15
56.93 82.098
57.97 82.048
59.02 82
60.09 81.954
61.19 81.908
62.3 81.863
63.44 81.816
64.59 81.768
65.77 81.717
66.96 81.661
68.18 81.602
69.42 81.538
70.69 81.467
71.97 81.389
73.28 81.304
74.62 81.215
75.97 81.123
77.36 81.033
78.76 80.948
80.2 80.87
81.66 80.803
83.14 80.749
84.66 80.711
86.2 80.692
87.77 80.685
89.36 80.688
90.99 80.692
92.65 80.693
94.33 80.687
96.05 80.666
97.8 80.625
99.58 80.562
101.39 80.48
103.23 80.383
105.11 80.276
107.03 80.165
108.97 80.054
110.96 79.948
112.98 79.852
115.03 79.762
117.13 79.677
119.26 79.596
121.43 79.513
123.64 79.428
125.89 79.34
128.18 79.247
130.51 79.15
132.89 79.051
135.31 78.95
137.77 78.847
140.28 78.744
142.83 78.64
145.43 78.537
148.07 78.434
150.77 78.332
153.51 78.231
156.31 78.133
159.15 78.037
162.05 77.946
165 77.858
168 77.775
171.06 77.694
174.17 77.614
177.34 77.535
180.57 77.457
183.86 77.378
187.2 77.299
190.61 77.22
194.08 77.14
197.61 77.06
201.21 76.981
204.87 76.902
208.6 76.824
212.39 76.747
216.26 76.674
220.19 76.601
224.2 76.532
228.28 76.462
232.44 76.392
236.67 76.321
240.97 76.248
245.36 76.174
249.82 76.098
254.37 76.023
259 75.949
263.71 75.878
268.51 75.811
273.4 75.748
278.38 75.687
283.44 75.628
288.6 75.57
293.85 75.512
299.2 75.455
304.65 75.398
310.19 75.34
315.84 75.282
321.59 75.222
327.44 75.16
333.4 75.098
339.47 75.038
345.64 74.98
351.93 74.928
358.34 74.88
364.86 74.835
371.5 74.795
378.26 74.757
385.15 74.721
392.16 74.687
399.29 74.657
406.56 74.629
413.96 74.602
421.49 74.573
429.16 74.541
436.97 74.506
444.93 74.47
453.02 74.433
461.27 74.398
469.66 74.366
478.21 74.337
486.91 74.315
495.78 74.297
504.8 74.282
513.99 74.269
523.34 74.258
532.87 74.245
542.56 74.234
552.44 74.224
562.49 74.214
572.73 74.203
583.15 74.19
593.77 74.177
604.57 74.164
615.57 74.15
626.78 74.14
638.18 74.136
649.8 74.139
661.63 74.148
673.67 74.164
685.93 74.18
698.41 74.191
711.12 74.193
724.06 74.179
737.24 74.149
750.66 74.109
764.32 74.065
778.23 74.029
792.39 74.006
806.82 73.999
821.5 74.008
836.45 74.033
851.67 74.072
867.17 74.125
882.96 74.192
899.02 74.273
915.39 74.365
932.05 74.47
949.01 74.589
966.28 74.718
983.87 74.86
1001.77 75.015
1020 75.184
1038.57 75.365
1057.47 75.554
1076.71 75.746
1096.31 75.938
1116.26 76.125
1136.58 76.308
1157.26 76.483
1178.32 76.65
1199.77 76.804
1221.6 76.948
1243.84 77.082
1266.47 77.211
1289.52 77.335
1312.99 77.457
1336.89 77.577
1361.22 77.699
1385.99 77.823
1411.22 77.946
1436.9 78.07
1463.05 78.193
1489.68 78.314
1516.79 78.432
1544.4 78.548
1572.5 78.663
1601.12 78.777
1630.26 78.894
1659.93 79.016
1690.14 79.146
1720.9 79.283
1752.22 79.428
1784.11 79.58
1816.58 79.737
1849.64 79.896
1883.3 80.057
1917.58 80.222
1952.48 80.392
1988.01 80.566
2024.19 80.745
2061.03 80.925
2098.54 81.107
2136.73 81.291
2175.62 81.478
2215.22 81.667
2255.53 81.856
2296.58 82.049
2338.38 82.241
2380.94 82.43
2424.27 82.615
2468.39 82.797
2513.31 82.977
2559.05 83.151
2605.63 83.315
2653.05 83.464
2701.33 83.594
2750.5 83.704
2800.55 83.797
2851.52 83.878
2903.42 83.951
2956.26 84.013
3010.06 84.067
3064.85 84.11
3120.62 84.139
3177.42 84.149
3235.25 84.133
3294.13 84.088
3354.08 84.018
3415.12 83.923
3477.27 83.808
3540.56 83.676
3605 83.531
3670.6 83.374
3737.41 83.207
3805.43 83.033
3874.68 82.851
3945.2 82.662
4017 82.467
4090.11 82.264
4164.55 82.053
4240.34 81.834
4317.51 81.609
4396.09 81.385
4476.1 81.163
4557.56 80.945
4640.5 80.732
4724.96 80.522
4810.95 80.316
4898.51 80.11
4987.66 79.908
5078.43 79.712
5170.86 79.528
5264.97 79.36
5360.79 79.217
5458.35 79.103
5557.69 79.014
5658.84 78.941
5761.82 78.871
5866.69 78.799
5973.46 78.723
6082.17 78.649
6192.87 78.591
6305.57 78.563
6420.33 78.587
6537.18 78.677
6656.15 78.848
6777.29 79.103
6900.63 79.439
7026.22 79.845
7154.1 80.296
7284.3 80.752
7416.87 81.157
7551.85 81.442
7689.29 81.547
7829.23 81.419
7971.72 81.034
8116.8 80.396
8264.53 79.536
8414.94 78.51
8568.09 77.39
8724.02 76.256
8882.79 75.179
9044.46 74.207
9209.06 73.364
9376.66 72.642
9547.31 72.012
9721.07 71.44
9897.99 70.898
10078.13 70.379
10261.55 69.889
10448.3 69.445
10638.45 69.066
10832.07 68.769
11029.21 68.572
11229.94 68.486
11434.32 68.518
11642.41 68.663
11854.3 68.914
12070.04 69.258
12289.71 69.667
12513.38 70.112
12741.12 70.554
12973 70.956
13209.1 71.293
13449.5 71.552
13694.28 71.733
13943.51 71.833
14197.27 71.848
14455.66 71.753
14718.74 71.493
14986.62 70.998
15259.37 70.184
15537.08 68.996
15819.85 67.428
16107.76 65.533
16400.92 63.423
16699.41 61.235
17003.33 59.108
17312.78 57.151
17627.86 55.427
17948.68 53.949
18275.34 52.693
18607.94 51.618
18946.6 50.681
19291.42 49.845
19642.52 49.072
20000 48.319