20 85.934
20.36 85.979
20.73 86.024
21.11 86.069
21.5 86.114
21.89 86.159
22.29 86.203
22.69 86.248
23.1 86.293
23.52 86.337
23.95 86.381
24.39 86.425
24.83 86.469
25.28 86.513
25.74 86.556
26.21 86.6
26.69 86.642
27.18 86.685
27.67 86.728
28.17 86.77
28.69 86.812
29.21 86.853
29.74 86.895
30.28 86.935
30.83 86.976
31.39 87.016
31.97 87.056
32.55 87.095
33.14 87.134
33.74 87.172
34.36 87.209
34.98 87.244
35.62 87.277
36.27 87.308
36.93 87.337
37.6 87.363
38.28 87.386
38.98 87.405
39.69 87.42
40.41 87.431
41.15 87.437
41.9 87.439
42.66 87.435
43.44 87.425
44.23 87.41
45.03 87.388
45.85 87.36
46.68 87.325
47.53 87.284
48.4 87.239
49.28 87.189
50.18 87.136
51.09 87.081
52.02 87.024
52.97 86.965
53.93 86.907
54.91 86.848
55.91 86.791
56.93 86.735
57.97 86.683
59.02 86.633
60.09 86.586
61.19 86.542
62.3 86.499
63.44 86.457
64.59 86.413
65.77 86.369
66.96 86.322
68.18 86.272
69.42 86.218
70.69 86.158
71.97 86.092
73.28 86.021
74.62 85.944
75.97 85.864
77.36 85.783
78.76 85.703
80.2 85.625
81.66 85.552
83.14 85.484
84.66 85.425
86.2 85.375
87.77 85.333
89.36 85.299
90.99 85.27
92.65 85.246
94.33 85.226
96.05 85.209
97.8 85.192
99.58 85.176
101.39 85.157
103.23 85.135
105.11 85.109
107.03 85.075
108.97 85.034
110.96 84.982
112.98 84.919
115.03 84.845
117.13 84.762
119.26 84.671
121.43 84.571
123.64 84.464
125.89 84.352
128.18 84.239
130.51 84.128
132.89 84.024
135.31 83.932
137.77 83.854
140.28 83.79
142.83 83.731
145.43 83.672
148.07 83.603
150.77 83.52
153.51 83.419
156.31 83.302
159.15 83.173
162.05 83.033
165 82.885
168 82.734
171.06 82.584
174.17 82.439
177.34 82.305
180.57 82.183
183.86 82.072
187.2 81.972
190.61 81.883
194.08 81.802
197.61 81.722
201.21 81.637
204.87 81.541
208.6 81.434
212.39 81.313
216.26 81.18
220.19 81.036
224.2 80.893
228.28 80.758
232.44 80.639
236.67 80.535
240.97 80.443
245.36 80.36
249.82 80.279
254.37 80.194
259 80.101
263.71 79.993
268.51 79.872
273.4 79.735
278.38 79.589
283.44 79.436
288.6 79.278
293.85 79.12
299.2 78.962
304.65 78.806
310.19 78.651
315.84 78.495
321.59 78.337
327.44 78.178
333.4 78.02
339.47 77.868
345.64 77.722
351.93 77.583
358.34 77.451
364.86 77.323
371.5 77.197
378.26 77.073
385.15 76.954
392.16 76.841
399.29 76.736
406.56 76.633
413.96 76.524
421.49 76.401
429.16 76.263
436.97 76.113
444.93 75.958
453.02 75.808
461.27 75.673
469.66 75.56
478.21 75.47
486.91 75.4
495.78 75.346
504.8 75.303
513.99 75.264
523.34 75.225
532.87 75.184
542.56 75.144
552.44 75.104
562.49 75.059
572.73 75.006
583.15 74.942
593.77 74.87
604.57 74.797
615.57 74.725
626.78 74.656
638.18 74.588
649.8 74.519
661.63 74.453
673.67 74.395
685.93 74.345
698.41 74.3
711.12 74.262
724.06 74.232
737.24 74.215
750.66 74.208
764.32 74.211
778.23 74.222
792.39 74.24
806.82 74.263
821.5 74.291
836.45 74.325
851.67 74.364
867.17 74.411
882.96 74.467
899.02 74.535
915.39 74.609
932.05 74.683
949.01 74.754
966.28 74.824
983.87 74.905
1001.77 75.01
1020 75.148
1038.57 75.322
1057.47 75.527
1076.71 75.763
1096.31 76.026
1116.26 76.318
1136.58 76.64
1157.26 76.985
1178.32 77.338
1199.77 77.682
1221.6 78.007
1243.84 78.315
1266.47 78.615
1289.52 78.906
1312.99 79.19
1336.89 79.473
1361.22 79.761
1385.99 80.056
1411.22 80.352
1436.9 80.644
1463.05 80.929
1489.68 81.202
1516.79 81.458
1544.4 81.696
1572.5 81.923
1601.12 82.144
1630.26 82.365
1659.93 82.589
1690.14 82.822
1720.9 83.063
1752.22 83.312
1784.11 83.564
1816.58 83.809
1849.64 84.034
1883.3 84.23
1917.58 84.395
1952.48 84.524
1988.01 84.614
2024.19 84.664
2061.03 84.672
2098.54 84.638
2136.73 84.563
2175.62 84.449
2215.22 84.303
2255.53 84.131
2296.58 83.937
2338.38 83.729
2380.94 83.506
2424.27 83.272
2468.39 83.027
2513.31 82.774
2559.05 82.512
2605.63 82.243
2653.05 81.968
2701.33 81.692
2750.5 81.419
2800.55 81.155
2851.52 80.899
2903.42 80.649
2956.26 80.394
3010.06 80.122
3064.85 79.827
3120.62 79.513
3177.42 79.188
3235.25 78.867
3294.13 78.568
3354.08 78.311
3415.12 78.119
3477.27 78.01
3540.56 77.999
3605 78.1
3670.6 78.313
3737.41 78.619
3805.43 78.985
3874.68 79.376
3945.2 79.763
4017 80.136
4090.11 80.496
4164.55 80.849
4240.34 81.202
4317.51 81.553
4396.09 81.895
4476.1 82.225
4557.56 82.539
4640.5 82.836
4724.96 83.119
4810.95 83.391
4898.51 83.648
4987.66 83.871
5078.43 84.03
5170.86 84.09
5264.97 84.025
5360.79 83.828
5458.35 83.516
5557.69 83.123
5658.84 82.688
5761.82 82.245
5866.69 81.813
5973.46 81.395
6082.17 80.975
6192.87 80.529
6305.57 80.029
6420.33 79.459
6537.18 78.819
6656.15 78.127
6777.29 77.398
6900.63 76.646
7026.22 75.883
7154.1 75.121
7284.3 74.381
7416.87 73.687
7551.85 73.066
7689.29 72.55
7829.23 72.164
7971.72 71.928
8116.8 71.854
8264.53 71.943
8414.94 72.175
8568.09 72.508
8724.02 72.891
8882.79 73.287
9044.46 73.692
9209.06 74.116
9376.66 74.557
9547.31 74.984
9721.07 75.353
9897.99 75.616
10078.13 75.75
10261.55 75.764
10448.3 75.69
10638.45 75.557
10832.07 75.382
11029.21 75.156
11229.94 74.856
11434.32 74.463
11642.41 73.978
11854.3 73.434
12070.04 72.883
12289.71 72.372
12513.38 71.923
12741.12 71.518
12973 71.106
13209.1 70.623
13449.5 70.026
13694.28 69.32
13943.51 68.554
14197.27 67.78
14455.66 67.048
14718.74 66.383
14986.62 65.794
15259.37 65.276
15537.08 64.824
15819.85 64.444
16107.76 64.148
16400.92 63.95
16699.41 63.866
17003.33 63.906
17312.78 64.069
17627.86 64.338
17948.68 64.671
18275.34 65.005
18607.94 65.258
18946.6 65.381
19291.42 65.378
19642.52 65.297
20000 65.189