20 78.692
20.36 78.851
20.73 79.01
21.11 79.168
21.5 79.325
21.89 79.482
22.29 79.638
22.69 79.793
23.1 79.946
23.52 80.099
23.95 80.25
24.39 80.399
24.83 80.547
25.28 80.692
25.74 80.836
26.21 80.978
26.69 81.117
27.18 81.254
27.67 81.388
28.17 81.52
28.69 81.648
29.21 81.774
29.74 81.897
30.28 82.016
30.83 82.132
31.39 82.244
31.97 82.352
32.55 82.457
33.14 82.558
33.74 82.654
34.36 82.748
34.98 82.836
35.62 82.922
36.27 83.003
36.93 83.081
37.6 83.155
38.28 83.226
38.98 83.293
39.69 83.357
40.41 83.417
41.15 83.474
41.9 83.527
42.66 83.577
43.44 83.624
44.23 83.668
45.03 83.709
45.85 83.746
46.68 83.781
47.53 83.812
48.4 83.842
49.28 83.869
50.18 83.895
51.09 83.918
52.02 83.941
52.97 83.962
53.93 83.983
54.91 84.003
55.91 84.023
56.93 84.042
57.97 84.062
59.02 84.082
60.09 84.103
61.19 84.123
62.3 84.141
63.44 84.157
64.59 84.17
65.77 84.178
66.96 84.183
68.18 84.181
69.42 84.174
70.69 84.159
71.97 84.137
73.28 84.106
74.62 84.068
75.97 84.025
77.36 83.978
78.76 83.929
80.2 83.879
81.66 83.83
83.14 83.783
84.66 83.74
86.2 83.702
87.77 83.668
89.36 83.638
90.99 83.609
92.65 83.581
94.33 83.553
96.05 83.524
97.8 83.492
99.58 83.457
101.39 83.418
103.23 83.374
105.11 83.324
107.03 83.269
108.97 83.207
110.96 83.137
112.98 83.059
115.03 82.974
117.13 82.883
119.26 82.785
121.43 82.683
123.64 82.575
125.89 82.464
128.18 82.353
130.51 82.243
132.89 82.139
135.31 82.043
137.77 81.959
140.28 81.883
142.83 81.808
145.43 81.727
148.07 81.63
150.77 81.51
153.51 81.367
156.31 81.203
159.15 81.021
162.05 80.827
165 80.622
168 80.41
171.06 80.196
174.17 79.982
177.34 79.772
180.57 79.568
183.86 79.372
187.2 79.186
190.61 79.01
194.08 78.842
197.61 78.676
201.21 78.504
204.87 78.321
208.6 78.126
212.39 77.921
216.26 77.705
220.19 77.483
224.2 77.263
228.28 77.051
232.44 76.853
236.67 76.665
240.97 76.485
245.36 76.306
249.82 76.125
254.37 75.937
259 75.738
263.71 75.533
268.51 75.325
273.4 75.118
278.38 74.915
283.44 74.718
288.6 74.527
293.85 74.342
299.2 74.16
304.65 73.982
310.19 73.809
315.84 73.642
321.59 73.487
327.44 73.349
333.4 73.235
339.47 73.145
345.64 73.074
351.93 73.018
358.34 72.973
364.86 72.936
371.5 72.906
378.26 72.883
385.15 72.866
392.16 72.851
399.29 72.838
406.56 72.825
413.96 72.809
421.49 72.784
429.16 72.749
436.97 72.705
444.93 72.658
453.02 72.616
461.27 72.588
469.66 72.584
478.21 72.606
486.91 72.653
495.78 72.717
504.8 72.792
513.99 72.867
523.34 72.934
532.87 72.988
542.56 73.03
552.44 73.061
562.49 73.083
572.73 73.1
583.15 73.117
593.77 73.139
604.57 73.171
615.57 73.214
626.78 73.262
638.18 73.31
649.8 73.356
661.63 73.4
673.67 73.444
685.93 73.491
698.41 73.543
711.12 73.602
724.06 73.669
737.24 73.745
750.66 73.828
764.32 73.913
778.23 73.995
792.39 74.074
806.82 74.15
821.5 74.227
836.45 74.308
851.67 74.389
867.17 74.47
882.96 74.551
899.02 74.629
915.39 74.703
932.05 74.77
949.01 74.828
966.28 74.881
983.87 74.937
1001.77 75.007
1020 75.098
1038.57 75.209
1057.47 75.337
1076.71 75.477
1096.31 75.624
1116.26 75.776
1136.58 75.931
1157.26 76.086
1178.32 76.238
1199.77 76.382
1221.6 76.518
1243.84 76.646
1266.47 76.771
1289.52 76.895
1312.99 77.025
1336.89 77.167
1361.22 77.318
1385.99 77.466
1411.22 77.603
1436.9 77.726
1463.05 77.841
1489.68 77.953
1516.79 78.063
1544.4 78.174
1572.5 78.284
1601.12 78.393
1630.26 78.502
1659.93 78.616
1690.14 78.742
1720.9 78.883
1752.22 79.044
1784.11 79.227
1816.58 79.423
1849.64 79.622
1883.3 79.82
1917.58 80.019
1952.48 80.223
1988.01 80.436
2024.19 80.661
2061.03 80.893
2098.54 81.129
2136.73 81.368
2175.62 81.612
2215.22 81.863
2255.53 82.125
2296.58 82.396
2338.38 82.666
2380.94 82.924
2424.27 83.164
2468.39 83.382
2513.31 83.577
2559.05 83.748
2605.63 83.898
2653.05 84.024
2701.33 84.13
2750.5 84.217
2800.55 84.285
2851.52 84.333
2903.42 84.358
2956.26 84.359
3010.06 84.335
3064.85 84.285
3120.62 84.216
3177.42 84.131
3235.25 84.035
3294.13 83.933
3354.08 83.825
3415.12 83.719
3477.27 83.62
3540.56 83.528
3605 83.44
3670.6 83.355
3737.41 83.272
3805.43 83.193
3874.68 83.124
3945.2 83.069
4017 83.031
4090.11 83.015
4164.55 83.03
4240.34 83.075
4317.51 83.146
4396.09 83.237
4476.1 83.343
4557.56 83.46
4640.5 83.589
4724.96 83.727
4810.95 83.876
4898.51 84.028
4987.66 84.171
5078.43 84.292
5170.86 84.376
5264.97 84.414
5360.79 84.399
5458.35 84.327
5557.69 84.203
5658.84 84.035
5761.82 83.831
5866.69 83.602
5973.46 83.352
6082.17 83.09
6192.87 82.827
6305.57 82.578
6420.33 82.358
6537.18 82.182
6656.15 82.063
6777.29 82.012
6900.63 82.04
7026.22 82.152
7154.1 82.353
7284.3 82.642
7416.87 83.006
7551.85 83.416
7689.29 83.827
7829.23 84.176
7971.72 84.391
8116.8 84.413
8264.53 84.206
8414.94 83.773
8568.09 83.152
8724.02 82.412
8882.79 81.63
9044.46 80.877
9209.06 80.205
9376.66 79.641
9547.31 79.195
9721.07 78.862
9897.99 78.627
10078.13 78.475
10261.55 78.391
10448.3 78.352
10638.45 78.336
10832.07 78.323
11029.21 78.297
11229.94 78.249
11434.32 78.18
11642.41 78.102
11854.3 78.033
12070.04 77.994
12289.71 77.984
12513.38 77.986
12741.12 77.969
12973 77.907
13209.1 77.788
13449.5 77.619
13694.28 77.416
13943.51 77.201
14197.27 76.995
14455.66 76.815
14718.74 76.67
14986.62 76.548
15259.37 76.419
15537.08 76.24
15819.85 75.972
16107.76 75.598
16400.92 75.124
16699.41 74.573
17003.33 73.974
17312.78 73.349
17627.86 72.711
17948.68 72.066
18275.34 71.417
18607.94 70.767
18946.6 70.125
19291.42 69.503
19642.52 68.902
20000 68.311