20 85.866
20.36 85.889
20.73 85.912
21.11 85.934
21.5 85.956
21.89 85.979
22.29 86.001
22.69 86.022
23.1 86.044
23.52 86.064
23.95 86.085
24.39 86.105
24.83 86.125
25.28 86.145
25.74 86.164
26.21 86.182
26.69 86.199
27.18 86.216
27.67 86.233
28.17 86.248
28.69 86.263
29.21 86.277
29.74 86.291
30.28 86.303
30.83 86.314
31.39 86.325
31.97 86.335
32.55 86.343
33.14 86.351
33.74 86.357
34.36 86.363
34.98 86.366
35.62 86.367
36.27 86.367
36.93 86.365
37.6 86.361
38.28 86.354
38.98 86.344
39.69 86.332
40.41 86.317
41.15 86.299
41.9 86.277
42.66 86.253
43.44 86.224
44.23 86.192
45.03 86.156
45.85 86.116
46.68 86.072
47.53 86.025
48.4 85.977
49.28 85.926
50.18 85.874
51.09 85.822
52.02 85.771
52.97 85.721
53.93 85.672
54.91 85.626
55.91 85.584
56.93 85.545
57.97 85.511
59.02 85.483
60.09 85.458
61.19 85.438
62.3 85.418
63.44 85.398
64.59 85.377
65.77 85.352
66.96 85.322
68.18 85.284
69.42 85.239
70.69 85.184
71.97 85.117
73.28 85.037
74.62 84.947
75.97 84.85
77.36 84.747
78.76 84.643
80.2 84.539
81.66 84.438
83.14 84.343
84.66 84.255
86.2 84.178
87.77 84.11
89.36 84.048
90.99 83.991
92.65 83.936
94.33 83.882
96.05 83.826
97.8 83.766
99.58 83.7
101.39 83.629
103.23 83.554
105.11 83.475
107.03 83.393
108.97 83.308
110.96 83.221
112.98 83.132
115.03 83.042
117.13 82.951
119.26 82.858
121.43 82.764
123.64 82.668
125.89 82.57
128.18 82.471
130.51 82.37
132.89 82.268
135.31 82.165
137.77 82.061
140.28 81.957
142.83 81.852
145.43 81.749
148.07 81.649
150.77 81.552
153.51 81.457
156.31 81.363
159.15 81.27
162.05 81.175
165 81.077
168 80.977
171.06 80.874
174.17 80.772
177.34 80.669
180.57 80.567
183.86 80.465
187.2 80.363
190.61 80.264
194.08 80.164
197.61 80.066
201.21 79.969
204.87 79.872
208.6 79.776
212.39 79.68
216.26 79.581
220.19 79.483
224.2 79.384
228.28 79.288
232.44 79.194
236.67 79.101
240.97 79.01
245.36 78.916
249.82 78.821
254.37 78.724
259 78.625
263.71 78.524
268.51 78.424
273.4 78.324
278.38 78.225
283.44 78.126
288.6 78.028
293.85 77.932
299.2 77.837
304.65 77.744
310.19 77.648
315.84 77.551
321.59 77.45
327.44 77.347
333.4 77.244
339.47 77.142
345.64 77.045
351.93 76.955
358.34 76.871
364.86 76.791
371.5 76.714
378.26 76.639
385.15 76.567
392.16 76.496
399.29 76.429
406.56 76.364
413.96 76.299
421.49 76.232
429.16 76.16
436.97 76.085
444.93 76.008
453.02 75.931
461.27 75.857
469.66 75.785
478.21 75.718
486.91 75.655
495.78 75.596
504.8 75.54
513.99 75.486
523.34 75.431
532.87 75.377
542.56 75.323
552.44 75.268
562.49 75.214
572.73 75.159
583.15 75.102
593.77 75.046
604.57 74.99
615.57 74.937
626.78 74.888
638.18 74.844
649.8 74.807
661.63 74.776
673.67 74.751
685.93 74.73
698.41 74.71
711.12 74.688
724.06 74.664
737.24 74.638
750.66 74.612
764.32 74.59
778.23 74.575
792.39 74.567
806.82 74.567
821.5 74.573
836.45 74.584
851.67 74.598
867.17 74.613
882.96 74.632
899.02 74.657
915.39 74.689
932.05 74.732
949.01 74.786
966.28 74.849
983.87 74.923
1001.77 75.008
1020 75.111
1038.57 75.233
1057.47 75.374
1076.71 75.532
1096.31 75.705
1116.26 75.89
1136.58 76.091
1157.26 76.304
1178.32 76.527
1199.77 76.753
1221.6 76.975
1243.84 77.19
1266.47 77.396
1289.52 77.593
1312.99 77.78
1336.89 77.962
1361.22 78.143
1385.99 78.324
1411.22 78.504
1436.9 78.685
1463.05 78.865
1489.68 79.045
1516.79 79.226
1544.4 79.408
1572.5 79.591
1601.12 79.777
1630.26 79.963
1659.93 80.152
1690.14 80.349
1720.9 80.557
1752.22 80.779
1784.11 81.014
1816.58 81.258
1849.64 81.506
1883.3 81.757
1917.58 82.009
1952.48 82.26
1988.01 82.508
2024.19 82.751
2061.03 82.985
2098.54 83.209
2136.73 83.421
2175.62 83.62
2215.22 83.805
2255.53 83.973
2296.58 84.12
2338.38 84.241
2380.94 84.332
2424.27 84.396
2468.39 84.432
2513.31 84.444
2559.05 84.428
2605.63 84.387
2653.05 84.32
2701.33 84.23
2750.5 84.123
2800.55 84.008
2851.52 83.889
2903.42 83.769
2956.26 83.649
3010.06 83.532
3064.85 83.42
3120.62 83.314
3177.42 83.217
3235.25 83.129
3294.13 83.05
3354.08 82.982
3415.12 82.926
3477.27 82.884
3540.56 82.859
3605 82.856
3670.6 82.878
3737.41 82.928
3805.43 83.005
3874.68 83.111
3945.2 83.242
4017 83.392
4090.11 83.555
4164.55 83.72
4240.34 83.873
4317.51 83.997
4396.09 84.078
4476.1 84.101
4557.56 84.059
4640.5 83.946
4724.96 83.755
4810.95 83.484
4898.51 83.128
4987.66 82.69
5078.43 82.177
5170.86 81.6
5264.97 80.974
5360.79 80.317
5458.35 79.646
5557.69 78.976
5658.84 78.321
5761.82 77.694
5866.69 77.101
5973.46 76.548
6082.17 76.036
6192.87 75.567
6305.57 75.142
6420.33 74.764
6537.18 74.437
6656.15 74.168
6777.29 73.968
6900.63 73.846
7026.22 73.811
7154.1 73.872
7284.3 74.041
7416.87 74.327
7551.85 74.734
7689.29 75.264
7829.23 75.919
7971.72 76.699
8116.8 77.594
8264.53 78.579
8414.94 79.596
8568.09 80.551
8724.02 81.327
8882.79 81.812
9044.46 81.934
9209.06 81.68
9376.66 81.103
9547.31 80.296
9721.07 79.378
9897.99 78.464
10078.13 77.661
10261.55 77.053
10448.3 76.682
10638.45 76.545
10832.07 76.597
11029.21 76.751
11229.94 76.892
11434.32 76.89
11642.41 76.623
11854.3 76.012
12070.04 75.041
12289.71 73.755
12513.38 72.248
12741.12 70.633
12973 69.019
13209.1 67.491
13449.5 66.11
13694.28 64.906
13943.51 63.892
14197.27 63.066
14455.66 62.432
14718.74 61.991
14986.62 61.757
15259.37 61.749
15537.08 61.991
15819.85 62.503
16107.76 63.278
16400.92 64.271
16699.41 65.377
17003.33 66.435
17312.78 67.237
17627.86 67.584
17948.68 67.349
18275.34 66.519
18607.94 65.18
18946.6 63.48
19291.42 61.58
19642.52 59.611
20000 57.633