20 84.675
20.36 84.731
20.73 84.788
21.11 84.843
21.5 84.897
21.89 84.949
22.29 85.001
22.69 85.05
23.1 85.098
23.52 85.143
23.95 85.185
24.39 85.225
24.83 85.262
25.28 85.296
25.74 85.326
26.21 85.352
26.69 85.374
27.18 85.392
27.67 85.406
28.17 85.414
28.69 85.418
29.21 85.416
29.74 85.409
30.28 85.396
30.83 85.377
31.39 85.352
31.97 85.32
32.55 85.282
33.14 85.237
33.74 85.185
34.36 85.127
34.98 85.063
35.62 84.994
36.27 84.919
36.93 84.84
37.6 84.757
38.28 84.67
38.98 84.58
39.69 84.486
40.41 84.39
41.15 84.292
41.9 84.191
42.66 84.089
43.44 83.986
44.23 83.882
45.03 83.778
45.85 83.673
46.68 83.569
47.53 83.465
48.4 83.361
49.28 83.257
50.18 83.154
51.09 83.051
52.02 82.948
52.97 82.845
53.93 82.742
54.91 82.64
55.91 82.538
56.93 82.437
57.97 82.335
59.02 82.234
60.09 82.134
61.19 82.033
62.3 81.931
63.44 81.828
64.59 81.725
65.77 81.619
66.96 81.512
68.18 81.402
69.42 81.289
70.69 81.174
71.97 81.055
73.28 80.932
74.62 80.807
75.97 80.68
77.36 80.552
78.76 80.424
80.2 80.297
81.66 80.171
83.14 80.048
84.66 79.929
86.2 79.814
87.77 79.703
89.36 79.596
90.99 79.491
92.65 79.39
94.33 79.291
96.05 79.193
97.8 79.097
99.58 79.002
101.39 78.908
103.23 78.814
105.11 78.72
107.03 78.626
108.97 78.53
110.96 78.433
112.98 78.335
115.03 78.236
117.13 78.137
119.26 78.039
121.43 77.943
123.64 77.85
125.89 77.761
128.18 77.675
130.51 77.592
132.89 77.512
135.31 77.435
137.77 77.359
140.28 77.285
142.83 77.214
145.43 77.145
148.07 77.08
150.77 77.019
153.51 76.961
156.31 76.905
159.15 76.85
162.05 76.793
165 76.735
168 76.672
171.06 76.606
174.17 76.534
177.34 76.455
180.57 76.37
183.86 76.28
187.2 76.187
190.61 76.093
194.08 75.999
197.61 75.904
201.21 75.81
204.87 75.715
208.6 75.621
212.39 75.527
216.26 75.434
220.19 75.342
224.2 75.25
228.28 75.159
232.44 75.07
236.67 74.981
240.97 74.895
245.36 74.813
249.82 74.733
254.37 74.656
259 74.583
263.71 74.514
268.51 74.446
273.4 74.38
278.38 74.315
283.44 74.25
288.6 74.186
293.85 74.122
299.2 74.059
304.65 73.998
310.19 73.939
315.84 73.883
321.59 73.83
327.44 73.782
333.4 73.738
339.47 73.699
345.64 73.663
351.93 73.627
358.34 73.593
364.86 73.559
371.5 73.525
378.26 73.493
385.15 73.462
392.16 73.431
399.29 73.4
406.56 73.368
413.96 73.335
421.49 73.3
429.16 73.265
436.97 73.231
444.93 73.199
453.02 73.171
461.27 73.146
469.66 73.124
478.21 73.108
486.91 73.094
495.78 73.083
504.8 73.073
513.99 73.064
523.34 73.058
532.87 73.055
542.56 73.056
552.44 73.061
562.49 73.067
572.73 73.073
583.15 73.078
593.77 73.081
604.57 73.085
615.57 73.089
626.78 73.093
638.18 73.098
649.8 73.105
661.63 73.116
673.67 73.131
685.93 73.152
698.41 73.177
711.12 73.208
724.06 73.246
737.24 73.29
750.66 73.34
764.32 73.397
778.23 73.46
792.39 73.527
806.82 73.598
821.5 73.673
836.45 73.752
851.67 73.837
867.17 73.928
882.96 74.028
899.02 74.138
915.39 74.258
932.05 74.39
949.01 74.532
966.28 74.685
983.87 74.847
1001.77 75.017
1020 75.193
1038.57 75.375
1057.47 75.558
1076.71 75.743
1096.31 75.93
1116.26 76.116
1136.58 76.301
1157.26 76.478
1178.32 76.643
1199.77 76.793
1221.6 76.926
1243.84 77.045
1266.47 77.155
1289.52 77.262
1312.99 77.37
1336.89 77.483
1361.22 77.605
1385.99 77.736
1411.22 77.878
1436.9 78.032
1463.05 78.194
1489.68 78.366
1516.79 78.547
1544.4 78.739
1572.5 78.941
1601.12 79.152
1630.26 79.372
1659.93 79.6
1690.14 79.839
1720.9 80.087
1752.22 80.34
1784.11 80.596
1816.58 80.848
1849.64 81.089
1883.3 81.312
1917.58 81.517
1952.48 81.709
1988.01 81.894
2024.19 82.082
2061.03 82.276
2098.54 82.484
2136.73 82.707
2175.62 82.944
2215.22 83.191
2255.53 83.441
2296.58 83.683
2338.38 83.905
2380.94 84.094
2424.27 84.235
2468.39 84.323
2513.31 84.355
2559.05 84.337
2605.63 84.278
2653.05 84.186
2701.33 84.072
2750.5 83.944
2800.55 83.809
2851.52 83.671
2903.42 83.537
2956.26 83.409
3010.06 83.289
3064.85 83.183
3120.62 83.093
3177.42 83.023
3235.25 82.973
3294.13 82.943
3354.08 82.932
3415.12 82.938
3477.27 82.955
3540.56 82.979
3605 83.005
3670.6 83.029
3737.41 83.049
3805.43 83.067
3874.68 83.086
3945.2 83.115
4017 83.162
4090.11 83.236
4164.55 83.338
4240.34 83.464
4317.51 83.605
4396.09 83.749
4476.1 83.881
4557.56 83.988
4640.5 84.051
4724.96 84.054
4810.95 83.983
4898.51 83.827
4987.66 83.582
5078.43 83.251
5170.86 82.845
5264.97 82.379
5360.79 81.875
5458.35 81.353
5557.69 80.837
5658.84 80.345
5761.82 79.893
5866.69 79.497
5973.46 79.171
6082.17 78.926
6192.87 78.776
6305.57 78.73
6420.33 78.795
6537.18 78.967
6656.15 79.233
6777.29 79.57
6900.63 79.946
7026.22 80.322
7154.1 80.655
7284.3 80.904
7416.87 81.037
7551.85 81.038
7689.29 80.91
7829.23 80.673
7971.72 80.36
8116.8 80.014
8264.53 79.67
8414.94 79.356
8568.09 79.079
8724.02 78.825
8882.79 78.563
9044.46 78.254
9209.06 77.861
9376.66 77.357
9547.31 76.727
9721.07 75.977
9897.99 75.132
10078.13 74.23
10261.55 73.323
10448.3 72.449
10638.45 71.643
10832.07 70.933
11029.21 70.345
11229.94 69.907
11434.32 69.643
11642.41 69.574
11854.3 69.711
12070.04 70.05
12289.71 70.573
12513.38 71.251
12741.12 72.041
12973 72.893
13209.1 73.751
13449.5 74.557
13694.28 75.262
13943.51 75.838
14197.27 76.275
14455.66 76.592
14718.74 76.816
14986.62 76.978
15259.37 77.081
15537.08 77.11
15819.85 77.021
16107.76 76.767
16400.92 76.302
16699.41 75.604
17003.33 74.682
17312.78 73.576
17627.86 72.348
17948.68 71.069
18275.34 69.804
18607.94 68.603
18946.6 67.492
19291.42 66.471
19642.52 65.514
20000 64.581