20 81.16
20.36 81.256
20.73 81.353
21.11 81.449
21.5 81.544
21.89 81.639
22.29 81.732
22.69 81.825
23.1 81.916
23.52 82.005
23.95 82.093
24.39 82.179
24.83 82.263
25.28 82.345
25.74 82.425
26.21 82.502
26.69 82.577
27.18 82.649
27.67 82.718
28.17 82.783
28.69 82.846
29.21 82.905
29.74 82.96
30.28 83.012
30.83 83.06
31.39 83.104
31.97 83.143
32.55 83.178
33.14 83.208
33.74 83.234
34.36 83.257
34.98 83.276
35.62 83.292
36.27 83.305
36.93 83.317
37.6 83.326
38.28 83.333
38.98 83.339
39.69 83.344
40.41 83.348
41.15 83.353
41.9 83.358
42.66 83.363
43.44 83.369
44.23 83.375
45.03 83.384
45.85 83.395
46.68 83.407
47.53 83.421
48.4 83.435
49.28 83.45
50.18 83.465
51.09 83.48
52.02 83.493
52.97 83.505
53.93 83.515
54.91 83.523
55.91 83.528
56.93 83.53
57.97 83.528
59.02 83.522
60.09 83.511
61.19 83.496
62.3 83.478
63.44 83.456
64.59 83.431
65.77 83.403
66.96 83.371
68.18 83.337
69.42 83.301
70.69 83.263
71.97 83.221
73.28 83.18
74.62 83.137
75.97 83.094
77.36 83.053
78.76 83.014
80.2 82.977
81.66 82.945
83.14 82.918
84.66 82.896
86.2 82.882
87.77 82.873
89.36 82.868
90.99 82.866
92.65 82.867
94.33 82.868
96.05 82.87
97.8 82.87
99.58 82.866
101.39 82.861
103.23 82.851
105.11 82.837
107.03 82.819
108.97 82.795
110.96 82.766
112.98 82.73
115.03 82.69
117.13 82.646
119.26 82.599
121.43 82.551
123.64 82.502
125.89 82.455
128.18 82.409
130.51 82.362
132.89 82.315
135.31 82.268
137.77 82.219
140.28 82.169
142.83 82.117
145.43 82.061
148.07 82.003
150.77 81.941
153.51 81.876
156.31 81.807
159.15 81.737
162.05 81.666
165 81.594
168 81.523
171.06 81.45
174.17 81.377
177.34 81.303
180.57 81.229
183.86 81.153
187.2 81.077
190.61 81
194.08 80.921
197.61 80.841
201.21 80.761
204.87 80.679
208.6 80.596
212.39 80.512
216.26 80.425
220.19 80.337
224.2 80.247
228.28 80.157
232.44 80.066
236.67 79.974
240.97 79.88
245.36 79.783
249.82 79.683
254.37 79.582
259 79.48
263.71 79.376
268.51 79.273
273.4 79.169
278.38 79.065
283.44 78.961
288.6 78.858
293.85 78.755
299.2 78.651
304.65 78.547
310.19 78.444
315.84 78.343
321.59 78.247
327.44 78.156
333.4 78.069
339.47 77.983
345.64 77.897
351.93 77.809
358.34 77.719
364.86 77.626
371.5 77.531
378.26 77.435
385.15 77.34
392.16 77.246
399.29 77.154
406.56 77.063
413.96 76.972
421.49 76.877
429.16 76.779
436.97 76.68
444.93 76.578
453.02 76.478
461.27 76.383
469.66 76.292
478.21 76.207
486.91 76.131
495.78 76.06
504.8 75.992
513.99 75.926
523.34 75.858
532.87 75.788
542.56 75.716
552.44 75.641
562.49 75.566
572.73 75.491
583.15 75.417
593.77 75.344
604.57 75.273
615.57 75.206
626.78 75.14
638.18 75.077
649.8 75.016
661.63 74.959
673.67 74.905
685.93 74.856
698.41 74.814
711.12 74.776
724.06 74.744
737.24 74.718
750.66 74.699
764.32 74.687
778.23 74.681
792.39 74.68
806.82 74.681
821.5 74.685
836.45 74.69
851.67 74.696
867.17 74.701
882.96 74.705
899.02 74.709
915.39 74.716
932.05 74.733
949.01 74.765
966.28 74.819
983.87 74.9
1001.77 75.011
1020 75.149
1038.57 75.311
1057.47 75.493
1076.71 75.698
1096.31 75.929
1116.26 76.185
1136.58 76.464
1157.26 76.76
1178.32 77.067
1199.77 77.374
1221.6 77.676
1243.84 77.971
1266.47 78.259
1289.52 78.541
1312.99 78.819
1336.89 79.095
1361.22 79.371
1385.99 79.647
1411.22 79.92
1436.9 80.191
1463.05 80.458
1489.68 80.726
1516.79 80.996
1544.4 81.265
1572.5 81.53
1601.12 81.792
1630.26 82.047
1659.93 82.298
1690.14 82.542
1720.9 82.778
1752.22 83.005
1784.11 83.221
1816.58 83.42
1849.64 83.598
1883.3 83.747
1917.58 83.868
1952.48 83.959
1988.01 84.02
2024.19 84.045
2061.03 84.034
2098.54 83.983
2136.73 83.891
2175.62 83.761
2215.22 83.596
2255.53 83.402
2296.58 83.185
2338.38 82.953
2380.94 82.714
2424.27 82.474
2468.39 82.235
2513.31 81.997
2559.05 81.757
2605.63 81.517
2653.05 81.279
2701.33 81.047
2750.5 80.824
2800.55 80.616
2851.52 80.423
2903.42 80.245
2956.26 80.082
3010.06 79.935
3064.85 79.804
3120.62 79.69
3177.42 79.594
3235.25 79.519
3294.13 79.464
3354.08 79.431
3415.12 79.419
3477.27 79.429
3540.56 79.463
3605 79.524
3670.6 79.618
3737.41 79.75
3805.43 79.927
3874.68 80.153
3945.2 80.432
4017 80.768
4090.11 81.159
4164.55 81.603
4240.34 82.091
4317.51 82.605
4396.09 83.123
4476.1 83.613
4557.56 84.042
4640.5 84.374
4724.96 84.582
4810.95 84.639
4898.51 84.529
4987.66 84.253
5078.43 83.82
5170.86 83.257
5264.97 82.596
5360.79 81.877
5458.35 81.139
5557.69 80.417
5658.84 79.744
5761.82 79.14
5866.69 78.616
5973.46 78.172
6082.17 77.803
6192.87 77.505
6305.57 77.282
6420.33 77.142
6537.18 77.096
6656.15 77.158
6777.29 77.343
6900.63 77.661
7026.22 78.12
7154.1 78.721
7284.3 79.455
7416.87 80.296
7551.85 81.202
7689.29 82.113
7829.23 82.957
7971.72 83.656
8116.8 84.144
8264.53 84.374
8414.94 84.333
8568.09 84.044
8724.02 83.571
8882.79 83.005
9044.46 82.439
9209.06 81.95
9376.66 81.579
9547.31 81.324
9721.07 81.131
9897.99 80.907
10078.13 80.54
10261.55 79.933
10448.3 79.04
10638.45 77.889
10832.07 76.577
11029.21 75.245
11229.94 74.013
11434.32 72.937
11642.41 71.999
11854.3 71.154
12070.04 70.377
12289.71 69.683
12513.38 69.117
12741.12 68.734
12973 68.588
13209.1 68.719
13449.5 69.142
13694.28 69.826
13943.51 70.69
14197.27 71.593
14455.66 72.346
14718.74 72.75
14986.62 72.661
15259.37 72.048
15537.08 71.006
15819.85 69.713
16107.76 68.375
16400.92 67.174
16699.41 66.237
17003.33 65.589
17312.78 65.154
17627.86 64.784
17948.68 64.32
18275.34 63.655
18607.94 62.759
18946.6 61.677
19291.42 60.494
19642.52 59.28
20000 58.066