20 82.514
20.36 82.573
20.73 82.632
21.11 82.69
21.5 82.747
21.89 82.805
22.29 82.861
22.69 82.917
23.1 82.972
23.52 83.025
23.95 83.078
24.39 83.129
24.83 83.179
25.28 83.227
25.74 83.274
26.21 83.319
26.69 83.362
27.18 83.403
27.67 83.442
28.17 83.479
28.69 83.514
29.21 83.546
29.74 83.575
30.28 83.602
30.83 83.626
31.39 83.648
31.97 83.666
32.55 83.681
33.14 83.693
33.74 83.702
34.36 83.709
34.98 83.712
35.62 83.713
36.27 83.711
36.93 83.707
37.6 83.702
38.28 83.694
38.98 83.685
39.69 83.674
40.41 83.661
41.15 83.648
41.9 83.633
42.66 83.618
43.44 83.601
44.23 83.584
45.03 83.567
45.85 83.549
46.68 83.531
47.53 83.514
48.4 83.498
49.28 83.483
50.18 83.47
51.09 83.46
52.02 83.451
52.97 83.447
53.93 83.445
54.91 83.448
55.91 83.455
56.93 83.467
57.97 83.484
59.02 83.507
60.09 83.535
61.19 83.565
62.3 83.595
63.44 83.623
64.59 83.647
65.77 83.664
66.96 83.672
68.18 83.668
69.42 83.652
70.69 83.62
71.97 83.57
73.28 83.5
74.62 83.416
75.97 83.318
77.36 83.214
78.76 83.104
80.2 82.994
81.66 82.887
83.14 82.788
84.66 82.7
86.2 82.625
87.77 82.562
89.36 82.508
90.99 82.462
92.65 82.42
94.33 82.379
96.05 82.339
97.8 82.295
99.58 82.246
101.39 82.193
103.23 82.137
105.11 82.077
107.03 82.017
108.97 81.956
110.96 81.894
112.98 81.834
115.03 81.774
117.13 81.713
119.26 81.649
121.43 81.582
123.64 81.51
125.89 81.432
128.18 81.35
130.51 81.262
132.89 81.171
135.31 81.077
137.77 80.98
140.28 80.883
142.83 80.786
145.43 80.691
148.07 80.601
150.77 80.516
153.51 80.438
156.31 80.367
159.15 80.302
162.05 80.243
165 80.189
168 80.137
171.06 80.082
174.17 80.023
177.34 79.954
180.57 79.874
183.86 79.785
187.2 79.688
190.61 79.583
194.08 79.472
197.61 79.362
201.21 79.254
204.87 79.154
208.6 79.06
212.39 78.975
216.26 78.898
220.19 78.826
224.2 78.757
228.28 78.687
232.44 78.612
236.67 78.532
240.97 78.444
245.36 78.348
249.82 78.246
254.37 78.138
259 78.027
263.71 77.915
268.51 77.807
273.4 77.703
278.38 77.606
283.44 77.517
288.6 77.435
293.85 77.358
299.2 77.282
304.65 77.205
310.19 77.122
315.84 77.033
321.59 76.936
327.44 76.835
333.4 76.734
339.47 76.637
345.64 76.545
351.93 76.462
358.34 76.385
364.86 76.313
371.5 76.243
378.26 76.172
385.15 76.099
392.16 76.027
399.29 75.955
406.56 75.885
413.96 75.814
421.49 75.745
429.16 75.676
436.97 75.606
444.93 75.537
453.02 75.467
461.27 75.398
469.66 75.329
478.21 75.263
486.91 75.202
495.78 75.145
504.8 75.092
513.99 75.041
523.34 74.991
532.87 74.943
542.56 74.894
552.44 74.845
562.49 74.794
572.73 74.744
583.15 74.692
593.77 74.64
604.57 74.589
615.57 74.541
626.78 74.498
638.18 74.459
649.8 74.425
661.63 74.394
673.67 74.365
685.93 74.337
698.41 74.31
711.12 74.282
724.06 74.253
737.24 74.225
750.66 74.203
764.32 74.191
778.23 74.19
792.39 74.199
806.82 74.216
821.5 74.238
836.45 74.263
851.67 74.293
867.17 74.329
882.96 74.375
899.02 74.432
915.39 74.502
932.05 74.583
949.01 74.673
966.28 74.773
983.87 74.885
1001.77 75.013
1020 75.159
1038.57 75.326
1057.47 75.514
1076.71 75.722
1096.31 75.95
1116.26 76.197
1136.58 76.462
1157.26 76.739
1178.32 77.026
1199.77 77.319
1221.6 77.613
1243.84 77.904
1266.47 78.188
1289.52 78.462
1312.99 78.727
1336.89 78.985
1361.22 79.239
1385.99 79.491
1411.22 79.741
1436.9 79.99
1463.05 80.237
1489.68 80.485
1516.79 80.734
1544.4 80.989
1572.5 81.25
1601.12 81.52
1630.26 81.798
1659.93 82.086
1690.14 82.383
1720.9 82.687
1752.22 82.997
1784.11 83.314
1816.58 83.636
1849.64 83.958
1883.3 84.274
1917.58 84.576
1952.48 84.857
1988.01 85.107
2024.19 85.322
2061.03 85.492
2098.54 85.614
2136.73 85.685
2175.62 85.704
2215.22 85.672
2255.53 85.589
2296.58 85.458
2338.38 85.285
2380.94 85.075
2424.27 84.836
2468.39 84.573
2513.31 84.293
2559.05 84.002
2605.63 83.705
2653.05 83.406
2701.33 83.11
2750.5 82.82
2800.55 82.541
2851.52 82.278
2903.42 82.033
2956.26 81.806
3010.06 81.597
3064.85 81.402
3120.62 81.221
3177.42 81.052
3235.25 80.897
3294.13 80.758
3354.08 80.638
3415.12 80.541
3477.27 80.467
3540.56 80.42
3605 80.401
3670.6 80.413
3737.41 80.455
3805.43 80.529
3874.68 80.64
3945.2 80.794
4017 81
4090.11 81.269
4164.55 81.61
4240.34 82.027
4317.51 82.514
4396.09 83.064
4476.1 83.662
4557.56 84.287
4640.5 84.909
4724.96 85.497
4810.95 86.013
4898.51 86.418
4987.66 86.675
5078.43 86.757
5170.86 86.648
5264.97 86.347
5360.79 85.871
5458.35 85.244
5557.69 84.506
5658.84 83.697
5761.82 82.858
5866.69 82.026
5973.46 81.23
6082.17 80.492
6192.87 79.827
6305.57 79.245
6420.33 78.75
6537.18 78.348
6656.15 78.044
6777.29 77.848
6900.63 77.765
7026.22 77.801
7154.1 77.959
7284.3 78.245
7416.87 78.66
7551.85 79.206
7689.29 79.883
7829.23 80.681
7971.72 81.585
8116.8 82.559
8264.53 83.539
8414.94 84.434
8568.09 85.137
8724.02 85.55
8882.79 85.61
9044.46 85.306
9209.06 84.682
9376.66 83.814
9547.31 82.803
9721.07 81.745
9897.99 80.729
10078.13 79.828
10261.55 79.084
10448.3 78.51
10638.45 78.094
10832.07 77.803
11029.21 77.596
11229.94 77.426
11434.32 77.254
11642.41 77.047
11854.3 76.793
12070.04 76.498
12289.71 76.196
12513.38 75.937
12741.12 75.776
12973 75.748
13209.1 75.853
13449.5 76.05
13694.28 76.281
13943.51 76.499
14197.27 76.696
14455.66 76.901
14718.74 77.152
14986.62 77.46
15259.37 77.778
15537.08 77.991
15819.85 77.945
16107.76 77.508
16400.92 76.632
16699.41 75.385
17003.33 73.929
17312.78 72.459
17627.86 71.137
17948.68 70.043
18275.34 69.181
18607.94 68.514
18946.6 67.99
19291.42 67.558
19642.52 67.174
20000 66.805