20 81.835
20.36 81.863
20.73 81.892
21.11 81.922
21.5 81.952
21.89 81.983
22.29 82.016
22.69 82.049
23.1 82.084
23.52 82.12
23.95 82.159
24.39 82.2
24.83 82.242
25.28 82.288
25.74 82.336
26.21 82.386
26.69 82.44
27.18 82.497
27.67 82.557
28.17 82.62
28.69 82.688
29.21 82.759
29.74 82.834
30.28 82.913
30.83 82.997
31.39 83.086
31.97 83.179
32.55 83.277
33.14 83.38
33.74 83.487
34.36 83.595
34.98 83.704
35.62 83.811
36.27 83.915
36.93 84.015
37.6 84.109
38.28 84.195
38.98 84.272
39.69 84.34
40.41 84.394
41.15 84.434
41.9 84.46
42.66 84.469
43.44 84.459
44.23 84.429
45.03 84.377
45.85 84.303
46.68 84.207
47.53 84.094
48.4 83.967
49.28 83.831
50.18 83.687
51.09 83.543
52.02 83.399
52.97 83.261
53.93 83.132
54.91 83.017
55.91 82.918
56.93 82.84
57.97 82.787
59.02 82.762
60.09 82.764
61.19 82.786
62.3 82.823
63.44 82.87
64.59 82.919
65.77 82.967
66.96 83.006
68.18 83.03
69.42 83.035
70.69 83.014
71.97 82.962
73.28 82.874
74.62 82.757
75.97 82.616
77.36 82.459
78.76 82.292
80.2 82.123
81.66 81.956
83.14 81.801
84.66 81.662
86.2 81.544
87.77 81.447
89.36 81.365
90.99 81.296
92.65 81.237
94.33 81.183
96.05 81.131
97.8 81.078
99.58 81.022
101.39 80.961
103.23 80.896
105.11 80.828
107.03 80.757
108.97 80.683
110.96 80.606
112.98 80.528
115.03 80.453
117.13 80.384
119.26 80.326
121.43 80.284
123.64 80.262
125.89 80.263
128.18 80.281
130.51 80.311
132.89 80.347
135.31 80.383
137.77 80.414
140.28 80.433
142.83 80.438
145.43 80.426
148.07 80.391
150.77 80.331
153.51 80.244
156.31 80.133
159.15 79.999
162.05 79.844
165 79.67
168 79.485
171.06 79.293
174.17 79.103
177.34 78.92
180.57 78.75
183.86 78.596
187.2 78.462
190.61 78.351
194.08 78.26
197.61 78.178
201.21 78.094
204.87 78.002
208.6 77.906
212.39 77.817
216.26 77.739
220.19 77.678
224.2 77.628
228.28 77.588
232.44 77.556
236.67 77.539
240.97 77.545
245.36 77.578
249.82 77.613
254.37 77.621
259 77.576
263.71 77.473
268.51 77.313
273.4 77.102
278.38 76.853
283.44 76.58
288.6 76.297
293.85 76.019
299.2 75.761
304.65 75.535
310.19 75.351
315.84 75.207
321.59 75.098
327.44 75.018
333.4 74.957
339.47 74.907
345.64 74.86
351.93 74.815
358.34 74.776
364.86 74.748
371.5 74.74
378.26 74.755
385.15 74.782
392.16 74.814
399.29 74.843
406.56 74.862
413.96 74.859
421.49 74.829
429.16 74.768
436.97 74.69
444.93 74.608
453.02 74.538
461.27 74.486
469.66 74.458
478.21 74.452
486.91 74.46
495.78 74.476
504.8 74.48
513.99 74.461
523.34 74.415
532.87 74.343
542.56 74.251
552.44 74.151
562.49 74.05
572.73 73.959
583.15 73.884
593.77 73.827
604.57 73.778
615.57 73.739
626.78 73.709
638.18 73.691
649.8 73.686
661.63 73.691
673.67 73.697
685.93 73.7
698.41 73.699
711.12 73.697
724.06 73.704
737.24 73.728
750.66 73.775
764.32 73.833
778.23 73.897
792.39 73.957
806.82 74.017
821.5 74.077
836.45 74.134
851.67 74.187
867.17 74.238
882.96 74.289
899.02 74.343
915.39 74.404
932.05 74.478
949.01 74.571
966.28 74.69
983.87 74.839
1001.77 75.018
1020 75.22
1038.57 75.436
1057.47 75.656
1076.71 75.872
1096.31 76.092
1116.26 76.322
1136.58 76.561
1157.26 76.802
1178.32 77.032
1199.77 77.244
1221.6 77.436
1243.84 77.612
1266.47 77.774
1289.52 77.923
1312.99 78.062
1336.89 78.194
1361.22 78.321
1385.99 78.446
1411.22 78.568
1436.9 78.679
1463.05 78.768
1489.68 78.832
1516.79 78.881
1544.4 78.932
1572.5 78.999
1601.12 79.074
1630.26 79.143
1659.93 79.202
1690.14 79.254
1720.9 79.301
1752.22 79.343
1784.11 79.365
1816.58 79.359
1849.64 79.328
1883.3 79.285
1917.58 79.244
1952.48 79.202
1988.01 79.152
2024.19 79.092
2061.03 79.016
2098.54 78.924
2136.73 78.817
2175.62 78.693
2215.22 78.558
2255.53 78.424
2296.58 78.301
2338.38 78.194
2380.94 78.097
2424.27 78.006
2468.39 77.913
2513.31 77.818
2559.05 77.722
2605.63 77.627
2653.05 77.54
2701.33 77.465
2750.5 77.404
2800.55 77.361
2851.52 77.331
2903.42 77.306
2956.26 77.279
3010.06 77.244
3064.85 77.203
3120.62 77.158
3177.42 77.103
3235.25 77.03
3294.13 76.936
3354.08 76.824
3415.12 76.706
3477.27 76.597
3540.56 76.51
3605 76.455
3670.6 76.435
3737.41 76.452
3805.43 76.508
3874.68 76.603
3945.2 76.732
4017 76.891
4090.11 77.08
4164.55 77.296
4240.34 77.539
4317.51 77.797
4396.09 78.06
4476.1 78.317
4557.56 78.556
4640.5 78.764
4724.96 78.934
4810.95 79.062
4898.51 79.141
4987.66 79.163
5078.43 79.125
5170.86 79.029
5264.97 78.881
5360.79 78.691
5458.35 78.47
5557.69 78.242
5658.84 78.035
5761.82 77.87
5866.69 77.761
5973.46 77.707
6082.17 77.699
6192.87 77.729
6305.57 77.786
6420.33 77.863
6537.18 77.956
6656.15 78.061
6777.29 78.175
6900.63 78.298
7026.22 78.422
7154.1 78.533
7284.3 78.609
7416.87 78.627
7551.85 78.563
7689.29 78.402
7829.23 78.135
7971.72 77.767
8116.8 77.315
8264.53 76.804
8414.94 76.267
8568.09 75.737
8724.02 75.235
8882.79 74.774
9044.46 74.35
9209.06 73.948
9376.66 73.544
9547.31 73.116
9721.07 72.66
9897.99 72.204
10078.13 71.822
10261.55 71.619
10448.3 71.679
10638.45 72.026
10832.07 72.606
11029.21 73.31
11229.94 74.009
11434.32 74.595
11642.41 75.013
11854.3 75.284
12070.04 75.486
12289.71 75.707
12513.38 76.012
12741.12 76.424
12973 76.91
13209.1 77.399
13449.5 77.801
13694.28 78.029
13943.51 78.02
14197.27 77.744
14455.66 77.212
14718.74 76.476
14986.62 75.631
15259.37 74.797
15537.08 74.09
15819.85 73.581
16107.76 73.261
16400.92 73.049
16699.41 72.822
17003.33 72.447
17312.78 71.828
17627.86 70.92
17948.68 69.725
18275.34 68.291
18607.94 66.689
18946.6 64.992
19291.42 63.263
19642.52 61.544
20000 59.838