20 80.891
20.36 80.954
20.73 81.015
21.11 81.076
21.5 81.136
21.89 81.196
22.29 81.254
22.69 81.312
23.1 81.368
23.52 81.423
23.95 81.476
24.39 81.528
24.83 81.578
25.28 81.626
25.74 81.672
26.21 81.715
26.69 81.756
27.18 81.795
27.67 81.83
28.17 81.864
28.69 81.894
29.21 81.92
29.74 81.943
30.28 81.963
30.83 81.98
31.39 81.992
31.97 82.001
32.55 82.005
33.14 82.006
33.74 82.002
34.36 81.995
34.98 81.984
35.62 81.971
36.27 81.955
36.93 81.937
37.6 81.917
38.28 81.895
38.98 81.871
39.69 81.847
40.41 81.821
41.15 81.795
41.9 81.769
42.66 81.743
43.44 81.717
44.23 81.692
45.03 81.668
45.85 81.645
46.68 81.624
47.53 81.603
48.4 81.583
49.28 81.562
50.18 81.54
51.09 81.518
52.02 81.494
52.97 81.469
53.93 81.441
54.91 81.41
55.91 81.376
56.93 81.339
57.97 81.297
59.02 81.251
60.09 81.2
61.19 81.145
62.3 81.086
63.44 81.024
64.59 80.958
65.77 80.89
66.96 80.819
68.18 80.746
69.42 80.67
70.69 80.593
71.97 80.514
73.28 80.435
74.62 80.354
75.97 80.273
77.36 80.192
78.76 80.109
80.2 80.026
81.66 79.943
83.14 79.861
84.66 79.778
86.2 79.696
87.77 79.614
89.36 79.533
90.99 79.453
92.65 79.374
94.33 79.296
96.05 79.22
97.8 79.146
99.58 79.074
101.39 79.003
103.23 78.931
105.11 78.858
107.03 78.783
108.97 78.704
110.96 78.621
112.98 78.532
115.03 78.439
117.13 78.343
119.26 78.246
121.43 78.147
123.64 78.049
125.89 77.953
128.18 77.858
130.51 77.767
132.89 77.679
135.31 77.595
137.77 77.515
140.28 77.439
142.83 77.368
145.43 77.3
148.07 77.234
150.77 77.172
153.51 77.111
156.31 77.051
159.15 76.989
162.05 76.926
165 76.86
168 76.793
171.06 76.727
174.17 76.663
177.34 76.606
180.57 76.554
183.86 76.51
187.2 76.471
190.61 76.439
194.08 76.414
197.61 76.395
201.21 76.381
204.87 76.371
208.6 76.363
212.39 76.355
216.26 76.343
220.19 76.327
224.2 76.307
228.28 76.281
232.44 76.251
236.67 76.217
240.97 76.181
245.36 76.144
249.82 76.108
254.37 76.075
259 76.046
263.71 76.021
268.51 76
273.4 75.983
278.38 75.969
283.44 75.959
288.6 75.95
293.85 75.942
299.2 75.933
304.65 75.923
310.19 75.913
315.84 75.905
321.59 75.9
327.44 75.9
333.4 75.901
339.47 75.903
345.64 75.905
351.93 75.906
358.34 75.905
364.86 75.903
371.5 75.898
378.26 75.891
385.15 75.882
392.16 75.873
399.29 75.86
406.56 75.843
413.96 75.823
421.49 75.799
429.16 75.769
436.97 75.735
444.93 75.698
453.02 75.657
461.27 75.617
469.66 75.579
478.21 75.546
486.91 75.52
495.78 75.502
504.8 75.488
513.99 75.476
523.34 75.464
532.87 75.449
542.56 75.429
552.44 75.4
562.49 75.363
572.73 75.321
583.15 75.273
593.77 75.225
604.57 75.18
615.57 75.141
626.78 75.111
638.18 75.086
649.8 75.067
661.63 75.048
673.67 75.028
685.93 75.007
698.41 74.983
711.12 74.954
724.06 74.922
737.24 74.884
750.66 74.841
764.32 74.791
778.23 74.739
792.39 74.689
806.82 74.645
821.5 74.615
836.45 74.598
851.67 74.595
867.17 74.604
882.96 74.622
899.02 74.649
915.39 74.683
932.05 74.726
949.01 74.78
966.28 74.844
983.87 74.919
1001.77 75.009
1020 75.113
1038.57 75.233
1057.47 75.372
1076.71 75.53
1096.31 75.713
1116.26 75.919
1136.58 76.146
1157.26 76.387
1178.32 76.634
1199.77 76.877
1221.6 77.112
1243.84 77.335
1266.47 77.546
1289.52 77.743
1312.99 77.925
1336.89 78.096
1361.22 78.257
1385.99 78.41
1411.22 78.552
1436.9 78.684
1463.05 78.806
1489.68 78.921
1516.79 79.03
1544.4 79.138
1572.5 79.251
1601.12 79.375
1630.26 79.512
1659.93 79.664
1690.14 79.829
1720.9 80.002
1752.22 80.18
1784.11 80.361
1816.58 80.544
1849.64 80.73
1883.3 80.915
1917.58 81.1
1952.48 81.283
1988.01 81.464
2024.19 81.645
2061.03 81.827
2098.54 82.01
2136.73 82.191
2175.62 82.367
2215.22 82.536
2255.53 82.696
2296.58 82.844
2338.38 82.983
2380.94 83.114
2424.27 83.238
2468.39 83.353
2513.31 83.46
2559.05 83.557
2605.63 83.643
2653.05 83.72
2701.33 83.789
2750.5 83.85
2800.55 83.903
2851.52 83.944
2903.42 83.972
2956.26 83.985
3010.06 83.986
3064.85 83.979
3120.62 83.967
3177.42 83.954
3235.25 83.939
3294.13 83.92
3354.08 83.897
3415.12 83.867
3477.27 83.828
3540.56 83.784
3605 83.736
3670.6 83.686
3737.41 83.636
3805.43 83.588
3874.68 83.544
3945.2 83.505
4017 83.472
4090.11 83.445
4164.55 83.421
4240.34 83.395
4317.51 83.362
4396.09 83.319
4476.1 83.265
4557.56 83.2
4640.5 83.123
4724.96 83.036
4810.95 82.94
4898.51 82.833
4987.66 82.717
5078.43 82.595
5170.86 82.469
5264.97 82.339
5360.79 82.207
5458.35 82.074
5557.69 81.943
5658.84 81.817
5761.82 81.7
5866.69 81.599
5973.46 81.522
6082.17 81.478
6192.87 81.475
6305.57 81.522
6420.33 81.633
6537.18 81.821
6656.15 82.093
6777.29 82.453
6900.63 82.896
7026.22 83.408
7154.1 83.96
7284.3 84.513
7416.87 85.022
7551.85 85.449
7689.29 85.763
7829.23 85.951
7971.72 86.022
8116.8 86.003
8264.53 85.932
8414.94 85.851
8568.09 85.793
8724.02 85.78
8882.79 85.817
9044.46 85.887
9209.06 85.962
9376.66 86
9547.31 85.963
9721.07 85.817
9897.99 85.542
10078.13 85.134
10261.55 84.602
10448.3 83.949
10638.45 83.178
10832.07 82.287
11029.21 81.27
11229.94 80.124
11434.32 78.86
11642.41 77.5
11854.3 76.08
12070.04 74.641
12289.71 73.23
12513.38 71.898
12741.12 70.695
12973 69.666
13209.1 68.845
13449.5 68.265
13694.28 67.948
13943.51 67.907
14197.27 68.145
14455.66 68.661
14718.74 69.436
14986.62 70.416
15259.37 71.503
15537.08 72.546
15819.85 73.391
16107.76 73.92
16400.92 74.068
16699.41 73.822
17003.33 73.224
17312.78 72.346
17627.86 71.272
17948.68 70.07
18275.34 68.786
18607.94 67.451
18946.6 66.092
19291.42 64.737
19642.52 63.405
20000 62.086