20 84.57
20.36 84.567
20.73 84.566
21.11 84.563
21.5 84.562
21.89 84.56
22.29 84.558
22.69 84.557
23.1 84.555
23.52 84.554
23.95 84.553
24.39 84.552
24.83 84.551
25.28 84.551
25.74 84.55
26.21 84.55
26.69 84.551
27.18 84.551
27.67 84.553
28.17 84.554
28.69 84.555
29.21 84.558
29.74 84.56
30.28 84.563
30.83 84.566
31.39 84.57
31.97 84.574
32.55 84.578
33.14 84.584
33.74 84.589
34.36 84.594
34.98 84.599
35.62 84.605
36.27 84.61
36.93 84.614
37.6 84.617
38.28 84.619
38.98 84.62
39.69 84.62
40.41 84.618
41.15 84.615
41.9 84.609
42.66 84.602
43.44 84.592
44.23 84.58
45.03 84.565
45.85 84.547
46.68 84.527
47.53 84.505
48.4 84.48
49.28 84.454
50.18 84.427
51.09 84.4
52.02 84.371
52.97 84.343
53.93 84.315
54.91 84.288
55.91 84.262
56.93 84.237
57.97 84.215
59.02 84.194
60.09 84.176
61.19 84.158
62.3 84.141
63.44 84.122
64.59 84.102
65.77 84.079
66.96 84.052
68.18 84.021
69.42 83.983
70.69 83.939
71.97 83.889
73.28 83.829
74.62 83.764
75.97 83.693
77.36 83.62
78.76 83.544
80.2 83.469
81.66 83.396
83.14 83.326
84.66 83.262
86.2 83.203
87.77 83.15
89.36 83.099
90.99 83.048
92.65 82.997
94.33 82.942
96.05 82.881
97.8 82.815
99.58 82.738
101.39 82.655
103.23 82.567
105.11 82.475
107.03 82.38
108.97 82.286
110.96 82.194
112.98 82.106
115.03 82.02
117.13 81.937
119.26 81.856
121.43 81.777
123.64 81.7
125.89 81.622
128.18 81.545
130.51 81.467
132.89 81.387
135.31 81.304
137.77 81.216
140.28 81.126
142.83 81.031
145.43 80.931
148.07 80.828
150.77 80.723
153.51 80.613
156.31 80.505
159.15 80.398
162.05 80.297
165 80.203
168 80.113
171.06 80.027
174.17 79.943
177.34 79.86
180.57 79.776
183.86 79.692
187.2 79.604
190.61 79.516
194.08 79.425
197.61 79.331
201.21 79.236
204.87 79.138
208.6 79.04
212.39 78.942
216.26 78.847
220.19 78.755
224.2 78.667
228.28 78.582
232.44 78.499
236.67 78.419
240.97 78.337
245.36 78.253
249.82 78.168
254.37 78.08
259 77.99
263.71 77.898
268.51 77.804
273.4 77.71
278.38 77.616
283.44 77.522
288.6 77.43
293.85 77.341
299.2 77.254
304.65 77.169
310.19 77.087
315.84 77.006
321.59 76.926
327.44 76.848
333.4 76.777
339.47 76.711
345.64 76.654
351.93 76.601
358.34 76.55
364.86 76.497
371.5 76.439
378.26 76.374
385.15 76.303
392.16 76.229
399.29 76.154
406.56 76.08
413.96 76.006
421.49 75.932
429.16 75.857
436.97 75.783
444.93 75.711
453.02 75.642
461.27 75.576
469.66 75.513
478.21 75.456
486.91 75.399
495.78 75.346
504.8 75.293
513.99 75.24
523.34 75.186
532.87 75.134
542.56 75.084
552.44 75.037
562.49 74.993
572.73 74.946
583.15 74.897
593.77 74.842
604.57 74.78
615.57 74.714
626.78 74.646
638.18 74.58
649.8 74.518
661.63 74.463
673.67 74.416
685.93 74.377
698.41 74.346
711.12 74.321
724.06 74.301
737.24 74.288
750.66 74.28
764.32 74.28
778.23 74.285
792.39 74.296
806.82 74.311
821.5 74.327
836.45 74.344
851.67 74.363
867.17 74.386
882.96 74.417
899.02 74.458
915.39 74.51
932.05 74.575
949.01 74.656
966.28 74.754
983.87 74.873
1001.77 75.014
1020 75.174
1038.57 75.353
1057.47 75.55
1076.71 75.765
1096.31 75.997
1116.26 76.241
1136.58 76.495
1157.26 76.75
1178.32 77.002
1199.77 77.243
1221.6 77.468
1243.84 77.681
1266.47 77.883
1289.52 78.077
1312.99 78.261
1336.89 78.436
1361.22 78.601
1385.99 78.758
1411.22 78.905
1436.9 79.043
1463.05 79.173
1489.68 79.3
1516.79 79.426
1544.4 79.553
1572.5 79.683
1601.12 79.818
1630.26 79.957
1659.93 80.101
1690.14 80.247
1720.9 80.395
1752.22 80.548
1784.11 80.71
1816.58 80.881
1849.64 81.061
1883.3 81.246
1917.58 81.433
1952.48 81.624
1988.01 81.815
2024.19 82.009
2061.03 82.208
2098.54 82.419
2136.73 82.642
2175.62 82.876
2215.22 83.119
2255.53 83.369
2296.58 83.624
2338.38 83.884
2380.94 84.147
2424.27 84.414
2468.39 84.683
2513.31 84.954
2559.05 85.222
2605.63 85.486
2653.05 85.745
2701.33 85.999
2750.5 86.245
2800.55 86.479
2851.52 86.699
2903.42 86.901
2956.26 87.084
3010.06 87.246
3064.85 87.386
3120.62 87.504
3177.42 87.601
3235.25 87.678
3294.13 87.737
3354.08 87.778
3415.12 87.805
3477.27 87.818
3540.56 87.821
3605 87.814
3670.6 87.804
3737.41 87.791
3805.43 87.774
3874.68 87.753
3945.2 87.724
4017 87.685
4090.11 87.637
4164.55 87.571
4240.34 87.487
4317.51 87.379
4396.09 87.245
4476.1 87.082
4557.56 86.888
4640.5 86.659
4724.96 86.394
4810.95 86.09
4898.51 85.75
4987.66 85.376
5078.43 84.973
5170.86 84.544
5264.97 84.093
5360.79 83.626
5458.35 83.148
5557.69 82.665
5658.84 82.185
5761.82 81.718
5866.69 81.273
5973.46 80.856
6082.17 80.475
6192.87 80.135
6305.57 79.842
6420.33 79.601
6537.18 79.419
6656.15 79.301
6777.29 79.256
6900.63 79.289
7026.22 79.407
7154.1 79.618
7284.3 79.926
7416.87 80.334
7551.85 80.838
7689.29 81.425
7829.23 82.07
7971.72 82.735
8116.8 83.365
8264.53 83.896
8414.94 84.256
8568.09 84.382
8724.02 84.231
8882.79 83.795
9044.46 83.102
9209.06 82.207
9376.66 81.179
9547.31 80.094
9721.07 79.022
9897.99 78.025
10078.13 77.158
10261.55 76.455
10448.3 75.931
10638.45 75.591
10832.07 75.426
11029.21 75.42
11229.94 75.548
11434.32 75.771
11642.41 76.044
11854.3 76.312
12070.04 76.516
12289.71 76.601
12513.38 76.528
12741.12 76.281
12973 75.873
13209.1 75.335
13449.5 74.712
13694.28 74.045
13943.51 73.361
14197.27 72.68
14455.66 72.01
14718.74 71.353
14986.62 70.713
15259.37 70.097
15537.08 69.512
15819.85 68.95
16107.76 68.371
16400.92 67.718
16699.41 66.93
17003.33 65.961
17312.78 64.802
17627.86 63.471
17948.68 62.015
18275.34 60.491
18607.94 58.956
18946.6 57.458
19291.42 56.023
19642.52 54.649
20000 53.3