20 75.285
20.36 75.348
20.73 75.41
21.11 75.472
21.5 75.533
21.89 75.594
22.29 75.654
22.69 75.713
23.1 75.772
23.52 75.829
23.95 75.886
24.39 75.941
24.83 75.995
25.28 76.047
25.74 76.098
26.21 76.147
26.69 76.194
27.18 76.24
27.67 76.284
28.17 76.325
28.69 76.364
29.21 76.401
29.74 76.436
30.28 76.468
30.83 76.497
31.39 76.524
31.97 76.548
32.55 76.569
33.14 76.587
33.74 76.601
34.36 76.613
34.98 76.621
35.62 76.625
36.27 76.627
36.93 76.624
37.6 76.618
38.28 76.608
38.98 76.595
39.69 76.577
40.41 76.556
41.15 76.53
41.9 76.501
42.66 76.467
43.44 76.428
44.23 76.385
45.03 76.339
45.85 76.287
46.68 76.231
47.53 76.171
48.4 76.108
49.28 76.042
50.18 75.974
51.09 75.904
52.02 75.833
52.97 75.762
53.93 75.691
54.91 75.619
55.91 75.55
56.93 75.481
57.97 75.414
59.02 75.351
60.09 75.289
61.19 75.231
62.3 75.175
63.44 75.121
64.59 75.07
65.77 75.022
66.96 74.975
68.18 74.931
69.42 74.889
70.69 74.85
71.97 74.811
73.28 74.775
74.62 74.741
75.97 74.709
77.36 74.678
78.76 74.647
80.2 74.617
81.66 74.589
83.14 74.56
84.66 74.531
86.2 74.503
87.77 74.475
89.36 74.447
90.99 74.42
92.65 74.393
94.33 74.368
96.05 74.344
97.8 74.322
99.58 74.301
101.39 74.282
103.23 74.266
105.11 74.253
107.03 74.242
108.97 74.235
110.96 74.231
112.98 74.231
115.03 74.233
117.13 74.235
119.26 74.236
121.43 74.234
123.64 74.228
125.89 74.215
128.18 74.198
130.51 74.177
132.89 74.155
135.31 74.132
137.77 74.11
140.28 74.091
142.83 74.076
145.43 74.064
148.07 74.059
150.77 74.06
153.51 74.068
156.31 74.082
159.15 74.101
162.05 74.125
165 74.151
168 74.179
171.06 74.208
174.17 74.234
177.34 74.257
180.57 74.274
183.86 74.284
187.2 74.286
190.61 74.276
194.08 74.257
197.61 74.229
201.21 74.196
204.87 74.159
208.6 74.122
212.39 74.087
216.26 74.057
220.19 74.034
224.2 74.018
228.28 74.01
232.44 74.009
236.67 74.013
240.97 74.018
245.36 74.021
249.82 74.021
254.37 74.02
259 74.017
263.71 74.012
268.51 74.005
273.4 73.995
278.38 73.982
283.44 73.967
288.6 73.95
293.85 73.931
299.2 73.913
304.65 73.896
310.19 73.88
315.84 73.862
321.59 73.839
327.44 73.81
333.4 73.77
339.47 73.721
345.64 73.666
351.93 73.611
358.34 73.556
364.86 73.504
371.5 73.459
378.26 73.42
385.15 73.389
392.16 73.366
399.29 73.348
406.56 73.332
413.96 73.321
421.49 73.312
429.16 73.309
436.97 73.315
444.93 73.332
453.02 73.362
461.27 73.404
469.66 73.459
478.21 73.524
486.91 73.596
495.78 73.675
504.8 73.757
513.99 73.841
523.34 73.924
532.87 74.006
542.56 74.084
552.44 74.155
562.49 74.22
572.73 74.278
583.15 74.33
593.77 74.378
604.57 74.423
615.57 74.465
626.78 74.508
638.18 74.55
649.8 74.59
661.63 74.627
673.67 74.656
685.93 74.674
698.41 74.678
711.12 74.665
724.06 74.637
737.24 74.6
750.66 74.568
764.32 74.556
778.23 74.576
792.39 74.624
806.82 74.694
821.5 74.775
836.45 74.858
851.67 74.933
867.17 74.995
882.96 75.045
899.02 75.079
915.39 75.099
932.05 75.104
949.01 75.094
966.28 75.072
983.87 75.038
1001.77 74.996
1020 74.944
1038.57 74.882
1057.47 74.804
1076.71 74.708
1096.31 74.594
1116.26 74.463
1136.58 74.316
1157.26 74.159
1178.32 73.998
1199.77 73.837
1221.6 73.686
1243.84 73.549
1266.47 73.432
1289.52 73.337
1312.99 73.267
1336.89 73.215
1361.22 73.176
1385.99 73.142
1411.22 73.109
1436.9 73.076
1463.05 73.05
1489.68 73.037
1516.79 73.047
1544.4 73.089
1572.5 73.169
1601.12 73.287
1630.26 73.438
1659.93 73.62
1690.14 73.83
1720.9 74.064
1752.22 74.316
1784.11 74.583
1816.58 74.855
1849.64 75.128
1883.3 75.398
1917.58 75.663
1952.48 75.925
1988.01 76.186
2024.19 76.448
2061.03 76.711
2098.54 76.972
2136.73 77.221
2175.62 77.452
2215.22 77.662
2255.53 77.849
2296.58 78.012
2338.38 78.153
2380.94 78.276
2424.27 78.386
2468.39 78.485
2513.31 78.567
2559.05 78.626
2605.63 78.655
2653.05 78.649
2701.33 78.611
2750.5 78.544
2800.55 78.458
2851.52 78.35
2903.42 78.205
2956.26 77.986
3010.06 77.658
3064.85 77.202
3120.62 76.627
3177.42 75.978
3235.25 75.326
3294.13 74.744
3354.08 74.282
3415.12 73.974
3477.27 73.826
3540.56 73.819
3605 73.913
3670.6 74.055
3737.41 74.18
3805.43 74.22
3874.68 74.124
3945.2 73.881
4017 73.525
4090.11 73.109
4164.55 72.681
4240.34 72.272
4317.51 71.908
4396.09 71.615
4476.1 71.418
4557.56 71.337
4640.5 71.371
4724.96 71.494
4810.95 71.657
4898.51 71.804
4987.66 71.885
5078.43 71.881
5170.86 71.803
5264.97 71.687
5360.79 71.579
5458.35 71.517
5557.69 71.524
5658.84 71.607
5761.82 71.754
5866.69 71.945
5973.46 72.162
6082.17 72.388
6192.87 72.61
6305.57 72.813
6420.33 72.98
6537.18 73.102
6656.15 73.189
6777.29 73.268
6900.63 73.37
7026.22 73.515
7154.1 73.699
7284.3 73.895
7416.87 74.049
7551.85 74.079
7689.29 73.91
7829.23 73.509
7971.72 72.911
8116.8 72.202
8264.53 71.493
8414.94 70.893
8568.09 70.475
8724.02 70.264
8882.79 70.235
9044.46 70.315
9209.06 70.397
9376.66 70.345
9547.31 70.042
9721.07 69.42
9897.99 68.483
10078.13 67.297
10261.55 65.956
10448.3 64.539
10638.45 63.122
10832.07 61.804
11029.21 60.727
11229.94 60.029
11434.32 59.781
11642.41 59.984
11854.3 60.58
12070.04 61.496
12289.71 62.676
12513.38 64.083
12741.12 65.644
12973 67.229
13209.1 68.666
13449.5 69.775
13694.28 70.399
13943.51 70.452
14197.27 69.959
14455.66 69.08
14718.74 68.067
14986.62 67.174
15259.37 66.577
15537.08 66.338
15819.85 66.395
16107.76 66.595
16400.92 66.765
16699.41 66.766
17003.33 66.528
17312.78 66.045
17627.86 65.352
17948.68 64.49
18275.34 63.486
18607.94 62.36
18946.6 61.142
19291.42 59.873
19642.52 58.588
20000 57.304