20 85.175
20.36 85.18
20.73 85.185
21.11 85.189
21.5 85.193
21.89 85.198
22.29 85.203
22.69 85.207
23.1 85.211
23.52 85.216
23.95 85.219
24.39 85.224
24.83 85.228
25.28 85.232
25.74 85.236
26.21 85.239
26.69 85.243
27.18 85.247
27.67 85.25
28.17 85.254
28.69 85.257
29.21 85.26
29.74 85.263
30.28 85.266
30.83 85.268
31.39 85.27
31.97 85.272
32.55 85.274
33.14 85.276
33.74 85.277
34.36 85.279
34.98 85.279
35.62 85.277
36.27 85.276
36.93 85.272
37.6 85.267
38.28 85.261
38.98 85.253
39.69 85.242
40.41 85.229
41.15 85.214
41.9 85.196
42.66 85.176
43.44 85.153
44.23 85.126
45.03 85.096
45.85 85.062
46.68 85.025
47.53 84.985
48.4 84.942
49.28 84.896
50.18 84.847
51.09 84.796
52.02 84.743
52.97 84.688
53.93 84.632
54.91 84.574
55.91 84.515
56.93 84.455
57.97 84.394
59.02 84.332
60.09 84.271
61.19 84.208
62.3 84.143
63.44 84.076
64.59 84.007
65.77 83.934
66.96 83.859
68.18 83.779
69.42 83.695
70.69 83.606
71.97 83.512
73.28 83.413
74.62 83.309
75.97 83.202
77.36 83.093
78.76 82.984
80.2 82.874
81.66 82.767
83.14 82.662
84.66 82.563
86.2 82.467
87.77 82.378
89.36 82.294
90.99 82.215
92.65 82.142
94.33 82.075
96.05 82.014
97.8 81.957
99.58 81.907
101.39 81.861
103.23 81.816
105.11 81.772
107.03 81.726
108.97 81.676
110.96 81.622
112.98 81.56
115.03 81.491
117.13 81.416
119.26 81.333
121.43 81.243
123.64 81.145
125.89 81.04
128.18 80.929
130.51 80.815
132.89 80.696
135.31 80.576
137.77 80.456
140.28 80.336
142.83 80.218
145.43 80.099
148.07 79.982
150.77 79.865
153.51 79.75
156.31 79.636
159.15 79.524
162.05 79.416
165 79.31
168 79.206
171.06 79.103
174.17 79
177.34 78.896
180.57 78.791
183.86 78.685
187.2 78.581
190.61 78.476
194.08 78.375
197.61 78.278
201.21 78.186
204.87 78.101
208.6 78.024
212.39 77.956
216.26 77.897
220.19 77.846
224.2 77.799
228.28 77.749
232.44 77.694
236.67 77.629
240.97 77.555
245.36 77.471
249.82 77.378
254.37 77.279
259 77.176
263.71 77.073
268.51 76.971
273.4 76.874
278.38 76.781
283.44 76.694
288.6 76.611
293.85 76.533
299.2 76.459
304.65 76.39
310.19 76.325
315.84 76.264
321.59 76.208
327.44 76.152
333.4 76.095
339.47 76.036
345.64 75.975
351.93 75.913
358.34 75.852
364.86 75.792
371.5 75.732
378.26 75.673
385.15 75.614
392.16 75.557
399.29 75.503
406.56 75.453
413.96 75.407
421.49 75.363
429.16 75.32
436.97 75.276
444.93 75.227
453.02 75.176
461.27 75.124
469.66 75.072
478.21 75.023
486.91 74.978
495.78 74.939
504.8 74.902
513.99 74.87
523.34 74.838
532.87 74.808
542.56 74.781
552.44 74.755
562.49 74.73
572.73 74.705
583.15 74.68
593.77 74.653
604.57 74.624
615.57 74.594
626.78 74.562
638.18 74.534
649.8 74.509
661.63 74.488
673.67 74.47
685.93 74.455
698.41 74.44
711.12 74.425
724.06 74.412
737.24 74.401
750.66 74.394
764.32 74.39
778.23 74.388
792.39 74.387
806.82 74.387
821.5 74.394
836.45 74.408
851.67 74.433
867.17 74.467
882.96 74.512
899.02 74.567
915.39 74.629
932.05 74.698
949.01 74.771
966.28 74.848
983.87 74.927
1001.77 75.008
1020 75.089
1038.57 75.168
1057.47 75.246
1076.71 75.324
1096.31 75.398
1116.26 75.471
1136.58 75.545
1157.26 75.623
1178.32 75.707
1199.77 75.794
1221.6 75.883
1243.84 75.97
1266.47 76.057
1289.52 76.144
1312.99 76.23
1336.89 76.314
1361.22 76.396
1385.99 76.473
1411.22 76.544
1436.9 76.609
1463.05 76.67
1489.68 76.732
1516.79 76.796
1544.4 76.867
1572.5 76.947
1601.12 77.04
1630.26 77.15
1659.93 77.277
1690.14 77.421
1720.9 77.579
1752.22 77.751
1784.11 77.934
1816.58 78.129
1849.64 78.337
1883.3 78.561
1917.58 78.804
1952.48 79.067
1988.01 79.346
2024.19 79.638
2061.03 79.94
2098.54 80.254
2136.73 80.58
2175.62 80.914
2215.22 81.252
2255.53 81.589
2296.58 81.919
2338.38 82.236
2380.94 82.531
2424.27 82.797
2468.39 83.029
2513.31 83.219
2559.05 83.362
2605.63 83.45
2653.05 83.477
2701.33 83.44
2750.5 83.34
2800.55 83.186
2851.52 82.989
2903.42 82.759
2956.26 82.508
3010.06 82.243
3064.85 81.972
3120.62 81.703
3177.42 81.446
3235.25 81.206
3294.13 80.988
3354.08 80.795
3415.12 80.629
3477.27 80.495
3540.56 80.395
3605 80.332
3670.6 80.31
3737.41 80.333
3805.43 80.402
3874.68 80.511
3945.2 80.649
4017 80.795
4090.11 80.924
4164.55 81.005
4240.34 81.009
4317.51 80.909
4396.09 80.69
4476.1 80.354
4557.56 79.912
4640.5 79.391
4724.96 78.815
4810.95 78.207
4898.51 77.581
4987.66 76.949
5078.43 76.327
5170.86 75.727
5264.97 75.163
5360.79 74.649
5458.35 74.192
5557.69 73.793
5658.84 73.448
5761.82 73.154
5866.69 72.913
5973.46 72.723
6082.17 72.587
6192.87 72.514
6305.57 72.512
6420.33 72.591
6537.18 72.761
6656.15 73.035
6777.29 73.42
6900.63 73.924
7026.22 74.547
7154.1 75.279
7284.3 76.09
7416.87 76.929
7551.85 77.727
7689.29 78.401
7829.23 78.872
7971.72 79.08
8116.8 78.997
8264.53 78.64
8414.94 78.063
8568.09 77.349
8724.02 76.597
8882.79 75.896
9044.46 75.324
9209.06 74.934
9376.66 74.753
9547.31 74.78
9721.07 74.987
9897.99 75.312
10078.13 75.662
10261.55 75.926
10448.3 76.002
10638.45 75.815
10832.07 75.342
11029.21 74.613
11229.94 73.698
11434.32 72.685
11642.41 71.657
11854.3 70.685
12070.04 69.818
12289.71 69.093
12513.38 68.541
12741.12 68.189
12973 68.058
13209.1 68.152
13449.5 68.453
13694.28 68.912
13943.51 69.441
14197.27 69.926
14455.66 70.243
14718.74 70.302
14986.62 70.091
15259.37 69.682
15537.08 69.167
15819.85 68.576
16107.76 67.869
16400.92 67.018
16699.41 66.065
17003.33 65.146
17312.78 64.428
17627.86 63.977
17948.68 63.672
18275.34 63.298
18607.94 62.668
18946.6 61.716
19291.42 60.506
19642.52 59.165
20000 57.79