20 78.581
20.36 78.632
20.73 78.684
21.11 78.736
21.5 78.787
21.89 78.839
22.29 78.89
22.69 78.942
23.1 78.994
23.52 79.045
23.95 79.097
24.39 79.149
24.83 79.201
25.28 79.253
25.74 79.305
26.21 79.357
26.69 79.409
27.18 79.461
27.67 79.513
28.17 79.565
28.69 79.617
29.21 79.669
29.74 79.722
30.28 79.774
30.83 79.827
31.39 79.879
31.97 79.932
32.55 79.985
33.14 80.037
33.74 80.09
34.36 80.141
34.98 80.19
35.62 80.238
36.27 80.283
36.93 80.325
37.6 80.363
38.28 80.397
38.98 80.427
39.69 80.451
40.41 80.47
41.15 80.483
41.9 80.488
42.66 80.487
43.44 80.477
44.23 80.46
45.03 80.434
45.85 80.398
46.68 80.354
47.53 80.303
48.4 80.246
49.28 80.186
50.18 80.123
51.09 80.059
52.02 79.997
52.97 79.936
53.93 79.88
54.91 79.829
55.91 79.785
56.93 79.75
57.97 79.725
59.02 79.712
60.09 79.709
61.19 79.714
62.3 79.724
63.44 79.735
64.59 79.746
65.77 79.752
66.96 79.751
68.18 79.74
69.42 79.717
70.69 79.677
71.97 79.618
73.28 79.539
74.62 79.442
75.97 79.332
77.36 79.213
78.76 79.088
80.2 78.963
81.66 78.839
83.14 78.723
84.66 78.617
86.2 78.525
87.77 78.444
89.36 78.373
90.99 78.308
92.65 78.247
94.33 78.187
96.05 78.126
97.8 78.062
99.58 77.991
101.39 77.916
103.23 77.838
105.11 77.757
107.03 77.675
108.97 77.594
110.96 77.514
112.98 77.436
115.03 77.36
117.13 77.284
119.26 77.207
121.43 77.128
123.64 77.044
125.89 76.956
128.18 76.868
130.51 76.782
132.89 76.702
135.31 76.632
137.77 76.576
140.28 76.532
142.83 76.498
145.43 76.469
148.07 76.44
150.77 76.408
153.51 76.374
156.31 76.339
159.15 76.308
162.05 76.283
165 76.269
168 76.261
171.06 76.257
174.17 76.254
177.34 76.249
180.57 76.238
183.86 76.22
187.2 76.193
190.61 76.155
194.08 76.108
197.61 76.054
201.21 75.997
204.87 75.941
208.6 75.888
212.39 75.838
216.26 75.792
220.19 75.75
224.2 75.713
228.28 75.679
232.44 75.647
236.67 75.615
240.97 75.58
245.36 75.54
249.82 75.495
254.37 75.448
259 75.4
263.71 75.353
268.51 75.306
273.4 75.263
278.38 75.227
283.44 75.201
288.6 75.186
293.85 75.181
299.2 75.182
304.65 75.187
310.19 75.194
315.84 75.2
321.59 75.206
327.44 75.209
333.4 75.209
339.47 75.205
345.64 75.197
351.93 75.185
358.34 75.17
364.86 75.153
371.5 75.135
378.26 75.119
385.15 75.109
392.16 75.105
399.29 75.105
406.56 75.108
413.96 75.116
421.49 75.128
429.16 75.141
436.97 75.149
444.93 75.147
453.02 75.133
461.27 75.105
469.66 75.065
478.21 75.017
486.91 74.967
495.78 74.921
504.8 74.882
513.99 74.85
523.34 74.829
532.87 74.816
542.56 74.812
552.44 74.813
562.49 74.817
572.73 74.822
583.15 74.826
593.77 74.829
604.57 74.831
615.57 74.83
626.78 74.826
638.18 74.817
649.8 74.803
661.63 74.783
673.67 74.762
685.93 74.744
698.41 74.731
711.12 74.723
724.06 74.718
737.24 74.712
750.66 74.701
764.32 74.682
778.23 74.655
792.39 74.622
806.82 74.589
821.5 74.565
836.45 74.557
851.67 74.568
867.17 74.593
882.96 74.629
899.02 74.671
915.39 74.716
932.05 74.765
949.01 74.819
966.28 74.88
983.87 74.944
1001.77 75.006
1020 75.061
1038.57 75.106
1057.47 75.147
1076.71 75.19
1096.31 75.241
1116.26 75.303
1136.58 75.374
1157.26 75.453
1178.32 75.536
1199.77 75.619
1221.6 75.701
1243.84 75.783
1266.47 75.862
1289.52 75.938
1312.99 76.008
1336.89 76.074
1361.22 76.136
1385.99 76.194
1411.22 76.249
1436.9 76.296
1463.05 76.335
1489.68 76.367
1516.79 76.398
1544.4 76.435
1572.5 76.483
1601.12 76.548
1630.26 76.63
1659.93 76.73
1690.14 76.842
1720.9 76.961
1752.22 77.083
1784.11 77.207
1816.58 77.331
1849.64 77.45
1883.3 77.563
1917.58 77.671
1952.48 77.778
1988.01 77.884
2024.19 77.99
2061.03 78.096
2098.54 78.209
2136.73 78.334
2175.62 78.471
2215.22 78.617
2255.53 78.769
2296.58 78.923
2338.38 79.078
2380.94 79.234
2424.27 79.391
2468.39 79.547
2513.31 79.7
2559.05 79.845
2605.63 79.977
2653.05 80.091
2701.33 80.188
2750.5 80.269
2800.55 80.337
2851.52 80.393
2903.42 80.439
2956.26 80.477
3010.06 80.505
3064.85 80.523
3120.62 80.533
3177.42 80.538
3235.25 80.537
3294.13 80.53
3354.08 80.517
3415.12 80.494
3477.27 80.46
3540.56 80.415
3605 80.355
3670.6 80.281
3737.41 80.191
3805.43 80.09
3874.68 79.979
3945.2 79.866
4017 79.754
4090.11 79.645
4164.55 79.54
4240.34 79.437
4317.51 79.338
4396.09 79.239
4476.1 79.137
4557.56 79.034
4640.5 78.931
4724.96 78.833
4810.95 78.742
4898.51 78.659
4987.66 78.584
5078.43 78.512
5170.86 78.442
5264.97 78.374
5360.79 78.31
5458.35 78.251
5557.69 78.199
5658.84 78.152
5761.82 78.108
5866.69 78.061
5973.46 78.008
6082.17 77.946
6192.87 77.875
6305.57 77.8
6420.33 77.729
6537.18 77.674
6656.15 77.647
6777.29 77.659
6900.63 77.713
7026.22 77.804
7154.1 77.924
7284.3 78.062
7416.87 78.202
7551.85 78.328
7689.29 78.418
7829.23 78.451
7971.72 78.413
8116.8 78.298
8264.53 78.111
8414.94 77.866
8568.09 77.586
8724.02 77.291
8882.79 76.994
9044.46 76.702
9209.06 76.418
9376.66 76.154
9547.31 75.924
9721.07 75.739
9897.99 75.603
10078.13 75.509
10261.55 75.445
10448.3 75.399
10638.45 75.356
10832.07 75.307
11029.21 75.244
11229.94 75.164
11434.32 75.071
11642.41 74.968
11854.3 74.862
12070.04 74.755
12289.71 74.65
12513.38 74.546
12741.12 74.444
12973 74.347
13209.1 74.262
13449.5 74.2
13694.28 74.178
13943.51 74.214
14197.27 74.333
14455.66 74.556
14718.74 74.897
14986.62 75.347
15259.37 75.861
15537.08 76.349
15819.85 76.689
16107.76 76.773
16400.92 76.548
16699.41 76.042
17003.33 75.345
17312.78 74.565
17627.86 73.784
17948.68 73.046
18275.34 72.361
18607.94 71.714
18946.6 71.087
19291.42 70.472
19642.52 69.869
20000 69.271