20 81.461
20.36 81.501
20.73 81.542
21.11 81.582
21.5 81.622
21.89 81.662
22.29 81.701
22.69 81.74
23.1 81.779
23.52 81.818
23.95 81.857
24.39 81.895
24.83 81.932
25.28 81.969
25.74 82.006
26.21 82.042
26.69 82.077
27.18 82.112
27.67 82.147
28.17 82.18
28.69 82.213
29.21 82.246
29.74 82.277
30.28 82.307
30.83 82.337
31.39 82.366
31.97 82.394
32.55 82.421
33.14 82.447
33.74 82.472
34.36 82.496
34.98 82.517
35.62 82.538
36.27 82.556
36.93 82.571
37.6 82.585
38.28 82.596
38.98 82.604
39.69 82.609
40.41 82.611
41.15 82.61
41.9 82.605
42.66 82.595
43.44 82.583
44.23 82.566
45.03 82.544
45.85 82.518
46.68 82.488
47.53 82.455
48.4 82.419
49.28 82.381
50.18 82.343
51.09 82.305
52.02 82.267
52.97 82.232
53.93 82.199
54.91 82.169
55.91 82.144
56.93 82.123
57.97 82.109
59.02 82.101
60.09 82.1
61.19 82.102
62.3 82.107
63.44 82.111
64.59 82.113
65.77 82.111
66.96 82.104
68.18 82.088
69.42 82.062
70.69 82.025
71.97 81.973
73.28 81.907
74.62 81.829
75.97 81.741
77.36 81.648
78.76 81.553
80.2 81.459
81.66 81.369
83.14 81.288
84.66 81.217
86.2 81.159
87.77 81.112
89.36 81.071
90.99 81.033
92.65 80.995
94.33 80.954
96.05 80.904
97.8 80.843
99.58 80.769
101.39 80.684
103.23 80.59
105.11 80.49
107.03 80.388
108.97 80.286
110.96 80.187
112.98 80.094
115.03 80.005
117.13 79.919
119.26 79.835
121.43 79.751
123.64 79.666
125.89 79.581
128.18 79.493
130.51 79.406
132.89 79.32
135.31 79.236
137.77 79.155
140.28 79.077
142.83 78.999
145.43 78.922
148.07 78.843
150.77 78.761
153.51 78.675
156.31 78.587
159.15 78.499
162.05 78.411
165 78.324
168 78.238
171.06 78.149
174.17 78.056
177.34 77.956
180.57 77.851
183.86 77.74
187.2 77.627
190.61 77.513
194.08 77.401
197.61 77.294
201.21 77.193
204.87 77.102
208.6 77.019
212.39 76.945
216.26 76.879
220.19 76.819
224.2 76.763
228.28 76.708
232.44 76.653
236.67 76.594
240.97 76.531
245.36 76.46
249.82 76.382
254.37 76.3
259 76.213
263.71 76.124
268.51 76.035
273.4 75.949
278.38 75.866
283.44 75.785
288.6 75.706
293.85 75.63
299.2 75.555
304.65 75.484
310.19 75.414
315.84 75.343
321.59 75.271
327.44 75.195
333.4 75.118
339.47 75.042
345.64 74.969
351.93 74.902
358.34 74.841
364.86 74.785
371.5 74.733
378.26 74.682
385.15 74.632
392.16 74.584
399.29 74.538
406.56 74.494
413.96 74.449
421.49 74.402
429.16 74.351
436.97 74.298
444.93 74.246
453.02 74.197
461.27 74.151
469.66 74.109
478.21 74.072
486.91 74.037
495.78 74.005
504.8 73.974
513.99 73.944
523.34 73.914
532.87 73.886
542.56 73.863
552.44 73.844
562.49 73.829
572.73 73.816
583.15 73.803
593.77 73.787
604.57 73.767
615.57 73.744
626.78 73.72
638.18 73.697
649.8 73.676
661.63 73.662
673.67 73.653
685.93 73.65
698.41 73.652
711.12 73.656
724.06 73.663
737.24 73.676
750.66 73.699
764.32 73.733
778.23 73.779
792.39 73.838
806.82 73.908
821.5 73.983
836.45 74.06
851.67 74.134
867.17 74.207
882.96 74.282
899.02 74.362
915.39 74.451
932.05 74.548
949.01 74.651
966.28 74.761
983.87 74.881
1001.77 75.013
1020 75.159
1038.57 75.319
1057.47 75.487
1076.71 75.657
1096.31 75.827
1116.26 75.994
1136.58 76.16
1157.26 76.323
1178.32 76.479
1199.77 76.626
1221.6 76.764
1243.84 76.894
1266.47 77.02
1289.52 77.144
1312.99 77.269
1336.89 77.397
1361.22 77.533
1385.99 77.676
1411.22 77.822
1436.9 77.97
1463.05 78.123
1489.68 78.285
1516.79 78.46
1544.4 78.648
1572.5 78.845
1601.12 79.046
1630.26 79.245
1659.93 79.442
1690.14 79.638
1720.9 79.836
1752.22 80.04
1784.11 80.256
1816.58 80.483
1849.64 80.716
1883.3 80.951
1917.58 81.181
1952.48 81.402
1988.01 81.609
2024.19 81.795
2061.03 81.952
2098.54 82.073
2136.73 82.149
2175.62 82.177
2215.22 82.158
2255.53 82.094
2296.58 81.994
2338.38 81.867
2380.94 81.722
2424.27 81.568
2468.39 81.41
2513.31 81.255
2559.05 81.103
2605.63 80.954
2653.05 80.801
2701.33 80.635
2750.5 80.456
2800.55 80.264
2851.52 80.065
2903.42 79.862
2956.26 79.661
3010.06 79.468
3064.85 79.289
3120.62 79.124
3177.42 78.974
3235.25 78.843
3294.13 78.733
3354.08 78.644
3415.12 78.575
3477.27 78.528
3540.56 78.497
3605 78.482
3670.6 78.478
3737.41 78.485
3805.43 78.501
3874.68 78.526
3945.2 78.56
4017 78.602
4090.11 78.653
4164.55 78.717
4240.34 78.79
4317.51 78.87
4396.09 78.951
4476.1 79.028
4557.56 79.099
4640.5 79.162
4724.96 79.217
4810.95 79.266
4898.51 79.313
4987.66 79.355
5078.43 79.389
5170.86 79.412
5264.97 79.419
5360.79 79.405
5458.35 79.369
5557.69 79.305
5658.84 79.216
5761.82 79.106
5866.69 78.982
5973.46 78.852
6082.17 78.726
6192.87 78.613
6305.57 78.525
6420.33 78.472
6537.18 78.466
6656.15 78.517
6777.29 78.637
6900.63 78.838
7026.22 79.127
7154.1 79.506
7284.3 79.958
7416.87 80.448
7551.85 80.916
7689.29 81.283
7829.23 81.464
7971.72 81.379
8116.8 80.978
8264.53 80.247
8414.94 79.219
8568.09 77.968
8724.02 76.59
8882.79 75.182
9044.46 73.823
9209.06 72.565
9376.66 71.44
9547.31 70.464
9721.07 69.65
9897.99 69.018
10078.13 68.596
10261.55 68.417
10448.3 68.499
10638.45 68.829
10832.07 69.358
11029.21 70
11229.94 70.649
11434.32 71.199
11642.41 71.56
11854.3 71.681
12070.04 71.565
12289.71 71.264
12513.38 70.86
12741.12 70.431
12973 70.031
13209.1 69.675
13449.5 69.35
13694.28 69.025
13943.51 68.668
14197.27 68.262
14455.66 67.82
14718.74 67.377
14986.62 66.992
15259.37 66.716
15537.08 66.582
15819.85 66.593
16107.76 66.752
16400.92 67.072
16699.41 67.567
17003.33 68.231
17312.78 69.011
17627.86 69.783
17948.68 70.357
18275.34 70.522
18607.94 70.134
18946.6 69.195
19291.42 67.853
19642.52 66.313
20000 64.721