20 89.892
20.36 89.862
20.73 89.832
21.11 89.802
21.5 89.772
21.89 89.742
22.29 89.712
22.69 89.681
23.1 89.651
23.52 89.62
23.95 89.589
24.39 89.558
24.83 89.527
25.28 89.496
25.74 89.464
26.21 89.432
26.69 89.4
27.18 89.367
27.67 89.335
28.17 89.303
28.69 89.269
29.21 89.236
29.74 89.202
30.28 89.168
30.83 89.134
31.39 89.099
31.97 89.063
32.55 89.028
33.14 88.992
33.74 88.955
34.36 88.917
34.98 88.878
35.62 88.838
36.27 88.796
36.93 88.752
37.6 88.706
38.28 88.658
38.98 88.607
39.69 88.553
40.41 88.496
41.15 88.436
41.9 88.373
42.66 88.305
43.44 88.234
44.23 88.158
45.03 88.078
45.85 87.992
46.68 87.903
47.53 87.81
48.4 87.715
49.28 87.618
50.18 87.521
51.09 87.423
52.02 87.327
52.97 87.234
53.93 87.142
54.91 87.056
55.91 86.974
56.93 86.898
57.97 86.828
59.02 86.766
60.09 86.711
61.19 86.66
62.3 86.613
63.44 86.565
64.59 86.517
65.77 86.465
66.96 86.408
68.18 86.343
69.42 86.269
70.69 86.183
71.97 86.084
73.28 85.97
74.62 85.844
75.97 85.708
77.36 85.564
78.76 85.417
80.2 85.267
81.66 85.118
83.14 84.973
84.66 84.834
86.2 84.704
87.77 84.58
89.36 84.461
90.99 84.345
92.65 84.229
94.33 84.113
96.05 83.994
97.8 83.87
99.58 83.74
101.39 83.606
103.23 83.468
105.11 83.329
107.03 83.19
108.97 83.052
110.96 82.919
112.98 82.79
115.03 82.665
117.13 82.544
119.26 82.425
121.43 82.308
123.64 82.194
125.89 82.08
128.18 81.967
130.51 81.858
132.89 81.752
135.31 81.651
137.77 81.556
140.28 81.466
142.83 81.38
145.43 81.294
148.07 81.208
150.77 81.119
153.51 81.026
156.31 80.932
159.15 80.837
162.05 80.744
165 80.654
168 80.565
171.06 80.474
174.17 80.381
177.34 80.282
180.57 80.178
183.86 80.068
187.2 79.953
190.61 79.834
194.08 79.71
197.61 79.584
201.21 79.457
204.87 79.33
208.6 79.203
212.39 79.078
216.26 78.954
220.19 78.832
224.2 78.712
228.28 78.593
232.44 78.476
236.67 78.359
240.97 78.245
245.36 78.132
249.82 78.019
254.37 77.905
259 77.789
263.71 77.67
268.51 77.55
273.4 77.43
278.38 77.308
283.44 77.187
288.6 77.065
293.85 76.944
299.2 76.821
304.65 76.701
310.19 76.582
315.84 76.466
321.59 76.352
327.44 76.24
333.4 76.134
339.47 76.035
345.64 75.945
351.93 75.866
358.34 75.796
364.86 75.734
371.5 75.674
378.26 75.615
385.15 75.556
392.16 75.494
399.29 75.431
406.56 75.368
413.96 75.307
421.49 75.246
429.16 75.182
436.97 75.114
444.93 75.042
453.02 74.966
461.27 74.891
469.66 74.817
478.21 74.749
486.91 74.687
495.78 74.63
504.8 74.578
513.99 74.527
523.34 74.476
532.87 74.423
542.56 74.371
552.44 74.319
562.49 74.269
572.73 74.222
583.15 74.177
593.77 74.134
604.57 74.091
615.57 74.053
626.78 74.02
638.18 73.993
649.8 73.973
661.63 73.956
673.67 73.938
685.93 73.922
698.41 73.907
711.12 73.896
724.06 73.889
737.24 73.887
750.66 73.891
764.32 73.903
778.23 73.922
792.39 73.951
806.82 73.988
821.5 74.034
836.45 74.086
851.67 74.142
867.17 74.202
882.96 74.272
899.02 74.352
915.39 74.444
932.05 74.546
949.01 74.655
966.28 74.77
983.87 74.888
1001.77 75.012
1020 75.142
1038.57 75.276
1057.47 75.414
1076.71 75.556
1096.31 75.703
1116.26 75.856
1136.58 76.018
1157.26 76.189
1178.32 76.364
1199.77 76.537
1221.6 76.703
1243.84 76.859
1266.47 77.005
1289.52 77.144
1312.99 77.28
1336.89 77.416
1361.22 77.556
1385.99 77.698
1411.22 77.84
1436.9 77.979
1463.05 78.113
1489.68 78.244
1516.79 78.372
1544.4 78.501
1572.5 78.633
1601.12 78.769
1630.26 78.911
1659.93 79.06
1690.14 79.216
1720.9 79.379
1752.22 79.552
1784.11 79.735
1816.58 79.924
1849.64 80.111
1883.3 80.295
1917.58 80.476
1952.48 80.653
1988.01 80.829
2024.19 81.003
2061.03 81.171
2098.54 81.333
2136.73 81.493
2175.62 81.652
2215.22 81.809
2255.53 81.963
2296.58 82.112
2338.38 82.251
2380.94 82.375
2424.27 82.478
2468.39 82.562
2513.31 82.627
2559.05 82.675
2605.63 82.708
2653.05 82.73
2701.33 82.745
2750.5 82.756
2800.55 82.767
2851.52 82.779
2903.42 82.789
2956.26 82.794
3010.06 82.792
3064.85 82.78
3120.62 82.751
3177.42 82.7
3235.25 82.629
3294.13 82.543
3354.08 82.448
3415.12 82.351
3477.27 82.255
3540.56 82.166
3605 82.084
3670.6 82.009
3737.41 81.941
3805.43 81.88
3874.68 81.822
3945.2 81.769
4017 81.719
4090.11 81.665
4164.55 81.602
4240.34 81.526
4317.51 81.436
4396.09 81.33
4476.1 81.209
4557.56 81.072
4640.5 80.916
4724.96 80.741
4810.95 80.548
4898.51 80.338
4987.66 80.115
5078.43 79.878
5170.86 79.63
5264.97 79.373
5360.79 79.108
5458.35 78.837
5557.69 78.562
5658.84 78.289
5761.82 78.024
5866.69 77.775
5973.46 77.546
6082.17 77.345
6192.87 77.18
6305.57 77.057
6420.33 76.987
6537.18 76.984
6656.15 77.06
6777.29 77.224
6900.63 77.482
7026.22 77.833
7154.1 78.264
7284.3 78.747
7416.87 79.238
7551.85 79.675
7689.29 79.99
7829.23 80.117
7971.72 80.003
8116.8 79.621
8264.53 78.967
8414.94 78.069
8568.09 76.981
8724.02 75.769
8882.79 74.505
9044.46 73.245
9209.06 72.03
9376.66 70.89
9547.31 69.841
9721.07 68.898
9897.99 68.074
10078.13 67.392
10261.55 66.877
10448.3 66.554
10638.45 66.443
10832.07 66.56
11029.21 66.911
11229.94 67.487
11434.32 68.262
11642.41 69.189
11854.3 70.209
12070.04 71.243
12289.71 72.198
12513.38 72.976
12741.12 73.489
12973 73.684
13209.1 73.555
13449.5 73.153
13694.28 72.568
13943.51 71.903
14197.27 71.26
14455.66 70.718
14718.74 70.327
14986.62 70.096
15259.37 69.983
15537.08 69.897
15819.85 69.714
16107.76 69.31
16400.92 68.604
16699.41 67.584
17003.33 66.305
17312.78 64.866
17627.86 63.373
17948.68 61.913
18275.34 60.535
18607.94 59.25
18946.6 58.04
19291.42 56.885
19642.52 55.767
20000 54.663