20 83.162
20.36 83.311
20.73 83.46
21.11 83.608
21.5 83.756
21.89 83.903
22.29 84.048
22.69 84.192
23.1 84.334
23.52 84.475
23.95 84.614
24.39 84.75
24.83 84.884
25.28 85.016
25.74 85.145
26.21 85.271
26.69 85.393
27.18 85.514
27.67 85.629
28.17 85.742
28.69 85.85
29.21 85.954
29.74 86.054
30.28 86.15
30.83 86.241
31.39 86.327
31.97 86.408
32.55 86.484
33.14 86.554
33.74 86.62
34.36 86.68
34.98 86.735
35.62 86.786
36.27 86.832
36.93 86.873
37.6 86.911
38.28 86.945
38.98 86.974
39.69 87
40.41 87.023
41.15 87.042
41.9 87.058
42.66 87.071
43.44 87.081
44.23 87.089
45.03 87.095
45.85 87.097
46.68 87.098
47.53 87.096
48.4 87.091
49.28 87.082
50.18 87.071
51.09 87.055
52.02 87.035
52.97 87.011
53.93 86.982
54.91 86.948
55.91 86.909
56.93 86.863
57.97 86.813
59.02 86.756
60.09 86.693
61.19 86.626
62.3 86.554
63.44 86.48
64.59 86.405
65.77 86.328
66.96 86.25
68.18 86.175
69.42 86.101
70.69 86.03
71.97 85.962
73.28 85.899
74.62 85.837
75.97 85.774
77.36 85.707
78.76 85.634
80.2 85.55
81.66 85.454
83.14 85.343
84.66 85.214
86.2 85.065
87.77 84.898
89.36 84.714
90.99 84.516
92.65 84.307
94.33 84.087
96.05 83.859
97.8 83.626
99.58 83.388
101.39 83.147
103.23 82.902
105.11 82.653
107.03 82.4
108.97 82.143
110.96 81.882
112.98 81.616
115.03 81.347
117.13 81.073
119.26 80.793
121.43 80.508
123.64 80.219
125.89 79.924
128.18 79.627
130.51 79.332
132.89 79.04
135.31 78.755
137.77 78.481
140.28 78.222
142.83 77.98
145.43 77.76
148.07 77.563
150.77 77.395
153.51 77.254
156.31 77.139
159.15 77.047
162.05 76.975
165 76.919
168 76.883
171.06 76.867
174.17 76.874
177.34 76.904
180.57 76.955
183.86 77.018
187.2 77.089
190.61 77.157
194.08 77.22
197.61 77.276
201.21 77.324
204.87 77.363
208.6 77.394
212.39 77.416
216.26 77.433
220.19 77.443
224.2 77.444
228.28 77.435
232.44 77.415
236.67 77.391
240.97 77.368
245.36 77.353
249.82 77.344
254.37 77.335
259 77.324
263.71 77.311
268.51 77.295
273.4 77.279
278.38 77.259
283.44 77.234
288.6 77.205
293.85 77.168
299.2 77.124
304.65 77.075
310.19 77.022
315.84 76.966
321.59 76.91
327.44 76.853
333.4 76.795
339.47 76.737
345.64 76.681
351.93 76.626
358.34 76.574
364.86 76.525
371.5 76.485
378.26 76.459
385.15 76.448
392.16 76.452
399.29 76.469
406.56 76.491
413.96 76.516
421.49 76.537
429.16 76.553
436.97 76.566
444.93 76.579
453.02 76.589
461.27 76.595
469.66 76.594
478.21 76.585
486.91 76.569
495.78 76.552
504.8 76.531
513.99 76.507
523.34 76.483
532.87 76.459
542.56 76.433
552.44 76.403
562.49 76.369
572.73 76.326
583.15 76.278
593.77 76.225
604.57 76.17
615.57 76.112
626.78 76.048
638.18 75.976
649.8 75.892
661.63 75.796
673.67 75.684
685.93 75.558
698.41 75.418
711.12 75.267
724.06 75.111
737.24 74.956
750.66 74.811
764.32 74.681
778.23 74.568
792.39 74.478
806.82 74.411
821.5 74.37
836.45 74.354
851.67 74.362
867.17 74.386
882.96 74.425
899.02 74.474
915.39 74.531
932.05 74.599
949.01 74.679
966.28 74.774
983.87 74.886
1001.77 75.012
1020 75.147
1038.57 75.285
1057.47 75.423
1076.71 75.561
1096.31 75.698
1116.26 75.837
1136.58 75.975
1157.26 76.112
1178.32 76.241
1199.77 76.359
1221.6 76.458
1243.84 76.541
1266.47 76.611
1289.52 76.671
1312.99 76.726
1336.89 76.778
1361.22 76.828
1385.99 76.876
1411.22 76.918
1436.9 76.952
1463.05 76.98
1489.68 77.001
1516.79 77.018
1544.4 77.029
1572.5 77.035
1601.12 77.041
1630.26 77.05
1659.93 77.064
1690.14 77.086
1720.9 77.123
1752.22 77.176
1784.11 77.243
1816.58 77.313
1849.64 77.383
1883.3 77.449
1917.58 77.518
1952.48 77.598
1988.01 77.693
2024.19 77.81
2061.03 77.946
2098.54 78.095
2136.73 78.252
2175.62 78.414
2215.22 78.579
2255.53 78.747
2296.58 78.915
2338.38 79.082
2380.94 79.241
2424.27 79.397
2468.39 79.552
2513.31 79.709
2559.05 79.871
2605.63 80.036
2653.05 80.203
2701.33 80.37
2750.5 80.535
2800.55 80.692
2851.52 80.838
2903.42 80.972
2956.26 81.094
3010.06 81.203
3064.85 81.299
3120.62 81.379
3177.42 81.441
3235.25 81.485
3294.13 81.509
3354.08 81.517
3415.12 81.507
3477.27 81.484
3540.56 81.448
3605 81.397
3670.6 81.328
3737.41 81.234
3805.43 81.107
3874.68 80.938
3945.2 80.722
4017 80.46
4090.11 80.159
4164.55 79.842
4240.34 79.534
4317.51 79.27
4396.09 79.077
4476.1 78.965
4557.56 78.925
4640.5 78.946
4724.96 79.003
4810.95 79.07
4898.51 79.117
4987.66 79.118
5078.43 79.058
5170.86 78.932
5264.97 78.746
5360.79 78.511
5458.35 78.245
5557.69 77.973
5658.84 77.724
5761.82 77.525
5866.69 77.407
5973.46 77.389
6082.17 77.476
6192.87 77.658
6305.57 77.919
6420.33 78.238
6537.18 78.593
6656.15 78.969
6777.29 79.357
6900.63 79.755
7026.22 80.166
7154.1 80.593
7284.3 81.033
7416.87 81.474
7551.85 81.893
7689.29 82.261
7829.23 82.539
7971.72 82.684
8116.8 82.656
8264.53 82.434
8414.94 82.019
8568.09 81.444
8724.02 80.767
8882.79 80.061
9044.46 79.413
9209.06 78.915
9376.66 78.652
9547.31 78.683
9721.07 79.036
9897.99 79.684
10078.13 80.545
10261.55 81.487
10448.3 82.353
10638.45 82.974
10832.07 83.199
11029.21 82.94
11229.94 82.201
11434.32 81.093
11642.41 79.793
11854.3 78.503
12070.04 77.4
12289.71 76.588
12513.38 76.084
12741.12 75.823
12973 75.682
13209.1 75.524
13449.5 75.225
13694.28 74.708
13943.51 73.95
14197.27 72.97
14455.66 71.798
14718.74 70.461
14986.62 68.989
15259.37 67.427
15537.08 65.846
15819.85 64.317
16107.76 62.879
16400.92 61.526
16699.41 60.213
17003.33 58.89
17312.78 57.547
17627.86 56.245
17948.68 55.079
18275.34 54.114
18607.94 53.356
18946.6 52.764
19291.42 52.282
19642.52 51.859
20000 51.454