20 82.433
20.36 82.456
20.73 82.479
21.11 82.502
21.5 82.525
21.89 82.548
22.29 82.57
22.69 82.593
23.1 82.615
23.52 82.637
23.95 82.659
24.39 82.68
24.83 82.701
25.28 82.722
25.74 82.742
26.21 82.763
26.69 82.782
27.18 82.802
27.67 82.821
28.17 82.839
28.69 82.857
29.21 82.875
29.74 82.892
30.28 82.908
30.83 82.924
31.39 82.94
31.97 82.954
32.55 82.968
33.14 82.982
33.74 82.994
34.36 83.006
34.98 83.016
35.62 83.025
36.27 83.032
36.93 83.037
37.6 83.04
38.28 83.041
38.98 83.04
39.69 83.036
40.41 83.029
41.15 83.019
41.9 83.007
42.66 82.99
43.44 82.971
44.23 82.947
45.03 82.92
45.85 82.888
46.68 82.853
47.53 82.815
48.4 82.774
49.28 82.731
50.18 82.688
51.09 82.644
52.02 82.6
52.97 82.556
53.93 82.515
54.91 82.475
55.91 82.438
56.93 82.405
57.97 82.376
59.02 82.352
60.09 82.332
61.19 82.314
62.3 82.297
63.44 82.279
64.59 82.258
65.77 82.233
66.96 82.203
68.18 82.164
69.42 82.116
70.69 82.057
71.97 81.986
73.28 81.901
74.62 81.805
75.97 81.7
77.36 81.588
78.76 81.472
80.2 81.355
81.66 81.239
83.14 81.126
84.66 81.02
86.2 80.921
87.77 80.831
89.36 80.747
90.99 80.669
92.65 80.596
94.33 80.527
96.05 80.461
97.8 80.398
99.58 80.336
101.39 80.276
103.23 80.215
105.11 80.154
107.03 80.092
108.97 80.028
110.96 79.961
112.98 79.891
115.03 79.818
117.13 79.742
119.26 79.661
121.43 79.575
123.64 79.485
125.89 79.39
128.18 79.292
130.51 79.19
132.89 79.088
135.31 78.984
137.77 78.882
140.28 78.78
142.83 78.68
145.43 78.583
148.07 78.489
150.77 78.397
153.51 78.31
156.31 78.224
159.15 78.139
162.05 78.055
165 77.97
168 77.886
171.06 77.804
174.17 77.724
177.34 77.649
180.57 77.578
183.86 77.508
187.2 77.439
190.61 77.368
194.08 77.295
197.61 77.222
201.21 77.148
204.87 77.074
208.6 77.003
212.39 76.931
216.26 76.86
220.19 76.788
224.2 76.716
228.28 76.641
232.44 76.565
236.67 76.486
240.97 76.405
245.36 76.324
249.82 76.241
254.37 76.158
259 76.073
263.71 75.989
268.51 75.907
273.4 75.828
278.38 75.751
283.44 75.675
288.6 75.602
293.85 75.531
299.2 75.464
304.65 75.401
310.19 75.342
315.84 75.285
321.59 75.228
327.44 75.169
333.4 75.108
339.47 75.047
345.64 74.991
351.93 74.943
358.34 74.902
364.86 74.865
371.5 74.83
378.26 74.796
385.15 74.762
392.16 74.73
399.29 74.699
406.56 74.671
413.96 74.641
421.49 74.609
429.16 74.573
436.97 74.535
444.93 74.492
453.02 74.447
461.27 74.4
469.66 74.355
478.21 74.314
486.91 74.279
495.78 74.252
504.8 74.23
513.99 74.212
523.34 74.197
532.87 74.182
542.56 74.169
552.44 74.157
562.49 74.144
572.73 74.127
583.15 74.108
593.77 74.085
604.57 74.06
615.57 74.034
626.78 74.009
638.18 73.99
649.8 73.977
661.63 73.971
673.67 73.972
685.93 73.98
698.41 73.994
711.12 74.013
724.06 74.034
737.24 74.056
750.66 74.076
764.32 74.098
778.23 74.123
792.39 74.15
806.82 74.179
821.5 74.212
836.45 74.248
851.67 74.289
867.17 74.336
882.96 74.39
899.02 74.453
915.39 74.524
932.05 74.605
949.01 74.693
966.28 74.788
983.87 74.893
1001.77 75.012
1020 75.146
1038.57 75.298
1057.47 75.465
1076.71 75.648
1096.31 75.846
1116.26 76.057
1136.58 76.284
1157.26 76.526
1178.32 76.78
1199.77 77.039
1221.6 77.296
1243.84 77.549
1266.47 77.797
1289.52 78.038
1312.99 78.274
1336.89 78.506
1361.22 78.736
1385.99 78.96
1411.22 79.177
1436.9 79.386
1463.05 79.589
1489.68 79.79
1516.79 79.991
1544.4 80.195
1572.5 80.403
1601.12 80.614
1630.26 80.825
1659.93 81.039
1690.14 81.256
1720.9 81.478
1752.22 81.703
1784.11 81.929
1816.58 82.155
1849.64 82.376
1883.3 82.59
1917.58 82.794
1952.48 82.983
1988.01 83.151
2024.19 83.294
2061.03 83.408
2098.54 83.495
2136.73 83.558
2175.62 83.598
2215.22 83.616
2255.53 83.615
2296.58 83.594
2338.38 83.555
2380.94 83.497
2424.27 83.427
2468.39 83.351
2513.31 83.271
2559.05 83.19
2605.63 83.107
2653.05 83.021
2701.33 82.934
2750.5 82.852
2800.55 82.779
2851.52 82.721
2903.42 82.678
2956.26 82.647
3010.06 82.63
3064.85 82.63
3120.62 82.651
3177.42 82.693
3235.25 82.759
3294.13 82.849
3354.08 82.963
3415.12 83.1
3477.27 83.257
3540.56 83.431
3605 83.617
3670.6 83.81
3737.41 84
3805.43 84.171
3874.68 84.303
3945.2 84.373
4017 84.357
4090.11 84.235
4164.55 83.99
4240.34 83.619
4317.51 83.13
4396.09 82.546
4476.1 81.895
4557.56 81.206
4640.5 80.506
4724.96 79.818
4810.95 79.15
4898.51 78.506
4987.66 77.886
5078.43 77.294
5170.86 76.736
5264.97 76.222
5360.79 75.764
5458.35 75.369
5557.69 75.046
5658.84 74.793
5761.82 74.608
5866.69 74.483
5973.46 74.416
6082.17 74.41
6192.87 74.475
6305.57 74.616
6420.33 74.837
6537.18 75.134
6656.15 75.495
6777.29 75.897
6900.63 76.321
7026.22 76.745
7154.1 77.152
7284.3 77.525
7416.87 77.853
7551.85 78.129
7689.29 78.341
7829.23 78.482
7971.72 78.541
8116.8 78.503
8264.53 78.353
8414.94 78.073
8568.09 77.651
8724.02 77.084
8882.79 76.387
9044.46 75.595
9209.06 74.757
9376.66 73.934
9547.31 73.183
9721.07 72.551
9897.99 72.071
10078.13 71.746
10261.55 71.547
10448.3 71.428
10638.45 71.345
10832.07 71.274
11029.21 71.22
11229.94 71.211
11434.32 71.292
11642.41 71.505
11854.3 71.875
12070.04 72.387
12289.71 72.98
12513.38 73.557
12741.12 74.018
12973 74.292
13209.1 74.364
13449.5 74.278
13694.28 74.121
13943.51 73.99
14197.27 73.957
14455.66 74.046
14718.74 74.239
14986.62 74.479
15259.37 74.684
15537.08 74.769
15819.85 74.659
16107.76 74.32
16400.92 73.775
16699.41 73.079
17003.33 72.274
17312.78 71.403
17627.86 70.508
17948.68 69.611
18275.34 68.714
18607.94 67.802
18946.6 66.859
19291.42 65.88
19642.52 64.881
20000 63.876