20 81.361
20.36 81.372
20.73 81.383
21.11 81.394
21.5 81.405
21.89 81.417
22.29 81.428
22.69 81.44
23.1 81.451
23.52 81.462
23.95 81.474
24.39 81.485
24.83 81.498
25.28 81.51
25.74 81.522
26.21 81.534
26.69 81.546
27.18 81.559
27.67 81.572
28.17 81.585
28.69 81.599
29.21 81.612
29.74 81.626
30.28 81.64
30.83 81.654
31.39 81.669
31.97 81.683
32.55 81.699
33.14 81.714
33.74 81.729
34.36 81.745
34.98 81.76
35.62 81.775
36.27 81.789
36.93 81.802
37.6 81.815
38.28 81.826
38.98 81.836
39.69 81.844
40.41 81.851
41.15 81.855
41.9 81.858
42.66 81.859
43.44 81.857
44.23 81.853
45.03 81.845
45.85 81.835
46.68 81.822
47.53 81.806
48.4 81.787
49.28 81.767
50.18 81.743
51.09 81.716
52.02 81.688
52.97 81.656
53.93 81.623
54.91 81.588
55.91 81.55
56.93 81.512
57.97 81.47
59.02 81.427
60.09 81.383
61.19 81.337
62.3 81.288
63.44 81.238
64.59 81.186
65.77 81.131
66.96 81.075
68.18 81.015
69.42 80.954
70.69 80.891
71.97 80.824
73.28 80.755
74.62 80.684
75.97 80.612
77.36 80.537
78.76 80.462
80.2 80.387
81.66 80.311
83.14 80.236
84.66 80.161
86.2 80.087
87.77 80.014
89.36 79.941
90.99 79.869
92.65 79.797
94.33 79.724
96.05 79.651
97.8 79.576
99.58 79.502
101.39 79.425
103.23 79.348
105.11 79.27
107.03 79.191
108.97 79.112
110.96 79.033
112.98 78.953
115.03 78.871
117.13 78.789
119.26 78.704
121.43 78.617
123.64 78.526
125.89 78.43
128.18 78.332
130.51 78.232
132.89 78.13
135.31 78.027
137.77 77.924
140.28 77.822
142.83 77.72
145.43 77.621
148.07 77.522
150.77 77.424
153.51 77.329
156.31 77.234
159.15 77.138
162.05 77.042
165 76.944
168 76.844
171.06 76.742
174.17 76.638
177.34 76.53
180.57 76.42
183.86 76.308
187.2 76.196
190.61 76.082
194.08 75.97
197.61 75.857
201.21 75.746
204.87 75.635
208.6 75.525
212.39 75.416
216.26 75.308
220.19 75.2
224.2 75.092
228.28 74.981
232.44 74.867
236.67 74.751
240.97 74.633
245.36 74.515
249.82 74.398
254.37 74.283
259 74.171
263.71 74.062
268.51 73.958
273.4 73.857
278.38 73.757
283.44 73.657
288.6 73.555
293.85 73.452
299.2 73.35
304.65 73.251
310.19 73.158
315.84 73.07
321.59 72.986
327.44 72.906
333.4 72.831
339.47 72.76
345.64 72.691
351.93 72.622
358.34 72.553
364.86 72.486
371.5 72.419
378.26 72.353
385.15 72.291
392.16 72.232
399.29 72.177
406.56 72.125
413.96 72.074
421.49 72.022
429.16 71.969
436.97 71.914
444.93 71.86
453.02 71.805
461.27 71.753
469.66 71.706
478.21 71.666
486.91 71.633
495.78 71.609
504.8 71.596
513.99 71.594
523.34 71.602
532.87 71.619
542.56 71.643
552.44 71.671
562.49 71.7
572.73 71.732
583.15 71.766
593.77 71.804
604.57 71.846
615.57 71.893
626.78 71.946
638.18 72.005
649.8 72.072
661.63 72.146
673.67 72.227
685.93 72.314
698.41 72.407
711.12 72.503
724.06 72.604
737.24 72.708
750.66 72.815
764.32 72.922
778.23 73.029
792.39 73.137
806.82 73.248
821.5 73.364
836.45 73.486
851.67 73.613
867.17 73.747
882.96 73.886
899.02 74.03
915.39 74.178
932.05 74.331
949.01 74.491
966.28 74.658
983.87 74.834
1001.77 75.018
1020 75.209
1038.57 75.405
1057.47 75.608
1076.71 75.816
1096.31 76.031
1116.26 76.25
1136.58 76.475
1157.26 76.702
1178.32 76.924
1199.77 77.135
1221.6 77.329
1243.84 77.502
1266.47 77.653
1289.52 77.781
1312.99 77.888
1336.89 77.975
1361.22 78.046
1385.99 78.101
1411.22 78.142
1436.9 78.172
1463.05 78.197
1489.68 78.219
1516.79 78.237
1544.4 78.255
1572.5 78.274
1601.12 78.297
1630.26 78.325
1659.93 78.358
1690.14 78.397
1720.9 78.443
1752.22 78.497
1784.11 78.558
1816.58 78.627
1849.64 78.703
1883.3 78.785
1917.58 78.874
1952.48 78.967
1988.01 79.063
2024.19 79.16
2061.03 79.257
2098.54 79.352
2136.73 79.439
2175.62 79.517
2215.22 79.581
2255.53 79.625
2296.58 79.642
2338.38 79.628
2380.94 79.575
2424.27 79.479
2468.39 79.337
2513.31 79.141
2559.05 78.89
2605.63 78.587
2653.05 78.239
2701.33 77.862
2750.5 77.481
2800.55 77.129
2851.52 76.835
2903.42 76.622
2956.26 76.5
3010.06 76.467
3064.85 76.51
3120.62 76.611
3177.42 76.747
3235.25 76.894
3294.13 77.033
3354.08 77.149
3415.12 77.238
3477.27 77.307
3540.56 77.365
3605 77.427
3670.6 77.505
3737.41 77.611
3805.43 77.751
3874.68 77.928
3945.2 78.139
4017 78.372
4090.11 78.609
4164.55 78.824
4240.34 78.98
4317.51 79.039
4396.09 78.965
4476.1 78.732
4557.56 78.328
4640.5 77.754
4724.96 77.031
4810.95 76.194
4898.51 75.289
4987.66 74.376
5078.43 73.52
5170.86 72.783
5264.97 72.223
5360.79 71.883
5458.35 71.79
5557.69 71.946
5658.84 72.324
5761.82 72.874
5866.69 73.522
5973.46 74.182
6082.17 74.771
6192.87 75.22
6305.57 75.489
6420.33 75.579
6537.18 75.523
6656.15 75.379
6777.29 75.213
6900.63 75.084
7026.22 75.034
7154.1 75.083
7284.3 75.237
7416.87 75.49
7551.85 75.836
7689.29 76.27
7829.23 76.785
7971.72 77.363
8116.8 77.97
8264.53 78.557
8414.94 79.058
8568.09 79.411
8724.02 79.567
8882.79 79.51
9044.46 79.261
9209.06 78.872
9376.66 78.411
9547.31 77.943
9721.07 77.519
9897.99 77.169
10078.13 76.894
10261.55 76.681
10448.3 76.509
10638.45 76.371
10832.07 76.28
11029.21 76.257
11229.94 76.318
11434.32 76.459
11642.41 76.65
11854.3 76.842
12070.04 76.979
12289.71 77.009
12513.38 76.896
12741.12 76.616
12973 76.154
13209.1 75.5
13449.5 74.64
13694.28 73.559
13943.51 72.246
14197.27 70.709
14455.66 68.981
14718.74 67.116
14986.62 65.193
15259.37 63.301
15537.08 61.54
15819.85 60.009
16107.76 58.784
16400.92 57.921
16699.41 57.443
17003.33 57.338
17312.78 57.553
17627.86 58.009
17948.68 58.611
18275.34 59.262
18607.94 59.883
18946.6 60.429
19291.42 60.894
19642.52 61.3
20000 61.686