20 82.306
20.36 82.387
20.73 82.468
21.11 82.548
21.5 82.627
21.89 82.705
22.29 82.782
22.69 82.856
23.1 82.929
23.52 82.999
23.95 83.068
24.39 83.134
24.83 83.196
25.28 83.256
25.74 83.312
26.21 83.364
26.69 83.413
27.18 83.458
27.67 83.498
28.17 83.534
28.69 83.565
29.21 83.591
29.74 83.611
30.28 83.626
30.83 83.636
31.39 83.64
31.97 83.637
32.55 83.627
33.14 83.612
33.74 83.59
34.36 83.563
34.98 83.531
35.62 83.494
36.27 83.454
36.93 83.41
37.6 83.363
38.28 83.314
38.98 83.264
39.69 83.212
40.41 83.16
41.15 83.108
41.9 83.056
42.66 83.005
43.44 82.956
44.23 82.909
45.03 82.864
45.85 82.823
46.68 82.785
47.53 82.75
48.4 82.718
49.28 82.69
50.18 82.663
51.09 82.639
52.02 82.617
52.97 82.599
53.93 82.581
54.91 82.565
55.91 82.552
56.93 82.539
57.97 82.528
59.02 82.518
60.09 82.509
61.19 82.499
62.3 82.488
63.44 82.476
64.59 82.459
65.77 82.44
66.96 82.415
68.18 82.385
69.42 82.349
70.69 82.305
71.97 82.253
73.28 82.192
74.62 82.123
75.97 82.047
77.36 81.966
78.76 81.879
80.2 81.788
81.66 81.695
83.14 81.6
84.66 81.504
86.2 81.408
87.77 81.313
89.36 81.22
90.99 81.13
92.65 81.043
94.33 80.961
96.05 80.884
97.8 80.813
99.58 80.749
101.39 80.69
103.23 80.633
105.11 80.578
107.03 80.522
108.97 80.463
110.96 80.401
112.98 80.333
115.03 80.259
117.13 80.181
119.26 80.1
121.43 80.016
123.64 79.931
125.89 79.845
128.18 79.758
130.51 79.672
132.89 79.587
135.31 79.503
137.77 79.421
140.28 79.34
142.83 79.259
145.43 79.177
148.07 79.092
150.77 79.005
153.51 78.914
156.31 78.821
159.15 78.726
162.05 78.63
165 78.534
168 78.438
171.06 78.344
174.17 78.25
177.34 78.158
180.57 78.066
183.86 77.974
187.2 77.881
190.61 77.784
194.08 77.686
197.61 77.587
201.21 77.488
204.87 77.392
208.6 77.297
212.39 77.202
216.26 77.105
220.19 77.007
224.2 76.907
228.28 76.807
232.44 76.707
236.67 76.606
240.97 76.505
245.36 76.403
249.82 76.299
254.37 76.192
259 76.084
263.71 75.975
268.51 75.868
273.4 75.765
278.38 75.667
283.44 75.574
288.6 75.487
293.85 75.404
299.2 75.324
304.65 75.245
310.19 75.166
315.84 75.089
321.59 75.014
327.44 74.943
333.4 74.876
339.47 74.814
345.64 74.755
351.93 74.699
358.34 74.645
364.86 74.59
371.5 74.53
378.26 74.467
385.15 74.4
392.16 74.331
399.29 74.26
406.56 74.192
413.96 74.127
421.49 74.069
429.16 74.017
436.97 73.97
444.93 73.928
453.02 73.888
461.27 73.853
469.66 73.82
478.21 73.791
486.91 73.767
495.78 73.746
504.8 73.728
513.99 73.71
523.34 73.694
532.87 73.679
542.56 73.666
552.44 73.654
562.49 73.646
572.73 73.644
583.15 73.647
593.77 73.654
604.57 73.664
615.57 73.673
626.78 73.683
638.18 73.692
649.8 73.702
661.63 73.715
673.67 73.732
685.93 73.755
698.41 73.784
711.12 73.82
724.06 73.862
737.24 73.908
750.66 73.955
764.32 74
778.23 74.04
792.39 74.074
806.82 74.105
821.5 74.135
836.45 74.169
851.67 74.208
867.17 74.253
882.96 74.306
899.02 74.367
915.39 74.441
932.05 74.526
949.01 74.625
966.28 74.739
983.87 74.869
1001.77 75.014
1020 75.176
1038.57 75.351
1057.47 75.538
1076.71 75.734
1096.31 75.939
1116.26 76.155
1136.58 76.381
1157.26 76.615
1178.32 76.85
1199.77 77.077
1221.6 77.293
1243.84 77.496
1266.47 77.686
1289.52 77.865
1312.99 78.032
1336.89 78.189
1361.22 78.338
1385.99 78.476
1411.22 78.599
1436.9 78.709
1463.05 78.809
1489.68 78.903
1516.79 78.997
1544.4 79.092
1572.5 79.191
1601.12 79.291
1630.26 79.393
1659.93 79.499
1690.14 79.605
1720.9 79.711
1752.22 79.815
1784.11 79.92
1816.58 80.024
1849.64 80.127
1883.3 80.227
1917.58 80.321
1952.48 80.409
1988.01 80.489
2024.19 80.563
2061.03 80.629
2098.54 80.689
2136.73 80.742
2175.62 80.786
2215.22 80.819
2255.53 80.834
2296.58 80.825
2338.38 80.786
2380.94 80.712
2424.27 80.598
2468.39 80.443
2513.31 80.243
2559.05 79.999
2605.63 79.716
2653.05 79.405
2701.33 79.088
2750.5 78.793
2800.55 78.552
2851.52 78.39
2903.42 78.319
2956.26 78.337
3010.06 78.433
3064.85 78.588
3120.62 78.778
3177.42 78.979
3235.25 79.17
3294.13 79.333
3354.08 79.462
3415.12 79.56
3477.27 79.636
3540.56 79.701
3605 79.768
3670.6 79.849
3737.41 79.952
3805.43 80.079
3874.68 80.227
3945.2 80.393
4017 80.565
4090.11 80.724
4164.55 80.847
4240.34 80.905
4317.51 80.872
4396.09 80.727
4476.1 80.457
4557.56 80.06
4640.5 79.544
4724.96 78.924
4810.95 78.227
4898.51 77.492
4987.66 76.77
5078.43 76.116
5170.86 75.586
5264.97 75.229
5360.79 75.079
5458.35 75.155
5557.69 75.45
5658.84 75.939
5761.82 76.57
5866.69 77.274
5973.46 77.967
6082.17 78.57
6192.87 79.022
6305.57 79.291
6420.33 79.383
6537.18 79.335
6656.15 79.208
6777.29 79.07
6900.63 78.978
7026.22 78.975
7154.1 79.084
7284.3 79.308
7416.87 79.636
7551.85 80.054
7689.29 80.549
7829.23 81.102
7971.72 81.687
8116.8 82.262
8264.53 82.777
8414.94 83.175
8568.09 83.406
8724.02 83.446
8882.79 83.297
9044.46 82.993
9209.06 82.589
9376.66 82.145
9547.31 81.717
9721.07 81.34
9897.99 81.029
10078.13 80.777
10261.55 80.566
10448.3 80.386
10638.45 80.241
10832.07 80.156
11029.21 80.161
11229.94 80.271
11434.32 80.471
11642.41 80.716
11854.3 80.946
12070.04 81.096
12289.71 81.113
12513.38 80.959
12741.12 80.615
12973 80.073
13209.1 79.324
13449.5 78.357
13694.28 77.165
13943.51 75.744
14197.27 74.107
14455.66 72.285
14718.74 70.333
14986.62 68.325
15259.37 66.346
15537.08 64.499
15819.85 62.888
16107.76 61.598
16400.92 60.69
16699.41 60.192
17003.33 60.088
17312.78 60.324
17627.86 60.818
17948.68 61.469
18275.34 62.177
18607.94 62.859
18946.6 63.466
19291.42 63.99
19642.52 64.454
20000 64.896