20 84.614
20.36 84.703
20.73 84.792
21.11 84.88
21.5 84.968
21.89 85.054
22.29 85.14
22.69 85.225
23.1 85.309
23.52 85.391
23.95 85.471
24.39 85.55
24.83 85.627
25.28 85.701
25.74 85.773
26.21 85.843
26.69 85.911
27.18 85.976
27.67 86.037
28.17 86.096
28.69 86.152
29.21 86.204
29.74 86.253
30.28 86.298
30.83 86.339
31.39 86.376
31.97 86.409
32.55 86.438
33.14 86.463
33.74 86.483
34.36 86.5
34.98 86.514
35.62 86.525
36.27 86.534
36.93 86.541
37.6 86.547
38.28 86.552
38.98 86.556
39.69 86.56
40.41 86.565
41.15 86.57
41.9 86.577
42.66 86.585
43.44 86.596
44.23 86.608
45.03 86.624
45.85 86.643
46.68 86.665
47.53 86.69
48.4 86.717
49.28 86.746
50.18 86.776
51.09 86.806
52.02 86.837
52.97 86.866
53.93 86.895
54.91 86.922
55.91 86.948
56.93 86.971
57.97 86.99
59.02 87.006
60.09 87.018
61.19 87.025
62.3 87.029
63.44 87.028
64.59 87.022
65.77 87.011
66.96 86.996
68.18 86.975
69.42 86.949
70.69 86.918
71.97 86.881
73.28 86.839
74.62 86.792
75.97 86.74
77.36 86.685
78.76 86.627
80.2 86.567
81.66 86.506
83.14 86.444
84.66 86.381
86.2 86.319
87.77 86.258
89.36 86.198
90.99 86.138
92.65 86.081
94.33 86.024
96.05 85.97
97.8 85.917
99.58 85.866
101.39 85.817
103.23 85.769
105.11 85.722
107.03 85.675
108.97 85.629
110.96 85.582
112.98 85.535
115.03 85.487
117.13 85.437
119.26 85.384
121.43 85.328
123.64 85.267
125.89 85.203
128.18 85.135
130.51 85.065
132.89 84.994
135.31 84.925
137.77 84.858
140.28 84.793
142.83 84.73
145.43 84.665
148.07 84.6
150.77 84.531
153.51 84.46
156.31 84.384
159.15 84.306
162.05 84.225
165 84.141
168 84.054
171.06 83.962
174.17 83.866
177.34 83.764
180.57 83.658
183.86 83.549
187.2 83.437
190.61 83.324
194.08 83.213
197.61 83.103
201.21 82.997
204.87 82.895
208.6 82.797
212.39 82.7
216.26 82.602
220.19 82.502
224.2 82.401
228.28 82.295
232.44 82.185
236.67 82.071
240.97 81.953
245.36 81.829
249.82 81.702
254.37 81.572
259 81.44
263.71 81.309
268.51 81.184
273.4 81.066
278.38 80.954
283.44 80.85
288.6 80.752
293.85 80.657
299.2 80.561
304.65 80.463
310.19 80.362
315.84 80.259
321.59 80.156
327.44 80.054
333.4 79.957
339.47 79.865
345.64 79.776
351.93 79.687
358.34 79.594
364.86 79.493
371.5 79.379
378.26 79.253
385.15 79.118
392.16 78.981
399.29 78.848
406.56 78.724
413.96 78.608
421.49 78.499
429.16 78.396
436.97 78.297
444.93 78.2
453.02 78.102
461.27 78.004
469.66 77.904
478.21 77.804
486.91 77.707
495.78 77.612
504.8 77.518
513.99 77.428
523.34 77.337
532.87 77.246
542.56 77.154
552.44 77.061
562.49 76.968
572.73 76.874
583.15 76.777
593.77 76.677
604.57 76.573
615.57 76.464
626.78 76.351
638.18 76.237
649.8 76.123
661.63 76.013
673.67 75.909
685.93 75.811
698.41 75.72
711.12 75.633
724.06 75.55
737.24 75.469
750.66 75.391
764.32 75.314
778.23 75.241
792.39 75.17
806.82 75.104
821.5 75.043
836.45 74.991
851.67 74.949
867.17 74.918
882.96 74.898
899.02 74.886
915.39 74.882
932.05 74.886
949.01 74.898
966.28 74.92
983.87 74.955
1001.77 75.005
1020 75.072
1038.57 75.156
1057.47 75.259
1076.71 75.38
1096.31 75.517
1116.26 75.671
1136.58 75.84
1157.26 76.02
1178.32 76.206
1199.77 76.391
1221.6 76.57
1243.84 76.738
1266.47 76.897
1289.52 77.049
1312.99 77.198
1336.89 77.35
1361.22 77.508
1385.99 77.674
1411.22 77.849
1436.9 78.031
1463.05 78.221
1489.68 78.423
1516.79 78.638
1544.4 78.87
1572.5 79.118
1601.12 79.377
1630.26 79.645
1659.93 79.917
1690.14 80.191
1720.9 80.463
1752.22 80.733
1784.11 81.004
1816.58 81.275
1849.64 81.543
1883.3 81.806
1917.58 82.065
1952.48 82.319
1988.01 82.571
2024.19 82.822
2061.03 83.072
2098.54 83.324
2136.73 83.579
2175.62 83.835
2215.22 84.095
2255.53 84.353
2296.58 84.608
2338.38 84.857
2380.94 85.1
2424.27 85.335
2468.39 85.557
2513.31 85.76
2559.05 85.943
2605.63 86.099
2653.05 86.227
2701.33 86.324
2750.5 86.388
2800.55 86.421
2851.52 86.426
2903.42 86.402
2956.26 86.353
3010.06 86.276
3064.85 86.178
3120.62 86.064
3177.42 85.938
3235.25 85.806
3294.13 85.672
3354.08 85.543
3415.12 85.421
3477.27 85.313
3540.56 85.223
3605 85.156
3670.6 85.117
3737.41 85.108
3805.43 85.133
3874.68 85.194
3945.2 85.294
4017 85.437
4090.11 85.626
4164.55 85.861
4240.34 86.138
4317.51 86.45
4396.09 86.786
4476.1 87.133
4557.56 87.469
4640.5 87.765
4724.96 87.99
4810.95 88.111
4898.51 88.097
4987.66 87.923
5078.43 87.581
5170.86 87.079
5264.97 86.436
5360.79 85.689
5458.35 84.88
5557.69 84.053
5658.84 83.237
5761.82 82.452
5866.69 81.707
5973.46 81.01
6082.17 80.365
6192.87 79.775
6305.57 79.24
6420.33 78.762
6537.18 78.351
6656.15 78.016
6777.29 77.767
6900.63 77.611
7026.22 77.556
7154.1 77.607
7284.3 77.769
7416.87 78.048
7551.85 78.447
7689.29 78.965
7829.23 79.593
7971.72 80.307
8116.8 81.072
8264.53 81.831
8414.94 82.503
8568.09 82.992
8724.02 83.209
8882.79 83.095
9044.46 82.642
9209.06 81.89
9376.66 80.915
9547.31 79.809
9721.07 78.666
9897.99 77.568
10078.13 76.589
10261.55 75.776
10448.3 75.142
10638.45 74.675
10832.07 74.346
11029.21 74.114
11229.94 73.935
11434.32 73.778
11642.41 73.634
11854.3 73.525
12070.04 73.491
12289.71 73.577
12513.38 73.793
12741.12 74.1
12973 74.413
13209.1 74.621
13449.5 74.622
13694.28 74.356
13943.51 73.819
14197.27 73.061
14455.66 72.166
14718.74 71.235
14986.62 70.371
15259.37 69.665
15537.08 69.185
15819.85 68.957
16107.76 68.96
16400.92 69.128
16699.41 69.373
17003.33 69.591
17312.78 69.675
17627.86 69.553
17948.68 69.213
18275.34 68.706
18607.94 68.105
18946.6 67.469
19291.42 66.832
19642.52 66.208
20000 65.591