20 79.479
20.36 79.56
20.73 79.64
21.11 79.72
21.5 79.8
21.89 79.879
22.29 79.958
22.69 80.035
23.1 80.113
23.52 80.189
23.95 80.264
24.39 80.338
24.83 80.411
25.28 80.482
25.74 80.552
26.21 80.62
26.69 80.687
27.18 80.753
27.67 80.816
28.17 80.877
28.69 80.937
29.21 80.994
29.74 81.049
30.28 81.101
30.83 81.152
31.39 81.199
31.97 81.244
32.55 81.287
33.14 81.326
33.74 81.363
34.36 81.397
34.98 81.428
35.62 81.456
36.27 81.481
36.93 81.502
37.6 81.521
38.28 81.536
38.98 81.548
39.69 81.557
40.41 81.563
41.15 81.565
41.9 81.564
42.66 81.559
43.44 81.551
44.23 81.539
45.03 81.524
45.85 81.505
46.68 81.483
47.53 81.458
48.4 81.431
49.28 81.402
50.18 81.37
51.09 81.339
52.02 81.307
52.97 81.275
53.93 81.243
54.91 81.212
55.91 81.183
56.93 81.155
57.97 81.131
59.02 81.109
60.09 81.089
61.19 81.071
62.3 81.054
63.44 81.035
64.59 81.016
65.77 80.994
66.96 80.968
68.18 80.938
69.42 80.902
70.69 80.86
71.97 80.81
73.28 80.751
74.62 80.686
75.97 80.616
77.36 80.541
78.76 80.463
80.2 80.385
81.66 80.307
83.14 80.23
84.66 80.157
86.2 80.088
87.77 80.023
89.36 79.962
90.99 79.905
92.65 79.851
94.33 79.801
96.05 79.753
97.8 79.708
99.58 79.665
101.39 79.623
103.23 79.581
105.11 79.537
107.03 79.49
108.97 79.439
110.96 79.381
112.98 79.317
115.03 79.247
117.13 79.174
119.26 79.096
121.43 79.017
123.64 78.938
125.89 78.859
128.18 78.781
130.51 78.705
132.89 78.632
135.31 78.561
137.77 78.493
140.28 78.427
142.83 78.363
145.43 78.299
148.07 78.234
150.77 78.165
153.51 78.093
156.31 78.016
159.15 77.934
162.05 77.845
165 77.751
168 77.65
171.06 77.544
174.17 77.435
177.34 77.323
180.57 77.21
183.86 77.098
187.2 76.989
190.61 76.886
194.08 76.788
197.61 76.696
201.21 76.608
204.87 76.523
208.6 76.44
212.39 76.357
216.26 76.273
220.19 76.188
224.2 76.105
228.28 76.027
232.44 75.958
236.67 75.892
240.97 75.827
245.36 75.759
249.82 75.686
254.37 75.606
259 75.518
263.71 75.424
268.51 75.33
273.4 75.238
278.38 75.149
283.44 75.065
288.6 74.984
293.85 74.906
299.2 74.828
304.65 74.751
310.19 74.676
315.84 74.603
321.59 74.537
327.44 74.479
333.4 74.429
339.47 74.388
345.64 74.353
351.93 74.323
358.34 74.296
364.86 74.272
371.5 74.249
378.26 74.221
385.15 74.188
392.16 74.149
399.29 74.105
406.56 74.059
413.96 74.01
421.49 73.957
429.16 73.897
436.97 73.831
444.93 73.763
453.02 73.699
461.27 73.644
469.66 73.603
478.21 73.577
486.91 73.564
495.78 73.561
504.8 73.566
513.99 73.574
523.34 73.58
532.87 73.581
542.56 73.575
552.44 73.562
562.49 73.541
572.73 73.518
583.15 73.495
593.77 73.476
604.57 73.462
615.57 73.453
626.78 73.448
638.18 73.444
649.8 73.441
661.63 73.441
673.67 73.447
685.93 73.464
698.41 73.491
711.12 73.527
724.06 73.57
737.24 73.616
750.66 73.661
764.32 73.705
778.23 73.751
792.39 73.802
806.82 73.86
821.5 73.928
836.45 74.005
851.67 74.09
867.17 74.181
882.96 74.277
899.02 74.379
915.39 74.484
932.05 74.587
949.01 74.688
966.28 74.789
983.87 74.894
1001.77 75.011
1020 75.144
1038.57 75.29
1057.47 75.448
1076.71 75.613
1096.31 75.786
1116.26 75.967
1136.58 76.162
1157.26 76.374
1178.32 76.595
1199.77 76.816
1221.6 77.028
1243.84 77.232
1266.47 77.43
1289.52 77.624
1312.99 77.816
1336.89 78.011
1361.22 78.215
1385.99 78.429
1411.22 78.649
1436.9 78.873
1463.05 79.099
1489.68 79.327
1516.79 79.553
1544.4 79.778
1572.5 80.001
1601.12 80.223
1630.26 80.448
1659.93 80.683
1690.14 80.932
1720.9 81.2
1752.22 81.489
1784.11 81.796
1816.58 82.114
1849.64 82.433
1883.3 82.746
1917.58 83.049
1952.48 83.342
1988.01 83.624
2024.19 83.891
2061.03 84.139
2098.54 84.36
2136.73 84.55
2175.62 84.704
2215.22 84.819
2255.53 84.891
2296.58 84.918
2338.38 84.895
2380.94 84.822
2424.27 84.703
2468.39 84.542
2513.31 84.349
2559.05 84.127
2605.63 83.887
2653.05 83.638
2701.33 83.387
2750.5 83.142
2800.55 82.908
2851.52 82.69
2903.42 82.489
2956.26 82.302
3010.06 82.127
3064.85 81.964
3120.62 81.814
3177.42 81.68
3235.25 81.564
3294.13 81.466
3354.08 81.386
3415.12 81.325
3477.27 81.289
3540.56 81.28
3605 81.303
3670.6 81.359
3737.41 81.451
3805.43 81.58
3874.68 81.751
3945.2 81.969
4017 82.239
4090.11 82.564
4164.55 82.94
4240.34 83.361
4317.51 83.806
4396.09 84.252
4476.1 84.672
4557.56 85.043
4640.5 85.349
4724.96 85.583
4810.95 85.745
4898.51 85.826
4987.66 85.812
5078.43 85.682
5170.86 85.424
5264.97 85.034
5360.79 84.531
5458.35 83.951
5557.69 83.34
5658.84 82.747
5761.82 82.211
5866.69 81.748
5973.46 81.362
6082.17 81.054
6192.87 80.83
6305.57 80.702
6420.33 80.687
6537.18 80.798
6656.15 81.052
6777.29 81.46
6900.63 82.021
7026.22 82.718
7154.1 83.506
7284.3 84.308
7416.87 85.015
7551.85 85.502
7689.29 85.663
7829.23 85.442
7971.72 84.856
8116.8 83.982
8264.53 82.933
8414.94 81.831
8568.09 80.79
8724.02 79.899
8882.79 79.215
9044.46 78.759
9209.06 78.521
9376.66 78.462
9547.31 78.523
9721.07 78.636
9897.99 78.732
10078.13 78.749
10261.55 78.644
10448.3 78.399
10638.45 78.022
10832.07 77.543
11029.21 77.003
11229.94 76.45
11434.32 75.917
11642.41 75.423
11854.3 74.96
12070.04 74.503
12289.71 74.023
12513.38 73.496
12741.12 72.918
12973 72.305
13209.1 71.687
13449.5 71.102
13694.28 70.58
13943.51 70.14
14197.27 69.789
14455.66 69.523
14718.74 69.33
14986.62 69.195
15259.37 69.098
15537.08 69.027
15819.85 68.975
16107.76 68.928
16400.92 68.861
16699.41 68.733
17003.33 68.505
17312.78 68.162
17627.86 67.72
17948.68 67.217
18275.34 66.693
18607.94 66.174
18946.6 65.671
19291.42 65.182
19642.52 64.703
20000 64.228