20 78.453
20.36 78.572
20.73 78.69
21.11 78.807
21.5 78.925
21.89 79.042
22.29 79.157
22.69 79.272
23.1 79.387
23.52 79.5
23.95 79.612
24.39 79.723
24.83 79.832
25.28 79.94
25.74 80.045
26.21 80.15
26.69 80.252
27.18 80.353
27.67 80.451
28.17 80.548
28.69 80.641
29.21 80.732
29.74 80.821
30.28 80.907
30.83 80.99
31.39 81.071
31.97 81.148
32.55 81.223
33.14 81.293
33.74 81.361
34.36 81.425
34.98 81.485
35.62 81.542
36.27 81.595
36.93 81.643
37.6 81.688
38.28 81.728
38.98 81.765
39.69 81.797
40.41 81.824
41.15 81.847
41.9 81.866
42.66 81.879
43.44 81.888
44.23 81.891
45.03 81.889
45.85 81.882
46.68 81.871
47.53 81.855
48.4 81.836
49.28 81.816
50.18 81.795
51.09 81.772
52.02 81.751
52.97 81.731
53.93 81.714
54.91 81.701
55.91 81.691
56.93 81.688
57.97 81.69
59.02 81.699
60.09 81.714
61.19 81.734
62.3 81.759
63.44 81.786
64.59 81.813
65.77 81.84
66.96 81.865
68.18 81.885
69.42 81.902
70.69 81.911
71.97 81.914
73.28 81.908
74.62 81.894
75.97 81.877
77.36 81.859
78.76 81.841
80.2 81.827
81.66 81.818
83.14 81.817
84.66 81.827
86.2 81.849
87.77 81.88
89.36 81.917
90.99 81.957
92.65 81.996
94.33 82.032
96.05 82.06
97.8 82.078
99.58 82.083
101.39 82.077
103.23 82.06
105.11 82.037
107.03 82.008
108.97 81.975
110.96 81.942
112.98 81.908
115.03 81.876
117.13 81.846
119.26 81.819
121.43 81.796
123.64 81.778
125.89 81.763
128.18 81.754
130.51 81.746
132.89 81.738
135.31 81.729
137.77 81.717
140.28 81.699
142.83 81.676
145.43 81.646
148.07 81.606
150.77 81.556
153.51 81.497
156.31 81.432
159.15 81.366
162.05 81.301
165 81.242
168 81.188
171.06 81.138
174.17 81.096
177.34 81.058
180.57 81.026
183.86 80.998
187.2 80.973
190.61 80.949
194.08 80.925
197.61 80.898
201.21 80.868
204.87 80.83
208.6 80.787
212.39 80.736
216.26 80.679
220.19 80.617
224.2 80.553
228.28 80.49
232.44 80.43
236.67 80.373
240.97 80.319
245.36 80.265
249.82 80.211
254.37 80.156
259 80.099
263.71 80.037
268.51 79.97
273.4 79.897
278.38 79.821
283.44 79.742
288.6 79.662
293.85 79.583
299.2 79.506
304.65 79.429
310.19 79.355
315.84 79.281
321.59 79.208
327.44 79.139
333.4 79.074
339.47 79.015
345.64 78.96
351.93 78.906
358.34 78.85
364.86 78.787
371.5 78.716
378.26 78.636
385.15 78.549
392.16 78.456
399.29 78.363
406.56 78.27
413.96 78.178
421.49 78.087
429.16 77.999
436.97 77.912
444.93 77.829
453.02 77.749
461.27 77.671
469.66 77.595
478.21 77.522
486.91 77.45
495.78 77.377
504.8 77.302
513.99 77.223
523.34 77.14
532.87 77.054
542.56 76.966
552.44 76.876
562.49 76.785
572.73 76.693
583.15 76.599
593.77 76.504
604.57 76.407
615.57 76.311
626.78 76.215
638.18 76.122
649.8 76.032
661.63 75.947
673.67 75.866
685.93 75.788
698.41 75.715
711.12 75.645
724.06 75.578
737.24 75.514
750.66 75.451
764.32 75.389
778.23 75.325
792.39 75.262
806.82 75.198
821.5 75.134
836.45 75.073
851.67 75.018
867.17 74.971
882.96 74.934
899.02 74.908
915.39 74.892
932.05 74.887
949.01 74.893
966.28 74.913
983.87 74.949
1001.77 75.006
1020 75.083
1038.57 75.183
1057.47 75.303
1076.71 75.446
1096.31 75.609
1116.26 75.788
1136.58 75.979
1157.26 76.174
1178.32 76.369
1199.77 76.555
1221.6 76.728
1243.84 76.886
1266.47 77.031
1289.52 77.162
1312.99 77.281
1336.89 77.386
1361.22 77.478
1385.99 77.555
1411.22 77.619
1436.9 77.666
1463.05 77.699
1489.68 77.717
1516.79 77.723
1544.4 77.717
1572.5 77.701
1601.12 77.677
1630.26 77.645
1659.93 77.608
1690.14 77.564
1720.9 77.512
1752.22 77.453
1784.11 77.387
1816.58 77.316
1849.64 77.245
1883.3 77.178
1917.58 77.122
1952.48 77.081
1988.01 77.061
2024.19 77.069
2061.03 77.105
2098.54 77.169
2136.73 77.257
2175.62 77.363
2215.22 77.48
2255.53 77.6
2296.58 77.713
2338.38 77.806
2380.94 77.871
2424.27 77.903
2468.39 77.901
2513.31 77.863
2559.05 77.791
2605.63 77.69
2653.05 77.567
2701.33 77.433
2750.5 77.297
2800.55 77.174
2851.52 77.072
2903.42 76.999
2956.26 76.962
3010.06 76.959
3064.85 76.991
3120.62 77.055
3177.42 77.147
3235.25 77.265
3294.13 77.404
3354.08 77.555
3415.12 77.707
3477.27 77.838
3540.56 77.928
3605 77.952
3670.6 77.889
3737.41 77.721
3805.43 77.442
3874.68 77.058
3945.2 76.589
4017 76.068
4090.11 75.536
4164.55 75.035
4240.34 74.608
4317.51 74.291
4396.09 74.11
4476.1 74.076
4557.56 74.183
4640.5 74.415
4724.96 74.747
4810.95 75.153
4898.51 75.595
4987.66 76.036
5078.43 76.441
5170.86 76.778
5264.97 77.024
5360.79 77.166
5458.35 77.202
5557.69 77.14
5658.84 76.998
5761.82 76.799
5866.69 76.569
5973.46 76.338
6082.17 76.133
6192.87 75.981
6305.57 75.904
6420.33 75.92
6537.18 76.048
6656.15 76.305
6777.29 76.709
6900.63 77.272
7026.22 77.998
7154.1 78.879
7284.3 79.887
7416.87 80.974
7551.85 82.073
7689.29 83.103
7829.23 83.981
7971.72 84.642
8116.8 85.044
8264.53 85.186
8414.94 85.097
8568.09 84.844
8724.02 84.504
8882.79 84.155
9044.46 83.862
9209.06 83.67
9376.66 83.601
9547.31 83.654
9721.07 83.806
9897.99 84.004
10078.13 84.164
10261.55 84.187
10448.3 83.978
10638.45 83.473
10832.07 82.657
11029.21 81.563
11229.94 80.268
11434.32 78.865
11642.41 77.455
11854.3 76.125
12070.04 74.948
12289.71 73.976
12513.38 73.248
12741.12 72.793
12973 72.631
13209.1 72.776
13449.5 73.233
13694.28 73.981
13943.51 74.965
14197.27 76.077
14455.66 77.16
14718.74 78.026
14986.62 78.49
15259.37 78.402
15537.08 77.668
15819.85 76.253
16107.76 74.196
16400.92 71.628
16699.41 68.769
17003.33 65.878
17312.78 63.187
17627.86 60.856
17948.68 58.959
18275.34 57.496
18607.94 56.408
18946.6 55.606
19291.42 54.997
19642.52 54.49
20000 54.016