20 76.432
20.36 76.5
20.73 76.568
21.11 76.637
21.5 76.705
21.89 76.773
22.29 76.842
22.69 76.909
23.1 76.977
23.52 77.044
23.95 77.111
24.39 77.177
24.83 77.243
25.28 77.309
25.74 77.374
26.21 77.439
26.69 77.503
27.18 77.567
27.67 77.63
28.17 77.692
28.69 77.754
29.21 77.815
29.74 77.875
30.28 77.934
30.83 77.993
31.39 78.051
31.97 78.108
32.55 78.164
33.14 78.22
33.74 78.273
34.36 78.326
34.98 78.377
35.62 78.425
36.27 78.471
36.93 78.515
37.6 78.556
38.28 78.593
38.98 78.627
39.69 78.657
40.41 78.684
41.15 78.706
41.9 78.723
42.66 78.736
43.44 78.743
44.23 78.745
45.03 78.742
45.85 78.732
46.68 78.717
47.53 78.698
48.4 78.676
49.28 78.652
50.18 78.627
51.09 78.602
52.02 78.579
52.97 78.558
53.93 78.54
54.91 78.528
55.91 78.521
56.93 78.522
57.97 78.531
59.02 78.549
60.09 78.575
61.19 78.608
62.3 78.645
63.44 78.683
64.59 78.721
65.77 78.756
66.96 78.787
68.18 78.81
69.42 78.823
70.69 78.826
71.97 78.814
73.28 78.788
74.62 78.748
75.97 78.7
77.36 78.645
78.76 78.586
80.2 78.528
81.66 78.472
83.14 78.421
84.66 78.38
86.2 78.35
87.77 78.329
89.36 78.316
90.99 78.308
92.65 78.303
94.33 78.3
96.05 78.296
97.8 78.29
99.58 78.278
101.39 78.263
103.23 78.243
105.11 78.219
107.03 78.192
108.97 78.162
110.96 78.129
112.98 78.093
115.03 78.055
117.13 78.014
119.26 77.971
121.43 77.924
123.64 77.875
125.89 77.823
128.18 77.768
130.51 77.711
132.89 77.652
135.31 77.592
137.77 77.53
140.28 77.468
142.83 77.405
145.43 77.342
148.07 77.28
150.77 77.22
153.51 77.161
156.31 77.105
159.15 77.051
162.05 77.001
165 76.954
168 76.91
171.06 76.868
174.17 76.827
177.34 76.784
180.57 76.741
183.86 76.696
187.2 76.648
190.61 76.597
194.08 76.542
197.61 76.484
201.21 76.422
204.87 76.359
208.6 76.295
212.39 76.232
216.26 76.173
220.19 76.115
224.2 76.06
228.28 76.006
232.44 75.951
236.67 75.895
240.97 75.838
245.36 75.779
249.82 75.717
254.37 75.654
259 75.59
263.71 75.524
268.51 75.459
273.4 75.394
278.38 75.33
283.44 75.265
288.6 75.198
293.85 75.131
299.2 75.063
304.65 74.994
310.19 74.925
315.84 74.854
321.59 74.781
327.44 74.706
333.4 74.631
339.47 74.559
345.64 74.493
351.93 74.437
358.34 74.389
364.86 74.346
371.5 74.307
378.26 74.268
385.15 74.228
392.16 74.185
399.29 74.139
406.56 74.088
413.96 74.033
421.49 73.974
429.16 73.911
436.97 73.845
444.93 73.779
453.02 73.714
461.27 73.653
469.66 73.598
478.21 73.548
486.91 73.505
495.78 73.469
504.8 73.438
513.99 73.41
523.34 73.382
532.87 73.357
542.56 73.334
552.44 73.314
562.49 73.297
572.73 73.283
583.15 73.269
593.77 73.256
604.57 73.242
615.57 73.231
626.78 73.224
638.18 73.225
649.8 73.236
661.63 73.256
673.67 73.285
685.93 73.321
698.41 73.362
711.12 73.405
724.06 73.45
737.24 73.498
750.66 73.549
764.32 73.605
778.23 73.666
792.39 73.731
806.82 73.8
821.5 73.874
836.45 73.95
851.67 74.03
867.17 74.115
882.96 74.207
899.02 74.305
915.39 74.409
932.05 74.517
949.01 74.63
966.28 74.75
983.87 74.877
1001.77 75.013
1020 75.161
1038.57 75.322
1057.47 75.492
1076.71 75.673
1096.31 75.863
1116.26 76.064
1136.58 76.275
1157.26 76.493
1178.32 76.715
1199.77 76.934
1221.6 77.144
1243.84 77.345
1266.47 77.535
1289.52 77.716
1312.99 77.887
1336.89 78.047
1361.22 78.194
1385.99 78.325
1411.22 78.438
1436.9 78.537
1463.05 78.623
1489.68 78.701
1516.79 78.775
1544.4 78.845
1572.5 78.914
1601.12 78.98
1630.26 79.044
1659.93 79.104
1690.14 79.163
1720.9 79.218
1752.22 79.269
1784.11 79.316
1816.58 79.362
1849.64 79.413
1883.3 79.473
1917.58 79.546
1952.48 79.632
1988.01 79.733
2024.19 79.85
2061.03 79.983
2098.54 80.131
2136.73 80.293
2175.62 80.465
2215.22 80.644
2255.53 80.826
2296.58 81.005
2338.38 81.178
2380.94 81.342
2424.27 81.496
2468.39 81.639
2513.31 81.767
2559.05 81.875
2605.63 81.96
2653.05 82.019
2701.33 82.05
2750.5 82.049
2800.55 82.018
2851.52 81.955
2903.42 81.859
2956.26 81.733
3010.06 81.579
3064.85 81.399
3120.62 81.196
3177.42 80.975
3235.25 80.743
3294.13 80.51
3354.08 80.288
3415.12 80.084
3477.27 79.904
3540.56 79.751
3605 79.625
3670.6 79.523
3737.41 79.437
3805.43 79.353
3874.68 79.252
3945.2 79.112
4017 78.912
4090.11 78.633
4164.55 78.263
4240.34 77.803
4317.51 77.267
4396.09 76.685
4476.1 76.09
4557.56 75.517
4640.5 74.998
4724.96 74.557
4810.95 74.209
4898.51 73.964
4987.66 73.824
5078.43 73.791
5170.86 73.857
5264.97 74.018
5360.79 74.266
5458.35 74.594
5557.69 74.99
5658.84 75.442
5761.82 75.932
5866.69 76.437
5973.46 76.927
6082.17 77.367
6192.87 77.725
6305.57 77.972
6420.33 78.09
6537.18 78.076
6656.15 77.944
6777.29 77.72
6900.63 77.441
7026.22 77.149
7154.1 76.882
7284.3 76.669
7416.87 76.531
7551.85 76.477
7689.29 76.506
7829.23 76.609
7971.72 76.761
8116.8 76.933
8264.53 77.082
8414.94 77.164
8568.09 77.134
8724.02 76.957
8882.79 76.611
9044.46 76.095
9209.06 75.426
9376.66 74.637
9547.31 73.771
9721.07 72.88
9897.99 72.019
10078.13 71.241
10261.55 70.594
10448.3 70.107
10638.45 69.799
10832.07 69.679
11029.21 69.746
11229.94 69.985
11434.32 70.37
11642.41 70.853
11854.3 71.37
12070.04 71.851
12289.71 72.242
12513.38 72.527
12741.12 72.738
12973 72.942
13209.1 73.19
13449.5 73.489
13694.28 73.789
13943.51 74.005
14197.27 74.035
14455.66 73.786
14718.74 73.192
14986.62 72.218
15259.37 70.874
15537.08 69.225
15819.85 67.369
16107.76 65.417
16400.92 63.48
16699.41 61.663
17003.33 60.066
17312.78 58.776
17627.86 57.871
17948.68 57.398
18275.34 57.343
18607.94 57.593
18946.6 57.97
19291.42 58.343
19642.52 58.675
20000 58.987