20 76.093
20.36 75.972
20.73 75.852
21.11 75.734
21.5 75.616
21.89 75.501
22.29 75.387
22.69 75.276
23.1 75.168
23.52 75.063
23.95 74.961
24.39 74.863
24.83 74.77
25.28 74.68
25.74 74.596
26.21 74.517
26.69 74.443
27.18 74.376
27.67 74.314
28.17 74.259
28.69 74.211
29.21 74.17
29.74 74.137
30.28 74.111
30.83 74.094
31.39 74.085
31.97 74.086
32.55 74.096
33.14 74.114
33.74 74.141
34.36 74.176
34.98 74.215
35.62 74.26
36.27 74.307
36.93 74.357
37.6 74.408
38.28 74.458
38.98 74.507
39.69 74.553
40.41 74.595
41.15 74.631
41.9 74.662
42.66 74.684
43.44 74.697
44.23 74.701
45.03 74.693
45.85 74.673
46.68 74.64
47.53 74.598
48.4 74.547
49.28 74.49
50.18 74.428
51.09 74.363
52.02 74.298
52.97 74.233
53.93 74.17
54.91 74.113
55.91 74.061
56.93 74.017
57.97 73.984
59.02 73.962
60.09 73.951
61.19 73.95
62.3 73.956
63.44 73.968
64.59 73.984
65.77 74.002
66.96 74.02
68.18 74.036
69.42 74.048
70.69 74.055
71.97 74.054
73.28 74.045
74.62 74.027
75.97 74.003
77.36 73.974
78.76 73.94
80.2 73.903
81.66 73.864
83.14 73.825
84.66 73.786
86.2 73.75
87.77 73.715
89.36 73.684
90.99 73.657
92.65 73.635
94.33 73.618
96.05 73.606
97.8 73.602
99.58 73.604
101.39 73.612
103.23 73.624
105.11 73.638
107.03 73.652
108.97 73.665
110.96 73.675
112.98 73.68
115.03 73.683
117.13 73.682
119.26 73.679
121.43 73.676
123.64 73.672
125.89 73.669
128.18 73.667
130.51 73.664
132.89 73.661
135.31 73.658
137.77 73.654
140.28 73.649
142.83 73.643
145.43 73.634
148.07 73.624
150.77 73.611
153.51 73.597
156.31 73.581
159.15 73.564
162.05 73.547
165 73.531
168 73.515
171.06 73.501
174.17 73.487
177.34 73.476
180.57 73.467
183.86 73.459
187.2 73.454
190.61 73.452
194.08 73.451
197.61 73.453
201.21 73.456
204.87 73.459
208.6 73.463
212.39 73.466
216.26 73.467
220.19 73.467
224.2 73.465
228.28 73.464
232.44 73.464
236.67 73.465
240.97 73.467
245.36 73.471
249.82 73.474
254.37 73.477
259 73.478
263.71 73.479
268.51 73.482
273.4 73.486
278.38 73.492
283.44 73.5
288.6 73.51
293.85 73.521
299.2 73.533
304.65 73.546
310.19 73.561
315.84 73.578
321.59 73.597
327.44 73.616
333.4 73.632
339.47 73.645
345.64 73.654
351.93 73.662
358.34 73.664
364.86 73.66
371.5 73.646
378.26 73.625
385.15 73.594
392.16 73.555
399.29 73.509
406.56 73.461
413.96 73.41
421.49 73.358
429.16 73.306
436.97 73.259
444.93 73.217
453.02 73.184
461.27 73.164
469.66 73.161
478.21 73.176
486.91 73.212
495.78 73.269
504.8 73.347
513.99 73.442
523.34 73.549
532.87 73.664
542.56 73.785
552.44 73.909
562.49 74.033
572.73 74.156
583.15 74.276
593.77 74.394
604.57 74.509
615.57 74.621
626.78 74.73
638.18 74.839
649.8 74.949
661.63 75.061
673.67 75.174
685.93 75.287
698.41 75.402
711.12 75.521
724.06 75.643
737.24 75.762
750.66 75.871
764.32 75.961
778.23 76.022
792.39 76.048
806.82 76.04
821.5 76.004
836.45 75.95
851.67 75.885
867.17 75.814
882.96 75.737
899.02 75.65
915.39 75.55
932.05 75.436
949.01 75.311
966.28 75.186
983.87 75.074
1001.77 74.992
1020 74.954
1038.57 74.968
1057.47 75.039
1076.71 75.164
1096.31 75.337
1116.26 75.547
1136.58 75.775
1157.26 76.006
1178.32 76.22
1199.77 76.403
1221.6 76.545
1243.84 76.643
1266.47 76.701
1289.52 76.726
1312.99 76.724
1336.89 76.695
1361.22 76.64
1385.99 76.558
1411.22 76.446
1436.9 76.296
1463.05 76.107
1489.68 75.891
1516.79 75.666
1544.4 75.459
1572.5 75.296
1601.12 75.196
1630.26 75.176
1659.93 75.238
1690.14 75.376
1720.9 75.578
1752.22 75.843
1784.11 76.173
1816.58 76.565
1849.64 77.003
1883.3 77.464
1917.58 77.925
1952.48 78.366
1988.01 78.77
2024.19 79.124
2061.03 79.42
2098.54 79.663
2136.73 79.869
2175.62 80.074
2215.22 80.325
2255.53 80.663
2296.58 81.107
2338.38 81.639
2380.94 82.22
2424.27 82.804
2468.39 83.354
2513.31 83.839
2559.05 84.235
2605.63 84.527
2653.05 84.715
2701.33 84.807
2750.5 84.818
2800.55 84.77
2851.52 84.68
2903.42 84.547
2956.26 84.366
3010.06 84.131
3064.85 83.844
3120.62 83.518
3177.42 83.176
3235.25 82.841
3294.13 82.53
3354.08 82.248
3415.12 81.995
3477.27 81.751
3540.56 81.476
3605 81.116
3670.6 80.61
3737.41 79.928
3805.43 79.094
3874.68 78.181
3945.2 77.285
4017 76.505
4090.11 75.923
4164.55 75.586
4240.34 75.471
4317.51 75.479
4396.09 75.468
4476.1 75.314
4557.56 74.967
4640.5 74.451
4724.96 73.841
4810.95 73.235
4898.51 72.732
4987.66 72.404
5078.43 72.258
5170.86 72.222
5264.97 72.21
5360.79 72.16
5458.35 72.063
5557.69 71.934
5658.84 71.794
5761.82 71.653
5866.69 71.504
5973.46 71.334
6082.17 71.145
6192.87 70.964
6305.57 70.87
6420.33 70.995
6537.18 71.501
6656.15 72.526
6777.29 74.096
6900.63 76.047
7026.22 78.09
7154.1 79.979
7284.3 81.558
7416.87 82.706
7551.85 83.335
7689.29 83.437
7829.23 83.099
7971.72 82.453
8116.8 81.624
8264.53 80.689
8414.94 79.656
8568.09 78.474
8724.02 77.066
8882.79 75.368
9044.46 73.368
9209.06 71.128
9376.66 68.774
9547.31 66.493
9721.07 64.518
9897.99 63.115
10078.13 62.515
10261.55 62.763
10448.3 63.692
10638.45 65.061
10832.07 66.65
11029.21 68.275
11229.94 69.778
11434.32 71.006
11642.41 71.818
11854.3 72.146
12070.04 72.043
12289.71 71.671
12513.38 71.224
12741.12 70.827
12973 70.501
13209.1 70.18
13449.5 69.762
13694.28 69.167
13943.51 68.368
14197.27 67.412
14455.66 66.394
14718.74 65.432
14986.62 64.626
15259.37 64.008
15537.08 63.507
15819.85 63.015
16107.76 62.506
16400.92 62.118
16699.41 62.101
17003.33 62.656
17312.78 63.771
17627.86 65.214
17948.68 66.664
18275.34 67.845
18607.94 68.61
18946.6 68.962
19291.42 69.013
19642.52 68.905
20000 68.749