20 79.06
20.36 79.184
20.73 79.307
21.11 79.43
21.5 79.553
21.89 79.675
22.29 79.797
22.69 79.918
23.1 80.037
23.52 80.157
23.95 80.275
24.39 80.393
24.83 80.509
25.28 80.625
25.74 80.739
26.21 80.851
26.69 80.963
27.18 81.073
27.67 81.181
28.17 81.287
28.69 81.392
29.21 81.495
29.74 81.596
30.28 81.694
30.83 81.791
31.39 81.886
31.97 81.978
32.55 82.068
33.14 82.156
33.74 82.24
34.36 82.323
34.98 82.403
35.62 82.48
36.27 82.556
36.93 82.629
37.6 82.699
38.28 82.767
38.98 82.833
39.69 82.896
40.41 82.957
41.15 83.015
41.9 83.072
42.66 83.125
43.44 83.177
44.23 83.226
45.03 83.273
45.85 83.317
46.68 83.36
47.53 83.4
48.4 83.438
49.28 83.474
50.18 83.508
51.09 83.541
52.02 83.571
52.97 83.6
53.93 83.626
54.91 83.651
55.91 83.675
56.93 83.697
57.97 83.718
59.02 83.737
60.09 83.755
61.19 83.771
62.3 83.785
63.44 83.796
64.59 83.805
65.77 83.809
66.96 83.811
68.18 83.809
69.42 83.803
70.69 83.793
71.97 83.778
73.28 83.758
74.62 83.734
75.97 83.708
77.36 83.68
78.76 83.651
80.2 83.623
81.66 83.597
83.14 83.574
84.66 83.555
86.2 83.54
87.77 83.528
89.36 83.517
90.99 83.507
92.65 83.494
94.33 83.477
96.05 83.454
97.8 83.424
99.58 83.384
101.39 83.338
103.23 83.286
105.11 83.229
107.03 83.171
108.97 83.112
110.96 83.055
112.98 83
115.03 82.948
117.13 82.899
119.26 82.854
121.43 82.813
123.64 82.775
125.89 82.74
128.18 82.708
130.51 82.676
132.89 82.643
135.31 82.608
137.77 82.569
140.28 82.525
142.83 82.476
145.43 82.42
148.07 82.358
150.77 82.289
153.51 82.213
156.31 82.132
159.15 82.048
162.05 81.963
165 81.878
168 81.792
171.06 81.706
174.17 81.621
177.34 81.536
180.57 81.451
183.86 81.367
187.2 81.284
190.61 81.202
194.08 81.12
197.61 81.038
201.21 80.954
204.87 80.868
208.6 80.781
212.39 80.693
216.26 80.608
220.19 80.524
224.2 80.441
228.28 80.357
232.44 80.273
236.67 80.188
240.97 80.102
245.36 80.015
249.82 79.928
254.37 79.84
259 79.752
263.71 79.663
268.51 79.575
273.4 79.486
278.38 79.396
283.44 79.305
288.6 79.211
293.85 79.116
299.2 79.018
304.65 78.919
310.19 78.817
315.84 78.716
321.59 78.614
327.44 78.515
333.4 78.421
339.47 78.335
345.64 78.255
351.93 78.181
358.34 78.112
364.86 78.046
371.5 77.982
378.26 77.917
385.15 77.852
392.16 77.786
399.29 77.72
406.56 77.655
413.96 77.589
421.49 77.521
429.16 77.453
436.97 77.381
444.93 77.306
453.02 77.227
461.27 77.147
469.66 77.065
478.21 76.986
486.91 76.912
495.78 76.844
504.8 76.781
513.99 76.723
523.34 76.668
532.87 76.614
542.56 76.56
552.44 76.504
562.49 76.444
572.73 76.381
583.15 76.313
593.77 76.239
604.57 76.16
615.57 76.076
626.78 75.991
638.18 75.911
649.8 75.84
661.63 75.778
673.67 75.726
685.93 75.681
698.41 75.637
711.12 75.593
724.06 75.543
737.24 75.489
750.66 75.427
764.32 75.361
778.23 75.295
792.39 75.231
806.82 75.17
821.5 75.114
836.45 75.065
851.67 75.02
867.17 74.981
882.96 74.949
899.02 74.925
915.39 74.911
932.05 74.906
949.01 74.912
966.28 74.929
983.87 74.96
1001.77 75.004
1020 75.065
1038.57 75.142
1057.47 75.237
1076.71 75.352
1096.31 75.485
1116.26 75.635
1136.58 75.8
1157.26 75.973
1178.32 76.145
1199.77 76.31
1221.6 76.463
1243.84 76.604
1266.47 76.731
1289.52 76.844
1312.99 76.944
1336.89 77.028
1361.22 77.099
1385.99 77.159
1411.22 77.208
1436.9 77.247
1463.05 77.277
1489.68 77.298
1516.79 77.31
1544.4 77.318
1572.5 77.322
1601.12 77.326
1630.26 77.334
1659.93 77.345
1690.14 77.362
1720.9 77.38
1752.22 77.4
1784.11 77.419
1816.58 77.441
1849.64 77.463
1883.3 77.487
1917.58 77.511
1952.48 77.534
1988.01 77.559
2024.19 77.585
2061.03 77.611
2098.54 77.639
2136.73 77.67
2175.62 77.705
2215.22 77.742
2255.53 77.781
2296.58 77.821
2338.38 77.86
2380.94 77.897
2424.27 77.932
2468.39 77.966
2513.31 77.999
2559.05 78.03
2605.63 78.058
2653.05 78.082
2701.33 78.099
2750.5 78.111
2800.55 78.116
2851.52 78.118
2903.42 78.117
2956.26 78.115
3010.06 78.112
3064.85 78.111
3120.62 78.112
3177.42 78.118
3235.25 78.13
3294.13 78.152
3354.08 78.185
3415.12 78.228
3477.27 78.286
3540.56 78.36
3605 78.451
3670.6 78.554
3737.41 78.671
3805.43 78.801
3874.68 78.949
3945.2 79.124
4017 79.33
4090.11 79.562
4164.55 79.809
4240.34 80.056
4317.51 80.285
4396.09 80.489
4476.1 80.664
4557.56 80.813
4640.5 80.937
4724.96 81.037
4810.95 81.103
4898.51 81.123
4987.66 81.077
5078.43 80.954
5170.86 80.75
5264.97 80.471
5360.79 80.124
5458.35 79.727
5557.69 79.302
5658.84 78.872
5761.82 78.462
5866.69 78.093
5973.46 77.785
6082.17 77.552
6192.87 77.406
6305.57 77.356
6420.33 77.412
6537.18 77.581
6656.15 77.866
6777.29 78.265
6900.63 78.769
7026.22 79.358
7154.1 80
7284.3 80.649
7416.87 81.256
7551.85 81.768
7689.29 82.143
7829.23 82.352
7971.72 82.388
8116.8 82.263
8264.53 82.003
8414.94 81.642
8568.09 81.214
8724.02 80.744
8882.79 80.243
9044.46 79.705
9209.06 79.113
9376.66 78.448
9547.31 77.697
9721.07 76.865
9897.99 75.974
10078.13 75.066
10261.55 74.189
10448.3 73.381
10638.45 72.662
10832.07 72.046
11029.21 71.525
11229.94 71.088
11434.32 70.712
11642.41 70.37
11854.3 70.037
12070.04 69.696
12289.71 69.348
12513.38 69.002
12741.12 68.66
12973 68.315
13209.1 67.947
13449.5 67.531
13694.28 67.033
13943.51 66.413
14197.27 65.641
14455.66 64.724
14718.74 63.711
14986.62 62.685
15259.37 61.739
15537.08 60.96
15819.85 60.412
16107.76 60.121
16400.92 60.072
16699.41 60.212
17003.33 60.462
17312.78 60.726
17627.86 60.912
17948.68 60.947
18275.34 60.797
18607.94 60.468
18946.6 60.001
19291.42 59.453
19642.52 58.875
20000 58.292