20 78.441
20.36 78.51
20.73 78.579
21.11 78.648
21.5 78.717
21.89 78.785
22.29 78.853
22.69 78.922
23.1 78.99
23.52 79.058
23.95 79.125
24.39 79.193
24.83 79.26
25.28 79.326
25.74 79.393
26.21 79.459
26.69 79.524
27.18 79.59
27.67 79.655
28.17 79.719
28.69 79.783
29.21 79.846
29.74 79.909
30.28 79.971
30.83 80.033
31.39 80.094
31.97 80.155
32.55 80.214
33.14 80.274
33.74 80.332
34.36 80.389
34.98 80.446
35.62 80.501
36.27 80.555
36.93 80.608
37.6 80.659
38.28 80.708
38.98 80.756
39.69 80.802
40.41 80.847
41.15 80.889
41.9 80.929
42.66 80.967
43.44 81.002
44.23 81.035
45.03 81.065
45.85 81.093
46.68 81.118
47.53 81.14
48.4 81.16
49.28 81.179
50.18 81.196
51.09 81.211
52.02 81.225
52.97 81.238
53.93 81.25
54.91 81.261
55.91 81.272
56.93 81.284
57.97 81.295
59.02 81.306
60.09 81.317
61.19 81.326
62.3 81.333
63.44 81.335
64.59 81.332
65.77 81.322
66.96 81.305
68.18 81.277
69.42 81.24
70.69 81.191
71.97 81.129
73.28 81.053
74.62 80.967
75.97 80.873
77.36 80.775
78.76 80.675
80.2 80.578
81.66 80.486
83.14 80.401
84.66 80.329
86.2 80.27
87.77 80.223
89.36 80.186
90.99 80.156
92.65 80.133
94.33 80.112
96.05 80.093
97.8 80.072
99.58 80.049
101.39 80.022
103.23 79.99
105.11 79.954
107.03 79.914
108.97 79.867
110.96 79.815
112.98 79.757
115.03 79.692
117.13 79.621
119.26 79.544
121.43 79.461
123.64 79.371
125.89 79.276
128.18 79.178
130.51 79.081
132.89 78.988
135.31 78.902
137.77 78.827
140.28 78.762
142.83 78.703
145.43 78.647
148.07 78.588
150.77 78.524
153.51 78.453
156.31 78.373
159.15 78.286
162.05 78.192
165 78.091
168 77.985
171.06 77.877
174.17 77.771
177.34 77.67
180.57 77.574
183.86 77.482
187.2 77.395
190.61 77.311
194.08 77.228
197.61 77.147
201.21 77.064
204.87 76.979
208.6 76.891
212.39 76.798
216.26 76.698
220.19 76.596
224.2 76.495
228.28 76.403
232.44 76.323
236.67 76.253
240.97 76.187
245.36 76.123
249.82 76.058
254.37 75.99
259 75.918
263.71 75.844
268.51 75.77
273.4 75.698
278.38 75.626
283.44 75.555
288.6 75.485
293.85 75.416
299.2 75.348
304.65 75.283
310.19 75.221
315.84 75.164
321.59 75.112
327.44 75.068
333.4 75.03
339.47 74.996
345.64 74.965
351.93 74.932
358.34 74.897
364.86 74.861
371.5 74.824
378.26 74.787
385.15 74.748
392.16 74.705
399.29 74.661
406.56 74.616
413.96 74.569
421.49 74.518
429.16 74.46
436.97 74.396
444.93 74.325
453.02 74.253
461.27 74.187
469.66 74.133
478.21 74.093
486.91 74.069
495.78 74.06
504.8 74.061
513.99 74.066
523.34 74.067
532.87 74.06
542.56 74.045
552.44 74.023
562.49 73.996
572.73 73.968
583.15 73.941
593.77 73.918
604.57 73.899
615.57 73.885
626.78 73.878
638.18 73.874
649.8 73.874
661.63 73.879
673.67 73.891
685.93 73.918
698.41 73.956
711.12 74.003
724.06 74.053
737.24 74.102
750.66 74.146
764.32 74.188
778.23 74.231
792.39 74.274
806.82 74.321
821.5 74.369
836.45 74.419
851.67 74.469
867.17 74.517
882.96 74.566
899.02 74.619
915.39 74.675
932.05 74.736
949.01 74.798
966.28 74.863
983.87 74.931
1001.77 75.008
1020 75.095
1038.57 75.192
1057.47 75.295
1076.71 75.402
1096.31 75.512
1116.26 75.627
1136.58 75.756
1157.26 75.903
1178.32 76.069
1199.77 76.243
1221.6 76.417
1243.84 76.584
1266.47 76.739
1289.52 76.884
1312.99 77.021
1336.89 77.154
1361.22 77.287
1385.99 77.42
1411.22 77.549
1436.9 77.672
1463.05 77.793
1489.68 77.916
1516.79 78.041
1544.4 78.173
1572.5 78.313
1601.12 78.459
1630.26 78.611
1659.93 78.77
1690.14 78.936
1720.9 79.109
1752.22 79.286
1784.11 79.465
1816.58 79.639
1849.64 79.806
1883.3 79.967
1917.58 80.127
1952.48 80.294
1988.01 80.473
2024.19 80.668
2061.03 80.88
2098.54 81.106
2136.73 81.346
2175.62 81.6
2215.22 81.87
2255.53 82.153
2296.58 82.442
2338.38 82.728
2380.94 82.996
2424.27 83.241
2468.39 83.458
2513.31 83.644
2559.05 83.803
2605.63 83.939
2653.05 84.052
2701.33 84.146
2750.5 84.221
2800.55 84.28
2851.52 84.321
2903.42 84.346
2956.26 84.354
3010.06 84.343
3064.85 84.315
3120.62 84.272
3177.42 84.216
3235.25 84.149
3294.13 84.072
3354.08 83.987
3415.12 83.898
3477.27 83.811
3540.56 83.731
3605 83.661
3670.6 83.603
3737.41 83.559
3805.43 83.529
3874.68 83.515
3945.2 83.518
4017 83.535
4090.11 83.566
4164.55 83.61
4240.34 83.668
4317.51 83.737
4396.09 83.81
4476.1 83.884
4557.56 83.955
4640.5 84.023
4724.96 84.084
4810.95 84.134
4898.51 84.171
4987.66 84.189
5078.43 84.181
5170.86 84.142
5264.97 84.067
5360.79 83.955
5458.35 83.805
5557.69 83.623
5658.84 83.419
5761.82 83.203
5866.69 82.986
5973.46 82.778
6082.17 82.585
6192.87 82.416
6305.57 82.28
6420.33 82.192
6537.18 82.162
6656.15 82.197
6777.29 82.3
6900.63 82.471
7026.22 82.697
7154.1 82.961
7284.3 83.232
7416.87 83.473
7551.85 83.642
7689.29 83.698
7829.23 83.605
7971.72 83.339
8116.8 82.89
8264.53 82.267
8414.94 81.5
8568.09 80.636
8724.02 79.736
8882.79 78.864
9044.46 78.076
9209.06 77.403
9376.66 76.854
9547.31 76.421
9721.07 76.086
9897.99 75.828
10078.13 75.626
10261.55 75.464
10448.3 75.33
10638.45 75.219
10832.07 75.135
11029.21 75.093
11229.94 75.119
11434.32 75.246
11642.41 75.509
11854.3 75.939
12070.04 76.548
12289.71 77.312
12513.38 78.162
12741.12 78.983
12973 79.636
13209.1 80.003
13449.5 80.041
13694.28 79.81
13943.51 79.436
14197.27 79.056
14455.66 78.762
14718.74 78.578
14986.62 78.457
15259.37 78.3
15537.08 77.985
15819.85 77.431
16107.76 76.635
16400.92 75.669
16699.41 74.639
17003.33 73.633
17312.78 72.703
17627.86 71.859
17948.68 71.086
18275.34 70.361
18607.94 69.662
18946.6 68.976
19291.42 68.304
19642.52 67.648
20000 67.001