20 80.586
20.36 80.694
20.73 80.802
21.11 80.909
21.5 81.016
21.89 81.123
22.29 81.229
22.69 81.334
23.1 81.439
23.52 81.543
23.95 81.646
24.39 81.748
24.83 81.849
25.28 81.948
25.74 82.046
26.21 82.143
26.69 82.239
27.18 82.332
27.67 82.425
28.17 82.515
28.69 82.604
29.21 82.691
29.74 82.775
30.28 82.858
30.83 82.938
31.39 83.017
31.97 83.093
32.55 83.166
33.14 83.237
33.74 83.305
34.36 83.371
34.98 83.434
35.62 83.494
36.27 83.553
36.93 83.608
37.6 83.661
38.28 83.711
38.98 83.759
39.69 83.804
40.41 83.847
41.15 83.887
41.9 83.925
42.66 83.96
43.44 83.992
44.23 84.022
45.03 84.05
45.85 84.074
46.68 84.096
47.53 84.116
48.4 84.133
49.28 84.147
50.18 84.159
51.09 84.168
52.02 84.174
52.97 84.178
53.93 84.179
54.91 84.177
55.91 84.173
56.93 84.165
57.97 84.155
59.02 84.143
60.09 84.127
61.19 84.108
62.3 84.084
63.44 84.057
64.59 84.025
65.77 83.988
66.96 83.945
68.18 83.897
69.42 83.842
70.69 83.781
71.97 83.713
73.28 83.637
74.62 83.555
75.97 83.468
77.36 83.378
78.76 83.285
80.2 83.19
81.66 83.096
83.14 83.002
84.66 82.911
86.2 82.822
87.77 82.736
89.36 82.651
90.99 82.566
92.65 82.48
94.33 82.392
96.05 82.302
97.8 82.207
99.58 82.108
101.39 82.004
103.23 81.898
105.11 81.788
107.03 81.676
108.97 81.564
110.96 81.451
112.98 81.338
115.03 81.224
117.13 81.107
119.26 80.986
121.43 80.858
123.64 80.723
125.89 80.58
128.18 80.428
130.51 80.269
132.89 80.105
135.31 79.935
137.77 79.762
140.28 79.588
142.83 79.414
145.43 79.245
148.07 79.084
150.77 78.934
153.51 78.794
156.31 78.66
159.15 78.528
162.05 78.394
165 78.254
168 78.111
171.06 77.966
174.17 77.821
177.34 77.679
180.57 77.54
183.86 77.401
187.2 77.263
190.61 77.123
194.08 76.981
197.61 76.837
201.21 76.694
204.87 76.551
208.6 76.409
212.39 76.268
216.26 76.129
220.19 75.992
224.2 75.86
228.28 75.736
232.44 75.622
236.67 75.52
240.97 75.431
245.36 75.355
249.82 75.292
254.37 75.241
259 75.198
263.71 75.163
268.51 75.13
273.4 75.097
278.38 75.06
283.44 75.018
288.6 74.968
293.85 74.913
299.2 74.856
304.65 74.798
310.19 74.744
315.84 74.695
321.59 74.653
327.44 74.621
333.4 74.595
339.47 74.576
345.64 74.565
351.93 74.559
358.34 74.555
364.86 74.55
371.5 74.541
378.26 74.527
385.15 74.51
392.16 74.493
399.29 74.476
406.56 74.46
413.96 74.445
421.49 74.43
429.16 74.417
436.97 74.407
444.93 74.399
453.02 74.394
461.27 74.392
469.66 74.391
478.21 74.393
486.91 74.397
495.78 74.402
504.8 74.406
513.99 74.408
523.34 74.408
532.87 74.407
542.56 74.407
552.44 74.407
562.49 74.407
572.73 74.407
583.15 74.407
593.77 74.41
604.57 74.412
615.57 74.414
626.78 74.413
638.18 74.411
649.8 74.407
661.63 74.402
673.67 74.397
685.93 74.394
698.41 74.396
711.12 74.401
724.06 74.409
737.24 74.417
750.66 74.423
764.32 74.426
778.23 74.424
792.39 74.42
806.82 74.414
821.5 74.412
836.45 74.418
851.67 74.435
867.17 74.466
882.96 74.507
899.02 74.555
915.39 74.612
932.05 74.677
949.01 74.75
966.28 74.831
983.87 74.918
1001.77 75.009
1020 75.106
1038.57 75.209
1057.47 75.318
1076.71 75.432
1096.31 75.547
1116.26 75.659
1136.58 75.769
1157.26 75.878
1178.32 75.986
1199.77 76.094
1221.6 76.199
1243.84 76.299
1266.47 76.394
1289.52 76.482
1312.99 76.564
1336.89 76.64
1361.22 76.708
1385.99 76.771
1411.22 76.831
1436.9 76.891
1463.05 76.951
1489.68 77.011
1516.79 77.072
1544.4 77.135
1572.5 77.203
1601.12 77.278
1630.26 77.363
1659.93 77.459
1690.14 77.566
1720.9 77.68
1752.22 77.801
1784.11 77.925
1816.58 78.054
1849.64 78.187
1883.3 78.325
1917.58 78.468
1952.48 78.617
1988.01 78.771
2024.19 78.931
2061.03 79.099
2098.54 79.278
2136.73 79.471
2175.62 79.68
2215.22 79.903
2255.53 80.14
2296.58 80.387
2338.38 80.646
2380.94 80.919
2424.27 81.205
2468.39 81.505
2513.31 81.817
2559.05 82.135
2605.63 82.453
2653.05 82.765
2701.33 83.064
2750.5 83.341
2800.55 83.583
2851.52 83.781
2903.42 83.926
2956.26 84.011
3010.06 84.036
3064.85 84.001
3120.62 83.911
3177.42 83.772
3235.25 83.59
3294.13 83.371
3354.08 83.121
3415.12 82.847
3477.27 82.558
3540.56 82.26
3605 81.96
3670.6 81.663
3737.41 81.377
3805.43 81.106
3874.68 80.852
3945.2 80.621
4017 80.415
4090.11 80.236
4164.55 80.083
4240.34 79.955
4317.51 79.85
4396.09 79.772
4476.1 79.724
4557.56 79.705
4640.5 79.71
4724.96 79.732
4810.95 79.761
4898.51 79.785
4987.66 79.796
5078.43 79.78
5170.86 79.728
5264.97 79.628
5360.79 79.472
5458.35 79.259
5557.69 78.994
5658.84 78.69
5761.82 78.373
5866.69 78.071
5973.46 77.819
6082.17 77.652
6192.87 77.603
6305.57 77.694
6420.33 77.932
6537.18 78.305
6656.15 78.782
6777.29 79.317
6900.63 79.856
7026.22 80.35
7154.1 80.764
7284.3 81.077
7416.87 81.292
7551.85 81.422
7689.29 81.485
7829.23 81.494
7971.72 81.444
8116.8 81.316
8264.53 81.082
8414.94 80.71
8568.09 80.18
8724.02 79.491
8882.79 78.659
9044.46 77.715
9209.06 76.7
9376.66 75.656
9547.31 74.626
9721.07 73.65
9897.99 72.763
10078.13 71.997
10261.55 71.373
10448.3 70.894
10638.45 70.554
10832.07 70.334
11029.21 70.21
11229.94 70.156
11434.32 70.139
11642.41 70.133
11854.3 70.118
12070.04 70.085
12289.71 70.031
12513.38 69.955
12741.12 69.856
12973 69.738
13209.1 69.619
13449.5 69.531
13694.28 69.518
13943.51 69.617
14197.27 69.844
14455.66 70.185
14718.74 70.593
14986.62 70.99
15259.37 71.29
15537.08 71.409
15819.85 71.272
16107.76 70.825
16400.92 70.046
16699.41 68.974
17003.33 67.716
17312.78 66.435
17627.86 65.307
17948.68 64.454
18275.34 63.9
18607.94 63.58
18946.6 63.417
19291.42 63.348
19642.52 63.327
20000 63.32