20 75.209
20.36 75.377
20.73 75.544
21.11 75.71
21.5 75.875
21.89 76.039
22.29 76.201
22.69 76.361
23.1 76.519
23.52 76.674
23.95 76.827
24.39 76.976
24.83 77.123
25.28 77.265
25.74 77.404
26.21 77.539
26.69 77.669
27.18 77.795
27.67 77.916
28.17 78.032
28.69 78.142
29.21 78.246
29.74 78.344
30.28 78.437
30.83 78.522
31.39 78.601
31.97 78.673
32.55 78.737
33.14 78.794
33.74 78.844
34.36 78.888
34.98 78.925
35.62 78.958
36.27 78.987
36.93 79.012
37.6 79.033
38.28 79.052
38.98 79.069
39.69 79.085
40.41 79.1
41.15 79.115
41.9 79.13
42.66 79.147
43.44 79.165
44.23 79.186
45.03 79.21
45.85 79.237
46.68 79.268
47.53 79.301
48.4 79.337
49.28 79.373
50.18 79.41
51.09 79.446
52.02 79.482
52.97 79.515
53.93 79.546
54.91 79.574
55.91 79.597
56.93 79.616
57.97 79.628
59.02 79.635
60.09 79.635
61.19 79.63
62.3 79.62
63.44 79.606
64.59 79.589
65.77 79.57
66.96 79.549
68.18 79.527
69.42 79.504
70.69 79.483
71.97 79.463
73.28 79.445
74.62 79.428
75.97 79.409
77.36 79.389
78.76 79.364
80.2 79.335
81.66 79.299
83.14 79.256
84.66 79.203
86.2 79.14
87.77 79.068
89.36 78.992
90.99 78.913
92.65 78.833
94.33 78.756
96.05 78.684
97.8 78.619
99.58 78.563
101.39 78.513
103.23 78.466
105.11 78.417
107.03 78.364
108.97 78.303
110.96 78.23
112.98 78.143
115.03 78.041
117.13 77.925
119.26 77.795
121.43 77.653
123.64 77.499
125.89 77.332
128.18 77.156
130.51 76.97
132.89 76.777
135.31 76.578
137.77 76.373
140.28 76.166
142.83 75.96
145.43 75.757
148.07 75.56
150.77 75.373
153.51 75.197
156.31 75.035
159.15 74.888
162.05 74.758
165 74.647
168 74.555
171.06 74.481
174.17 74.426
177.34 74.388
180.57 74.37
183.86 74.376
187.2 74.408
190.61 74.47
194.08 74.556
197.61 74.649
201.21 74.734
204.87 74.798
208.6 74.84
212.39 74.862
216.26 74.867
220.19 74.856
224.2 74.832
228.28 74.795
232.44 74.75
236.67 74.7
240.97 74.652
245.36 74.608
249.82 74.571
254.37 74.542
259 74.52
263.71 74.505
268.51 74.499
273.4 74.501
278.38 74.511
283.44 74.529
288.6 74.554
293.85 74.582
299.2 74.611
304.65 74.634
310.19 74.646
315.84 74.646
321.59 74.634
327.44 74.61
333.4 74.579
339.47 74.544
345.64 74.508
351.93 74.475
358.34 74.451
364.86 74.438
371.5 74.438
378.26 74.448
385.15 74.463
392.16 74.473
399.29 74.475
406.56 74.468
413.96 74.454
421.49 74.435
429.16 74.419
436.97 74.409
444.93 74.406
453.02 74.412
461.27 74.425
469.66 74.443
478.21 74.458
486.91 74.465
495.78 74.458
504.8 74.436
513.99 74.397
523.34 74.346
532.87 74.289
542.56 74.237
552.44 74.2
562.49 74.184
572.73 74.189
583.15 74.211
593.77 74.238
604.57 74.262
615.57 74.28
626.78 74.292
638.18 74.302
649.8 74.314
661.63 74.33
673.67 74.353
685.93 74.381
698.41 74.411
711.12 74.442
724.06 74.47
737.24 74.493
750.66 74.511
764.32 74.521
778.23 74.52
792.39 74.508
806.82 74.487
821.5 74.465
836.45 74.452
851.67 74.456
867.17 74.483
882.96 74.531
899.02 74.596
915.39 74.671
932.05 74.749
949.01 74.826
966.28 74.894
983.87 74.953
1001.77 75.005
1020 75.06
1038.57 75.125
1057.47 75.206
1076.71 75.299
1096.31 75.402
1116.26 75.509
1136.58 75.615
1157.26 75.712
1178.32 75.795
1199.77 75.86
1221.6 75.908
1243.84 75.944
1266.47 75.974
1289.52 76
1312.99 76.031
1336.89 76.076
1361.22 76.142
1385.99 76.229
1411.22 76.334
1436.9 76.453
1463.05 76.583
1489.68 76.724
1516.79 76.873
1544.4 77.028
1572.5 77.183
1601.12 77.335
1630.26 77.482
1659.93 77.623
1690.14 77.762
1720.9 77.904
1752.22 78.061
1784.11 78.237
1816.58 78.43
1849.64 78.633
1883.3 78.835
1917.58 79.03
1952.48 79.217
1988.01 79.4
2024.19 79.581
2061.03 79.764
2098.54 79.949
2136.73 80.137
2175.62 80.327
2215.22 80.513
2255.53 80.687
2296.58 80.848
2338.38 80.997
2380.94 81.141
2424.27 81.282
2468.39 81.425
2513.31 81.567
2559.05 81.704
2605.63 81.834
2653.05 81.955
2701.33 82.066
2750.5 82.164
2800.55 82.245
2851.52 82.308
2903.42 82.355
2956.26 82.387
3010.06 82.404
3064.85 82.407
3120.62 82.394
3177.42 82.366
3235.25 82.323
3294.13 82.27
3354.08 82.207
3415.12 82.135
3477.27 82.052
3540.56 81.962
3605 81.87
3670.6 81.775
3737.41 81.673
3805.43 81.562
3874.68 81.442
3945.2 81.313
4017 81.178
4090.11 81.041
4164.55 80.9
4240.34 80.754
4317.51 80.604
4396.09 80.453
4476.1 80.306
4557.56 80.166
4640.5 80.033
4724.96 79.906
4810.95 79.781
4898.51 79.656
4987.66 79.533
5078.43 79.419
5170.86 79.322
5264.97 79.243
5360.79 79.174
5458.35 79.108
5557.69 79.038
5658.84 78.962
5761.82 78.878
5866.69 78.791
5973.46 78.706
6082.17 78.628
6192.87 78.559
6305.57 78.5
6420.33 78.454
6537.18 78.423
6656.15 78.405
6777.29 78.393
6900.63 78.372
7026.22 78.328
7154.1 78.247
7284.3 78.112
7416.87 77.905
7551.85 77.614
7689.29 77.236
7829.23 76.776
7971.72 76.256
8116.8 75.706
8264.53 75.169
8414.94 74.691
8568.09 74.319
8724.02 74.094
8882.79 74.043
9044.46 74.176
9209.06 74.476
9376.66 74.906
9547.31 75.4
9721.07 75.876
9897.99 76.249
10078.13 76.451
10261.55 76.452
10448.3 76.268
10638.45 75.947
10832.07 75.551
11029.21 75.138
11229.94 74.75
11434.32 74.411
11642.41 74.133
11854.3 73.92
12070.04 73.773
12289.71 73.696
12513.38 73.702
12741.12 73.814
12973 74.061
13209.1 74.478
13449.5 75.091
13694.28 75.902
13943.51 76.871
14197.27 77.894
14455.66 78.803
14718.74 79.39
14986.62 79.491
15259.37 79.059
15537.08 78.195
15819.85 77.091
16107.76 75.941
16400.92 74.886
16699.41 74.004
17003.33 73.31
17312.78 72.772
17627.86 72.337
17948.68 71.943
18275.34 71.534
18607.94 71.073
18946.6 70.543
19291.42 69.955
19642.52 69.338
20000 68.714