20 80.312
20.36 80.34
20.73 80.369
21.11 80.397
21.5 80.424
21.89 80.452
22.29 80.479
22.69 80.506
23.1 80.533
23.52 80.559
23.95 80.584
24.39 80.609
24.83 80.633
25.28 80.657
25.74 80.679
26.21 80.701
26.69 80.722
27.18 80.742
27.67 80.761
28.17 80.779
28.69 80.796
29.21 80.811
29.74 80.826
30.28 80.839
30.83 80.851
31.39 80.861
31.97 80.87
32.55 80.878
33.14 80.884
33.74 80.889
34.36 80.892
34.98 80.893
35.62 80.893
36.27 80.89
36.93 80.886
37.6 80.88
38.28 80.872
38.98 80.861
39.69 80.85
40.41 80.835
41.15 80.819
41.9 80.8
42.66 80.779
43.44 80.756
44.23 80.73
45.03 80.702
45.85 80.671
46.68 80.639
47.53 80.604
48.4 80.568
49.28 80.53
50.18 80.492
51.09 80.453
52.02 80.415
52.97 80.375
53.93 80.338
54.91 80.301
55.91 80.265
56.93 80.231
57.97 80.199
59.02 80.17
60.09 80.143
61.19 80.117
62.3 80.093
63.44 80.068
64.59 80.042
65.77 80.014
66.96 79.984
68.18 79.951
69.42 79.914
70.69 79.872
71.97 79.825
73.28 79.772
74.62 79.714
75.97 79.652
77.36 79.586
78.76 79.518
80.2 79.448
81.66 79.377
83.14 79.307
84.66 79.238
86.2 79.17
87.77 79.104
89.36 79.039
90.99 78.975
92.65 78.912
94.33 78.849
96.05 78.786
97.8 78.723
99.58 78.66
101.39 78.595
103.23 78.531
105.11 78.466
107.03 78.401
108.97 78.334
110.96 78.268
112.98 78.201
115.03 78.132
117.13 78.061
119.26 77.986
121.43 77.907
123.64 77.823
125.89 77.733
128.18 77.637
130.51 77.54
132.89 77.441
135.31 77.344
137.77 77.247
140.28 77.156
142.83 77.07
145.43 76.991
148.07 76.92
150.77 76.86
153.51 76.81
156.31 76.766
159.15 76.726
162.05 76.686
165 76.645
168 76.603
171.06 76.559
174.17 76.516
177.34 76.474
180.57 76.432
183.86 76.391
187.2 76.351
190.61 76.311
194.08 76.273
197.61 76.237
201.21 76.207
204.87 76.182
208.6 76.16
212.39 76.138
216.26 76.114
220.19 76.085
224.2 76.05
228.28 76.007
232.44 75.957
236.67 75.901
240.97 75.839
245.36 75.775
249.82 75.711
254.37 75.649
259 75.594
263.71 75.544
268.51 75.501
273.4 75.464
278.38 75.432
283.44 75.402
288.6 75.374
293.85 75.347
299.2 75.321
304.65 75.294
310.19 75.268
315.84 75.243
321.59 75.217
327.44 75.191
333.4 75.168
339.47 75.146
345.64 75.128
351.93 75.111
358.34 75.094
364.86 75.077
371.5 75.057
378.26 75.035
385.15 75.009
392.16 74.983
399.29 74.955
406.56 74.927
413.96 74.901
421.49 74.878
429.16 74.858
436.97 74.843
444.93 74.832
453.02 74.823
461.27 74.814
469.66 74.802
478.21 74.787
486.91 74.77
495.78 74.752
504.8 74.736
513.99 74.724
523.34 74.714
532.87 74.707
542.56 74.698
552.44 74.687
562.49 74.673
572.73 74.656
583.15 74.638
593.77 74.619
604.57 74.602
615.57 74.588
626.78 74.58
638.18 74.577
649.8 74.577
661.63 74.58
673.67 74.585
685.93 74.592
698.41 74.598
711.12 74.602
724.06 74.602
737.24 74.599
750.66 74.593
764.32 74.587
778.23 74.582
792.39 74.577
806.82 74.574
821.5 74.572
836.45 74.571
851.67 74.574
867.17 74.579
882.96 74.588
899.02 74.606
915.39 74.637
932.05 74.682
949.01 74.743
966.28 74.818
983.87 74.907
1001.77 75.01
1020 75.127
1038.57 75.258
1057.47 75.402
1076.71 75.558
1096.31 75.726
1116.26 75.905
1136.58 76.094
1157.26 76.294
1178.32 76.5
1199.77 76.708
1221.6 76.913
1243.84 77.114
1266.47 77.309
1289.52 77.493
1312.99 77.665
1336.89 77.825
1361.22 77.975
1385.99 78.119
1411.22 78.256
1436.9 78.388
1463.05 78.515
1489.68 78.637
1516.79 78.753
1544.4 78.865
1572.5 78.976
1601.12 79.092
1630.26 79.217
1659.93 79.351
1690.14 79.491
1720.9 79.634
1752.22 79.778
1784.11 79.923
1816.58 80.071
1849.64 80.221
1883.3 80.372
1917.58 80.524
1952.48 80.674
1988.01 80.822
2024.19 80.974
2061.03 81.131
2098.54 81.299
2136.73 81.475
2175.62 81.658
2215.22 81.84
2255.53 82.019
2296.58 82.192
2338.38 82.361
2380.94 82.526
2424.27 82.69
2468.39 82.853
2513.31 83.017
2559.05 83.184
2605.63 83.354
2653.05 83.529
2701.33 83.71
2750.5 83.896
2800.55 84.08
2851.52 84.255
2903.42 84.411
2956.26 84.545
3010.06 84.656
3064.85 84.743
3120.62 84.809
3177.42 84.852
3235.25 84.868
3294.13 84.856
3354.08 84.811
3415.12 84.732
3477.27 84.622
3540.56 84.481
3605 84.317
3670.6 84.132
3737.41 83.927
3805.43 83.702
3874.68 83.457
3945.2 83.195
4017 82.919
4090.11 82.631
4164.55 82.33
4240.34 82.017
4317.51 81.697
4396.09 81.38
4476.1 81.074
4557.56 80.789
4640.5 80.534
4724.96 80.312
4810.95 80.12
4898.51 79.954
4987.66 79.804
5078.43 79.658
5170.86 79.498
5264.97 79.303
5360.79 79.054
5458.35 78.738
5557.69 78.353
5658.84 77.907
5761.82 77.423
5866.69 76.933
5973.46 76.47
6082.17 76.064
6192.87 75.735
6305.57 75.496
6420.33 75.348
6537.18 75.288
6656.15 75.304
6777.29 75.382
6900.63 75.505
7026.22 75.654
7154.1 75.817
7284.3 75.977
7416.87 76.122
7551.85 76.243
7689.29 76.328
7829.23 76.37
7971.72 76.354
8116.8 76.262
8264.53 76.076
8414.94 75.777
8568.09 75.356
8724.02 74.808
8882.79 74.143
9044.46 73.381
9209.06 72.551
9376.66 71.685
9547.31 70.816
9721.07 69.976
9897.99 69.199
10078.13 68.518
10261.55 67.972
10448.3 67.592
10638.45 67.413
10832.07 67.474
11029.21 67.805
11229.94 68.419
11434.32 69.29
11642.41 70.345
11854.3 71.471
12070.04 72.541
12289.71 73.439
12513.38 74.084
12741.12 74.445
12973 74.532
13209.1 74.388
13449.5 74.071
13694.28 73.647
13943.51 73.175
14197.27 72.7
14455.66 72.255
14718.74 71.852
14986.62 71.481
15259.37 71.118
15537.08 70.726
15819.85 70.26
16107.76 69.675
16400.92 68.933
16699.41 68.012
17003.33 66.912
17312.78 65.653
17627.86 64.269
17948.68 62.784
18275.34 61.213
18607.94 59.573
18946.6 57.898
19291.42 56.227
19642.52 54.586
20000 52.963