20 88.354
20.36 88.384
20.73 88.414
21.11 88.443
21.5 88.473
21.89 88.502
22.29 88.531
22.69 88.56
23.1 88.589
23.52 88.618
23.95 88.646
24.39 88.675
24.83 88.702
25.28 88.73
25.74 88.757
26.21 88.784
26.69 88.811
27.18 88.837
27.67 88.863
28.17 88.887
28.69 88.912
29.21 88.937
29.74 88.96
30.28 88.984
30.83 89.006
31.39 89.028
31.97 89.049
32.55 89.07
33.14 89.091
33.74 89.11
34.36 89.128
34.98 89.144
35.62 89.16
36.27 89.173
36.93 89.185
37.6 89.195
38.28 89.202
38.98 89.206
39.69 89.208
40.41 89.208
41.15 89.203
41.9 89.196
42.66 89.185
43.44 89.17
44.23 89.151
45.03 89.128
45.85 89.101
46.68 89.069
47.53 89.034
48.4 88.998
49.28 88.959
50.18 88.92
51.09 88.88
52.02 88.842
52.97 88.805
53.93 88.77
54.91 88.739
55.91 88.712
56.93 88.689
57.97 88.672
59.02 88.662
60.09 88.657
61.19 88.655
62.3 88.656
63.44 88.657
64.59 88.657
65.77 88.653
66.96 88.644
68.18 88.628
69.42 88.603
70.69 88.568
71.97 88.521
73.28 88.459
74.62 88.386
75.97 88.302
77.36 88.21
78.76 88.11
80.2 88.004
81.66 87.895
83.14 87.783
84.66 87.671
86.2 87.559
87.77 87.449
89.36 87.342
90.99 87.237
92.65 87.136
94.33 87.04
96.05 86.948
97.8 86.863
99.58 86.784
101.39 86.71
103.23 86.641
105.11 86.573
107.03 86.508
108.97 86.443
110.96 86.378
112.98 86.31
115.03 86.24
117.13 86.166
119.26 86.087
121.43 86.003
123.64 85.912
125.89 85.814
128.18 85.71
130.51 85.599
132.89 85.483
135.31 85.362
137.77 85.237
140.28 85.109
142.83 84.98
145.43 84.852
148.07 84.727
150.77 84.607
153.51 84.492
156.31 84.382
159.15 84.278
162.05 84.179
165 84.085
168 83.993
171.06 83.903
174.17 83.812
177.34 83.717
180.57 83.618
183.86 83.515
187.2 83.407
190.61 83.294
194.08 83.178
197.61 83.062
201.21 82.948
204.87 82.837
208.6 82.728
212.39 82.62
216.26 82.51
220.19 82.398
224.2 82.282
228.28 82.161
232.44 82.037
236.67 81.907
240.97 81.773
245.36 81.635
249.82 81.494
254.37 81.353
259 81.212
263.71 81.073
268.51 80.937
273.4 80.804
278.38 80.675
283.44 80.55
288.6 80.429
293.85 80.31
299.2 80.192
304.65 80.076
310.19 79.961
315.84 79.844
321.59 79.726
327.44 79.605
333.4 79.486
339.47 79.371
345.64 79.259
351.93 79.153
358.34 79.047
364.86 78.939
371.5 78.825
378.26 78.705
385.15 78.581
392.16 78.453
399.29 78.327
406.56 78.201
413.96 78.079
421.49 77.96
429.16 77.846
436.97 77.735
444.93 77.625
453.02 77.514
461.27 77.402
469.66 77.287
478.21 77.171
486.91 77.056
495.78 76.944
504.8 76.835
513.99 76.729
523.34 76.624
532.87 76.518
542.56 76.413
552.44 76.308
562.49 76.206
572.73 76.107
583.15 76.011
593.77 75.917
604.57 75.824
615.57 75.732
626.78 75.642
638.18 75.552
649.8 75.462
661.63 75.372
673.67 75.284
685.93 75.198
698.41 75.116
711.12 75.038
724.06 74.962
737.24 74.891
750.66 74.824
764.32 74.762
778.23 74.706
792.39 74.652
806.82 74.602
821.5 74.556
836.45 74.517
851.67 74.489
867.17 74.479
882.96 74.49
899.02 74.523
915.39 74.576
932.05 74.645
949.01 74.724
966.28 74.81
983.87 74.905
1001.77 75.01
1020 75.127
1038.57 75.255
1057.47 75.395
1076.71 75.546
1096.31 75.71
1116.26 75.885
1136.58 76.073
1157.26 76.273
1178.32 76.481
1199.77 76.688
1221.6 76.889
1243.84 77.083
1266.47 77.274
1289.52 77.46
1312.99 77.646
1336.89 77.832
1361.22 78.019
1385.99 78.206
1411.22 78.39
1436.9 78.568
1463.05 78.741
1489.68 78.913
1516.79 79.088
1544.4 79.268
1572.5 79.457
1601.12 79.657
1630.26 79.867
1659.93 80.089
1690.14 80.321
1720.9 80.561
1752.22 80.809
1784.11 81.068
1816.58 81.338
1849.64 81.619
1883.3 81.906
1917.58 82.193
1952.48 82.479
1988.01 82.759
2024.19 83.034
2061.03 83.306
2098.54 83.578
2136.73 83.848
2175.62 84.114
2215.22 84.369
2255.53 84.608
2296.58 84.826
2338.38 85.021
2380.94 85.189
2424.27 85.329
2468.39 85.439
2513.31 85.52
2559.05 85.572
2605.63 85.595
2653.05 85.593
2701.33 85.568
2750.5 85.527
2800.55 85.475
2851.52 85.418
2903.42 85.355
2956.26 85.29
3010.06 85.223
3064.85 85.158
3120.62 85.099
3177.42 85.049
3235.25 85.015
3294.13 84.998
3354.08 85
3415.12 85.024
3477.27 85.076
3540.56 85.159
3605 85.276
3670.6 85.428
3737.41 85.616
3805.43 85.836
3874.68 86.086
3945.2 86.359
4017 86.641
4090.11 86.916
4164.55 87.162
4240.34 87.355
4317.51 87.471
4396.09 87.488
4476.1 87.395
4557.56 87.191
4640.5 86.88
4724.96 86.469
4810.95 85.972
4898.51 85.405
4987.66 84.79
5078.43 84.148
5170.86 83.504
5264.97 82.877
5360.79 82.281
5458.35 81.731
5557.69 81.233
5658.84 80.795
5761.82 80.422
5866.69 80.121
5973.46 79.899
6082.17 79.759
6192.87 79.701
6305.57 79.725
6420.33 79.827
6537.18 80.001
6656.15 80.238
6777.29 80.523
6900.63 80.844
7026.22 81.184
7154.1 81.523
7284.3 81.842
7416.87 82.116
7551.85 82.326
7689.29 82.448
7829.23 82.468
7971.72 82.37
8116.8 82.153
8264.53 81.823
8414.94 81.399
8568.09 80.915
8724.02 80.415
8882.79 79.947
9044.46 79.558
9209.06 79.287
9376.66 79.155
9547.31 79.166
9721.07 79.298
9897.99 79.502
10078.13 79.708
10261.55 79.834
10448.3 79.808
10638.45 79.579
10832.07 79.127
11029.21 78.47
11229.94 77.66
11434.32 76.769
11642.41 75.877
11854.3 75.062
12070.04 74.388
12289.71 73.903
12513.38 73.637
12741.12 73.592
12973 73.744
13209.1 74.039
13449.5 74.398
13694.28 74.723
13943.51 74.91
14197.27 74.868
14455.66 74.532
14718.74 73.893
14986.62 72.995
15259.37 71.933
15537.08 70.822
15819.85 69.76
16107.76 68.787
16400.92 67.893
16699.41 67.035
17003.33 66.17
17312.78 65.284
17627.86 64.406
17948.68 63.593
18275.34 62.91
18607.94 62.4
18946.6 62.062
19291.42 61.854
19642.52 61.716
20000 61.6