20 73.843
20.36 73.931
20.73 74.018
21.11 74.105
21.5 74.192
21.89 74.279
22.29 74.365
22.69 74.451
23.1 74.537
23.52 74.622
23.95 74.708
24.39 74.792
24.83 74.877
25.28 74.96
25.74 75.043
26.21 75.126
26.69 75.208
27.18 75.289
27.67 75.369
28.17 75.449
28.69 75.527
29.21 75.605
29.74 75.682
30.28 75.758
30.83 75.834
31.39 75.908
31.97 75.981
32.55 76.053
33.14 76.124
33.74 76.193
34.36 76.262
34.98 76.328
35.62 76.393
36.27 76.456
36.93 76.517
37.6 76.575
38.28 76.632
38.98 76.686
39.69 76.737
40.41 76.786
41.15 76.832
41.9 76.875
42.66 76.914
43.44 76.95
44.23 76.983
45.03 77.012
45.85 77.037
46.68 77.06
47.53 77.079
48.4 77.095
49.28 77.11
50.18 77.124
51.09 77.138
52.02 77.151
52.97 77.166
53.93 77.181
54.91 77.199
55.91 77.218
56.93 77.241
57.97 77.267
59.02 77.298
60.09 77.332
61.19 77.37
62.3 77.409
63.44 77.45
64.59 77.491
65.77 77.532
66.96 77.571
68.18 77.608
69.42 77.642
70.69 77.672
71.97 77.697
73.28 77.716
74.62 77.731
75.97 77.741
77.36 77.749
78.76 77.755
80.2 77.76
81.66 77.765
83.14 77.771
84.66 77.778
86.2 77.788
87.77 77.8
89.36 77.814
90.99 77.829
92.65 77.844
94.33 77.86
96.05 77.875
97.8 77.89
99.58 77.904
101.39 77.916
103.23 77.926
105.11 77.935
107.03 77.943
108.97 77.948
110.96 77.952
112.98 77.953
115.03 77.952
117.13 77.948
119.26 77.939
121.43 77.927
123.64 77.91
125.89 77.888
128.18 77.862
130.51 77.832
132.89 77.799
135.31 77.763
137.77 77.725
140.28 77.687
142.83 77.649
145.43 77.612
148.07 77.578
150.77 77.547
153.51 77.522
156.31 77.501
159.15 77.485
162.05 77.475
165 77.47
168 77.47
171.06 77.474
174.17 77.48
177.34 77.489
180.57 77.497
183.86 77.506
187.2 77.512
190.61 77.516
194.08 77.515
197.61 77.512
201.21 77.508
204.87 77.501
208.6 77.491
212.39 77.478
216.26 77.458
220.19 77.433
224.2 77.403
228.28 77.369
232.44 77.333
236.67 77.295
240.97 77.256
245.36 77.216
249.82 77.176
254.37 77.141
259 77.113
263.71 77.089
268.51 77.07
273.4 77.055
278.38 77.04
283.44 77.024
288.6 77.007
293.85 76.985
299.2 76.959
304.65 76.928
310.19 76.892
315.84 76.855
321.59 76.815
327.44 76.776
333.4 76.738
339.47 76.702
345.64 76.667
351.93 76.633
358.34 76.598
364.86 76.561
371.5 76.522
378.26 76.481
385.15 76.438
392.16 76.395
399.29 76.351
406.56 76.304
413.96 76.258
421.49 76.213
429.16 76.168
436.97 76.124
444.93 76.081
453.02 76.04
461.27 76
469.66 75.961
478.21 75.923
486.91 75.887
495.78 75.855
504.8 75.826
513.99 75.798
523.34 75.772
532.87 75.746
542.56 75.718
552.44 75.687
562.49 75.651
572.73 75.61
583.15 75.565
593.77 75.518
604.57 75.472
615.57 75.429
626.78 75.39
638.18 75.356
649.8 75.326
661.63 75.299
673.67 75.273
685.93 75.248
698.41 75.223
711.12 75.196
724.06 75.163
737.24 75.127
750.66 75.089
764.32 75.051
778.23 75.018
792.39 74.989
806.82 74.966
821.5 74.948
836.45 74.932
851.67 74.917
867.17 74.901
882.96 74.883
899.02 74.865
915.39 74.85
932.05 74.843
949.01 74.851
966.28 74.878
983.87 74.93
1001.77 75.008
1020 75.113
1038.57 75.245
1057.47 75.399
1076.71 75.572
1096.31 75.763
1116.26 75.97
1136.58 76.191
1157.26 76.422
1178.32 76.658
1199.77 76.895
1221.6 77.129
1243.84 77.36
1266.47 77.591
1289.52 77.819
1312.99 78.042
1336.89 78.258
1361.22 78.467
1385.99 78.667
1411.22 78.862
1436.9 79.053
1463.05 79.242
1489.68 79.426
1516.79 79.606
1544.4 79.783
1572.5 79.96
1601.12 80.143
1630.26 80.335
1659.93 80.538
1690.14 80.754
1720.9 80.978
1752.22 81.212
1784.11 81.455
1816.58 81.707
1849.64 81.967
1883.3 82.231
1917.58 82.499
1952.48 82.774
1988.01 83.057
2024.19 83.35
2061.03 83.653
2098.54 83.965
2136.73 84.284
2175.62 84.606
2215.22 84.926
2255.53 85.241
2296.58 85.546
2338.38 85.834
2380.94 86.099
2424.27 86.336
2468.39 86.539
2513.31 86.708
2559.05 86.843
2605.63 86.943
2653.05 87.006
2701.33 87.032
2750.5 87.021
2800.55 86.974
2851.52 86.897
2903.42 86.796
2956.26 86.677
3010.06 86.547
3064.85 86.411
3120.62 86.271
3177.42 86.13
3235.25 85.993
3294.13 85.867
3354.08 85.755
3415.12 85.66
3477.27 85.586
3540.56 85.537
3605 85.516
3670.6 85.525
3737.41 85.569
3805.43 85.652
3874.68 85.78
3945.2 85.957
4017 86.19
4090.11 86.482
4164.55 86.833
4240.34 87.241
4317.51 87.695
4396.09 88.18
4476.1 88.679
4557.56 89.171
4640.5 89.627
4724.96 90.024
4810.95 90.333
4898.51 90.528
4987.66 90.586
5078.43 90.499
5170.86 90.268
5264.97 89.909
5360.79 89.447
5458.35 88.916
5557.69 88.355
5658.84 87.801
5761.82 87.288
5866.69 86.842
5973.46 86.477
6082.17 86.195
6192.87 85.992
6305.57 85.861
6420.33 85.796
6537.18 85.784
6656.15 85.81
6777.29 85.854
6900.63 85.894
7026.22 85.906
7154.1 85.873
7284.3 85.778
7416.87 85.609
7551.85 85.359
7689.29 85.024
7829.23 84.608
7971.72 84.117
8116.8 83.562
8264.53 82.964
8414.94 82.354
8568.09 81.77
8724.02 81.251
8882.79 80.833
9044.46 80.55
9209.06 80.425
9376.66 80.469
9547.31 80.675
9721.07 81.012
9897.99 81.421
10078.13 81.816
10261.55 82.1
10448.3 82.179
10638.45 81.987
10832.07 81.49
11029.21 80.698
11229.94 79.668
11434.32 78.486
11642.41 77.256
11854.3 76.072
12070.04 75.009
12289.71 74.118
12513.38 73.43
12741.12 72.952
12973 72.677
13209.1 72.581
13449.5 72.628
13694.28 72.782
13943.51 73.003
14197.27 73.25
14455.66 73.478
14718.74 73.643
14986.62 73.702
15259.37 73.621
15537.08 73.386
15819.85 73.013
16107.76 72.527
16400.92 71.961
16699.41 71.34
17003.33 70.681
17312.78 69.994
17627.86 69.29
17948.68 68.582
18275.34 67.891
18607.94 67.234
18946.6 66.622
19291.42 66.054
19642.52 65.514
20000 64.984