20 83.991
20.36 84.011
20.73 84.032
21.11 84.053
21.5 84.073
21.89 84.092
22.29 84.112
22.69 84.13
23.1 84.148
23.52 84.165
23.95 84.182
24.39 84.197
24.83 84.212
25.28 84.225
25.74 84.237
26.21 84.249
26.69 84.258
27.18 84.267
27.67 84.274
28.17 84.279
28.69 84.283
29.21 84.285
29.74 84.286
30.28 84.284
30.83 84.281
31.39 84.276
31.97 84.268
32.55 84.258
33.14 84.246
33.74 84.232
34.36 84.216
34.98 84.198
35.62 84.179
36.27 84.157
36.93 84.134
37.6 84.11
38.28 84.084
38.98 84.057
39.69 84.028
40.41 83.999
41.15 83.969
41.9 83.938
42.66 83.906
43.44 83.873
44.23 83.84
45.03 83.807
45.85 83.773
46.68 83.739
47.53 83.705
48.4 83.67
49.28 83.634
50.18 83.598
51.09 83.56
52.02 83.522
52.97 83.483
53.93 83.443
54.91 83.401
55.91 83.358
56.93 83.314
57.97 83.268
59.02 83.22
60.09 83.171
61.19 83.12
62.3 83.066
63.44 83.01
64.59 82.951
65.77 82.889
66.96 82.824
68.18 82.755
69.42 82.683
70.69 82.607
71.97 82.526
73.28 82.442
74.62 82.355
75.97 82.265
77.36 82.174
78.76 82.084
80.2 81.993
81.66 81.905
83.14 81.82
84.66 81.738
86.2 81.661
87.77 81.587
89.36 81.518
90.99 81.45
92.65 81.385
94.33 81.321
96.05 81.257
97.8 81.192
99.58 81.127
101.39 81.06
103.23 80.992
105.11 80.922
107.03 80.849
108.97 80.775
110.96 80.697
112.98 80.616
115.03 80.533
117.13 80.45
119.26 80.366
121.43 80.283
123.64 80.202
125.89 80.123
128.18 80.046
130.51 79.971
132.89 79.897
135.31 79.822
137.77 79.748
140.28 79.672
142.83 79.594
145.43 79.514
148.07 79.429
150.77 79.34
153.51 79.246
156.31 79.149
159.15 79.048
162.05 78.945
165 78.841
168 78.737
171.06 78.635
174.17 78.535
177.34 78.44
180.57 78.349
183.86 78.261
187.2 78.177
190.61 78.094
194.08 78.011
197.61 77.929
201.21 77.847
204.87 77.763
208.6 77.677
212.39 77.591
216.26 77.504
220.19 77.417
224.2 77.329
228.28 77.244
232.44 77.161
236.67 77.08
240.97 77.002
245.36 76.929
249.82 76.858
254.37 76.789
259 76.721
263.71 76.654
268.51 76.586
273.4 76.518
278.38 76.45
283.44 76.381
288.6 76.313
293.85 76.245
299.2 76.179
304.65 76.114
310.19 76.052
315.84 75.993
321.59 75.938
327.44 75.887
333.4 75.84
339.47 75.797
345.64 75.756
351.93 75.717
358.34 75.679
364.86 75.64
371.5 75.6
378.26 75.557
385.15 75.512
392.16 75.467
399.29 75.423
406.56 75.381
413.96 75.339
421.49 75.296
429.16 75.251
436.97 75.204
444.93 75.157
453.02 75.112
461.27 75.071
469.66 75.036
478.21 75.008
486.91 74.986
495.78 74.971
504.8 74.959
513.99 74.949
523.34 74.938
532.87 74.925
542.56 74.909
552.44 74.889
562.49 74.863
572.73 74.832
583.15 74.797
593.77 74.758
604.57 74.716
615.57 74.671
626.78 74.625
638.18 74.58
649.8 74.539
661.63 74.502
673.67 74.47
685.93 74.443
698.41 74.421
711.12 74.404
724.06 74.392
737.24 74.383
750.66 74.372
764.32 74.36
778.23 74.346
792.39 74.333
806.82 74.324
821.5 74.321
836.45 74.329
851.67 74.346
867.17 74.373
882.96 74.409
899.02 74.453
915.39 74.508
932.05 74.576
949.01 74.658
966.28 74.758
983.87 74.877
1001.77 75.013
1020 75.167
1038.57 75.338
1057.47 75.528
1076.71 75.738
1096.31 75.969
1116.26 76.222
1136.58 76.495
1157.26 76.784
1178.32 77.081
1199.77 77.378
1221.6 77.669
1243.84 77.953
1266.47 78.23
1289.52 78.498
1312.99 78.752
1336.89 78.993
1361.22 79.223
1385.99 79.443
1411.22 79.654
1436.9 79.858
1463.05 80.056
1489.68 80.248
1516.79 80.436
1544.4 80.625
1572.5 80.815
1601.12 81.009
1630.26 81.206
1659.93 81.409
1690.14 81.617
1720.9 81.83
1752.22 82.049
1784.11 82.274
1816.58 82.501
1849.64 82.727
1883.3 82.948
1917.58 83.161
1952.48 83.366
1988.01 83.56
2024.19 83.743
2061.03 83.909
2098.54 84.054
2136.73 84.173
2175.62 84.264
2215.22 84.324
2255.53 84.352
2296.58 84.349
2338.38 84.314
2380.94 84.25
2424.27 84.16
2468.39 84.045
2513.31 83.908
2559.05 83.752
2605.63 83.578
2653.05 83.391
2701.33 83.193
2750.5 82.99
2800.55 82.788
2851.52 82.594
2903.42 82.413
2956.26 82.248
3010.06 82.104
3064.85 81.983
3120.62 81.886
3177.42 81.814
3235.25 81.768
3294.13 81.748
3354.08 81.754
3415.12 81.785
3477.27 81.835
3540.56 81.897
3605 81.962
3670.6 82.015
3737.41 82.04
3805.43 82.02
3874.68 81.943
3945.2 81.798
4017 81.58
4090.11 81.292
4164.55 80.939
4240.34 80.531
4317.51 80.08
4396.09 79.6
4476.1 79.098
4557.56 78.578
4640.5 78.041
4724.96 77.49
4810.95 76.927
4898.51 76.36
4987.66 75.805
5078.43 75.28
5170.86 74.807
5264.97 74.412
5360.79 74.129
5458.35 73.987
5557.69 74.018
5658.84 74.246
5761.82 74.682
5866.69 75.321
5973.46 76.133
6082.17 77.063
6192.87 78.032
6305.57 78.943
6420.33 79.702
6537.18 80.23
6656.15 80.493
6777.29 80.503
6900.63 80.317
7026.22 80.014
7154.1 79.676
7284.3 79.38
7416.87 79.183
7551.85 79.125
7689.29 79.222
7829.23 79.473
7971.72 79.858
8116.8 80.344
8264.53 80.886
8414.94 81.426
8568.09 81.897
8724.02 82.238
8882.79 82.403
9044.46 82.373
9209.06 82.158
9376.66 81.792
9547.31 81.325
9721.07 80.814
9897.99 80.315
10078.13 79.87
10261.55 79.505
10448.3 79.226
10638.45 79.024
10832.07 78.878
11029.21 78.766
11229.94 78.666
11434.32 78.561
11642.41 78.44
11854.3 78.3
12070.04 78.137
12289.71 77.956
12513.38 77.757
12741.12 77.539
12973 77.301
13209.1 77.033
13449.5 76.72
13694.28 76.347
13943.51 75.896
14197.27 75.358
14455.66 74.739
14718.74 74.058
14986.62 73.349
15259.37 72.658
15537.08 72.048
15819.85 71.588
16107.76 71.335
16400.92 71.322
16699.41 71.541
17003.33 71.95
17312.78 72.476
17627.86 73.034
17948.68 73.549
18275.34 73.966
18607.94 74.261
18946.6 74.437
19291.42 74.522
19642.52 74.557
20000 74.576