20 83.791
20.36 83.845
20.73 83.899
21.11 83.953
21.5 84.006
21.89 84.059
22.29 84.111
22.69 84.162
23.1 84.212
23.52 84.261
23.95 84.309
24.39 84.356
24.83 84.4
25.28 84.444
25.74 84.485
26.21 84.525
26.69 84.563
27.18 84.599
27.67 84.633
28.17 84.664
28.69 84.693
29.21 84.72
29.74 84.744
30.28 84.765
30.83 84.783
31.39 84.798
31.97 84.81
32.55 84.819
33.14 84.824
33.74 84.827
34.36 84.826
34.98 84.822
35.62 84.816
36.27 84.807
36.93 84.795
37.6 84.781
38.28 84.765
38.98 84.747
39.69 84.726
40.41 84.704
41.15 84.681
41.9 84.655
42.66 84.628
43.44 84.6
44.23 84.571
45.03 84.541
45.85 84.51
46.68 84.478
47.53 84.446
48.4 84.413
49.28 84.378
50.18 84.343
51.09 84.307
52.02 84.27
52.97 84.231
53.93 84.193
54.91 84.152
55.91 84.111
56.93 84.069
57.97 84.025
59.02 83.981
60.09 83.936
61.19 83.889
62.3 83.84
63.44 83.791
64.59 83.739
65.77 83.687
66.96 83.633
68.18 83.576
69.42 83.518
70.69 83.459
71.97 83.397
73.28 83.334
74.62 83.269
75.97 83.204
77.36 83.14
78.76 83.076
80.2 83.016
81.66 82.957
83.14 82.902
84.66 82.853
86.2 82.808
87.77 82.765
89.36 82.725
90.99 82.685
92.65 82.642
94.33 82.596
96.05 82.545
97.8 82.486
99.58 82.419
101.39 82.345
103.23 82.264
105.11 82.179
107.03 82.089
108.97 81.997
110.96 81.905
112.98 81.812
115.03 81.72
117.13 81.629
119.26 81.54
121.43 81.455
123.64 81.372
125.89 81.293
128.18 81.218
130.51 81.145
132.89 81.075
135.31 81.006
137.77 80.937
140.28 80.869
142.83 80.798
145.43 80.723
148.07 80.642
150.77 80.552
153.51 80.455
156.31 80.352
159.15 80.244
162.05 80.133
165 80.021
168 79.908
171.06 79.797
174.17 79.688
177.34 79.582
180.57 79.48
183.86 79.381
187.2 79.284
190.61 79.189
194.08 79.096
197.61 79.001
201.21 78.905
204.87 78.806
208.6 78.705
212.39 78.6
216.26 78.492
220.19 78.382
224.2 78.272
228.28 78.163
232.44 78.056
236.67 77.953
240.97 77.854
245.36 77.759
249.82 77.668
254.37 77.579
259 77.491
263.71 77.403
268.51 77.314
273.4 77.222
278.38 77.127
283.44 77.028
288.6 76.928
293.85 76.824
299.2 76.718
304.65 76.61
310.19 76.501
315.84 76.393
321.59 76.284
327.44 76.175
333.4 76.069
339.47 75.965
345.64 75.862
351.93 75.762
358.34 75.663
364.86 75.562
371.5 75.461
378.26 75.356
385.15 75.249
392.16 75.142
399.29 75.035
406.56 74.93
413.96 74.825
421.49 74.719
429.16 74.614
436.97 74.509
444.93 74.406
453.02 74.306
461.27 74.208
469.66 74.114
478.21 74.025
486.91 73.943
495.78 73.867
504.8 73.794
513.99 73.724
523.34 73.656
532.87 73.589
542.56 73.521
552.44 73.452
562.49 73.38
572.73 73.306
583.15 73.231
593.77 73.16
604.57 73.093
615.57 73.031
626.78 72.976
638.18 72.93
649.8 72.895
661.63 72.872
673.67 72.863
685.93 72.867
698.41 72.883
711.12 72.909
724.06 72.943
737.24 72.983
750.66 73.027
764.32 73.073
778.23 73.12
792.39 73.172
806.82 73.231
821.5 73.301
836.45 73.385
851.67 73.486
867.17 73.601
882.96 73.73
899.02 73.874
915.39 74.033
932.05 74.205
949.01 74.39
966.28 74.587
983.87 74.798
1001.77 75.022
1020 75.265
1038.57 75.528
1057.47 75.813
1076.71 76.121
1096.31 76.453
1116.26 76.804
1136.58 77.17
1157.26 77.542
1178.32 77.911
1199.77 78.267
1221.6 78.605
1243.84 78.924
1266.47 79.228
1289.52 79.516
1312.99 79.787
1336.89 80.041
1361.22 80.28
1385.99 80.504
1411.22 80.716
1436.9 80.917
1463.05 81.108
1489.68 81.289
1516.79 81.462
1544.4 81.627
1572.5 81.785
1601.12 81.936
1630.26 82.079
1659.93 82.216
1690.14 82.349
1720.9 82.481
1752.22 82.612
1784.11 82.742
1816.58 82.868
1849.64 82.984
1883.3 83.089
1917.58 83.18
1952.48 83.258
1988.01 83.322
2024.19 83.373
2061.03 83.41
2098.54 83.435
2136.73 83.448
2175.62 83.45
2215.22 83.441
2255.53 83.417
2296.58 83.375
2338.38 83.312
2380.94 83.226
2424.27 83.114
2468.39 82.976
2513.31 82.813
2559.05 82.624
2605.63 82.416
2653.05 82.197
2701.33 81.977
2750.5 81.764
2800.55 81.571
2851.52 81.402
2903.42 81.263
2956.26 81.152
3010.06 81.069
3064.85 81.014
3120.62 80.982
3177.42 80.971
3235.25 80.981
3294.13 81.012
3354.08 81.063
3415.12 81.138
3477.27 81.236
3540.56 81.353
3605 81.485
3670.6 81.622
3737.41 81.754
3805.43 81.869
3874.68 81.952
3945.2 81.989
4017 81.965
4090.11 81.869
4164.55 81.695
4240.34 81.437
4317.51 81.092
4396.09 80.655
4476.1 80.118
4557.56 79.473
4640.5 78.718
4724.96 77.856
4810.95 76.897
4898.51 75.87
4987.66 74.818
5078.43 73.8
5170.86 72.887
5264.97 72.157
5360.79 71.678
5458.35 71.501
5557.69 71.645
5658.84 72.094
5761.82 72.803
5866.69 73.698
5973.46 74.684
6082.17 75.654
6192.87 76.512
6305.57 77.187
6420.33 77.642
6537.18 77.88
6656.15 77.932
6777.29 77.848
6900.63 77.686
7026.22 77.498
7154.1 77.325
7284.3 77.191
7416.87 77.106
7551.85 77.066
7689.29 77.061
7829.23 77.08
7971.72 77.106
8116.8 77.128
8264.53 77.138
8414.94 77.137
8568.09 77.132
8724.02 77.134
8882.79 77.153
9044.46 77.194
9209.06 77.252
9376.66 77.319
9547.31 77.383
9721.07 77.437
9897.99 77.485
10078.13 77.533
10261.55 77.584
10448.3 77.635
10638.45 77.676
10832.07 77.701
11029.21 77.702
11229.94 77.672
11434.32 77.595
11642.41 77.445
11854.3 77.192
12070.04 76.807
12289.71 76.271
12513.38 75.581
12741.12 74.753
12973 73.817
13209.1 72.813
13449.5 71.786
13694.28 70.774
13943.51 69.818
14197.27 68.954
14455.66 68.213
14718.74 67.617
14986.62 67.17
15259.37 66.86
15537.08 66.661
15819.85 66.537
16107.76 66.442
16400.92 66.334
16699.41 66.182
17003.33 65.979
17312.78 65.731
17627.86 65.452
17948.68 65.152
18275.34 64.834
18607.94 64.494
18946.6 64.137
19291.42 63.769
19642.52 63.401
20000 63.034