20 80.786
20.36 80.896
20.73 81.006
21.11 81.116
21.5 81.224
21.89 81.331
22.29 81.437
22.69 81.542
23.1 81.644
23.52 81.745
23.95 81.843
24.39 81.939
24.83 82.033
25.28 82.124
25.74 82.211
26.21 82.296
26.69 82.377
27.18 82.454
27.67 82.527
28.17 82.596
28.69 82.661
29.21 82.722
29.74 82.777
30.28 82.828
30.83 82.874
31.39 82.914
31.97 82.948
32.55 82.977
33.14 83
33.74 83.017
34.36 83.03
34.98 83.039
35.62 83.045
36.27 83.049
36.93 83.051
37.6 83.051
38.28 83.051
38.98 83.051
39.69 83.053
40.41 83.055
41.15 83.06
41.9 83.068
42.66 83.08
43.44 83.096
44.23 83.116
45.03 83.143
45.85 83.176
46.68 83.214
47.53 83.257
48.4 83.303
49.28 83.35
50.18 83.397
51.09 83.442
52.02 83.484
52.97 83.523
53.93 83.555
54.91 83.58
55.91 83.596
56.93 83.602
57.97 83.596
59.02 83.577
60.09 83.546
61.19 83.503
62.3 83.452
63.44 83.392
64.59 83.328
65.77 83.259
66.96 83.188
68.18 83.117
69.42 83.047
70.69 82.981
71.97 82.919
73.28 82.864
74.62 82.814
75.97 82.769
77.36 82.728
78.76 82.691
80.2 82.657
81.66 82.624
83.14 82.593
84.66 82.562
86.2 82.531
87.77 82.5
89.36 82.47
90.99 82.439
92.65 82.409
94.33 82.38
96.05 82.351
97.8 82.324
99.58 82.297
101.39 82.271
103.23 82.243
105.11 82.214
107.03 82.182
108.97 82.146
110.96 82.105
112.98 82.058
115.03 82.007
117.13 81.951
119.26 81.892
121.43 81.831
123.64 81.768
125.89 81.705
128.18 81.641
130.51 81.579
132.89 81.518
135.31 81.459
137.77 81.404
140.28 81.351
142.83 81.299
145.43 81.247
148.07 81.193
150.77 81.136
153.51 81.074
156.31 81.008
159.15 80.938
162.05 80.867
165 80.791
168 80.714
171.06 80.633
174.17 80.55
177.34 80.463
180.57 80.373
183.86 80.279
187.2 80.183
190.61 80.084
194.08 79.983
197.61 79.88
201.21 79.777
204.87 79.674
208.6 79.571
212.39 79.469
216.26 79.367
220.19 79.267
224.2 79.168
228.28 79.071
232.44 78.976
236.67 78.883
240.97 78.79
245.36 78.696
249.82 78.601
254.37 78.505
259 78.411
263.71 78.319
268.51 78.231
273.4 78.15
278.38 78.075
283.44 78.008
288.6 77.947
293.85 77.886
299.2 77.823
304.65 77.754
310.19 77.678
315.84 77.598
321.59 77.517
327.44 77.436
333.4 77.356
339.47 77.278
345.64 77.2
351.93 77.121
358.34 77.043
364.86 76.966
371.5 76.89
378.26 76.815
385.15 76.741
392.16 76.671
399.29 76.606
406.56 76.544
413.96 76.484
421.49 76.423
429.16 76.361
436.97 76.297
444.93 76.232
453.02 76.165
461.27 76.098
469.66 76.034
478.21 75.973
486.91 75.919
495.78 75.871
504.8 75.828
513.99 75.788
523.34 75.748
532.87 75.706
542.56 75.659
552.44 75.605
562.49 75.547
572.73 75.487
583.15 75.428
593.77 75.373
604.57 75.321
615.57 75.271
626.78 75.22
638.18 75.169
649.8 75.118
661.63 75.07
673.67 75.027
685.93 74.987
698.41 74.951
711.12 74.918
724.06 74.885
737.24 74.854
750.66 74.822
764.32 74.79
778.23 74.757
792.39 74.726
806.82 74.699
821.5 74.676
836.45 74.661
851.67 74.654
867.17 74.655
882.96 74.664
899.02 74.682
915.39 74.709
932.05 74.743
949.01 74.789
966.28 74.847
983.87 74.919
1001.77 75.009
1020 75.116
1038.57 75.24
1057.47 75.379
1076.71 75.533
1096.31 75.703
1116.26 75.891
1136.58 76.094
1157.26 76.307
1178.32 76.522
1199.77 76.729
1221.6 76.924
1243.84 77.105
1266.47 77.273
1289.52 77.431
1312.99 77.578
1336.89 77.717
1361.22 77.847
1385.99 77.966
1411.22 78.074
1436.9 78.171
1463.05 78.259
1489.68 78.339
1516.79 78.413
1544.4 78.481
1572.5 78.545
1601.12 78.603
1630.26 78.654
1659.93 78.701
1690.14 78.748
1720.9 78.793
1752.22 78.838
1784.11 78.881
1816.58 78.923
1849.64 78.962
1883.3 78.999
1917.58 79.033
1952.48 79.064
1988.01 79.092
2024.19 79.118
2061.03 79.139
2098.54 79.153
2136.73 79.157
2175.62 79.149
2215.22 79.129
2255.53 79.093
2296.58 79.042
2338.38 78.98
2380.94 78.912
2424.27 78.845
2468.39 78.78
2513.31 78.717
2559.05 78.649
2605.63 78.576
2653.05 78.497
2701.33 78.411
2750.5 78.32
2800.55 78.224
2851.52 78.121
2903.42 78.01
2956.26 77.888
3010.06 77.751
3064.85 77.597
3120.62 77.428
3177.42 77.245
3235.25 77.056
3294.13 76.879
3354.08 76.739
3415.12 76.658
3477.27 76.654
3540.56 76.73
3605 76.868
3670.6 77.034
3737.41 77.192
3805.43 77.305
3874.68 77.355
3945.2 77.338
4017 77.265
4090.11 77.16
4164.55 77.049
4240.34 76.955
4317.51 76.891
4396.09 76.854
4476.1 76.835
4557.56 76.823
4640.5 76.808
4724.96 76.781
4810.95 76.737
4898.51 76.669
4987.66 76.573
5078.43 76.448
5170.86 76.3
5264.97 76.144
5360.79 75.999
5458.35 75.896
5557.69 75.869
5658.84 75.953
5761.82 76.165
5866.69 76.498
5973.46 76.898
6082.17 77.263
6192.87 77.465
6305.57 77.396
6420.33 77.014
6537.18 76.374
6656.15 75.598
6777.29 74.833
6900.63 74.213
7026.22 73.836
7154.1 73.744
7284.3 73.915
7416.87 74.289
7551.85 74.796
7689.29 75.376
7829.23 75.974
7971.72 76.544
8116.8 77.04
8264.53 77.417
8414.94 77.636
8568.09 77.686
8724.02 77.597
8882.79 77.448
9044.46 77.329
9209.06 77.298
9376.66 77.358
9547.31 77.484
9721.07 77.669
9897.99 77.92
10078.13 78.257
10261.55 78.698
10448.3 79.247
10638.45 79.894
10832.07 80.602
11029.21 81.319
11229.94 81.972
11434.32 82.478
11642.41 82.758
11854.3 82.769
12070.04 82.539
12289.71 82.163
12513.38 81.764
12741.12 81.434
12973 81.213
13209.1 81.102
13449.5 81.082
13694.28 81.132
13943.51 81.249
14197.27 81.457
14455.66 81.808
14718.74 82.366
14986.62 83.168
15259.37 84.194
15537.08 85.361
15819.85 86.536
16107.76 87.567
16400.92 88.312
16699.41 88.668
17003.33 88.577
17312.78 88.04
17627.86 87.123
17948.68 85.957
18275.34 84.69
18607.94 83.43
18946.6 82.224
19291.42 81.078
19642.52 79.987
20000 78.92