20 83.968
20.36 83.998
20.73 84.027
21.11 84.057
21.5 84.087
21.89 84.117
22.29 84.147
22.69 84.177
23.1 84.206
23.52 84.236
23.95 84.265
24.39 84.294
24.83 84.323
25.28 84.353
25.74 84.381
26.21 84.41
26.69 84.439
27.18 84.467
27.67 84.495
28.17 84.523
28.69 84.551
29.21 84.579
29.74 84.606
30.28 84.633
30.83 84.66
31.39 84.687
31.97 84.713
32.55 84.74
33.14 84.766
33.74 84.791
34.36 84.816
34.98 84.84
35.62 84.863
36.27 84.886
36.93 84.907
37.6 84.926
38.28 84.945
38.98 84.961
39.69 84.976
40.41 84.989
41.15 85
41.9 85.009
42.66 85.015
43.44 85.019
44.23 85.02
45.03 85.019
45.85 85.015
46.68 85.008
47.53 84.998
48.4 84.987
49.28 84.975
50.18 84.962
51.09 84.948
52.02 84.935
52.97 84.921
53.93 84.909
54.91 84.899
55.91 84.89
56.93 84.884
57.97 84.881
59.02 84.88
60.09 84.883
61.19 84.886
62.3 84.89
63.44 84.892
64.59 84.892
65.77 84.887
66.96 84.876
68.18 84.859
69.42 84.833
70.69 84.798
71.97 84.751
73.28 84.693
74.62 84.624
75.97 84.546
77.36 84.459
78.76 84.367
80.2 84.268
81.66 84.166
83.14 84.061
84.66 83.955
86.2 83.85
87.77 83.746
89.36 83.647
90.99 83.552
92.65 83.463
94.33 83.383
96.05 83.313
97.8 83.254
99.58 83.208
101.39 83.171
103.23 83.14
105.11 83.111
107.03 83.083
108.97 83.051
110.96 83.012
112.98 82.964
115.03 82.907
117.13 82.843
119.26 82.773
121.43 82.699
123.64 82.621
125.89 82.541
128.18 82.459
130.51 82.373
132.89 82.282
135.31 82.187
137.77 82.085
140.28 81.979
142.83 81.872
145.43 81.768
148.07 81.67
150.77 81.581
153.51 81.501
156.31 81.426
159.15 81.351
162.05 81.273
165 81.189
168 81.099
171.06 81.008
174.17 80.916
177.34 80.827
180.57 80.739
183.86 80.654
187.2 80.568
190.61 80.479
194.08 80.388
197.61 80.297
201.21 80.207
204.87 80.118
208.6 80.032
212.39 79.945
216.26 79.859
220.19 79.771
224.2 79.681
228.28 79.589
232.44 79.492
236.67 79.392
240.97 79.288
245.36 79.181
249.82 79.07
254.37 78.957
259 78.842
263.71 78.727
268.51 78.613
273.4 78.499
278.38 78.386
283.44 78.274
288.6 78.161
293.85 78.048
299.2 77.935
304.65 77.825
310.19 77.72
315.84 77.62
321.59 77.525
327.44 77.434
333.4 77.345
339.47 77.257
345.64 77.174
351.93 77.096
358.34 77.021
364.86 76.947
371.5 76.872
378.26 76.795
385.15 76.717
392.16 76.639
399.29 76.56
406.56 76.48
413.96 76.397
421.49 76.314
429.16 76.229
436.97 76.14
444.93 76.044
453.02 75.942
461.27 75.833
469.66 75.721
478.21 75.61
486.91 75.501
495.78 75.397
504.8 75.301
513.99 75.214
523.34 75.137
532.87 75.067
542.56 75.003
552.44 74.942
562.49 74.884
572.73 74.828
583.15 74.773
593.77 74.719
604.57 74.666
615.57 74.616
626.78 74.576
638.18 74.547
649.8 74.531
661.63 74.524
673.67 74.521
685.93 74.522
698.41 74.524
711.12 74.526
724.06 74.527
737.24 74.527
750.66 74.528
764.32 74.537
778.23 74.556
792.39 74.588
806.82 74.628
821.5 74.67
836.45 74.709
851.67 74.742
867.17 74.769
882.96 74.792
899.02 74.812
915.39 74.831
932.05 74.852
949.01 74.877
966.28 74.909
983.87 74.951
1001.77 75.005
1020 75.075
1038.57 75.167
1057.47 75.281
1076.71 75.422
1096.31 75.586
1116.26 75.769
1136.58 75.968
1157.26 76.179
1178.32 76.4
1199.77 76.63
1221.6 76.862
1243.84 77.094
1266.47 77.32
1289.52 77.534
1312.99 77.732
1336.89 77.915
1361.22 78.084
1385.99 78.239
1411.22 78.382
1436.9 78.514
1463.05 78.641
1489.68 78.764
1516.79 78.885
1544.4 79.008
1572.5 79.133
1601.12 79.261
1630.26 79.392
1659.93 79.529
1690.14 79.672
1720.9 79.824
1752.22 79.982
1784.11 80.144
1816.58 80.31
1849.64 80.481
1883.3 80.657
1917.58 80.837
1952.48 81.019
1988.01 81.199
2024.19 81.378
2061.03 81.557
2098.54 81.741
2136.73 81.932
2175.62 82.13
2215.22 82.331
2255.53 82.536
2296.58 82.739
2338.38 82.939
2380.94 83.132
2424.27 83.319
2468.39 83.494
2513.31 83.657
2559.05 83.807
2605.63 83.944
2653.05 84.069
2701.33 84.185
2750.5 84.291
2800.55 84.386
2851.52 84.468
2903.42 84.531
2956.26 84.567
3010.06 84.578
3064.85 84.566
3120.62 84.538
3177.42 84.498
3235.25 84.45
3294.13 84.397
3354.08 84.338
3415.12 84.272
3477.27 84.2
3540.56 84.126
3605 84.055
3670.6 83.989
3737.41 83.931
3805.43 83.883
3874.68 83.845
3945.2 83.82
4017 83.817
4090.11 83.835
4164.55 83.874
4240.34 83.93
4317.51 83.999
4396.09 84.08
4476.1 84.17
4557.56 84.268
4640.5 84.37
4724.96 84.473
4810.95 84.568
4898.51 84.649
4987.66 84.703
5078.43 84.718
5170.86 84.68
5264.97 84.578
5360.79 84.405
5458.35 84.159
5557.69 83.843
5658.84 83.464
5761.82 83.034
5866.69 82.569
5973.46 82.084
6082.17 81.595
6192.87 81.112
6305.57 80.644
6420.33 80.194
6537.18 79.767
6656.15 79.372
6777.29 79.021
6900.63 78.721
7026.22 78.478
7154.1 78.298
7284.3 78.189
7416.87 78.155
7551.85 78.204
7689.29 78.349
7829.23 78.606
7971.72 78.991
8116.8 79.518
8264.53 80.197
8414.94 81.029
8568.09 81.982
8724.02 82.988
8882.79 83.94
9044.46 84.698
9209.06 85.121
9376.66 85.102
9547.31 84.604
9721.07 83.676
9897.99 82.438
10078.13 81.051
10261.55 79.668
10448.3 78.4
10638.45 77.317
10832.07 76.45
11029.21 75.809
11229.94 75.381
11434.32 75.139
11642.41 75.036
11854.3 75.017
12070.04 75.013
12289.71 74.947
12513.38 74.749
12741.12 74.36
12973 73.752
13209.1 72.931
13449.5 71.929
13694.28 70.792
13943.51 69.569
14197.27 68.304
14455.66 67.033
14718.74 65.797
14986.62 64.637
15259.37 63.607
15537.08 62.766
15819.85 62.164
16107.76 61.827
16400.92 61.75
16699.41 61.898
17003.33 62.211
17312.78 62.629
17627.86 63.122
17948.68 63.706
18275.34 64.358
18607.94 64.981
18946.6 65.47
19291.42 65.792
19642.52 65.996
20000 66.16