20 88.516
20.36 88.595
20.73 88.674
21.11 88.753
21.5 88.831
21.89 88.908
22.29 88.984
22.69 89.059
23.1 89.132
23.52 89.204
23.95 89.273
24.39 89.34
24.83 89.406
25.28 89.469
25.74 89.53
26.21 89.588
26.69 89.643
27.18 89.694
27.67 89.743
28.17 89.789
28.69 89.83
29.21 89.868
29.74 89.902
30.28 89.931
30.83 89.956
31.39 89.977
31.97 89.993
32.55 90.004
33.14 90.01
33.74 90.012
34.36 90.01
34.98 90.004
35.62 89.995
36.27 89.982
36.93 89.968
37.6 89.951
38.28 89.933
38.98 89.914
39.69 89.895
40.41 89.875
41.15 89.855
41.9 89.836
42.66 89.819
43.44 89.802
44.23 89.789
45.03 89.777
45.85 89.768
46.68 89.762
47.53 89.757
48.4 89.754
49.28 89.751
50.18 89.747
51.09 89.743
52.02 89.736
52.97 89.727
53.93 89.714
54.91 89.697
55.91 89.675
56.93 89.647
57.97 89.614
59.02 89.572
60.09 89.524
61.19 89.469
62.3 89.409
63.44 89.345
64.59 89.276
65.77 89.205
66.96 89.132
68.18 89.057
69.42 88.983
70.69 88.908
71.97 88.835
73.28 88.764
74.62 88.694
75.97 88.627
77.36 88.561
78.76 88.498
80.2 88.436
81.66 88.377
83.14 88.32
84.66 88.264
86.2 88.21
87.77 88.157
89.36 88.106
90.99 88.054
92.65 88.001
94.33 87.949
96.05 87.894
97.8 87.838
99.58 87.778
101.39 87.716
103.23 87.653
105.11 87.588
107.03 87.521
108.97 87.452
110.96 87.383
112.98 87.313
115.03 87.242
117.13 87.171
119.26 87.101
121.43 87.03
123.64 86.96
125.89 86.892
128.18 86.824
130.51 86.757
132.89 86.691
135.31 86.627
137.77 86.563
140.28 86.498
142.83 86.429
145.43 86.355
148.07 86.269
150.77 86.171
153.51 86.061
156.31 85.941
159.15 85.815
162.05 85.686
165 85.556
168 85.428
171.06 85.3
174.17 85.175
177.34 85.054
180.57 84.935
183.86 84.821
187.2 84.708
190.61 84.597
194.08 84.487
197.61 84.375
201.21 84.261
204.87 84.143
208.6 84.019
212.39 83.893
216.26 83.764
220.19 83.633
224.2 83.503
228.28 83.376
232.44 83.252
236.67 83.133
240.97 83.016
245.36 82.901
249.82 82.785
254.37 82.667
259 82.544
263.71 82.42
268.51 82.293
273.4 82.168
278.38 82.044
283.44 81.925
288.6 81.81
293.85 81.698
299.2 81.586
304.65 81.474
310.19 81.359
315.84 81.244
321.59 81.129
327.44 81.016
333.4 80.906
339.47 80.797
345.64 80.687
351.93 80.574
358.34 80.457
364.86 80.334
371.5 80.205
378.26 80.069
385.15 79.93
392.16 79.79
399.29 79.652
406.56 79.516
413.96 79.381
421.49 79.245
429.16 79.11
436.97 78.978
444.93 78.851
453.02 78.733
461.27 78.626
469.66 78.528
478.21 78.442
486.91 78.363
495.78 78.289
504.8 78.213
513.99 78.131
523.34 78.041
532.87 77.943
542.56 77.837
552.44 77.724
562.49 77.606
572.73 77.485
583.15 77.366
593.77 77.251
604.57 77.142
615.57 77.037
626.78 76.935
638.18 76.835
649.8 76.735
661.63 76.64
673.67 76.548
685.93 76.461
698.41 76.381
711.12 76.307
724.06 76.239
737.24 76.176
750.66 76.112
764.32 76.048
778.23 75.981
792.39 75.908
806.82 75.823
821.5 75.72
836.45 75.594
851.67 75.442
867.17 75.267
882.96 75.078
899.02 74.899
915.39 74.759
932.05 74.68
949.01 74.674
966.28 74.739
983.87 74.858
1001.77 75.015
1020 75.192
1038.57 75.374
1057.47 75.555
1076.71 75.735
1096.31 75.917
1116.26 76.104
1136.58 76.297
1157.26 76.494
1178.32 76.688
1199.77 76.871
1221.6 77.039
1243.84 77.193
1266.47 77.334
1289.52 77.466
1312.99 77.592
1336.89 77.712
1361.22 77.83
1385.99 77.945
1411.22 78.054
1436.9 78.155
1463.05 78.249
1489.68 78.336
1516.79 78.424
1544.4 78.52
1572.5 78.631
1601.12 78.762
1630.26 78.915
1659.93 79.095
1690.14 79.301
1720.9 79.532
1752.22 79.784
1784.11 80.048
1816.58 80.312
1849.64 80.565
1883.3 80.801
1917.58 81.021
1952.48 81.226
1988.01 81.418
2024.19 81.598
2061.03 81.765
2098.54 81.918
2136.73 82.063
2175.62 82.205
2215.22 82.343
2255.53 82.481
2296.58 82.617
2338.38 82.749
2380.94 82.879
2424.27 83.01
2468.39 83.141
2513.31 83.267
2559.05 83.385
2605.63 83.488
2653.05 83.576
2701.33 83.647
2750.5 83.703
2800.55 83.747
2851.52 83.777
2903.42 83.792
2956.26 83.79
3010.06 83.768
3064.85 83.73
3120.62 83.677
3177.42 83.615
3235.25 83.544
3294.13 83.467
3354.08 83.388
3415.12 83.308
3477.27 83.229
3540.56 83.153
3605 83.08
3670.6 83.016
3737.41 82.964
3805.43 82.926
3874.68 82.903
3945.2 82.896
4017 82.905
4090.11 82.934
4164.55 82.985
4240.34 83.061
4317.51 83.165
4396.09 83.298
4476.1 83.46
4557.56 83.648
4640.5 83.864
4724.96 84.106
4810.95 84.371
4898.51 84.653
4987.66 84.942
5078.43 85.224
5170.86 85.478
5264.97 85.685
5360.79 85.822
5458.35 85.873
5557.69 85.83
5658.84 85.686
5761.82 85.443
5866.69 85.111
5973.46 84.701
6082.17 84.234
6192.87 83.727
6305.57 83.201
6420.33 82.677
6537.18 82.175
6656.15 81.719
6777.29 81.326
6900.63 81.006
7026.22 80.765
7154.1 80.61
7284.3 80.548
7416.87 80.588
7551.85 80.743
7689.29 81.021
7829.23 81.429
7971.72 81.965
8116.8 82.616
8264.53 83.348
8414.94 84.101
8568.09 84.793
8724.02 85.328
8882.79 85.618
9044.46 85.601
9209.06 85.257
9376.66 84.615
9547.31 83.738
9721.07 82.715
9897.99 81.643
10078.13 80.62
10261.55 79.724
10448.3 79.002
10638.45 78.479
10832.07 78.16
11029.21 78.029
11229.94 78.056
11434.32 78.185
11642.41 78.346
11854.3 78.455
12070.04 78.427
12289.71 78.191
12513.38 77.704
12741.12 76.963
12973 76.004
13209.1 74.89
13449.5 73.693
13694.28 72.483
13943.51 71.318
14197.27 70.24
14455.66 69.284
14718.74 68.478
14986.62 67.847
15259.37 67.414
15537.08 67.2
15819.85 67.21
16107.76 67.425
16400.92 67.799
16699.41 68.246
17003.33 68.649
17312.78 68.878
17627.86 68.819
17948.68 68.411
18275.34 67.661
18607.94 66.647
18946.6 65.474
19291.42 64.247
19642.52 63.023
20000 61.809