20 83.056
20.36 83.098
20.73 83.141
21.11 83.183
21.5 83.225
21.89 83.265
22.29 83.304
22.69 83.343
23.1 83.38
23.52 83.415
23.95 83.448
24.39 83.48
24.83 83.51
25.28 83.537
25.74 83.561
26.21 83.584
26.69 83.603
27.18 83.62
27.67 83.633
28.17 83.643
28.69 83.65
29.21 83.653
29.74 83.652
30.28 83.647
30.83 83.639
31.39 83.626
31.97 83.608
32.55 83.586
33.14 83.559
33.74 83.528
34.36 83.492
34.98 83.453
35.62 83.41
36.27 83.364
36.93 83.315
37.6 83.264
38.28 83.211
38.98 83.155
39.69 83.098
40.41 83.04
41.15 82.981
41.9 82.922
42.66 82.862
43.44 82.802
44.23 82.743
45.03 82.684
45.85 82.627
46.68 82.57
47.53 82.514
48.4 82.459
49.28 82.405
50.18 82.351
51.09 82.297
52.02 82.243
52.97 82.189
53.93 82.135
54.91 82.081
55.91 82.025
56.93 81.969
57.97 81.912
59.02 81.854
60.09 81.794
61.19 81.732
62.3 81.669
63.44 81.603
64.59 81.533
65.77 81.46
66.96 81.384
68.18 81.303
69.42 81.217
70.69 81.127
71.97 81.031
73.28 80.93
74.62 80.824
75.97 80.717
77.36 80.61
78.76 80.504
80.2 80.402
81.66 80.305
83.14 80.215
84.66 80.133
86.2 80.061
87.77 79.998
89.36 79.94
90.99 79.886
92.65 79.833
94.33 79.78
96.05 79.724
97.8 79.663
99.58 79.595
101.39 79.521
103.23 79.441
105.11 79.356
107.03 79.268
108.97 79.177
110.96 79.083
112.98 78.988
115.03 78.891
117.13 78.794
119.26 78.695
121.43 78.595
123.64 78.495
125.89 78.394
128.18 78.293
130.51 78.193
132.89 78.096
135.31 78.002
137.77 77.911
140.28 77.825
142.83 77.741
145.43 77.661
148.07 77.582
150.77 77.505
153.51 77.429
156.31 77.355
159.15 77.281
162.05 77.21
165 77.139
168 77.071
171.06 77.005
174.17 76.939
177.34 76.875
180.57 76.811
183.86 76.747
187.2 76.683
190.61 76.618
194.08 76.552
197.61 76.486
201.21 76.42
204.87 76.355
208.6 76.291
212.39 76.226
216.26 76.162
220.19 76.096
224.2 76.029
228.28 75.959
232.44 75.886
236.67 75.809
240.97 75.73
245.36 75.65
249.82 75.569
254.37 75.493
259 75.422
263.71 75.357
268.51 75.298
273.4 75.245
278.38 75.198
283.44 75.154
288.6 75.114
293.85 75.075
299.2 75.036
304.65 74.997
310.19 74.956
315.84 74.914
321.59 74.87
327.44 74.823
333.4 74.775
339.47 74.726
345.64 74.679
351.93 74.635
358.34 74.595
364.86 74.558
371.5 74.523
378.26 74.489
385.15 74.456
392.16 74.425
399.29 74.397
406.56 74.37
413.96 74.343
421.49 74.315
429.16 74.289
436.97 74.263
444.93 74.239
453.02 74.216
461.27 74.194
469.66 74.175
478.21 74.158
486.91 74.141
495.78 74.128
504.8 74.116
513.99 74.104
523.34 74.092
532.87 74.077
542.56 74.058
552.44 74.035
562.49 74.008
572.73 73.979
583.15 73.953
593.77 73.931
604.57 73.915
615.57 73.904
626.78 73.899
638.18 73.899
649.8 73.905
661.63 73.914
673.67 73.928
685.93 73.944
698.41 73.962
711.12 73.98
724.06 73.998
737.24 74.018
750.66 74.038
764.32 74.06
778.23 74.083
792.39 74.108
806.82 74.136
821.5 74.169
836.45 74.206
851.67 74.249
867.17 74.298
882.96 74.354
899.02 74.418
915.39 74.491
932.05 74.571
949.01 74.662
966.28 74.764
983.87 74.881
1001.77 75.013
1020 75.162
1038.57 75.327
1057.47 75.504
1076.71 75.695
1096.31 75.903
1116.26 76.131
1136.58 76.381
1157.26 76.648
1178.32 76.927
1199.77 77.206
1221.6 77.476
1243.84 77.736
1266.47 77.986
1289.52 78.224
1312.99 78.454
1336.89 78.682
1361.22 78.91
1385.99 79.14
1411.22 79.366
1436.9 79.588
1463.05 79.806
1489.68 80.02
1516.79 80.231
1544.4 80.437
1572.5 80.637
1601.12 80.827
1630.26 81.001
1659.93 81.157
1690.14 81.29
1720.9 81.394
1752.22 81.463
1784.11 81.498
1816.58 81.501
1849.64 81.475
1883.3 81.424
1917.58 81.353
1952.48 81.268
1988.01 81.176
2024.19 81.081
2061.03 80.99
2098.54 80.906
2136.73 80.832
2175.62 80.77
2215.22 80.722
2255.53 80.685
2296.58 80.659
2338.38 80.641
2380.94 80.633
2424.27 80.637
2468.39 80.654
2513.31 80.68
2559.05 80.712
2605.63 80.747
2653.05 80.781
2701.33 80.817
2750.5 80.853
2800.55 80.893
2851.52 80.933
2903.42 80.971
2956.26 81.005
3010.06 81.036
3064.85 81.063
3120.62 81.085
3177.42 81.097
3235.25 81.096
3294.13 81.079
3354.08 81.042
3415.12 80.983
3477.27 80.894
3540.56 80.771
3605 80.608
3670.6 80.399
3737.41 80.143
3805.43 79.843
3874.68 79.504
3945.2 79.142
4017 78.775
4090.11 78.428
4164.55 78.125
4240.34 77.89
4317.51 77.744
4396.09 77.702
4476.1 77.766
4557.56 77.926
4640.5 78.164
4724.96 78.456
4810.95 78.779
4898.51 79.109
4987.66 79.421
5078.43 79.691
5170.86 79.896
5264.97 80.016
5360.79 80.042
5458.35 79.975
5557.69 79.83
5658.84 79.633
5761.82 79.418
5866.69 79.219
5973.46 79.07
6082.17 78.999
6192.87 79.027
6305.57 79.165
6420.33 79.415
6537.18 79.763
6656.15 80.18
6777.29 80.622
6900.63 81.042
7026.22 81.389
7154.1 81.617
7284.3 81.691
7416.87 81.595
7551.85 81.334
7689.29 80.93
7829.23 80.415
7971.72 79.819
8116.8 79.167
8264.53 78.47
8414.94 77.736
8568.09 76.975
8724.02 76.201
8882.79 75.437
9044.46 74.709
9209.06 74.046
9376.66 73.472
9547.31 73.015
9721.07 72.7
9897.99 72.54
10078.13 72.541
10261.55 72.684
10448.3 72.932
10638.45 73.242
10832.07 73.583
11029.21 73.945
11229.94 74.336
11434.32 74.767
11642.41 75.238
11854.3 75.724
12070.04 76.187
12289.71 76.566
12513.38 76.794
12741.12 76.804
12973 76.535
13209.1 75.95
13449.5 75.042
13694.28 73.843
13943.51 72.419
14197.27 70.87
14455.66 69.313
14718.74 67.863
14986.62 66.608
15259.37 65.59
15537.08 64.795
15819.85 64.159
16107.76 63.601
16400.92 63.062
16699.41 62.522
17003.33 61.994
17312.78 61.507
17627.86 61.084
17948.68 60.741
18275.34 60.488
18607.94 60.333
18946.6 60.28
19291.42 60.311
19642.52 60.39
20000 60.483