20 80.242
20.36 80.255
20.73 80.269
21.11 80.283
21.5 80.297
21.89 80.31
22.29 80.325
22.69 80.338
23.1 80.352
23.52 80.366
23.95 80.38
24.39 80.394
24.83 80.408
25.28 80.422
25.74 80.437
26.21 80.451
26.69 80.465
27.18 80.48
27.67 80.494
28.17 80.509
28.69 80.524
29.21 80.539
29.74 80.554
30.28 80.569
30.83 80.584
31.39 80.599
31.97 80.615
32.55 80.63
33.14 80.646
33.74 80.662
34.36 80.678
34.98 80.693
35.62 80.709
36.27 80.724
36.93 80.738
37.6 80.752
38.28 80.766
38.98 80.779
39.69 80.791
40.41 80.803
41.15 80.813
41.9 80.823
42.66 80.831
43.44 80.838
44.23 80.844
45.03 80.848
45.85 80.852
46.68 80.853
47.53 80.853
48.4 80.851
49.28 80.848
50.18 80.842
51.09 80.834
52.02 80.825
52.97 80.813
53.93 80.799
54.91 80.782
55.91 80.763
56.93 80.742
57.97 80.717
59.02 80.69
60.09 80.66
61.19 80.627
62.3 80.592
63.44 80.553
64.59 80.511
65.77 80.467
66.96 80.419
68.18 80.367
69.42 80.313
70.69 80.255
71.97 80.194
73.28 80.129
74.62 80.062
75.97 79.994
77.36 79.925
78.76 79.857
80.2 79.791
81.66 79.728
83.14 79.668
84.66 79.614
86.2 79.564
87.77 79.52
89.36 79.478
90.99 79.439
92.65 79.401
94.33 79.362
96.05 79.322
97.8 79.28
99.58 79.234
101.39 79.185
103.23 79.134
105.11 79.08
107.03 79.025
108.97 78.968
110.96 78.912
112.98 78.855
115.03 78.799
117.13 78.745
119.26 78.693
121.43 78.646
123.64 78.603
125.89 78.566
128.18 78.532
130.51 78.502
132.89 78.473
135.31 78.444
137.77 78.414
140.28 78.381
142.83 78.344
145.43 78.304
148.07 78.258
150.77 78.205
153.51 78.148
156.31 78.085
159.15 78.019
162.05 77.952
165 77.884
168 77.816
171.06 77.748
174.17 77.681
177.34 77.614
180.57 77.548
183.86 77.482
187.2 77.415
190.61 77.347
194.08 77.278
197.61 77.208
201.21 77.136
204.87 77.064
208.6 76.991
212.39 76.917
216.26 76.842
220.19 76.767
224.2 76.693
228.28 76.619
232.44 76.549
236.67 76.48
240.97 76.414
245.36 76.351
249.82 76.289
254.37 76.23
259 76.172
263.71 76.116
268.51 76.061
273.4 76.006
278.38 75.953
283.44 75.901
288.6 75.852
293.85 75.808
299.2 75.771
304.65 75.741
310.19 75.719
315.84 75.701
321.59 75.686
327.44 75.668
333.4 75.646
339.47 75.617
345.64 75.584
351.93 75.548
358.34 75.508
364.86 75.465
371.5 75.419
378.26 75.373
385.15 75.328
392.16 75.287
399.29 75.251
406.56 75.221
413.96 75.194
421.49 75.167
429.16 75.139
436.97 75.11
444.93 75.078
453.02 75.045
461.27 75.011
469.66 74.979
478.21 74.95
486.91 74.927
495.78 74.911
504.8 74.897
513.99 74.885
523.34 74.871
532.87 74.855
542.56 74.835
552.44 74.808
562.49 74.772
572.73 74.727
583.15 74.674
593.77 74.619
604.57 74.563
615.57 74.51
626.78 74.464
638.18 74.429
649.8 74.408
661.63 74.399
673.67 74.398
685.93 74.402
698.41 74.409
711.12 74.417
724.06 74.425
737.24 74.431
750.66 74.436
764.32 74.438
778.23 74.439
792.39 74.439
806.82 74.441
821.5 74.445
836.45 74.455
851.67 74.474
867.17 74.501
882.96 74.536
899.02 74.577
915.39 74.625
932.05 74.68
949.01 74.743
966.28 74.818
983.87 74.906
1001.77 75.01
1020 75.133
1038.57 75.275
1057.47 75.439
1076.71 75.624
1096.31 75.834
1116.26 76.068
1136.58 76.323
1157.26 76.595
1178.32 76.873
1199.77 77.15
1221.6 77.418
1243.84 77.675
1266.47 77.921
1289.52 78.154
1312.99 78.375
1336.89 78.585
1361.22 78.786
1385.99 78.978
1411.22 79.158
1436.9 79.327
1463.05 79.485
1489.68 79.631
1516.79 79.769
1544.4 79.901
1572.5 80.031
1601.12 80.162
1630.26 80.296
1659.93 80.437
1690.14 80.588
1720.9 80.746
1752.22 80.913
1784.11 81.088
1816.58 81.268
1849.64 81.45
1883.3 81.636
1917.58 81.825
1952.48 82.017
1988.01 82.214
2024.19 82.413
2061.03 82.616
2098.54 82.819
2136.73 83.026
2175.62 83.235
2215.22 83.443
2255.53 83.648
2296.58 83.85
2338.38 84.047
2380.94 84.24
2424.27 84.425
2468.39 84.6
2513.31 84.762
2559.05 84.904
2605.63 85.026
2653.05 85.123
2701.33 85.194
2750.5 85.238
2800.55 85.257
2851.52 85.255
2903.42 85.229
2956.26 85.177
3010.06 85.096
3064.85 84.987
3120.62 84.85
3177.42 84.69
3235.25 84.51
3294.13 84.314
3354.08 84.106
3415.12 83.888
3477.27 83.665
3540.56 83.436
3605 83.202
3670.6 82.964
3737.41 82.725
3805.43 82.489
3874.68 82.259
3945.2 82.038
4017 81.827
4090.11 81.627
4164.55 81.436
4240.34 81.255
4317.51 81.083
4396.09 80.923
4476.1 80.777
4557.56 80.642
4640.5 80.518
4724.96 80.404
4810.95 80.301
4898.51 80.208
4987.66 80.124
5078.43 80.046
5170.86 79.974
5264.97 79.905
5360.79 79.838
5458.35 79.772
5557.69 79.705
5658.84 79.637
5761.82 79.568
5866.69 79.494
5973.46 79.412
6082.17 79.318
6192.87 79.207
6305.57 79.08
6420.33 78.938
6537.18 78.783
6656.15 78.622
6777.29 78.459
6900.63 78.299
7026.22 78.143
7154.1 77.991
7284.3 77.844
7416.87 77.704
7551.85 77.58
7689.29 77.484
7829.23 77.436
7971.72 77.456
8116.8 77.568
8264.53 77.789
8414.94 78.133
8568.09 78.599
8724.02 79.172
8882.79 79.807
9044.46 80.431
9209.06 80.939
9376.66 81.212
9547.31 81.137
9721.07 80.644
9897.99 79.73
10078.13 78.469
10261.55 76.983
10448.3 75.402
10638.45 73.85
10832.07 72.432
11029.21 71.229
11229.94 70.289
11434.32 69.627
11642.41 69.216
11854.3 68.997
12070.04 68.896
12289.71 68.848
12513.38 68.81
12741.12 68.768
12973 68.735
13209.1 68.738
13449.5 68.807
13694.28 68.971
13943.51 69.25
14197.27 69.649
14455.66 70.158
14718.74 70.742
14986.62 71.339
15259.37 71.869
15537.08 72.251
15819.85 72.424
16107.76 72.372
16400.92 72.121
16699.41 71.727
17003.33 71.257
17312.78 70.767
17627.86 70.285
17948.68 69.8
18275.34 69.266
18607.94 68.62
18946.6 67.828
19291.42 66.907
19642.52 65.916
20000 64.905