20 78.212
20.36 78.248
20.73 78.284
21.11 78.319
21.5 78.356
21.89 78.392
22.29 78.429
22.69 78.465
23.1 78.502
23.52 78.54
23.95 78.577
24.39 78.615
24.83 78.653
25.28 78.691
25.74 78.73
26.21 78.77
26.69 78.81
27.18 78.85
27.67 78.891
28.17 78.933
28.69 78.975
29.21 79.018
29.74 79.061
30.28 79.105
30.83 79.15
31.39 79.195
31.97 79.242
32.55 79.288
33.14 79.336
33.74 79.384
34.36 79.433
34.98 79.48
35.62 79.527
36.27 79.572
36.93 79.616
37.6 79.657
38.28 79.696
38.98 79.732
39.69 79.764
40.41 79.793
41.15 79.817
41.9 79.837
42.66 79.852
43.44 79.861
44.23 79.864
45.03 79.86
45.85 79.85
46.68 79.834
47.53 79.812
48.4 79.786
49.28 79.757
50.18 79.726
51.09 79.694
52.02 79.662
52.97 79.631
53.93 79.602
54.91 79.576
55.91 79.555
56.93 79.539
57.97 79.529
59.02 79.526
60.09 79.53
61.19 79.539
62.3 79.551
63.44 79.564
64.59 79.577
65.77 79.587
66.96 79.592
68.18 79.592
69.42 79.583
70.69 79.565
71.97 79.534
73.28 79.491
74.62 79.438
75.97 79.378
77.36 79.314
78.76 79.25
80.2 79.188
81.66 79.131
83.14 79.083
84.66 79.046
86.2 79.024
87.77 79.012
89.36 79.007
90.99 79.005
92.65 79.002
94.33 78.994
96.05 78.979
97.8 78.951
99.58 78.908
101.39 78.853
103.23 78.789
105.11 78.718
107.03 78.644
108.97 78.57
110.96 78.499
112.98 78.432
115.03 78.369
117.13 78.307
119.26 78.245
121.43 78.18
123.64 78.11
125.89 78.035
128.18 77.953
130.51 77.867
132.89 77.776
135.31 77.682
137.77 77.587
140.28 77.491
142.83 77.398
145.43 77.31
148.07 77.23
150.77 77.161
153.51 77.104
156.31 77.056
159.15 77.015
162.05 76.979
165 76.947
168 76.915
171.06 76.883
174.17 76.847
177.34 76.807
180.57 76.761
183.86 76.71
187.2 76.657
190.61 76.6
194.08 76.543
197.61 76.487
201.21 76.432
204.87 76.382
208.6 76.335
212.39 76.29
216.26 76.247
220.19 76.204
224.2 76.16
228.28 76.114
232.44 76.064
236.67 76.01
240.97 75.952
245.36 75.893
249.82 75.837
254.37 75.786
259 75.745
263.71 75.711
268.51 75.683
273.4 75.658
278.38 75.631
283.44 75.601
288.6 75.567
293.85 75.529
299.2 75.489
304.65 75.447
310.19 75.403
315.84 75.354
321.59 75.297
327.44 75.233
333.4 75.164
339.47 75.094
345.64 75.027
351.93 74.967
358.34 74.916
364.86 74.876
371.5 74.848
378.26 74.831
385.15 74.824
392.16 74.824
399.29 74.825
406.56 74.825
413.96 74.821
421.49 74.81
429.16 74.792
436.97 74.768
444.93 74.739
453.02 74.705
461.27 74.667
469.66 74.628
478.21 74.588
486.91 74.548
495.78 74.513
504.8 74.483
513.99 74.458
523.34 74.438
532.87 74.421
542.56 74.409
552.44 74.4
562.49 74.393
572.73 74.385
583.15 74.373
593.77 74.359
604.57 74.342
615.57 74.325
626.78 74.312
638.18 74.303
649.8 74.299
661.63 74.3
673.67 74.303
685.93 74.306
698.41 74.305
711.12 74.298
724.06 74.283
737.24 74.261
750.66 74.239
764.32 74.223
778.23 74.219
792.39 74.23
806.82 74.253
821.5 74.285
836.45 74.322
851.67 74.363
867.17 74.407
882.96 74.458
899.02 74.516
915.39 74.581
932.05 74.653
949.01 74.731
966.28 74.815
983.87 74.907
1001.77 75.01
1020 75.131
1038.57 75.273
1057.47 75.437
1076.71 75.623
1096.31 75.831
1116.26 76.059
1136.58 76.304
1157.26 76.561
1178.32 76.821
1199.77 77.078
1221.6 77.325
1243.84 77.558
1266.47 77.776
1289.52 77.977
1312.99 78.159
1336.89 78.325
1361.22 78.478
1385.99 78.623
1411.22 78.765
1436.9 78.907
1463.05 79.053
1489.68 79.203
1516.79 79.355
1544.4 79.508
1572.5 79.662
1601.12 79.816
1630.26 79.973
1659.93 80.134
1690.14 80.297
1720.9 80.461
1752.22 80.624
1784.11 80.789
1816.58 80.958
1849.64 81.13
1883.3 81.306
1917.58 81.486
1952.48 81.672
1988.01 81.863
2024.19 82.058
2061.03 82.257
2098.54 82.457
2136.73 82.659
2175.62 82.862
2215.22 83.065
2255.53 83.267
2296.58 83.467
2338.38 83.663
2380.94 83.849
2424.27 84.024
2468.39 84.184
2513.31 84.333
2559.05 84.471
2605.63 84.602
2653.05 84.726
2701.33 84.841
2750.5 84.945
2800.55 85.033
2851.52 85.101
2903.42 85.147
2956.26 85.171
3010.06 85.173
3064.85 85.155
3120.62 85.119
3177.42 85.066
3235.25 85.001
3294.13 84.926
3354.08 84.842
3415.12 84.751
3477.27 84.656
3540.56 84.556
3605 84.454
3670.6 84.351
3737.41 84.245
3805.43 84.138
3874.68 84.03
3945.2 83.923
4017 83.818
4090.11 83.715
4164.55 83.61
4240.34 83.502
4317.51 83.389
4396.09 83.269
4476.1 83.141
4557.56 83
4640.5 82.841
4724.96 82.659
4810.95 82.45
4898.51 82.208
4987.66 81.931
5078.43 81.617
5170.86 81.266
5264.97 80.878
5360.79 80.456
5458.35 80.005
5557.69 79.528
5658.84 79.029
5761.82 78.512
5866.69 77.985
5973.46 77.45
6082.17 76.91
6192.87 76.372
6305.57 75.842
6420.33 75.324
6537.18 74.829
6656.15 74.368
6777.29 73.95
6900.63 73.58
7026.22 73.257
7154.1 72.981
7284.3 72.75
7416.87 72.564
7551.85 72.42
7689.29 72.324
7829.23 72.283
7971.72 72.31
8116.8 72.418
8264.53 72.619
8414.94 72.929
8568.09 73.357
8724.02 73.905
8882.79 74.558
9044.46 75.273
9209.06 75.981
9376.66 76.585
9547.31 76.971
9721.07 77.036
9897.99 76.711
10078.13 75.992
10261.55 74.944
10448.3 73.679
10638.45 72.333
10832.07 71.047
11029.21 69.94
11229.94 69.094
11434.32 68.532
11642.41 68.222
11854.3 68.085
12070.04 68.029
12289.71 67.969
12513.38 67.857
12741.12 67.681
12973 67.458
13209.1 67.221
13449.5 67.01
13694.28 66.859
13943.51 66.799
14197.27 66.847
14455.66 67.011
14718.74 67.287
14986.62 67.659
15259.37 68.094
15537.08 68.544
15819.85 68.956
16107.76 69.287
16400.92 69.507
16699.41 69.599
17003.33 69.568
17312.78 69.426
17627.86 69.188
17948.68 68.866
18275.34 68.462
18607.94 67.976
18946.6 67.42
19291.42 66.816
19642.52 66.197
20000 65.576