20 82.292
20.36 82.354
20.73 82.415
21.11 82.475
21.5 82.535
21.89 82.595
22.29 82.653
22.69 82.712
23.1 82.769
23.52 82.826
23.95 82.881
24.39 82.935
24.83 82.988
25.28 83.039
25.74 83.089
26.21 83.138
26.69 83.185
27.18 83.23
27.67 83.273
28.17 83.314
28.69 83.354
29.21 83.391
29.74 83.425
30.28 83.457
30.83 83.487
31.39 83.515
31.97 83.539
32.55 83.561
33.14 83.58
33.74 83.595
34.36 83.608
34.98 83.62
35.62 83.628
36.27 83.633
36.93 83.637
37.6 83.639
38.28 83.638
38.98 83.635
39.69 83.63
40.41 83.623
41.15 83.616
41.9 83.606
42.66 83.595
43.44 83.582
44.23 83.568
45.03 83.552
45.85 83.536
46.68 83.518
47.53 83.5
48.4 83.48
49.28 83.459
50.18 83.438
51.09 83.414
52.02 83.39
52.97 83.364
53.93 83.338
54.91 83.311
55.91 83.281
56.93 83.252
57.97 83.22
59.02 83.188
60.09 83.154
61.19 83.119
62.3 83.081
63.44 83.042
64.59 83
65.77 82.956
66.96 82.909
68.18 82.858
69.42 82.805
70.69 82.747
71.97 82.686
73.28 82.62
74.62 82.552
75.97 82.481
77.36 82.409
78.76 82.337
80.2 82.264
81.66 82.193
83.14 82.124
84.66 82.057
86.2 81.995
87.77 81.935
89.36 81.878
90.99 81.821
92.65 81.766
94.33 81.709
96.05 81.653
97.8 81.594
99.58 81.532
101.39 81.469
103.23 81.403
105.11 81.334
107.03 81.264
108.97 81.19
110.96 81.116
112.98 81.039
115.03 80.96
117.13 80.88
119.26 80.797
121.43 80.714
123.64 80.628
125.89 80.541
128.18 80.452
130.51 80.363
132.89 80.273
135.31 80.183
137.77 80.093
140.28 80.004
142.83 79.914
145.43 79.825
148.07 79.737
150.77 79.649
153.51 79.562
156.31 79.476
159.15 79.389
162.05 79.302
165 79.215
168 79.127
171.06 79.04
174.17 78.952
177.34 78.866
180.57 78.78
183.86 78.693
187.2 78.605
190.61 78.515
194.08 78.424
197.61 78.331
201.21 78.237
204.87 78.144
208.6 78.049
212.39 77.954
216.26 77.86
220.19 77.765
224.2 77.669
228.28 77.572
232.44 77.474
236.67 77.375
240.97 77.274
245.36 77.174
249.82 77.074
254.37 76.977
259 76.883
263.71 76.793
268.51 76.708
273.4 76.625
278.38 76.546
283.44 76.469
288.6 76.392
293.85 76.317
299.2 76.242
304.65 76.167
310.19 76.094
315.84 76.023
321.59 75.954
327.44 75.887
333.4 75.825
339.47 75.765
345.64 75.708
351.93 75.65
358.34 75.593
364.86 75.533
371.5 75.473
378.26 75.41
385.15 75.347
392.16 75.286
399.29 75.229
406.56 75.174
413.96 75.121
421.49 75.069
429.16 75.018
436.97 74.966
444.93 74.913
453.02 74.861
461.27 74.809
469.66 74.759
478.21 74.713
486.91 74.671
495.78 74.634
504.8 74.6
513.99 74.571
523.34 74.544
532.87 74.517
542.56 74.49
552.44 74.461
562.49 74.428
572.73 74.394
583.15 74.359
593.77 74.322
604.57 74.286
615.57 74.249
626.78 74.213
638.18 74.177
649.8 74.142
661.63 74.108
673.67 74.075
685.93 74.044
698.41 74.012
711.12 73.981
724.06 73.948
737.24 73.916
750.66 73.886
764.32 73.864
778.23 73.852
792.39 73.856
806.82 73.882
821.5 73.932
836.45 74.003
851.67 74.089
867.17 74.181
882.96 74.272
899.02 74.361
915.39 74.448
932.05 74.537
949.01 74.634
966.28 74.743
983.87 74.869
1001.77 75.014
1020 75.177
1038.57 75.353
1057.47 75.538
1076.71 75.726
1096.31 75.912
1116.26 76.093
1136.58 76.266
1157.26 76.433
1178.32 76.598
1199.77 76.764
1221.6 76.939
1243.84 77.126
1266.47 77.327
1289.52 77.541
1312.99 77.763
1336.89 77.988
1361.22 78.213
1385.99 78.434
1411.22 78.646
1436.9 78.847
1463.05 79.036
1489.68 79.214
1516.79 79.384
1544.4 79.55
1572.5 79.712
1601.12 79.874
1630.26 80.038
1659.93 80.204
1690.14 80.374
1720.9 80.55
1752.22 80.733
1784.11 80.923
1816.58 81.119
1849.64 81.319
1883.3 81.522
1917.58 81.726
1952.48 81.929
1988.01 82.13
2024.19 82.329
2061.03 82.523
2098.54 82.714
2136.73 82.9
2175.62 83.08
2215.22 83.249
2255.53 83.408
2296.58 83.553
2338.38 83.684
2380.94 83.799
2424.27 83.899
2468.39 83.981
2513.31 84.047
2559.05 84.093
2605.63 84.12
2653.05 84.129
2701.33 84.121
2750.5 84.099
2800.55 84.062
2851.52 84.014
2903.42 83.954
2956.26 83.882
3010.06 83.797
3064.85 83.704
3120.62 83.605
3177.42 83.501
3235.25 83.395
3294.13 83.287
3354.08 83.178
3415.12 83.074
3477.27 82.975
3540.56 82.88
3605 82.792
3670.6 82.713
3737.41 82.642
3805.43 82.581
3874.68 82.528
3945.2 82.485
4017 82.45
4090.11 82.42
4164.55 82.388
4240.34 82.351
4317.51 82.302
4396.09 82.24
4476.1 82.159
4557.56 82.058
4640.5 81.932
4724.96 81.778
4810.95 81.589
4898.51 81.363
4987.66 81.098
5078.43 80.794
5170.86 80.452
5264.97 80.073
5360.79 79.664
5458.35 79.232
5557.69 78.784
5658.84 78.327
5761.82 77.869
5866.69 77.416
5973.46 76.973
6082.17 76.546
6192.87 76.141
6305.57 75.763
6420.33 75.415
6537.18 75.103
6656.15 74.835
6777.29 74.62
6900.63 74.464
7026.22 74.373
7154.1 74.353
7284.3 74.408
7416.87 74.541
7551.85 74.757
7689.29 75.065
7829.23 75.469
7971.72 75.975
8116.8 76.579
8264.53 77.262
8414.94 77.979
8568.09 78.664
8724.02 79.235
8882.79 79.603
9044.46 79.695
9209.06 79.469
9376.66 78.929
9547.31 78.121
9721.07 77.124
9897.99 76.038
10078.13 74.967
10261.55 74.002
10448.3 73.203
10638.45 72.593
10832.07 72.166
11029.21 71.895
11229.94 71.734
11434.32 71.633
11642.41 71.55
11854.3 71.452
12070.04 71.311
12289.71 71.107
12513.38 70.817
12741.12 70.415
12973 69.884
13209.1 69.218
13449.5 68.427
13694.28 67.534
13943.51 66.567
14197.27 65.565
14455.66 64.57
14718.74 63.625
14986.62 62.772
15259.37 62.051
15537.08 61.495
15819.85 61.127
16107.76 60.949
16400.92 60.942
16699.41 61.059
17003.33 61.222
17312.78 61.325
17627.86 61.249
17948.68 60.89
18275.34 60.188
18607.94 59.149
18946.6 57.846
19291.42 56.392
19642.52 54.889
20000 53.381