20 83.778
20.36 83.825
20.73 83.872
21.11 83.919
21.5 83.966
21.89 84.014
22.29 84.061
22.69 84.108
23.1 84.155
23.52 84.202
23.95 84.249
24.39 84.296
24.83 84.342
25.28 84.389
25.74 84.436
26.21 84.483
26.69 84.529
27.18 84.576
27.67 84.622
28.17 84.669
28.69 84.716
29.21 84.762
29.74 84.808
30.28 84.853
30.83 84.9
31.39 84.946
31.97 84.991
32.55 85.037
33.14 85.082
33.74 85.127
34.36 85.171
34.98 85.214
35.62 85.256
36.27 85.296
36.93 85.333
37.6 85.368
38.28 85.401
38.98 85.431
39.69 85.456
40.41 85.479
41.15 85.497
41.9 85.511
42.66 85.521
43.44 85.525
44.23 85.524
45.03 85.517
45.85 85.505
46.68 85.486
47.53 85.464
48.4 85.438
49.28 85.409
50.18 85.379
51.09 85.349
52.02 85.319
52.97 85.291
53.93 85.265
54.91 85.242
55.91 85.224
56.93 85.211
57.97 85.205
59.02 85.207
60.09 85.215
61.19 85.227
62.3 85.242
63.44 85.257
64.59 85.269
65.77 85.277
66.96 85.277
68.18 85.27
69.42 85.251
70.69 85.219
71.97 85.17
73.28 85.106
74.62 85.027
75.97 84.938
77.36 84.841
78.76 84.741
80.2 84.639
81.66 84.54
83.14 84.446
84.66 84.362
86.2 84.29
87.77 84.226
89.36 84.171
90.99 84.12
92.65 84.072
94.33 84.025
96.05 83.975
97.8 83.921
99.58 83.862
101.39 83.797
103.23 83.729
105.11 83.66
107.03 83.589
108.97 83.52
110.96 83.454
112.98 83.39
115.03 83.329
117.13 83.267
119.26 83.201
121.43 83.132
123.64 83.054
125.89 82.967
128.18 82.873
130.51 82.77
132.89 82.662
135.31 82.547
137.77 82.429
140.28 82.307
142.83 82.186
145.43 82.066
148.07 81.95
150.77 81.84
153.51 81.736
156.31 81.639
159.15 81.547
162.05 81.459
165 81.375
168 81.292
171.06 81.21
174.17 81.125
177.34 81.037
180.57 80.945
183.86 80.848
187.2 80.745
190.61 80.638
194.08 80.524
197.61 80.407
201.21 80.286
204.87 80.162
208.6 80.038
212.39 79.916
216.26 79.799
220.19 79.689
224.2 79.584
228.28 79.488
232.44 79.397
236.67 79.31
240.97 79.226
245.36 79.142
249.82 79.054
254.37 78.961
259 78.861
263.71 78.755
268.51 78.643
273.4 78.526
278.38 78.405
283.44 78.28
288.6 78.152
293.85 78.022
299.2 77.893
304.65 77.767
310.19 77.646
315.84 77.53
321.59 77.418
327.44 77.309
333.4 77.202
339.47 77.098
345.64 76.998
351.93 76.901
358.34 76.804
364.86 76.706
371.5 76.604
378.26 76.497
385.15 76.386
392.16 76.275
399.29 76.166
406.56 76.061
413.96 75.96
421.49 75.863
429.16 75.767
436.97 75.671
444.93 75.576
453.02 75.482
461.27 75.39
469.66 75.3
478.21 75.215
486.91 75.132
495.78 75.051
504.8 74.973
513.99 74.893
523.34 74.813
532.87 74.734
542.56 74.656
552.44 74.581
562.49 74.508
572.73 74.434
583.15 74.359
593.77 74.282
604.57 74.203
615.57 74.124
626.78 74.046
638.18 73.974
649.8 73.908
661.63 73.85
673.67 73.798
685.93 73.757
698.41 73.725
711.12 73.702
724.06 73.688
737.24 73.684
750.66 73.689
764.32 73.705
778.23 73.732
792.39 73.768
806.82 73.814
821.5 73.869
836.45 73.932
851.67 74.004
867.17 74.083
882.96 74.172
899.02 74.269
915.39 74.373
932.05 74.486
949.01 74.605
966.28 74.732
983.87 74.868
1001.77 75.014
1020 75.17
1038.57 75.334
1057.47 75.505
1076.71 75.682
1096.31 75.864
1116.26 76.05
1136.58 76.24
1157.26 76.433
1178.32 76.631
1199.77 76.83
1221.6 77.03
1243.84 77.231
1266.47 77.434
1289.52 77.637
1312.99 77.843
1336.89 78.05
1361.22 78.264
1385.99 78.485
1411.22 78.711
1436.9 78.939
1463.05 79.168
1489.68 79.399
1516.79 79.636
1544.4 79.882
1572.5 80.138
1601.12 80.403
1630.26 80.673
1659.93 80.949
1690.14 81.225
1720.9 81.497
1752.22 81.764
1784.11 82.024
1816.58 82.271
1849.64 82.499
1883.3 82.701
1917.58 82.876
1952.48 83.02
1988.01 83.131
2024.19 83.207
2061.03 83.249
2098.54 83.262
2136.73 83.252
2175.62 83.22
2215.22 83.168
2255.53 83.098
2296.58 83.013
2338.38 82.92
2380.94 82.826
2424.27 82.735
2468.39 82.653
2513.31 82.585
2559.05 82.532
2605.63 82.497
2653.05 82.479
2701.33 82.481
2750.5 82.508
2800.55 82.569
2851.52 82.667
2903.42 82.806
2956.26 82.987
3010.06 83.209
3064.85 83.467
3120.62 83.753
3177.42 84.049
3235.25 84.339
3294.13 84.601
3354.08 84.811
3415.12 84.944
3477.27 84.977
3540.56 84.894
3605 84.685
3670.6 84.36
3737.41 83.94
3805.43 83.461
3874.68 82.959
3945.2 82.478
4017 82.056
4090.11 81.727
4164.55 81.521
4240.34 81.46
4317.51 81.553
4396.09 81.796
4476.1 82.165
4557.56 82.622
4640.5 83.116
4724.96 83.592
4810.95 83.994
4898.51 84.276
4987.66 84.405
5078.43 84.372
5170.86 84.184
5264.97 83.872
5360.79 83.476
5458.35 83.042
5557.69 82.613
5658.84 82.226
5761.82 81.907
5866.69 81.677
5973.46 81.551
6082.17 81.534
6192.87 81.633
6305.57 81.853
6420.33 82.199
6537.18 82.675
6656.15 83.284
6777.29 84.034
6900.63 84.929
7026.22 85.972
7154.1 87.151
7284.3 88.428
7416.87 89.735
7551.85 90.968
7689.29 92
7829.23 92.707
7971.72 93.003
8116.8 92.855
8264.53 92.297
8414.94 91.417
8568.09 90.334
8724.02 89.175
8882.79 88.046
9044.46 87.02
9209.06 86.145
9376.66 85.441
9547.31 84.914
9721.07 84.563
9897.99 84.385
10078.13 84.362
10261.55 84.463
10448.3 84.639
10638.45 84.823
10832.07 84.939
11029.21 84.911
11229.94 84.694
11434.32 84.285
11642.41 83.741
11854.3 83.151
12070.04 82.614
12289.71 82.208
12513.38 81.988
12741.12 81.977
12973 82.167
13209.1 82.495
13449.5 82.839
13694.28 83.025
13943.51 82.864
14197.27 82.216
14455.66 81.045
14718.74 79.436
14986.62 77.541
15259.37 75.532
15537.08 73.578
15819.85 71.819
16107.76 70.332
16400.92 69.125
16699.41 68.138
17003.33 67.251
17312.78 66.316
17627.86 65.205
17948.68 63.876
18275.34 62.4
18607.94 60.939
18946.6 59.653
19291.42 58.602
19642.52 57.722
20000 56.905