20 86.289
20.36 86.312
20.73 86.334
21.11 86.357
21.5 86.379
21.89 86.401
22.29 86.424
22.69 86.446
23.1 86.468
23.52 86.491
23.95 86.513
24.39 86.535
24.83 86.557
25.28 86.579
25.74 86.6
26.21 86.622
26.69 86.644
27.18 86.665
27.67 86.686
28.17 86.708
28.69 86.728
29.21 86.749
29.74 86.77
30.28 86.791
30.83 86.811
31.39 86.831
31.97 86.851
32.55 86.871
33.14 86.89
33.74 86.909
34.36 86.928
34.98 86.945
35.62 86.962
36.27 86.977
36.93 86.99
37.6 87.002
38.28 87.012
38.98 87.02
39.69 87.025
40.41 87.027
41.15 87.027
41.9 87.023
42.66 87.017
43.44 87.006
44.23 86.992
45.03 86.974
45.85 86.952
46.68 86.926
47.53 86.897
48.4 86.865
49.28 86.831
50.18 86.794
51.09 86.758
52.02 86.721
52.97 86.684
53.93 86.647
54.91 86.613
55.91 86.579
56.93 86.549
57.97 86.522
59.02 86.498
60.09 86.478
61.19 86.459
62.3 86.441
63.44 86.422
64.59 86.401
65.77 86.376
66.96 86.347
68.18 86.312
69.42 86.269
70.69 86.217
71.97 86.156
73.28 86.084
74.62 86.003
75.97 85.916
77.36 85.825
78.76 85.732
80.2 85.641
81.66 85.552
83.14 85.47
84.66 85.396
86.2 85.331
87.77 85.273
89.36 85.219
90.99 85.167
92.65 85.113
94.33 85.054
96.05 84.988
97.8 84.911
99.58 84.821
101.39 84.721
103.23 84.613
105.11 84.501
107.03 84.385
108.97 84.271
110.96 84.16
112.98 84.054
115.03 83.952
117.13 83.854
119.26 83.759
121.43 83.664
123.64 83.569
125.89 83.472
128.18 83.373
130.51 83.271
132.89 83.164
135.31 83.053
137.77 82.935
140.28 82.812
142.83 82.686
145.43 82.559
148.07 82.433
150.77 82.311
153.51 82.193
156.31 82.078
159.15 81.966
162.05 81.856
165 81.745
168 81.636
171.06 81.527
174.17 81.417
177.34 81.307
180.57 81.196
183.86 81.083
187.2 80.969
190.61 80.853
194.08 80.735
197.61 80.614
201.21 80.49
204.87 80.362
208.6 80.234
212.39 80.107
216.26 79.984
220.19 79.865
224.2 79.748
228.28 79.632
232.44 79.514
236.67 79.394
240.97 79.271
245.36 79.146
249.82 79.019
254.37 78.893
259 78.77
263.71 78.648
268.51 78.528
273.4 78.408
278.38 78.287
283.44 78.164
288.6 78.037
293.85 77.909
299.2 77.782
304.65 77.657
310.19 77.535
315.84 77.414
321.59 77.292
327.44 77.168
333.4 77.045
339.47 76.923
345.64 76.804
351.93 76.689
358.34 76.578
364.86 76.471
371.5 76.368
378.26 76.271
385.15 76.179
392.16 76.094
399.29 76.014
406.56 75.937
413.96 75.858
421.49 75.776
429.16 75.687
436.97 75.594
444.93 75.499
453.02 75.402
461.27 75.309
469.66 75.22
478.21 75.136
486.91 75.059
495.78 74.987
504.8 74.921
513.99 74.859
523.34 74.804
532.87 74.756
542.56 74.714
552.44 74.677
562.49 74.643
572.73 74.609
583.15 74.572
593.77 74.531
604.57 74.489
615.57 74.446
626.78 74.405
638.18 74.367
649.8 74.332
661.63 74.3
673.67 74.272
685.93 74.246
698.41 74.222
711.12 74.199
724.06 74.177
737.24 74.16
750.66 74.15
764.32 74.15
778.23 74.162
792.39 74.187
806.82 74.219
821.5 74.257
836.45 74.297
851.67 74.336
867.17 74.377
882.96 74.421
899.02 74.47
915.39 74.528
932.05 74.596
949.01 74.678
966.28 74.774
983.87 74.885
1001.77 75.012
1020 75.159
1038.57 75.326
1057.47 75.511
1076.71 75.713
1096.31 75.93
1116.26 76.162
1136.58 76.408
1157.26 76.667
1178.32 76.932
1199.77 77.197
1221.6 77.457
1243.84 77.709
1266.47 77.951
1289.52 78.183
1312.99 78.406
1336.89 78.623
1361.22 78.837
1385.99 79.047
1411.22 79.254
1436.9 79.46
1463.05 79.667
1489.68 79.877
1516.79 80.092
1544.4 80.315
1572.5 80.543
1601.12 80.775
1630.26 81.01
1659.93 81.251
1690.14 81.504
1720.9 81.773
1752.22 82.06
1784.11 82.364
1816.58 82.68
1849.64 83.001
1883.3 83.324
1917.58 83.645
1952.48 83.963
1988.01 84.275
2024.19 84.577
2061.03 84.867
2098.54 85.139
2136.73 85.39
2175.62 85.613
2215.22 85.805
2255.53 85.965
2296.58 86.091
2338.38 86.182
2380.94 86.237
2424.27 86.257
2468.39 86.247
2513.31 86.21
2559.05 86.152
2605.63 86.079
2653.05 85.996
2701.33 85.909
2750.5 85.826
2800.55 85.757
2851.52 85.706
2903.42 85.678
2956.26 85.674
3010.06 85.694
3064.85 85.737
3120.62 85.799
3177.42 85.874
3235.25 85.954
3294.13 86.034
3354.08 86.109
3415.12 86.176
3477.27 86.239
3540.56 86.3
3605 86.355
3670.6 86.401
3737.41 86.422
3805.43 86.398
3874.68 86.299
3945.2 86.1
4017 85.78
4090.11 85.337
4164.55 84.785
4240.34 84.163
4317.51 83.533
4396.09 82.964
4476.1 82.513
4557.56 82.215
4640.5 82.079
4724.96 82.086
4810.95 82.191
4898.51 82.334
4987.66 82.45
5078.43 82.485
5170.86 82.407
5264.97 82.211
5360.79 81.91
5458.35 81.527
5557.69 81.092
5658.84 80.635
5761.82 80.184
5866.69 79.762
5973.46 79.386
6082.17 79.067
6192.87 78.816
6305.57 78.641
6420.33 78.553
6537.18 78.562
6656.15 78.681
6777.29 78.921
6900.63 79.294
7026.22 79.81
7154.1 80.47
7284.3 81.264
7416.87 82.161
7551.85 83.102
7689.29 84.007
7829.23 84.775
7971.72 85.304
8116.8 85.509
8264.53 85.345
8414.94 84.815
8568.09 83.976
8724.02 82.92
8882.79 81.747
9044.46 80.552
9209.06 79.41
9376.66 78.373
9547.31 77.473
9721.07 76.725
9897.99 76.131
10078.13 75.686
10261.55 75.376
10448.3 75.182
10638.45 75.085
10832.07 75.071
11029.21 75.124
11229.94 75.234
11434.32 75.389
11642.41 75.581
11854.3 75.8
12070.04 76.025
12289.71 76.225
12513.38 76.362
12741.12 76.405
12973 76.341
13209.1 76.181
13449.5 75.967
13694.28 75.763
13943.51 75.644
14197.27 75.679
14455.66 75.912
14718.74 76.334
14986.62 76.87
15259.37 77.381
15537.08 77.693
15819.85 77.655
16107.76 77.191
16400.92 76.321
16699.41 75.142
17003.33 73.793
17312.78 72.422
17627.86 71.158
17948.68 70.097
18275.34 69.279
18607.94 68.679
18946.6 68.219
19291.42 67.827
19642.52 67.46
20000 67.099