20 79.203
20.36 79.233
20.73 79.262
21.11 79.292
21.5 79.321
21.89 79.351
22.29 79.381
22.69 79.411
23.1 79.441
23.52 79.471
23.95 79.501
24.39 79.532
24.83 79.562
25.28 79.593
25.74 79.623
26.21 79.654
26.69 79.685
27.18 79.717
27.67 79.748
28.17 79.78
28.69 79.812
29.21 79.844
29.74 79.876
30.28 79.909
30.83 79.941
31.39 79.974
31.97 80.008
32.55 80.042
33.14 80.076
33.74 80.109
34.36 80.142
34.98 80.174
35.62 80.204
36.27 80.232
36.93 80.258
37.6 80.281
38.28 80.3
38.98 80.316
39.69 80.327
40.41 80.333
41.15 80.335
41.9 80.33
42.66 80.32
43.44 80.302
44.23 80.278
45.03 80.246
45.85 80.207
46.68 80.16
47.53 80.106
48.4 80.047
49.28 79.983
50.18 79.916
51.09 79.846
52.02 79.775
52.97 79.703
53.93 79.632
54.91 79.562
55.91 79.495
56.93 79.431
57.97 79.372
59.02 79.318
60.09 79.269
61.19 79.224
62.3 79.182
63.44 79.14
64.59 79.098
65.77 79.053
66.96 79.006
68.18 78.954
69.42 78.896
70.69 78.831
71.97 78.756
73.28 78.673
74.62 78.582
75.97 78.485
77.36 78.384
78.76 78.284
80.2 78.184
81.66 78.087
83.14 77.997
84.66 77.914
86.2 77.842
87.77 77.778
89.36 77.722
90.99 77.672
92.65 77.628
94.33 77.589
96.05 77.553
97.8 77.52
99.58 77.487
101.39 77.455
103.23 77.42
105.11 77.383
107.03 77.34
108.97 77.292
110.96 77.236
112.98 77.17
115.03 77.098
117.13 77.018
119.26 76.934
121.43 76.845
123.64 76.753
125.89 76.659
128.18 76.567
130.51 76.48
132.89 76.399
135.31 76.33
137.77 76.273
140.28 76.229
142.83 76.191
145.43 76.152
148.07 76.107
150.77 76.05
153.51 75.98
156.31 75.902
159.15 75.818
162.05 75.733
165 75.65
168 75.567
171.06 75.484
174.17 75.397
177.34 75.307
180.57 75.212
183.86 75.118
187.2 75.029
190.61 74.948
194.08 74.875
197.61 74.809
201.21 74.749
204.87 74.694
208.6 74.64
212.39 74.589
216.26 74.538
220.19 74.49
224.2 74.449
228.28 74.422
232.44 74.41
236.67 74.409
240.97 74.415
245.36 74.42
249.82 74.419
254.37 74.403
259 74.368
263.71 74.318
268.51 74.256
273.4 74.188
278.38 74.12
283.44 74.059
288.6 74.006
293.85 73.959
299.2 73.916
304.65 73.877
310.19 73.841
315.84 73.808
321.59 73.776
327.44 73.747
333.4 73.72
339.47 73.695
345.64 73.671
351.93 73.647
358.34 73.628
364.86 73.614
371.5 73.605
378.26 73.599
385.15 73.594
392.16 73.589
399.29 73.583
406.56 73.577
413.96 73.572
421.49 73.561
429.16 73.543
436.97 73.514
444.93 73.476
453.02 73.434
461.27 73.395
469.66 73.366
478.21 73.349
486.91 73.345
495.78 73.355
504.8 73.374
513.99 73.398
523.34 73.419
532.87 73.435
542.56 73.444
552.44 73.445
562.49 73.442
572.73 73.437
583.15 73.431
593.77 73.424
604.57 73.418
615.57 73.412
626.78 73.407
638.18 73.402
649.8 73.396
661.63 73.394
673.67 73.398
685.93 73.411
698.41 73.432
711.12 73.455
724.06 73.479
737.24 73.506
750.66 73.538
764.32 73.576
778.23 73.626
792.39 73.69
806.82 73.77
821.5 73.869
836.45 73.981
851.67 74.101
867.17 74.221
882.96 74.337
899.02 74.448
915.39 74.552
932.05 74.65
949.01 74.74
966.28 74.826
983.87 74.913
1001.77 75.01
1020 75.121
1038.57 75.246
1057.47 75.379
1076.71 75.51
1096.31 75.637
1116.26 75.758
1136.58 75.881
1157.26 76.008
1178.32 76.14
1199.77 76.273
1221.6 76.406
1243.84 76.538
1266.47 76.673
1289.52 76.81
1312.99 76.953
1336.89 77.104
1361.22 77.264
1385.99 77.427
1411.22 77.584
1436.9 77.731
1463.05 77.872
1489.68 78.006
1516.79 78.133
1544.4 78.253
1572.5 78.369
1601.12 78.483
1630.26 78.597
1659.93 78.714
1690.14 78.838
1720.9 78.97
1752.22 79.113
1784.11 79.267
1816.58 79.425
1849.64 79.582
1883.3 79.741
1917.58 79.908
1952.48 80.087
1988.01 80.276
2024.19 80.471
2061.03 80.666
2098.54 80.853
2136.73 81.032
2175.62 81.205
2215.22 81.378
2255.53 81.556
2296.58 81.74
2338.38 81.924
2380.94 82.1
2424.27 82.265
2468.39 82.418
2513.31 82.561
2559.05 82.695
2605.63 82.815
2653.05 82.918
2701.33 83.001
2750.5 83.067
2800.55 83.119
2851.52 83.159
2903.42 83.188
2956.26 83.204
3010.06 83.204
3064.85 83.186
3120.62 83.15
3177.42 83.097
3235.25 83.029
3294.13 82.947
3354.08 82.85
3415.12 82.74
3477.27 82.62
3540.56 82.493
3605 82.361
3670.6 82.227
3737.41 82.094
3805.43 81.965
3874.68 81.839
3945.2 81.716
4017 81.591
4090.11 81.466
4164.55 81.345
4240.34 81.23
4317.51 81.124
4396.09 81.025
4476.1 80.928
4557.56 80.832
4640.5 80.732
4724.96 80.627
4810.95 80.52
4898.51 80.413
4987.66 80.31
5078.43 80.211
5170.86 80.116
5264.97 80.019
5360.79 79.917
5458.35 79.804
5557.69 79.676
5658.84 79.534
5761.82 79.381
5866.69 79.224
5973.46 79.069
6082.17 78.92
6192.87 78.778
6305.57 78.648
6420.33 78.54
6537.18 78.46
6656.15 78.418
6777.29 78.419
6900.63 78.467
7026.22 78.561
7154.1 78.696
7284.3 78.866
7416.87 79.061
7551.85 79.265
7689.29 79.454
7829.23 79.589
7971.72 79.628
8116.8 79.527
8264.53 79.245
8414.94 78.754
8568.09 78.05
8724.02 77.159
8882.79 76.142
9044.46 75.079
9209.06 74.043
9376.66 73.092
9547.31 72.263
9721.07 71.577
9897.99 71.037
10078.13 70.644
10261.55 70.387
10448.3 70.244
10638.45 70.188
10832.07 70.181
11029.21 70.183
11229.94 70.159
11434.32 70.086
11642.41 69.963
11854.3 69.799
12070.04 69.616
12289.71 69.436
12513.38 69.287
12741.12 69.202
12973 69.223
13209.1 69.397
13449.5 69.767
13694.28 70.367
13943.51 71.201
14197.27 72.223
14455.66 73.315
14718.74 74.276
14986.62 74.877
15259.37 74.957
15537.08 74.511
15819.85 73.679
16107.76 72.645
16400.92 71.572
16699.41 70.559
17003.33 69.639
17312.78 68.798
17627.86 67.997
17948.68 67.2
18275.34 66.384
18607.94 65.545
18946.6 64.695
19291.42 63.853
19642.52 63.03
20000 62.217