20 82.169
20.36 82.194
20.73 82.219
21.11 82.245
21.5 82.27
21.89 82.296
22.29 82.322
22.69 82.347
23.1 82.373
23.52 82.398
23.95 82.425
24.39 82.451
24.83 82.478
25.28 82.504
25.74 82.532
26.21 82.559
26.69 82.586
27.18 82.615
27.67 82.642
28.17 82.671
28.69 82.699
29.21 82.729
29.74 82.759
30.28 82.789
30.83 82.819
31.39 82.85
31.97 82.881
32.55 82.913
33.14 82.945
33.74 82.977
34.36 83.008
34.98 83.039
35.62 83.069
36.27 83.096
36.93 83.121
37.6 83.144
38.28 83.163
38.98 83.179
39.69 83.19
40.41 83.197
41.15 83.2
41.9 83.197
42.66 83.188
43.44 83.172
44.23 83.15
45.03 83.121
45.85 83.084
46.68 83.039
47.53 82.989
48.4 82.933
49.28 82.872
50.18 82.806
51.09 82.738
52.02 82.669
52.97 82.597
53.93 82.526
54.91 82.454
55.91 82.383
56.93 82.315
57.97 82.251
59.02 82.189
60.09 82.132
61.19 82.077
62.3 82.025
63.44 81.975
64.59 81.924
65.77 81.874
66.96 81.824
68.18 81.771
69.42 81.717
70.69 81.659
71.97 81.598
73.28 81.531
74.62 81.463
75.97 81.39
77.36 81.315
78.76 81.239
80.2 81.163
81.66 81.087
83.14 81.011
84.66 80.936
86.2 80.863
87.77 80.793
89.36 80.723
90.99 80.654
92.65 80.585
94.33 80.516
96.05 80.446
97.8 80.375
99.58 80.303
101.39 80.228
103.23 80.152
105.11 80.077
107.03 79.999
108.97 79.921
110.96 79.843
112.98 79.765
115.03 79.686
117.13 79.608
119.26 79.529
121.43 79.45
123.64 79.37
125.89 79.291
128.18 79.21
130.51 79.128
132.89 79.044
135.31 78.957
137.77 78.866
140.28 78.772
142.83 78.675
145.43 78.574
148.07 78.471
150.77 78.365
153.51 78.258
156.31 78.15
159.15 78.042
162.05 77.937
165 77.833
168 77.734
171.06 77.639
174.17 77.55
177.34 77.467
180.57 77.392
183.86 77.323
187.2 77.259
190.61 77.202
194.08 77.148
197.61 77.095
201.21 77.04
204.87 76.979
208.6 76.913
212.39 76.844
216.26 76.772
220.19 76.697
224.2 76.621
228.28 76.545
232.44 76.469
236.67 76.394
240.97 76.32
245.36 76.246
249.82 76.172
254.37 76.099
259 76.03
263.71 75.962
268.51 75.896
273.4 75.833
278.38 75.769
283.44 75.701
288.6 75.629
293.85 75.553
299.2 75.474
304.65 75.397
310.19 75.32
315.84 75.245
321.59 75.174
327.44 75.106
333.4 75.042
339.47 74.983
345.64 74.931
351.93 74.892
358.34 74.859
364.86 74.831
371.5 74.805
378.26 74.783
385.15 74.763
392.16 74.747
399.29 74.732
406.56 74.716
413.96 74.697
421.49 74.674
429.16 74.645
436.97 74.612
444.93 74.575
453.02 74.537
461.27 74.497
469.66 74.457
478.21 74.419
486.91 74.385
495.78 74.354
504.8 74.328
513.99 74.306
523.34 74.289
532.87 74.275
542.56 74.266
552.44 74.259
562.49 74.252
572.73 74.245
583.15 74.234
593.77 74.219
604.57 74.199
615.57 74.176
626.78 74.152
638.18 74.127
649.8 74.105
661.63 74.09
673.67 74.083
685.93 74.083
698.41 74.089
711.12 74.099
724.06 74.109
737.24 74.122
750.66 74.135
764.32 74.15
778.23 74.169
792.39 74.194
806.82 74.224
821.5 74.26
836.45 74.303
851.67 74.351
867.17 74.407
882.96 74.466
899.02 74.53
915.39 74.594
932.05 74.663
949.01 74.736
966.28 74.817
983.87 74.909
1001.77 75.01
1020 75.119
1038.57 75.238
1057.47 75.361
1076.71 75.49
1096.31 75.624
1116.26 75.761
1136.58 75.901
1157.26 76.044
1178.32 76.187
1199.77 76.326
1221.6 76.459
1243.84 76.586
1266.47 76.709
1289.52 76.833
1312.99 76.957
1336.89 77.079
1361.22 77.198
1385.99 77.313
1411.22 77.425
1436.9 77.538
1463.05 77.652
1489.68 77.766
1516.79 77.878
1544.4 77.987
1572.5 78.09
1601.12 78.188
1630.26 78.283
1659.93 78.376
1690.14 78.47
1720.9 78.565
1752.22 78.662
1784.11 78.763
1816.58 78.869
1849.64 78.982
1883.3 79.1
1917.58 79.222
1952.48 79.346
1988.01 79.467
2024.19 79.587
2061.03 79.7
2098.54 79.808
2136.73 79.911
2175.62 80.01
2215.22 80.107
2255.53 80.197
2296.58 80.283
2338.38 80.363
2380.94 80.442
2424.27 80.521
2468.39 80.604
2513.31 80.695
2559.05 80.796
2605.63 80.909
2653.05 81.036
2701.33 81.177
2750.5 81.323
2800.55 81.468
2851.52 81.601
2903.42 81.716
2956.26 81.81
3010.06 81.884
3064.85 81.938
3120.62 81.978
3177.42 82.01
3235.25 82.035
3294.13 82.057
3354.08 82.08
3415.12 82.104
3477.27 82.129
3540.56 82.157
3605 82.187
3670.6 82.217
3737.41 82.247
3805.43 82.271
3874.68 82.283
3945.2 82.278
4017 82.256
4090.11 82.215
4164.55 82.15
4240.34 82.063
4317.51 81.954
4396.09 81.827
4476.1 81.684
4557.56 81.527
4640.5 81.356
4724.96 81.171
4810.95 80.972
4898.51 80.756
4987.66 80.526
5078.43 80.284
5170.86 80.034
5264.97 79.78
5360.79 79.527
5458.35 79.28
5557.69 79.044
5658.84 78.826
5761.82 78.632
5866.69 78.466
5973.46 78.331
6082.17 78.227
6192.87 78.153
6305.57 78.106
6420.33 78.085
6537.18 78.09
6656.15 78.128
6777.29 78.205
6900.63 78.331
7026.22 78.514
7154.1 78.751
7284.3 79.023
7416.87 79.294
7551.85 79.5
7689.29 79.567
7829.23 79.426
7971.72 79.026
8116.8 78.344
8264.53 77.387
8414.94 76.192
8568.09 74.826
8724.02 73.371
8882.79 71.912
9044.46 70.531
9209.06 69.311
9376.66 68.326
9547.31 67.639
9721.07 67.286
9897.99 67.252
10078.13 67.462
10261.55 67.795
10448.3 68.128
10638.45 68.377
10832.07 68.511
11029.21 68.55
11229.94 68.547
11434.32 68.577
11642.41 68.716
11854.3 69.041
12070.04 69.612
12289.71 70.468
12513.38 71.609
12741.12 72.986
12973 74.485
13209.1 75.931
13449.5 77.102
13694.28 77.801
13943.51 77.915
14197.27 77.47
14455.66 76.603
14718.74 75.5
14986.62 74.327
15259.37 73.189
15537.08 72.115
15819.85 71.064
16107.76 69.953
16400.92 68.701
16699.41 67.257
17003.33 65.619
17312.78 63.823
17627.86 61.925
17948.68 59.981
18275.34 58.031
18607.94 56.098
18946.6 54.191
19291.42 52.316
19642.52 50.475
20000 48.65