20 78.471
20.36 78.543
20.73 78.615
21.11 78.686
21.5 78.758
21.89 78.828
22.29 78.9
22.69 78.969
23.1 79.039
23.52 79.109
23.95 79.178
24.39 79.245
24.83 79.313
25.28 79.379
25.74 79.445
26.21 79.509
26.69 79.573
27.18 79.635
27.67 79.697
28.17 79.758
28.69 79.817
29.21 79.875
29.74 79.932
30.28 79.987
30.83 80.041
31.39 80.094
31.97 80.144
32.55 80.193
33.14 80.24
33.74 80.287
34.36 80.33
34.98 80.372
35.62 80.413
36.27 80.45
36.93 80.486
37.6 80.518
38.28 80.549
38.98 80.577
39.69 80.603
40.41 80.626
41.15 80.646
41.9 80.663
42.66 80.677
43.44 80.688
44.23 80.696
45.03 80.701
45.85 80.701
46.68 80.7
47.53 80.695
48.4 80.686
49.28 80.676
50.18 80.664
51.09 80.649
52.02 80.633
52.97 80.615
53.93 80.596
54.91 80.576
55.91 80.555
56.93 80.534
57.97 80.513
59.02 80.492
60.09 80.47
61.19 80.448
62.3 80.425
63.44 80.401
64.59 80.374
65.77 80.345
66.96 80.314
68.18 80.28
69.42 80.242
70.69 80.199
71.97 80.153
73.28 80.102
74.62 80.047
75.97 79.987
77.36 79.926
78.76 79.863
80.2 79.798
81.66 79.733
83.14 79.668
84.66 79.603
86.2 79.541
87.77 79.48
89.36 79.42
90.99 79.362
92.65 79.305
94.33 79.249
96.05 79.194
97.8 79.139
99.58 79.085
101.39 79.032
103.23 78.979
105.11 78.927
107.03 78.876
108.97 78.825
110.96 78.775
112.98 78.723
115.03 78.672
117.13 78.619
119.26 78.564
121.43 78.505
123.64 78.442
125.89 78.374
128.18 78.303
130.51 78.23
132.89 78.155
135.31 78.081
137.77 78.01
140.28 77.941
142.83 77.874
145.43 77.809
148.07 77.746
150.77 77.684
153.51 77.623
156.31 77.561
159.15 77.495
162.05 77.426
165 77.352
168 77.273
171.06 77.191
174.17 77.108
177.34 77.023
180.57 76.938
183.86 76.854
187.2 76.772
190.61 76.692
194.08 76.612
197.61 76.532
201.21 76.451
204.87 76.368
208.6 76.283
212.39 76.195
216.26 76.107
220.19 76.018
224.2 75.931
228.28 75.847
232.44 75.768
236.67 75.692
240.97 75.616
245.36 75.541
249.82 75.467
254.37 75.392
259 75.318
263.71 75.245
268.51 75.172
273.4 75.099
278.38 75.023
283.44 74.944
288.6 74.862
293.85 74.775
299.2 74.686
304.65 74.595
310.19 74.505
315.84 74.42
321.59 74.341
327.44 74.269
333.4 74.205
339.47 74.144
345.64 74.089
351.93 74.036
358.34 73.981
364.86 73.922
371.5 73.856
378.26 73.782
385.15 73.706
392.16 73.631
399.29 73.56
406.56 73.493
413.96 73.43
421.49 73.37
429.16 73.313
436.97 73.259
444.93 73.211
453.02 73.167
461.27 73.128
469.66 73.096
478.21 73.071
486.91 73.057
495.78 73.052
504.8 73.057
513.99 73.071
523.34 73.092
532.87 73.122
542.56 73.158
552.44 73.201
562.49 73.246
572.73 73.294
583.15 73.343
593.77 73.395
604.57 73.447
615.57 73.497
626.78 73.546
638.18 73.593
649.8 73.636
661.63 73.676
673.67 73.716
685.93 73.759
698.41 73.806
711.12 73.858
724.06 73.913
737.24 73.966
750.66 74.014
764.32 74.054
778.23 74.086
792.39 74.113
806.82 74.138
821.5 74.164
836.45 74.198
851.67 74.241
867.17 74.292
882.96 74.353
899.02 74.421
915.39 74.498
932.05 74.584
949.01 74.679
966.28 74.782
983.87 74.893
1001.77 75.012
1020 75.138
1038.57 75.271
1057.47 75.41
1076.71 75.556
1096.31 75.708
1116.26 75.865
1136.58 76.028
1157.26 76.188
1178.32 76.346
1199.77 76.496
1221.6 76.638
1243.84 76.771
1266.47 76.897
1289.52 77.016
1312.99 77.127
1336.89 77.231
1361.22 77.333
1385.99 77.435
1411.22 77.542
1436.9 77.66
1463.05 77.791
1489.68 77.938
1516.79 78.098
1544.4 78.265
1572.5 78.435
1601.12 78.601
1630.26 78.759
1659.93 78.909
1690.14 79.053
1720.9 79.194
1752.22 79.33
1784.11 79.46
1816.58 79.588
1849.64 79.715
1883.3 79.842
1917.58 79.971
1952.48 80.104
1988.01 80.243
2024.19 80.387
2061.03 80.537
2098.54 80.688
2136.73 80.836
2175.62 80.978
2215.22 81.108
2255.53 81.224
2296.58 81.325
2338.38 81.418
2380.94 81.507
2424.27 81.596
2468.39 81.69
2513.31 81.788
2559.05 81.885
2605.63 81.981
2653.05 82.073
2701.33 82.165
2750.5 82.259
2800.55 82.36
2851.52 82.469
2903.42 82.581
2956.26 82.69
3010.06 82.786
3064.85 82.864
3120.62 82.92
3177.42 82.953
3235.25 82.96
3294.13 82.943
3354.08 82.906
3415.12 82.857
3477.27 82.802
3540.56 82.754
3605 82.721
3670.6 82.709
3737.41 82.717
3805.43 82.746
3874.68 82.794
3945.2 82.854
4017 82.922
4090.11 82.993
4164.55 83.061
4240.34 83.116
4317.51 83.151
4396.09 83.159
4476.1 83.136
4557.56 83.081
4640.5 82.992
4724.96 82.868
4810.95 82.707
4898.51 82.508
4987.66 82.271
5078.43 81.999
5170.86 81.697
5264.97 81.369
5360.79 81.023
5458.35 80.67
5557.69 80.313
5658.84 79.963
5761.82 79.628
5866.69 79.322
5973.46 79.052
6082.17 78.828
6192.87 78.657
6305.57 78.549
6420.33 78.513
6537.18 78.562
6656.15 78.705
6777.29 78.945
6900.63 79.277
7026.22 79.68
7154.1 80.121
7284.3 80.549
7416.87 80.905
7551.85 81.125
7689.29 81.161
7829.23 80.984
7971.72 80.592
8116.8 79.999
8264.53 79.231
8414.94 78.327
8568.09 77.328
8724.02 76.273
8882.79 75.199
9044.46 74.138
9209.06 73.119
9376.66 72.176
9547.31 71.343
9721.07 70.668
9897.99 70.207
10078.13 70.024
10261.55 70.177
10448.3 70.701
10638.45 71.6
10832.07 72.828
11029.21 74.3
11229.94 75.897
11434.32 77.468
11642.41 78.84
11854.3 79.827
12070.04 80.272
12289.71 80.101
12513.38 79.351
12741.12 78.167
12973 76.75
13209.1 75.305
13449.5 74.003
13694.28 72.957
13943.51 72.218
14197.27 71.779
14455.66 71.596
14718.74 71.584
14986.62 71.628
15259.37 71.608
15537.08 71.417
15819.85 70.997
16107.76 70.343
16400.92 69.49
16699.41 68.485
17003.33 67.356
17312.78 66.1
17627.86 64.683
17948.68 63.059
18275.34 61.2
18607.94 59.116
18946.6 56.864
19291.42 54.528
19642.52 52.181
20000 49.845