20 79.2
20.36 79.296
20.73 79.391
21.11 79.486
21.5 79.58
21.89 79.673
22.29 79.766
22.69 79.857
23.1 79.946
23.52 80.034
23.95 80.12
24.39 80.204
24.83 80.286
25.28 80.366
25.74 80.443
26.21 80.517
26.69 80.588
27.18 80.657
27.67 80.722
28.17 80.784
28.69 80.842
29.21 80.896
29.74 80.947
30.28 80.993
30.83 81.035
31.39 81.073
31.97 81.106
32.55 81.134
33.14 81.157
33.74 81.176
34.36 81.189
34.98 81.199
35.62 81.205
36.27 81.206
36.93 81.204
37.6 81.199
38.28 81.19
38.98 81.178
39.69 81.163
40.41 81.146
41.15 81.126
41.9 81.104
42.66 81.08
43.44 81.055
44.23 81.028
45.03 80.999
45.85 80.969
46.68 80.939
47.53 80.907
48.4 80.875
49.28 80.842
50.18 80.808
51.09 80.774
52.02 80.739
52.97 80.704
53.93 80.668
54.91 80.633
55.91 80.597
56.93 80.561
57.97 80.525
59.02 80.49
60.09 80.454
61.19 80.418
62.3 80.382
63.44 80.346
64.59 80.308
65.77 80.27
66.96 80.23
68.18 80.189
69.42 80.146
70.69 80.101
71.97 80.054
73.28 80.005
74.62 79.955
75.97 79.904
77.36 79.853
78.76 79.804
80.2 79.755
81.66 79.71
83.14 79.668
84.66 79.631
86.2 79.598
87.77 79.569
89.36 79.543
90.99 79.519
92.65 79.496
94.33 79.474
96.05 79.451
97.8 79.426
99.58 79.398
101.39 79.367
103.23 79.333
105.11 79.296
107.03 79.253
108.97 79.207
110.96 79.155
112.98 79.098
115.03 79.036
117.13 78.97
119.26 78.901
121.43 78.829
123.64 78.755
125.89 78.68
128.18 78.607
130.51 78.541
132.89 78.485
135.31 78.442
137.77 78.417
140.28 78.406
142.83 78.401
145.43 78.392
148.07 78.371
150.77 78.328
153.51 78.263
156.31 78.181
159.15 78.085
162.05 77.983
165 77.878
168 77.772
171.06 77.666
174.17 77.563
177.34 77.462
180.57 77.365
183.86 77.277
187.2 77.198
190.61 77.132
194.08 77.076
197.61 77.026
201.21 76.977
204.87 76.923
208.6 76.863
212.39 76.795
216.26 76.719
220.19 76.636
224.2 76.553
228.28 76.474
232.44 76.405
236.67 76.343
240.97 76.286
245.36 76.23
249.82 76.173
254.37 76.109
259 76.038
263.71 75.96
268.51 75.876
273.4 75.79
278.38 75.705
283.44 75.625
288.6 75.55
293.85 75.478
299.2 75.405
304.65 75.332
310.19 75.259
315.84 75.184
321.59 75.106
327.44 75.026
333.4 74.946
339.47 74.87
345.64 74.799
351.93 74.734
358.34 74.673
364.86 74.615
371.5 74.556
378.26 74.494
385.15 74.431
392.16 74.369
399.29 74.313
406.56 74.265
413.96 74.221
421.49 74.175
429.16 74.12
436.97 74.052
444.93 73.973
453.02 73.889
461.27 73.809
469.66 73.74
478.21 73.688
486.91 73.655
495.78 73.643
504.8 73.647
513.99 73.661
523.34 73.676
532.87 73.687
542.56 73.695
552.44 73.698
562.49 73.695
572.73 73.683
583.15 73.663
593.77 73.637
604.57 73.611
615.57 73.591
626.78 73.579
638.18 73.572
649.8 73.569
661.63 73.571
673.67 73.582
685.93 73.605
698.41 73.638
711.12 73.679
724.06 73.725
737.24 73.774
750.66 73.827
764.32 73.889
778.23 73.961
792.39 74.042
806.82 74.125
821.5 74.21
836.45 74.295
851.67 74.379
867.17 74.459
882.96 74.537
899.02 74.612
915.39 74.682
932.05 74.745
949.01 74.803
966.28 74.86
983.87 74.925
1001.77 75.008
1020 75.116
1038.57 75.25
1057.47 75.405
1076.71 75.571
1096.31 75.742
1116.26 75.916
1136.58 76.097
1157.26 76.281
1178.32 76.459
1199.77 76.62
1221.6 76.765
1243.84 76.898
1266.47 77.027
1289.52 77.161
1312.99 77.305
1336.89 77.462
1361.22 77.632
1385.99 77.805
1411.22 77.969
1436.9 78.115
1463.05 78.245
1489.68 78.363
1516.79 78.468
1544.4 78.558
1572.5 78.636
1601.12 78.704
1630.26 78.767
1659.93 78.827
1690.14 78.89
1720.9 78.959
1752.22 79.036
1784.11 79.115
1816.58 79.189
1849.64 79.251
1883.3 79.304
1917.58 79.354
1952.48 79.404
1988.01 79.451
2024.19 79.491
2061.03 79.521
2098.54 79.539
2136.73 79.545
2175.62 79.543
2215.22 79.539
2255.53 79.538
2296.58 79.537
2338.38 79.528
2380.94 79.507
2424.27 79.473
2468.39 79.431
2513.31 79.387
2559.05 79.349
2605.63 79.321
2653.05 79.303
2701.33 79.29
2750.5 79.279
2800.55 79.267
2851.52 79.254
2903.42 79.24
2956.26 79.223
3010.06 79.205
3064.85 79.192
3120.62 79.186
3177.42 79.19
3235.25 79.198
3294.13 79.2
3354.08 79.191
3415.12 79.166
3477.27 79.13
3540.56 79.09
3605 79.051
3670.6 79.01
3737.41 78.959
3805.43 78.889
3874.68 78.796
3945.2 78.671
4017 78.514
4090.11 78.331
4164.55 78.136
4240.34 77.944
4317.51 77.767
4396.09 77.613
4476.1 77.488
4557.56 77.39
4640.5 77.319
4724.96 77.278
4810.95 77.269
4898.51 77.3
4987.66 77.376
5078.43 77.507
5170.86 77.702
5264.97 77.975
5360.79 78.335
5458.35 78.783
5557.69 79.319
5658.84 79.931
5761.82 80.59
5866.69 81.253
5973.46 81.864
6082.17 82.368
6192.87 82.718
6305.57 82.887
6420.33 82.873
6537.18 82.698
6656.15 82.402
6777.29 82.029
6900.63 81.621
7026.22 81.207
7154.1 80.805
7284.3 80.421
7416.87 80.058
7551.85 79.72
7689.29 79.408
7829.23 79.119
7971.72 78.849
8116.8 78.597
8264.53 78.362
8414.94 78.148
8568.09 77.952
8724.02 77.767
8882.79 77.591
9044.46 77.42
9209.06 77.248
9376.66 77.068
9547.31 76.875
9721.07 76.666
9897.99 76.448
10078.13 76.23
10261.55 76.027
10448.3 75.854
10638.45 75.721
10832.07 75.634
11029.21 75.591
11229.94 75.586
11434.32 75.615
11642.41 75.67
11854.3 75.743
12070.04 75.823
12289.71 75.902
12513.38 75.971
12741.12 76.024
12973 76.053
13209.1 76.053
13449.5 76.017
13694.28 75.942
13943.51 75.829
14197.27 75.687
14455.66 75.528
14718.74 75.366
14986.62 75.209
15259.37 75.054
15537.08 74.887
15819.85 74.688
16107.76 74.442
16400.92 74.139
16699.41 73.783
17003.33 73.386
17312.78 72.962
17627.86 72.52
17948.68 72.059
18275.34 71.576
18607.94 71.067
18946.6 70.537
19291.42 70.001
19642.52 69.469
20000 68.941