20 83.887
20.36 83.905
20.73 83.924
21.11 83.942
21.5 83.96
21.89 83.978
22.29 83.995
22.69 84.012
23.1 84.029
23.52 84.045
23.95 84.06
24.39 84.074
24.83 84.088
25.28 84.101
25.74 84.113
26.21 84.124
26.69 84.135
27.18 84.144
27.67 84.152
28.17 84.159
28.69 84.164
29.21 84.169
29.74 84.171
30.28 84.173
30.83 84.173
31.39 84.171
31.97 84.168
32.55 84.163
33.14 84.156
33.74 84.148
34.36 84.137
34.98 84.125
35.62 84.111
36.27 84.094
36.93 84.075
37.6 84.054
38.28 84.03
38.98 84.004
39.69 83.975
40.41 83.944
41.15 83.91
41.9 83.873
42.66 83.833
43.44 83.79
44.23 83.744
45.03 83.695
45.85 83.642
46.68 83.587
47.53 83.529
48.4 83.468
49.28 83.406
50.18 83.342
51.09 83.278
52.02 83.212
52.97 83.147
53.93 83.082
54.91 83.017
55.91 82.953
56.93 82.89
57.97 82.83
59.02 82.771
60.09 82.714
61.19 82.658
62.3 82.6
63.44 82.541
64.59 82.478
65.77 82.41
66.96 82.337
68.18 82.256
69.42 82.167
70.69 82.069
71.97 81.96
73.28 81.839
74.62 81.709
75.97 81.572
77.36 81.43
78.76 81.287
80.2 81.144
81.66 81.004
83.14 80.869
84.66 80.742
86.2 80.624
87.77 80.514
89.36 80.409
90.99 80.308
92.65 80.207
94.33 80.105
96.05 79.998
97.8 79.886
99.58 79.766
101.39 79.641
103.23 79.513
105.11 79.384
107.03 79.259
108.97 79.138
110.96 79.026
112.98 78.922
115.03 78.827
117.13 78.738
119.26 78.651
121.43 78.565
123.64 78.478
125.89 78.387
128.18 78.293
130.51 78.196
132.89 78.097
135.31 77.998
137.77 77.899
140.28 77.8
142.83 77.703
145.43 77.61
148.07 77.522
150.77 77.438
153.51 77.361
156.31 77.289
159.15 77.22
162.05 77.155
165 77.092
168 77.031
171.06 76.973
174.17 76.916
177.34 76.861
180.57 76.808
183.86 76.758
187.2 76.714
190.61 76.675
194.08 76.644
197.61 76.619
201.21 76.602
204.87 76.592
208.6 76.586
212.39 76.584
216.26 76.584
220.19 76.586
224.2 76.587
228.28 76.587
232.44 76.585
236.67 76.581
240.97 76.572
245.36 76.558
249.82 76.54
254.37 76.52
259 76.499
263.71 76.478
268.51 76.457
273.4 76.434
278.38 76.411
283.44 76.386
288.6 76.361
293.85 76.337
299.2 76.316
304.65 76.298
310.19 76.283
315.84 76.267
321.59 76.249
327.44 76.229
333.4 76.205
339.47 76.18
345.64 76.157
351.93 76.139
358.34 76.124
364.86 76.11
371.5 76.091
378.26 76.069
385.15 76.042
392.16 76.012
399.29 75.981
406.56 75.948
413.96 75.915
421.49 75.881
429.16 75.843
436.97 75.803
444.93 75.76
453.02 75.718
461.27 75.676
469.66 75.635
478.21 75.593
486.91 75.549
495.78 75.505
504.8 75.46
513.99 75.415
523.34 75.369
532.87 75.326
542.56 75.285
552.44 75.244
562.49 75.202
572.73 75.154
583.15 75.102
593.77 75.044
604.57 74.984
615.57 74.922
626.78 74.861
638.18 74.803
649.8 74.749
661.63 74.697
673.67 74.647
685.93 74.601
698.41 74.558
711.12 74.516
724.06 74.473
737.24 74.431
750.66 74.389
764.32 74.348
778.23 74.314
792.39 74.29
806.82 74.278
821.5 74.279
836.45 74.292
851.67 74.318
867.17 74.356
882.96 74.409
899.02 74.475
915.39 74.551
932.05 74.635
949.01 74.726
966.28 74.82
983.87 74.915
1001.77 75.009
1020 75.104
1038.57 75.199
1057.47 75.295
1076.71 75.392
1096.31 75.492
1116.26 75.596
1136.58 75.703
1157.26 75.81
1178.32 75.917
1199.77 76.021
1221.6 76.124
1243.84 76.225
1266.47 76.328
1289.52 76.433
1312.99 76.539
1336.89 76.643
1361.22 76.743
1385.99 76.839
1411.22 76.932
1436.9 77.025
1463.05 77.12
1489.68 77.219
1516.79 77.326
1544.4 77.446
1572.5 77.578
1601.12 77.723
1630.26 77.88
1659.93 78.046
1690.14 78.219
1720.9 78.397
1752.22 78.576
1784.11 78.756
1816.58 78.939
1849.64 79.128
1883.3 79.325
1917.58 79.528
1952.48 79.735
1988.01 79.942
2024.19 80.145
2061.03 80.341
2098.54 80.529
2136.73 80.71
2175.62 80.885
2215.22 81.054
2255.53 81.216
2296.58 81.37
2338.38 81.511
2380.94 81.636
2424.27 81.742
2468.39 81.828
2513.31 81.895
2559.05 81.946
2605.63 81.987
2653.05 82.024
2701.33 82.061
2750.5 82.1
2800.55 82.135
2851.52 82.164
2903.42 82.18
2956.26 82.18
3010.06 82.164
3064.85 82.13
3120.62 82.079
3177.42 82.014
3235.25 81.937
3294.13 81.855
3354.08 81.77
3415.12 81.685
3477.27 81.601
3540.56 81.521
3605 81.445
3670.6 81.372
3737.41 81.3
3805.43 81.227
3874.68 81.146
3945.2 81.055
4017 80.948
4090.11 80.827
4164.55 80.689
4240.34 80.536
4317.51 80.37
4396.09 80.193
4476.1 80.004
4557.56 79.8
4640.5 79.579
4724.96 79.34
4810.95 79.088
4898.51 78.828
4987.66 78.567
5078.43 78.31
5170.86 78.068
5264.97 77.849
5360.79 77.664
5458.35 77.524
5557.69 77.441
5658.84 77.429
5761.82 77.498
5866.69 77.655
5973.46 77.903
6082.17 78.237
6192.87 78.644
6305.57 79.098
6420.33 79.559
6537.18 79.98
6656.15 80.316
6777.29 80.538
6900.63 80.641
7026.22 80.634
7154.1 80.534
7284.3 80.356
7416.87 80.104
7551.85 79.771
7689.29 79.35
7829.23 78.836
7971.72 78.235
8116.8 77.557
8264.53 76.823
8414.94 76.057
8568.09 75.282
8724.02 74.518
8882.79 73.783
9044.46 73.097
9209.06 72.483
9376.66 71.967
9547.31 71.58
9721.07 71.347
9897.99 71.285
10078.13 71.394
10261.55 71.653
10448.3 72.023
10638.45 72.446
10832.07 72.855
11029.21 73.19
11229.94 73.413
11434.32 73.537
11642.41 73.618
11854.3 73.747
12070.04 74.014
12289.71 74.473
12513.38 75.12
12741.12 75.884
12973 76.669
13209.1 77.387
13449.5 77.992
13694.28 78.474
13943.51 78.829
14197.27 79.022
14455.66 78.983
14718.74 78.62
14986.62 77.884
15259.37 76.821
15537.08 75.583
15819.85 74.361
16107.76 73.299
16400.92 72.451
16699.41 71.767
17003.33 71.14
17312.78 70.478
17627.86 69.763
17948.68 69.029
18275.34 68.301
18607.94 67.582
18946.6 66.869
19291.42 66.165
19642.52 65.47
20000 64.779