20 83.764
20.36 83.811
20.73 83.858
21.11 83.905
21.5 83.952
21.89 83.998
22.29 84.042
22.69 84.086
23.1 84.129
23.52 84.172
23.95 84.212
24.39 84.252
24.83 84.29
25.28 84.326
25.74 84.361
26.21 84.394
26.69 84.425
27.18 84.454
27.67 84.48
28.17 84.505
28.69 84.527
29.21 84.546
29.74 84.563
30.28 84.577
30.83 84.589
31.39 84.597
31.97 84.602
32.55 84.603
33.14 84.602
33.74 84.597
34.36 84.588
34.98 84.577
35.62 84.561
36.27 84.543
36.93 84.52
37.6 84.495
38.28 84.465
38.98 84.433
39.69 84.397
40.41 84.357
41.15 84.314
41.9 84.267
42.66 84.217
43.44 84.163
44.23 84.106
45.03 84.045
45.85 83.98
46.68 83.912
47.53 83.841
48.4 83.767
49.28 83.691
50.18 83.613
51.09 83.533
52.02 83.453
52.97 83.371
53.93 83.29
54.91 83.208
55.91 83.126
56.93 83.045
57.97 82.966
59.02 82.887
60.09 82.811
61.19 82.734
62.3 82.657
63.44 82.58
64.59 82.501
65.77 82.419
66.96 82.335
68.18 82.246
69.42 82.154
70.69 82.056
71.97 81.953
73.28 81.843
74.62 81.728
75.97 81.609
77.36 81.487
78.76 81.362
80.2 81.236
81.66 81.11
83.14 80.986
84.66 80.863
86.2 80.743
87.77 80.626
89.36 80.511
90.99 80.4
92.65 80.29
94.33 80.183
96.05 80.078
97.8 79.975
99.58 79.873
101.39 79.772
103.23 79.67
105.11 79.565
107.03 79.457
108.97 79.342
110.96 79.221
112.98 79.093
115.03 78.958
117.13 78.819
119.26 78.676
121.43 78.532
123.64 78.388
125.89 78.246
128.18 78.105
130.51 77.967
132.89 77.831
135.31 77.699
137.77 77.569
140.28 77.443
142.83 77.318
145.43 77.197
148.07 77.078
150.77 76.96
153.51 76.843
156.31 76.721
159.15 76.591
162.05 76.451
165 76.298
168 76.137
171.06 75.973
174.17 75.814
177.34 75.666
180.57 75.531
183.86 75.411
187.2 75.306
190.61 75.218
194.08 75.144
197.61 75.081
201.21 75.024
204.87 74.969
208.6 74.915
212.39 74.862
216.26 74.807
220.19 74.755
224.2 74.707
228.28 74.668
232.44 74.641
236.67 74.623
240.97 74.611
245.36 74.601
249.82 74.59
254.37 74.574
259 74.551
263.71 74.519
268.51 74.48
273.4 74.434
278.38 74.382
283.44 74.326
288.6 74.267
293.85 74.207
299.2 74.146
304.65 74.084
310.19 74.021
315.84 73.961
321.59 73.907
327.44 73.863
333.4 73.83
339.47 73.809
345.64 73.8
351.93 73.801
358.34 73.81
364.86 73.824
371.5 73.839
378.26 73.853
385.15 73.867
392.16 73.88
399.29 73.89
406.56 73.896
413.96 73.894
421.49 73.886
429.16 73.872
436.97 73.856
444.93 73.839
453.02 73.824
461.27 73.815
469.66 73.813
478.21 73.819
486.91 73.833
495.78 73.855
504.8 73.883
513.99 73.914
523.34 73.945
532.87 73.972
542.56 73.99
552.44 73.997
562.49 73.989
572.73 73.971
583.15 73.947
593.77 73.923
604.57 73.899
615.57 73.881
626.78 73.868
638.18 73.861
649.8 73.857
661.63 73.858
673.67 73.868
685.93 73.888
698.41 73.919
711.12 73.959
724.06 74.003
737.24 74.049
750.66 74.088
764.32 74.12
778.23 74.145
792.39 74.168
806.82 74.192
821.5 74.223
836.45 74.264
851.67 74.313
867.17 74.369
882.96 74.432
899.02 74.502
915.39 74.58
932.05 74.664
949.01 74.75
966.28 74.837
983.87 74.923
1001.77 75.008
1020 75.096
1038.57 75.188
1057.47 75.283
1076.71 75.385
1096.31 75.499
1116.26 75.626
1136.58 75.771
1157.26 75.93
1178.32 76.096
1199.77 76.257
1221.6 76.405
1243.84 76.54
1266.47 76.665
1289.52 76.78
1312.99 76.884
1336.89 76.983
1361.22 77.082
1385.99 77.186
1411.22 77.298
1436.9 77.418
1463.05 77.545
1489.68 77.674
1516.79 77.803
1544.4 77.93
1572.5 78.055
1601.12 78.179
1630.26 78.302
1659.93 78.434
1690.14 78.58
1720.9 78.745
1752.22 78.928
1784.11 79.124
1816.58 79.325
1849.64 79.525
1883.3 79.719
1917.58 79.91
1952.48 80.103
1988.01 80.301
2024.19 80.509
2061.03 80.725
2098.54 80.944
2136.73 81.16
2175.62 81.371
2215.22 81.575
2255.53 81.771
2296.58 81.95
2338.38 82.106
2380.94 82.236
2424.27 82.338
2468.39 82.409
2513.31 82.453
2559.05 82.469
2605.63 82.458
2653.05 82.424
2701.33 82.372
2750.5 82.308
2800.55 82.233
2851.52 82.151
2903.42 82.06
2956.26 81.958
3010.06 81.843
3064.85 81.719
3120.62 81.593
3177.42 81.476
3235.25 81.376
3294.13 81.294
3354.08 81.233
3415.12 81.191
3477.27 81.171
3540.56 81.175
3605 81.208
3670.6 81.274
3737.41 81.374
3805.43 81.509
3874.68 81.676
3945.2 81.873
4017 82.098
4090.11 82.347
4164.55 82.616
4240.34 82.896
4317.51 83.168
4396.09 83.413
4476.1 83.616
4557.56 83.759
4640.5 83.826
4724.96 83.802
4810.95 83.678
4898.51 83.451
4987.66 83.123
5078.43 82.705
5170.86 82.213
5264.97 81.672
5360.79 81.112
5458.35 80.565
5557.69 80.067
5658.84 79.642
5761.82 79.308
5866.69 79.073
5973.46 78.936
6082.17 78.881
6192.87 78.879
6305.57 78.891
6420.33 78.869
6537.18 78.77
6656.15 78.565
6777.29 78.25
6900.63 77.844
7026.22 77.389
7154.1 76.933
7284.3 76.522
7416.87 76.188
7551.85 75.946
7689.29 75.791
7829.23 75.7
7971.72 75.638
8116.8 75.564
8264.53 75.448
8414.94 75.275
8568.09 75.051
8724.02 74.802
8882.79 74.559
9044.46 74.352
9209.06 74.194
9376.66 74.076
9547.31 73.968
9721.07 73.826
9897.99 73.603
10078.13 73.256
10261.55 72.76
10448.3 72.107
10638.45 71.314
10832.07 70.427
11029.21 69.521
11229.94 68.691
11434.32 68.033
11642.41 67.622
11854.3 67.5
12070.04 67.666
12289.71 68.083
12513.38 68.687
12741.12 69.398
12973 70.145
13209.1 70.877
13449.5 71.586
13694.28 72.283
13943.51 72.977
14197.27 73.642
14455.66 74.196
14718.74 74.513
14986.62 74.459
15259.37 73.957
15537.08 73.016
15819.85 71.725
16107.76 70.229
16400.92 68.689
16699.41 67.23
17003.33 65.908
17312.78 64.731
17627.86 63.689
17948.68 62.773
18275.34 61.968
18607.94 61.26
18946.6 60.627
19291.42 60.05
19642.52 59.508
20000 58.978