20 84.128
20.36 84.121
20.73 84.115
21.11 84.108
21.5 84.102
21.89 84.095
22.29 84.088
22.69 84.081
23.1 84.074
23.52 84.066
23.95 84.058
24.39 84.049
24.83 84.041
25.28 84.031
25.74 84.021
26.21 84.011
26.69 84
27.18 83.988
27.67 83.976
28.17 83.963
28.69 83.949
29.21 83.935
29.74 83.92
30.28 83.904
30.83 83.888
31.39 83.87
31.97 83.852
32.55 83.832
33.14 83.812
33.74 83.791
34.36 83.768
34.98 83.744
35.62 83.72
36.27 83.693
36.93 83.666
37.6 83.636
38.28 83.605
38.98 83.572
39.69 83.538
40.41 83.502
41.15 83.464
41.9 83.424
42.66 83.381
43.44 83.337
44.23 83.29
45.03 83.242
45.85 83.19
46.68 83.137
47.53 83.082
48.4 83.025
49.28 82.968
50.18 82.91
51.09 82.851
52.02 82.793
52.97 82.736
53.93 82.68
54.91 82.625
55.91 82.572
56.93 82.521
57.97 82.473
59.02 82.428
60.09 82.385
61.19 82.344
62.3 82.304
63.44 82.262
64.59 82.219
65.77 82.172
66.96 82.122
68.18 82.066
69.42 82.003
70.69 81.934
71.97 81.855
73.28 81.768
74.62 81.672
75.97 81.571
77.36 81.465
78.76 81.356
80.2 81.246
81.66 81.137
83.14 81.03
84.66 80.928
86.2 80.831
87.77 80.738
89.36 80.649
90.99 80.563
92.65 80.479
94.33 80.397
96.05 80.314
97.8 80.231
99.58 80.147
101.39 80.062
103.23 79.977
105.11 79.892
107.03 79.809
108.97 79.729
110.96 79.65
112.98 79.575
115.03 79.502
117.13 79.43
119.26 79.357
121.43 79.283
123.64 79.205
125.89 79.123
128.18 79.036
130.51 78.947
132.89 78.854
135.31 78.757
137.77 78.658
140.28 78.558
142.83 78.459
145.43 78.362
148.07 78.269
150.77 78.183
153.51 78.103
156.31 78.028
159.15 77.955
162.05 77.883
165 77.811
168 77.738
171.06 77.666
174.17 77.595
177.34 77.525
180.57 77.456
183.86 77.388
187.2 77.32
190.61 77.252
194.08 77.184
197.61 77.116
201.21 77.048
204.87 76.981
208.6 76.914
212.39 76.847
216.26 76.78
220.19 76.712
224.2 76.644
228.28 76.574
232.44 76.501
236.67 76.428
240.97 76.354
245.36 76.28
249.82 76.207
254.37 76.135
259 76.063
263.71 75.993
268.51 75.925
273.4 75.86
278.38 75.798
283.44 75.738
288.6 75.679
293.85 75.622
299.2 75.567
304.65 75.514
310.19 75.464
315.84 75.416
321.59 75.368
327.44 75.319
333.4 75.271
339.47 75.225
345.64 75.182
351.93 75.146
358.34 75.113
364.86 75.082
371.5 75.05
378.26 75.014
385.15 74.977
392.16 74.937
399.29 74.899
406.56 74.862
413.96 74.824
421.49 74.787
429.16 74.749
436.97 74.71
444.93 74.673
453.02 74.636
461.27 74.601
469.66 74.569
478.21 74.538
486.91 74.512
495.78 74.49
504.8 74.472
513.99 74.459
523.34 74.449
532.87 74.442
542.56 74.438
552.44 74.435
562.49 74.432
572.73 74.429
583.15 74.422
593.77 74.414
604.57 74.401
615.57 74.385
626.78 74.367
638.18 74.347
649.8 74.328
661.63 74.31
673.67 74.292
685.93 74.279
698.41 74.27
711.12 74.266
724.06 74.267
737.24 74.269
750.66 74.274
764.32 74.282
778.23 74.291
792.39 74.303
806.82 74.315
821.5 74.33
836.45 74.35
851.67 74.378
867.17 74.415
882.96 74.46
899.02 74.513
915.39 74.574
932.05 74.643
949.01 74.72
966.28 74.806
983.87 74.901
1001.77 75.011
1020 75.136
1038.57 75.279
1057.47 75.443
1076.71 75.631
1096.31 75.842
1116.26 76.075
1136.58 76.328
1157.26 76.595
1178.32 76.872
1199.77 77.151
1221.6 77.423
1243.84 77.685
1266.47 77.937
1289.52 78.178
1312.99 78.406
1336.89 78.621
1361.22 78.826
1385.99 79.018
1411.22 79.198
1436.9 79.365
1463.05 79.518
1489.68 79.661
1516.79 79.794
1544.4 79.922
1572.5 80.046
1601.12 80.164
1630.26 80.277
1659.93 80.384
1690.14 80.486
1720.9 80.586
1752.22 80.684
1784.11 80.782
1816.58 80.877
1849.64 80.968
1883.3 81.053
1917.58 81.131
1952.48 81.199
1988.01 81.256
2024.19 81.3
2061.03 81.33
2098.54 81.348
2136.73 81.358
2175.62 81.36
2215.22 81.354
2255.53 81.338
2296.58 81.309
2338.38 81.261
2380.94 81.195
2424.27 81.108
2468.39 81.004
2513.31 80.884
2559.05 80.754
2605.63 80.616
2653.05 80.473
2701.33 80.331
2750.5 80.196
2800.55 80.074
2851.52 79.969
2903.42 79.88
2956.26 79.805
3010.06 79.738
3064.85 79.678
3120.62 79.621
3177.42 79.568
3235.25 79.519
3294.13 79.473
3354.08 79.432
3415.12 79.4
3477.27 79.378
3540.56 79.373
3605 79.392
3670.6 79.44
3737.41 79.519
3805.43 79.628
3874.68 79.764
3945.2 79.92
4017 80.084
4090.11 80.236
4164.55 80.348
4240.34 80.395
4317.51 80.352
4396.09 80.199
4476.1 79.929
4557.56 79.537
4640.5 79.027
4724.96 78.412
4810.95 77.704
4898.51 76.927
4987.66 76.112
5078.43 75.301
5170.86 74.547
5264.97 73.907
5360.79 73.437
5458.35 73.185
5557.69 73.178
5658.84 73.408
5761.82 73.826
5866.69 74.345
5973.46 74.848
6082.17 75.215
6192.87 75.36
6305.57 75.248
6420.33 74.899
6537.18 74.381
6656.15 73.781
6777.29 73.186
6900.63 72.662
7026.22 72.255
7154.1 71.992
7284.3 71.883
7416.87 71.928
7551.85 72.118
7689.29 72.44
7829.23 72.877
7971.72 73.406
8116.8 73.999
8264.53 74.62
8414.94 75.223
8568.09 75.754
8724.02 76.163
8882.79 76.408
9044.46 76.477
9209.06 76.383
9376.66 76.169
9547.31 75.891
9721.07 75.609
9897.99 75.375
10078.13 75.219
10261.55 75.145
10448.3 75.126
10638.45 75.114
10832.07 75.055
11029.21 74.904
11229.94 74.634
11434.32 74.238
11642.41 73.717
11854.3 73.086
12070.04 72.367
12289.71 71.604
12513.38 70.855
12741.12 70.185
12973 69.661
13209.1 69.331
13449.5 69.223
13694.28 69.334
13943.51 69.632
14197.27 70.051
14455.66 70.498
14718.74 70.857
14986.62 71.009
15259.37 70.872
15537.08 70.422
15819.85 69.701
16107.76 68.797
16400.92 67.815
16699.41 66.859
17003.33 66.006
17312.78 65.297
17627.86 64.725
17948.68 64.243
18275.34 63.785
18607.94 63.287
18946.6 62.709
19291.42 62.055
19642.52 61.358
20000 60.649