20 87.95
20.2909066988 87.97
20.5860447329 87.98
20.8854756485 87.99
21.1892618872 88.00
21.4974667984 88.01
21.8101546533 88.03
22.1273906578 88.05
22.4492409662 88.07
22.7757726951 88.10
23.1070539374 88.13
23.4431537764 88.17
23.7841423001 88.21
24.130090616 88.27
24.4810708661 88.33
24.8371562415 88.39
25.1984209979 88.44
25.5649404712 88.48
25.936791093 88.52
26.3140504067 88.54
26.6967970834 88.55
27.0851109387 88.55
27.4790729492 88.56
27.878765269 88.58
28.2842712475 88.60
28.6956754462 88.63
29.1130636568 88.65
29.5365229188 88.67
29.9661415375 88.67
30.402009103 88.67
30.8442165082 88.66
31.2928559682 88.65
31.7480210394 88.65
32.209806639 88.65
32.6783090648 88.67
33.1536260154 88.68
33.6358566101 88.69
34.1251014105 88.66
34.6214624402 88.61
35.1250432075 88.54
35.6359487256 88.47
36.1542855356 88.43
36.6801617282 88.43
37.2136869661 88.44
37.7549725073 88.44
38.3041312279 88.43
38.8612776461 88.42
39.4265279456 88.43
40 88.43
40.5818133975 88.43
41.1720894657 88.43
41.7709512971 88.46
42.3785237744 88.49
42.9949335968 88.49
43.6203093066 88.48
44.2547813156 88.48
44.8984819324 88.49
45.5515453903 88.47
46.2141078749 88.44
46.8863075528 88.44
47.5682846001 88.45
48.260181232 88.44
48.9621417322 88.42
49.6743124829 88.41
50.3968419958 88.42
51.1298809424 88.44
51.873582186 88.46
52.6281008133 88.49
53.3935941668 88.51
54.1702218775 88.51
54.9581458983 88.49
55.757530538 88.46
56.5685424949 88.44
57.3913508924 88.43
58.2261273137 88.43
59.0730458376 88.43
59.9322830751 88.43
60.804018206 88.43
61.6884330163 88.42
62.5857119363 88.41
63.4960420787 88.40
64.419613278 88.40
65.3566181296 88.40
66.3072520307 88.39
67.2717132203 88.38
68.2502028209 88.36
69.2429248805 88.35
70.2500864149 88.34
71.2718974512 88.33
72.3085710713 88.31
73.3603234564 88.31
74.4273739322 88.31
75.5099450145 88.30
76.6082624559 88.29
77.7225552923 88.28
78.8530558912 88.27
80 88.26
81.163626795 88.26
82.3441789315 88.24
83.5419025942 88.23
84.7570475487 88.23
85.9898671937 88.21
87.2406186132 88.20
88.5095626311 88.19
89.7969638648 88.18
91.1030907805 88.17
92.4282157498 88.15
93.7726151055 88.14
95.1365692002 88.14
96.520362464 88.12
97.9242834644 88.11
99.3486249659 88.09
100.7936839916 88.09
102.2597618848 88.08
103.7471643721 88.06
105.2562016267 88.04
106.7871883336 88.02
108.340443755 88.01
109.9162917966 88.00
111.5150610759 87.99
113.1370849898 87.96
114.7827017849 87.93
116.4522546274 87.90
118.1460916752 87.86
119.8645661501 87.84
121.6080364119 87.83
123.3768660326 87.85
125.1714238726 87.90
126.9920841575 87.97
128.8392265559 88.01
130.7132362593 88.02
132.6145040614 88.02
134.5434264406 88.00
136.5004056418 87.97
138.485849761 87.94
140.5001728299 87.93
142.5437949025 87.91
144.6171421426 87.88
146.7206469127 87.85
148.8547478643 87.83
151.0198900291 87.82
153.2165249118 87.80
155.4451105846 87.77
157.7061117824 87.74
160 87.71
162.32725359 87.69
164.688357863 87.69
167.0838051884 87.71
169.5140950975 87.72
171.9797343873 87.73
174.4812372264 87.74
177.0191252622 87.75
179.5939277295 87.75
182.2061815611 87.76
184.8564314996 87.77
187.5452302111 87.78
190.2731384004 87.79
193.0407249281 87.78
195.8485669287 87.76
198.6972499318 87.73
201.5873679832 87.71
204.5195237697 87.70
207.4943287442 87.69
210.5124032534 87.67
213.5743766672 87.65
216.6808875099 87.62
219.8325835933 87.60
223.0301221518 87.61
226.2741699797 87.62
229.5654035698 87.62
232.9045092548 87.59
236.2921833503 87.54
239.7291323003 87.48
243.2160728239 87.42
246.7537320653 87.37
250.3428477452 87.31
253.9841683149 87.25
257.6784531119 87.19
261.4264725186 87.13
265.2290081229 87.08
269.0868528812 87.04
273.0008112836 87.02
276.971699522 87.00
281.0003456597 86.97
285.0875898049 86.92
289.2342842852 86.92
293.4412938255 86.93
297.7094957287 86.95
302.0397800581 86.97
306.4330498235 86.96
310.8902211692 86.93
315.4122235649 86.90
320 86.86
324.65450718 86.82
329.3767157259 86.78
334.1676103768 86.75
339.028190195 86.71
343.9594687746 86.67
348.9624744529 86.63
354.0382505244 86.60
359.187855459 86.57
364.4123631221 86.56
369.7128629991 86.56
375.0904604222 86.57
380.5462768009 86.57
386.0814498562 86.57
391.6971338575 86.54
397.3944998635 86.51
403.1747359664 86.48
409.0390475393 86.45
414.9886574883 86.41
421.0248065068 86.38
427.1487533344 86.34
433.3617750198 86.30
439.6651671866 86.27
446.0602443037 86.23
452.5483399594 86.19
459.1308071395 86.16
465.8090185095 86.12
472.5843667007 86.09
479.4582646005 86.06
486.4321456477 86.02
493.5074641306 85.99
500.6856954905 85.95
507.9683366298 85.91
515.3569062238 85.88
522.8529450372 85.84
530.4580162458 85.81
538.1737057624 85.77
546.0016225673 85.74
553.9433990439 85.71
562.0006913195 85.67
570.1751796098 85.64
578.4685685703 85.60
586.882587651 85.57
595.4189914574 85.54
604.0795601163 85.50
612.8660996471 85.47
621.7804423383 85.44
630.8244471297 85.41
640 85.38
649.30901436 85.35
658.7534314519 85.32
668.3352207536 85.29
678.05638039 85.26
687.9189375493 85.24
697.9249489058 85.21
708.0765010489 85.18
718.375710918 85.16
728.8247262443 85.14
739.4257259983 85.13
750.1809208443 85.11
761.0925536018 85.10
772.1628997124 85.09
783.394267715 85.08
794.7889997271 85.07
806.3494719327 85.07
818.0780950787 85.08
829.9773149767 85.08
842.0496130136 85.09
854.2975066688 85.11
866.7235500396 85.13
879.3303343732 85.16
892.1204886074 85.19
905.0966799188 85.23
918.2616142791 85.27
931.618037019 85.32
945.1687334013 85.38
958.9165292011 85.44
972.8642912955 85.50
987.0149282611 85.58
1001.371390981 85.65
1015.9366732597 85.73
1030.7138124476 85.81
1045.7058900743 85.90
1060.9160324916 85.98
1076.3474115248 86.07
1092.0032451345 86.16
1107.8867980879 86.25
1124.0013826389 86.34
1140.3503592197 86.42
1156.9371371406 86.51
1173.765175302 86.59
1190.8379829148 86.66
1208.1591202326 86.74
1225.7321992942 86.81
1243.5608846767 86.87
1261.6488942595 86.94
1280 86.99
1298.6180287201 87.05
1317.5068629037 87.10
1336.6704415071 87.14
1356.1127607799 87.19
1375.8378750985 87.23
1395.8498978116 87.26
1416.1530020977 87.30
1436.751421836 87.33
1457.6494524886 87.36
1478.8514519966 87.39
1500.3618416887 87.42
1522.1851072035 87.45
1544.3257994247 87.49
1566.78853543 87.56
1589.5779994541 87.66
1612.6989438655 87.77
1636.1561901574 87.86
1659.9546299533 87.92
1684.0992260271 87.97
1708.5950133377 88.02
1733.4471000793 88.07
1758.6606687464 88.12
1784.2409772148 88.19
1810.1933598376 88.25
1836.5232285581 88.33
1863.2360740381 88.42
1890.3374668026 88.57
1917.8330584022 88.75
1945.7285825909 88.93
1974.0298565222 89.08
2002.742781962 89.20
2031.8733465194 89.32
2061.4276248951 89.45
2091.4117801487 89.56
2121.8320649832 89.63
2152.6948230496 89.74
2184.0064902691 89.89
2215.7735961758 90.13
2248.0027652779 90.38
2280.7007184393 90.62
2313.8742742813 90.85
2347.530350604 91.06
2381.6759658296 91.24
2416.3182404652 91.38
2451.4643985884 91.46
2487.1217693533 91.56
2523.297788519 91.68
2560.0000000001 91.82
2597.2360574402 91.94
2635.0137258074 92.05
2673.3408830143 92.15
2712.2255215599 92.24
2751.6757501971 92.33
2791.6997956232 92.42
2832.3060041955 92.52
2873.5028436721 92.60
2915.2989049772 92.66
2957.7029039931 92.69
3000.7236833774 92.68
3044.3702144071 92.63
3088.6515988494 92.55
3133.57707086 92.45
3179.1559989082 92.35
3225.397887731 92.24
3272.3123803148 92.12
3319.9092599067 91.95
3368.1984520542 91.71
3417.1900266754 91.37
3466.8942001586 90.94
3517.3213374928 90.46
3568.4819544296 89.93
3620.3867196753 89.38
3673.0464571163 88.83
3726.4721480761 88.29
3780.6749336053 87.77
3835.6661168044 87.28
3891.4571651819 86.85
3948.0597130445 86.44
4005.4855639241 86.12
4063.7466930387 85.87
4122.8552497902 85.71
4182.8235602974 85.65
4243.6641299665 85.68
4305.3896460992 85.81
4368.0129805382 86.03
4431.5471923516 86.34
4496.0055305558 86.72
4561.4014368787 87.17
4627.7485485626 87.65
4695.0607012081 88.15
4763.3519316592 88.66
4832.6364809305 89.15
4902.9287971769 89.63
4974.2435387067 90.13
5046.595577038 90.65
5120.0000000002 91.17
5194.4721148803 91.68
5270.0274516149 92.15
5346.6817660286 92.56
5424.4510431198 92.88
5503.3515003942 93.10
5583.3995912463 93.19
5664.6120083911 93.14
5747.0056873442 92.96
5830.5978099545 92.65
5915.4058079863 92.23
6001.4473667548 91.72
6088.7404288142 91.15
6177.3031976989 90.56
6267.1541417201 89.96
6358.3119978165 89.37
6450.795775462 88.80
6544.6247606297 88.27
6639.8185198134 87.78
6736.3969041085 87.37
6834.3800533509 87.04
6933.7884003172 86.83
7034.6426749857 86.75
7136.9639088592 86.84
7240.7734393506 87.09
7346.0929142326 87.52
7452.9442961523 88.13
7561.3498672106 88.91
7671.3322336089 89.86
7782.9143303638 90.92
7896.119426089 92.03
8010.9711278481 92.99
8127.4933860775 93.48
8245.7104995805 93.25
8365.6471205948 92.22
8487.328259933 90.66
8610.7792921984 88.83
8736.0259610765 87.00
8863.0943847033 85.30
8992.0110611117 83.79
9122.8028737575 82.47
9255.4970971253 81.34
9390.1214024162 80.36
9526.7038633184 79.53
9665.272961861 78.83
9805.8575943538 78.27
9948.4870774134 77.83
10093.191154076 77.51
10240.0000000005 77.32
10388.9442297607 77.25
10540.0549032298 77.31
10693.3635320572 77.44
10848.9020862397 77.61
11006.7030007884 77.78
11166.7991824927 77.90
11329.2240167822 77.91
11494.0113746885 77.82
11661.1956199091 77.65
11830.8116159726 77.39
12002.8947335097 77.00
12177.4808576284 76.54
12354.6063953979 76.03
12534.3082834402 75.52
12716.6239956331 75.04
12901.5915509241 74.63
13089.2495212594 74.26
13279.637039627 73.96
13472.7938082171 73.73
13668.7601067018 73.53
13867.5768006344 73.35
14069.2853499715 73.26
14273.9278177184 73.23
14481.5468787012 73.14
14692.1858284653 72.94
14905.8885923047 72.72
15122.6997344212 72.52
15342.6644672179 72.36
15565.8286607277 72.33
15792.2388521781 72.55
16021.9422556964 73.18
16254.9867721551 74.34
16491.4209991611 75.77
16731.2942411897 76.42
16974.656519866 75.30
17221.5585843969 72.14
17472.0519221531 67.31
17726.1887694067 62.12
17984.0221222235 60.37
18245.605747515 61.43
18510.9941942506 62.02
18780.2428048326 61.58
19053.4077266369 60.51
19330.545923722 59.30
19611.7151887077 58.30
19896.9741548268 57.90
20186.382308152 57.90
