20 -0.32
20.2 -0.3
20.4 -0.27
20.61 -0.25
20.81 -0.18
21.02 -0.11
21.23 -0.03
21.44 0.05
21.66 0.13
21.87 0.21
22.09 0.29
22.31 0.36
22.54 0.43
22.76 0.5
22.99 0.56
23.22 0.62
23.45 0.68
23.69 0.74
23.92 0.81
24.16 0.88
24.4 0.95
24.65 1.02
24.89 1.1
25.14 1.18
25.39 1.26
25.65 1.34
25.91 1.43
26.16 1.51
26.43 1.59
26.69 1.67
26.96 1.74
27.23 1.8
27.5 1.85
27.77 1.91
28.05 1.96
28.33 2
28.62 2.05
28.9 2.1
29.19 2.15
29.48 2.2
29.78 2.26
30.08 2.31
30.38 2.37
30.68 2.44
30.99 2.5
31.3 2.56
31.61 2.62
31.93 2.68
32.24 2.73
32.57 2.79
32.89 2.84
33.22 2.9
33.55 2.95
33.89 3.01
34.23 3.07
34.57 3.12
34.92 3.18
35.27 3.23
35.62 3.28
35.97 3.33
36.33 3.38
36.7 3.44
37.06 3.49
37.43 3.54
37.81 3.59
38.19 3.64
38.57 3.69
38.95 3.74
39.34 3.8
39.74 3.85
40.14 3.9
40.54 3.96
40.94 4
41.35 4.05
41.76 4.09
42.18 4.14
42.6 4.18
43.03 4.23
43.46 4.28
43.9 4.33
44.33 4.38
44.78 4.42
45.23 4.47
45.68 4.51
46.13 4.55
46.6 4.59
47.06 4.63
47.53 4.66
48.01 4.7
48.49 4.73
48.97 4.76
49.46 4.8
49.96 4.83
50.46 4.86
50.96 4.9
51.47 4.94
51.99 4.98
52.51 5.02
53.03 5.06
53.56 5.1
54.1 5.13
54.64 5.16
55.18 5.19
55.74 5.22
56.29 5.25
56.86 5.29
57.42 5.32
58 5.34
58.58 5.37
59.16 5.39
59.76 5.41
60.35 5.44
60.96 5.47
61.57 5.51
62.18 5.54
62.8 5.57
63.43 5.6
64.07 5.62
64.71 5.64
65.35 5.67
66.01 5.69
66.67 5.71
67.33 5.73
68.01 5.75
68.69 5.77
69.37 5.79
70.07 5.81
70.77 5.83
71.48 5.85
72.19 5.86
72.91 5.88
73.64 5.9
74.38 5.91
75.12 5.93
75.87 5.94
76.63 5.95
77.4 5.96
78.17 5.96
78.95 5.97
79.74 5.97
80.54 5.98
81.35 5.99
82.16 6.01
82.98 6.02
83.81 6.03
84.65 6.04
85.5 6.05
86.35 6.06
87.22 6.06
88.09 6.07
88.97 6.08
89.86 6.08
90.76 6.08
91.66 6.09
92.58 6.09
93.51 6.09
94.44 6.09
95.39 6.09
96.34 6.09
97.3 6.08
98.28 6.08
99.26 6.08
100.25 6.08
101.25 6.07
102.27 6.07
103.29 6.06
104.32 6.06
105.37 6.05
106.42 6.05
107.48 6.04
108.56 6.03
109.64 6.02
110.74 6.01
111.85 6
112.97 5.99
114.1 5.98
115.24 5.97
116.39 5.95
117.55 5.93
118.73 5.91
119.92 5.9
121.12 5.88
122.33 5.87
123.55 5.86
124.79 5.85
126.03 5.84
127.29 5.82
128.57 5.8
129.85 5.78
131.15 5.76
132.46 5.74
133.79 5.72
135.12 5.7
136.48 5.68
137.84 5.66
139.22 5.63
140.61 5.61
142.02 5.59
143.44 5.56
144.87 5.54
146.32 5.51
147.78 5.48
149.26 5.45
150.75 5.42
152.26 5.39
153.78 5.35
155.32 5.32
156.88 5.28
158.44 5.24
160.03 5.19
161.63 5.15
163.24 5.11
164.88 5.06
166.53 5.02
168.19 4.98
169.87 4.95
171.57 4.94
173.29 4.93
175.02 4.94
176.77 4.96
178.54 4.98
180.32 5
182.13 5.01
183.95 5.01
185.79 5.01
187.65 4.99
189.52 4.97
191.42 4.94
193.33 4.91
195.27 4.88
197.22 4.84
199.19 4.81
201.18 4.77
203.19 4.73
205.23 4.7
207.28 4.66
209.35 4.62
211.44 4.59
213.56 4.55
215.69 4.51
217.85 4.47
220.03 4.44
222.23 4.4
224.45 4.36
226.7 4.32
228.96 4.29
231.25 4.25
233.57 4.21
235.9 4.18
238.26 4.14
240.64 4.1
243.05 4.06
245.48 4.02
247.93 3.98
250.41 3.95
252.92 3.91
255.45 3.87
258 3.83
260.58 3.79
263.19 3.75
265.82 3.71
268.48 3.67
271.16 3.63
273.87 3.58
276.61 3.54
279.38 3.5
282.17 3.46
284.99 3.42
287.84 3.38
290.72 3.33
293.63 3.29
296.57 3.25
299.53 3.21
302.53 3.16
305.55 3.11
308.61 3.07
311.69 3.02
314.81 2.97
317.96 2.92
321.14 2.87
324.35 2.82
327.59 2.76
330.87 2.71
334.18 2.65
337.52 2.6
340.9 2.55
344.3 2.5
347.75 2.47
351.23 2.44
354.74 2.42
358.28 2.43
361.87 2.44
365.49 2.46
369.14 2.48
372.83 2.49
376.56 2.48
380.33 2.47
384.13 2.45
387.97 2.42
391.85 2.38
395.77 2.34
399.73 2.29
403.72 2.24
407.76 2.2
411.84 2.15
415.96 2.11
420.12 2.06
424.32 2.02
428.56 1.98
432.85 1.93
437.18 1.89
441.55 1.85
445.96 1.8
450.42 1.76
454.93 1.72
459.48 1.68
464.07 1.64
468.71 1.6
473.4 1.56
478.13 1.52
482.91 1.48
487.74 1.44
492.62 1.4
497.55 1.35
502.52 1.31
507.55 1.27
512.62 1.24
517.75 1.2
522.93 1.16
528.16 1.12
533.44 1.08
538.77 1.04
544.16 1
549.6 0.97
555.1 0.93
560.65 0.89
566.25 0.86
571.92 0.82
577.64 0.78
583.41 0.75
589.25 0.71
595.14 0.68
601.09 0.64
607.1 0.6
613.17 0.57
619.3 0.53
625.5 0.5
631.75 0.46
638.07 0.42
644.45 0.39
650.89 0.36
657.4 0.32
663.98 0.29
670.62 0.26
677.32 0.23
684.1 0.2
690.94 0.17
697.85 0.14
704.83 0.11
711.87 0.08
718.99 0.05
726.18 0.02
733.44 0
740.78 -0.03
748.19 -0.05
755.67 -0.07
763.23 -0.1
770.86 -0.12
778.57 -0.14
786.35 -0.16
794.22 -0.17
802.16 -0.19
810.18 -0.21
818.28 -0.22
826.46 -0.23
834.73 -0.24
843.08 -0.25
851.51 -0.25
860.02 -0.26
868.62 -0.26
877.31 -0.26
886.08 -0.25
894.94 -0.25
903.89 -0.24
912.93 -0.23
922.06 -0.22
931.28 -0.2
940.59 -0.18
950 -0.16
959.5 -0.14
969.09 -0.11
978.78 -0.08
988.57 -0.04
998.46 -0.01
1008.44 0.03
1018.53 0.08
1028.71 0.12
1039 0.17
1049.39 0.22
1059.88 0.27
1070.48 0.32
1081.19 0.38
1092 0.43
1102.92 0.49
1113.95 0.55
1125.09 0.61
1136.34 0.67
1147.7 0.73
1159.18 0.79
1170.77 0.84
1182.48 0.9
1194.3 0.96
1206.25 1.01
1218.31 1.07
1230.49 1.12
1242.8 1.17
1255.22 1.22
1267.78 1.27
1280.45 1.31
1293.26 1.35
1306.19 1.4
1319.25 1.44
1332.45 1.47
1345.77 1.51
1359.23 1.54
1372.82 1.57
1386.55 1.6
1400.41 1.63
1414.42 1.66
1428.56 1.69
1442.85 1.71
1457.28 1.73
1471.85 1.76
1486.57 1.78
1501.43 1.8
1516.45 1.82
1531.61 1.85
1546.93 1.87
1562.4 1.89
1578.02 1.91
1593.8 1.93
1609.74 1.96
1625.84 1.98
1642.1 2.01
1658.52 2.04
1675.1 2.07
1691.85 2.1
1708.77 2.13
1725.86 2.16
1743.12 2.2
1760.55 2.24
1778.15 2.28
1795.94 2.32
1813.9 2.37
1832.03 2.43
1850.36 2.48
1868.86 2.54
1887.55 2.61
1906.42 2.68
1925.49 2.76
1944.74 2.84
1964.19 2.93
1983.83 3.03
2003.67 3.13
2023.71 3.25
2043.94 3.37
2064.38 3.49
2085.03 3.63
2105.88 3.77
2126.94 3.91
2148.2 4.04
2169.69 4.18
2191.38 4.31
2213.3 4.41
2235.43 4.5
2257.78 4.56
2280.36 4.59
2303.17 4.59
2326.2 4.55
2349.46 4.47
2372.95 4.37
2396.68 4.24
2420.65 4.1
2444.86 3.95
2469.31 3.8
2494 3.65
2518.94 3.51
2544.13 3.38
2569.57 3.27
2595.27 3.19
2621.22 3.11
2647.43 3.06
2673.9 3.04
2700.64 3.03
2727.65 3.04
2754.93 3.07
2782.48 3.11
2810.3 3.17
2838.4 3.24
2866.79 3.33
2895.46 3.42
2924.41 3.53
2953.65 3.64
2983.19 3.76
3013.02 3.89
3043.15 4.02
3073.58 4.16
3104.32 4.3
3135.36 4.45
3166.72 4.59
3198.38 4.74
3230.37 4.88
3262.67 5.02
3295.3 5.16
3328.25 5.29
3361.53 5.42
3395.15 5.53
3429.1 5.63
3463.39 5.72
3498.03 5.79
3533.01 5.85
3568.34 5.89
3604.02 5.92
3640.06 5.93
3676.46 5.91
3713.22 5.89
3750.36 5.85
3787.86 5.78
3825.74 5.72
3864 5.63
3902.64 5.53
3941.66 5.43
3981.08 5.31
4020.89 5.19
4061.1 5.07
4101.71 4.95
4142.73 4.83
4184.15 4.7
4226 4.59
4268.26 4.48
4310.94 4.37
4354.05 4.29
4397.59 4.22
4441.56 4.16
4485.98 4.14
4530.84 4.15
4576.15 4.2
4621.91 4.27
4668.13 4.4
4714.81 4.55
4761.96 4.73
4809.58 4.92
4857.67 5.12
4906.25 5.31
4955.31 5.47
5004.87 5.6
5054.91 5.68
5105.46 5.71
5156.52 5.7
5208.08 5.62
5260.16 5.5
5312.77 5.36
5365.89 5.19
5419.55 5.02
5473.75 4.84
5528.49 4.67
5583.77 4.53
5639.61 4.4
5696 4.29
5752.96 4.22
5810.49 4.16
5868.6 4.14
5927.28 4.14
5986.56 4.17
6046.42 4.23
6106.89 4.31
6167.96 4.43
6229.64 4.57
6291.93 4.74
6354.85 4.93
6418.4 5.14
6482.58 5.36
6547.41 5.58
6612.88 5.79
6679.01 6
6745.8 6.17
6813.26 6.32
6881.39 6.43
6950.21 6.49
7019.71 6.52
7089.91 6.5
7160.81 6.44
7232.41 6.35
7304.74 6.23
7377.79 6.08
7451.56 5.93
7526.08 5.78
7601.34 5.64
7677.35 5.53
7754.13 5.43
7831.67 5.38
7909.98 5.35
7989.08 5.35
8068.98 5.38
8149.67 5.42
8231.16 5.47
8313.47 5.5
8396.61 5.52
8480.57 5.49
8565.38 5.4
8651.03 5.25
8737.54 5.04
8824.92 4.73
8913.17 4.33
9002.3 3.89
9092.32 3.37
9183.25 2.82
9275.08 2.25
9367.83 1.67
9461.51 1.1
9556.12 0.55
9651.68 0.03
9748.2 -0.46
9845.68 -0.89
9944.14 -1.3
10043.58 -1.67
10144.02 -2.01
10245.46 -2.34
10347.91 -2.65
10451.39 -2.96
10555.91 -3.26
10661.46 -3.57
10768.08 -3.88
10875.76 -4.19
10984.52 -4.51
11094.36 -4.82
11205.31 -5.13
11317.36 -5.42
11430.53 -5.68
11544.84 -5.91
11660.29 -6.1
11776.89 -6.26
11894.66 -6.33
12013.6 -6.39
12133.74 -6.4
12255.08 -6.33
12377.63 -6.21
12501.41 -6.03
12626.42 -5.74
12752.68 -5.34
12880.21 -4.77
13009.01 -4.11
13139.1 -3.46
13270.49 -2.67
13403.2 -1.88
13537.23 -1.19
13672.6 -0.64
13809.33 -0.25
13947.42 -0.2
14086.9 -0.43
14227.77 -0.83
14370.04 -1.35
14513.74 -2.01
14658.88 -2.7
14805.47 -3.35
14953.52 -3.93
15103.06 -4.33
15254.09 -4.65
15406.63 -4.62
15560.7 -4.45
15716.3 -4.07
15873.47 -3.55
16032.2 -3
16192.52 -2.47
16354.45 -2.06
16517.99 -1.73
16683.17 -1.66
16850.01 -1.8
17018.51 -2.13
17188.69 -2.79
17360.58 -3.61
17534.18 -4.55
17709.53 -5.57
17886.62 -6.63
18065.49 -7.74
18246.14 -8.94
18428.6 -10.41
18612.89 -12.1
18799.02 -14.01
18987.01 -16.17
19176.88 -18.58
19368.65 -21.15
19562.33 -23.84
19757.96 -26.6
19955.54 -29.36