20 7.03
20.2 7.07
20.4 7.12
20.61 7.16
20.81 7.2
21.02 7.24
21.23 7.28
21.44 7.32
21.66 7.36
21.87 7.4
22.09 7.43
22.31 7.47
22.54 7.5
22.76 7.53
22.99 7.57
23.22 7.6
23.45 7.64
23.69 7.67
23.92 7.71
24.16 7.74
24.4 7.78
24.65 7.81
24.89 7.84
25.14 7.87
25.39 7.9
25.65 7.93
25.91 7.96
26.16 7.98
26.43 8.01
26.69 8.03
26.96 8.06
27.23 8.08
27.5 8.11
27.77 8.13
28.05 8.15
28.33 8.17
28.62 8.2
28.9 8.22
29.19 8.24
29.48 8.26
29.78 8.28
30.08 8.3
30.38 8.32
30.68 8.34
30.99 8.36
31.3 8.38
31.61 8.4
31.93 8.42
32.24 8.44
32.57 8.46
32.89 8.48
33.22 8.49
33.55 8.5
33.89 8.51
34.23 8.52
34.57 8.53
34.92 8.54
35.27 8.55
35.62 8.56
35.97 8.57
36.33 8.58
36.7 8.59
37.06 8.59
37.43 8.6
37.81 8.6
38.19 8.61
38.57 8.61
38.95 8.62
39.34 8.62
39.74 8.63
40.14 8.63
40.54 8.63
40.94 8.63
41.35 8.62
41.76 8.62
42.18 8.62
42.6 8.62
43.03 8.61
43.46 8.61
43.9 8.61
44.33 8.61
44.78 8.61
45.23 8.61
45.68 8.61
46.13 8.61
46.6 8.6
47.06 8.6
47.53 8.59
48.01 8.57
48.49 8.55
48.97 8.54
49.46 8.53
49.96 8.52
50.46 8.52
50.96 8.51
51.47 8.5
51.99 8.49
52.51 8.47
53.03 8.45
53.56 8.43
54.1 8.41
54.64 8.4
55.18 8.39
55.74 8.37
56.29 8.35
56.86 8.33
57.42 8.31
58 8.29
58.58 8.27
59.16 8.25
59.76 8.22
60.35 8.2
60.96 8.17
61.57 8.15
62.18 8.12
62.8 8.1
63.43 8.08
64.07 8.05
64.71 8.02
65.35 7.99
66.01 7.96
66.67 7.93
67.33 7.9
68.01 7.87
68.69 7.84
69.37 7.8
70.07 7.77
70.77 7.74
71.48 7.71
72.19 7.67
72.91 7.63
73.64 7.59
74.38 7.56
75.12 7.52
75.87 7.48
76.63 7.44
77.4 7.4
78.17 7.36
78.95 7.31
79.74 7.27
80.54 7.23
81.35 7.18
82.16 7.14
82.98 7.09
83.81 7.05
84.65 7
85.5 6.95
86.35 6.9
87.22 6.85
88.09 6.8
88.97 6.75
89.86 6.7
90.76 6.64
91.66 6.59
92.58 6.53
93.51 6.48
94.44 6.42
95.39 6.37
96.34 6.31
97.3 6.25
98.28 6.19
99.26 6.13
100.25 6.07
101.25 6.01
102.27 5.95
103.29 5.89
104.32 5.82
105.37 5.76
106.42 5.7
107.48 5.63
108.56 5.57
109.64 5.5
110.74 5.44
111.85 5.37
112.97 5.3
114.1 5.23
115.24 5.16
116.39 5.09
117.55 5.01
118.73 4.94
119.92 4.87
121.12 4.8
122.33 4.73
123.55 4.65
124.79 4.57
126.03 4.5
127.29 4.43
128.57 4.36
129.85 4.28
131.15 4.2
132.46 4.12
133.79 4.04
135.12 3.96
136.48 3.88
137.84 3.81
139.22 3.73
140.61 3.65
142.02 3.57
143.44 3.49
144.87 3.41
146.32 3.32
147.78 3.24
149.26 3.17
150.75 3.08
152.26 3
153.78 2.92
155.32 2.84
156.88 2.76
158.44 2.68
160.03 2.59
161.63 2.51
163.24 2.43
164.88 2.35
166.53 2.27
168.19 2.19
169.87 2.11
171.57 2.03
173.29 1.94
175.02 1.86
176.77 1.79
178.54 1.71
180.32 1.64
182.13 1.56
183.95 1.49
185.79 1.41
187.65 1.34
189.52 1.26
191.42 1.19
193.33 1.12
195.27 1.05
197.22 0.97
199.19 0.9
201.18 0.83
203.19 0.76
205.23 0.69
207.28 0.63
209.35 0.57
211.44 0.51
213.56 0.44
215.69 0.38
217.85 0.32
220.03 0.26
222.23 0.21
224.45 0.15
226.7 0.09
228.96 0.04
231.25 -0.01
233.57 -0.06
235.9 -0.11
238.26 -0.16
240.64 -0.2
243.05 -0.25
245.48 -0.3
247.93 -0.34
250.41 -0.38
252.92 -0.42
255.45 -0.46
258 -0.5
260.58 -0.54
263.19 -0.58
265.82 -0.61
268.48 -0.65
271.16 -0.68
273.87 -0.73
276.61 -0.77
279.38 -0.8
282.17 -0.82
284.99 -0.84
287.84 -0.85
290.72 -0.86
293.63 -0.84
296.57 -0.82
299.53 -0.79
302.53 -0.79
305.55 -0.79
308.61 -0.79
311.69 -0.8
314.81 -0.8
317.96 -0.81
321.14 -0.81
324.35 -0.83
327.59 -0.85
330.87 -0.86
334.18 -0.87
337.52 -0.88
340.9 -0.89
344.3 -0.9
347.75 -0.9
351.23 -0.91
354.74 -0.91
358.28 -0.9
361.87 -0.89
365.49 -0.88
369.14 -0.87
372.83 -0.86
376.56 -0.84
380.33 -0.84
384.13 -0.83
387.97 -0.82
391.85 -0.82
395.77 -0.82
399.73 -0.82
403.72 -0.82
407.76 -0.81
411.84 -0.81
415.96 -0.82
420.12 -0.82
424.32 -0.82
428.56 -0.81
432.85 -0.81
437.18 -0.81
441.55 -0.81
445.96 -0.81
450.42 -0.81
454.93 -0.81
459.48 -0.81
464.07 -0.8
468.71 -0.8
473.4 -0.8
478.13 -0.8
482.91 -0.8
487.74 -0.8
492.62 -0.8
497.55 -0.8
502.52 -0.8
507.55 -0.8
512.62 -0.8
517.75 -0.8
522.93 -0.8
528.16 -0.8
533.44 -0.8
538.77 -0.8
544.16 -0.8
549.6 -0.8
555.1 -0.8
560.65 -0.8
566.25 -0.8
571.92 -0.8
577.64 -0.8
583.41 -0.8
589.25 -0.8
595.14 -0.81
601.09 -0.81
607.1 -0.81
613.17 -0.81
619.3 -0.82
625.5 -0.82
631.75 -0.82
638.07 -0.83
644.45 -0.83
650.89 -0.83
657.4 -0.84
663.98 -0.84
670.62 -0.85
677.32 -0.85
684.1 -0.85
690.94 -0.85
697.85 -0.85
704.83 -0.85
711.87 -0.85
718.99 -0.85
726.18 -0.85
733.44 -0.85
740.78 -0.85
748.19 -0.85
755.67 -0.85
763.23 -0.85
770.86 -0.84
778.57 -0.84
786.35 -0.83
794.22 -0.81
802.16 -0.79
810.18 -0.77
818.28 -0.73
826.46 -0.7
834.73 -0.67
843.08 -0.64
851.51 -0.61
860.02 -0.59
868.62 -0.57
877.31 -0.54
886.08 -0.52
894.94 -0.49
903.89 -0.46
912.93 -0.43
922.06 -0.4
931.28 -0.36
940.59 -0.32
950 -0.28
959.5 -0.24
969.09 -0.18
978.78 -0.13
988.57 -0.07
998.46 -0.01
1008.44 0.05
1018.53 0.12
1028.71 0.19
1039 0.26
1049.39 0.33
1059.88 0.4
1070.48 0.48
1081.19 0.55
1092 0.63
1102.92 0.71
1113.95 0.79
1125.09 0.87
1136.34 0.95
1147.7 1.04
1159.18 1.13
1170.77 1.21
1182.48 1.3
1194.3 1.39
1206.25 1.47
1218.31 1.55
1230.49 1.63
1242.8 1.7
1255.22 1.78
1267.78 1.85
1280.45 1.91
1293.26 1.98
1306.19 2.04
1319.25 2.1
1332.45 2.16
1345.77 2.22
1359.23 2.28
1372.82 2.33
1386.55 2.38
1400.41 2.43
1414.42 2.48
1428.56 2.53
1442.85 2.58
1457.28 2.63
1471.85 2.68
1486.57 2.72
1501.43 2.77
1516.45 2.81
1531.61 2.86
1546.93 2.91
1562.4 2.95
1578.02 3
1593.8 3.05
1609.74 3.1
1625.84 3.15
1642.1 3.2
1658.52 3.26
1675.1 3.31
1691.85 3.37
1708.77 3.42
1725.86 3.48
1743.12 3.54
1760.55 3.61
1778.15 3.67
1795.94 3.74
1813.9 3.81
1832.03 3.88
1850.36 3.95
1868.86 4.02
1887.55 4.1
1906.42 4.18
1925.49 4.26
1944.74 4.35
1964.19 4.43
1983.83 4.52
2003.67 4.61
2023.71 4.71
2043.94 4.8
2064.38 4.9
2085.03 5
2105.88 5.1
2126.94 5.2
2148.2 5.3
2169.69 5.41
2191.38 5.52
2213.3 5.63
2235.43 5.74
2257.78 5.85
2280.36 5.96
2303.17 6.07
2326.2 6.18
2349.46 6.29
2372.95 6.4
2396.68 6.51
2420.65 6.62
2444.86 6.72
2469.31 6.82
2494 6.92
2518.94 7.01
2544.13 7.11
2569.57 7.19
2595.27 7.27
2621.22 7.34
2647.43 7.41
2673.9 7.47
2700.64 7.52
2727.65 7.57
2754.93 7.6
2782.48 7.63
2810.3 7.65
2838.4 7.67
2866.79 7.67
2895.46 7.67
2924.41 7.66
2953.65 7.65
2983.19 7.62
3013.02 7.6
3043.15 7.56
3073.58 7.52
3104.32 7.48
3135.36 7.43
3166.72 7.38
3198.38 7.32
3230.37 7.27
3262.67 7.21
3295.3 7.15
3328.25 7.1
3361.53 7.04
3395.15 6.98
3429.1 6.93
3463.39 6.87
3498.03 6.82
3533.01 6.77
3568.34 6.72
3604.02 6.68
3640.06 6.64
3676.46 6.6
3713.22 6.57
3750.36 6.54
3787.86 6.52
3825.74 6.51
3864 6.5
3902.64 6.5
3941.66 6.5
3981.08 6.51
4020.89 6.53
4061.1 6.55
4101.71 6.58
4142.73 6.62
4184.15 6.66
4226 6.71
4268.26 6.77
4310.94 6.82
4354.05 6.88
4397.59 6.94
4441.56 7
4485.98 7.06
4530.84 7.11
4576.15 7.15
4621.91 7.19
4668.13 7.21
4714.81 7.22
4761.96 7.21
4809.58 7.18
4857.67 7.13
4906.25 7.05
4955.31 6.95
5004.87 6.82
5054.91 6.67
5105.46 6.5
5156.52 6.3
5208.08 6.09
5260.16 5.87
5312.77 5.65
5365.89 5.41
5419.55 5.18
5473.75 4.95
5528.49 4.72
5583.77 4.51
5639.61 4.33
5696 4.15
5752.96 4.02
5810.49 3.89
5868.6 3.82
5927.28 3.77
5986.56 3.76
6046.42 3.77
6106.89 3.82
6167.96 3.89
6229.64 3.97
6291.93 4.07
6354.85 4.17
6418.4 4.26
6482.58 4.35
6547.41 4.42
6612.88 4.49
6679.01 4.55
6745.8 4.61
6813.26 4.67
6881.39 4.74
6950.21 4.82
7019.71 4.91
7089.91 5.03
7160.81 5.17
7232.41 5.33
7304.74 5.52
7377.79 5.73
7451.56 5.97
7526.08 6.23
7601.34 6.5
7677.35 6.76
7754.13 7
7831.67 7.16
7909.98 7.27
7989.08 7.29
8068.98 7.15
8149.67 6.92
8231.16 6.58
8313.47 6.13
8396.61 5.63
8480.57 5.07
8565.38 4.49
8651.03 3.88
8737.54 3.26
8824.92 2.64
8913.17 2.03
9002.3 1.42
9092.32 0.85
9183.25 0.31
9275.08 -0.22
9367.83 -0.71
9461.51 -1.18
9556.12 -1.63
9651.68 -2.06
9748.2 -2.48
9845.68 -2.9
9944.14 -3.31
10043.58 -3.68
10144.02 -4.02
10245.46 -4.35
10347.91 -4.68
10451.39 -5
10555.91 -5.31
10661.46 -5.59
10768.08 -5.85
10875.76 -6.06
10984.52 -6.2
11094.36 -6.3
11205.31 -6.31
11317.36 -6.18
11430.53 -5.99
11544.84 -5.65
11660.29 -5.22
11776.89 -4.73
11894.66 -4.11
12013.6 -3.47
12133.74 -2.8
12255.08 -2.11
12377.63 -1.45
12501.41 -0.85
12626.42 -0.42
12752.68 -0.12
12880.21 -0.08
13009.01 -0.17
13139.1 -0.25
13270.49 -0.76
13403.2 -1.41
13537.23 -2.28
13672.6 -3.1
13809.33 -3.84
13947.42 -4.32
14086.9 -4.57
14227.77 -4.69
14370.04 -4.67
14513.74 -4.5
14658.88 -4.21
14805.47 -3.91
14953.52 -3.6
15103.06 -3.39
15254.09 -3.24
15406.63 -3.39
15560.7 -3.67
15716.3 -4.15
15873.47 -4.79
16032.2 -5.46
16192.52 -6.13
16354.45 -6.67
16517.99 -7.11
16683.17 -7.25
16850.01 -7.14
17018.51 -6.83
17188.69 -6.21
17360.58 -5.54
17534.18 -4.87
17709.53 -4.37
17886.62 -4.16
18065.49 -4.18
18246.14 -4.42
18428.6 -4.51
18612.89 -4.98
18799.02 -5.74
18987.01 -6.6
19176.88 -6.55
19368.65 -6.72
19562.33 -7.44
19757.96 -8.93
19955.54 -10.42