20 103.090081
20.290906698750476 103.07614943175828
20.586044732869844 103.06159196924165
20.885475648548283 103.04776160431183
21.189261887185914 103.03798224512911
21.49746679841394 103.038579138205
21.810154653305165 103.04502904640134
22.12739065777668 103.05765219542835
22.449240966187475 103.07133388936566
22.77577269513385 103.08114849919582
23.107053937445478 103.08467226864065
23.44315377638505 103.08221311022342
23.784142300054445 103.07588191401399
24.130090616010463 103.06798374870299
24.481070866093134 103.0614430875267
24.837156241469714 103.05718597268852
25.1984209978975 103.05732090361474
25.56494047120865 103.06044323251317
25.936791093020236 103.06408949280845
26.3140504066728 103.06526812285327
26.69679708340074 103.06137747431984
27.08511093873791 103.05465028129962
27.47907294916184 103.04962939099839
27.878765268980047 103.0506987283255
28.284271247461966 103.05831824156313
28.695675446220072 103.06564187949222
29.11306365684382 103.06744611610355
29.536522918790062 103.06038819706859
29.966141537533712 103.04728654767138
30.402009102982383 103.03517683171873
30.844216508158908 103.02793989928972
31.29285596815558 103.02234980113812
31.74802103936409 103.01439377981694
32.20980663898519 103.00319186106941
32.67830906482211 102.98911830814143
33.153626015361866 102.97181974546942
33.63585661014871 102.95050213850404
34.125101410453844 102.92749790529516
34.62146244024586 102.90556337725951
35.12504320746613 102.88454481629307
35.635948725613716 102.85957037030727
36.15428553564419 102.82754890881424
36.68016172818701 102.79468161146619
37.21368696608603 102.76668089111143
37.754972507267915 102.74129492481958
38.30413122794313 102.7141412259991
38.86127764614443 102.68643702110576
39.4265279456077 102.66457735157516
40.000000000000206 102.64467699999997
40.58181339750116 102.60914456768415
41.1720894657399 102.56265211790382
41.77095129709678 102.52475919700508
42.37852377437204 102.49802532063798
42.9949335968281 102.46102063184372
43.62030930661056 102.4101087283892
44.25478131555359 102.36121800573338
44.89848193237519 102.31895863572916
45.55154539026795 102.26895423534737
46.21410787489121 102.20864563186458
46.88630755277036 102.16423991088081
47.56828460010916 102.12974273432073
48.260181232021196 102.0740344268025
48.962141732186545 102.00633946860404
49.674312482939705 101.96622961866285
50.39684199579528 101.9383821491807
51.129880942417586 101.88485853615813
51.873582186040764 101.81881898943008
52.628100813345895 101.76715537696617
53.393594166801776 101.70380560818866
54.17022187747612 101.63070479362653
54.95814589832399 101.57719647240467
55.75753053796041 101.52785606038542
56.56854249492426 101.47746760190009
57.39135089244048 101.42107634116323
58.226127313687975 101.35631037723812
59.073045837580466 101.29134283329073
59.932283075067765 101.25406396650511
60.804018205965114 101.19932004727085
61.68843301631817 101.13736446304783
62.58571193631152 101.07874970953729
63.49604207872855 101.01828248402671
64.41961327797075 100.95814491899493
65.35661812964459 100.89966912552322
66.3072520307241 100.84265381896995
67.27171322029778 100.78357263438501
68.25020282090806 100.72255952634305
69.2429248804921 100.66398348027019
70.25008641493265 100.59985674839491
71.27189745122783 100.53287183093485
72.30857107128878 100.46742835998359
73.36032345637442 100.39908288712908
74.42737393217246 100.32906281398436
75.50994501453623 100.25690451735086
76.60826245588666 100.18390537709692
77.72255529228926 100.11490044324617
78.85305589121582 100.03765595892773
80.00000000000082 99.96680999999992
81.16362679500274 99.87099285140063
82.34417893148023 99.8023942800019
83.541902594194 99.7187814031646
84.75704754874454 99.63726843430248
85.98986719365665 99.55339086260284
87.24061861322157 99.47131993884925
88.50956263110764 99.38255133396781
89.79696386475084 99.29508786895656
91.10309078053635 99.20858542791414
92.42821574978288 99.12427903754312
93.77261510554118 99.03834928326833
95.13656920021877 98.95318896832303
96.52036246404286 98.86878123529638
97.92428346437356 98.78453923404774
99.34862496587989 98.7000727997754
100.79368399159105 98.61626351629633
102.25976188483567 98.52945261916099
103.74716437208203 98.4382440100089
105.25620162669229 98.3445570983818
106.78718833360406 98.24356802561799
108.34044375495276 98.13583860270492
109.9162917966485 98.01966932648723
111.51506107592134 97.8945122490004
113.13708498984903 97.76417449657458
114.78270178488147 97.62684949759479
116.45225462737648 97.50119259191428
118.14609167516147 97.39264177924902
119.86456615013608 97.29151278336386
121.60803641193078 97.24818071804577
123.3768660326369 97.20020371041059
125.17142387262359 97.13248851962263
126.99208415745765 97.06937522030864
128.83922655594208 96.9879963983455
130.71323625928977 96.90329437234226
132.61450406144883 96.81161993151008
134.5434264405962 96.70583377087658
136.50040564181674 96.58486878097976
138.48584976098482 96.43720661871397
140.50017282986593 96.28316847951959
142.5437949024563 96.12329592478085
144.61714214257822 95.97327100766438
146.7206469127495 95.8333523398392
148.8547478643456 95.69940546417904
151.01989002907314 95.59795592455616
153.216524911774 95.51996236059779
155.4451105845792 95.41874885779181
157.70611178243232 95.31271255173532
160.00000000000236 95.19107499999988
162.3272535900062 95.06964076947634
164.6883578629612 94.94401203551223
167.08380518838874 94.7912991803152
169.51409509748981 94.55534759804087
171.97973438731407 94.17213559261091
174.4812372264439 93.62822043531784
177.01912526221608 93.08331668975632
179.5939277295025 92.92156603244455
182.20618156107355 93.27481449812102
184.85643149956664 93.80693435167828
187.54523021108326 94.2255702759202
190.27313840043846 94.49348309030196
193.04072492808663 94.64664264196469
195.84856692874806 94.71994054407068
198.69724993176072 94.73774920517877
201.58736798318304 94.702684411538
204.5195237696723 94.61541056440728
207.49432874416505 94.45334999450918
210.5124032533856 94.18851486994504
213.57437666720915 93.8121783345544
216.68088750990657 93.25357983993312
219.83258359329807 92.5720683091731
223.03012215184378 91.70635205839648
226.2741699796992 90.93953251383536
229.5654035697641 90.7327609802301
232.90450925475412 91.32115121419244
236.2921833503241 92.32819997446948
239.72913230027333 93.37979894849926
243.21607282386276 94.43305485740305
246.75373206527502 95.39808230889017
250.34284774524843 96.13044237163588
253.9841683149166 96.59532976876541
257.67845311188546 96.9302813538638
261.42647251858085 97.21158693987576
265.22900812289896 97.39132948096761
269.08685288119375 97.4185020487742
273.0008112836349 97.2651151891643
276.97169952197106 96.9827279973051
281.00034565973334 96.60127204067868
285.0875898049141 96.16392604056145
289.23428428515797 95.70532402319667
293.44129382550057 95.26679928627439
297.7094957286928 94.86041891637481
302.0397800581479 94.50386491231669
306.4330498235497 94.33094482034099
310.89022116916016 94.26642406455977
315.41222356486645 94.37863667274803
320.00000000000654 93.43658999999994
324.6545071800142 93.38898370056282
329.3767157259242 93.22457593540534
334.16761037677935 93.08449946891139
339.02819019498156 92.9749422624717
343.95946877463007 92.89964540959215
348.9624744528898 92.85703585735527
354.03825052443415 92.83714534467865
359.187855459007 92.83530690882938
364.4123631221491 92.85733642844016
369.71286299913527 92.86549395709883
375.0904604221685 92.84117387020572
380.54627680087896 92.74768300074014
386.08144985617537 92.61325363971928
391.6971338574982 92.43263179884445
397.3944998635236 92.23339260600473
403.1747359663683 92.02500643410848
409.0390475393468 91.82960527412284
414.9886574883323 91.6562937532976
421.0248065067734 91.50950737263402
427.1487533344206 91.37879519644514
433.3617750198154 91.26387477592175
439.6651671865984 91.16244258982043
446.06024430368984 91.0706060399892
452.54833995940066 90.99404322513954
459.13080713953053 90.92409950747694
465.8090185095106 90.86548744344364
472.58436670065066 90.81249866812978
479.45826460054917 90.76249137813024
486.432145647728 90.71411400155358
493.50746413055253 90.66891491407658
500.6856954904994 90.62845804192708
507.9683366298358 90.60114176534356
515.3569062237735 90.5636922143709
522.8529450371643 90.53209456623776
530.4580162458005 90.50340550426088
538.1737057623901 90.47691714449371
546.0016225672724 90.45508977879348
553.9433990439449 90.43440921440127
562.0006913194694 90.41095326678786
570.1751796098309 90.39986378141663
578.4685685703187 90.38607685160869
586.8825876510039 90.3723984144745
595.4189914573883 90.36459502385246
604.0795601162986 90.35601264373688
612.8660996471021 90.34750751993847
621.780442338323 90.34358549281416
630.8244471297356 90.34513104979806
640.0000000000159 90.35127500000002
649.3090143600314 90.36019862116552
658.7534314518515 90.36648683039411
668.3352207535618 90.38538293073391
678.0563803899662 90.41029404156087
687.9189375492632 90.4341286115538
697.9249489057827 90.45944002598858
708.0765010488715 90.49130746004491
718.3757109180171 90.52731186977783
728.8247262443015 90.56534014140279
739.425725998274 90.6094513240441
750.1809208443404 90.64626657460957
761.0925536017613 90.70118482227767
772.1628997123541 90.74354782403024
783.3942677149998 90.79266226588271
794.7889997270506 90.84987058855064
806.34947193274 90.9003699972115
818.0780950786972 90.95102083744624
829.9773149766683 91.00949486744477
842.0496130135506 91.07131554045606
854.2975066688449 91.14043253516523
866.7235500396347 91.21464811191981
879.3303343732008 91.29899137509054
892.1204886073838 91.39877703030143
905.0966799188055 91.50779601211273
918.2616142790653 91.61827745281813
931.6180370190256 91.74583776134241
945.1687334013056 91.88352423374317
958.9165292011028 92.03113354468057
972.8642912954606 92.19288445147856
987.0149282611097 92.3658003455026
1001.3713909810035 92.55059350570508
1015.9366732596762 92.74927492397885
1030.7138124475518 92.95833022778652
1045.7058900743334 93.16982791877072
1060.916032491606 93.39439603039199
1076.3474115247852 93.63460259274984
1092.0032451345498 93.88482423693085
1107.8867980878947 94.14013669339083
1124.0013826389438 94.39889695752976
1140.350359219667 94.66779061496536
1156.9371371406426 94.93318279157492
1173.765175302013 95.20267078445676
1190.837982914782 95.47054882369852
1208.1591202326028 95.73891042348816
1225.73219929421 96.00597669185368
1243.5608846766518 96.26589574804984
1261.648894259477 96.51909072922459
1280.0000000000375 96.76649800000047
1298.6180287200684 96.99857917520714
1317.5068629037087 97.23051290371502
1336.6704415071292 97.44250959382714
1356.112760779938 97.64548348203996
1375.8378750985323 97.82952970085815
1395.8498978115715 98.0010656054844
1416.153002097749 98.15103922339691
1436.7514218360407 98.29108455074885
1457.6494524886093 98.41043482130712
1478.8514519965543 98.5119409071676
1500.3618416886875 98.5979821645793
1522.1851072035295 98.66137962383056
1544.3257994247153 98.70979563349817
1566.788535430007 98.74532414206558
1589.5779994541087 98.76618002965336
1612.6989438654878 98.77208787505904
1636.156190157402 98.7670682744857
1659.9546299533442 98.74865323113153
1684.099226027109 98.71196402438821
1708.5950133376978 98.66475720419271
1733.4471000792773 98.61328344474697
1758.6606687464096 98.55925689494103
1784.2409772147755 98.5045526312914
1810.193359837619 98.44983996784327
1836.5232285581387 98.39195892327953
1863.2360740380593 98.32865873372688
1890.3374668026197 98.25982342652566
1917.833058402214 98.19101434589183
1945.7285825909298 98.11936547485821
1974.0298565222283 98.04196849153954
2002.7427819620161 97.96691794710506
2031.8733465193618 97.89464404209563
2061.4276248951132 97.82494750798764
2091.411780148677 97.76045073009342
2121.832064983222 97.69282116034555
2152.694823049581 97.63606952656593
2184.0064902691106 97.58317325698205
2215.7735961758003 97.53603422297027
2248.002765277899 97.49444926491397
2280.7007184393456 97.4564896048883
2313.874274281297 97.42657706140288
2347.530350604038 97.40342338264288
2381.6759658295764 97.38827784747795
2416.318240465218 97.37693037943825
2451.4643985884327 97.36818231486308
2487.1217693533167 97.36275738886984
2523.2977885189675 97.36289998954678
2560.0000000000887 97.36614300000002
2597.236057440151 97.3688369915796
2635.0137258074315 97.37363481394436
2673.340883014273 97.38225185695704
2712.225521559891 97.38706653923752
2751.6757501970797 97.38658974077472
2791.699795623158 97.37439883932015
2832.3060041955137 97.35452252174387
2873.502843672097 97.32329134166872
2915.2989049772345 97.27841550239927
2957.7029039931244 97.22124187051674
3000.723683377391 97.15546482361887
3044.370214407075 97.0904568631151
3088.6515988494466 97.0294895506192
3133.57707086003 96.97572435126938
3179.1559989082334 96.93890852169568
3225.3978877309914 96.92123872142078
3272.3123803148205 96.93029210135528
3319.9092599067053 96.9750098490583
3368.198452054235 97.05515265160628
3417.190026675413 97.16354156004758
3466.8942001585724 97.29876756269026
3517.3213374928373 97.45112746265231
3568.4819544295697 97.61900748231065
3620.386719675257 97.79301291130595
3673.0464571162966 97.97660550143945
3726.472148076138 98.17106970489566
3780.6749336052594 98.3716392802528
3835.6661168044484 98.57296328690342
3891.45716518188 98.7689012279491
3948.059713044477 98.9574796914718
4005.4855639240527 99.13041907069103
4063.746693038744 99.28984890329588
4122.855249790247 99.43026748344315
4182.823560297375 99.55268791266911
4243.664129966465 99.65544589653823
4305.389646099183 99.73759595082488
4368.012980538242 99.78577548294882
4431.5471923516225 99.79059830312329
4496.00553055582 99.78413598272127
4561.401436878714 99.67534511650096
4627.748548562617 99.54478336953207
4695.060701208099 99.35933113874664
4763.351931659176 99.14647395433038
4832.63648093046 98.9156722686669
4902.928797176889 98.69109389978198
4974.243538706657 98.48789962481183
5046.595577037959 98.33666772594798
5120.000000000202 98.24898299999987
5194.472114880326 98.24175777421344
5270.027451614888 98.33095239662018
5346.6817660285715 98.51068686843202
5424.451043119808 98.7692821444748
5503.351500394186 99.09337552136485
5583.399591246343 99.4451937253541
5664.612008391055 99.77749213270371
5747.005687344222 100.04578119390393
5830.597809954497 100.21214242334207
5915.405807986278 100.24871525008103
6001.447366754812 100.1498864121768
6088.740428814181 99.91876303120392
6177.303197698925 99.61107671509887
6267.154141720092 99.26702273061753
6358.3119978165005 98.9204377115519
6450.795775462017 98.59776669613794
6544.624760629676 98.32008152683716
6639.818519813445 98.09158740890527
6736.396904108505 97.9009187244904
6834.380053350861 97.81234459005243
6933.788400317181 97.8811812318356
7034.642674985712 97.99347780222328
7136.963908859177 98.24007955331112
7240.773439350552 98.59123342818538
7346.092914232631 98.95705631009702
7452.944296152315 99.47509758577903
7561.349867210557 100.10671026080544
7671.332233608935 100.70446711145645
7782.914330363799 101.25995531046783
7896.119426088994 101.71021097985988
8010.971127848146 101.9544188784441
8127.49338607753 101.92744376192388
8245.710499580537 101.62371671646233
8365.647120594791 101.09673192350016
8487.328259932974 100.41958331513288
8610.77929219841 99.62436111840537
8736.025961076528 98.75469179464301
8863.094384703289 97.8744515555816
8992.011061111683 97.03520399216293
9122.802873757471 96.27660616922687
9255.497097125279 95.61391790794258
9390.121402416245 95.05013243377131
9526.7038633184 94.57352947443344
9665.272961860968 94.18915279317949
9805.857594353829 93.88821879805086
9948.487077413367 93.65888235702428
10093.19115407597 93.50793033313417
10240.000000000457 93.37169599999956
10388.944229760706 93.27049451697337
10540.05490322983 93.22912440665257
10693.363532057198 93.23724628286439
10848.902086239672 93.29797671674064
11006.703000788428 93.40805805999835
11166.799182492743 93.54173815642235
11329.224016782166 93.6516789216932
11494.0113746885 93.71029865409398
11661.195619909053 93.609849676512
11830.811615972614 93.38865559058932
12002.894733509682 92.97234681777852
12177.48085762842 92.41629980643606
12354.606395397908 91.5613234706843
12534.308283440243 90.29372211802887
12716.62399563306 88.50934948413521
12901.591550924093 87.27310130556266
13089.249521259411 86.54606071192069
13279.637039626952 86.4175230582167
13472.793808217073 86.67513660711941
13668.760106701786 87.05737402994234
13867.576800634426 87.47653219527996
14069.285349971487 87.82568366413292
14273.927817718419 88.06784391763347
14481.54687870117 88.07055623380131
14692.18582846533 87.70984598739756
14905.888592304698 87.16570794154684
15122.699734421185 86.52182682329433
15342.664467217943 85.83307898105025
15565.828660727671 85.10118917030987
15792.238852178061 84.4208753703623
16021.942255696367 84.27287946465822
16254.986772155136 84.25447851354124
16491.42099916115 84.03081173479356
16731.294241189662 83.66881581097982
16974.65651986603 83.47395017529914
17221.558584396902 83.98693660255256
17472.051922153143 83.51294520610202
17726.188769406665 81.35968792360936
17984.022122223458 78.70168548643156
18245.605747515034 75.57220826197863
18510.99419425065 72.48766037100398
18780.242804832582 69.80416374237296
19053.40772663689 67.4438610392861
19330.545923722028 65.91752019157116
19611.71518870775 64.55700395606269
19896.974154826825 63.762696
20186.382308152035 63.762696