20 9.94
20.2 9.95
20.4 9.96
20.61 9.97
20.81 9.97
21.02 9.97
21.23 9.98
21.44 9.98
21.66 9.99
21.87 9.99
22.09 10
22.31 10.01
22.54 10.02
22.76 10.03
22.99 10.04
23.22 10.04
23.45 10.05
23.69 10.05
23.92 10.05
24.16 10.05
24.4 10.04
24.65 10.04
24.89 10.04
25.14 10.04
25.39 10.04
25.65 10.04
25.91 10.04
26.16 10.04
26.43 10.04
26.69 10.03
26.96 10.03
27.23 10.03
27.5 10.02
27.77 10.01
28.05 10
28.33 10
28.62 9.99
28.9 9.98
29.19 9.97
29.48 9.96
29.78 9.96
30.08 9.95
30.38 9.94
30.68 9.93
30.99 9.91
31.3 9.9
31.61 9.89
31.93 9.88
32.24 9.87
32.57 9.86
32.89 9.84
33.22 9.83
33.55 9.81
33.89 9.79
34.23 9.78
34.57 9.76
34.92 9.74
35.27 9.73
35.62 9.71
35.97 9.69
36.33 9.67
36.7 9.65
37.06 9.63
37.43 9.61
37.81 9.59
38.19 9.57
38.57 9.54
38.95 9.52
39.34 9.49
39.74 9.47
40.14 9.45
40.54 9.42
40.94 9.4
41.35 9.37
41.76 9.34
42.18 9.32
42.6 9.29
43.03 9.26
43.46 9.24
43.9 9.21
44.33 9.18
44.78 9.15
45.23 9.12
45.68 9.08
46.13 9.05
46.6 9.01
47.06 8.98
47.53 8.94
48.01 8.91
48.49 8.88
48.97 8.84
49.46 8.81
49.96 8.77
50.46 8.74
50.96 8.7
51.47 8.66
51.99 8.62
52.51 8.59
53.03 8.55
53.56 8.51
54.1 8.46
54.64 8.42
55.18 8.38
55.74 8.34
56.29 8.3
56.86 8.26
57.42 8.21
58 8.17
58.58 8.12
59.16 8.07
59.76 8.03
60.35 7.98
60.96 7.94
61.57 7.89
62.18 7.84
62.8 7.79
63.43 7.74
64.07 7.69
64.71 7.65
65.35 7.6
66.01 7.55
66.67 7.5
67.33 7.44
68.01 7.39
68.69 7.34
69.37 7.29
70.07 7.24
70.77 7.19
71.48 7.13
72.19 7.08
72.91 7.02
73.64 6.97
74.38 6.91
75.12 6.86
75.87 6.8
76.63 6.75
77.4 6.69
78.17 6.64
78.95 6.58
79.74 6.53
80.54 6.47
81.35 6.41
82.16 6.35
82.98 6.29
83.81 6.24
84.65 6.18
85.5 6.12
86.35 6.06
87.22 6
88.09 5.94
88.97 5.89
89.86 5.83
90.76 5.77
91.66 5.71
92.58 5.65
93.51 5.59
94.44 5.53
95.39 5.47
96.34 5.42
97.3 5.36
98.28 5.3
99.26 5.24
100.25 5.18
101.25 5.13
102.27 5.07
103.29 5.01
104.32 4.95
105.37 4.9
106.42 4.84
107.48 4.78
108.56 4.73
109.64 4.67
110.74 4.62
111.85 4.56
112.97 4.51
114.1 4.45
115.24 4.4
116.39 4.35
117.55 4.29
118.73 4.24
119.92 4.19
121.12 4.14
122.33 4.09
123.55 4.04
124.79 3.99
126.03 3.94
127.29 3.89
128.57 3.84
129.85 3.8
131.15 3.75
132.46 3.71
133.79 3.66
135.12 3.62
136.48 3.57
137.84 3.53
139.22 3.49
140.61 3.45
142.02 3.41
143.44 3.37
144.87 3.33
146.32 3.29
147.78 3.25
149.26 3.22
150.75 3.18
152.26 3.14
153.78 3.11
155.32 3.08
156.88 3.04
158.44 3.01
160.03 2.98
161.63 2.95
163.24 2.92
164.88 2.89
166.53 2.86
168.19 2.83
169.87 2.81
171.57 2.78
173.29 2.75
175.02 2.73
176.77 2.7
178.54 2.67
180.32 2.65
182.13 2.63
183.95 2.61
185.79 2.59
187.65 2.57
189.52 2.55
191.42 2.53
193.33 2.51
195.27 2.49
197.22 2.47
199.19 2.46
201.18 2.44
203.19 2.42
205.23 2.41
207.28 2.39
209.35 2.38
211.44 2.36
213.56 2.34
215.69 2.33
217.85 2.32
220.03 2.3
222.23 2.29
224.45 2.28
226.7 2.26
228.96 2.25
231.25 2.24
233.57 2.23
235.9 2.21
238.26 2.2
240.64 2.19
243.05 2.18
245.48 2.17
247.93 2.16
250.41 2.15
252.92 2.13
255.45 2.12
258 2.11
260.58 2.1
263.19 2.1
265.82 2.09
268.48 2.09
271.16 2.08
273.87 2.08
276.61 2.08
279.38 2.09
282.17 2.08
284.99 2.08
287.84 2.07
290.72 2.07
293.63 2.06
296.57 2.05
299.53 2.04
302.53 2.03
305.55 2.02
308.61 2.01
311.69 2
314.81 1.99
317.96 1.98
321.14 1.97
324.35 1.96
327.59 1.95
330.87 1.94
334.18 1.93
337.52 1.92
340.9 1.91
344.3 1.9
347.75 1.89
351.23 1.88
354.74 1.87
358.28 1.86
361.87 1.85
365.49 1.84
369.14 1.82
372.83 1.81
376.56 1.8
380.33 1.79
384.13 1.77
387.97 1.76
391.85 1.75
395.77 1.74
399.73 1.73
403.72 1.71
407.76 1.7
411.84 1.68
415.96 1.67
420.12 1.65
424.32 1.64
428.56 1.62
432.85 1.61
437.18 1.59
441.55 1.58
445.96 1.56
450.42 1.54
454.93 1.52
459.48 1.51
464.07 1.49
468.71 1.47
473.4 1.45
478.13 1.43
482.91 1.41
487.74 1.39
492.62 1.37
497.55 1.35
502.52 1.33
507.55 1.3
512.62 1.28
517.75 1.26
522.93 1.23
528.16 1.21
533.44 1.18
538.77 1.16
544.16 1.13
549.6 1.11
555.1 1.08
560.65 1.05
566.25 1.03
571.92 1
577.64 0.98
583.41 0.95
589.25 0.92
595.14 0.89
601.09 0.86
607.1 0.83
613.17 0.8
619.3 0.77
625.5 0.74
631.75 0.71
638.07 0.68
644.45 0.65
650.89 0.62
657.4 0.58
663.98 0.55
670.62 0.52
677.32 0.49
684.1 0.45
690.94 0.42
697.85 0.38
704.83 0.35
711.87 0.32
718.99 0.28
726.18 0.25
733.44 0.22
740.78 0.19
748.19 0.15
755.67 0.12
763.23 0.08
770.86 0.04
778.57 0.01
786.35 -0.03
794.22 -0.06
802.16 -0.1
810.18 -0.12
818.28 -0.15
826.46 -0.17
834.73 -0.19
843.08 -0.21
851.51 -0.22
860.02 -0.23
868.62 -0.23
877.31 -0.24
886.08 -0.24
894.94 -0.24
903.89 -0.24
912.93 -0.23
922.06 -0.22
931.28 -0.21
940.59 -0.19
950 -0.17
959.5 -0.14
969.09 -0.12
978.78 -0.09
988.57 -0.05
998.46 -0.01
1008.44 0.04
1018.53 0.08
1028.71 0.14
1039 0.19
1049.39 0.25
1059.88 0.31
1070.48 0.38
1081.19 0.45
1092 0.52
1102.92 0.59
1113.95 0.66
1125.09 0.74
1136.34 0.81
1147.7 0.89
1159.18 0.97
1170.77 1.05
1182.48 1.12
1194.3 1.2
1206.25 1.28
1218.31 1.36
1230.49 1.43
1242.8 1.5
1255.22 1.58
1267.78 1.65
1280.45 1.71
1293.26 1.78
1306.19 1.85
1319.25 1.91
1332.45 1.97
1345.77 2.03
1359.23 2.09
1372.82 2.15
1386.55 2.2
1400.41 2.25
1414.42 2.31
1428.56 2.36
1442.85 2.41
1457.28 2.46
1471.85 2.51
1486.57 2.55
1501.43 2.6
1516.45 2.65
1531.61 2.7
1546.93 2.75
1562.4 2.79
1578.02 2.84
1593.8 2.89
1609.74 2.94
1625.84 2.99
1642.1 3.05
1658.52 3.1
1675.1 3.16
1691.85 3.21
1708.77 3.27
1725.86 3.33
1743.12 3.39
1760.55 3.45
1778.15 3.52
1795.94 3.58
1813.9 3.65
1832.03 3.72
1850.36 3.79
1868.86 3.87
1887.55 3.95
1906.42 4.03
1925.49 4.11
1944.74 4.2
1964.19 4.28
1983.83 4.38
2003.67 4.47
2023.71 4.57
2043.94 4.67
2064.38 4.77
2085.03 4.88
2105.88 4.99
2126.94 5.1
2148.2 5.22
2169.69 5.33
2191.38 5.45
2213.3 5.58
2235.43 5.7
2257.78 5.83
2280.36 5.96
2303.17 6.1
2326.2 6.23
2349.46 6.37
2372.95 6.51
2396.68 6.64
2420.65 6.78
2444.86 6.92
2469.31 7.07
2494 7.21
2518.94 7.34
2544.13 7.48
2569.57 7.61
2595.27 7.74
2621.22 7.87
2647.43 7.99
2673.9 8.11
2700.64 8.22
2727.65 8.32
2754.93 8.42
2782.48 8.5
2810.3 8.58
2838.4 8.65
2866.79 8.7
2895.46 8.75
2924.41 8.78
2953.65 8.81
2983.19 8.83
3013.02 8.83
3043.15 8.83
3073.58 8.82
3104.32 8.79
3135.36 8.76
3166.72 8.73
3198.38 8.69
3230.37 8.64
3262.67 8.59
3295.3 8.53
3328.25 8.48
3361.53 8.42
3395.15 8.35
3429.1 8.29
3463.39 8.23
3498.03 8.16
3533.01 8.09
3568.34 8.03
3604.02 7.96
3640.06 7.88
3676.46 7.81
3713.22 7.73
3750.36 7.65
3787.86 7.57
3825.74 7.49
3864 7.4
3902.64 7.31
3941.66 7.21
3981.08 7.11
4020.89 7.01
4061.1 6.9
4101.71 6.78
4142.73 6.66
4184.15 6.54
4226 6.41
4268.26 6.27
4310.94 6.13
4354.05 5.99
4397.59 5.84
4441.56 5.69
4485.98 5.54
4530.84 5.39
4576.15 5.24
4621.91 5.1
4668.13 4.96
4714.81 4.83
4761.96 4.7
4809.58 4.58
4857.67 4.47
4906.25 4.36
4955.31 4.26
5004.87 4.16
5054.91 4.06
5105.46 3.96
5156.52 3.87
5208.08 3.77
5260.16 3.67
5312.77 3.57
5365.89 3.46
5419.55 3.34
5473.75 3.22
5528.49 3.1
5583.77 2.97
5639.61 2.84
5696 2.7
5752.96 2.57
5810.49 2.43
5868.6 2.29
5927.28 2.16
5986.56 2.03
6046.42 1.91
6106.89 1.79
6167.96 1.69
6229.64 1.59
6291.93 1.51
6354.85 1.46
6418.4 1.41
6482.58 1.38
6547.41 1.37
6612.88 1.38
6679.01 1.42
6745.8 1.49
6813.26 1.59
6881.39 1.71
6950.21 1.87
7019.71 2.06
7089.91 2.29
7160.81 2.56
7232.41 2.86
7304.74 3.2
7377.79 3.61
7451.56 4.02
7526.08 4.45
7601.34 4.89
7677.35 5.32
7754.13 5.74
7831.67 5.97
7909.98 6.11
7989.08 6.08
8068.98 5.81
8149.67 5.43
8231.16 4.92
8313.47 4.35
8396.61 3.78
8480.57 3.3
8565.38 2.9
8651.03 2.48
8737.54 1.96
8824.92 1.48
8913.17 1.08
9002.3 0.71
9092.32 0.48
9183.25 0.27
9275.08 0.11
9367.83 0
9461.51 -0.05
9556.12 -0.02
9651.68 0.1
9748.2 0.28
9845.68 0.58
9944.14 0.92
10043.58 1.3
10144.02 1.71
10245.46 2.1
10347.91 2.43
10451.39 2.67
10555.91 2.78
10661.46 2.78
10768.08 2.69
10875.76 2.49
10984.52 2.21
11094.36 1.87
11205.31 1.48
11317.36 0.99
11430.53 0.47
11544.84 -0.11
11660.29 -0.72
11776.89 -1.32
11894.66 -1.86
12013.6 -2.38
12133.74 -2.8
12255.08 -3.11
12377.63 -3.35
12501.41 -3.53
12626.42 -3.63
12752.68 -3.63
12880.21 -3.53
13009.01 -3.37
13139.1 -3.22
13270.49 -2.98
13403.2 -2.74
13537.23 -2.52
13672.6 -2.35
13809.33 -2.23
13947.42 -2.22
14086.9 -2.26
14227.77 -2.34
14370.04 -2.41
14513.74 -2.49
14658.88 -2.52
14805.47 -2.51
14953.52 -2.46
15103.06 -2.36
15254.09 -2.24
15406.63 -2
15560.7 -1.67
15716.3 -1.2
15873.47 -0.56
16032.2 0.11
16192.52 0.77
16354.45 1.16
16517.99 1.33
16683.17 0.97
16850.01 0.44
17018.51 -0.2
17188.69 -0.73
17360.58 -1.11
17534.18 -1.37
17709.53 -1.54
17886.62 -2.01
18065.49 -2.88
18246.14 -4.3
18428.6 -6.12
18612.89 -8.02
18799.02 -9.96
18987.01 -11.92
19176.88 -13.39
19368.65 -15.07
19562.33 -16.92
19757.96 -18.75
19955.54 -20.59