20 6.43
20.2 6.43
20.4 6.43
20.61 6.44
20.81 6.44
21.02 6.46
21.23 6.47
21.44 6.5
21.66 6.51
21.87 6.53
22.09 6.54
22.31 6.54
22.54 6.54
22.76 6.53
22.99 6.53
23.22 6.53
23.45 6.53
23.69 6.54
23.92 6.55
24.16 6.56
24.4 6.57
24.65 6.57
24.89 6.57
25.14 6.57
25.39 6.57
25.65 6.57
25.91 6.58
26.16 6.59
26.43 6.59
26.69 6.59
26.96 6.59
27.23 6.59
27.5 6.58
27.77 6.57
28.05 6.56
28.33 6.56
28.62 6.55
28.9 6.55
29.19 6.56
29.48 6.56
29.78 6.56
30.08 6.56
30.38 6.57
30.68 6.57
30.99 6.58
31.3 6.58
31.61 6.57
31.93 6.56
32.24 6.55
32.57 6.55
32.89 6.54
33.22 6.53
33.55 6.52
33.89 6.52
34.23 6.51
34.57 6.5
34.92 6.49
35.27 6.48
35.62 6.47
35.97 6.47
36.33 6.46
36.7 6.45
37.06 6.44
37.43 6.43
37.81 6.42
38.19 6.41
38.57 6.4
38.95 6.38
39.34 6.37
39.74 6.36
40.14 6.34
40.54 6.33
40.94 6.31
41.35 6.3
41.76 6.29
42.18 6.28
42.6 6.27
43.03 6.25
43.46 6.23
43.9 6.2
44.33 6.18
44.78 6.17
45.23 6.16
45.68 6.15
46.13 6.13
46.6 6.11
47.06 6.09
47.53 6.07
48.01 6.05
48.49 6.02
48.97 6
49.46 5.98
49.96 5.96
50.46 5.94
50.96 5.92
51.47 5.9
51.99 5.88
52.51 5.86
53.03 5.83
53.56 5.81
54.1 5.78
54.64 5.75
55.18 5.72
55.74 5.69
56.29 5.66
56.86 5.64
57.42 5.64
58 5.63
58.58 5.61
59.16 5.58
59.76 5.54
60.35 5.52
60.96 5.51
61.57 5.5
62.18 5.47
62.8 5.44
63.43 5.43
64.07 5.42
64.71 5.4
65.35 5.37
66.01 5.35
66.67 5.32
67.33 5.28
68.01 5.25
68.69 5.22
69.37 5.18
70.07 5.15
70.77 5.11
71.48 5.08
72.19 5.04
72.91 5
73.64 4.97
74.38 4.93
75.12 4.89
75.87 4.85
76.63 4.82
77.4 4.78
78.17 4.75
78.95 4.71
79.74 4.67
80.54 4.62
81.35 4.58
82.16 4.54
82.98 4.5
83.81 4.46
84.65 4.42
85.5 4.38
86.35 4.35
87.22 4.3
88.09 4.26
88.97 4.21
89.86 4.17
90.76 4.13
91.66 4.08
92.58 4.04
93.51 4
94.44 3.96
95.39 3.91
96.34 3.87
97.3 3.83
98.28 3.79
99.26 3.74
100.25 3.69
101.25 3.64
102.27 3.6
103.29 3.56
104.32 3.51
105.37 3.46
106.42 3.41
107.48 3.37
108.56 3.32
109.64 3.27
110.74 3.22
111.85 3.18
112.97 3.13
114.1 3.08
115.24 3.04
116.39 2.99
117.55 2.94
118.73 2.91
119.92 2.9
121.12 2.83
122.33 2.72
123.55 2.69
124.79 2.65
126.03 2.59
127.29 2.54
128.57 2.5
129.85 2.45
131.15 2.4
132.46 2.35
133.79 2.3
135.12 2.25
136.48 2.2
137.84 2.15
139.22 2.1
140.61 2.05
142.02 2
143.44 1.94
144.87 1.89
146.32 1.84
147.78 1.79
149.26 1.74
150.75 1.69
152.26 1.64
153.78 1.59
155.32 1.54
156.88 1.49
158.44 1.44
160.03 1.39
161.63 1.34
163.24 1.29
164.88 1.24
166.53 1.19
168.19 1.14
169.87 1.09
171.57 1.04
173.29 0.99
175.02 0.94
176.77 0.89
178.54 0.83
180.32 0.76
182.13 0.74
183.95 0.69
185.79 0.65
187.65 0.6
189.52 0.55
191.42 0.51
193.33 0.46
195.27 0.41
197.22 0.37
199.19 0.32
201.18 0.28
203.19 0.23
205.23 0.19
207.28 0.14
209.35 0.1
211.44 0.05
213.56 0
215.69 -0.04
217.85 -0.08
220.03 -0.13
222.23 -0.17
224.45 -0.22
226.7 -0.26
228.96 -0.3
231.25 -0.35
233.57 -0.39
235.9 -0.43
238.26 -0.49
240.64 -0.54
243.05 -0.55
245.48 -0.59
247.93 -0.63
250.41 -0.67
252.92 -0.71
255.45 -0.75
258 -0.78
260.58 -0.82
263.19 -0.85
265.82 -0.89
268.48 -0.93
271.16 -0.96
273.87 -1
276.61 -1.03
279.38 -1.07
282.17 -1.1
284.99 -1.13
287.84 -1.16
290.72 -1.2
293.63 -1.23
296.57 -1.24
299.53 -1.23
302.53 -1.3
305.55 -1.35
308.61 -1.38
311.69 -1.4
314.81 -1.43
317.96 -1.45
321.14 -1.48
324.35 -1.5
327.59 -1.53
330.87 -1.55
334.18 -1.57
337.52 -1.59
340.9 -1.61
344.3 -1.62
347.75 -1.64
351.23 -1.66
354.74 -1.67
358.28 -1.68
361.87 -1.69
365.49 -1.71
369.14 -1.73
372.83 -1.75
376.56 -1.76
380.33 -1.77
384.13 -1.79
387.97 -1.8
391.85 -1.82
395.77 -1.83
399.73 -1.84
403.72 -1.85
407.76 -1.86
411.84 -1.87
415.96 -1.87
420.12 -1.88
424.32 -1.88
428.56 -1.89
432.85 -1.89
437.18 -1.89
441.55 -1.89
445.96 -1.89
450.42 -1.89
454.93 -1.88
459.48 -1.88
464.07 -1.87
468.71 -1.87
473.4 -1.87
478.13 -1.86
482.91 -1.86
487.74 -1.85
492.62 -1.85
497.55 -1.84
502.52 -1.84
507.55 -1.83
512.62 -1.83
517.75 -1.82
522.93 -1.81
528.16 -1.8
533.44 -1.79
538.77 -1.79
544.16 -1.77
549.6 -1.76
555.1 -1.75
560.65 -1.74
566.25 -1.72
571.92 -1.71
577.64 -1.7
583.41 -1.68
589.25 -1.67
595.14 -1.66
601.09 -1.64
607.1 -1.62
613.17 -1.6
619.3 -1.59
625.5 -1.57
631.75 -1.55
638.07 -1.53
644.45 -1.51
650.89 -1.5
657.4 -1.48
663.98 -1.46
670.62 -1.44
677.32 -1.41
684.1 -1.39
690.94 -1.37
697.85 -1.35
704.83 -1.32
711.87 -1.3
718.99 -1.28
726.18 -1.25
733.44 -1.23
740.78 -1.2
748.19 -1.18
755.67 -1.15
763.23 -1.12
770.86 -1.09
778.57 -1.07
786.35 -1.04
794.22 -1.01
802.16 -0.98
810.18 -0.95
818.28 -0.91
826.46 -0.88
834.73 -0.85
843.08 -0.81
851.51 -0.77
860.02 -0.74
868.62 -0.7
877.31 -0.66
886.08 -0.62
894.94 -0.58
903.89 -0.54
912.93 -0.49
922.06 -0.44
931.28 -0.39
940.59 -0.34
950 -0.29
959.5 -0.24
969.09 -0.18
978.78 -0.13
988.57 -0.07
998.46 -0.01
1008.44 0.05
1018.53 0.11
1028.71 0.17
1039 0.24
1049.39 0.3
1059.88 0.37
1070.48 0.43
1081.19 0.5
1092 0.57
1102.92 0.63
1113.95 0.7
1125.09 0.77
1136.34 0.83
1147.7 0.9
1159.18 0.96
1170.77 1.02
1182.48 1.08
1194.3 1.14
1206.25 1.2
1218.31 1.25
1230.49 1.3
1242.8 1.35
1255.22 1.39
1267.78 1.44
1280.45 1.48
1293.26 1.51
1306.19 1.55
1319.25 1.58
1332.45 1.61
1345.77 1.63
1359.23 1.65
1372.82 1.67
1386.55 1.69
1400.41 1.71
1414.42 1.72
1428.56 1.73
1442.85 1.74
1457.28 1.74
1471.85 1.75
1486.57 1.75
1501.43 1.75
1516.45 1.75
1531.61 1.75
1546.93 1.75
1562.4 1.75
1578.02 1.74
1593.8 1.74
1609.74 1.73
1625.84 1.73
1642.1 1.73
1658.52 1.72
1675.1 1.72
1691.85 1.71
1708.77 1.71
1725.86 1.7
1743.12 1.7
1760.55 1.7
1778.15 1.7
1795.94 1.69
1813.9 1.69
1832.03 1.69
1850.36 1.69
1868.86 1.68
1887.55 1.68
1906.42 1.69
1925.49 1.69
1944.74 1.69
1964.19 1.69
1983.83 1.69
2003.67 1.69
2023.71 1.7
2043.94 1.7
2064.38 1.7
2085.03 1.71
2105.88 1.71
2126.94 1.72
2148.2 1.72
2169.69 1.72
2191.38 1.73
2213.3 1.73
2235.43 1.74
2257.78 1.74
2280.36 1.74
2303.17 1.75
2326.2 1.75
2349.46 1.75
2372.95 1.76
2396.68 1.76
2420.65 1.76
2444.86 1.76
2469.31 1.76
2494 1.76
2518.94 1.76
2544.13 1.76
2569.57 1.76
2595.27 1.76
2621.22 1.77
2647.43 1.76
2673.9 1.76
2700.64 1.76
2727.65 1.76
2754.93 1.76
2782.48 1.76
2810.3 1.76
2838.4 1.76
2866.79 1.76
2895.46 1.77
2924.41 1.77
2953.65 1.78
2983.19 1.78
3013.02 1.79
3043.15 1.8
3073.58 1.82
3104.32 1.83
3135.36 1.84
3166.72 1.86
3198.38 1.88
3230.37 1.9
3262.67 1.93
3295.3 1.95
3328.25 1.97
3361.53 2
3395.15 2.03
3429.1 2.05
3463.39 2.07
3498.03 2.1
3533.01 2.12
3568.34 2.14
3604.02 2.16
3640.06 2.17
3676.46 2.18
3713.22 2.19
3750.36 2.2
3787.86 2.21
3825.74 2.21
3864 2.21
3902.64 2.2
3941.66 2.19
3981.08 2.17
4020.89 2.15
4061.1 2.13
4101.71 2.09
4142.73 2.05
4184.15 2
4226 1.94
4268.26 1.88
4310.94 1.8
4354.05 1.71
4397.59 1.61
4441.56 1.5
4485.98 1.39
4530.84 1.26
4576.15 1.12
4621.91 0.97
4668.13 0.81
4714.81 0.64
4761.96 0.47
4809.58 0.28
4857.67 0.1
4906.25 -0.1
4955.31 -0.3
5004.87 -0.49
5054.91 -0.69
5105.46 -0.88
5156.52 -1.06
5208.08 -1.24
5260.16 -1.4
5312.77 -1.56
5365.89 -1.71
5419.55 -1.83
5473.75 -1.94
5528.49 -2.03
5583.77 -2.08
5639.61 -2.14
5696 -2.19
5752.96 -2.21
5810.49 -2.24
5868.6 -2.3
5927.28 -2.31
5986.56 -2.27
6046.42 -2.28
6106.89 -2.27
6167.96 -2.21
6229.64 -2.1
6291.93 -1.97
6354.85 -1.81
6418.4 -1.63
6482.58 -1.42
6547.41 -1.2
6612.88 -0.96
6679.01 -0.7
6745.8 -0.43
6813.26 -0.15
6881.39 0.15
6950.21 0.45
7019.71 0.76
7089.91 1.08
7160.81 1.39
7232.41 1.7
7304.74 2.01
7377.79 2.3
7451.56 2.58
7526.08 2.85
7601.34 3.1
7677.35 3.33
7754.13 3.54
7831.67 3.69
7909.98 3.81
7989.08 3.88
8068.98 3.86
8149.67 3.78
8231.16 3.6
8313.47 3.3
8396.61 2.95
8480.57 2.51
8565.38 1.99
8651.03 1.41
8737.54 0.74
8824.92 0.04
8913.17 -0.67
9002.3 -1.39
9092.32 -2.1
9183.25 -2.77
9275.08 -3.4
9367.83 -3.97
9461.51 -4.47
9556.12 -4.91
9651.68 -5.3
9748.2 -5.62
9845.68 -5.86
9944.14 -6.06
10043.58 -6.2
10144.02 -6.31
10245.46 -6.35
10347.91 -6.37
10451.39 -6.37
10555.91 -6.35
10661.46 -6.31
10768.08 -6.28
10875.76 -6.21
10984.52 -6.14
11094.36 -6.07
11205.31 -6
11317.36 -5.9
11430.53 -5.8
11544.84 -5.67
11660.29 -5.52
11776.89 -5.38
11894.66 -5.16
12013.6 -4.93
12133.74 -4.65
12255.08 -4.32
12377.63 -3.97
12501.41 -3.56
12626.42 -3.11
12752.68 -2.62
12880.21 -2.06
13009.01 -1.48
13139.1 -0.9
13270.49 -0.25
13403.2 0.41
13537.23 1.05
13672.6 1.61
13809.33 2.09
13947.42 2.34
14086.9 2.37
14227.77 2.27
14370.04 2.08
14513.74 1.78
14658.88 1.48
14805.47 1.23
14953.52 1.06
15103.06 1.02
15254.09 1.04
15406.63 1.14
15560.7 1.2
15716.3 1.19
15873.47 1.19
16032.2 1.25
16192.52 1.55
16354.45 1.47
16517.99 1.07
16683.17 -0.17
16850.01 -1.63
17018.51 -3.22
17188.69 -4.78
17360.58 -6.22
17534.18 -7.55
17709.53 -8.73
17886.62 -9.76
18065.49 -10.67
18246.14 -11.46
18428.6 -12.06
18612.89 -12.57
18799.02 -12.99
18987.01 -13.26
19176.88 -13.54
19368.65 -13.84
19562.33 -14.29
19757.96 -15.03
19955.54 -15.77