20 14.04
20.2 14.04
20.4 14.04
20.61 14.04
20.81 14.04
21.02 14.04
21.23 14.04
21.44 14.04
21.66 14.04
21.87 14.04
22.09 14.04
22.31 14.04
22.54 14.04
22.76 14.03
22.99 14.03
23.22 14.03
23.45 14.02
23.69 14.02
23.92 14.02
24.16 14.02
24.4 14.03
24.65 14.03
24.89 14.05
25.14 14.06
25.39 14.08
25.65 14.09
25.91 14.1
26.16 14.1
26.43 14.09
26.69 14.07
26.96 14.05
27.23 14.02
27.5 14
27.77 13.99
28.05 13.98
28.33 13.98
28.62 13.97
28.9 13.97
29.19 13.95
29.48 13.93
29.78 13.91
30.08 13.88
30.38 13.86
30.68 13.85
30.99 13.85
31.3 13.86
31.61 13.87
31.93 13.88
32.24 13.88
32.57 13.87
32.89 13.85
33.22 13.82
33.55 13.79
33.89 13.77
34.23 13.75
34.57 13.74
34.92 13.71
35.27 13.68
35.62 13.64
35.97 13.59
36.33 13.55
36.7 13.51
37.06 13.49
37.43 13.47
37.81 13.46
38.19 13.44
38.57 13.42
38.95 13.4
39.34 13.39
39.74 13.38
40.14 13.38
40.54 13.38
40.94 13.38
41.35 13.37
41.76 13.35
42.18 13.33
42.6 13.31
43.03 13.29
43.46 13.27
43.9 13.25
44.33 13.23
44.78 13.21
45.23 13.2
45.68 13.18
46.13 13.16
46.6 13.14
47.06 13.11
47.53 13.08
48.01 13.05
48.49 13.01
48.97 12.98
49.46 12.94
49.96 12.91
50.46 12.88
50.96 12.84
51.47 12.8
51.99 12.76
52.51 12.72
53.03 12.69
53.56 12.67
54.1 12.64
54.64 12.61
55.18 12.58
55.74 12.55
56.29 12.52
56.86 12.49
57.42 12.44
58 12.4
58.58 12.33
59.16 12.27
59.76 12.21
60.35 12.17
60.96 12.14
61.57 12.13
62.18 12.12
62.8 12.1
63.43 12.08
64.07 12.05
64.71 12.02
65.35 11.98
66.01 11.94
66.67 11.91
67.33 11.87
68.01 11.83
68.69 11.8
69.37 11.76
70.07 11.72
70.77 11.68
71.48 11.64
72.19 11.6
72.91 11.56
73.64 11.52
74.38 11.48
75.12 11.43
75.87 11.38
76.63 11.32
77.4 11.27
78.17 11.22
78.95 11.17
79.74 11.13
80.54 11.08
81.35 11.04
82.16 10.99
82.98 10.95
83.81 10.9
84.65 10.85
85.5 10.8
86.35 10.76
87.22 10.71
88.09 10.65
88.97 10.6
89.86 10.55
90.76 10.5
91.66 10.45
92.58 10.4
93.51 10.34
94.44 10.29
95.39 10.24
96.34 10.18
97.3 10.13
98.28 10.08
99.26 10.02
100.25 9.97
101.25 9.91
102.27 9.86
103.29 9.8
104.32 9.75
105.37 9.69
106.42 9.64
107.48 9.58
108.56 9.53
109.64 9.48
110.74 9.43
111.85 9.38
112.97 9.33
114.1 9.28
115.24 9.22
116.39 9.15
117.55 9.09
118.73 9.01
119.92 8.95
121.12 8.89
122.33 8.85
123.55 8.8
124.79 8.76
126.03 8.71
127.29 8.65
128.57 8.59
129.85 8.53
131.15 8.47
132.46 8.41
133.79 8.35
135.12 8.28
136.48 8.22
137.84 8.16
139.22 8.09
140.61 8.03
142.02 7.96
143.44 7.9
144.87 7.84
146.32 7.77
147.78 7.71
149.26 7.65
150.75 7.58
152.26 7.52
153.78 7.46
155.32 7.39
156.88 7.33
158.44 7.27
160.03 7.2
161.63 7.14
163.24 7.07
164.88 7.01
166.53 6.94
168.19 6.88
169.87 6.81
171.57 6.74
173.29 6.67
175.02 6.6
176.77 6.53
178.54 6.46
180.32 6.39
182.13 6.32
183.95 6.26
185.79 6.19
187.65 6.13
189.52 6.07
191.42 6
193.33 5.94
195.27 5.87
197.22 5.8
199.19 5.73
201.18 5.66
203.19 5.59
205.23 5.52
207.28 5.46
209.35 5.39
211.44 5.32
213.56 5.26
215.69 5.19
217.85 5.13
220.03 5.07
222.23 5.01
224.45 4.95
226.7 4.9
228.96 4.84
231.25 4.79
233.57 4.74
235.9 4.69
238.26 4.64
240.64 4.58
243.05 4.51
245.48 4.44
247.93 4.36
250.41 4.29
252.92 4.22
255.45 4.15
258 4.08
260.58 4.02
263.19 3.95
265.82 3.88
268.48 3.81
271.16 3.74
273.87 3.67
276.61 3.6
279.38 3.54
282.17 3.47
284.99 3.4
287.84 3.34
290.72 3.27
293.63 3.21
296.57 3.14
299.53 3.07
302.53 3.01
305.55 2.94
308.61 2.87
311.69 2.8
314.81 2.73
317.96 2.66
321.14 2.59
324.35 2.52
327.59 2.45
330.87 2.38
334.18 2.31
337.52 2.24
340.9 2.17
344.3 2.11
347.75 2.04
351.23 1.97
354.74 1.91
358.28 1.85
361.87 1.79
365.49 1.74
369.14 1.69
372.83 1.64
376.56 1.59
380.33 1.55
384.13 1.5
387.97 1.46
391.85 1.41
395.77 1.35
399.73 1.3
403.72 1.24
407.76 1.17
411.84 1.11
415.96 1.05
420.12 0.98
424.32 0.92
428.56 0.85
432.85 0.78
437.18 0.72
441.55 0.65
445.96 0.59
450.42 0.52
454.93 0.46
459.48 0.4
464.07 0.34
468.71 0.29
473.4 0.23
478.13 0.18
482.91 0.13
487.74 0.07
492.62 0.02
497.55 -0.03
502.52 -0.08
507.55 -0.13
512.62 -0.19
517.75 -0.24
522.93 -0.3
528.16 -0.35
533.44 -0.41
538.77 -0.46
544.16 -0.52
549.6 -0.58
555.1 -0.64
560.65 -0.71
566.25 -0.77
571.92 -0.83
577.64 -0.9
583.41 -0.96
589.25 -1.03
595.14 -1.09
601.09 -1.15
607.1 -1.21
613.17 -1.27
619.3 -1.33
625.5 -1.38
631.75 -1.43
638.07 -1.48
644.45 -1.52
650.89 -1.57
657.4 -1.6
663.98 -1.63
670.62 -1.66
677.32 -1.68
684.1 -1.69
690.94 -1.7
697.85 -1.7
704.83 -1.69
711.87 -1.68
718.99 -1.66
726.18 -1.63
733.44 -1.6
740.78 -1.56
748.19 -1.52
755.67 -1.47
763.23 -1.43
770.86 -1.37
778.57 -1.32
786.35 -1.27
794.22 -1.22
802.16 -1.16
810.18 -1.11
818.28 -1.06
826.46 -1.01
834.73 -0.96
843.08 -0.91
851.51 -0.86
860.02 -0.82
868.62 -0.77
877.31 -0.73
886.08 -0.68
894.94 -0.64
903.89 -0.59
912.93 -0.54
922.06 -0.49
931.28 -0.43
940.59 -0.38
950 -0.32
959.5 -0.27
969.09 -0.21
978.78 -0.14
988.57 -0.08
998.46 -0.01
1008.44 0.06
1018.53 0.13
1028.71 0.21
1039 0.29
1049.39 0.37
1059.88 0.45
1070.48 0.54
1081.19 0.62
1092 0.72
1102.92 0.81
1113.95 0.9
1125.09 1
1136.34 1.1
1147.7 1.19
1159.18 1.29
1170.77 1.4
1182.48 1.5
1194.3 1.6
1206.25 1.71
1218.31 1.81
1230.49 1.91
1242.8 2.02
1255.22 2.12
1267.78 2.23
1280.45 2.33
1293.26 2.44
1306.19 2.54
1319.25 2.65
1332.45 2.76
1345.77 2.87
1359.23 2.98
1372.82 3.09
1386.55 3.2
1400.41 3.31
1414.42 3.43
1428.56 3.54
1442.85 3.66
1457.28 3.79
1471.85 3.91
1486.57 4.04
1501.43 4.17
1516.45 4.3
1531.61 4.44
1546.93 4.58
1562.4 4.72
1578.02 4.87
1593.8 5.02
1609.74 5.17
1625.84 5.33
1642.1 5.49
1658.52 5.65
1675.1 5.82
1691.85 5.99
1708.77 6.17
1725.86 6.35
1743.12 6.53
1760.55 6.72
1778.15 6.91
1795.94 7.1
1813.9 7.3
1832.03 7.49
1850.36 7.69
1868.86 7.89
1887.55 8.08
1906.42 8.28
1925.49 8.47
1944.74 8.66
1964.19 8.85
1983.83 9.03
2003.67 9.2
2023.71 9.36
2043.94 9.51
2064.38 9.66
2085.03 9.79
2105.88 9.9
2126.94 10
2148.2 10.08
2169.69 10.14
2191.38 10.19
2213.3 10.21
2235.43 10.23
2257.78 10.22
2280.36 10.19
2303.17 10.15
2326.2 10.1
2349.46 10.02
2372.95 9.94
2396.68 9.85
2420.65 9.74
2444.86 9.63
2469.31 9.52
2494 9.4
2518.94 9.28
2544.13 9.16
2569.57 9.04
2595.27 8.92
2621.22 8.81
2647.43 8.7
2673.9 8.6
2700.64 8.5
2727.65 8.41
2754.93 8.32
2782.48 8.25
2810.3 8.19
2838.4 8.13
2866.79 8.08
2895.46 8.05
2924.41 8.02
2953.65 8.01
2983.19 8.01
3013.02 8.01
3043.15 8.03
3073.58 8.07
3104.32 8.11
3135.36 8.17
3166.72 8.24
3198.38 8.31
3230.37 8.41
3262.67 8.51
3295.3 8.62
3328.25 8.74
3361.53 8.88
3395.15 9.02
3429.1 9.17
3463.39 9.32
3498.03 9.48
3533.01 9.65
3568.34 9.81
3604.02 9.98
3640.06 10.13
3676.46 10.28
3713.22 10.42
3750.36 10.54
3787.86 10.62
3825.74 10.71
3864 10.75
3902.64 10.74
3941.66 10.72
3981.08 10.64
4020.89 10.52
4061.1 10.37
4101.71 10.16
4142.73 9.91
4184.15 9.63
4226 9.29
4268.26 8.94
4310.94 8.56
4354.05 8.15
4397.59 7.74
4441.56 7.31
4485.98 6.88
4530.84 6.45
4576.15 6.04
4621.91 5.64
4668.13 5.27
4714.81 4.94
4761.96 4.63
4809.58 4.37
4857.67 4.16
4906.25 4.02
4955.31 3.91
5004.87 3.86
5054.91 3.88
5105.46 3.93
5156.52 4.03
5208.08 4.17
5260.16 4.34
5312.77 4.53
5365.89 4.75
5419.55 4.99
5473.75 5.24
5528.49 5.48
5583.77 5.72
5639.61 5.93
5696 6.12
5752.96 6.25
5810.49 6.36
5868.6 6.42
5927.28 6.49
5986.56 6.57
6046.42 6.71
6106.89 6.91
6167.96 7.18
6229.64 7.54
6291.93 7.96
6354.85 8.44
6418.4 8.92
6482.58 9.43
6547.41 9.93
6612.88 10.42
6679.01 10.9
6745.8 11.36
6813.26 11.81
6881.39 12.24
6950.21 12.68
7019.71 13.14
7089.91 13.62
7160.81 14.14
7232.41 14.69
7304.74 15.27
7377.79 15.89
7451.56 16.5
7526.08 17.08
7601.34 17.6
7677.35 17.98
7754.13 18.29
7831.67 18.33
7909.98 18.26
7989.08 18.02
8068.98 17.6
8149.67 17.11
8231.16 16.56
8313.47 16.02
8396.61 15.51
8480.57 15.08
8565.38 14.74
8651.03 14.44
8737.54 14.16
8824.92 13.8
8913.17 13.24
9002.3 12.6
9092.32 11.62
9183.25 10.43
9275.08 9.1
9367.83 7.64
9461.51 6.18
9556.12 4.8
9651.68 3.56
9748.2 2.49
9845.68 1.72
9944.14 1.11
10043.58 0.69
10144.02 0.39
10245.46 0.24
10347.91 0.16
10451.39 0.15
10555.91 0.23
10661.46 0.34
10768.08 0.49
10875.76 0.69
10984.52 0.91
11094.36 1.15
11205.31 1.4
11317.36 1.65
11430.53 1.87
11544.84 2.06
11660.29 2.2
11776.89 2.3
11894.66 2.28
12013.6 2.25
12133.74 2.15
12255.08 1.99
12377.63 1.8
12501.41 1.6
12626.42 1.42
12752.68 1.27
12880.21 1.23
13009.01 1.25
13139.1 1.26
13270.49 1.44
13403.2 1.67
13537.23 2.02
13672.6 2.38
13809.33 2.76
13947.42 3
14086.9 2.97
14227.77 2.76
14370.04 2.25
14513.74 1.41
14658.88 0.16
14805.47 -1.2
14953.52 -2.75
15103.06 -4.28
15254.09 -5.79
15406.63 -6.87
15560.7 -7.73
15716.3 -8.25
15873.47 -8.52
16032.2 -8.69
16192.52 -8.71
16354.45 -8.74
16517.99 -8.81
16683.17 -9.16
16850.01 -9.86
17018.51 -10.88
17188.69 -12.5
17360.58 -14.5
17534.18 -16.77
17709.53 -19.36
17886.62 -22.05
18065.49 -24.67
18246.14 -27.11
18428.6 -28.89
18612.89 -30.21
18799.02 -31.1
18987.01 -31.64
19176.88 -31.94
19368.65 -32.22
19562.33 -32.58
19757.96 -33.11
19955.54 -33.64