20 9.9
20.2 9.91
20.4 9.92
20.61 9.93
20.81 9.95
21.02 9.96
21.23 9.97
21.44 9.99
21.66 10.01
21.87 10.03
22.09 10.04
22.31 10.05
22.54 10.06
22.76 10.07
22.99 10.07
23.22 10.07
23.45 10.08
23.69 10.08
23.92 10.08
24.16 10.09
24.4 10.09
24.65 10.1
24.89 10.1
25.14 10.11
25.39 10.11
25.65 10.11
25.91 10.12
26.16 10.11
26.43 10.11
26.69 10.1
26.96 10.1
27.23 10.09
27.5 10.1
27.77 10.1
28.05 10.11
28.33 10.12
28.62 10.11
28.9 10.1
29.19 10.09
29.48 10.07
29.78 10.06
30.08 10.05
30.38 10.05
30.68 10.05
30.99 10.05
31.3 10.04
31.61 10.03
31.93 10.02
32.24 10.01
32.57 9.99
32.89 9.98
33.22 9.97
33.55 9.95
33.89 9.94
34.23 9.93
34.57 9.91
34.92 9.9
35.27 9.89
35.62 9.87
35.97 9.86
36.33 9.84
36.7 9.82
37.06 9.8
37.43 9.78
37.81 9.77
38.19 9.75
38.57 9.74
38.95 9.73
39.34 9.72
39.74 9.69
40.14 9.66
40.54 9.63
40.94 9.6
41.35 9.58
41.76 9.56
42.18 9.54
42.6 9.51
43.03 9.47
43.46 9.45
43.9 9.42
44.33 9.41
44.78 9.39
45.23 9.36
45.68 9.34
46.13 9.31
46.6 9.28
47.06 9.25
47.53 9.22
48.01 9.18
48.49 9.15
48.97 9.11
49.46 9.08
49.96 9.05
50.46 9.03
50.96 9
51.47 8.96
51.99 8.93
52.51 8.9
53.03 8.86
53.56 8.82
54.1 8.79
54.64 8.75
55.18 8.71
55.74 8.68
56.29 8.64
56.86 8.6
57.42 8.56
58 8.51
58.58 8.48
59.16 8.45
59.76 8.42
60.35 8.37
60.96 8.32
61.57 8.28
62.18 8.24
62.8 8.19
63.43 8.14
64.07 8.1
64.71 8.06
65.35 8.01
66.01 7.97
66.67 7.92
67.33 7.87
68.01 7.82
68.69 7.77
69.37 7.72
70.07 7.68
70.77 7.63
71.48 7.58
72.19 7.54
72.91 7.49
73.64 7.44
74.38 7.39
75.12 7.34
75.87 7.28
76.63 7.23
77.4 7.19
78.17 7.13
78.95 7.07
79.74 7.01
80.54 6.96
81.35 6.91
82.16 6.85
82.98 6.79
83.81 6.73
84.65 6.68
85.5 6.62
86.35 6.56
87.22 6.5
88.09 6.44
88.97 6.38
89.86 6.33
90.76 6.26
91.66 6.2
92.58 6.14
93.51 6.08
94.44 6.02
95.39 5.95
96.34 5.89
97.3 5.83
98.28 5.77
99.26 5.7
100.25 5.64
101.25 5.58
102.27 5.51
103.29 5.45
104.32 5.38
105.37 5.31
106.42 5.25
107.48 5.19
108.56 5.11
109.64 5.04
110.74 4.98
111.85 4.91
112.97 4.84
114.1 4.77
115.24 4.7
116.39 4.63
117.55 4.56
118.73 4.49
119.92 4.42
121.12 4.35
122.33 4.28
123.55 4.21
124.79 4.13
126.03 4.06
127.29 3.99
128.57 3.91
129.85 3.84
131.15 3.76
132.46 3.69
133.79 3.62
135.12 3.54
136.48 3.46
137.84 3.39
139.22 3.31
140.61 3.24
142.02 3.16
143.44 3.09
144.87 3.01
146.32 2.93
147.78 2.86
149.26 2.78
150.75 2.7
152.26 2.63
153.78 2.55
155.32 2.47
156.88 2.4
158.44 2.32
160.03 2.24
161.63 2.17
163.24 2.09
164.88 2.01
166.53 1.94
168.19 1.86
169.87 1.78
171.57 1.7
173.29 1.63
175.02 1.55
176.77 1.47
178.54 1.4
180.32 1.32
182.13 1.25
183.95 1.18
185.79 1.11
187.65 1.03
189.52 0.96
191.42 0.89
193.33 0.83
195.27 0.76
197.22 0.68
199.19 0.62
201.18 0.55
203.19 0.48
205.23 0.42
207.28 0.36
209.35 0.29
211.44 0.23
213.56 0.17
215.69 0.11
217.85 0.06
220.03 0
222.23 -0.05
224.45 -0.1
226.7 -0.14
228.96 -0.17
231.25 -0.2
233.57 -0.21
235.9 -0.22
238.26 -0.22
240.64 -0.22
243.05 -0.22
245.48 -0.23
247.93 -0.24
250.41 -0.25
252.92 -0.26
255.45 -0.28
258 -0.29
260.58 -0.3
263.19 -0.31
265.82 -0.31
268.48 -0.32
271.16 -0.32
273.87 -0.31
276.61 -0.28
279.38 -0.24
282.17 -0.18
284.99 -0.11
287.84 -0.04
290.72 0.02
293.63 0.06
296.57 0.09
299.53 0.12
302.53 0.15
305.55 0.18
308.61 0.2
311.69 0.23
314.81 0.25
317.96 0.28
321.14 0.3
324.35 0.33
327.59 0.36
330.87 0.38
334.18 0.41
337.52 0.44
340.9 0.47
344.3 0.49
347.75 0.52
351.23 0.55
354.74 0.58
358.28 0.61
361.87 0.64
365.49 0.67
369.14 0.7
372.83 0.73
376.56 0.76
380.33 0.78
384.13 0.8
387.97 0.82
391.85 0.83
395.77 0.84
399.73 0.85
403.72 0.86
407.76 0.87
411.84 0.88
415.96 0.89
420.12 0.9
424.32 0.9
428.56 0.9
432.85 0.9
437.18 0.9
441.55 0.9
445.96 0.9
450.42 0.89
454.93 0.88
459.48 0.87
464.07 0.86
468.71 0.84
473.4 0.82
478.13 0.81
482.91 0.79
487.74 0.77
492.62 0.75
497.55 0.73
502.52 0.71
507.55 0.68
512.62 0.66
517.75 0.64
522.93 0.61
528.16 0.59
533.44 0.56
538.77 0.54
544.16 0.51
549.6 0.49
555.1 0.46
560.65 0.43
566.25 0.4
571.92 0.37
577.64 0.35
583.41 0.32
589.25 0.29
595.14 0.27
601.09 0.24
607.1 0.21
613.17 0.18
619.3 0.15
625.5 0.13
631.75 0.1
638.07 0.07
644.45 0.05
650.89 0.02
657.4 -0.01
663.98 -0.04
670.62 -0.06
677.32 -0.08
684.1 -0.1
690.94 -0.13
697.85 -0.15
704.83 -0.17
711.87 -0.19
718.99 -0.21
726.18 -0.23
733.44 -0.25
740.78 -0.27
748.19 -0.29
755.67 -0.3
763.23 -0.32
770.86 -0.33
778.57 -0.34
786.35 -0.36
794.22 -0.37
802.16 -0.37
810.18 -0.38
818.28 -0.39
826.46 -0.39
834.73 -0.39
843.08 -0.39
851.51 -0.39
860.02 -0.39
868.62 -0.38
877.31 -0.37
886.08 -0.36
894.94 -0.35
903.89 -0.33
912.93 -0.31
922.06 -0.29
931.28 -0.26
940.59 -0.24
950 -0.21
959.5 -0.17
969.09 -0.14
978.78 -0.1
988.57 -0.05
998.46 -0.01
1008.44 0.04
1018.53 0.09
1028.71 0.14
1039 0.2
1049.39 0.26
1059.88 0.32
1070.48 0.39
1081.19 0.45
1092 0.52
1102.92 0.59
1113.95 0.65
1125.09 0.71
1136.34 0.77
1147.7 0.84
1159.18 0.91
1170.77 0.98
1182.48 1.05
1194.3 1.12
1206.25 1.19
1218.31 1.25
1230.49 1.31
1242.8 1.37
1255.22 1.42
1267.78 1.46
1280.45 1.51
1293.26 1.55
1306.19 1.6
1319.25 1.64
1332.45 1.69
1345.77 1.73
1359.23 1.77
1372.82 1.82
1386.55 1.87
1400.41 1.9
1414.42 1.95
1428.56 1.99
1442.85 2.03
1457.28 2.08
1471.85 2.12
1486.57 2.16
1501.43 2.2
1516.45 2.24
1531.61 2.28
1546.93 2.32
1562.4 2.36
1578.02 2.4
1593.8 2.43
1609.74 2.47
1625.84 2.51
1642.1 2.55
1658.52 2.59
1675.1 2.63
1691.85 2.67
1708.77 2.71
1725.86 2.75
1743.12 2.79
1760.55 2.84
1778.15 2.88
1795.94 2.93
1813.9 2.97
1832.03 3.02
1850.36 3.07
1868.86 3.12
1887.55 3.17
1906.42 3.22
1925.49 3.27
1944.74 3.32
1964.19 3.38
1983.83 3.43
2003.67 3.49
2023.71 3.55
2043.94 3.61
2064.38 3.67
2085.03 3.73
2105.88 3.79
2126.94 3.86
2148.2 3.92
2169.69 3.99
2191.38 4.05
2213.3 4.12
2235.43 4.19
2257.78 4.26
2280.36 4.34
2303.17 4.41
2326.2 4.48
2349.46 4.56
2372.95 4.63
2396.68 4.71
2420.65 4.79
2444.86 4.87
2469.31 4.95
2494 5.03
2518.94 5.12
2544.13 5.2
2569.57 5.29
2595.27 5.38
2621.22 5.46
2647.43 5.56
2673.9 5.65
2700.64 5.74
2727.65 5.83
2754.93 5.92
2782.48 6.02
2810.3 6.11
2838.4 6.21
2866.79 6.3
2895.46 6.4
2924.41 6.5
2953.65 6.59
2983.19 6.69
3013.02 6.79
3043.15 6.89
3073.58 6.99
3104.32 7.09
3135.36 7.19
3166.72 7.29
3198.38 7.38
3230.37 7.47
3262.67 7.57
3295.3 7.66
3328.25 7.74
3361.53 7.83
3395.15 7.91
3429.1 7.98
3463.39 8.05
3498.03 8.11
3533.01 8.16
3568.34 8.21
3604.02 8.25
3640.06 8.28
3676.46 8.3
3713.22 8.31
3750.36 8.3
3787.86 8.29
3825.74 8.27
3864 8.23
3902.64 8.18
3941.66 8.13
3981.08 8.06
4020.89 7.98
4061.1 7.89
4101.71 7.79
4142.73 7.69
4184.15 7.58
4226 7.46
4268.26 7.34
4310.94 7.22
4354.05 7.08
4397.59 6.94
4441.56 6.79
4485.98 6.64
4530.84 6.49
4576.15 6.33
4621.91 6.18
4668.13 6.02
4714.81 5.86
4761.96 5.7
4809.58 5.54
4857.67 5.38
4906.25 5.21
4955.31 5.05
5004.87 4.88
5054.91 4.72
5105.46 4.56
5156.52 4.4
5208.08 4.24
5260.16 4.08
5312.77 3.91
5365.89 3.75
5419.55 3.59
5473.75 3.43
5528.49 3.31
5583.77 3.24
5639.61 3.19
5696 3.15
5752.96 3.06
5810.49 2.96
5868.6 2.84
5927.28 2.73
5986.56 2.62
6046.42 2.51
6106.89 2.4
6167.96 2.3
6229.64 2.2
6291.93 2.12
6354.85 2.05
6418.4 2
6482.58 1.97
6547.41 1.96
6612.88 1.96
6679.01 1.99
6745.8 2.03
6813.26 2.09
6881.39 2.16
6950.21 2.24
7019.71 2.33
7089.91 2.43
7160.81 2.56
7232.41 2.71
7304.74 2.87
7377.79 3.05
7451.56 3.25
7526.08 3.46
7601.34 3.67
7677.35 3.87
7754.13 4.06
7831.67 4.19
7909.98 4.29
7989.08 4.32
8068.98 4.22
8149.67 4.06
8231.16 3.79
8313.47 3.42
8396.61 2.99
8480.57 2.48
8565.38 1.9
8651.03 1.27
8737.54 0.61
8824.92 -0.07
8913.17 -0.71
9002.3 -1.34
9092.32 -1.86
9183.25 -2.3
9275.08 -2.67
9367.83 -2.98
9461.51 -3.24
9556.12 -3.48
9651.68 -3.73
9748.2 -4
9845.68 -4.31
9944.14 -4.64
10043.58 -5
10144.02 -5.36
10245.46 -5.73
10347.91 -6.1
10451.39 -6.45
10555.91 -6.77
10661.46 -7.08
10768.08 -7.38
10875.76 -7.63
10984.52 -7.87
11094.36 -8.06
11205.31 -8.19
11317.36 -8.33
11430.53 -8.44
11544.84 -8.5
11660.29 -8.5
11776.89 -8.5
11894.66 -8.47
12013.6 -8.42
12133.74 -8.33
12255.08 -8.2
12377.63 -8.04
12501.41 -7.85
12626.42 -7.63
12752.68 -7.34
12880.21 -6.99
13009.01 -6.61
13139.1 -6.23
13270.49 -5.77
13403.2 -5.26
13537.23 -4.66
13672.6 -4.03
13809.33 -3.35
13947.42 -2.65
14086.9 -2.05
14227.77 -1.52
14370.04 -1.2
14513.74 -1.16
14658.88 -1.55
14805.47 -1.97
14953.52 -2.45
15103.06 -2.93
15254.09 -3.42
15406.63 -4.15
15560.7 -4.98
15716.3 -5.95
15873.47 -7.02
16032.2 -8.14
16192.52 -9.34
16354.45 -10.6
16517.99 -11.89
16683.17 -13.24
16850.01 -14.57
17018.51 -15.88
17188.69 -17.12
17360.58 -18.28
17534.18 -19.41
17709.53 -20.6
17886.62 -21.7
18065.49 -22.79
18246.14 -23.87
18428.6 -24.85
18612.89 -25.92
18799.02 -26.97
18987.01 -27.82
19176.88 -28.46
19368.65 -28.98
19562.33 -29.54
19757.96 -30.33
19955.54 -31.11