20 7.16
20.2 7.18
20.4 7.2
20.61 7.22
20.81 7.23
21.02 7.24
21.23 7.25
21.44 7.26
21.66 7.27
21.87 7.29
22.09 7.3
22.31 7.32
22.54 7.33
22.76 7.35
22.99 7.36
23.22 7.37
23.45 7.38
23.69 7.39
23.92 7.39
24.16 7.4
24.4 7.4
24.65 7.41
24.89 7.41
25.14 7.41
25.39 7.42
25.65 7.43
25.91 7.43
26.16 7.44
26.43 7.45
26.69 7.45
26.96 7.46
27.23 7.46
27.5 7.46
27.77 7.46
28.05 7.45
28.33 7.45
28.62 7.44
28.9 7.44
29.19 7.43
29.48 7.43
29.78 7.43
30.08 7.43
30.38 7.42
30.68 7.42
30.99 7.42
31.3 7.42
31.61 7.41
31.93 7.41
32.24 7.4
32.57 7.4
32.89 7.39
33.22 7.38
33.55 7.37
33.89 7.36
34.23 7.35
34.57 7.34
34.92 7.33
35.27 7.32
35.62 7.31
35.97 7.29
36.33 7.28
36.7 7.27
37.06 7.25
37.43 7.24
37.81 7.23
38.19 7.22
38.57 7.2
38.95 7.18
39.34 7.17
39.74 7.15
40.14 7.13
40.54 7.11
40.94 7.1
41.35 7.08
41.76 7.06
42.18 7.04
42.6 7.02
43.03 7
43.46 6.98
43.9 6.96
44.33 6.93
44.78 6.91
45.23 6.89
45.68 6.87
46.13 6.84
46.6 6.82
47.06 6.8
47.53 6.77
48.01 6.75
48.49 6.72
48.97 6.7
49.46 6.67
49.96 6.64
50.46 6.61
50.96 6.58
51.47 6.55
51.99 6.53
52.51 6.5
53.03 6.48
53.56 6.44
54.1 6.41
54.64 6.37
55.18 6.33
55.74 6.31
56.29 6.28
56.86 6.25
57.42 6.21
58 6.17
58.58 6.15
59.16 6.12
59.76 6.07
60.35 6.02
60.96 5.98
61.57 5.97
62.18 5.95
62.8 5.89
63.43 5.85
64.07 5.82
64.71 5.79
65.35 5.75
66.01 5.71
66.67 5.67
67.33 5.63
68.01 5.59
68.69 5.55
69.37 5.51
70.07 5.47
70.77 5.42
71.48 5.38
72.19 5.34
72.91 5.3
73.64 5.25
74.38 5.21
75.12 5.17
75.87 5.12
76.63 5.08
77.4 5.03
78.17 4.99
78.95 4.94
79.74 4.89
80.54 4.84
81.35 4.79
82.16 4.75
82.98 4.7
83.81 4.66
84.65 4.61
85.5 4.56
86.35 4.51
87.22 4.46
88.09 4.41
88.97 4.36
89.86 4.31
90.76 4.26
91.66 4.21
92.58 4.16
93.51 4.11
94.44 4.06
95.39 4
96.34 3.95
97.3 3.9
98.28 3.85
99.26 3.79
100.25 3.73
101.25 3.68
102.27 3.63
103.29 3.57
104.32 3.52
105.37 3.46
106.42 3.41
107.48 3.35
108.56 3.29
109.64 3.24
110.74 3.18
111.85 3.13
112.97 3.07
114.1 3.01
115.24 2.96
116.39 2.9
117.55 2.84
118.73 2.79
119.92 2.76
121.12 2.7
122.33 2.61
123.55 2.55
124.79 2.5
126.03 2.44
127.29 2.38
128.57 2.32
129.85 2.27
131.15 2.21
132.46 2.15
133.79 2.09
135.12 2.03
136.48 1.98
137.84 1.92
139.22 1.86
140.61 1.8
142.02 1.75
143.44 1.69
144.87 1.63
146.32 1.57
147.78 1.51
149.26 1.45
150.75 1.4
152.26 1.34
153.78 1.28
155.32 1.22
156.88 1.17
158.44 1.11
160.03 1.05
161.63 0.99
163.24 0.94
164.88 0.88
166.53 0.82
168.19 0.76
169.87 0.7
171.57 0.64
173.29 0.58
175.02 0.52
176.77 0.46
178.54 0.39
180.32 0.33
182.13 0.26
183.95 0.19
185.79 0.11
187.65 0.04
189.52 -0.04
191.42 -0.1
193.33 -0.14
195.27 -0.16
197.22 -0.12
199.19 -0.02
201.18 0.12
203.19 0.26
205.23 0.38
207.28 0.45
209.35 0.48
211.44 0.48
213.56 0.46
215.69 0.43
217.85 0.4
220.03 0.36
222.23 0.32
224.45 0.28
226.7 0.25
228.96 0.21
231.25 0.18
233.57 0.15
235.9 0.12
238.26 0.09
240.64 0.06
243.05 0.04
245.48 0.02
247.93 0
250.41 -0.02
252.92 -0.05
255.45 -0.07
258 -0.08
260.58 -0.1
263.19 -0.12
265.82 -0.14
268.48 -0.15
271.16 -0.17
273.87 -0.19
276.61 -0.2
279.38 -0.21
282.17 -0.22
284.99 -0.23
287.84 -0.23
290.72 -0.23
293.63 -0.23
296.57 -0.22
299.53 -0.21
302.53 -0.23
305.55 -0.24
308.61 -0.23
311.69 -0.24
314.81 -0.24
317.96 -0.24
321.14 -0.24
324.35 -0.25
327.59 -0.25
330.87 -0.26
334.18 -0.27
337.52 -0.27
340.9 -0.28
344.3 -0.28
347.75 -0.29
351.23 -0.29
354.74 -0.3
358.28 -0.3
361.87 -0.3
365.49 -0.31
369.14 -0.32
372.83 -0.32
376.56 -0.32
380.33 -0.33
384.13 -0.33
387.97 -0.34
391.85 -0.34
395.77 -0.35
399.73 -0.35
403.72 -0.35
407.76 -0.36
411.84 -0.36
415.96 -0.37
420.12 -0.37
424.32 -0.37
428.56 -0.38
432.85 -0.38
437.18 -0.39
441.55 -0.39
445.96 -0.39
450.42 -0.4
454.93 -0.4
459.48 -0.41
464.07 -0.41
468.71 -0.42
473.4 -0.42
478.13 -0.42
482.91 -0.43
487.74 -0.43
492.62 -0.44
497.55 -0.44
502.52 -0.44
507.55 -0.45
512.62 -0.45
517.75 -0.46
522.93 -0.46
528.16 -0.47
533.44 -0.47
538.77 -0.47
544.16 -0.48
549.6 -0.48
555.1 -0.49
560.65 -0.49
566.25 -0.5
571.92 -0.5
577.64 -0.5
583.41 -0.51
589.25 -0.51
595.14 -0.52
601.09 -0.52
607.1 -0.52
613.17 -0.53
619.3 -0.53
625.5 -0.53
631.75 -0.54
638.07 -0.54
644.45 -0.54
650.89 -0.55
657.4 -0.55
663.98 -0.55
670.62 -0.55
677.32 -0.56
684.1 -0.56
690.94 -0.56
697.85 -0.56
704.83 -0.56
711.87 -0.57
718.99 -0.57
726.18 -0.57
733.44 -0.57
740.78 -0.57
748.19 -0.57
755.67 -0.57
763.23 -0.56
770.86 -0.56
778.57 -0.56
786.35 -0.56
794.22 -0.55
802.16 -0.55
810.18 -0.54
818.28 -0.54
826.46 -0.53
834.73 -0.52
843.08 -0.51
851.51 -0.5
860.02 -0.49
868.62 -0.48
877.31 -0.47
886.08 -0.46
894.94 -0.44
903.89 -0.43
912.93 -0.42
922.06 -0.4
931.28 -0.39
940.59 -0.37
950 -0.36
959.5 -0.35
969.09 -0.18
978.78 -0.01
988.57 0.08
998.46 0
1008.44 -0.02
1018.53 -0.03
1028.71 -0.02
1039 0
1049.39 0.03
1059.88 0.06
1070.48 0.09
1081.19 0.12
1092 0.15
1102.92 0.19
1113.95 0.22
1125.09 0.26
1136.34 0.29
1147.7 0.32
1159.18 0.36
1170.77 0.39
1182.48 0.43
1194.3 0.46
1206.25 0.5
1218.31 0.54
1230.49 0.58
1242.8 0.62
1255.22 0.67
1267.78 0.72
1280.45 0.77
1293.26 0.83
1306.19 0.89
1319.25 0.95
1332.45 1.02
1345.77 1.09
1359.23 1.17
1372.82 1.25
1386.55 1.33
1400.41 1.42
1414.42 1.51
1428.56 1.61
1442.85 1.7
1457.28 1.8
1471.85 1.89
1486.57 2
1501.43 2.1
1516.45 2.2
1531.61 2.3
1546.93 2.4
1562.4 2.5
1578.02 2.6
1593.8 2.7
1609.74 2.8
1625.84 2.89
1642.1 2.99
1658.52 3.08
1675.1 3.18
1691.85 3.27
1708.77 3.36
1725.86 3.45
1743.12 3.54
1760.55 3.63
1778.15 3.72
1795.94 3.81
1813.9 3.89
1832.03 3.98
1850.36 4.06
1868.86 4.15
1887.55 4.23
1906.42 4.32
1925.49 4.4
1944.74 4.48
1964.19 4.57
1983.83 4.65
2003.67 4.72
2023.71 4.81
2043.94 4.89
2064.38 4.97
2085.03 5.05
2105.88 5.13
2126.94 5.21
2148.2 5.28
2169.69 5.36
2191.38 5.43
2213.3 5.5
2235.43 5.58
2257.78 5.65
2280.36 5.72
2303.17 5.78
2326.2 5.85
2349.46 5.91
2372.95 5.97
2396.68 6.03
2420.65 6.08
2444.86 6.14
2469.31 6.19
2494 6.23
2518.94 6.28
2544.13 6.32
2569.57 6.36
2595.27 6.39
2621.22 6.43
2647.43 6.46
2673.9 6.48
2700.64 6.51
2727.65 6.53
2754.93 6.55
2782.48 6.57
2810.3 6.59
2838.4 6.6
2866.79 6.61
2895.46 6.62
2924.41 6.63
2953.65 6.64
2983.19 6.65
3013.02 6.65
3043.15 6.66
3073.58 6.66
3104.32 6.67
3135.36 6.68
3166.72 6.69
3198.38 6.71
3230.37 6.74
3262.67 6.77
3295.3 6.8
3328.25 6.83
3361.53 6.87
3395.15 6.91
3429.1 6.95
3463.39 6.99
3498.03 7.03
3533.01 7.07
3568.34 7.11
3604.02 7.15
3640.06 7.19
3676.46 7.23
3713.22 7.27
3750.36 7.32
3787.86 7.36
3825.74 7.41
3864 7.45
3902.64 7.49
3941.66 7.53
3981.08 7.57
4020.89 7.61
4061.1 7.65
4101.71 7.68
4142.73 7.72
4184.15 7.75
4226 7.78
4268.26 7.82
4310.94 7.85
4354.05 7.88
4397.59 7.92
4441.56 7.96
4485.98 8
4530.84 8.03
4576.15 8.08
4621.91 8.12
4668.13 8.16
4714.81 8.21
4761.96 8.25
4809.58 8.29
4857.67 8.34
4906.25 8.38
4955.31 8.42
5004.87 8.45
5054.91 8.49
5105.46 8.52
5156.52 8.54
5208.08 8.56
5260.16 8.57
5312.77 8.57
5365.89 8.56
5419.55 8.54
5473.75 8.52
5528.49 8.48
5583.77 8.43
5639.61 8.37
5696 8.3
5752.96 8.22
5810.49 8.14
5868.6 8.04
5927.28 7.94
5986.56 7.83
6046.42 7.7
6106.89 7.58
6167.96 7.45
6229.64 7.33
6291.93 7.2
6354.85 7.06
6418.4 6.93
6482.58 6.78
6547.41 6.63
6612.88 6.49
6679.01 6.35
6745.8 6.2
6813.26 6.06
6881.39 5.92
6950.21 5.78
7019.71 5.64
7089.91 5.5
7160.81 5.36
7232.41 5.24
7304.74 5.12
7377.79 5.01
7451.56 4.9
7526.08 4.79
7601.34 4.7
7677.35 4.6
7754.13 4.51
7831.67 4.4
7909.98 4.27
7989.08 4.13
8068.98 3.94
8149.67 3.71
8231.16 3.43
8313.47 3.1
8396.61 2.74
8480.57 2.35
8565.38 1.94
8651.03 1.5
8737.54 1.04
8824.92 0.56
8913.17 0.03
9002.3 -0.51
9092.32 -1.08
9183.25 -1.63
9275.08 -2.18
9367.83 -2.7
9461.51 -3.14
9556.12 -3.48
9651.68 -3.69
9748.2 -3.78
9845.68 -3.67
9944.14 -3.47
10043.58 -3.2
10144.02 -2.91
10245.46 -2.65
10347.91 -2.41
10451.39 -2.2
10555.91 -1.99
10661.46 -1.78
10768.08 -1.6
10875.76 -1.5
10984.52 -1.5
11094.36 -1.57
11205.31 -1.74
11317.36 -1.96
11430.53 -2.2
11544.84 -2.42
11660.29 -2.61
11776.89 -2.77
11894.66 -2.79
12013.6 -2.79
12133.74 -2.65
12255.08 -2.28
12377.63 -1.77
12501.41 -1.02
12626.42 0.1
12752.68 1.54
12880.21 3.35
13009.01 5.34
13139.1 7.33
13270.49 7.96
13403.2 7.74
13537.23 5.92
13672.6 4.12
13809.33 2.38
13947.42 0.97
14086.9 -0.22
14227.77 -1.27
14370.04 -2.19
14513.74 -2.95
14658.88 -3.55
14805.47 -4.06
14953.52 -4.46
15103.06 -4.73
15254.09 -4.95
15406.63 -5.02
15560.7 -5.02
15716.3 -4.93
15873.47 -4.7
16032.2 -4.4
16192.52 -3.92
16354.45 -3.31
16517.99 -2.6
16683.17 -1.78
16850.01 -1.13
17018.51 -0.72
17188.69 -1.15
17360.58 -2.17
17534.18 -3.59
17709.53 -5.26
17886.62 -6.96
18065.49 -8.64
18246.14 -10.3
18428.6 -11.92
18612.89 -13.51
18799.02 -15.14
18987.01 -16.91
19176.88 -18.82
19368.65 -21.06
19562.33 -23.71
19757.96 -26.85
19955.54 -30