20 17.32
20.2 17.3
20.4 17.28
20.61 17.26
20.81 17.24
21.02 17.22
21.23 17.2
21.44 17.18
21.66 17.16
21.87 17.14
22.09 17.12
22.31 17.1
22.54 17.08
22.76 17.06
22.99 17.04
23.22 17.02
23.45 17
23.69 16.98
23.92 16.95
24.16 16.93
24.4 16.9
24.65 16.87
24.89 16.85
25.14 16.82
25.39 16.79
25.65 16.76
25.91 16.74
26.16 16.71
26.43 16.68
26.69 16.66
26.96 16.63
27.23 16.6
27.5 16.57
27.77 16.53
28.05 16.5
28.33 16.47
28.62 16.44
28.9 16.41
29.19 16.38
29.48 16.35
29.78 16.32
30.08 16.28
30.38 16.25
30.68 16.21
30.99 16.18
31.3 16.14
31.61 16.11
31.93 16.07
32.24 16.04
32.57 16
32.89 15.97
33.22 15.93
33.55 15.89
33.89 15.85
34.23 15.82
34.57 15.78
34.92 15.74
35.27 15.7
35.62 15.66
35.97 15.62
36.33 15.58
36.7 15.54
37.06 15.5
37.43 15.46
37.81 15.42
38.19 15.38
38.57 15.33
38.95 15.29
39.34 15.25
39.74 15.21
40.14 15.16
40.54 15.12
40.94 15.07
41.35 15.03
41.76 14.98
42.18 14.94
42.6 14.89
43.03 14.84
43.46 14.8
43.9 14.75
44.33 14.71
44.78 14.66
45.23 14.61
45.68 14.56
46.13 14.51
46.6 14.46
47.06 14.41
47.53 14.36
48.01 14.31
48.49 14.26
48.97 14.21
49.46 14.16
49.96 14.11
50.46 14.06
50.96 14
51.47 13.95
51.99 13.9
52.51 13.85
53.03 13.8
53.56 13.75
54.1 13.7
54.64 13.64
55.18 13.58
55.74 13.53
56.29 13.47
56.86 13.42
57.42 13.37
58 13.31
58.58 13.25
59.16 13.2
59.76 13.14
60.35 13.08
60.96 13.02
61.57 12.96
62.18 12.91
62.8 12.85
63.43 12.8
64.07 12.74
64.71 12.68
65.35 12.62
66.01 12.56
66.67 12.5
67.33 12.44
68.01 12.38
68.69 12.32
69.37 12.26
70.07 12.2
70.77 12.14
71.48 12.08
72.19 12.01
72.91 11.95
73.64 11.89
74.38 11.83
75.12 11.77
75.87 11.71
76.63 11.64
77.4 11.57
78.17 11.51
78.95 11.45
79.74 11.39
80.54 11.32
81.35 11.25
82.16 11.19
82.98 11.13
83.81 11.06
84.65 11
85.5 10.93
86.35 10.86
87.22 10.8
88.09 10.73
88.97 10.67
89.86 10.6
90.76 10.53
91.66 10.46
92.58 10.41
93.51 10.34
94.44 10.28
95.39 10.22
96.34 10.16
97.3 10.1
98.28 10.03
99.26 9.98
100.25 9.92
101.25 9.83
102.27 9.78
103.29 9.72
104.32 9.65
105.37 9.59
106.42 9.53
107.48 9.47
108.56 9.4
109.64 9.33
110.74 9.26
111.85 9.19
112.97 9.12
114.1 9.06
115.24 8.99
116.39 8.92
117.55 8.85
118.73 8.78
119.92 8.71
121.12 8.64
122.33 8.56
123.55 8.49
124.79 8.42
126.03 8.35
127.29 8.28
128.57 8.2
129.85 8.13
131.15 8.05
132.46 7.97
133.79 7.9
135.12 7.82
136.48 7.75
137.84 7.68
139.22 7.61
140.61 7.54
142.02 7.48
143.44 7.42
144.87 7.36
146.32 7.31
147.78 7.26
149.26 7.21
150.75 7.16
152.26 7.1
153.78 7.05
155.32 7
156.88 6.95
158.44 6.9
160.03 6.84
161.63 6.78
163.24 6.72
164.88 6.66
166.53 6.6
168.19 6.53
169.87 6.47
171.57 6.4
173.29 6.33
175.02 6.26
176.77 6.19
178.54 6.12
180.32 6.04
182.13 5.98
183.95 5.91
185.79 5.83
187.65 5.76
189.52 5.69
191.42 5.62
193.33 5.55
195.27 5.47
197.22 5.4
199.19 5.33
201.18 5.26
203.19 5.18
205.23 5.11
207.28 5.03
209.35 4.96
211.44 4.89
213.56 4.81
215.69 4.74
217.85 4.68
220.03 4.61
222.23 4.55
224.45 4.5
226.7 4.45
228.96 4.4
231.25 4.36
233.57 4.32
235.9 4.27
238.26 4.23
240.64 4.17
243.05 4.12
245.48 4.06
247.93 4
250.41 3.95
252.92 3.9
255.45 3.84
258 3.79
260.58 3.73
263.19 3.67
265.82 3.61
268.48 3.55
271.16 3.48
273.87 3.42
276.61 3.35
279.38 3.29
282.17 3.22
284.99 3.16
287.84 3.1
290.72 3.03
293.63 2.97
296.57 2.92
299.53 2.87
302.53 2.82
305.55 2.77
308.61 2.72
311.69 2.67
314.81 2.62
317.96 2.56
321.14 2.5
324.35 2.44
327.59 2.39
330.87 2.33
334.18 2.27
337.52 2.21
340.9 2.16
344.3 2.1
347.75 2.05
351.23 1.99
354.74 1.94
358.28 1.88
361.87 1.82
365.49 1.77
369.14 1.72
372.83 1.66
376.56 1.6
380.33 1.55
384.13 1.49
387.97 1.44
391.85 1.38
395.77 1.32
399.73 1.27
403.72 1.21
407.76 1.15
411.84 1.1
415.96 1.04
420.12 0.98
424.32 0.93
428.56 0.87
432.85 0.81
437.18 0.76
441.55 0.7
445.96 0.65
450.42 0.59
454.93 0.54
459.48 0.48
464.07 0.43
468.71 0.38
473.4 0.33
478.13 0.28
482.91 0.23
487.74 0.19
492.62 0.14
497.55 0.09
502.52 0.05
507.55 0
512.62 -0.04
517.75 -0.08
522.93 -0.13
528.16 -0.17
533.44 -0.21
538.77 -0.25
544.16 -0.29
549.6 -0.33
555.1 -0.36
560.65 -0.4
566.25 -0.44
571.92 -0.47
577.64 -0.51
583.41 -0.54
589.25 -0.57
595.14 -0.6
601.09 -0.63
607.1 -0.66
613.17 -0.69
619.3 -0.72
625.5 -0.75
631.75 -0.77
638.07 -0.8
644.45 -0.82
650.89 -0.84
657.4 -0.87
663.98 -0.89
670.62 -0.91
677.32 -0.92
684.1 -0.94
690.94 -0.95
697.85 -0.97
704.83 -0.98
711.87 -0.99
718.99 -1
726.18 -1.01
733.44 -1.01
740.78 -1.02
748.19 -1.02
755.67 -1.02
763.23 -1.02
770.86 -1.01
778.57 -1.01
786.35 -1
794.22 -0.99
802.16 -0.98
810.18 -0.96
818.28 -0.95
826.46 -0.93
834.73 -0.91
843.08 -0.88
851.51 -0.85
860.02 -0.82
868.62 -0.79
877.31 -0.75
886.08 -0.71
894.94 -0.67
903.89 -0.63
912.93 -0.58
922.06 -0.53
931.28 -0.47
940.59 -0.42
950 -0.36
959.5 -0.29
969.09 -0.23
978.78 -0.16
988.57 -0.09
998.46 -0.01
1008.44 0.06
1018.53 0.14
1028.71 0.22
1039 0.3
1049.39 0.38
1059.88 0.47
1070.48 0.56
1081.19 0.64
1092 0.73
1102.92 0.82
1113.95 0.91
1125.09 1
1136.34 1.09
1147.7 1.17
1159.18 1.26
1170.77 1.35
1182.48 1.43
1194.3 1.51
1206.25 1.6
1218.31 1.68
1230.49 1.75
1242.8 1.83
1255.22 1.91
1267.78 1.98
1280.45 2.05
1293.26 2.12
1306.19 2.19
1319.25 2.26
1332.45 2.33
1345.77 2.39
1359.23 2.45
1372.82 2.52
1386.55 2.58
1400.41 2.64
1414.42 2.7
1428.56 2.76
1442.85 2.82
1457.28 2.88
1471.85 2.94
1486.57 2.99
1501.43 3.05
1516.45 3.11
1531.61 3.17
1546.93 3.23
1562.4 3.29
1578.02 3.35
1593.8 3.41
1609.74 3.48
1625.84 3.54
1642.1 3.6
1658.52 3.67
1675.1 3.73
1691.85 3.8
1708.77 3.87
1725.86 3.94
1743.12 4
1760.55 4.08
1778.15 4.15
1795.94 4.22
1813.9 4.29
1832.03 4.37
1850.36 4.44
1868.86 4.52
1887.55 4.59
1906.42 4.67
1925.49 4.75
1944.74 4.82
1964.19 4.9
1983.83 4.98
2003.67 5.06
2023.71 5.14
2043.94 5.21
2064.38 5.29
2085.03 5.37
2105.88 5.44
2126.94 5.51
2148.2 5.59
2169.69 5.66
2191.38 5.73
2213.3 5.8
2235.43 5.86
2257.78 5.92
2280.36 5.99
2303.17 6.04
2326.2 6.1
2349.46 6.15
2372.95 6.2
2396.68 6.25
2420.65 6.29
2444.86 6.33
2469.31 6.37
2494 6.4
2518.94 6.43
2544.13 6.46
2569.57 6.48
2595.27 6.5
2621.22 6.52
2647.43 6.53
2673.9 6.54
2700.64 6.55
2727.65 6.55
2754.93 6.56
2782.48 6.56
2810.3 6.56
2838.4 6.56
2866.79 6.55
2895.46 6.55
2924.41 6.55
2953.65 6.54
2983.19 6.53
3013.02 6.53
3043.15 6.52
3073.58 6.51
3104.32 6.5
3135.36 6.49
3166.72 6.49
3198.38 6.48
3230.37 6.47
3262.67 6.45
3295.3 6.44
3328.25 6.42
3361.53 6.41
3395.15 6.38
3429.1 6.36
3463.39 6.33
3498.03 6.3
3533.01 6.27
3568.34 6.25
3604.02 6.23
3640.06 6.21
3676.46 6.2
3713.22 6.19
3750.36 6.18
3787.86 6.17
3825.74 6.15
3864 6.12
3902.64 6.07
3941.66 6.02
3981.08 5.96
4020.89 5.91
4061.1 5.88
4101.71 5.93
4142.73 5.97
4184.15 6.01
4226 6
4268.26 5.97
4310.94 5.93
4354.05 5.88
4397.59 5.82
4441.56 5.77
4485.98 5.7
4530.84 5.63
4576.15 5.56
4621.91 5.48
4668.13 5.4
4714.81 5.31
4761.96 5.22
4809.58 5.12
4857.67 5.01
4906.25 4.9
4955.31 4.79
5004.87 4.67
5054.91 4.54
5105.46 4.41
5156.52 4.27
5208.08 4.13
5260.16 3.98
5312.77 3.83
5365.89 3.67
5419.55 3.52
5473.75 3.36
5528.49 3.21
5583.77 3.06
5639.61 2.92
5696 2.77
5752.96 2.64
5810.49 2.5
5868.6 2.37
5927.28 2.24
5986.56 2.12
6046.42 2
6106.89 1.88
6167.96 1.77
6229.64 1.67
6291.93 1.57
6354.85 1.5
6418.4 1.43
6482.58 1.39
6547.41 1.36
6612.88 1.35
6679.01 1.38
6745.8 1.42
6813.26 1.48
6881.39 1.58
6950.21 1.7
7019.71 1.84
7089.91 2.01
7160.81 2.22
7232.41 2.45
7304.74 2.72
7377.79 3.01
7451.56 3.32
7526.08 3.65
7601.34 3.99
7677.35 4.3
7754.13 4.61
7831.67 4.83
7909.98 4.99
7989.08 5.05
8068.98 4.97
8149.67 4.81
8231.16 4.54
8313.47 4.17
8396.61 3.74
8480.57 3.23
8565.38 2.64
8651.03 2
8737.54 1.31
8824.92 0.58
8913.17 -0.16
9002.3 -0.9
9092.32 -1.61
9183.25 -2.3
9275.08 -2.95
9367.83 -3.57
9461.51 -4.15
9556.12 -4.7
9651.68 -5.21
9748.2 -5.69
9845.68 -6.12
9944.14 -6.51
10043.58 -6.89
10144.02 -7.28
10245.46 -7.56
10347.91 -7.8
10451.39 -7.99
10555.91 -8.13
10661.46 -8.18
10768.08 -8.14
10875.76 -8.01
10984.52 -7.8
11094.36 -7.52
11205.31 -7.16
11317.36 -6.7
11430.53 -6.22
11544.84 -5.69
11660.29 -5.14
11776.89 -4.58
11894.66 -3.94
12013.6 -3.28
12133.74 -2.55
12255.08 -1.73
12377.63 -0.86
12501.41 0.05
12626.42 1.01
12752.68 1.89
12880.21 2.26
13009.01 2.34
13139.1 2.41
13270.49 1.52
13403.2 0.4
13537.23 -0.82
13672.6 -1.96
13809.33 -3.03
13947.42 -3.95
14086.9 -4.73
14227.77 -5.42
14370.04 -6.02
14513.74 -6.5
14658.88 -6.84
14805.47 -7.12
14953.52 -7.32
15103.06 -7.4
15254.09 -7.41
15406.63 -7.34
15560.7 -7.25
15716.3 -7.12
15873.47 -7.02
16032.2 -6.97
16192.52 -7.09
16354.45 -7.4
16517.99 -7.84
16683.17 -8.55
16850.01 -9.37
17018.51 -10.26
17188.69 -11.19
17360.58 -12.1
17534.18 -12.97
17709.53 -13.78
17886.62 -14.49
18065.49 -15.14
18246.14 -15.7
18428.6 -16.13
18612.89 -16.5
18799.02 -16.82
18987.01 -17.06
19176.88 -17.3
19368.65 -17.7
19562.33 -18.41
19757.96 -19.6
19955.54 -20.8