20 7.36
20.2 7.33
20.4 7.3
20.61 7.27
20.81 7.25
21.02 7.25
21.23 7.26
21.44 7.28
21.66 7.3
21.87 7.32
22.09 7.33
22.31 7.34
22.54 7.33
22.76 7.31
22.99 7.28
23.22 7.25
23.45 7.23
23.69 7.21
23.92 7.2
24.16 7.2
24.4 7.21
24.65 7.22
24.89 7.22
25.14 7.22
25.39 7.22
25.65 7.2
25.91 7.19
26.16 7.17
26.43 7.15
26.69 7.12
26.96 7.1
27.23 7.07
27.5 7.05
27.77 7.03
28.05 7.02
28.33 7.02
28.62 7.02
28.9 7.02
29.19 7.01
29.48 6.98
29.78 6.92
30.08 6.85
30.38 6.78
30.68 6.73
30.99 6.74
31.3 6.77
31.61 6.81
31.93 6.84
32.24 6.82
32.57 6.79
32.89 6.73
33.22 6.69
33.55 6.67
33.89 6.69
34.23 6.71
34.57 6.73
34.92 6.72
35.27 6.68
35.62 6.64
35.97 6.61
36.33 6.59
36.7 6.58
37.06 6.56
37.43 6.52
37.81 6.48
38.19 6.44
38.57 6.42
38.95 6.41
39.34 6.4
39.74 6.4
40.14 6.39
40.54 6.36
40.94 6.33
41.35 6.3
41.76 6.26
42.18 6.24
42.6 6.22
43.03 6.19
43.46 6.15
43.9 6.11
44.33 6.07
44.78 6.04
45.23 6.01
45.68 5.98
46.13 5.95
46.6 5.91
47.06 5.89
47.53 5.87
48.01 5.84
48.49 5.79
48.97 5.72
49.46 5.66
49.96 5.63
50.46 5.66
50.96 5.68
51.47 5.68
51.99 5.63
52.51 5.57
53.03 5.51
53.56 5.49
54.1 5.46
54.64 5.41
55.18 5.35
55.74 5.28
56.29 5.24
56.86 5.21
57.42 5.18
58 5.15
58.58 5.04
59.16 4.96
59.76 4.93
60.35 4.93
60.96 4.94
61.57 4.92
62.18 4.91
62.8 4.88
63.43 4.85
64.07 4.8
64.71 4.77
65.35 4.72
66.01 4.65
66.67 4.6
67.33 4.55
68.01 4.53
68.69 4.48
69.37 4.43
70.07 4.38
70.77 4.33
71.48 4.28
72.19 4.22
72.91 4.17
73.64 4.13
74.38 4.09
75.12 4.03
75.87 3.99
76.63 3.95
77.4 3.91
78.17 3.86
78.95 3.81
79.74 3.74
80.54 3.7
81.35 3.65
82.16 3.6
82.98 3.56
83.81 3.51
84.65 3.46
85.5 3.4
86.35 3.35
87.22 3.31
88.09 3.25
88.97 3.19
89.86 3.13
90.76 3.1
91.66 3.05
92.58 2.99
93.51 2.94
94.44 2.89
95.39 2.83
96.34 2.77
97.3 2.73
98.28 2.68
99.26 2.62
100.25 2.56
101.25 2.52
102.27 2.46
103.29 2.4
104.32 2.36
105.37 2.29
106.42 2.24
107.48 2.19
108.56 2.12
109.64 2.06
110.74 2.02
111.85 1.97
112.97 1.92
114.1 1.87
115.24 1.84
116.39 1.77
117.55 1.71
118.73 1.68
119.92 1.65
121.12 1.59
122.33 1.49
123.55 1.44
124.79 1.4
126.03 1.34
127.29 1.3
128.57 1.26
129.85 1.21
131.15 1.17
132.46 1.11
133.79 1.06
135.12 1.01
136.48 0.95
137.84 0.9
139.22 0.85
140.61 0.8
142.02 0.76
143.44 0.71
144.87 0.66
146.32 0.61
147.78 0.57
149.26 0.53
150.75 0.49
152.26 0.44
153.78 0.41
155.32 0.37
156.88 0.31
158.44 0.27
160.03 0.24
161.63 0.19
163.24 0.14
164.88 0.12
166.53 0.06
168.19 0.02
169.87 -0.01
171.57 -0.03
173.29 -0.06
175.02 -0.1
176.77 -0.13
178.54 -0.16
180.32 -0.19
182.13 -0.22
183.95 -0.26
185.79 -0.3
187.65 -0.33
189.52 -0.36
191.42 -0.39
193.33 -0.42
195.27 -0.44
197.22 -0.47
199.19 -0.51
201.18 -0.54
203.19 -0.56
205.23 -0.59
207.28 -0.61
209.35 -0.63
211.44 -0.66
213.56 -0.69
215.69 -0.71
217.85 -0.73
220.03 -0.74
222.23 -0.75
224.45 -0.77
226.7 -0.78
228.96 -0.8
231.25 -0.81
233.57 -0.81
235.9 -0.82
238.26 -0.82
240.64 -0.81
243.05 -0.78
245.48 -0.77
247.93 -0.75
250.41 -0.72
252.92 -0.72
255.45 -0.71
258 -0.7
260.58 -0.7
263.19 -0.69
265.82 -0.68
268.48 -0.68
271.16 -0.68
273.87 -0.68
276.61 -0.68
279.38 -0.68
282.17 -0.68
284.99 -0.69
287.84 -0.69
290.72 -0.7
293.63 -0.7
296.57 -0.71
299.53 -0.71
302.53 -0.71
305.55 -0.71
308.61 -0.71
311.69 -0.71
314.81 -0.71
317.96 -0.72
321.14 -0.72
324.35 -0.72
327.59 -0.72
330.87 -0.72
334.18 -0.72
337.52 -0.72
340.9 -0.72
344.3 -0.72
347.75 -0.72
351.23 -0.73
354.74 -0.73
358.28 -0.73
361.87 -0.73
365.49 -0.73
369.14 -0.73
372.83 -0.73
376.56 -0.73
380.33 -0.74
384.13 -0.74
387.97 -0.74
391.85 -0.74
395.77 -0.74
399.73 -0.74
403.72 -0.74
407.76 -0.74
411.84 -0.75
415.96 -0.75
420.12 -0.75
424.32 -0.75
428.56 -0.75
432.85 -0.75
437.18 -0.76
441.55 -0.76
445.96 -0.76
450.42 -0.76
454.93 -0.76
459.48 -0.76
464.07 -0.76
468.71 -0.75
473.4 -0.75
478.13 -0.75
482.91 -0.74
487.74 -0.74
492.62 -0.74
497.55 -0.74
502.52 -0.74
507.55 -0.74
512.62 -0.74
517.75 -0.74
522.93 -0.74
528.16 -0.74
533.44 -0.74
538.77 -0.74
544.16 -0.74
549.6 -0.74
555.1 -0.74
560.65 -0.75
566.25 -0.75
571.92 -0.76
577.64 -0.76
583.41 -0.77
589.25 -0.77
595.14 -0.77
601.09 -0.78
607.1 -0.78
613.17 -0.79
619.3 -0.79
625.5 -0.79
631.75 -0.79
638.07 -0.8
644.45 -0.8
650.89 -0.8
657.4 -0.8
663.98 -0.81
670.62 -0.81
677.32 -0.81
684.1 -0.81
690.94 -0.81
697.85 -0.81
704.83 -0.81
711.87 -0.81
718.99 -0.81
726.18 -0.8
733.44 -0.8
740.78 -0.8
748.19 -0.8
755.67 -0.79
763.23 -0.79
770.86 -0.78
778.57 -0.77
786.35 -0.77
794.22 -0.76
802.16 -0.75
810.18 -0.74
818.28 -0.72
826.46 -0.71
834.73 -0.69
843.08 -0.68
851.51 -0.66
860.02 -0.64
868.62 -0.61
877.31 -0.59
886.08 -0.56
894.94 -0.53
903.89 -0.5
912.93 -0.46
922.06 -0.42
931.28 -0.38
940.59 -0.34
950 -0.3
959.5 -0.25
969.09 -0.19
978.78 -0.14
988.57 -0.08
998.46 -0.01
1008.44 0.05
1018.53 0.11
1028.71 0.18
1039 0.25
1049.39 0.32
1059.88 0.4
1070.48 0.48
1081.19 0.56
1092 0.64
1102.92 0.73
1113.95 0.81
1125.09 0.89
1136.34 0.98
1147.7 1.06
1159.18 1.14
1170.77 1.23
1182.48 1.31
1194.3 1.39
1206.25 1.47
1218.31 1.54
1230.49 1.62
1242.8 1.69
1255.22 1.76
1267.78 1.83
1280.45 1.9
1293.26 1.96
1306.19 2.03
1319.25 2.09
1332.45 2.15
1345.77 2.2
1359.23 2.26
1372.82 2.31
1386.55 2.36
1400.41 2.41
1414.42 2.46
1428.56 2.5
1442.85 2.55
1457.28 2.59
1471.85 2.64
1486.57 2.68
1501.43 2.73
1516.45 2.77
1531.61 2.81
1546.93 2.85
1562.4 2.89
1578.02 2.93
1593.8 2.97
1609.74 3.02
1625.84 3.06
1642.1 3.1
1658.52 3.15
1675.1 3.2
1691.85 3.25
1708.77 3.3
1725.86 3.35
1743.12 3.4
1760.55 3.46
1778.15 3.52
1795.94 3.58
1813.9 3.64
1832.03 3.71
1850.36 3.77
1868.86 3.84
1887.55 3.91
1906.42 3.99
1925.49 4.07
1944.74 4.15
1964.19 4.23
1983.83 4.32
2003.67 4.41
2023.71 4.49
2043.94 4.59
2064.38 4.68
2085.03 4.77
2105.88 4.87
2126.94 4.97
2148.2 5.07
2169.69 5.17
2191.38 5.27
2213.3 5.36
2235.43 5.46
2257.78 5.56
2280.36 5.65
2303.17 5.74
2326.2 5.82
2349.46 5.9
2372.95 5.97
2396.68 6.03
2420.65 6.09
2444.86 6.14
2469.31 6.18
2494 6.22
2518.94 6.24
2544.13 6.26
2569.57 6.27
2595.27 6.28
2621.22 6.27
2647.43 6.26
2673.9 6.25
2700.64 6.24
2727.65 6.22
2754.93 6.2
2782.48 6.18
2810.3 6.17
2838.4 6.16
2866.79 6.15
2895.46 6.14
2924.41 6.13
2953.65 6.13
2983.19 6.14
3013.02 6.14
3043.15 6.15
3073.58 6.16
3104.32 6.18
3135.36 6.19
3166.72 6.21
3198.38 6.23
3230.37 6.24
3262.67 6.26
3295.3 6.28
3328.25 6.29
3361.53 6.31
3395.15 6.32
3429.1 6.33
3463.39 6.34
3498.03 6.34
3533.01 6.34
3568.34 6.34
3604.02 6.34
3640.06 6.33
3676.46 6.31
3713.22 6.29
3750.36 6.27
3787.86 6.24
3825.74 6.21
3864 6.16
3902.64 6.11
3941.66 6.06
3981.08 5.99
4020.89 5.92
4061.1 5.85
4101.71 5.76
4142.73 5.66
4184.15 5.56
4226 5.45
4268.26 5.32
4310.94 5.19
4354.05 5.06
4397.59 4.92
4441.56 4.79
4485.98 4.66
4530.84 4.54
4576.15 4.43
4621.91 4.33
4668.13 4.26
4714.81 4.2
4761.96 4.15
4809.58 4.11
4857.67 4.07
4906.25 4.04
4955.31 4
5004.87 3.95
5054.91 3.89
5105.46 3.82
5156.52 3.74
5208.08 3.65
5260.16 3.55
5312.77 3.44
5365.89 3.33
5419.55 3.21
5473.75 3.08
5528.49 2.96
5583.77 2.83
5639.61 2.7
5696 2.57
5752.96 2.45
5810.49 2.33
5868.6 2.21
5927.28 2.09
5986.56 1.97
6046.42 1.88
6106.89 1.79
6167.96 1.71
6229.64 1.64
6291.93 1.58
6354.85 1.54
6418.4 1.51
6482.58 1.5
6547.41 1.51
6612.88 1.53
6679.01 1.58
6745.8 1.66
6813.26 1.75
6881.39 1.88
6950.21 2.04
7019.71 2.22
7089.91 2.44
7160.81 2.71
7232.41 3.02
7304.74 3.35
7377.79 3.73
7451.56 4.14
7526.08 4.57
7601.34 5.02
7677.35 5.46
7754.13 5.9
7831.67 6.26
7909.98 6.55
7989.08 6.74
8068.98 6.75
8149.67 6.67
8231.16 6.46
8313.47 6.16
8396.61 5.81
8480.57 5.41
8565.38 4.99
8651.03 4.56
8737.54 4.11
8824.92 3.69
8913.17 3.29
9002.3 2.89
9092.32 2.54
9183.25 2.2
9275.08 1.88
9367.83 1.59
9461.51 1.32
9556.12 1.07
9651.68 0.84
9748.2 0.62
9845.68 0.41
9944.14 0.23
10043.58 0.07
10144.02 -0.1
10245.46 -0.22
10347.91 -0.33
10451.39 -0.42
10555.91 -0.47
10661.46 -0.5
10768.08 -0.51
10875.76 -0.5
10984.52 -0.47
11094.36 -0.44
11205.31 -0.42
11317.36 -0.41
11430.53 -0.36
11544.84 -0.3
11660.29 -0.26
11776.89 -0.24
11894.66 -0.33
12013.6 -0.44
12133.74 -0.6
12255.08 -0.83
12377.63 -1.09
12501.41 -1.4
12626.42 -1.77
12752.68 -2.18
12880.21 -2.62
13009.01 -3.07
13139.1 -3.51
13270.49 -3.93
13403.2 -4.33
13537.23 -4.68
13672.6 -5.01
13809.33 -5.3
13947.42 -5.55
14086.9 -5.72
14227.77 -5.86
14370.04 -5.92
14513.74 -5.9
14658.88 -5.76
14805.47 -5.59
14953.52 -5.36
15103.06 -5.15
15254.09 -4.95
15406.63 -5.06
15560.7 -5.45
15716.3 -6.29
15873.47 -7.34
16032.2 -8.36
16192.52 -9.03
16354.45 -9.57
16517.99 -10.02
16683.17 -10.44
16850.01 -10.9
17018.51 -11.38
17188.69 -11.83
17360.58 -12.19
17534.18 -12.44
17709.53 -12.49
17886.62 -12.48
18065.49 -12.4
18246.14 -12.23
18428.6 -12.16
18612.89 -12.49
18799.02 -13.16
18987.01 -14.03
19176.88 -14.83
19368.65 -15.51
19562.33 -16.16
19757.96 -16.92
19955.54 -17.68