20 4.9
20.2 4.95
20.4 5
20.61 5.04
20.81 5.07
21.02 5.1
21.23 5.12
21.44 5.15
21.66 5.18
21.87 5.21
22.09 5.26
22.31 5.3
22.54 5.34
22.76 5.37
22.99 5.39
23.22 5.4
23.45 5.4
23.69 5.4
23.92 5.41
24.16 5.43
24.4 5.46
24.65 5.51
24.89 5.57
25.14 5.63
25.39 5.69
25.65 5.72
25.91 5.75
26.16 5.76
26.43 5.76
26.69 5.77
26.96 5.78
27.23 5.81
27.5 5.85
27.77 5.9
28.05 5.94
28.33 5.97
28.62 6
28.9 6.02
29.19 6.04
29.48 6.06
29.78 6.09
30.08 6.11
30.38 6.14
30.68 6.17
30.99 6.2
31.3 6.23
31.61 6.27
31.93 6.3
32.24 6.33
32.57 6.35
32.89 6.37
33.22 6.39
33.55 6.41
33.89 6.44
34.23 6.48
34.57 6.52
34.92 6.55
35.27 6.57
35.62 6.59
35.97 6.61
36.33 6.63
36.7 6.67
37.06 6.71
37.43 6.75
37.81 6.77
38.19 6.79
38.57 6.8
38.95 6.83
39.34 6.86
39.74 6.9
40.14 6.95
40.54 7
40.94 7.04
41.35 7.07
41.76 7.1
42.18 7.13
42.6 7.16
43.03 7.18
43.46 7.2
43.9 7.22
44.33 7.25
44.78 7.27
45.23 7.3
45.68 7.33
46.13 7.35
46.6 7.37
47.06 7.39
47.53 7.4
48.01 7.41
48.49 7.43
48.97 7.44
49.46 7.45
49.96 7.46
50.46 7.47
50.96 7.48
51.47 7.5
51.99 7.51
52.51 7.52
53.03 7.52
53.56 7.52
54.1 7.52
54.64 7.53
55.18 7.53
55.74 7.54
56.29 7.54
56.86 7.54
57.42 7.54
58 7.54
58.58 7.54
59.16 7.54
59.76 7.55
60.35 7.55
60.96 7.55
61.57 7.56
62.18 7.56
62.8 7.57
63.43 7.58
64.07 7.59
64.71 7.61
65.35 7.62
66.01 7.63
66.67 7.63
67.33 7.64
68.01 7.66
68.69 7.67
69.37 7.68
70.07 7.7
70.77 7.71
71.48 7.73
72.19 7.74
72.91 7.75
73.64 7.77
74.38 7.78
75.12 7.8
75.87 7.82
76.63 7.83
77.4 7.84
78.17 7.85
78.95 7.86
79.74 7.88
80.54 7.89
81.35 7.9
82.16 7.91
82.98 7.92
83.81 7.93
84.65 7.93
85.5 7.94
86.35 7.94
87.22 7.94
88.09 7.95
88.97 7.95
89.86 7.95
90.76 7.95
91.66 7.95
92.58 7.94
93.51 7.94
94.44 7.93
95.39 7.92
96.34 7.91
97.3 7.89
98.28 7.87
99.26 7.85
100.25 7.83
101.25 7.81
102.27 7.77
103.29 7.74
104.32 7.71
105.37 7.68
106.42 7.64
107.48 7.6
108.56 7.59
109.64 7.59
110.74 7.6
111.85 7.6
112.97 7.6
114.1 7.6
115.24 7.6
116.39 7.57
117.55 7.55
118.73 7.52
119.92 7.49
121.12 7.45
122.33 7.42
123.55 7.38
124.79 7.34
126.03 7.3
127.29 7.26
128.57 7.22
129.85 7.17
131.15 7.13
132.46 7.08
133.79 7.03
135.12 6.99
136.48 6.94
137.84 6.89
139.22 6.84
140.61 6.8
142.02 6.75
143.44 6.7
144.87 6.65
146.32 6.6
147.78 6.55
149.26 6.5
150.75 6.45
152.26 6.4
153.78 6.35
155.32 6.3
156.88 6.25
158.44 6.2
160.03 6.16
161.63 6.11
163.24 6.06
164.88 6.01
166.53 5.96
168.19 5.91
169.87 5.87
171.57 5.82
173.29 5.78
175.02 5.74
176.77 5.69
178.54 5.64
180.32 5.6
182.13 5.56
183.95 5.52
185.79 5.48
187.65 5.44
189.52 5.4
191.42 5.36
193.33 5.32
195.27 5.28
197.22 5.24
199.19 5.2
201.18 5.16
203.19 5.12
205.23 5.08
207.28 5.04
209.35 5.01
211.44 4.97
213.56 4.92
215.69 4.88
217.85 4.84
220.03 4.8
222.23 4.76
224.45 4.72
226.7 4.69
228.96 4.67
231.25 4.64
233.57 4.61
235.9 4.59
238.26 4.56
240.64 4.53
243.05 4.5
245.48 4.46
247.93 4.43
250.41 4.39
252.92 4.36
255.45 4.32
258 4.29
260.58 4.25
263.19 4.2
265.82 4.16
268.48 4.13
271.16 4.08
273.87 4.04
276.61 4
279.38 3.96
282.17 3.91
284.99 3.86
287.84 3.82
290.72 3.77
293.63 3.72
296.57 3.67
299.53 3.62
302.53 3.57
305.55 3.52
308.61 3.47
311.69 3.42
314.81 3.36
317.96 3.31
321.14 3.26
324.35 3.2
327.59 3.15
330.87 3.1
334.18 3.04
337.52 2.98
340.9 2.93
344.3 2.88
347.75 2.83
351.23 2.78
354.74 2.73
358.28 2.67
361.87 2.63
365.49 2.58
369.14 2.53
372.83 2.49
376.56 2.45
380.33 2.41
384.13 2.37
387.97 2.33
391.85 2.3
395.77 2.27
399.73 2.24
403.72 2.21
407.76 2.19
411.84 2.16
415.96 2.14
420.12 2.12
424.32 2.1
428.56 2.08
432.85 2.07
437.18 2.05
441.55 2.04
445.96 2.02
450.42 2.01
454.93 2
459.48 1.98
464.07 1.97
468.71 1.96
473.4 1.94
478.13 1.93
482.91 1.91
487.74 1.9
492.62 1.87
497.55 1.85
502.52 1.83
507.55 1.81
512.62 1.79
517.75 1.76
522.93 1.73
528.16 1.71
533.44 1.68
538.77 1.64
544.16 1.61
549.6 1.58
555.1 1.54
560.65 1.5
566.25 1.46
571.92 1.42
577.64 1.38
583.41 1.34
589.25 1.3
595.14 1.25
601.09 1.21
607.1 1.16
613.17 1.12
619.3 1.07
625.5 1.03
631.75 0.98
638.07 0.94
644.45 0.89
650.89 0.84
657.4 0.79
663.98 0.74
670.62 0.69
677.32 0.64
684.1 0.59
690.94 0.55
697.85 0.5
704.83 0.45
711.87 0.41
718.99 0.36
726.18 0.32
733.44 0.27
740.78 0.23
748.19 0.19
755.67 0.15
763.23 0.1
770.86 0.06
778.57 0.02
786.35 -0.01
794.22 -0.05
802.16 -0.09
810.18 -0.16
818.28 -0.2
826.46 -0.22
834.73 -0.16
843.08 -0.15
851.51 -0.15
860.02 -0.17
868.62 -0.18
877.31 -0.19
886.08 -0.2
894.94 -0.2
903.89 -0.2
912.93 -0.19
922.06 -0.19
931.28 -0.18
940.59 -0.17
950 -0.15
959.5 -0.13
969.09 -0.1
978.78 -0.08
988.57 -0.04
998.46 -0.01
1008.44 0.03
1018.53 0.07
1028.71 0.12
1039 0.17
1049.39 0.22
1059.88 0.28
1070.48 0.34
1081.19 0.4
1092 0.46
1102.92 0.53
1113.95 0.59
1125.09 0.66
1136.34 0.72
1147.7 0.79
1159.18 0.85
1170.77 0.92
1182.48 0.98
1194.3 1.05
1206.25 1.11
1218.31 1.17
1230.49 1.24
1242.8 1.3
1255.22 1.35
1267.78 1.4
1280.45 1.46
1293.26 1.51
1306.19 1.57
1319.25 1.61
1332.45 1.66
1345.77 1.7
1359.23 1.7
1372.82 1.8
1386.55 1.91
1400.41 2.03
1414.42 1.99
1428.56 1.95
1442.85 1.84
1457.28 1.82
1471.85 1.92
1486.57 2.04
1501.43 2.14
1516.45 2.14
1531.61 2.15
1546.93 2.19
1562.4 2.23
1578.02 2.28
1593.8 2.34
1609.74 2.4
1625.84 2.46
1642.1 2.51
1658.52 2.56
1675.1 2.61
1691.85 2.66
1708.77 2.71
1725.86 2.76
1743.12 2.8
1760.55 2.86
1778.15 2.91
1795.94 2.96
1813.9 3.02
1832.03 3.08
1850.36 3.14
1868.86 3.2
1887.55 3.27
1906.42 3.33
1925.49 3.39
1944.74 3.46
1964.19 3.53
1983.83 3.6
2003.67 3.66
2023.71 3.73
2043.94 3.81
2064.38 3.87
2085.03 3.94
2105.88 4
2126.94 4.07
2148.2 4.14
2169.69 4.2
2191.38 4.26
2213.3 4.34
2235.43 4.44
2257.78 4.57
2280.36 4.76
2303.17 5.02
2326.2 5.37
2349.46 5.76
2372.95 6.14
2396.68 6.52
2420.65 6.81
2444.86 7.06
2469.31 7.28
2494 7.45
2518.94 7.61
2544.13 7.75
2569.57 7.88
2595.27 7.99
2621.22 8.09
2647.43 8.17
2673.9 8.22
2700.64 8.27
2727.65 8.3
2754.93 8.3
2782.48 8.3
2810.3 8.28
2838.4 8.24
2866.79 8.19
2895.46 8.13
2924.41 8.06
2953.65 7.98
2983.19 7.89
3013.02 7.8
3043.15 7.71
3073.58 7.63
3104.32 7.56
3135.36 7.51
3166.72 7.49
3198.38 7.49
3230.37 7.49
3262.67 7.5
3295.3 7.51
3328.25 7.52
3361.53 7.53
3395.15 7.55
3429.1 7.56
3463.39 7.58
3498.03 7.6
3533.01 7.62
3568.34 7.63
3604.02 7.65
3640.06 7.66
3676.46 7.67
3713.22 7.67
3750.36 7.66
3787.86 7.64
3825.74 7.61
3864 7.56
3902.64 7.49
3941.66 7.41
3981.08 7.32
4020.89 7.21
4061.1 7.09
4101.71 6.96
4142.73 6.81
4184.15 6.65
4226 6.45
4268.26 6.19
4310.94 5.86
4354.05 5.58
4397.59 5.79
4441.56 6.28
4485.98 6.26
4530.84 6.2
4576.15 6.12
4621.91 6.04
4668.13 5.92
4714.81 5.77
4761.96 5.78
4809.58 6.29
4857.67 6.59
4906.25 6.74
4955.31 6.84
5004.87 6.93
5054.91 7.05
5105.46 7.18
5156.52 7.31
5208.08 7.45
5260.16 7.59
5312.77 7.73
5365.89 7.87
5419.55 8
5473.75 8.12
5528.49 8.23
5583.77 8.33
5639.61 8.43
5696 8.52
5752.96 8.59
5810.49 8.65
5868.6 8.7
5927.28 8.73
5986.56 8.76
6046.42 8.77
6106.89 8.77
6167.96 8.75
6229.64 8.74
6291.93 8.7
6354.85 8.65
6418.4 8.59
6482.58 8.53
6547.41 8.46
6612.88 8.38
6679.01 8.31
6745.8 8.25
6813.26 8.19
6881.39 8.15
6950.21 8.12
7019.71 8.11
7089.91 8.13
7160.81 8.18
7232.41 8.27
7304.74 8.39
7377.79 8.56
7451.56 8.79
7526.08 9.06
7601.34 9.38
7677.35 9.77
7754.13 10.19
7831.67 10.64
7909.98 11.05
7989.08 11.42
8068.98 11.56
8149.67 11.53
8231.16 11.23
8313.47 10.65
8396.61 9.95
8480.57 9.1
8565.38 8.2
8651.03 7.28
8737.54 6.38
8824.92 5.52
8913.17 4.72
9002.3 3.94
9092.32 3.25
9183.25 2.61
9275.08 2.01
9367.83 1.44
9461.51 0.94
9556.12 0.48
9651.68 0.05
9748.2 -0.36
9845.68 -0.71
9944.14 -1.04
10043.58 -1.32
10144.02 -1.56
10245.46 -1.76
10347.91 -1.94
10451.39 -2.1
10555.91 -2.28
10661.46 -2.4
10768.08 -2.48
10875.76 -2.53
10984.52 -2.55
11094.36 -2.56
11205.31 -2.57
11317.36 -2.54
11430.53 -2.51
11544.84 -2.46
11660.29 -2.38
11776.89 -2.31
11894.66 -2.15
12013.6 -1.97
12133.74 -1.78
12255.08 -1.56
12377.63 -1.31
12501.41 -1.05
12626.42 -0.74
12752.68 -0.37
12880.21 0.04
13009.01 0.49
13139.1 0.93
13270.49 1.46
13403.2 2
13537.23 2.56
13672.6 3.11
13809.33 3.62
13947.42 4.03
14086.9 4.29
14227.77 4.47
14370.04 4.53
14513.74 4.45
14658.88 4.22
14805.47 3.94
14953.52 3.6
15103.06 3.31
15254.09 3.04
15406.63 2.96
15560.7 2.97
15716.3 3.09
15873.47 3.45
16032.2 3.93
16192.52 4.61
16354.45 5.19
16517.99 5.59
16683.17 4.97
16850.01 3.55
17018.51 1.56
17188.69 -0.77
17360.58 -3.02
17534.18 -5.2
17709.53 -7.22
17886.62 -9.18
18065.49 -11.09
18246.14 -12.97
18428.6 -14.87
18612.89 -16.74
18799.02 -18.68
18987.01 -20.8
19176.88 -25.24
19368.65 -32.53
19562.33 -43.17
19757.96 -57.39
19955.54 -71.62