20 11.46
20.2 11.44
20.4 11.42
20.61 11.4
20.81 11.38
21.02 11.37
21.23 11.35
21.44 11.34
21.66 11.32
21.87 11.31
22.09 11.29
22.31 11.27
22.54 11.25
22.76 11.22
22.99 11.2
23.22 11.17
23.45 11.15
23.69 11.13
23.92 11.11
24.16 11.09
24.4 11.06
24.65 11.04
24.89 11.01
25.14 10.98
25.39 10.95
25.65 10.93
25.91 10.91
26.16 10.9
26.43 10.89
26.69 10.88
26.96 10.87
27.23 10.85
27.5 10.83
27.77 10.8
28.05 10.76
28.33 10.73
28.62 10.69
28.9 10.66
29.19 10.63
29.48 10.6
29.78 10.57
30.08 10.54
30.38 10.51
30.68 10.47
30.99 10.44
31.3 10.41
31.61 10.38
31.93 10.35
32.24 10.32
32.57 10.28
32.89 10.25
33.22 10.21
33.55 10.18
33.89 10.15
34.23 10.11
34.57 10.08
34.92 10.04
35.27 10.01
35.62 9.97
35.97 9.94
36.33 9.9
36.7 9.86
37.06 9.82
37.43 9.78
37.81 9.75
38.19 9.71
38.57 9.67
38.95 9.63
39.34 9.59
39.74 9.55
40.14 9.51
40.54 9.47
40.94 9.43
41.35 9.39
41.76 9.35
42.18 9.31
42.6 9.27
43.03 9.22
43.46 9.18
43.9 9.14
44.33 9.1
44.78 9.05
45.23 9.01
45.68 8.96
46.13 8.92
46.6 8.88
47.06 8.84
47.53 8.8
48.01 8.75
48.49 8.7
48.97 8.66
49.46 8.61
49.96 8.57
50.46 8.52
50.96 8.47
51.47 8.42
51.99 8.37
52.51 8.33
53.03 8.28
53.56 8.23
54.1 8.19
54.64 8.14
55.18 8.09
55.74 8.04
56.29 7.99
56.86 7.94
57.42 7.89
58 7.84
58.58 7.79
59.16 7.74
59.76 7.69
60.35 7.64
60.96 7.59
61.57 7.55
62.18 7.49
62.8 7.44
63.43 7.39
64.07 7.34
64.71 7.29
65.35 7.24
66.01 7.19
66.67 7.14
67.33 7.09
68.01 7.04
68.69 6.99
69.37 6.94
70.07 6.89
70.77 6.84
71.48 6.78
72.19 6.73
72.91 6.68
73.64 6.63
74.38 6.57
75.12 6.52
75.87 6.46
76.63 6.41
77.4 6.35
78.17 6.3
78.95 6.25
79.74 6.2
80.54 6.14
81.35 6.09
82.16 6.03
82.98 5.97
83.81 5.92
84.65 5.87
85.5 5.81
86.35 5.76
87.22 5.71
88.09 5.66
88.97 5.61
89.86 5.56
90.76 5.51
91.66 5.46
92.58 5.4
93.51 5.34
94.44 5.29
95.39 5.23
96.34 5.17
97.3 5.12
98.28 5.07
99.26 5.02
100.25 4.97
101.25 4.91
102.27 4.86
103.29 4.81
104.32 4.75
105.37 4.7
106.42 4.64
107.48 4.59
108.56 4.54
109.64 4.48
110.74 4.43
111.85 4.37
112.97 4.32
114.1 4.26
115.24 4.21
116.39 4.16
117.55 4.11
118.73 4.06
119.92 4.01
121.12 3.95
122.33 3.88
123.55 3.83
124.79 3.78
126.03 3.73
127.29 3.68
128.57 3.63
129.85 3.58
131.15 3.52
132.46 3.46
133.79 3.37
135.12 3.33
136.48 3.3
137.84 3.26
139.22 3.21
140.61 3.15
142.02 3.1
143.44 3.05
144.87 3
146.32 2.95
147.78 2.9
149.26 2.85
150.75 2.79
152.26 2.74
153.78 2.68
155.32 2.63
156.88 2.58
158.44 2.53
160.03 2.47
161.63 2.43
163.24 2.37
164.88 2.31
166.53 2.28
168.19 2.25
169.87 2.2
171.57 2.16
173.29 2.12
175.02 2.09
176.77 2.05
178.54 2.01
180.32 1.96
182.13 1.91
183.95 1.88
185.79 1.86
187.65 1.84
189.52 1.82
191.42 1.79
193.33 1.76
195.27 1.73
197.22 1.69
199.19 1.65
201.18 1.61
203.19 1.57
205.23 1.53
207.28 1.49
209.35 1.45
211.44 1.41
213.56 1.37
215.69 1.33
217.85 1.3
220.03 1.26
222.23 1.23
224.45 1.19
226.7 1.16
228.96 1.12
231.25 1.09
233.57 1.05
235.9 1.01
238.26 0.99
240.64 0.95
243.05 0.9
245.48 0.86
247.93 0.82
250.41 0.78
252.92 0.74
255.45 0.71
258 0.67
260.58 0.63
263.19 0.6
265.82 0.56
268.48 0.53
271.16 0.49
273.87 0.46
276.61 0.43
279.38 0.39
282.17 0.36
284.99 0.32
287.84 0.29
290.72 0.26
293.63 0.23
296.57 0.2
299.53 0.17
302.53 0.13
305.55 0.1
308.61 0.07
311.69 0.04
314.81 0.01
317.96 -0.02
321.14 -0.04
324.35 -0.07
327.59 -0.1
330.87 -0.13
334.18 -0.15
337.52 -0.18
340.9 -0.21
344.3 -0.24
347.75 -0.26
351.23 -0.29
354.74 -0.31
358.28 -0.34
361.87 -0.37
365.49 -0.39
369.14 -0.41
372.83 -0.44
376.56 -0.46
380.33 -0.48
384.13 -0.5
387.97 -0.52
391.85 -0.54
395.77 -0.56
399.73 -0.58
403.72 -0.6
407.76 -0.62
411.84 -0.64
415.96 -0.66
420.12 -0.67
424.32 -0.69
428.56 -0.71
432.85 -0.73
437.18 -0.74
441.55 -0.76
445.96 -0.78
450.42 -0.79
454.93 -0.81
459.48 -0.83
464.07 -0.85
468.71 -0.86
473.4 -0.88
478.13 -0.89
482.91 -0.9
487.74 -0.92
492.62 -0.94
497.55 -0.95
502.52 -0.96
507.55 -0.98
512.62 -0.99
517.75 -1
522.93 -1.01
528.16 -1.03
533.44 -1.04
538.77 -1.04
544.16 -1.05
549.6 -1.07
555.1 -1.08
560.65 -1.09
566.25 -1.09
571.92 -1.1
577.64 -1.11
583.41 -1.12
589.25 -1.12
595.14 -1.13
601.09 -1.14
607.1 -1.15
613.17 -1.15
619.3 -1.15
625.5 -1.16
631.75 -1.16
638.07 -1.17
644.45 -1.17
650.89 -1.17
657.4 -1.17
663.98 -1.17
670.62 -1.17
677.32 -1.17
684.1 -1.17
690.94 -1.17
697.85 -1.16
704.83 -1.16
711.87 -1.15
718.99 -1.15
726.18 -1.14
733.44 -1.13
740.78 -1.12
748.19 -1.12
755.67 -1.1
763.23 -1.09
770.86 -1.08
778.57 -1.06
786.35 -1.04
794.22 -1.03
802.16 -1.01
810.18 -0.99
818.28 -0.96
826.46 -0.94
834.73 -0.91
843.08 -0.88
851.51 -0.85
860.02 -0.82
868.62 -0.78
877.31 -0.74
886.08 -0.71
894.94 -0.66
903.89 -0.61
912.93 -0.57
922.06 -0.52
931.28 -0.47
940.59 -0.41
950 -0.35
959.5 -0.29
969.09 -0.23
978.78 -0.16
988.57 -0.09
998.46 -0.01
1008.44 0.07
1018.53 0.15
1028.71 0.23
1039 0.31
1049.39 0.4
1059.88 0.48
1070.48 0.58
1081.19 0.67
1092 0.77
1102.92 0.86
1113.95 0.96
1125.09 1.06
1136.34 1.16
1147.7 1.26
1159.18 1.36
1170.77 1.46
1182.48 1.56
1194.3 1.66
1206.25 1.76
1218.31 1.85
1230.49 1.95
1242.8 2.05
1255.22 2.14
1267.78 2.24
1280.45 2.34
1293.26 2.42
1306.19 2.51
1319.25 2.6
1332.45 2.69
1345.77 2.77
1359.23 2.86
1372.82 2.94
1386.55 3.02
1400.41 3.1
1414.42 3.18
1428.56 3.25
1442.85 3.33
1457.28 3.4
1471.85 3.47
1486.57 3.54
1501.43 3.61
1516.45 3.67
1531.61 3.74
1546.93 3.8
1562.4 3.86
1578.02 3.92
1593.8 3.97
1609.74 4.03
1625.84 4.08
1642.1 4.13
1658.52 4.18
1675.1 4.23
1691.85 4.27
1708.77 4.32
1725.86 4.36
1743.12 4.41
1760.55 4.45
1778.15 4.49
1795.94 4.53
1813.9 4.58
1832.03 4.62
1850.36 4.67
1868.86 4.71
1887.55 4.76
1906.42 4.81
1925.49 4.86
1944.74 4.92
1964.19 4.97
1983.83 5.03
2003.67 5.08
2023.71 5.14
2043.94 5.2
2064.38 5.26
2085.03 5.31
2105.88 5.37
2126.94 5.43
2148.2 5.48
2169.69 5.54
2191.38 5.59
2213.3 5.64
2235.43 5.69
2257.78 5.73
2280.36 5.77
2303.17 5.81
2326.2 5.85
2349.46 5.88
2372.95 5.9
2396.68 5.93
2420.65 5.95
2444.86 5.97
2469.31 5.99
2494 6
2518.94 6.01
2544.13 6.02
2569.57 6.03
2595.27 6.04
2621.22 6.04
2647.43 6.04
2673.9 6.04
2700.64 6.05
2727.65 6.05
2754.93 6.05
2782.48 6.05
2810.3 6.05
2838.4 6.05
2866.79 6.06
2895.46 6.06
2924.41 6.07
2953.65 6.08
2983.19 6.09
3013.02 6.1
3043.15 6.11
3073.58 6.12
3104.32 6.14
3135.36 6.16
3166.72 6.18
3198.38 6.21
3230.37 6.24
3262.67 6.27
3295.3 6.31
3328.25 6.36
3361.53 6.41
3395.15 6.47
3429.1 6.54
3463.39 6.61
3498.03 6.68
3533.01 6.75
3568.34 6.83
3604.02 6.91
3640.06 6.99
3676.46 7.07
3713.22 7.14
3750.36 7.21
3787.86 7.28
3825.74 7.34
3864 7.39
3902.64 7.43
3941.66 7.47
3981.08 7.5
4020.89 7.52
4061.1 7.54
4101.71 7.54
4142.73 7.53
4184.15 7.52
4226 7.5
4268.26 7.47
4310.94 7.43
4354.05 7.39
4397.59 7.33
4441.56 7.26
4485.98 7.18
4530.84 7.09
4576.15 6.98
4621.91 6.86
4668.13 6.72
4714.81 6.57
4761.96 6.41
4809.58 6.24
4857.67 6.06
4906.25 5.87
4955.31 5.68
5004.87 5.49
5054.91 5.29
5105.46 5.1
5156.52 4.9
5208.08 4.71
5260.16 4.52
5312.77 4.33
5365.89 4.14
5419.55 3.95
5473.75 3.76
5528.49 3.58
5583.77 3.41
5639.61 3.23
5696 3.06
5752.96 2.91
5810.49 2.76
5868.6 2.63
5927.28 2.5
5986.56 2.38
6046.42 2.28
6106.89 2.19
6167.96 2.11
6229.64 2.06
6291.93 2.02
6354.85 2
6418.4 1.99
6482.58 2
6547.41 2.04
6612.88 2.1
6679.01 2.18
6745.8 2.29
6813.26 2.43
6881.39 2.59
6950.21 2.8
7019.71 3.03
7089.91 3.3
7160.81 3.63
7232.41 4
7304.74 4.41
7377.79 4.89
7451.56 5.42
7526.08 5.99
7601.34 6.61
7677.35 7.27
7754.13 7.95
7831.67 8.56
7909.98 9.08
7989.08 9.47
8068.98 9.55
8149.67 9.49
8231.16 9.26
8313.47 8.98
8396.61 8.68
8480.57 8.41
8565.38 8.12
8651.03 7.81
8737.54 7.46
8824.92 7.05
8913.17 6.62
9002.3 6.17
9092.32 5.74
9183.25 5.33
9275.08 4.95
9367.83 4.6
9461.51 4.33
9556.12 4.08
9651.68 3.84
9748.2 3.65
9845.68 3.49
9944.14 3.32
10043.58 3.12
10144.02 2.9
10245.46 2.57
10347.91 2.17
10451.39 1.68
10555.91 1.05
10661.46 0.32
10768.08 -0.48
10875.76 -1.37
10984.52 -2.29
11094.36 -3.23
11205.31 -4.18
11317.36 -5.11
11430.53 -6.02
11544.84 -6.89
11660.29 -7.73
11776.89 -8.54
11894.66 -9.28
12013.6 -10.01
12133.74 -10.69
12255.08 -11.33
12377.63 -11.95
12501.41 -12.51
12626.42 -13.03
12752.68 -13.48
12880.21 -13.88
13009.01 -14.25
13139.1 -14.62
13270.49 -14.89
13403.2 -15.17
13537.23 -15.35
13672.6 -15.48
13809.33 -15.58
13947.42 -15.64
14086.9 -15.57
14227.77 -15.42
14370.04 -15.23
14513.74 -14.98
14658.88 -14.57
14805.47 -14.13
14953.52 -13.63
15103.06 -12.92
15254.09 -12.11
15406.63 -11.15
15560.7 -10.24
15716.3 -9.4
15873.47 -9.32
16032.2 -9.7
16192.52 -11.11
16354.45 -12.93
16517.99 -14.96
16683.17 -17
16850.01 -19.06
17018.51 -21.08
17188.69 -22.68
17360.58 -23.92
17534.18 -24.85
17709.53 -25.22
17886.62 -25.15
18065.49 -25.02
18246.14 -24.99
18428.6 -24.99
18612.89 -25.17
18799.02 -25.43
18987.01 -25.58
19176.88 -26.62
19368.65 -27.75
19562.33 -29.32
19757.96 -31.84
19955.54 -34.37