20 6.48
20.2 6.5
20.4 6.52
20.61 6.54
20.81 6.55
21.02 6.57
21.23 6.58
21.44 6.59
21.66 6.61
21.87 6.63
22.09 6.65
22.31 6.67
22.54 6.69
22.76 6.71
22.99 6.73
23.22 6.74
23.45 6.76
23.69 6.77
23.92 6.78
24.16 6.79
24.4 6.8
24.65 6.81
24.89 6.82
25.14 6.83
25.39 6.85
25.65 6.86
25.91 6.88
26.16 6.89
26.43 6.9
26.69 6.91
26.96 6.93
27.23 6.94
27.5 6.94
27.77 6.95
28.05 6.94
28.33 6.94
28.62 6.93
28.9 6.91
29.19 6.91
29.48 6.91
29.78 6.93
30.08 6.95
30.38 6.98
30.68 7
30.99 7.02
31.3 7.03
31.61 7.03
31.93 7.03
32.24 7.03
32.57 7.04
32.89 7.04
33.22 7.04
33.55 7.05
33.89 7.05
34.23 7.05
34.57 7.05
34.92 7.05
35.27 7.05
35.62 7.05
35.97 7.05
36.33 7.05
36.7 7.04
37.06 7.04
37.43 7.04
37.81 7.04
38.19 7.04
38.57 7.03
38.95 7.03
39.34 7.02
39.74 7.02
40.14 7.01
40.54 7.01
40.94 7
41.35 7
41.76 7
42.18 7
42.6 6.99
43.03 6.98
43.46 6.97
43.9 6.96
44.33 6.96
44.78 6.96
45.23 6.96
45.68 6.95
46.13 6.94
46.6 6.92
47.06 6.91
47.53 6.9
48.01 6.89
48.49 6.88
48.97 6.87
49.46 6.86
49.96 6.85
50.46 6.84
50.96 6.83
51.47 6.81
51.99 6.8
52.51 6.79
53.03 6.78
53.56 6.77
54.1 6.75
54.64 6.74
55.18 6.72
55.74 6.7
56.29 6.69
56.86 6.67
57.42 6.66
58 6.64
58.58 6.6
59.16 6.56
59.76 6.52
60.35 6.5
60.96 6.52
61.57 6.55
62.18 6.54
62.8 6.5
63.43 6.47
64.07 6.45
64.71 6.44
65.35 6.41
66.01 6.39
66.67 6.36
67.33 6.34
68.01 6.32
68.69 6.3
69.37 6.28
70.07 6.26
70.77 6.23
71.48 6.21
72.19 6.18
72.91 6.16
73.64 6.14
74.38 6.12
75.12 6.1
75.87 6.08
76.63 6.06
77.4 6.02
78.17 6
78.95 5.98
79.74 5.96
80.54 5.93
81.35 5.9
82.16 5.88
82.98 5.85
83.81 5.82
84.65 5.79
85.5 5.76
86.35 5.74
87.22 5.71
88.09 5.68
88.97 5.65
89.86 5.62
90.76 5.58
91.66 5.55
92.58 5.52
93.51 5.48
94.44 5.45
95.39 5.42
96.34 5.38
97.3 5.34
98.28 5.3
99.26 5.27
100.25 5.23
101.25 5.2
102.27 5.16
103.29 5.11
104.32 5.07
105.37 5.03
106.42 4.99
107.48 4.94
108.56 4.9
109.64 4.85
110.74 4.8
111.85 4.76
112.97 4.71
114.1 4.66
115.24 4.61
116.39 4.56
117.55 4.51
118.73 4.48
119.92 4.45
121.12 4.42
122.33 4.39
123.55 4.38
124.79 4.37
126.03 4.36
127.29 4.36
128.57 4.35
129.85 4.34
131.15 4.33
132.46 4.31
133.79 4.29
135.12 4.26
136.48 4.23
137.84 4.2
139.22 4.17
140.61 4.14
142.02 4.1
143.44 4.07
144.87 4.03
146.32 3.99
147.78 3.95
149.26 3.91
150.75 3.87
152.26 3.83
153.78 3.78
155.32 3.74
156.88 3.7
158.44 3.65
160.03 3.61
161.63 3.56
163.24 3.52
164.88 3.47
166.53 3.43
168.19 3.38
169.87 3.34
171.57 3.29
173.29 3.25
175.02 3.2
176.77 3.16
178.54 3.12
180.32 3.07
182.13 3.03
183.95 2.99
185.79 2.95
187.65 2.9
189.52 2.86
191.42 2.82
193.33 2.77
195.27 2.73
197.22 2.68
199.19 2.64
201.18 2.6
203.19 2.55
205.23 2.51
207.28 2.47
209.35 2.42
211.44 2.38
213.56 2.34
215.69 2.3
217.85 2.25
220.03 2.21
222.23 2.17
224.45 2.13
226.7 2.09
228.96 2.05
231.25 2
233.57 1.96
235.9 1.92
238.26 1.87
240.64 1.83
243.05 1.79
245.48 1.76
247.93 1.73
250.41 1.7
252.92 1.67
255.45 1.65
258 1.62
260.58 1.6
263.19 1.57
265.82 1.54
268.48 1.52
271.16 1.49
273.87 1.46
276.61 1.44
279.38 1.41
282.17 1.37
284.99 1.34
287.84 1.3
290.72 1.26
293.63 1.22
296.57 1.19
299.53 1.18
302.53 1.12
305.55 1.07
308.61 1.04
311.69 1
314.81 0.96
317.96 0.92
321.14 0.88
324.35 0.85
327.59 0.81
330.87 0.78
334.18 0.74
337.52 0.71
340.9 0.67
344.3 0.64
347.75 0.6
351.23 0.57
354.74 0.53
358.28 0.5
361.87 0.47
365.49 0.44
369.14 0.4
372.83 0.37
376.56 0.34
380.33 0.31
384.13 0.28
387.97 0.25
391.85 0.22
395.77 0.19
399.73 0.15
403.72 0.12
407.76 0.1
411.84 0.07
415.96 0.04
420.12 0.01
424.32 -0.01
428.56 -0.04
432.85 -0.07
437.18 -0.09
441.55 -0.12
445.96 -0.15
450.42 -0.17
454.93 -0.2
459.48 -0.22
464.07 -0.25
468.71 -0.27
473.4 -0.3
478.13 -0.32
482.91 -0.34
487.74 -0.37
492.62 -0.39
497.55 -0.41
502.52 -0.43
507.55 -0.45
512.62 -0.47
517.75 -0.5
522.93 -0.52
528.16 -0.54
533.44 -0.55
538.77 -0.57
544.16 -0.59
549.6 -0.61
555.1 -0.63
560.65 -0.64
566.25 -0.66
571.92 -0.68
577.64 -0.69
583.41 -0.71
589.25 -0.72
595.14 -0.74
601.09 -0.75
607.1 -0.76
613.17 -0.78
619.3 -0.79
625.5 -0.8
631.75 -0.81
638.07 -0.82
644.45 -0.83
650.89 -0.85
657.4 -0.86
663.98 -0.88
670.62 -0.89
677.32 -0.89
684.1 -0.86
690.94 -0.82
697.85 -0.82
704.83 -0.85
711.87 -0.89
718.99 -0.96
726.18 -0.95
733.44 -0.92
740.78 -0.89
748.19 -0.89
755.67 -0.91
763.23 -0.93
770.86 -0.96
778.57 -0.97
786.35 -0.96
794.22 -0.95
802.16 -0.93
810.18 -0.9
818.28 -0.88
826.46 -0.86
834.73 -0.83
843.08 -0.81
851.51 -0.78
860.02 -0.75
868.62 -0.72
877.31 -0.69
886.08 -0.65
894.94 -0.62
903.89 -0.58
912.93 -0.53
922.06 -0.49
931.28 -0.44
940.59 -0.39
950 -0.33
959.5 -0.28
969.09 -0.22
978.78 -0.15
988.57 -0.08
998.46 -0.01
1008.44 0.06
1018.53 0.14
1028.71 0.22
1039 0.3
1049.39 0.39
1059.88 0.48
1070.48 0.58
1081.19 0.67
1092 0.77
1102.92 0.88
1113.95 0.98
1125.09 1.09
1136.34 1.21
1147.7 1.32
1159.18 1.44
1170.77 1.56
1182.48 1.68
1194.3 1.8
1206.25 1.92
1218.31 2.05
1230.49 2.17
1242.8 2.29
1255.22 2.41
1267.78 2.52
1280.45 2.64
1293.26 2.75
1306.19 2.86
1319.25 2.97
1332.45 3.07
1345.77 3.17
1359.23 3.27
1372.82 3.37
1386.55 3.46
1400.41 3.55
1414.42 3.64
1428.56 3.74
1442.85 3.82
1457.28 3.91
1471.85 4
1486.57 4.09
1501.43 4.17
1516.45 4.26
1531.61 4.35
1546.93 4.44
1562.4 4.53
1578.02 4.62
1593.8 4.71
1609.74 4.81
1625.84 4.9
1642.1 5
1658.52 5.1
1675.1 5.2
1691.85 5.3
1708.77 5.4
1725.86 5.51
1743.12 5.62
1760.55 5.73
1778.15 5.84
1795.94 5.95
1813.9 6.06
1832.03 6.18
1850.36 6.29
1868.86 6.41
1887.55 6.53
1906.42 6.65
1925.49 6.77
1944.74 6.89
1964.19 7.01
1983.83 7.14
2003.67 7.26
2023.71 7.38
2043.94 7.5
2064.38 7.62
2085.03 7.74
2105.88 7.85
2126.94 7.97
2148.2 8.08
2169.69 8.18
2191.38 8.29
2213.3 8.38
2235.43 8.48
2257.78 8.56
2280.36 8.64
2303.17 8.72
2326.2 8.79
2349.46 8.85
2372.95 8.9
2396.68 8.94
2420.65 8.98
2444.86 9
2469.31 9.02
2494 9.03
2518.94 9.03
2544.13 9.02
2569.57 9.01
2595.27 8.99
2621.22 8.96
2647.43 8.92
2673.9 8.88
2700.64 8.84
2727.65 8.79
2754.93 8.73
2782.48 8.68
2810.3 8.62
2838.4 8.56
2866.79 8.5
2895.46 8.45
2924.41 8.39
2953.65 8.34
2983.19 8.29
3013.02 8.24
3043.15 8.19
3073.58 8.15
3104.32 8.11
3135.36 8.08
3166.72 8.05
3198.38 8.02
3230.37 8
3262.67 7.98
3295.3 7.96
3328.25 7.95
3361.53 7.95
3395.15 7.95
3429.1 7.95
3463.39 7.96
3498.03 7.97
3533.01 7.98
3568.34 8
3604.02 8.02
3640.06 8.05
3676.46 8.07
3713.22 8.1
3750.36 8.14
3787.86 8.17
3825.74 8.21
3864 8.25
3902.64 8.3
3941.66 8.34
3981.08 8.39
4020.89 8.44
4061.1 8.49
4101.71 8.54
4142.73 8.59
4184.15 8.64
4226 8.68
4268.26 8.72
4310.94 8.74
4354.05 8.76
4397.59 8.75
4441.56 8.75
4485.98 8.73
4530.84 8.72
4576.15 8.71
4621.91 8.7
4668.13 8.71
4714.81 8.74
4761.96 8.76
4809.58 8.79
4857.67 8.82
4906.25 8.83
4955.31 8.82
5004.87 8.8
5054.91 8.75
5105.46 8.68
5156.52 8.6
5208.08 8.49
5260.16 8.37
5312.77 8.23
5365.89 8.08
5419.55 7.93
5473.75 7.78
5528.49 7.62
5583.77 7.45
5639.61 7.27
5696 7.07
5752.96 6.85
5810.49 6.61
5868.6 6.37
5927.28 6.14
5986.56 5.91
6046.42 5.68
6106.89 5.46
6167.96 5.24
6229.64 5.04
6291.93 4.84
6354.85 4.67
6418.4 4.5
6482.58 4.36
6547.41 4.23
6612.88 4.13
6679.01 4.05
6745.8 4.01
6813.26 3.98
6881.39 3.99
6950.21 4.03
7019.71 4.1
7089.91 4.2
7160.81 4.35
7232.41 4.54
7304.74 4.77
7377.79 5.05
7451.56 5.36
7526.08 5.71
7601.34 6.09
7677.35 6.51
7754.13 6.92
7831.67 7.32
7909.98 7.65
7989.08 7.91
8068.98 7.94
8149.67 7.81
8231.16 7.49
8313.47 6.96
8396.61 6.35
8480.57 5.63
8565.38 4.87
8651.03 4.1
8737.54 3.31
8824.92 2.53
8913.17 1.76
9002.3 1.01
9092.32 0.28
9183.25 -0.41
9275.08 -1.08
9367.83 -1.7
9461.51 -2.29
9556.12 -2.83
9651.68 -3.33
9748.2 -3.81
9845.68 -4.23
9944.14 -4.61
10043.58 -4.95
10144.02 -5.26
10245.46 -5.52
10347.91 -5.74
10451.39 -5.91
10555.91 -5.98
10661.46 -5.99
10768.08 -5.9
10875.76 -5.66
10984.52 -5.25
11094.36 -4.71
11205.31 -4
11317.36 -3.04
11430.53 -1.99
11544.84 -0.75
11660.29 0.61
11776.89 2.03
11894.66 3.61
12013.6 5.21
12133.74 6.71
12255.08 7.66
12377.63 8.03
12501.41 7.35
12626.42 5.55
12752.68 3.57
12880.21 1.77
13009.01 0.1
13139.1 -1.58
13270.49 -2.87
13403.2 -4.05
13537.23 -5
13672.6 -5.86
13809.33 -6.62
13947.42 -7.23
14086.9 -7.72
14227.77 -8.13
14370.04 -8.45
14513.74 -8.64
14658.88 -8.67
14805.47 -8.61
14953.52 -8.4
15103.06 -7.99
15254.09 -7.48
15406.63 -6.64
15560.7 -5.64
15716.3 -4.4
15873.47 -3.1
16032.2 -2.06
16192.52 -2.15
16354.45 -3.41
16517.99 -5.35
16683.17 -7.54
16850.01 -9.52
17018.51 -11.34
17188.69 -12.89
17360.58 -14.27
17534.18 -15.52
17709.53 -16.61
17886.62 -17.58
18065.49 -18.47
18246.14 -19.29
18428.6 -20.06
18612.89 -20.88
18799.02 -21.77
18987.01 -22.76
19176.88 -24.03
19368.65 -25.46
19562.33 -27.18
19757.96 -29.3
19955.54 -31.43