20 9.37
20.2 9.36
20.4 9.35
20.61 9.34
20.81 9.33
21.02 9.32
21.23 9.31
21.44 9.3
21.66 9.29
21.87 9.28
22.09 9.27
22.31 9.26
22.54 9.25
22.76 9.24
22.99 9.23
23.22 9.22
23.45 9.21
23.69 9.2
23.92 9.19
24.16 9.17
24.4 9.16
24.65 9.14
24.89 9.12
25.14 9.11
25.39 9.09
25.65 9.07
25.91 9.06
26.16 9.04
26.43 9.03
26.69 9.01
26.96 8.99
27.23 8.98
27.5 8.96
27.77 8.94
28.05 8.92
28.33 8.9
28.62 8.87
28.9 8.85
29.19 8.83
29.48 8.8
29.78 8.78
30.08 8.76
30.38 8.74
30.68 8.72
30.99 8.71
31.3 8.69
31.61 8.67
31.93 8.65
32.24 8.62
32.57 8.59
32.89 8.56
33.22 8.54
33.55 8.51
33.89 8.49
34.23 8.46
34.57 8.44
34.92 8.41
35.27 8.38
35.62 8.35
35.97 8.33
36.33 8.3
36.7 8.27
37.06 8.24
37.43 8.21
37.81 8.18
38.19 8.15
38.57 8.12
38.95 8.09
39.34 8.06
39.74 8.02
40.14 7.99
40.54 7.96
40.94 7.93
41.35 7.89
41.76 7.86
42.18 7.82
42.6 7.79
43.03 7.76
43.46 7.72
43.9 7.69
44.33 7.65
44.78 7.62
45.23 7.58
45.68 7.54
46.13 7.5
46.6 7.47
47.06 7.43
47.53 7.39
48.01 7.35
48.49 7.31
48.97 7.27
49.46 7.23
49.96 7.19
50.46 7.15
50.96 7.11
51.47 7.07
51.99 7.03
52.51 6.99
53.03 6.94
53.56 6.9
54.1 6.86
54.64 6.82
55.18 6.78
55.74 6.73
56.29 6.69
56.86 6.64
57.42 6.6
58 6.55
58.58 6.52
59.16 6.48
59.76 6.44
60.35 6.39
60.96 6.34
61.57 6.28
62.18 6.23
62.8 6.19
63.43 6.14
64.07 6.09
64.71 6.05
65.35 6
66.01 5.95
66.67 5.89
67.33 5.84
68.01 5.79
68.69 5.75
69.37 5.69
70.07 5.64
70.77 5.59
71.48 5.54
72.19 5.49
72.91 5.44
73.64 5.38
74.38 5.33
75.12 5.28
75.87 5.23
76.63 5.18
77.4 5.12
78.17 5.07
78.95 5.01
79.74 4.96
80.54 4.9
81.35 4.85
82.16 4.79
82.98 4.74
83.81 4.68
84.65 4.63
85.5 4.57
86.35 4.52
87.22 4.46
88.09 4.41
88.97 4.35
89.86 4.29
90.76 4.24
91.66 4.18
92.58 4.12
93.51 4.06
94.44 4.01
95.39 3.95
96.34 3.9
97.3 3.84
98.28 3.78
99.26 3.72
100.25 3.66
101.25 3.61
102.27 3.55
103.29 3.49
104.32 3.43
105.37 3.38
106.42 3.32
107.48 3.26
108.56 3.2
109.64 3.14
110.74 3.08
111.85 3.02
112.97 2.96
114.1 2.9
115.24 2.84
116.39 2.78
117.55 2.72
118.73 2.66
119.92 2.6
121.12 2.55
122.33 2.49
123.55 2.43
124.79 2.37
126.03 2.31
127.29 2.25
128.57 2.19
129.85 2.13
131.15 2.07
132.46 2.01
133.79 1.95
135.12 1.9
136.48 1.84
137.84 1.78
139.22 1.72
140.61 1.66
142.02 1.6
143.44 1.55
144.87 1.48
146.32 1.43
147.78 1.37
149.26 1.31
150.75 1.25
152.26 1.2
153.78 1.14
155.32 1.08
156.88 1.03
158.44 0.98
160.03 0.92
161.63 0.87
163.24 0.82
164.88 0.76
166.53 0.71
168.19 0.66
169.87 0.6
171.57 0.55
173.29 0.49
175.02 0.44
176.77 0.39
178.54 0.34
180.32 0.29
182.13 0.24
183.95 0.19
185.79 0.14
187.65 0.09
189.52 0.05
191.42 0
193.33 -0.04
195.27 -0.07
197.22 -0.1
199.19 -0.13
201.18 -0.17
203.19 -0.21
205.23 -0.25
207.28 -0.3
209.35 -0.34
211.44 -0.39
213.56 -0.43
215.69 -0.46
217.85 -0.5
220.03 -0.53
222.23 -0.56
224.45 -0.59
226.7 -0.62
228.96 -0.64
231.25 -0.67
233.57 -0.69
235.9 -0.72
238.26 -0.76
240.64 -0.79
243.05 -0.8
245.48 -0.83
247.93 -0.86
250.41 -0.88
252.92 -0.91
255.45 -0.94
258 -0.97
260.58 -0.99
263.19 -1.01
265.82 -1.04
268.48 -1.05
271.16 -1.08
273.87 -1.1
276.61 -1.11
279.38 -1.13
282.17 -1.15
284.99 -1.16
287.84 -1.18
290.72 -1.19
293.63 -1.21
296.57 -1.22
299.53 -1.23
302.53 -1.25
305.55 -1.26
308.61 -1.27
311.69 -1.28
314.81 -1.29
317.96 -1.3
321.14 -1.31
324.35 -1.31
327.59 -1.32
330.87 -1.33
334.18 -1.34
337.52 -1.34
340.9 -1.34
344.3 -1.34
347.75 -1.35
351.23 -1.35
354.74 -1.35
358.28 -1.35
361.87 -1.36
365.49 -1.36
369.14 -1.35
372.83 -1.35
376.56 -1.35
380.33 -1.35
384.13 -1.35
387.97 -1.35
391.85 -1.35
395.77 -1.35
399.73 -1.35
403.72 -1.35
407.76 -1.35
411.84 -1.35
415.96 -1.34
420.12 -1.34
424.32 -1.34
428.56 -1.33
432.85 -1.33
437.18 -1.32
441.55 -1.32
445.96 -1.32
450.42 -1.31
454.93 -1.31
459.48 -1.3
464.07 -1.3
468.71 -1.29
473.4 -1.29
478.13 -1.28
482.91 -1.28
487.74 -1.28
492.62 -1.27
497.55 -1.27
502.52 -1.26
507.55 -1.26
512.62 -1.25
517.75 -1.24
522.93 -1.24
528.16 -1.23
533.44 -1.23
538.77 -1.22
544.16 -1.21
549.6 -1.21
555.1 -1.21
560.65 -1.2
566.25 -1.2
571.92 -1.19
577.64 -1.18
583.41 -1.18
589.25 -1.17
595.14 -1.17
601.09 -1.16
607.1 -1.16
613.17 -1.15
619.3 -1.15
625.5 -1.14
631.75 -1.14
638.07 -1.13
644.45 -1.12
650.89 -1.12
657.4 -1.11
663.98 -1.11
670.62 -1.1
677.32 -1.09
684.1 -1.08
690.94 -1.08
697.85 -1.07
704.83 -1.06
711.87 -1.05
718.99 -1.04
726.18 -1.03
733.44 -1.02
740.78 -1.01
748.19 -1
755.67 -0.99
763.23 -0.97
770.86 -0.96
778.57 -0.95
786.35 -0.93
794.22 -0.91
802.16 -0.9
810.18 -0.88
818.28 -0.86
826.46 -0.83
834.73 -0.81
843.08 -0.79
851.51 -0.76
860.02 -0.73
868.62 -0.7
877.31 -0.66
886.08 -0.63
894.94 -0.59
903.89 -0.55
912.93 -0.51
922.06 -0.47
931.28 -0.42
940.59 -0.37
950 -0.32
959.5 -0.26
969.09 -0.21
978.78 -0.14
988.57 -0.08
998.46 -0.01
1008.44 0.06
1018.53 0.13
1028.71 0.2
1039 0.28
1049.39 0.36
1059.88 0.44
1070.48 0.52
1081.19 0.61
1092 0.69
1102.92 0.78
1113.95 0.87
1125.09 0.96
1136.34 1.05
1147.7 1.14
1159.18 1.23
1170.77 1.31
1182.48 1.4
1194.3 1.48
1206.25 1.57
1218.31 1.65
1230.49 1.73
1242.8 1.81
1255.22 1.89
1267.78 1.96
1280.45 2.03
1293.26 2.1
1306.19 2.17
1319.25 2.23
1332.45 2.3
1345.77 2.36
1359.23 2.42
1372.82 2.47
1386.55 2.53
1400.41 2.58
1414.42 2.63
1428.56 2.68
1442.85 2.73
1457.28 2.78
1471.85 2.83
1486.57 2.87
1501.43 2.92
1516.45 2.97
1531.61 3.01
1546.93 3.06
1562.4 3.11
1578.02 3.16
1593.8 3.21
1609.74 3.26
1625.84 3.31
1642.1 3.36
1658.52 3.42
1675.1 3.47
1691.85 3.53
1708.77 3.58
1725.86 3.64
1743.12 3.7
1760.55 3.76
1778.15 3.82
1795.94 3.88
1813.9 3.95
1832.03 4.02
1850.36 4.09
1868.86 4.16
1887.55 4.23
1906.42 4.31
1925.49 4.39
1944.74 4.47
1964.19 4.55
1983.83 4.64
2003.67 4.73
2023.71 4.82
2043.94 4.92
2064.38 5.01
2085.03 5.11
2105.88 5.22
2126.94 5.32
2148.2 5.43
2169.69 5.54
2191.38 5.65
2213.3 5.77
2235.43 5.88
2257.78 6
2280.36 6.12
2303.17 6.25
2326.2 6.37
2349.46 6.49
2372.95 6.62
2396.68 6.75
2420.65 6.88
2444.86 7
2469.31 7.13
2494 7.26
2518.94 7.39
2544.13 7.51
2569.57 7.63
2595.27 7.75
2621.22 7.87
2647.43 7.98
2673.9 8.09
2700.64 8.19
2727.65 8.29
2754.93 8.38
2782.48 8.46
2810.3 8.54
2838.4 8.61
2866.79 8.67
2895.46 8.72
2924.41 8.76
2953.65 8.8
2983.19 8.83
3013.02 8.86
3043.15 8.87
3073.58 8.87
3104.32 8.87
3135.36 8.85
3166.72 8.82
3198.38 8.79
3230.37 8.74
3262.67 8.7
3295.3 8.65
3328.25 8.6
3361.53 8.55
3395.15 8.5
3429.1 8.45
3463.39 8.39
3498.03 8.34
3533.01 8.29
3568.34 8.24
3604.02 8.19
3640.06 8.14
3676.46 8.09
3713.22 8.05
3750.36 8.02
3787.86 7.99
3825.74 7.97
3864 7.94
3902.64 7.91
3941.66 7.88
3981.08 7.85
4020.89 7.8
4061.1 7.75
4101.71 7.7
4142.73 7.64
4184.15 7.58
4226 7.51
4268.26 7.45
4310.94 7.38
4354.05 7.31
4397.59 7.24
4441.56 7.16
4485.98 7.09
4530.84 7
4576.15 6.9
4621.91 6.8
4668.13 6.68
4714.81 6.55
4761.96 6.41
4809.58 6.26
4857.67 6.11
4906.25 5.95
4955.31 5.8
5004.87 5.66
5054.91 5.52
5105.46 5.39
5156.52 5.26
5208.08 5.14
5260.16 5.03
5312.77 4.93
5365.89 4.82
5419.55 4.72
5473.75 4.61
5528.49 4.51
5583.77 4.4
5639.61 4.31
5696 4.22
5752.96 4.15
5810.49 4.09
5868.6 4.05
5927.28 4.02
5986.56 4
6046.42 3.99
6106.89 3.99
6167.96 3.99
6229.64 3.98
6291.93 3.96
6354.85 3.9
6418.4 3.82
6482.58 3.69
6547.41 3.52
6612.88 3.33
6679.01 3.09
6745.8 2.83
6813.26 2.56
6881.39 2.28
6950.21 2.01
7019.71 1.75
7089.91 1.51
7160.81 1.31
7232.41 1.14
7304.74 1
7377.79 0.88
7451.56 0.81
7526.08 0.77
7601.34 0.77
7677.35 0.82
7754.13 0.9
7831.67 1.03
7909.98 1.19
7989.08 1.39
8068.98 1.64
8149.67 1.92
8231.16 2.23
8313.47 2.56
8396.61 2.9
8480.57 3.19
8565.38 3.86
8651.03 4.53
8737.54 4.99
8824.92 5.88
8913.17 6.27
9002.3 6.46
9092.32 7.22
9183.25 7.23
9275.08 6.86
9367.83 6.34
9461.51 5.71
9556.12 5.06
9651.68 4.4
9748.2 3.75
9845.68 3.16
9944.14 2.61
10043.58 2.12
10144.02 1.68
10245.46 1.32
10347.91 1
10451.39 0.73
10555.91 0.51
10661.46 0.31
10768.08 0.12
10875.76 -0.09
10984.52 -0.36
11094.36 -0.69
11205.31 -1.09
11317.36 -1.63
11430.53 -2.22
11544.84 -2.87
11660.29 -3.55
11776.89 -4.22
11894.66 -4.84
12013.6 -5.45
12133.74 -6.03
12255.08 -6.56
12377.63 -7.06
12501.41 -7.55
12626.42 -7.94
12752.68 -8.32
12880.21 -8.65
13009.01 -8.95
13139.1 -9.25
13270.49 -9.49
13403.2 -9.72
13537.23 -9.9
13672.6 -10.05
13809.33 -10.19
13947.42 -10.32
14086.9 -10.44
14227.77 -10.56
14370.04 -10.62
14513.74 -10.6
14658.88 -10.31
14805.47 -10.07
14953.52 -9.9
15103.06 -9.69
15254.09 -9.46
15406.63 -9.18
15560.7 -8.87
15716.3 -8.52
15873.47 -7.42
16032.2 -6.18
16192.52 -5.23
16354.45 -4.53
16517.99 -4
16683.17 -3.81
16850.01 -3.97
17018.51 -4.34
17188.69 -4.52
17360.58 -5.09
17534.18 -5.93
17709.53 -7
17886.62 -7.13
18065.49 -6.87
18246.14 -6.43
18428.6 -6.49
18612.89 -7.47
18799.02 -9.28
18987.01 -11.81
19176.88 -13.09
19368.65 -14.02
19562.33 -15.03
19757.96 -16.53
19955.54 -18.02