20 13.17
20.2 13.15
20.4 13.14
20.61 13.12
20.81 13.1
21.02 13.08
21.23 13.06
21.44 13.05
21.66 13.03
21.87 13.01
22.09 12.99
22.31 12.97
22.54 12.95
22.76 12.93
22.99 12.91
23.22 12.89
23.45 12.87
23.69 12.85
23.92 12.82
24.16 12.8
24.4 12.78
24.65 12.75
24.89 12.73
25.14 12.7
25.39 12.68
25.65 12.65
25.91 12.63
26.16 12.6
26.43 12.58
26.69 12.55
26.96 12.52
27.23 12.49
27.5 12.46
27.77 12.43
28.05 12.39
28.33 12.36
28.62 12.33
28.9 12.29
29.19 12.26
29.48 12.22
29.78 12.19
30.08 12.15
30.38 12.11
30.68 12.08
30.99 12.04
31.3 12
31.61 11.96
31.93 11.92
32.24 11.88
32.57 11.84
32.89 11.8
33.22 11.76
33.55 11.72
33.89 11.68
34.23 11.64
34.57 11.6
34.92 11.56
35.27 11.51
35.62 11.47
35.97 11.42
36.33 11.38
36.7 11.33
37.06 11.28
37.43 11.24
37.81 11.19
38.19 11.14
38.57 11.1
38.95 11.05
39.34 11
39.74 10.95
40.14 10.9
40.54 10.85
40.94 10.8
41.35 10.74
41.76 10.69
42.18 10.64
42.6 10.59
43.03 10.54
43.46 10.49
43.9 10.43
44.33 10.38
44.78 10.33
45.23 10.27
45.68 10.22
46.13 10.16
46.6 10.1
47.06 10.05
47.53 9.99
48.01 9.94
48.49 9.88
48.97 9.81
49.46 9.73
49.96 9.66
50.46 9.61
50.96 9.56
51.47 9.51
51.99 9.45
52.51 9.39
53.03 9.33
53.56 9.26
54.1 9.19
54.64 9.12
55.18 9.06
55.74 8.99
56.29 8.92
56.86 8.85
57.42 8.77
58 8.7
58.58 8.63
59.16 8.55
59.76 8.48
60.35 8.41
60.96 8.33
61.57 8.26
62.18 8.18
62.8 8.1
63.43 8.02
64.07 7.95
64.71 7.87
65.35 7.79
66.01 7.71
66.67 7.63
67.33 7.55
68.01 7.47
68.69 7.38
69.37 7.3
70.07 7.22
70.77 7.13
71.48 7.05
72.19 6.97
72.91 6.88
73.64 6.8
74.38 6.71
75.12 6.63
75.87 6.54
76.63 6.45
77.4 6.37
78.17 6.28
78.95 6.2
79.74 6.11
80.54 6.02
81.35 5.92
82.16 5.84
82.98 5.75
83.81 5.66
84.65 5.57
85.5 5.49
86.35 5.4
87.22 5.3
88.09 5.22
88.97 5.13
89.86 5.03
90.76 4.95
91.66 4.86
92.58 4.77
93.51 4.69
94.44 4.58
95.39 4.49
96.34 4.42
97.3 4.33
98.28 4.24
99.26 4.16
100.25 4.07
101.25 3.98
102.27 3.89
103.29 3.79
104.32 3.72
105.37 3.63
106.42 3.54
107.48 3.46
108.56 3.37
109.64 3.29
110.74 3.21
111.85 3.13
112.97 3.06
114.1 2.98
115.24 2.9
116.39 2.83
117.55 2.75
118.73 2.68
119.92 2.6
121.12 2.53
122.33 2.47
123.55 2.4
124.79 2.34
126.03 2.27
127.29 2.2
128.57 2.14
129.85 2.08
131.15 2.02
132.46 1.97
133.79 1.9
135.12 1.85
136.48 1.8
137.84 1.75
139.22 1.71
140.61 1.66
142.02 1.62
143.44 1.57
144.87 1.54
146.32 1.5
147.78 1.46
149.26 1.44
150.75 1.41
152.26 1.37
153.78 1.34
155.32 1.31
156.88 1.29
158.44 1.26
160.03 1.24
161.63 1.22
163.24 1.2
164.88 1.19
166.53 1.17
168.19 1.15
169.87 1.14
171.57 1.13
173.29 1.12
175.02 1.11
176.77 1.1
178.54 1.09
180.32 1.09
182.13 1.08
183.95 1.08
185.79 1.08
187.65 1.09
189.52 1.09
191.42 1.1
193.33 1.12
195.27 1.14
197.22 1.16
199.19 1.2
201.18 1.23
203.19 1.27
205.23 1.29
207.28 1.32
209.35 1.33
211.44 1.34
213.56 1.35
215.69 1.36
217.85 1.37
220.03 1.37
222.23 1.38
224.45 1.39
226.7 1.4
228.96 1.4
231.25 1.41
233.57 1.42
235.9 1.43
238.26 1.44
240.64 1.45
243.05 1.46
245.48 1.46
247.93 1.47
250.41 1.47
252.92 1.49
255.45 1.51
258 1.53
260.58 1.55
263.19 1.57
265.82 1.59
268.48 1.61
271.16 1.63
273.87 1.65
276.61 1.66
279.38 1.67
282.17 1.68
284.99 1.69
287.84 1.69
290.72 1.7
293.63 1.7
296.57 1.71
299.53 1.71
302.53 1.72
305.55 1.72
308.61 1.72
311.69 1.73
314.81 1.73
317.96 1.73
321.14 1.73
324.35 1.73
327.59 1.73
330.87 1.73
334.18 1.73
337.52 1.73
340.9 1.72
344.3 1.71
347.75 1.71
351.23 1.71
354.74 1.69
358.28 1.68
361.87 1.66
365.49 1.65
369.14 1.64
372.83 1.63
376.56 1.62
380.33 1.61
384.13 1.59
387.97 1.58
391.85 1.56
395.77 1.54
399.73 1.53
403.72 1.51
407.76 1.49
411.84 1.47
415.96 1.45
420.12 1.43
424.32 1.41
428.56 1.39
432.85 1.37
437.18 1.35
441.55 1.33
445.96 1.31
450.42 1.31
454.93 1.27
459.48 1.25
464.07 1.23
468.71 1.22
473.4 1.2
478.13 1.18
482.91 1.16
487.74 1.14
492.62 1.12
497.55 1.1
502.52 1.08
507.55 1.05
512.62 1.02
517.75 1
522.93 0.97
528.16 0.94
533.44 0.91
538.77 0.89
544.16 0.86
549.6 0.83
555.1 0.8
560.65 0.77
566.25 0.74
571.92 0.72
577.64 0.69
583.41 0.66
589.25 0.63
595.14 0.6
601.09 0.57
607.1 0.54
613.17 0.51
619.3 0.47
625.5 0.44
631.75 0.41
638.07 0.38
644.45 0.35
650.89 0.32
657.4 0.29
663.98 0.25
670.62 0.22
677.32 0.19
684.1 0.16
690.94 0.13
697.85 0.1
704.83 0.08
711.87 0.05
718.99 0.02
726.18 -0.01
733.44 -0.03
740.78 -0.06
748.19 -0.09
755.67 -0.11
763.23 -0.13
770.86 -0.15
778.57 -0.17
786.35 -0.19
794.22 -0.2
802.16 -0.22
810.18 -0.23
818.28 -0.24
826.46 -0.25
834.73 -0.26
843.08 -0.26
851.51 -0.26
860.02 -0.26
868.62 -0.27
877.31 -0.27
886.08 -0.26
894.94 -0.25
903.89 -0.24
912.93 -0.23
922.06 -0.21
931.28 -0.19
940.59 -0.17
950 -0.15
959.5 -0.12
969.09 -0.09
978.78 -0.07
988.57 -0.04
998.46 -0.01
1008.44 0.03
1018.53 0.06
1028.71 0.1
1039 0.14
1049.39 0.18
1059.88 0.23
1070.48 0.27
1081.19 0.31
1092 0.35
1102.92 0.41
1113.95 0.46
1125.09 0.51
1136.34 0.56
1147.7 0.61
1159.18 0.66
1170.77 0.7
1182.48 0.74
1194.3 0.78
1206.25 0.81
1218.31 0.86
1230.49 0.9
1242.8 0.95
1255.22 0.99
1267.78 1.03
1280.45 1.06
1293.26 1.09
1306.19 1.12
1319.25 1.15
1332.45 1.18
1345.77 1.18
1359.23 1.17
1372.82 1.18
1386.55 1.19
1400.41 1.2
1414.42 1.2
1428.56 1.2
1442.85 1.19
1457.28 1.18
1471.85 1.17
1486.57 1.15
1501.43 1.13
1516.45 1.11
1531.61 1.09
1546.93 1.07
1562.4 1.05
1578.02 1.03
1593.8 1.03
1609.74 1.05
1625.84 1.07
1642.1 1.12
1658.52 1.18
1675.1 1.25
1691.85 1.35
1708.77 1.46
1725.86 1.58
1743.12 1.71
1760.55 1.84
1778.15 1.97
1795.94 2.1
1813.9 2.24
1832.03 2.38
1850.36 2.51
1868.86 2.65
1887.55 2.78
1906.42 2.92
1925.49 3.06
1944.74 3.2
1964.19 3.34
1983.83 3.48
2003.67 3.63
2023.71 3.78
2043.94 3.93
2064.38 4.09
2085.03 4.25
2105.88 4.42
2126.94 4.6
2148.2 4.77
2169.69 4.96
2191.38 5.14
2213.3 5.33
2235.43 5.52
2257.78 5.72
2280.36 5.93
2303.17 6.14
2326.2 6.34
2349.46 6.55
2372.95 6.77
2396.68 6.98
2420.65 7.18
2444.86 7.38
2469.31 7.58
2494 7.77
2518.94 7.93
2544.13 8.09
2569.57 8.21
2595.27 8.32
2621.22 8.4
2647.43 8.46
2673.9 8.48
2700.64 8.5
2727.65 8.5
2754.93 8.49
2782.48 8.46
2810.3 8.43
2838.4 8.39
2866.79 8.31
2895.46 8.2
2924.41 8.08
2953.65 7.95
2983.19 7.79
3013.02 7.61
3043.15 7.4
3073.58 7.19
3104.32 6.97
3135.36 6.72
3166.72 6.47
3198.38 6.21
3230.37 5.96
3262.67 5.68
3295.3 5.38
3328.25 5.11
3361.53 4.86
3395.15 4.62
3429.1 4.44
3463.39 4.29
3498.03 4.13
3533.01 4.04
3568.34 3.93
3604.02 3.81
3640.06 3.7
3676.46 3.64
3713.22 3.57
3750.36 3.46
3787.86 3.43
3825.74 3.4
3864 3.35
3902.64 3.33
3941.66 3.32
3981.08 3.27
4020.89 3.25
4061.1 3.26
4101.71 3.28
4142.73 3.31
4184.15 3.35
4226 3.44
4268.26 3.51
4310.94 3.56
4354.05 3.66
4397.59 3.77
4441.56 3.88
4485.98 4.01
4530.84 4.11
4576.15 4.24
4621.91 4.4
4668.13 4.52
4714.81 4.65
4761.96 4.75
4809.58 4.78
4857.67 4.8
4906.25 4.77
4955.31 4.69
5004.87 4.54
5054.91 4.33
5105.46 4.07
5156.52 3.75
5208.08 3.39
5260.16 2.97
5312.77 2.54
5365.89 2.1
5419.55 1.62
5473.75 1.13
5528.49 0.65
5583.77 0.16
5639.61 -0.34
5696 -0.83
5752.96 -0.89
5810.49 -0.94
5868.6 -1.1
5927.28 -1.21
5986.56 -1.25
6046.42 -1.13
6106.89 -1
6167.96 -0.97
6229.64 -1.2
6291.93 -1.69
6354.85 -2.22
6418.4 -2.72
6482.58 -3.12
6547.41 -3.44
6612.88 -3.71
6679.01 -3.91
6745.8 -4.13
6813.26 -4.32
6881.39 -4.39
6950.21 -4.36
7019.71 -4.25
7089.91 -4.02
7160.81 -3.82
7232.41 -3.58
7304.74 -3.3
7377.79 -2.97
7451.56 -2.51
7526.08 -1.97
7601.34 -1.36
7677.35 -0.63
7754.13 0.14
7831.67 0.96
7909.98 1.74
7989.08 2.43
8068.98 2.63
8149.67 2.44
8231.16 1.69
8313.47 0.52
8396.61 -0.8
8480.57 -2.16
8565.38 -3.48
8651.03 -4.77
8737.54 -6.01
8824.92 -7.21
8913.17 -7.71
9002.3 -7.93
9092.32 -8.57
9183.25 -9.33
9275.08 -10.07
9367.83 -10.66
9461.51 -10.78
9556.12 -10.86
9651.68 -11.05
9748.2 -11.37
9845.68 -11.7
9944.14 -11.98
10043.58 -12.19
10144.02 -12.34
10245.46 -12.39
10347.91 -12.37
10451.39 -12.26
10555.91 -11.96
10661.46 -11.61
10768.08 -11.21
10875.76 -10.76
10984.52 -10.87
11094.36 -11.02
11205.31 -10.89
11317.36 -11.21
11430.53 -11.19
11544.84 -11.04
11660.29 -11.32
11776.89 -11.76
11894.66 -12.46
12013.6 -13.19
12133.74 -13.76
12255.08 -14.16
12377.63 -14.45
12501.41 -14.79
12626.42 -15.12
12752.68 -15.43
12880.21 -15.72
13009.01 -15.98
13139.1 -16.25
13270.49 -16.44
13403.2 -16.61
13537.23 -16.66
13672.6 -16.62
13809.33 -16.48
13947.42 -16.2
14086.9 -15.77
14227.77 -15.26
14370.04 -14.61
14513.74 -13.78
14658.88 -12.68
14805.47 -11.45
14953.52 -10.02
15103.06 -8.73
15254.09 -7.54
15406.63 -7.57
15560.7 -8.06
15716.3 -9.26
15873.47 -10.66
16032.2 -11.63
16192.52 -10.67
16354.45 -11.06
16517.99 -12.16
16683.17 -12.95
16850.01 -13.59
17018.51 -13.83
17188.69 -11.76
17360.58 -10.45
17534.18 -9.85
17709.53 -10.45
17886.62 -11.47
18065.49 -12.67
18246.14 -13.97
18428.6 -14.86
18612.89 -15.22
18799.02 -15.11
18987.01 -14.6
19176.88 -14.25
19368.65 -14.13
19562.33 -14.08
19757.96 -13.9
19955.54 -13.72