20 84.54
20.36 84.53
20.73 84.51
21.11 84.50
21.5 84.48
21.89 84.47
22.29 84.45
22.69 84.44
23.1 84.42
23.52 84.40
23.95 84.39
24.39 84.37
24.83 84.35
25.28 84.33
25.74 84.31
26.21 84.29
26.69 84.27
27.18 84.25
27.67 84.23
28.17 84.21
28.69 84.18
29.21 84.16
29.74 84.13
30.28 84.10
30.83 84.08
31.39 84.05
31.97 84.02
32.55 83.98
33.14 83.95
33.74 83.92
34.36 83.88
34.98 83.84
35.62 83.80
36.27 83.76
36.93 83.72
37.6 83.68
38.28 83.64
38.98 83.59
39.69 83.54
40.41 83.50
41.15 83.45
41.9 83.39
42.66 83.34
43.44 83.29
44.23 83.23
45.03 83.18
45.85 83.12
46.68 83.06
47.53 83.00
48.4 82.94
49.28 82.87
50.18 82.81
51.09 82.74
52.02 82.68
52.97 82.61
53.93 82.54
54.91 82.47
55.91 82.40
56.93 82.33
57.97 82.27
59.02 82.20
60.09 82.13
61.19 82.06
62.3 81.99
63.44 81.92
64.59 81.84
65.77 81.77
66.96 81.70
68.18 81.63
69.42 81.56
70.69 81.48
71.97 81.41
73.28 81.33
74.62 81.26
75.97 81.18
77.36 81.11
78.76 81.03
80.2 80.96
81.66 80.88
83.14 80.81
84.66 80.74
86.2 80.67
87.77 80.60
89.36 80.53
90.99 80.46
92.65 80.40
94.33 80.33
96.05 80.26
97.8 80.20
99.58 80.13
101.39 80.06
103.23 80.00
105.11 79.93
107.03 79.86
108.97 79.79
110.96 79.72
112.98 79.65
115.03 79.58
117.13 79.51
119.26 79.44
121.43 79.37
123.64 79.31
125.89 79.25
128.18 79.20
130.51 79.14
132.89 79.09
135.31 79.04
137.77 79.00
140.28 78.95
142.83 78.91
145.43 78.86
148.07 78.83
150.77 78.79
153.51 78.75
156.31 78.72
159.15 78.69
162.05 78.65
165 78.62
168 78.58
171.06 78.54
174.17 78.51
177.34 78.47
180.57 78.43
183.86 78.39
187.2 78.35
190.61 78.31
194.08 78.27
197.61 78.23
201.21 78.19
204.87 78.15
208.6 78.11
212.39 78.09
216.26 78.06
220.19 78.04
224.2 78.03
228.28 78.02
232.44 78.01
236.67 78.00
240.97 78.00
245.36 77.99
249.82 77.98
254.37 77.97
259 77.96
263.71 77.95
268.51 77.95
273.4 77.94
278.38 77.94
283.44 77.94
288.6 77.94
293.85 77.93
299.2 77.93
304.65 77.93
310.19 77.93
315.84 77.93
321.59 77.93
327.44 77.93
333.4 77.93
339.47 77.92
345.64 77.92
351.93 77.92
358.34 77.92
364.86 77.92
371.5 77.91
378.26 77.92
385.15 77.92
392.16 77.92
399.29 77.93
406.56 77.94
413.96 77.96
421.49 77.98
429.16 78.01
436.97 78.04
444.93 78.08
453.02 78.13
461.27 78.18
469.66 78.23
478.21 78.29
486.91 78.35
495.78 78.42
504.8 78.50
513.99 78.58
523.34 78.66
532.87 78.74
542.56 78.83
552.44 78.92
562.49 79.01
572.73 79.10
583.15 79.20
593.77 79.29
604.57 79.37
615.57 79.46
626.78 79.54
638.18 79.61
649.8 79.68
661.63 79.73
673.67 79.77
685.93 79.80
698.41 79.80
711.12 79.78
724.06 79.72
737.24 79.64
750.66 79.52
764.32 79.37
778.23 79.19
792.39 78.98
806.82 78.73
821.5 78.46
836.45 78.16
851.67 77.84
867.17 77.51
882.96 77.17
899.02 76.83
915.39 76.48
932.05 76.15
949.01 75.83
966.28 75.52
983.87 75.23
1001.77 74.97
1020 74.74
1038.57 74.53
1057.47 74.35
1076.71 74.20
1096.31 74.09
1116.26 74.01
1136.58 73.98
1157.26 73.97
1178.32 74.00
1199.77 74.05
1221.6 74.14
1243.84 74.24
1266.47 74.37
1289.52 74.53
1312.99 74.70
1336.89 74.90
1361.22 75.11
1385.99 75.32
1411.22 75.54
1436.9 75.76
1463.05 75.99
1489.68 76.22
1516.79 76.45
1544.4 76.69
1572.5 76.94
1601.12 77.20
1630.26 77.48
1659.93 77.77
1690.14 78.07
1720.9 78.38
1752.22 78.69
1784.11 79.01
1816.58 79.33
1849.64 79.65
1883.3 79.98
1917.58 80.29
1952.48 80.60
1988.01 80.91
2024.19 81.21
2061.03 81.52
2098.54 81.82
2136.73 82.12
2175.62 82.40
2215.22 82.66
2255.53 82.89
2296.58 83.09
2338.38 83.26
2380.94 83.41
2424.27 83.52
2468.39 83.60
2513.31 83.65
2559.05 83.67
2605.63 83.66
2653.05 83.63
2701.33 83.57
2750.5 83.49
2800.55 83.39
2851.52 83.27
2903.42 83.12
2956.26 82.95
3010.06 82.77
3064.85 82.55
3120.62 82.31
3177.42 82.05
3235.25 81.77
3294.13 81.48
3354.08 81.16
3415.12 80.80
3477.27 80.41
3540.56 79.98
3605 79.53
3670.6 79.09
3737.41 78.69
3805.43 78.37
3874.68 78.17
3945.2 78.09
4017 78.13
4090.11 78.27
4164.55 78.49
4240.34 78.74
4317.51 79.03
4396.09 79.32
4476.1 79.61
4557.56 79.90
4640.5 80.21
4724.96 80.54
4810.95 80.89
4898.51 81.28
4987.66 81.68
5078.43 82.08
5170.86 82.46
5264.97 82.78
5360.79 83.02
5458.35 83.16
5557.69 83.22
5658.84 83.19
5761.82 83.10
5866.69 82.96
5973.46 82.79
6082.17 82.59
6192.87 82.39
6305.57 82.20
6420.33 82.02
6537.18 81.87
6656.15 81.77
6777.29 81.74
6900.63 81.80
7026.22 81.97
7154.1 82.27
7284.3 82.69
7416.87 83.23
7551.85 83.83
7689.29 84.41
7829.23 84.87
7971.72 85.09
8116.8 84.97
8264.53 84.45
8414.94 83.54
8568.09 82.33
8724.02 80.92
8882.79 79.45
9044.46 78.02
9209.06 76.71
9376.66 75.59
9547.31 74.68
9721.07 74.00
9897.99 73.53
10078.13 73.28
10261.55 73.22
10448.3 73.36
10638.45 73.67
10832.07 74.09
11029.21 74.58
11229.94 75.02
11434.32 75.34
11642.41 75.45
11854.3 75.32
12070.04 75.00
12289.71 74.58
12513.38 74.20
12741.12 73.98
12973 74.00
13209.1 74.25
13449.5 74.67
13694.28 75.16
13943.51 75.58
14197.27 75.81
14455.66 75.76
14718.74 75.41
14986.62 74.79
15259.37 73.98
15537.08 73.17
15819.85 72.56
16107.76 72.35
16400.92 72.61
16699.41 73.23
17003.33 74.04
17312.78 74.86
17627.86 75.53
17948.68 75.99
18275.34 76.21
18607.94 76.19
18946.6 75.97
19291.42 75.61
19642.52 75.16
20000 74.69
