20 81.14
20.36 81.21
20.73 81.29
21.11 81.36
21.5 81.44
21.89 81.51
22.29 81.58
22.69 81.66
23.1 81.73
23.52 81.80
23.95 81.87
24.39 81.94
24.83 82.01
25.28 82.08
25.74 82.15
26.21 82.21
26.69 82.28
27.18 82.34
27.67 82.41
28.17 82.47
28.69 82.53
29.21 82.58
29.74 82.64
30.28 82.69
30.83 82.75
31.39 82.80
31.97 82.85
32.55 82.89
33.14 82.94
33.74 82.98
34.36 83.02
34.98 83.06
35.62 83.10
36.27 83.13
36.93 83.16
37.6 83.20
38.28 83.23
38.98 83.25
39.69 83.28
40.41 83.31
41.15 83.33
41.9 83.35
42.66 83.37
43.44 83.39
44.23 83.41
45.03 83.43
45.85 83.45
46.68 83.46
47.53 83.48
48.4 83.49
49.28 83.50
50.18 83.51
51.09 83.52
52.02 83.53
52.97 83.54
53.93 83.54
54.91 83.55
55.91 83.55
56.93 83.55
57.97 83.55
59.02 83.54
60.09 83.54
61.19 83.53
62.3 83.52
63.44 83.51
64.59 83.50
65.77 83.49
66.96 83.47
68.18 83.45
69.42 83.43
70.69 83.41
71.97 83.39
73.28 83.36
74.62 83.33
75.97 83.30
77.36 83.27
78.76 83.24
80.2 83.21
81.66 83.17
83.14 83.14
84.66 83.10
86.2 83.07
87.77 83.03
89.36 83.00
90.99 82.96
92.65 82.92
94.33 82.88
96.05 82.84
97.8 82.80
99.58 82.76
101.39 82.71
103.23 82.67
105.11 82.62
107.03 82.57
108.97 82.53
110.96 82.48
112.98 82.44
115.03 82.39
117.13 82.35
119.26 82.30
121.43 82.25
123.64 82.19
125.89 82.13
128.18 82.06
130.51 81.99
132.89 81.92
135.31 81.84
137.77 81.76
140.28 81.67
142.83 81.59
145.43 81.50
148.07 81.42
150.77 81.34
153.51 81.26
156.31 81.18
159.15 81.10
162.05 81.02
165 80.94
168 80.86
171.06 80.77
174.17 80.69
177.34 80.60
180.57 80.51
183.86 80.43
187.2 80.34
190.61 80.26
194.08 80.18
197.61 80.10
201.21 80.01
204.87 79.92
208.6 79.82
212.39 79.72
216.26 79.62
220.19 79.52
224.2 79.42
228.28 79.31
232.44 79.20
236.67 79.09
240.97 78.99
245.36 78.89
249.82 78.79
254.37 78.70
259 78.61
263.71 78.52
268.51 78.43
273.4 78.34
278.38 78.25
283.44 78.16
288.6 78.07
293.85 77.98
299.2 77.89
304.65 77.79
310.19 77.70
315.84 77.60
321.59 77.50
327.44 77.40
333.4 77.31
339.47 77.22
345.64 77.14
351.93 77.05
358.34 76.96
364.86 76.87
371.5 76.78
378.26 76.69
385.15 76.61
392.16 76.52
399.29 76.44
406.56 76.36
413.96 76.28
421.49 76.21
429.16 76.14
436.97 76.08
444.93 76.02
453.02 75.96
461.27 75.90
469.66 75.84
478.21 75.79
486.91 75.74
495.78 75.68
504.8 75.63
513.99 75.57
523.34 75.52
532.87 75.47
542.56 75.42
552.44 75.37
562.49 75.32
572.73 75.28
583.15 75.23
593.77 75.19
604.57 75.15
615.57 75.10
626.78 75.06
638.18 75.02
649.8 74.98
661.63 74.94
673.67 74.91
685.93 74.87
698.41 74.84
711.12 74.81
724.06 74.78
737.24 74.75
750.66 74.73
764.32 74.71
778.23 74.69
792.39 74.67
806.82 74.66
821.5 74.65
836.45 74.64
851.67 74.64
867.17 74.64
882.96 74.65
899.02 74.67
915.39 74.70
932.05 74.74
949.01 74.79
966.28 74.85
983.87 74.92
1001.77 75.01
1020 75.11
1038.57 75.22
1057.47 75.35
1076.71 75.49
1096.31 75.65
1116.26 75.81
1136.58 75.98
1157.26 76.17
1178.32 76.36
1199.77 76.55
1221.6 76.73
1243.84 76.92
1266.47 77.10
1289.52 77.27
1312.99 77.44
1336.89 77.61
1361.22 77.76
1385.99 77.91
1411.22 78.04
1436.9 78.18
1463.05 78.30
1489.68 78.42
1516.79 78.53
1544.4 78.64
1572.5 78.73
1601.12 78.83
1630.26 78.92
1659.93 79.02
1690.14 79.13
1720.9 79.23
1752.22 79.35
1784.11 79.47
1816.58 79.61
1849.64 79.75
1883.3 79.89
1917.58 80.05
1952.48 80.20
1988.01 80.35
2024.19 80.50
2061.03 80.64
2098.54 80.77
2136.73 80.88
2175.62 80.98
2215.22 81.07
2255.53 81.13
2296.58 81.17
2338.38 81.18
2380.94 81.17
2424.27 81.14
2468.39 81.10
2513.31 81.03
2559.05 80.95
2605.63 80.86
2653.05 80.75
2701.33 80.64
2750.5 80.52
2800.55 80.39
2851.52 80.27
2903.42 80.15
2956.26 80.03
3010.06 79.91
3064.85 79.80
3120.62 79.70
3177.42 79.62
3235.25 79.55
3294.13 79.49
3354.08 79.44
3415.12 79.40
3477.27 79.37
3540.56 79.33
3605 79.28
3670.6 79.22
3737.41 79.14
3805.43 79.02
3874.68 78.87
3945.2 78.68
4017 78.46
4090.11 78.22
4164.55 77.98
4240.34 77.77
4317.51 77.63
4396.09 77.59
4476.1 77.67
4557.56 77.86
4640.5 78.13
4724.96 78.41
4810.95 78.59
4898.51 78.58
4987.66 78.35
5078.43 77.89
5170.86 77.27
5264.97 76.57
5360.79 75.87
5458.35 75.24
5557.69 74.72
5658.84 74.32
5761.82 74.06
5866.69 73.92
5973.46 73.89
6082.17 73.98
6192.87 74.15
6305.57 74.40
6420.33 74.68
6537.18 74.97
6656.15 75.24
6777.29 75.44
6900.63 75.53
7026.22 75.50
7154.1 75.30
7284.3 74.91
7416.87 74.33
7551.85 73.57
7689.29 72.67
7829.23 71.70
7971.72 70.70
8116.8 69.74
8264.53 68.85
8414.94 68.05
8568.09 67.34
8724.02 66.69
8882.79 66.10
9044.46 65.54
9209.06 65.00
9376.66 64.49
9547.31 64.00
9721.07 63.55
9897.99 63.14
10078.13 62.76
10261.55 62.42
10448.3 62.12
10638.45 61.86
10832.07 61.62
11029.21 61.40
11229.94 61.18
11434.32 60.97
11642.41 60.77
11854.3 60.61
12070.04 60.52
12289.71 60.56
12513.38 60.79
12741.12 61.22
12973 61.87
13209.1 62.68
13449.5 63.61
13694.28 64.63
13943.51 65.69
14197.27 66.74
14455.66 67.70
14718.74 68.51
14986.62 69.15
15259.37 69.65
15537.08 70.09
15819.85 70.57
16107.76 71.19
16400.92 71.93
16699.41 72.65
17003.33 73.10
17312.78 73.03
17627.86 72.28
17948.68 70.88
18275.34 68.97
18607.94 66.78
18946.6 64.47
19291.42 62.14
19642.52 59.81
20000 57.48
