20 77.01
20.36 77.02
20.73 77.03
21.11 77.04
21.5 77.05
21.89 77.06
22.29 77.06
22.69 77.07
23.1 77.08
23.52 77.09
23.95 77.09
24.39 77.10
24.83 77.11
25.28 77.12
25.74 77.12
26.21 77.13
26.69 77.14
27.18 77.14
27.67 77.15
28.17 77.16
28.69 77.16
29.21 77.17
29.74 77.17
30.28 77.17
30.83 77.18
31.39 77.18
31.97 77.18
32.55 77.19
33.14 77.19
33.74 77.19
34.36 77.19
34.98 77.19
35.62 77.19
36.27 77.19
36.93 77.19
37.6 77.19
38.28 77.18
38.98 77.18
39.69 77.17
40.41 77.17
41.15 77.16
41.9 77.15
42.66 77.14
43.44 77.13
44.23 77.11
45.03 77.10
45.85 77.09
46.68 77.07
47.53 77.05
48.4 77.03
49.28 77.01
50.18 76.99
51.09 76.97
52.02 76.94
52.97 76.92
53.93 76.89
54.91 76.86
55.91 76.83
56.93 76.80
57.97 76.77
59.02 76.74
60.09 76.70
61.19 76.67
62.3 76.63
63.44 76.60
64.59 76.56
65.77 76.53
66.96 76.49
68.18 76.45
69.42 76.42
70.69 76.38
71.97 76.34
73.28 76.31
74.62 76.27
75.97 76.24
77.36 76.20
78.76 76.17
80.2 76.14
81.66 76.11
83.14 76.08
84.66 76.05
86.2 76.02
87.77 75.99
89.36 75.96
90.99 75.93
92.65 75.90
94.33 75.87
96.05 75.84
97.8 75.81
99.58 75.78
101.39 75.74
103.23 75.71
105.11 75.67
107.03 75.63
108.97 75.59
110.96 75.56
112.98 75.52
115.03 75.48
117.13 75.44
119.26 75.41
121.43 75.37
123.64 75.33
125.89 75.30
128.18 75.26
130.51 75.23
132.89 75.20
135.31 75.17
137.77 75.15
140.28 75.13
142.83 75.11
145.43 75.10
148.07 75.09
150.77 75.08
153.51 75.07
156.31 75.06
159.15 75.05
162.05 75.04
165 75.03
168 75.02
171.06 75.01
174.17 75.00
177.34 74.99
180.57 74.98
183.86 74.97
187.2 74.96
190.61 74.95
194.08 74.93
197.61 74.92
201.21 74.91
204.87 74.89
208.6 74.88
212.39 74.87
216.26 74.85
220.19 74.84
224.2 74.83
228.28 74.83
232.44 74.82
236.67 74.81
240.97 74.80
245.36 74.80
249.82 74.79
254.37 74.79
259 74.78
263.71 74.78
268.51 74.77
273.4 74.77
278.38 74.77
283.44 74.77
288.6 74.77
293.85 74.78
299.2 74.78
304.65 74.79
310.19 74.80
315.84 74.81
321.59 74.81
327.44 74.82
333.4 74.82
339.47 74.82
345.64 74.83
351.93 74.83
358.34 74.84
364.86 74.84
371.5 74.85
378.26 74.86
385.15 74.86
392.16 74.87
399.29 74.88
406.56 74.89
413.96 74.89
421.49 74.90
429.16 74.90
436.97 74.91
444.93 74.91
453.02 74.91
461.27 74.91
469.66 74.91
478.21 74.91
486.91 74.91
495.78 74.90
504.8 74.90
513.99 74.90
523.34 74.90
532.87 74.90
542.56 74.90
552.44 74.89
562.49 74.89
572.73 74.88
583.15 74.88
593.77 74.87
604.57 74.86
615.57 74.86
626.78 74.84
638.18 74.83
649.8 74.82
661.63 74.80
673.67 74.78
685.93 74.76
698.41 74.75
711.12 74.73
724.06 74.72
737.24 74.71
750.66 74.70
764.32 74.69
778.23 74.67
792.39 74.67
806.82 74.66
821.5 74.65
836.45 74.65
851.67 74.65
867.17 74.65
882.96 74.67
899.02 74.69
915.39 74.72
932.05 74.76
949.01 74.81
966.28 74.86
983.87 74.93
1001.77 75.01
1020 75.10
1038.57 75.20
1057.47 75.32
1076.71 75.45
1096.31 75.59
1116.26 75.73
1136.58 75.89
1157.26 76.04
1178.32 76.20
1199.77 76.35
1221.6 76.50
1243.84 76.64
1266.47 76.77
1289.52 76.88
1312.99 76.99
1336.89 77.08
1361.22 77.15
1385.99 77.21
1411.22 77.25
1436.9 77.28
1463.05 77.31
1489.68 77.32
1516.79 77.33
1544.4 77.34
1572.5 77.36
1601.12 77.37
1630.26 77.40
1659.93 77.43
1690.14 77.48
1720.9 77.54
1752.22 77.62
1784.11 77.72
1816.58 77.83
1849.64 77.96
1883.3 78.11
1917.58 78.27
1952.48 78.45
1988.01 78.65
2024.19 78.86
2061.03 79.07
2098.54 79.30
2136.73 79.52
2175.62 79.74
2215.22 79.94
2255.53 80.12
2296.58 80.27
2338.38 80.39
2380.94 80.48
2424.27 80.51
2468.39 80.50
2513.31 80.43
2559.05 80.32
2605.63 80.17
2653.05 79.97
2701.33 79.74
2750.5 79.48
2800.55 79.21
2851.52 78.91
2903.42 78.61
2956.26 78.30
3010.06 77.97
3064.85 77.64
3120.62 77.31
3177.42 76.99
3235.25 76.68
3294.13 76.39
3354.08 76.12
3415.12 75.89
3477.27 75.69
3540.56 75.52
3605 75.36
3670.6 75.21
3737.41 75.03
3805.43 74.80
3874.68 74.51
3945.2 74.16
4017 73.78
4090.11 73.41
4164.55 73.11
4240.34 72.95
4317.51 72.97
4396.09 73.20
4476.1 73.63
4557.56 74.25
4640.5 75.01
4724.96 75.91
4810.95 76.90
4898.51 77.96
4987.66 79.06
5078.43 80.16
5170.86 81.20
5264.97 82.14
5360.79 82.90
5458.35 83.44
5557.69 83.76
5658.84 83.94
5761.82 84.11
5866.69 84.41
5973.46 84.93
6082.17 85.66
6192.87 86.53
6305.57 87.43
6420.33 88.32
6537.18 89.16
6656.15 89.95
6777.29 90.67
6900.63 91.25
7026.22 91.58
7154.1 91.55
7284.3 91.05
7416.87 90.05
7551.85 88.62
7689.29 86.89
7829.23 85.03
7971.72 83.16
8116.8 81.41
8264.53 79.82
8414.94 78.42
8568.09 77.21
8724.02 76.19
8882.79 75.35
9044.46 74.67
9209.06 74.13
9376.66 73.74
9547.31 73.46
9721.07 73.30
9897.99 73.24
10078.13 73.25
10261.55 73.28
10448.3 73.27
10638.45 73.16
10832.07 72.89
11029.21 72.47
11229.94 71.98
11434.32 71.59
11642.41 71.46
11854.3 71.67
12070.04 72.17
12289.71 72.84
12513.38 73.56
12741.12 74.17
12973 74.59
13209.1 74.77
13449.5 74.73
13694.28 74.54
13943.51 74.31
14197.27 74.16
14455.66 74.20
14718.74 74.50
14986.62 75.09
15259.37 75.92
15537.08 76.89
15819.85 77.82
16107.76 78.54
16400.92 78.89
16699.41 78.78
17003.33 78.22
17312.78 77.26
17627.86 75.95
17948.68 74.36
18275.34 72.58
18607.94 70.69
18946.6 68.79
19291.42 66.94
19642.52 65.15
20000 63.39
