20 74.56
20.36 74.59
20.73 74.62
21.11 74.65
21.5 74.68
21.89 74.71
22.29 74.73
22.69 74.76
23.1 74.79
23.52 74.82
23.95 74.84
24.39 74.87
24.83 74.89
25.28 74.92
25.74 74.94
26.21 74.97
26.69 74.99
27.18 75.01
27.67 75.03
28.17 75.06
28.69 75.08
29.21 75.09
29.74 75.11
30.28 75.13
30.83 75.15
31.39 75.16
31.97 75.17
32.55 75.19
33.14 75.20
33.74 75.21
34.36 75.22
34.98 75.22
35.62 75.23
36.27 75.24
36.93 75.24
37.6 75.24
38.28 75.25
38.98 75.24
39.69 75.24
40.41 75.24
41.15 75.24
41.9 75.23
42.66 75.22
43.44 75.21
44.23 75.20
45.03 75.19
45.85 75.18
46.68 75.17
47.53 75.15
48.4 75.13
49.28 75.11
50.18 75.09
51.09 75.08
52.02 75.06
52.97 75.04
53.93 75.02
54.91 75.00
55.91 74.97
56.93 74.95
57.97 74.93
59.02 74.92
60.09 74.90
61.19 74.88
62.3 74.86
63.44 74.84
64.59 74.83
65.77 74.81
66.96 74.79
68.18 74.77
69.42 74.75
70.69 74.74
71.97 74.72
73.28 74.70
74.62 74.67
75.97 74.65
77.36 74.63
78.76 74.61
80.2 74.58
81.66 74.55
83.14 74.53
84.66 74.50
86.2 74.46
87.77 74.43
89.36 74.40
90.99 74.36
92.65 74.33
94.33 74.29
96.05 74.26
97.8 74.23
99.58 74.19
101.39 74.16
103.23 74.13
105.11 74.10
107.03 74.07
108.97 74.03
110.96 74.00
112.98 73.96
115.03 73.92
117.13 73.88
119.26 73.83
121.43 73.79
123.64 73.75
125.89 73.71
128.18 73.67
130.51 73.63
132.89 73.59
135.31 73.55
137.77 73.52
140.28 73.48
142.83 73.44
145.43 73.41
148.07 73.38
150.77 73.34
153.51 73.31
156.31 73.28
159.15 73.25
162.05 73.22
165 73.19
168 73.16
171.06 73.13
174.17 73.10
177.34 73.07
180.57 73.04
183.86 73.01
187.2 72.97
190.61 72.94
194.08 72.89
197.61 72.85
201.21 72.81
204.87 72.76
208.6 72.72
212.39 72.68
216.26 72.64
220.19 72.61
224.2 72.57
228.28 72.54
232.44 72.51
236.67 72.47
240.97 72.44
245.36 72.42
249.82 72.39
254.37 72.37
259 72.36
263.71 72.35
268.51 72.34
273.4 72.33
278.38 72.32
283.44 72.30
288.6 72.29
293.85 72.27
299.2 72.25
304.65 72.23
310.19 72.21
315.84 72.19
321.59 72.17
327.44 72.15
333.4 72.13
339.47 72.11
345.64 72.10
351.93 72.09
358.34 72.07
364.86 72.06
371.5 72.05
378.26 72.05
385.15 72.04
392.16 72.03
399.29 72.03
406.56 72.02
413.96 72.02
421.49 72.02
429.16 72.03
436.97 72.04
444.93 72.05
453.02 72.07
461.27 72.09
469.66 72.11
478.21 72.13
486.91 72.16
495.78 72.18
504.8 72.21
513.99 72.24
523.34 72.27
532.87 72.30
542.56 72.33
552.44 72.37
562.49 72.41
572.73 72.45
583.15 72.49
593.77 72.54
604.57 72.59
615.57 72.64
626.78 72.69
638.18 72.74
649.8 72.80
661.63 72.86
673.67 72.92
685.93 72.99
698.41 73.06
711.12 73.14
724.06 73.22
737.24 73.30
750.66 73.39
764.32 73.47
778.23 73.56
792.39 73.65
806.82 73.74
821.5 73.84
836.45 73.94
851.67 74.05
867.17 74.15
882.96 74.26
899.02 74.36
915.39 74.47
932.05 74.58
949.01 74.68
966.28 74.79
983.87 74.90
1001.77 75.01
1020 75.12
1038.57 75.22
1057.47 75.32
1076.71 75.41
1096.31 75.48
1116.26 75.55
1136.58 75.59
1157.26 75.62
1178.32 75.63
1199.77 75.62
1221.6 75.58
1243.84 75.52
1266.47 75.43
1289.52 75.32
1312.99 75.19
1336.89 75.05
1361.22 74.89
1385.99 74.72
1411.22 74.56
1436.9 74.40
1463.05 74.25
1489.68 74.11
1516.79 74.00
1544.4 73.92
1572.5 73.87
1601.12 73.85
1630.26 73.87
1659.93 73.92
1690.14 74.02
1720.9 74.15
1752.22 74.32
1784.11 74.52
1816.58 74.76
1849.64 75.02
1883.3 75.30
1917.58 75.58
1952.48 75.85
1988.01 76.12
2024.19 76.36
2061.03 76.59
2098.54 76.78
2136.73 76.94
2175.62 77.07
2215.22 77.16
2255.53 77.20
2296.58 77.21
2338.38 77.18
2380.94 77.12
2424.27 77.04
2468.39 76.93
2513.31 76.82
2559.05 76.70
2605.63 76.58
2653.05 76.47
2701.33 76.38
2750.5 76.30
2800.55 76.24
2851.52 76.21
2903.42 76.19
2956.26 76.19
3010.06 76.20
3064.85 76.21
3120.62 76.21
3177.42 76.18
3235.25 76.12
3294.13 76.00
3354.08 75.84
3415.12 75.63
3477.27 75.36
3540.56 75.06
3605 74.73
3670.6 74.37
3737.41 74.00
3805.43 73.60
3874.68 73.19
3945.2 72.76
4017 72.32
4090.11 71.86
4164.55 71.39
4240.34 70.89
4317.51 70.38
4396.09 69.87
4476.1 69.40
4557.56 68.99
4640.5 68.66
4724.96 68.44
4810.95 68.33
4898.51 68.35
4987.66 68.48
5078.43 68.71
5170.86 69.00
5264.97 69.30
5360.79 69.57
5458.35 69.78
5557.69 69.91
5658.84 69.97
5761.82 70.00
5866.69 70.02
5973.46 70.06
6082.17 70.11
6192.87 70.17
6305.57 70.23
6420.33 70.27
6537.18 70.32
6656.15 70.40
6777.29 70.55
6900.63 70.82
7026.22 71.22
7154.1 71.76
7284.3 72.42
7416.87 73.14
7551.85 73.81
7689.29 74.31
7829.23 74.52
7971.72 74.36
8116.8 73.80
8264.53 72.89
8414.94 71.72
8568.09 70.44
8724.02 69.17
8882.79 68.01
9044.46 67.03
9209.06 66.26
9376.66 65.70
9547.31 65.35
9721.07 65.17
9897.99 65.10
10078.13 65.07
10261.55 64.99
10448.3 64.75
10638.45 64.23
10832.07 63.40
11029.21 62.25
11229.94 60.93
11434.32 59.65
11642.41 58.66
11854.3 58.23
12070.04 58.48
12289.71 59.42
12513.38 60.95
12741.12 62.89
12973 65.02
13209.1 67.15
13449.5 69.11
13694.28 70.77
13943.51 72.08
14197.27 73.00
14455.66 73.52
14718.74 73.63
14986.62 73.35
15259.37 72.71
15537.08 71.79
15819.85 70.69
16107.76 69.55
16400.92 68.50
16699.41 67.66
17003.33 67.11
17312.78 66.88
17627.86 66.95
17948.68 67.30
18275.34 67.82
18607.94 68.43
18946.6 69.05
19291.42 69.66
19642.52 70.25
20000 70.82
