20 81.24
20.36 81.28
20.73 81.32
21.11 81.35
21.5 81.39
21.89 81.42
22.29 81.46
22.69 81.50
23.1 81.53
23.52 81.56
23.95 81.60
24.39 81.63
24.83 81.66
25.28 81.69
25.74 81.72
26.21 81.75
26.69 81.78
27.18 81.81
27.67 81.83
28.17 81.86
28.69 81.88
29.21 81.90
29.74 81.92
30.28 81.94
30.83 81.95
31.39 81.97
31.97 81.98
32.55 82.00
33.14 82.01
33.74 82.02
34.36 82.02
34.98 82.03
35.62 82.03
36.27 82.03
36.93 82.03
37.6 82.03
38.28 82.03
38.98 82.03
39.69 82.02
40.41 82.01
41.15 82.01
41.9 82.00
42.66 81.99
43.44 81.98
44.23 81.97
45.03 81.95
45.85 81.94
46.68 81.93
47.53 81.91
48.4 81.90
49.28 81.88
50.18 81.86
51.09 81.85
52.02 81.83
52.97 81.81
53.93 81.79
54.91 81.77
55.91 81.75
56.93 81.72
57.97 81.70
59.02 81.68
60.09 81.65
61.19 81.63
62.3 81.60
63.44 81.57
64.59 81.54
65.77 81.51
66.96 81.48
68.18 81.44
69.42 81.41
70.69 81.37
71.97 81.33
73.28 81.29
74.62 81.25
75.97 81.21
77.36 81.16
78.76 81.11
80.2 81.07
81.66 81.02
83.14 80.97
84.66 80.92
86.2 80.87
87.77 80.83
89.36 80.78
90.99 80.72
92.65 80.67
94.33 80.62
96.05 80.56
97.8 80.51
99.58 80.45
101.39 80.39
103.23 80.33
105.11 80.26
107.03 80.20
108.97 80.13
110.96 80.06
112.98 79.99
115.03 79.91
117.13 79.84
119.26 79.77
121.43 79.69
123.64 79.62
125.89 79.54
128.18 79.47
130.51 79.39
132.89 79.31
135.31 79.24
137.77 79.16
140.28 79.08
142.83 79.00
145.43 78.92
148.07 78.84
150.77 78.76
153.51 78.68
156.31 78.59
159.15 78.52
162.05 78.44
165 78.36
168 78.28
171.06 78.20
174.17 78.12
177.34 78.04
180.57 77.95
183.86 77.87
187.2 77.78
190.61 77.69
194.08 77.60
197.61 77.51
201.21 77.41
204.87 77.32
208.6 77.22
212.39 77.12
216.26 77.02
220.19 76.92
224.2 76.83
228.28 76.72
232.44 76.62
236.67 76.52
240.97 76.41
245.36 76.29
249.82 76.18
254.37 76.06
259 75.94
263.71 75.82
268.51 75.70
273.4 75.58
278.38 75.46
283.44 75.34
288.6 75.22
293.85 75.10
299.2 74.98
304.65 74.85
310.19 74.73
315.84 74.61
321.59 74.49
327.44 74.37
333.4 74.25
339.47 74.14
345.64 74.02
351.93 73.91
358.34 73.80
364.86 73.69
371.5 73.58
378.26 73.47
385.15 73.36
392.16 73.25
399.29 73.15
406.56 73.05
413.96 72.96
421.49 72.88
429.16 72.80
436.97 72.74
444.93 72.69
453.02 72.65
461.27 72.62
469.66 72.60
478.21 72.59
486.91 72.60
495.78 72.62
504.8 72.65
513.99 72.69
523.34 72.74
532.87 72.80
542.56 72.87
552.44 72.94
562.49 73.03
572.73 73.12
583.15 73.21
593.77 73.31
604.57 73.41
615.57 73.50
626.78 73.59
638.18 73.68
649.8 73.76
661.63 73.83
673.67 73.90
685.93 73.96
698.41 74.02
711.12 74.07
724.06 74.12
737.24 74.16
750.66 74.20
764.32 74.24
778.23 74.27
792.39 74.30
806.82 74.32
821.5 74.35
836.45 74.38
851.67 74.42
867.17 74.46
882.96 74.50
899.02 74.55
915.39 74.60
932.05 74.66
949.01 74.73
966.28 74.82
983.87 74.91
1001.77 75.01
1020 75.13
1038.57 75.26
1057.47 75.41
1076.71 75.57
1096.31 75.75
1116.26 75.93
1136.58 76.13
1157.26 76.33
1178.32 76.53
1199.77 76.74
1221.6 76.94
1243.84 77.14
1266.47 77.34
1289.52 77.53
1312.99 77.72
1336.89 77.90
1361.22 78.09
1385.99 78.27
1411.22 78.44
1436.9 78.62
1463.05 78.80
1489.68 78.98
1516.79 79.16
1544.4 79.34
1572.5 79.52
1601.12 79.72
1630.26 79.93
1659.93 80.15
1690.14 80.38
1720.9 80.63
1752.22 80.89
1784.11 81.17
1816.58 81.46
1849.64 81.78
1883.3 82.10
1917.58 82.44
1952.48 82.78
1988.01 83.11
2024.19 83.44
2061.03 83.77
2098.54 84.08
2136.73 84.39
2175.62 84.68
2215.22 84.94
2255.53 85.18
2296.58 85.37
2338.38 85.52
2380.94 85.61
2424.27 85.64
2468.39 85.61
2513.31 85.51
2559.05 85.35
2605.63 85.13
2653.05 84.86
2701.33 84.55
2750.5 84.21
2800.55 83.84
2851.52 83.45
2903.42 83.07
2956.26 82.69
3010.06 82.32
3064.85 81.97
3120.62 81.66
3177.42 81.37
3235.25 81.11
3294.13 80.87
3354.08 80.66
3415.12 80.47
3477.27 80.30
3540.56 80.16
3605 80.03
3670.6 79.93
3737.41 79.86
3805.43 79.80
3874.68 79.77
3945.2 79.77
4017 79.79
4090.11 79.85
4164.55 79.95
4240.34 80.10
4317.51 80.30
4396.09 80.57
4476.1 80.90
4557.56 81.31
4640.5 81.81
4724.96 82.39
4810.95 83.08
4898.51 83.85
4987.66 84.69
5078.43 85.57
5170.86 86.42
5264.97 87.20
5360.79 87.80
5458.35 88.14
5557.69 88.17
5658.84 87.85
5761.82 87.22
5866.69 86.36
5973.46 85.35
6082.17 84.28
6192.87 83.24
6305.57 82.29
6420.33 81.48
6537.18 80.82
6656.15 80.33
6777.29 80.03
6900.63 79.92
7026.22 80.03
7154.1 80.34
7284.3 80.85
7416.87 81.52
7551.85 82.26
7689.29 82.96
7829.23 83.44
7971.72 83.54
8116.8 83.11
8264.53 82.09
8414.94 80.56
8568.09 78.66
8724.02 76.61
8882.79 74.55
9044.46 72.63
9209.06 70.90
9376.66 69.43
9547.31 68.22
9721.07 67.27
9897.99 66.56
10078.13 66.08
10261.55 65.80
10448.3 65.69
10638.45 65.75
10832.07 65.95
11029.21 66.29
11229.94 66.73
11434.32 67.27
11642.41 67.88
11854.3 68.55
12070.04 69.25
12289.71 69.96
12513.38 70.65
12741.12 71.30
12973 71.91
13209.1 72.49
13449.5 73.03
13694.28 73.52
13943.51 73.94
14197.27 74.25
14455.66 74.44
14718.74 74.51
14986.62 74.50
15259.37 74.46
15537.08 74.43
15819.85 74.44
16107.76 74.45
16400.92 74.38
16699.41 74.13
17003.33 73.62
17312.78 72.82
17627.86 71.76
17948.68 70.53
18275.34 69.22
18607.94 67.90
18946.6 66.62
19291.42 65.36
19642.52 64.12
20000 62.89
