20 82.26
20.36 82.29
20.73 82.32
21.11 82.36
21.5 82.39
21.89 82.42
22.29 82.45
22.69 82.48
23.1 82.51
23.52 82.54
23.95 82.57
24.39 82.59
24.83 82.62
25.28 82.65
25.74 82.67
26.21 82.70
26.69 82.72
27.18 82.74
27.67 82.76
28.17 82.78
28.69 82.80
29.21 82.82
29.74 82.83
30.28 82.85
30.83 82.86
31.39 82.87
31.97 82.88
32.55 82.89
33.14 82.90
33.74 82.90
34.36 82.90
34.98 82.90
35.62 82.90
36.27 82.90
36.93 82.90
37.6 82.89
38.28 82.89
38.98 82.88
39.69 82.87
40.41 82.86
41.15 82.84
41.9 82.83
42.66 82.82
43.44 82.80
44.23 82.78
45.03 82.77
45.85 82.75
46.68 82.73
47.53 82.71
48.4 82.69
49.28 82.66
50.18 82.64
51.09 82.61
52.02 82.59
52.97 82.56
53.93 82.54
54.91 82.51
55.91 82.48
56.93 82.45
57.97 82.42
59.02 82.39
60.09 82.36
61.19 82.33
62.3 82.30
63.44 82.27
64.59 82.23
65.77 82.20
66.96 82.17
68.18 82.13
69.42 82.09
70.69 82.06
71.97 82.02
73.28 81.98
74.62 81.94
75.97 81.90
77.36 81.86
78.76 81.82
80.2 81.77
81.66 81.73
83.14 81.68
84.66 81.63
86.2 81.58
87.77 81.52
89.36 81.47
90.99 81.41
92.65 81.35
94.33 81.28
96.05 81.22
97.8 81.16
99.58 81.09
101.39 81.02
103.23 80.95
105.11 80.88
107.03 80.81
108.97 80.74
110.96 80.67
112.98 80.60
115.03 80.53
117.13 80.46
119.26 80.39
121.43 80.31
123.64 80.24
125.89 80.17
128.18 80.10
130.51 80.02
132.89 79.95
135.31 79.88
137.77 79.80
140.28 79.72
142.83 79.64
145.43 79.56
148.07 79.47
150.77 79.38
153.51 79.29
156.31 79.19
159.15 79.10
162.05 79.00
165 78.91
168 78.81
171.06 78.71
174.17 78.61
177.34 78.51
180.57 78.41
183.86 78.30
187.2 78.19
190.61 78.08
194.08 77.96
197.61 77.85
201.21 77.73
204.87 77.61
208.6 77.50
212.39 77.38
216.26 77.27
220.19 77.15
224.2 77.04
228.28 76.93
232.44 76.81
236.67 76.69
240.97 76.58
245.36 76.45
249.82 76.33
254.37 76.20
259 76.08
263.71 75.94
268.51 75.81
273.4 75.69
278.38 75.55
283.44 75.42
288.6 75.29
293.85 75.16
299.2 75.03
304.65 74.90
310.19 74.77
315.84 74.66
321.59 74.54
327.44 74.43
333.4 74.32
339.47 74.21
345.64 74.11
351.93 74.01
358.34 73.90
364.86 73.80
371.5 73.71
378.26 73.61
385.15 73.53
392.16 73.45
399.29 73.37
406.56 73.30
413.96 73.24
421.49 73.18
429.16 73.14
436.97 73.10
444.93 73.08
453.02 73.07
461.27 73.07
469.66 73.07
478.21 73.08
486.91 73.10
495.78 73.12
504.8 73.16
513.99 73.20
523.34 73.26
532.87 73.32
542.56 73.39
552.44 73.47
562.49 73.54
572.73 73.62
583.15 73.71
593.77 73.79
604.57 73.86
615.57 73.93
626.78 74.00
638.18 74.06
649.8 74.11
661.63 74.16
673.67 74.21
685.93 74.25
698.41 74.28
711.12 74.31
724.06 74.34
737.24 74.36
750.66 74.38
764.32 74.40
778.23 74.41
792.39 74.43
806.82 74.44
821.5 74.46
836.45 74.48
851.67 74.50
867.17 74.52
882.96 74.55
899.02 74.58
915.39 74.63
932.05 74.68
949.01 74.75
966.28 74.82
983.87 74.91
1001.77 75.01
1020 75.12
1038.57 75.26
1057.47 75.41
1076.71 75.57
1096.31 75.75
1116.26 75.94
1136.58 76.13
1157.26 76.33
1178.32 76.54
1199.77 76.74
1221.6 76.95
1243.84 77.14
1266.47 77.34
1289.52 77.53
1312.99 77.72
1336.89 77.90
1361.22 78.08
1385.99 78.26
1411.22 78.43
1436.9 78.60
1463.05 78.78
1489.68 78.95
1516.79 79.12
1544.4 79.30
1572.5 79.48
1601.12 79.67
1630.26 79.87
1659.93 80.08
1690.14 80.30
1720.9 80.52
1752.22 80.75
1784.11 80.99
1816.58 81.25
1849.64 81.52
1883.3 81.81
1917.58 82.11
1952.48 82.42
1988.01 82.74
2024.19 83.07
2061.03 83.40
2098.54 83.72
2136.73 84.05
2175.62 84.35
2215.22 84.64
2255.53 84.91
2296.58 85.14
2338.38 85.33
2380.94 85.48
2424.27 85.57
2468.39 85.60
2513.31 85.57
2559.05 85.48
2605.63 85.33
2653.05 85.12
2701.33 84.87
2750.5 84.58
2800.55 84.26
2851.52 83.92
2903.42 83.57
2956.26 83.22
3010.06 82.86
3064.85 82.52
3120.62 82.17
3177.42 81.85
3235.25 81.54
3294.13 81.25
3354.08 80.97
3415.12 80.72
3477.27 80.49
3540.56 80.28
3605 80.09
3670.6 79.93
3737.41 79.80
3805.43 79.69
3874.68 79.61
3945.2 79.55
4017 79.52
4090.11 79.52
4164.55 79.56
4240.34 79.63
4317.51 79.74
4396.09 79.89
4476.1 80.09
4557.56 80.33
4640.5 80.63
4724.96 80.97
4810.95 81.35
4898.51 81.77
4987.66 82.20
5078.43 82.63
5170.86 83.03
5264.97 83.39
5360.79 83.66
5458.35 83.81
5557.69 83.82
5658.84 83.67
5761.82 83.36
5866.69 82.89
5973.46 82.29
6082.17 81.60
6192.87 80.87
6305.57 80.13
6420.33 79.42
6537.18 78.75
6656.15 78.14
6777.29 77.60
6900.63 77.14
7026.22 76.77
7154.1 76.50
7284.3 76.34
7416.87 76.30
7551.85 76.39
7689.29 76.64
7829.23 77.03
7971.72 77.55
8116.8 78.17
8264.53 78.82
8414.94 79.40
8568.09 79.77
8724.02 79.81
8882.79 79.43
9044.46 78.59
9209.06 77.34
9376.66 75.80
9547.31 74.08
9721.07 72.32
9897.99 70.61
10078.13 69.02
10261.55 67.62
10448.3 66.45
10638.45 65.56
10832.07 64.97
11029.21 64.69
11229.94 64.71
11434.32 65.02
11642.41 65.55
11854.3 66.26
12070.04 67.10
12289.71 68.00
12513.38 68.92
12741.12 69.83
12973 70.69
13209.1 71.48
13449.5 72.17
13694.28 72.74
13943.51 73.17
14197.27 73.43
14455.66 73.48
14718.74 73.32
14986.62 72.95
15259.37 72.42
15537.08 71.82
15819.85 71.23
16107.76 70.75
16400.92 70.44
16699.41 70.34
17003.33 70.41
17312.78 70.56
17627.86 70.64
17948.68 70.47
18275.34 69.90
18607.94 68.87
18946.6 67.38
19291.42 65.57
19642.52 63.58
20000 61.55
