20 81.90
20.36 81.95
20.73 81.99
21.11 82.04
21.5 82.08
21.89 82.12
22.29 82.17
22.69 82.21
23.1 82.25
23.52 82.30
23.95 82.33
24.39 82.38
24.83 82.41
25.28 82.45
25.74 82.49
26.21 82.52
26.69 82.56
27.18 82.59
27.67 82.62
28.17 82.65
28.69 82.68
29.21 82.70
29.74 82.73
30.28 82.75
30.83 82.77
31.39 82.79
31.97 82.80
32.55 82.81
33.14 82.83
33.74 82.83
34.36 82.84
34.98 82.85
35.62 82.85
36.27 82.85
36.93 82.85
37.6 82.85
38.28 82.85
38.98 82.84
39.69 82.83
40.41 82.83
41.15 82.82
41.9 82.81
42.66 82.80
43.44 82.79
44.23 82.78
45.03 82.77
45.85 82.75
46.68 82.74
47.53 82.73
48.4 82.72
49.28 82.70
50.18 82.69
51.09 82.67
52.02 82.66
52.97 82.64
53.93 82.62
54.91 82.61
55.91 82.59
56.93 82.57
57.97 82.55
59.02 82.52
60.09 82.50
61.19 82.47
62.3 82.45
63.44 82.42
64.59 82.39
65.77 82.36
66.96 82.33
68.18 82.30
69.42 82.27
70.69 82.23
71.97 82.20
73.28 82.16
74.62 82.12
75.97 82.08
77.36 82.04
78.76 81.99
80.2 81.95
81.66 81.90
83.14 81.85
84.66 81.80
86.2 81.75
87.77 81.69
89.36 81.64
90.99 81.58
92.65 81.52
94.33 81.46
96.05 81.40
97.8 81.34
99.58 81.29
101.39 81.23
103.23 81.17
105.11 81.11
107.03 81.06
108.97 81.00
110.96 80.94
112.98 80.88
115.03 80.82
117.13 80.76
119.26 80.70
121.43 80.64
123.64 80.57
125.89 80.51
128.18 80.44
130.51 80.36
132.89 80.29
135.31 80.22
137.77 80.14
140.28 80.07
142.83 80.00
145.43 79.92
148.07 79.85
150.77 79.78
153.51 79.70
156.31 79.63
159.15 79.56
162.05 79.48
165 79.40
168 79.32
171.06 79.24
174.17 79.16
177.34 79.08
180.57 79.00
183.86 78.92
187.2 78.84
190.61 78.77
194.08 78.69
197.61 78.61
201.21 78.53
204.87 78.45
208.6 78.37
212.39 78.29
216.26 78.20
220.19 78.12
224.2 78.04
228.28 77.96
232.44 77.88
236.67 77.80
240.97 77.72
245.36 77.64
249.82 77.57
254.37 77.49
259 77.41
263.71 77.33
268.51 77.26
273.4 77.18
278.38 77.10
283.44 77.02
288.6 76.95
293.85 76.87
299.2 76.79
304.65 76.71
310.19 76.64
315.84 76.56
321.59 76.49
327.44 76.42
333.4 76.36
339.47 76.29
345.64 76.23
351.93 76.17
358.34 76.11
364.86 76.04
371.5 75.97
378.26 75.91
385.15 75.83
392.16 75.77
399.29 75.70
406.56 75.63
413.96 75.57
421.49 75.50
429.16 75.44
436.97 75.38
444.93 75.32
453.02 75.27
461.27 75.21
469.66 75.15
478.21 75.10
486.91 75.05
495.78 74.99
504.8 74.94
513.99 74.90
523.34 74.85
532.87 74.81
542.56 74.77
552.44 74.72
562.49 74.68
572.73 74.64
583.15 74.60
593.77 74.56
604.57 74.53
615.57 74.50
626.78 74.47
638.18 74.45
649.8 74.42
661.63 74.40
673.67 74.39
685.93 74.37
698.41 74.36
711.12 74.34
724.06 74.33
737.24 74.32
750.66 74.31
764.32 74.30
778.23 74.30
792.39 74.30
806.82 74.31
821.5 74.32
836.45 74.34
851.67 74.37
867.17 74.40
882.96 74.44
899.02 74.49
915.39 74.55
932.05 74.62
949.01 74.70
966.28 74.79
983.87 74.89
1001.77 75.01
1020 75.15
1038.57 75.30
1057.47 75.47
1076.71 75.65
1096.31 75.84
1116.26 76.04
1136.58 76.25
1157.26 76.47
1178.32 76.70
1199.77 76.94
1221.6 77.17
1243.84 77.39
1266.47 77.62
1289.52 77.84
1312.99 78.06
1336.89 78.28
1361.22 78.49
1385.99 78.69
1411.22 78.89
1436.9 79.09
1463.05 79.28
1489.68 79.47
1516.79 79.66
1544.4 79.85
1572.5 80.04
1601.12 80.24
1630.26 80.44
1659.93 80.65
1690.14 80.86
1720.9 81.08
1752.22 81.30
1784.11 81.53
1816.58 81.78
1849.64 82.03
1883.3 82.29
1917.58 82.56
1952.48 82.83
1988.01 83.10
2024.19 83.37
2061.03 83.63
2098.54 83.88
2136.73 84.13
2175.62 84.36
2215.22 84.59
2255.53 84.79
2296.58 84.97
2338.38 85.12
2380.94 85.23
2424.27 85.31
2468.39 85.34
2513.31 85.33
2559.05 85.28
2605.63 85.19
2653.05 85.06
2701.33 84.89
2750.5 84.70
2800.55 84.48
2851.52 84.24
2903.42 83.99
2956.26 83.74
3010.06 83.49
3064.85 83.25
3120.62 83.01
3177.42 82.78
3235.25 82.56
3294.13 82.35
3354.08 82.16
3415.12 81.99
3477.27 81.84
3540.56 81.72
3605 81.61
3670.6 81.54
3737.41 81.50
3805.43 81.49
3874.68 81.52
3945.2 81.58
4017 81.69
4090.11 81.84
4164.55 82.06
4240.34 82.34
4317.51 82.69
4396.09 83.11
4476.1 83.59
4557.56 84.13
4640.5 84.71
4724.96 85.31
4810.95 85.91
4898.51 86.44
4987.66 86.85
5078.43 87.09
5170.86 87.13
5264.97 86.92
5360.79 86.48
5458.35 85.83
5557.69 85.02
5658.84 84.12
5761.82 83.19
5866.69 82.25
5973.46 81.36
6082.17 80.53
6192.87 79.78
6305.57 79.14
6420.33 78.62
6537.18 78.22
6656.15 77.94
6777.29 77.82
6900.63 77.85
7026.22 78.08
7154.1 78.51
7284.3 79.14
7416.87 79.96
7551.85 80.89
7689.29 81.80
7829.23 82.52
7971.72 82.84
8116.8 82.59
8264.53 81.69
8414.94 80.18
8568.09 78.25
8724.02 76.11
8882.79 73.94
9044.46 71.89
9209.06 70.03
9376.66 68.41
9547.31 67.06
9721.07 66.01
9897.99 65.26
10078.13 64.81
10261.55 64.62
10448.3 64.64
10638.45 64.81
10832.07 65.07
11029.21 65.38
11229.94 65.75
11434.32 66.18
11642.41 66.72
11854.3 67.37
12070.04 68.13
12289.71 68.99
12513.38 69.89
12741.12 70.81
12973 71.69
13209.1 72.53
13449.5 73.32
13694.28 74.05
13943.51 74.71
14197.27 75.26
14455.66 75.65
14718.74 75.86
14986.62 75.88
15259.37 75.72
15537.08 75.39
15819.85 74.89
16107.76 74.20
16400.92 73.29
16699.41 72.18
17003.33 70.90
17312.78 69.53
17627.86 68.15
17948.68 66.81
18275.34 65.46
18607.94 64.01
18946.6 62.35
19291.42 60.42
19642.52 58.30
20000 56.10
