20 73.88
20.36 73.97
20.73 74.05
21.11 74.14
21.5 74.22
21.89 74.31
22.29 74.39
22.69 74.48
23.1 74.56
23.52 74.64
23.95 74.72
24.39 74.80
24.83 74.88
25.28 74.96
25.74 75.03
26.21 75.11
26.69 75.18
27.18 75.26
27.67 75.33
28.17 75.40
28.69 75.46
29.21 75.53
29.74 75.59
30.28 75.65
30.83 75.71
31.39 75.77
31.97 75.82
32.55 75.88
33.14 75.93
33.74 75.97
34.36 76.02
34.98 76.06
35.62 76.10
36.27 76.14
36.93 76.18
37.6 76.21
38.28 76.24
38.98 76.27
39.69 76.30
40.41 76.33
41.15 76.36
41.9 76.38
42.66 76.40
43.44 76.42
44.23 76.44
45.03 76.46
45.85 76.48
46.68 76.49
47.53 76.51
48.4 76.52
49.28 76.54
50.18 76.55
51.09 76.56
52.02 76.57
52.97 76.58
53.93 76.59
54.91 76.60
55.91 76.61
56.93 76.62
57.97 76.63
59.02 76.64
60.09 76.65
61.19 76.66
62.3 76.67
63.44 76.68
64.59 76.69
65.77 76.69
66.96 76.70
68.18 76.71
69.42 76.72
70.69 76.72
71.97 76.73
73.28 76.73
74.62 76.73
75.97 76.74
77.36 76.74
78.76 76.74
80.2 76.74
81.66 76.73
83.14 76.73
84.66 76.72
86.2 76.71
87.77 76.70
89.36 76.69
90.99 76.68
92.65 76.67
94.33 76.66
96.05 76.64
97.8 76.63
99.58 76.62
101.39 76.60
103.23 76.59
105.11 76.58
107.03 76.57
108.97 76.55
110.96 76.54
112.98 76.53
115.03 76.52
117.13 76.50
119.26 76.49
121.43 76.47
123.64 76.45
125.89 76.43
128.18 76.40
130.51 76.38
132.89 76.35
135.31 76.32
137.77 76.29
140.28 76.27
142.83 76.24
145.43 76.22
148.07 76.19
150.77 76.17
153.51 76.15
156.31 76.12
159.15 76.10
162.05 76.08
165 76.06
168 76.03
171.06 76.01
174.17 75.99
177.34 75.96
180.57 75.94
183.86 75.92
187.2 75.89
190.61 75.87
194.08 75.84
197.61 75.82
201.21 75.78
204.87 75.75
208.6 75.72
212.39 75.68
216.26 75.64
220.19 75.60
224.2 75.57
228.28 75.53
232.44 75.49
236.67 75.46
240.97 75.42
245.36 75.38
249.82 75.35
254.37 75.31
259 75.27
263.71 75.23
268.51 75.20
273.4 75.16
278.38 75.12
283.44 75.08
288.6 75.04
293.85 75.00
299.2 74.96
304.65 74.92
310.19 74.88
315.84 74.85
321.59 74.81
327.44 74.77
333.4 74.73
339.47 74.70
345.64 74.66
351.93 74.62
358.34 74.58
364.86 74.55
371.5 74.51
378.26 74.47
385.15 74.43
392.16 74.39
399.29 74.35
406.56 74.31
413.96 74.28
421.49 74.24
429.16 74.20
436.97 74.16
444.93 74.13
453.02 74.09
461.27 74.06
469.66 74.02
478.21 73.99
486.91 73.97
495.78 73.94
504.8 73.92
513.99 73.89
523.34 73.87
532.87 73.85
542.56 73.83
552.44 73.81
562.49 73.79
572.73 73.77
583.15 73.75
593.77 73.73
604.57 73.71
615.57 73.70
626.78 73.68
638.18 73.67
649.8 73.67
661.63 73.66
673.67 73.66
685.93 73.66
698.41 73.66
711.12 73.67
724.06 73.68
737.24 73.69
750.66 73.70
764.32 73.72
778.23 73.74
792.39 73.77
806.82 73.80
821.5 73.85
836.45 73.90
851.67 73.96
867.17 74.03
882.96 74.10
899.02 74.19
915.39 74.29
932.05 74.40
949.01 74.53
966.28 74.68
983.87 74.84
1001.77 75.02
1020 75.21
1038.57 75.42
1057.47 75.64
1076.71 75.89
1096.31 76.14
1116.26 76.40
1136.58 76.67
1157.26 76.95
1178.32 77.23
1199.77 77.51
1221.6 77.78
1243.84 78.04
1266.47 78.28
1289.52 78.50
1312.99 78.70
1336.89 78.88
1361.22 79.03
1385.99 79.15
1411.22 79.22
1436.9 79.27
1463.05 79.27
1489.68 79.23
1516.79 79.16
1544.4 79.03
1572.5 78.87
1601.12 78.67
1630.26 78.43
1659.93 78.17
1690.14 77.90
1720.9 77.61
1752.22 77.33
1784.11 77.06
1816.58 76.79
1849.64 76.54
1883.3 76.30
1917.58 76.09
1952.48 75.91
1988.01 75.76
2024.19 75.64
2061.03 75.56
2098.54 75.50
2136.73 75.48
2175.62 75.49
2215.22 75.53
2255.53 75.59
2296.58 75.69
2338.38 75.80
2380.94 75.94
2424.27 76.09
2468.39 76.25
2513.31 76.41
2559.05 76.58
2605.63 76.76
2653.05 76.94
2701.33 77.12
2750.5 77.31
2800.55 77.50
2851.52 77.69
2903.42 77.88
2956.26 78.07
3010.06 78.27
3064.85 78.47
3120.62 78.67
3177.42 78.88
3235.25 79.08
3294.13 79.30
3354.08 79.52
3415.12 79.75
3477.27 80.01
3540.56 80.28
3605 80.56
3670.6 80.83
3737.41 81.08
3805.43 81.27
3874.68 81.36
3945.2 81.34
4017 81.21
4090.11 80.97
4164.55 80.64
4240.34 80.26
4317.51 79.86
4396.09 79.48
4476.1 79.14
4557.56 78.86
4640.5 78.67
4724.96 78.56
4810.95 78.56
4898.51 78.66
4987.66 78.86
5078.43 79.15
5170.86 79.51
5264.97 79.92
5360.79 80.33
5458.35 80.69
5557.69 80.92
5658.84 80.97
5761.82 80.82
5866.69 80.46
5973.46 79.93
6082.17 79.31
6192.87 78.69
6305.57 78.20
6420.33 77.92
6537.18 77.91
6656.15 78.15
6777.29 78.56
6900.63 79.04
7026.22 79.52
7154.1 79.97
7284.3 80.40
7416.87 80.83
7551.85 81.24
7689.29 81.57
7829.23 81.75
7971.72 81.70
8116.8 81.36
8264.53 80.72
8414.94 79.80
8568.09 78.69
8724.02 77.50
8882.79 76.31
9044.46 75.21
9209.06 74.26
9376.66 73.47
9547.31 72.85
9721.07 72.34
9897.99 71.92
10078.13 71.56
10261.55 71.22
10448.3 70.90
10638.45 70.60
10832.07 70.32
11029.21 70.05
11229.94 69.78
11434.32 69.50
11642.41 69.23
11854.3 68.97
12070.04 68.76
12289.71 68.61
12513.38 68.53
12741.12 68.51
12973 68.54
13209.1 68.58
13449.5 68.60
13694.28 68.56
13943.51 68.42
14197.27 68.19
14455.66 67.90
14718.74 67.61
14986.62 67.42
15259.37 67.33
15537.08 67.35
15819.85 67.40
16107.76 67.42
16400.92 67.33
16699.41 67.09
17003.33 66.71
17312.78 66.23
17627.86 65.72
17948.68 65.23
18275.34 64.74
18607.94 64.14
18946.6 63.35
19291.42 62.34
19642.52 61.17
20000 59.95
