20 83.28
20.36 83.33
20.73 83.39
21.11 83.44
21.5 83.49
21.89 83.54
22.29 83.59
22.69 83.64
23.1 83.68
23.52 83.73
23.95 83.78
24.39 83.83
24.83 83.87
25.28 83.92
25.74 83.96
26.21 84.00
26.69 84.04
27.18 84.08
27.67 84.12
28.17 84.16
28.69 84.19
29.21 84.23
29.74 84.26
30.28 84.29
30.83 84.32
31.39 84.34
31.97 84.37
32.55 84.39
33.14 84.41
33.74 84.43
34.36 84.45
34.98 84.46
35.62 84.47
36.27 84.49
36.93 84.50
37.6 84.50
38.28 84.51
38.98 84.52
39.69 84.53
40.41 84.53
41.15 84.54
41.9 84.54
42.66 84.54
43.44 84.55
44.23 84.55
45.03 84.55
45.85 84.56
46.68 84.56
47.53 84.56
48.4 84.56
49.28 84.57
50.18 84.57
51.09 84.57
52.02 84.57
52.97 84.57
53.93 84.57
54.91 84.57
55.91 84.57
56.93 84.56
57.97 84.56
59.02 84.55
60.09 84.55
61.19 84.54
62.3 84.53
63.44 84.52
64.59 84.51
65.77 84.50
66.96 84.48
68.18 84.47
69.42 84.46
70.69 84.44
71.97 84.43
73.28 84.42
74.62 84.41
75.97 84.39
77.36 84.38
78.76 84.36
80.2 84.35
81.66 84.33
83.14 84.31
84.66 84.29
86.2 84.27
87.77 84.24
89.36 84.22
90.99 84.19
92.65 84.16
94.33 84.13
96.05 84.10
97.8 84.07
99.58 84.05
101.39 84.02
103.23 83.99
105.11 83.96
107.03 83.93
108.97 83.90
110.96 83.87
112.98 83.84
115.03 83.80
117.13 83.77
119.26 83.73
121.43 83.70
123.64 83.66
125.89 83.62
128.18 83.57
130.51 83.53
132.89 83.48
135.31 83.44
137.77 83.39
140.28 83.34
142.83 83.30
145.43 83.25
148.07 83.20
150.77 83.16
153.51 83.11
156.31 83.06
159.15 83.02
162.05 82.97
165 82.92
168 82.88
171.06 82.83
174.17 82.78
177.34 82.74
180.57 82.69
183.86 82.64
187.2 82.60
190.61 82.55
194.08 82.50
197.61 82.44
201.21 82.39
204.87 82.33
208.6 82.27
212.39 82.20
216.26 82.14
220.19 82.08
224.2 82.02
228.28 81.95
232.44 81.88
236.67 81.81
240.97 81.74
245.36 81.67
249.82 81.59
254.37 81.52
259 81.44
263.71 81.36
268.51 81.29
273.4 81.21
278.38 81.13
283.44 81.05
288.6 80.97
293.85 80.90
299.2 80.82
304.65 80.75
310.19 80.67
315.84 80.59
321.59 80.51
327.44 80.42
333.4 80.34
339.47 80.25
345.64 80.16
351.93 80.07
358.34 79.98
364.86 79.89
371.5 79.80
378.26 79.71
385.15 79.62
392.16 79.53
399.29 79.44
406.56 79.35
413.96 79.25
421.49 79.16
429.16 79.06
436.97 78.97
444.93 78.87
453.02 78.77
461.27 78.67
469.66 78.57
478.21 78.47
486.91 78.37
495.78 78.27
504.8 78.17
513.99 78.07
523.34 77.97
532.87 77.87
542.56 77.77
552.44 77.67
562.49 77.56
572.73 77.46
583.15 77.35
593.77 77.24
604.57 77.14
615.57 77.03
626.78 76.92
638.18 76.81
649.8 76.71
661.63 76.61
673.67 76.50
685.93 76.40
698.41 76.30
711.12 76.20
724.06 76.09
737.24 75.99
750.66 75.89
764.32 75.79
778.23 75.69
792.39 75.60
806.82 75.51
821.5 75.43
836.45 75.35
851.67 75.27
867.17 75.20
882.96 75.14
899.02 75.08
915.39 75.04
932.05 75.00
949.01 74.98
966.28 74.97
983.87 74.98
1001.77 75.00
1020 75.04
1038.57 75.10
1057.47 75.17
1076.71 75.26
1096.31 75.36
1116.26 75.47
1136.58 75.58
1157.26 75.70
1178.32 75.82
1199.77 75.94
1221.6 76.06
1243.84 76.17
1266.47 76.28
1289.52 76.37
1312.99 76.46
1336.89 76.53
1361.22 76.59
1385.99 76.64
1411.22 76.69
1436.9 76.73
1463.05 76.76
1489.68 76.80
1516.79 76.83
1544.4 76.86
1572.5 76.89
1601.12 76.93
1630.26 76.98
1659.93 77.03
1690.14 77.10
1720.9 77.17
1752.22 77.25
1784.11 77.35
1816.58 77.45
1849.64 77.58
1883.3 77.72
1917.58 77.88
1952.48 78.05
1988.01 78.25
2024.19 78.45
2061.03 78.68
2098.54 78.92
2136.73 79.19
2175.62 79.48
2215.22 79.79
2255.53 80.12
2296.58 80.49
2338.38 80.89
2380.94 81.30
2424.27 81.72
2468.39 82.15
2513.31 82.57
2559.05 82.97
2605.63 83.35
2653.05 83.69
2701.33 83.98
2750.5 84.20
2800.55 84.37
2851.52 84.46
2903.42 84.48
2956.26 84.44
3010.06 84.36
3064.85 84.23
3120.62 84.09
3177.42 83.96
3235.25 83.86
3294.13 83.80
3354.08 83.79
3415.12 83.87
3477.27 84.03
3540.56 84.28
3605 84.64
3670.6 85.08
3737.41 85.59
3805.43 86.14
3874.68 86.67
3945.2 87.11
4017 87.38
4090.11 87.42
4164.55 87.17
4240.34 86.64
4317.51 85.85
4396.09 84.86
4476.1 83.76
4557.56 82.61
4640.5 81.48
4724.96 80.40
4810.95 79.36
4898.51 78.39
4987.66 77.48
5078.43 76.63
5170.86 75.84
5264.97 75.10
5360.79 74.40
5458.35 73.77
5557.69 73.20
5658.84 72.72
5761.82 72.32
5866.69 72.02
5973.46 71.81
6082.17 71.70
6192.87 71.69
6305.57 71.78
6420.33 72.00
6537.18 72.34
6656.15 72.81
6777.29 73.40
6900.63 74.09
7026.22 74.86
7154.1 75.63
7284.3 76.35
7416.87 76.94
7551.85 77.32
7689.29 77.47
7829.23 77.38
7971.72 77.11
8116.8 76.73
8264.53 76.31
8414.94 75.91
8568.09 75.59
8724.02 75.36
8882.79 75.22
9044.46 75.12
9209.06 75.02
9376.66 74.84
9547.31 74.49
9721.07 73.94
9897.99 73.18
10078.13 72.22
10261.55 71.14
10448.3 70.02
10638.45 68.95
10832.07 68.00
11029.21 67.23
11229.94 66.66
11434.32 66.33
11642.41 66.24
11854.3 66.36
12070.04 66.66
12289.71 67.09
12513.38 67.59
12741.12 68.12
12973 68.63
13209.1 69.09
13449.5 69.47
13694.28 69.75
13943.51 69.92
14197.27 69.92
14455.66 69.75
14718.74 69.41
14986.62 68.94
15259.37 68.41
15537.08 67.86
15819.85 67.31
16107.76 66.75
16400.92 66.20
16699.41 65.70
17003.33 65.33
17312.78 65.18
17627.86 65.33
17948.68 65.78
18275.34 66.47
18607.94 67.28
18946.6 68.09
19291.42 68.84
19642.52 69.51
20000 70.14
