20 80.08
20.36 80.12
20.73 80.17
21.11 80.22
21.5 80.27
21.89 80.32
22.29 80.36
22.69 80.41
23.1 80.46
23.52 80.50
23.95 80.55
24.39 80.59
24.83 80.63
25.28 80.67
25.74 80.71
26.21 80.75
26.69 80.78
27.18 80.81
27.67 80.85
28.17 80.88
28.69 80.90
29.21 80.93
29.74 80.95
30.28 80.98
30.83 81.00
31.39 81.01
31.97 81.03
32.55 81.04
33.14 81.05
33.74 81.05
34.36 81.06
34.98 81.06
35.62 81.06
36.27 81.06
36.93 81.06
37.6 81.05
38.28 81.05
38.98 81.04
39.69 81.03
40.41 81.03
41.15 81.02
41.9 81.02
42.66 81.01
43.44 81.01
44.23 81.01
45.03 81.00
45.85 81.00
46.68 81.00
47.53 81.01
48.4 81.01
49.28 81.02
50.18 81.02
51.09 81.03
52.02 81.03
52.97 81.04
53.93 81.04
54.91 81.05
55.91 81.05
56.93 81.05
57.97 81.05
59.02 81.05
60.09 81.05
61.19 81.05
62.3 81.05
63.44 81.04
64.59 81.03
65.77 81.02
66.96 81.01
68.18 81.00
69.42 80.98
70.69 80.97
71.97 80.95
73.28 80.93
74.62 80.90
75.97 80.88
77.36 80.86
78.76 80.83
80.2 80.81
81.66 80.78
83.14 80.76
84.66 80.74
86.2 80.72
87.77 80.71
89.36 80.69
90.99 80.68
92.65 80.66
94.33 80.65
96.05 80.63
97.8 80.61
99.58 80.59
101.39 80.57
103.23 80.55
105.11 80.52
107.03 80.49
108.97 80.46
110.96 80.43
112.98 80.40
115.03 80.36
117.13 80.33
119.26 80.30
121.43 80.26
123.64 80.22
125.89 80.18
128.18 80.14
130.51 80.10
132.89 80.06
135.31 80.03
137.77 79.99
140.28 79.95
142.83 79.91
145.43 79.88
148.07 79.85
150.77 79.82
153.51 79.79
156.31 79.77
159.15 79.74
162.05 79.72
165 79.69
168 79.66
171.06 79.63
174.17 79.60
177.34 79.56
180.57 79.53
183.86 79.50
187.2 79.47
190.61 79.44
194.08 79.41
197.61 79.38
201.21 79.34
204.87 79.29
208.6 79.24
212.39 79.19
216.26 79.14
220.19 79.10
224.2 79.05
228.28 79.00
232.44 78.96
236.67 78.91
240.97 78.86
245.36 78.81
249.82 78.77
254.37 78.72
259 78.68
263.71 78.63
268.51 78.58
273.4 78.54
278.38 78.49
283.44 78.44
288.6 78.39
293.85 78.34
299.2 78.29
304.65 78.25
310.19 78.21
315.84 78.16
321.59 78.12
327.44 78.07
333.4 78.02
339.47 77.97
345.64 77.92
351.93 77.86
358.34 77.80
364.86 77.75
371.5 77.69
378.26 77.63
385.15 77.58
392.16 77.53
399.29 77.47
406.56 77.42
413.96 77.37
421.49 77.31
429.16 77.25
436.97 77.19
444.93 77.13
453.02 77.07
461.27 77.00
469.66 76.94
478.21 76.87
486.91 76.80
495.78 76.73
504.8 76.67
513.99 76.61
523.34 76.55
532.87 76.48
542.56 76.42
552.44 76.37
562.49 76.31
572.73 76.25
583.15 76.19
593.77 76.13
604.57 76.06
615.57 76.00
626.78 75.93
638.18 75.86
649.8 75.79
661.63 75.73
673.67 75.66
685.93 75.60
698.41 75.53
711.12 75.47
724.06 75.42
737.24 75.36
750.66 75.30
764.32 75.24
778.23 75.18
792.39 75.12
806.82 75.07
821.5 75.02
836.45 74.97
851.67 74.92
867.17 74.88
882.96 74.85
899.02 74.83
915.39 74.83
932.05 74.83
949.01 74.86
966.28 74.89
983.87 74.94
1001.77 75.01
1020 75.08
1038.57 75.17
1057.47 75.28
1076.71 75.40
1096.31 75.53
1116.26 75.68
1136.58 75.83
1157.26 75.98
1178.32 76.14
1199.77 76.30
1221.6 76.45
1243.84 76.59
1266.47 76.73
1289.52 76.85
1312.99 76.97
1336.89 77.07
1361.22 77.17
1385.99 77.26
1411.22 77.34
1436.9 77.41
1463.05 77.48
1489.68 77.54
1516.79 77.60
1544.4 77.66
1572.5 77.70
1601.12 77.75
1630.26 77.78
1659.93 77.82
1690.14 77.86
1720.9 77.90
1752.22 77.94
1784.11 78.01
1816.58 78.08
1849.64 78.17
1883.3 78.28
1917.58 78.39
1952.48 78.51
1988.01 78.64
2024.19 78.77
2061.03 78.92
2098.54 79.07
2136.73 79.23
2175.62 79.40
2215.22 79.59
2255.53 79.79
2296.58 80.00
2338.38 80.23
2380.94 80.47
2424.27 80.72
2468.39 80.97
2513.31 81.23
2559.05 81.49
2605.63 81.76
2653.05 82.01
2701.33 82.25
2750.5 82.48
2800.55 82.67
2851.52 82.82
2903.42 82.93
2956.26 82.98
3010.06 82.97
3064.85 82.91
3120.62 82.79
3177.42 82.62
3235.25 82.39
3294.13 82.13
3354.08 81.83
3415.12 81.49
3477.27 81.14
3540.56 80.78
3605 80.41
3670.6 80.04
3737.41 79.68
3805.43 79.33
3874.68 79.00
3945.2 78.69
4017 78.41
4090.11 78.15
4164.55 77.93
4240.34 77.74
4317.51 77.59
4396.09 77.47
4476.1 77.38
4557.56 77.34
4640.5 77.33
4724.96 77.37
4810.95 77.45
4898.51 77.57
4987.66 77.75
5078.43 77.98
5170.86 78.26
5264.97 78.62
5360.79 79.05
5458.35 79.54
5557.69 80.11
5658.84 80.71
5761.82 81.35
5866.69 81.99
5973.46 82.60
6082.17 83.13
6192.87 83.56
6305.57 83.83
6420.33 83.93
6537.18 83.87
6656.15 83.65
6777.29 83.33
6900.63 82.94
7026.22 82.53
7154.1 82.12
7284.3 81.72
7416.87 81.34
7551.85 80.94
7689.29 80.51
7829.23 80.03
7971.72 79.47
8116.8 78.84
8264.53 78.13
8414.94 77.37
8568.09 76.58
8724.02 75.78
8882.79 74.98
9044.46 74.21
9209.06 73.46
9376.66 72.73
9547.31 72.02
9721.07 71.29
9897.99 70.52
10078.13 69.69
10261.55 68.77
10448.3 67.75
10638.45 66.64
10832.07 65.46
11029.21 64.24
11229.94 63.03
11434.32 61.89
11642.41 60.84
11854.3 59.94
12070.04 59.18
12289.71 58.57
12513.38 58.08
12741.12 57.69
12973 57.38
13209.1 57.13
13449.5 56.93
13694.28 56.79
13943.51 56.74
14197.27 56.80
14455.66 56.99
14718.74 57.34
14986.62 57.83
15259.37 58.45
15537.08 59.13
15819.85 59.77
16107.76 60.27
16400.92 60.48
16699.41 60.29
17003.33 59.62
17312.78 58.45
17627.86 56.89
17948.68 55.13
18275.34 53.43
18607.94 52.05
18946.6 51.07
19291.42 50.43
19642.52 49.95
20000 49.52
