20 80.59
20.36 80.66
20.73 80.73
21.11 80.80
21.5 80.86
21.89 80.93
22.29 81.00
22.69 81.06
23.1 81.13
23.52 81.19
23.95 81.25
24.39 81.32
24.83 81.38
25.28 81.44
25.74 81.50
26.21 81.56
26.69 81.62
27.18 81.67
27.67 81.73
28.17 81.78
28.69 81.84
29.21 81.89
29.74 81.94
30.28 81.98
30.83 82.03
31.39 82.07
31.97 82.12
32.55 82.16
33.14 82.19
33.74 82.23
34.36 82.27
34.98 82.30
35.62 82.33
36.27 82.36
36.93 82.39
37.6 82.41
38.28 82.44
38.98 82.46
39.69 82.48
40.41 82.51
41.15 82.53
41.9 82.55
42.66 82.57
43.44 82.59
44.23 82.61
45.03 82.62
45.85 82.64
46.68 82.66
47.53 82.68
48.4 82.69
49.28 82.71
50.18 82.72
51.09 82.74
52.02 82.75
52.97 82.76
53.93 82.77
54.91 82.78
55.91 82.79
56.93 82.80
57.97 82.80
59.02 82.81
60.09 82.81
61.19 82.81
62.3 82.81
63.44 82.80
64.59 82.80
65.77 82.80
66.96 82.79
68.18 82.79
69.42 82.78
70.69 82.78
71.97 82.77
73.28 82.77
74.62 82.77
75.97 82.76
77.36 82.76
78.76 82.76
80.2 82.75
81.66 82.75
83.14 82.75
84.66 82.75
86.2 82.75
87.77 82.74
89.36 82.74
90.99 82.74
92.65 82.73
94.33 82.73
96.05 82.72
97.8 82.72
99.58 82.71
101.39 82.71
103.23 82.70
105.11 82.69
107.03 82.68
108.97 82.67
110.96 82.66
112.98 82.65
115.03 82.63
117.13 82.62
119.26 82.61
121.43 82.59
123.64 82.57
125.89 82.54
128.18 82.52
130.51 82.49
132.89 82.45
135.31 82.42
137.77 82.39
140.28 82.36
142.83 82.33
145.43 82.30
148.07 82.27
150.77 82.24
153.51 82.22
156.31 82.20
159.15 82.18
162.05 82.17
165 82.15
168 82.14
171.06 82.12
174.17 82.11
177.34 82.10
180.57 82.08
183.86 82.06
187.2 82.05
190.61 82.03
194.08 82.01
197.61 81.98
201.21 81.96
204.87 81.92
208.6 81.89
212.39 81.85
216.26 81.80
220.19 81.76
224.2 81.71
228.28 81.66
232.44 81.61
236.67 81.56
240.97 81.50
245.36 81.45
249.82 81.40
254.37 81.35
259 81.30
263.71 81.25
268.51 81.21
273.4 81.16
278.38 81.12
283.44 81.07
288.6 81.03
293.85 80.98
299.2 80.93
304.65 80.88
310.19 80.82
315.84 80.77
321.59 80.70
327.44 80.64
333.4 80.57
339.47 80.50
345.64 80.43
351.93 80.36
358.34 80.28
364.86 80.21
371.5 80.14
378.26 80.06
385.15 79.98
392.16 79.90
399.29 79.82
406.56 79.74
413.96 79.66
421.49 79.57
429.16 79.49
436.97 79.40
444.93 79.31
453.02 79.22
461.27 79.12
469.66 79.03
478.21 78.94
486.91 78.85
495.78 78.76
504.8 78.68
513.99 78.59
523.34 78.50
532.87 78.41
542.56 78.31
552.44 78.22
562.49 78.12
572.73 78.02
583.15 77.92
593.77 77.81
604.57 77.70
615.57 77.59
626.78 77.48
638.18 77.37
649.8 77.26
661.63 77.15
673.67 77.04
685.93 76.94
698.41 76.83
711.12 76.71
724.06 76.60
737.24 76.49
750.66 76.37
764.32 76.26
778.23 76.15
792.39 76.04
806.82 75.93
821.5 75.82
836.45 75.71
851.67 75.60
867.17 75.50
882.96 75.40
899.02 75.31
915.39 75.23
932.05 75.16
949.01 75.10
966.28 75.06
983.87 75.02
1001.77 75.00
1020 74.98
1038.57 74.98
1057.47 74.99
1076.71 75.01
1096.31 75.04
1116.26 75.08
1136.58 75.12
1157.26 75.17
1178.32 75.22
1199.77 75.26
1221.6 75.30
1243.84 75.33
1266.47 75.35
1289.52 75.36
1312.99 75.36
1336.89 75.36
1361.22 75.34
1385.99 75.31
1411.22 75.27
1436.9 75.23
1463.05 75.17
1489.68 75.11
1516.79 75.05
1544.4 74.98
1572.5 74.92
1601.12 74.85
1630.26 74.80
1659.93 74.75
1690.14 74.71
1720.9 74.67
1752.22 74.65
1784.11 74.64
1816.58 74.64
1849.64 74.64
1883.3 74.66
1917.58 74.69
1952.48 74.74
1988.01 74.80
2024.19 74.87
2061.03 74.95
2098.54 75.04
2136.73 75.15
2175.62 75.26
2215.22 75.39
2255.53 75.52
2296.58 75.67
2338.38 75.83
2380.94 75.98
2424.27 76.14
2468.39 76.31
2513.31 76.47
2559.05 76.64
2605.63 76.82
2653.05 77.01
2701.33 77.21
2750.5 77.43
2800.55 77.66
2851.52 77.91
2903.42 78.17
2956.26 78.46
3010.06 78.77
3064.85 79.10
3120.62 79.44
3177.42 79.77
3235.25 80.07
3294.13 80.33
3354.08 80.52
3415.12 80.62
3477.27 80.62
3540.56 80.53
3605 80.35
3670.6 80.10
3737.41 79.79
3805.43 79.44
3874.68 79.08
3945.2 78.72
4017 78.37
4090.11 78.07
4164.55 77.81
4240.34 77.61
4317.51 77.46
4396.09 77.37
4476.1 77.32
4557.56 77.31
4640.5 77.34
4724.96 77.40
4810.95 77.48
4898.51 77.59
4987.66 77.73
5078.43 77.89
5170.86 78.10
5264.97 78.36
5360.79 78.66
5458.35 79.00
5557.69 79.36
5658.84 79.69
5761.82 79.96
5866.69 80.10
5973.46 80.08
6082.17 79.85
6192.87 79.42
6305.57 78.83
6420.33 78.18
6537.18 77.56
6656.15 77.07
6777.29 76.80
6900.63 76.78
7026.22 77.04
7154.1 77.56
7284.3 78.25
7416.87 79.01
7551.85 79.73
7689.29 80.29
7829.23 80.57
7971.72 80.52
8116.8 80.09
8264.53 79.33
8414.94 78.32
8568.09 77.16
8724.02 75.98
8882.79 74.87
9044.46 73.91
9209.06 73.14
9376.66 72.60
9547.31 72.29
9721.07 72.19
9897.99 72.28
10078.13 72.46
10261.55 72.66
10448.3 72.75
10638.45 72.68
10832.07 72.41
11029.21 71.99
11229.94 71.51
11434.32 71.06
11642.41 70.69
11854.3 70.41
12070.04 70.21
12289.71 70.05
12513.38 69.86
12741.12 69.63
12973 69.33
13209.1 68.95
13449.5 68.49
13694.28 67.98
13943.51 67.48
14197.27 67.10
14455.66 66.89
14718.74 66.89
14986.62 67.06
15259.37 67.34
15537.08 67.63
15819.85 67.83
16107.76 67.85
16400.92 67.65
16699.41 67.29
17003.33 66.88
17312.78 66.53
17627.86 66.35
17948.68 66.36
18275.34 66.51
18607.94 66.70
18946.6 66.81
19291.42 66.79
19642.52 66.67
20000 66.50
