20 86.69
20.36 86.70
20.73 86.71
21.11 86.73
21.5 86.74
21.89 86.75
22.29 86.76
22.69 86.77
23.1 86.78
23.52 86.78
23.95 86.79
24.39 86.80
24.83 86.80
25.28 86.81
25.74 86.81
26.21 86.81
26.69 86.81
27.18 86.80
27.67 86.80
28.17 86.79
28.69 86.78
29.21 86.78
29.74 86.76
30.28 86.75
30.83 86.73
31.39 86.71
31.97 86.69
32.55 86.66
33.14 86.64
33.74 86.61
34.36 86.58
34.98 86.54
35.62 86.50
36.27 86.46
36.93 86.42
37.6 86.38
38.28 86.33
38.98 86.29
39.69 86.24
40.41 86.19
41.15 86.14
41.9 86.09
42.66 86.04
43.44 85.98
44.23 85.93
45.03 85.88
45.85 85.82
46.68 85.77
47.53 85.71
48.4 85.65
49.28 85.59
50.18 85.53
51.09 85.48
52.02 85.42
52.97 85.35
53.93 85.29
54.91 85.23
55.91 85.16
56.93 85.10
57.97 85.03
59.02 84.96
60.09 84.89
61.19 84.82
62.3 84.74
63.44 84.67
64.59 84.59
65.77 84.52
66.96 84.44
68.18 84.36
69.42 84.28
70.69 84.20
71.97 84.12
73.28 84.04
74.62 83.95
75.97 83.87
77.36 83.79
78.76 83.70
80.2 83.62
81.66 83.53
83.14 83.44
84.66 83.36
86.2 83.27
87.77 83.18
89.36 83.09
90.99 82.99
92.65 82.90
94.33 82.80
96.05 82.70
97.8 82.60
99.58 82.50
101.39 82.39
103.23 82.29
105.11 82.18
107.03 82.08
108.97 81.98
110.96 81.88
112.98 81.78
115.03 81.69
117.13 81.59
119.26 81.50
121.43 81.41
123.64 81.33
125.89 81.24
128.18 81.15
130.51 81.06
132.89 80.97
135.31 80.88
137.77 80.79
140.28 80.70
142.83 80.62
145.43 80.53
148.07 80.45
150.77 80.37
153.51 80.29
156.31 80.21
159.15 80.13
162.05 80.05
165 79.96
168 79.88
171.06 79.80
174.17 79.71
177.34 79.63
180.57 79.55
183.86 79.46
187.2 79.38
190.61 79.30
194.08 79.21
197.61 79.13
201.21 79.05
204.87 78.97
208.6 78.89
212.39 78.82
216.26 78.74
220.19 78.67
224.2 78.59
228.28 78.52
232.44 78.44
236.67 78.37
240.97 78.30
245.36 78.23
249.82 78.16
254.37 78.09
259 78.03
263.71 77.97
268.51 77.90
273.4 77.84
278.38 77.78
283.44 77.71
288.6 77.65
293.85 77.59
299.2 77.53
304.65 77.47
310.19 77.41
315.84 77.35
321.59 77.29
327.44 77.23
333.4 77.18
339.47 77.12
345.64 77.07
351.93 77.01
358.34 76.96
364.86 76.91
371.5 76.86
378.26 76.81
385.15 76.75
392.16 76.71
399.29 76.66
406.56 76.61
413.96 76.57
421.49 76.52
429.16 76.48
436.97 76.44
444.93 76.39
453.02 76.34
461.27 76.29
469.66 76.25
478.21 76.20
486.91 76.15
495.78 76.11
504.8 76.07
513.99 76.03
523.34 75.99
532.87 75.95
542.56 75.91
552.44 75.87
562.49 75.83
572.73 75.80
583.15 75.76
593.77 75.73
604.57 75.69
615.57 75.65
626.78 75.61
638.18 75.58
649.8 75.53
661.63 75.49
673.67 75.45
685.93 75.41
698.41 75.37
711.12 75.33
724.06 75.29
737.24 75.25
750.66 75.20
764.32 75.16
778.23 75.12
792.39 75.08
806.82 75.05
821.5 75.01
836.45 74.98
851.67 74.95
867.17 74.92
882.96 74.90
899.02 74.88
915.39 74.87
932.05 74.87
949.01 74.89
966.28 74.91
983.87 74.95
1001.77 75.00
1020 75.07
1038.57 75.16
1057.47 75.26
1076.71 75.37
1096.31 75.50
1116.26 75.65
1136.58 75.81
1157.26 75.98
1178.32 76.17
1199.77 76.37
1221.6 76.58
1243.84 76.79
1266.47 77.00
1289.52 77.22
1312.99 77.43
1336.89 77.64
1361.22 77.83
1385.99 78.00
1411.22 78.16
1436.9 78.31
1463.05 78.44
1489.68 78.57
1516.79 78.69
1544.4 78.81
1572.5 78.93
1601.12 79.05
1630.26 79.18
1659.93 79.33
1690.14 79.48
1720.9 79.63
1752.22 79.79
1784.11 79.97
1816.58 80.15
1849.64 80.35
1883.3 80.56
1917.58 80.77
1952.48 81.00
1988.01 81.22
2024.19 81.45
2061.03 81.68
2098.54 81.91
2136.73 82.13
2175.62 82.36
2215.22 82.58
2255.53 82.80
2296.58 83.00
2338.38 83.18
2380.94 83.34
2424.27 83.47
2468.39 83.55
2513.31 83.60
2559.05 83.60
2605.63 83.57
2653.05 83.49
2701.33 83.38
2750.5 83.23
2800.55 83.05
2851.52 82.86
2903.42 82.65
2956.26 82.44
3010.06 82.24
3064.85 82.04
3120.62 81.86
3177.42 81.71
3235.25 81.58
3294.13 81.48
3354.08 81.40
3415.12 81.34
3477.27 81.28
3540.56 81.23
3605 81.16
3670.6 81.09
3737.41 81.00
3805.43 80.91
3874.68 80.79
3945.2 80.67
4017 80.54
4090.11 80.41
4164.55 80.29
4240.34 80.19
4317.51 80.11
4396.09 80.07
4476.1 80.07
4557.56 80.09
4640.5 80.13
4724.96 80.17
4810.95 80.21
4898.51 80.22
4987.66 80.20
5078.43 80.15
5170.86 80.06
5264.97 79.96
5360.79 79.84
5458.35 79.72
5557.69 79.61
5658.84 79.50
5761.82 79.33
5866.69 79.06
5973.46 78.63
6082.17 78.02
6192.87 77.28
6305.57 76.50
6420.33 75.78
6537.18 75.20
6656.15 74.81
6777.29 74.63
6900.63 74.67
7026.22 74.93
7154.1 75.39
7284.3 76.00
7416.87 76.73
7551.85 77.47
7689.29 78.12
7829.23 78.55
7971.72 78.66
8116.8 78.38
8264.53 77.71
8414.94 76.72
8568.09 75.51
8724.02 74.22
8882.79 72.92
9044.46 71.67
9209.06 70.50
9376.66 69.39
9547.31 68.37
9721.07 67.44
9897.99 66.61
10078.13 65.91
10261.55 65.34
10448.3 64.92
10638.45 64.62
10832.07 64.44
11029.21 64.32
11229.94 64.20
11434.32 64.05
11642.41 63.81
11854.3 63.49
12070.04 63.09
12289.71 62.69
12513.38 62.33
12741.12 62.06
12973 61.91
13209.1 61.88
13449.5 61.96
13694.28 62.14
13943.51 62.43
14197.27 62.84
14455.66 63.40
14718.74 64.11
14986.62 64.97
15259.37 65.98
15537.08 67.05
15819.85 68.13
16107.76 69.17
16400.92 70.17
16699.41 71.17
17003.33 72.17
17312.78 73.04
17627.86 73.64
17948.68 73.83
18275.34 73.48
18607.94 72.54
18946.6 71.04
19291.42 69.16
19642.52 67.10
20000 64.98
