20 76.69
20.36 76.73
20.73 76.78
21.11 76.83
21.5 76.87
21.89 76.92
22.29 76.96
22.69 77.01
23.1 77.05
23.52 77.10
23.95 77.14
24.39 77.18
24.83 77.22
25.28 77.27
25.74 77.31
26.21 77.35
26.69 77.39
27.18 77.43
27.67 77.46
28.17 77.50
28.69 77.54
29.21 77.57
29.74 77.60
30.28 77.64
30.83 77.67
31.39 77.70
31.97 77.73
32.55 77.75
33.14 77.78
33.74 77.80
34.36 77.83
34.98 77.85
35.62 77.87
36.27 77.89
36.93 77.91
37.6 77.93
38.28 77.94
38.98 77.96
39.69 77.98
40.41 77.99
41.15 78.01
41.9 78.02
42.66 78.04
43.44 78.05
44.23 78.06
45.03 78.08
45.85 78.09
46.68 78.11
47.53 78.12
48.4 78.13
49.28 78.15
50.18 78.16
51.09 78.17
52.02 78.19
52.97 78.20
53.93 78.22
54.91 78.23
55.91 78.25
56.93 78.26
57.97 78.28
59.02 78.30
60.09 78.31
61.19 78.33
62.3 78.34
63.44 78.36
64.59 78.37
65.77 78.39
66.96 78.40
68.18 78.41
69.42 78.42
70.69 78.42
71.97 78.43
73.28 78.43
74.62 78.43
75.97 78.43
77.36 78.43
78.76 78.43
80.2 78.43
81.66 78.43
83.14 78.44
84.66 78.44
86.2 78.46
87.77 78.47
89.36 78.49
90.99 78.50
92.65 78.52
94.33 78.54
96.05 78.55
97.8 78.57
99.58 78.58
101.39 78.58
103.23 78.59
105.11 78.60
107.03 78.60
108.97 78.60
110.96 78.60
112.98 78.60
115.03 78.60
117.13 78.60
119.26 78.60
121.43 78.59
123.64 78.59
125.89 78.58
128.18 78.57
130.51 78.57
132.89 78.56
135.31 78.56
137.77 78.56
140.28 78.56
142.83 78.56
145.43 78.56
148.07 78.56
150.77 78.57
153.51 78.57
156.31 78.58
159.15 78.58
162.05 78.58
165 78.58
168 78.57
171.06 78.57
174.17 78.56
177.34 78.55
180.57 78.54
183.86 78.53
187.2 78.52
190.61 78.51
194.08 78.49
197.61 78.48
201.21 78.46
204.87 78.45
208.6 78.43
212.39 78.41
216.26 78.39
220.19 78.37
224.2 78.35
228.28 78.33
232.44 78.31
236.67 78.30
240.97 78.27
245.36 78.25
249.82 78.23
254.37 78.20
259 78.18
263.71 78.15
268.51 78.12
273.4 78.10
278.38 78.07
283.44 78.04
288.6 78.00
293.85 77.97
299.2 77.94
304.65 77.91
310.19 77.87
315.84 77.84
321.59 77.81
327.44 77.77
333.4 77.73
339.47 77.69
345.64 77.65
351.93 77.61
358.34 77.56
364.86 77.52
371.5 77.47
378.26 77.43
385.15 77.38
392.16 77.33
399.29 77.28
406.56 77.23
413.96 77.18
421.49 77.14
429.16 77.09
436.97 77.04
444.93 76.98
453.02 76.93
461.27 76.88
469.66 76.82
478.21 76.77
486.91 76.71
495.78 76.65
504.8 76.59
513.99 76.53
523.34 76.47
532.87 76.41
542.56 76.35
552.44 76.29
562.49 76.23
572.73 76.17
583.15 76.11
593.77 76.05
604.57 75.98
615.57 75.92
626.78 75.85
638.18 75.79
649.8 75.72
661.63 75.65
673.67 75.58
685.93 75.52
698.41 75.45
711.12 75.39
724.06 75.32
737.24 75.26
750.66 75.20
764.32 75.14
778.23 75.09
792.39 75.04
806.82 75.00
821.5 74.96
836.45 74.93
851.67 74.89
867.17 74.87
882.96 74.85
899.02 74.83
915.39 74.83
932.05 74.84
949.01 74.86
966.28 74.89
983.87 74.94
1001.77 75.01
1020 75.09
1038.57 75.19
1057.47 75.31
1076.71 75.44
1096.31 75.59
1116.26 75.74
1136.58 75.91
1157.26 76.09
1178.32 76.27
1199.77 76.46
1221.6 76.64
1243.84 76.82
1266.47 76.99
1289.52 77.15
1312.99 77.31
1336.89 77.46
1361.22 77.60
1385.99 77.73
1411.22 77.86
1436.9 77.98
1463.05 78.10
1489.68 78.22
1516.79 78.35
1544.4 78.47
1572.5 78.61
1601.12 78.74
1630.26 78.89
1659.93 79.04
1690.14 79.20
1720.9 79.37
1752.22 79.55
1784.11 79.75
1816.58 79.95
1849.64 80.18
1883.3 80.43
1917.58 80.69
1952.48 80.96
1988.01 81.24
2024.19 81.53
2061.03 81.82
2098.54 82.10
2136.73 82.36
2175.62 82.60
2215.22 82.80
2255.53 82.93
2296.58 83.00
2338.38 82.97
2380.94 82.86
2424.27 82.65
2468.39 82.35
2513.31 81.96
2559.05 81.49
2605.63 80.97
2653.05 80.40
2701.33 79.81
2750.5 79.19
2800.55 78.58
2851.52 77.97
2903.42 77.39
2956.26 76.83
3010.06 76.29
3064.85 75.78
3120.62 75.31
3177.42 74.87
3235.25 74.49
3294.13 74.16
3354.08 73.90
3415.12 73.70
3477.27 73.59
3540.56 73.56
3605 73.62
3670.6 73.78
3737.41 74.03
3805.43 74.35
3874.68 74.72
3945.2 75.12
4017 75.52
4090.11 75.88
4164.55 76.18
4240.34 76.41
4317.51 76.56
4396.09 76.62
4476.1 76.62
4557.56 76.58
4640.5 76.52
4724.96 76.48
4810.95 76.49
4898.51 76.56
4987.66 76.72
5078.43 77.00
5170.86 77.40
5264.97 77.95
5360.79 78.64
5458.35 79.45
5557.69 80.33
5658.84 81.22
5761.82 82.01
5866.69 82.62
5973.46 82.95
6082.17 82.98
6192.87 82.68
6305.57 82.13
6420.33 81.42
6537.18 80.64
6656.15 79.89
6777.29 79.28
6900.63 78.86
7026.22 78.67
7154.1 78.71
7284.3 78.95
7416.87 79.29
7551.85 79.62
7689.29 79.77
7829.23 79.57
7971.72 78.91
8116.8 77.76
8264.53 76.16
8414.94 74.24
8568.09 72.19
8724.02 70.17
8882.79 68.30
9044.46 66.67
9209.06 65.36
9376.66 64.38
9547.31 63.77
9721.07 63.54
9897.99 63.69
10078.13 64.19
10261.55 65.00
10448.3 66.02
10638.45 67.15
10832.07 68.30
11029.21 69.38
11229.94 70.33
11434.32 71.15
11642.41 71.85
11854.3 72.48
12070.04 73.10
12289.71 73.71
12513.38 74.31
12741.12 74.86
12973 75.31
13209.1 75.58
13449.5 75.65
13694.28 75.50
13943.51 75.16
14197.27 74.69
14455.66 74.15
14718.74 73.65
14986.62 73.22
15259.37 72.88
15537.08 72.61
15819.85 72.41
16107.76 72.25
16400.92 72.16
16699.41 72.11
17003.33 71.98
17312.78 71.65
17627.86 71.03
17948.68 70.14
18275.34 69.09
18607.94 68.02
18946.6 67.04
19291.42 66.18
19642.52 65.41
20000 64.68
