20 79.83
20.36 79.83
20.73 79.83
21.11 79.82
21.5 79.81
21.89 79.81
22.29 79.80
22.69 79.80
23.1 79.79
23.52 79.78
23.95 79.77
24.39 79.77
24.83 79.76
25.28 79.75
25.74 79.73
26.21 79.72
26.69 79.71
27.18 79.69
27.67 79.68
28.17 79.66
28.69 79.64
29.21 79.63
29.74 79.61
30.28 79.58
30.83 79.56
31.39 79.54
31.97 79.51
32.55 79.48
33.14 79.45
33.74 79.42
34.36 79.39
34.98 79.35
35.62 79.32
36.27 79.28
36.93 79.24
37.6 79.20
38.28 79.16
38.98 79.11
39.69 79.07
40.41 79.02
41.15 78.98
41.9 78.93
42.66 78.88
43.44 78.83
44.23 78.78
45.03 78.72
45.85 78.67
46.68 78.61
47.53 78.56
48.4 78.50
49.28 78.44
50.18 78.38
51.09 78.32
52.02 78.26
52.97 78.20
53.93 78.13
54.91 78.06
55.91 78.00
56.93 77.93
57.97 77.85
59.02 77.78
60.09 77.70
61.19 77.63
62.3 77.55
63.44 77.47
64.59 77.39
65.77 77.30
66.96 77.22
68.18 77.14
69.42 77.05
70.69 76.97
71.97 76.88
73.28 76.79
74.62 76.71
75.97 76.62
77.36 76.53
78.76 76.44
80.2 76.36
81.66 76.27
83.14 76.17
84.66 76.08
86.2 75.99
87.77 75.90
89.36 75.80
90.99 75.71
92.65 75.61
94.33 75.51
96.05 75.41
97.8 75.31
99.58 75.20
101.39 75.10
103.23 74.99
105.11 74.88
107.03 74.77
108.97 74.67
110.96 74.56
112.98 74.45
115.03 74.35
117.13 74.24
119.26 74.14
121.43 74.03
123.64 73.93
125.89 73.82
128.18 73.71
130.51 73.60
132.89 73.49
135.31 73.38
137.77 73.27
140.28 73.16
142.83 73.05
145.43 72.95
148.07 72.84
150.77 72.73
153.51 72.63
156.31 72.53
159.15 72.42
162.05 72.32
165 72.22
168 72.13
171.06 72.03
174.17 71.94
177.34 71.84
180.57 71.75
183.86 71.66
187.2 71.56
190.61 71.47
194.08 71.38
197.61 71.29
201.21 71.20
204.87 71.11
208.6 71.02
212.39 70.94
216.26 70.86
220.19 70.78
224.2 70.71
228.28 70.63
232.44 70.56
236.67 70.48
240.97 70.41
245.36 70.33
249.82 70.26
254.37 70.19
259 70.12
263.71 70.05
268.51 69.98
273.4 69.92
278.38 69.85
283.44 69.79
288.6 69.72
293.85 69.66
299.2 69.61
304.65 69.55
310.19 69.50
315.84 69.46
321.59 69.42
327.44 69.38
333.4 69.35
339.47 69.32
345.64 69.31
351.93 69.29
358.34 69.29
364.86 69.30
371.5 69.31
378.26 69.33
385.15 69.35
392.16 69.37
399.29 69.39
406.56 69.40
413.96 69.41
421.49 69.41
429.16 69.40
436.97 69.40
444.93 69.40
453.02 69.41
461.27 69.42
469.66 69.45
478.21 69.49
486.91 69.53
495.78 69.58
504.8 69.64
513.99 69.71
523.34 69.78
532.87 69.85
542.56 69.92
552.44 70.00
562.49 70.08
572.73 70.15
583.15 70.23
593.77 70.32
604.57 70.41
615.57 70.51
626.78 70.61
638.18 70.72
649.8 70.83
661.63 70.95
673.67 71.07
685.93 71.19
698.41 71.32
711.12 71.45
724.06 71.58
737.24 71.72
750.66 71.87
764.32 72.02
778.23 72.17
792.39 72.33
806.82 72.49
821.5 72.66
836.45 72.84
851.67 73.03
867.17 73.22
882.96 73.41
899.02 73.62
915.39 73.83
932.05 74.05
949.01 74.28
966.28 74.52
983.87 74.77
1001.77 75.03
1020 75.29
1038.57 75.57
1057.47 75.86
1076.71 76.16
1096.31 76.47
1116.26 76.76
1136.58 77.05
1157.26 77.32
1178.32 77.58
1199.77 77.82
1221.6 78.03
1243.84 78.21
1266.47 78.36
1289.52 78.47
1312.99 78.56
1336.89 78.62
1361.22 78.66
1385.99 78.69
1411.22 78.71
1436.9 78.71
1463.05 78.71
1489.68 78.71
1516.79 78.70
1544.4 78.69
1572.5 78.69
1601.12 78.69
1630.26 78.70
1659.93 78.73
1690.14 78.76
1720.9 78.80
1752.22 78.85
1784.11 78.90
1816.58 78.95
1849.64 79.00
1883.3 79.06
1917.58 79.13
1952.48 79.21
1988.01 79.31
2024.19 79.41
2061.03 79.52
2098.54 79.65
2136.73 79.79
2175.62 79.94
2215.22 80.11
2255.53 80.29
2296.58 80.49
2338.38 80.69
2380.94 80.89
2424.27 81.07
2468.39 81.24
2513.31 81.38
2559.05 81.47
2605.63 81.53
2653.05 81.52
2701.33 81.45
2750.5 81.32
2800.55 81.12
2851.52 80.86
2903.42 80.54
2956.26 80.18
3010.06 79.79
3064.85 79.39
3120.62 78.97
3177.42 78.57
3235.25 78.17
3294.13 77.79
3354.08 77.41
3415.12 77.04
3477.27 76.69
3540.56 76.34
3605 76.01
3670.6 75.70
3737.41 75.41
3805.43 75.15
3874.68 74.93
3945.2 74.76
4017 74.65
4090.11 74.61
4164.55 74.65
4240.34 74.78
4317.51 74.99
4396.09 75.24
4476.1 75.50
4557.56 75.70
4640.5 75.82
4724.96 75.78
4810.95 75.59
4898.51 75.22
4987.66 74.70
5078.43 74.06
5170.86 73.35
5264.97 72.63
5360.79 71.95
5458.35 71.39
5557.69 70.98
5658.84 70.73
5761.82 70.63
5866.69 70.59
5973.46 70.54
6082.17 70.41
6192.87 70.14
6305.57 69.75
6420.33 69.31
6537.18 68.88
6656.15 68.55
6777.29 68.40
6900.63 68.48
7026.22 68.83
7154.1 69.45
7284.3 70.31
7416.87 71.33
7551.85 72.41
7689.29 73.41
7829.23 74.16
7971.72 74.52
8116.8 74.34
8264.53 73.61
8414.94 72.39
8568.09 70.88
8724.02 69.26
8882.79 67.70
9044.46 66.30
9209.06 65.11
9376.66 64.16
9547.31 63.43
9721.07 62.88
9897.99 62.46
10078.13 62.14
10261.55 61.87
10448.3 61.59
10638.45 61.26
10832.07 60.83
11029.21 60.26
11229.94 59.52
11434.32 58.63
11642.41 57.65
11854.3 56.67
12070.04 55.81
12289.71 55.15
12513.38 54.76
12741.12 54.64
12973 54.77
13209.1 55.08
13449.5 55.53
13694.28 56.09
13943.51 56.74
14197.27 57.50
14455.66 58.40
14718.74 59.44
14986.62 60.64
15259.37 61.96
15537.08 63.35
15819.85 64.74
16107.76 66.03
16400.92 67.15
16699.41 68.07
17003.33 68.75
17312.78 69.15
17627.86 69.23
17948.68 68.94
18275.34 68.29
18607.94 67.32
18946.6 66.09
19291.42 64.70
19642.52 63.23
20000 61.73
