20 86.93
20.36 86.96
20.73 86.99
21.11 87.02
21.5 87.04
21.89 87.07
22.29 87.10
22.69 87.13
23.1 87.15
23.52 87.18
23.95 87.20
24.39 87.23
24.83 87.25
25.28 87.27
25.74 87.29
26.21 87.31
26.69 87.32
27.18 87.34
27.67 87.35
28.17 87.36
28.69 87.38
29.21 87.38
29.74 87.39
30.28 87.39
30.83 87.39
31.39 87.39
31.97 87.39
32.55 87.39
33.14 87.38
33.74 87.37
34.36 87.35
34.98 87.34
35.62 87.32
36.27 87.30
36.93 87.28
37.6 87.25
38.28 87.23
38.98 87.20
39.69 87.17
40.41 87.14
41.15 87.10
41.9 87.07
42.66 87.03
43.44 86.99
44.23 86.95
45.03 86.91
45.85 86.86
46.68 86.82
47.53 86.77
48.4 86.72
49.28 86.68
50.18 86.63
51.09 86.58
52.02 86.53
52.97 86.47
53.93 86.42
54.91 86.37
55.91 86.31
56.93 86.26
57.97 86.21
59.02 86.15
60.09 86.10
61.19 86.05
62.3 85.99
63.44 85.94
64.59 85.88
65.77 85.83
66.96 85.77
68.18 85.71
69.42 85.65
70.69 85.59
71.97 85.53
73.28 85.47
74.62 85.41
75.97 85.35
77.36 85.28
78.76 85.22
80.2 85.15
81.66 85.08
83.14 85.00
84.66 84.93
86.2 84.85
87.77 84.78
89.36 84.69
90.99 84.61
92.65 84.53
94.33 84.44
96.05 84.36
97.8 84.27
99.58 84.18
101.39 84.08
103.23 83.99
105.11 83.90
107.03 83.81
108.97 83.72
110.96 83.63
112.98 83.55
115.03 83.46
117.13 83.38
119.26 83.30
121.43 83.21
123.64 83.13
125.89 83.04
128.18 82.96
130.51 82.87
132.89 82.78
135.31 82.69
137.77 82.60
140.28 82.50
142.83 82.41
145.43 82.32
148.07 82.22
150.77 82.13
153.51 82.03
156.31 81.94
159.15 81.84
162.05 81.74
165 81.65
168 81.55
171.06 81.45
174.17 81.36
177.34 81.27
180.57 81.17
183.86 81.08
187.2 80.99
190.61 80.90
194.08 80.81
197.61 80.72
201.21 80.62
204.87 80.53
208.6 80.44
212.39 80.35
216.26 80.26
220.19 80.17
224.2 80.08
228.28 79.99
232.44 79.90
236.67 79.81
240.97 79.72
245.36 79.63
249.82 79.55
254.37 79.46
259 79.37
263.71 79.29
268.51 79.20
273.4 79.11
278.38 79.02
283.44 78.93
288.6 78.84
293.85 78.75
299.2 78.66
304.65 78.56
310.19 78.47
315.84 78.38
321.59 78.29
327.44 78.20
333.4 78.12
339.47 78.04
345.64 77.96
351.93 77.88
358.34 77.80
364.86 77.72
371.5 77.64
378.26 77.55
385.15 77.46
392.16 77.38
399.29 77.29
406.56 77.21
413.96 77.12
421.49 77.04
429.16 76.95
436.97 76.87
444.93 76.79
453.02 76.71
461.27 76.62
469.66 76.55
478.21 76.47
486.91 76.39
495.78 76.31
504.8 76.24
513.99 76.16
523.34 76.09
532.87 76.02
542.56 75.94
552.44 75.87
562.49 75.80
572.73 75.72
583.15 75.65
593.77 75.57
604.57 75.50
615.57 75.43
626.78 75.36
638.18 75.30
649.8 75.23
661.63 75.17
673.67 75.11
685.93 75.05
698.41 75.00
711.12 74.95
724.06 74.90
737.24 74.85
750.66 74.80
764.32 74.76
778.23 74.72
792.39 74.68
806.82 74.65
821.5 74.62
836.45 74.60
851.67 74.59
867.17 74.59
882.96 74.60
899.02 74.62
915.39 74.65
932.05 74.69
949.01 74.75
966.28 74.82
983.87 74.91
1001.77 75.01
1020 75.14
1038.57 75.28
1057.47 75.46
1076.71 75.65
1096.31 75.87
1116.26 76.10
1136.58 76.34
1157.26 76.60
1178.32 76.86
1199.77 77.13
1221.6 77.40
1243.84 77.66
1266.47 77.91
1289.52 78.15
1312.99 78.36
1336.89 78.55
1361.22 78.69
1385.99 78.79
1411.22 78.87
1436.9 78.95
1463.05 79.07
1489.68 79.23
1516.79 79.45
1544.4 79.71
1572.5 80.01
1601.12 80.33
1630.26 80.67
1659.93 81.03
1690.14 81.41
1720.9 81.79
1752.22 82.18
1784.11 82.59
1816.58 83.02
1849.64 83.47
1883.3 83.92
1917.58 84.38
1952.48 84.82
1988.01 85.22
2024.19 85.56
2061.03 85.83
2098.54 86.01
2136.73 86.09
2175.62 86.06
2215.22 85.91
2255.53 85.66
2296.58 85.31
2338.38 84.88
2380.94 84.39
2424.27 83.86
2468.39 83.32
2513.31 82.78
2559.05 82.25
2605.63 81.73
2653.05 81.24
2701.33 80.77
2750.5 80.33
2800.55 79.90
2851.52 79.51
2903.42 79.15
2956.26 78.82
3010.06 78.53
3064.85 78.25
3120.62 78.01
3177.42 77.80
3235.25 77.62
3294.13 77.46
3354.08 77.34
3415.12 77.24
3477.27 77.17
3540.56 77.13
3605 77.12
3670.6 77.15
3737.41 77.21
3805.43 77.32
3874.68 77.47
3945.2 77.68
4017 77.94
4090.11 78.26
4164.55 78.66
4240.34 79.12
4317.51 79.64
4396.09 80.22
4476.1 80.83
4557.56 81.43
4640.5 81.98
4724.96 82.43
4810.95 82.75
4898.51 82.89
4987.66 82.81
5078.43 82.51
5170.86 82.01
5264.97 81.35
5360.79 80.58
5458.35 79.75
5557.69 78.91
5658.84 78.11
5761.82 77.38
5866.69 76.74
5973.46 76.19
6082.17 75.74
6192.87 75.40
6305.57 75.18
6420.33 75.10
6537.18 75.17
6656.15 75.41
6777.29 75.86
6900.63 76.52
7026.22 77.40
7154.1 78.48
7284.3 79.68
7416.87 80.89
7551.85 81.93
7689.29 82.60
7829.23 82.75
7971.72 82.31
8116.8 81.38
8264.53 80.13
8414.94 78.76
8568.09 77.45
8724.02 76.33
8882.79 75.39
9044.46 74.60
9209.06 73.83
9376.66 72.96
9547.31 71.86
9721.07 70.44
9897.99 68.69
10078.13 66.67
10261.55 64.55
10448.3 62.51
10638.45 60.74
10832.07 59.33
11029.21 58.36
11229.94 57.83
11434.32 57.71
11642.41 57.97
11854.3 58.53
12070.04 59.31
12289.71 60.22
12513.38 61.14
12741.12 61.99
12973 62.72
13209.1 63.28
13449.5 63.69
13694.28 63.93
13943.51 64.00
14197.27 63.87
14455.66 63.51
14718.74 62.93
14986.62 62.14
15259.37 61.25
15537.08 60.39
15819.85 59.68
16107.76 59.26
16400.92 59.17
16699.41 59.41
17003.33 59.93
17312.78 60.58
17627.86 61.17
17948.68 61.51
18275.34 61.47
18607.94 61.02
18946.6 60.23
19291.42 59.19
19642.52 58.02
20000 56.82
