20 79.41
20.36 79.47
20.73 79.53
21.11 79.59
21.5 79.64
21.89 79.70
22.29 79.76
22.69 79.82
23.1 79.87
23.52 79.93
23.95 79.98
24.39 80.03
24.83 80.09
25.28 80.14
25.74 80.19
26.21 80.24
26.69 80.28
27.18 80.33
27.67 80.37
28.17 80.42
28.69 80.46
29.21 80.50
29.74 80.53
30.28 80.57
30.83 80.60
31.39 80.63
31.97 80.66
32.55 80.69
33.14 80.71
33.74 80.73
34.36 80.75
34.98 80.77
35.62 80.78
36.27 80.80
36.93 80.81
37.6 80.82
38.28 80.83
38.98 80.84
39.69 80.85
40.41 80.86
41.15 80.87
41.9 80.88
42.66 80.89
43.44 80.90
44.23 80.91
45.03 80.92
45.85 80.93
46.68 80.95
47.53 80.96
48.4 80.97
49.28 80.99
50.18 81.00
51.09 81.01
52.02 81.03
52.97 81.04
53.93 81.05
54.91 81.06
55.91 81.06
56.93 81.07
57.97 81.07
59.02 81.07
60.09 81.07
61.19 81.07
62.3 81.06
63.44 81.06
64.59 81.05
65.77 81.05
66.96 81.04
68.18 81.03
69.42 81.03
70.69 81.02
71.97 81.02
73.28 81.02
74.62 81.02
75.97 81.02
77.36 81.02
78.76 81.02
80.2 81.02
81.66 81.02
83.14 81.02
84.66 81.02
86.2 81.01
87.77 81.00
89.36 80.99
90.99 80.97
92.65 80.96
94.33 80.94
96.05 80.93
97.8 80.91
99.58 80.90
101.39 80.88
103.23 80.87
105.11 80.86
107.03 80.85
108.97 80.84
110.96 80.83
112.98 80.82
115.03 80.81
117.13 80.81
119.26 80.80
121.43 80.78
123.64 80.77
125.89 80.75
128.18 80.72
130.51 80.69
132.89 80.66
135.31 80.62
137.77 80.59
140.28 80.56
142.83 80.52
145.43 80.49
148.07 80.47
150.77 80.44
153.51 80.42
156.31 80.40
159.15 80.38
162.05 80.36
165 80.34
168 80.32
171.06 80.30
174.17 80.29
177.34 80.27
180.57 80.25
183.86 80.23
187.2 80.22
190.61 80.20
194.08 80.17
197.61 80.15
201.21 80.12
204.87 80.08
208.6 80.04
212.39 80.00
216.26 79.96
220.19 79.92
224.2 79.87
228.28 79.83
232.44 79.79
236.67 79.74
240.97 79.70
245.36 79.65
249.82 79.61
254.37 79.56
259 79.52
263.71 79.47
268.51 79.43
273.4 79.38
278.38 79.34
283.44 79.29
288.6 79.24
293.85 79.19
299.2 79.15
304.65 79.10
310.19 79.06
315.84 79.01
321.59 78.96
327.44 78.91
333.4 78.86
339.47 78.81
345.64 78.75
351.93 78.69
358.34 78.63
364.86 78.57
371.5 78.51
378.26 78.45
385.15 78.38
392.16 78.32
399.29 78.26
406.56 78.20
413.96 78.14
421.49 78.07
429.16 78.01
436.97 77.94
444.93 77.87
453.02 77.80
461.27 77.73
469.66 77.65
478.21 77.58
486.91 77.51
495.78 77.44
504.8 77.37
513.99 77.30
523.34 77.22
532.87 77.15
542.56 77.07
552.44 77.00
562.49 76.92
572.73 76.84
583.15 76.76
593.77 76.67
604.57 76.58
615.57 76.50
626.78 76.41
638.18 76.33
649.8 76.25
661.63 76.17
673.67 76.08
685.93 76.00
698.41 75.92
711.12 75.83
724.06 75.75
737.24 75.66
750.66 75.58
764.32 75.50
778.23 75.43
792.39 75.35
806.82 75.28
821.5 75.22
836.45 75.15
851.67 75.09
867.17 75.04
882.96 74.99
899.02 74.95
915.39 74.92
932.05 74.91
949.01 74.91
966.28 74.92
983.87 74.95
1001.77 75.00
1020 75.07
1038.57 75.16
1057.47 75.26
1076.71 75.38
1096.31 75.52
1116.26 75.66
1136.58 75.81
1157.26 75.98
1178.32 76.15
1199.77 76.32
1221.6 76.49
1243.84 76.66
1266.47 76.83
1289.52 76.99
1312.99 77.14
1336.89 77.29
1361.22 77.43
1385.99 77.57
1411.22 77.71
1436.9 77.84
1463.05 77.98
1489.68 78.12
1516.79 78.27
1544.4 78.41
1572.5 78.56
1601.12 78.72
1630.26 78.89
1659.93 79.06
1690.14 79.24
1720.9 79.42
1752.22 79.60
1784.11 79.78
1816.58 79.96
1849.64 80.14
1883.3 80.31
1917.58 80.46
1952.48 80.59
1988.01 80.70
2024.19 80.77
2061.03 80.81
2098.54 80.81
2136.73 80.78
2175.62 80.72
2215.22 80.62
2255.53 80.49
2296.58 80.34
2338.38 80.16
2380.94 79.97
2424.27 79.77
2468.39 79.56
2513.31 79.35
2559.05 79.15
2605.63 78.96
2653.05 78.78
2701.33 78.61
2750.5 78.46
2800.55 78.32
2851.52 78.20
2903.42 78.10
2956.26 78.02
3010.06 77.95
3064.85 77.89
3120.62 77.86
3177.42 77.83
3235.25 77.82
3294.13 77.83
3354.08 77.84
3415.12 77.88
3477.27 77.92
3540.56 77.97
3605 78.03
3670.6 78.08
3737.41 78.12
3805.43 78.14
3874.68 78.14
3945.2 78.13
4017 78.14
4090.11 78.17
4164.55 78.26
4240.34 78.41
4317.51 78.61
4396.09 78.83
4476.1 79.00
4557.56 79.09
4640.5 79.05
4724.96 78.87
4810.95 78.57
4898.51 78.17
4987.66 77.73
5078.43 77.29
5170.86 76.87
5264.97 76.49
5360.79 76.18
5458.35 75.95
5557.69 75.82
5658.84 75.81
5761.82 75.96
5866.69 76.27
5973.46 76.73
6082.17 77.30
6192.87 77.92
6305.57 78.48
6420.33 78.92
6537.18 79.18
6656.15 79.25
6777.29 79.16
6900.63 78.93
7026.22 78.57
7154.1 78.09
7284.3 77.53
7416.87 76.92
7551.85 76.33
7689.29 75.81
7829.23 75.42
7971.72 75.17
8116.8 75.08
8264.53 75.15
8414.94 75.36
8568.09 75.68
8724.02 76.10
8882.79 76.58
9044.46 77.07
9209.06 77.48
9376.66 77.71
9547.31 77.69
9721.07 77.34
9897.99 76.67
10078.13 75.74
10261.55 74.63
10448.3 73.46
10638.45 72.33
10832.07 71.30
11029.21 70.43
11229.94 69.76
11434.32 69.29
11642.41 69.06
11854.3 69.05
12070.04 69.23
12289.71 69.58
12513.38 70.05
12741.12 70.56
12973 71.05
13209.1 71.48
13449.5 71.81
13694.28 72.03
13943.51 72.13
14197.27 72.13
14455.66 72.04
14718.74 71.86
14986.62 71.60
15259.37 71.27
15537.08 70.87
15819.85 70.37
16107.76 69.77
16400.92 69.06
16699.41 68.23
17003.33 67.29
17312.78 66.28
17627.86 65.22
17948.68 64.15
18275.34 63.09
18607.94 62.03
18946.6 60.96
19291.42 59.86
19642.52 58.73
20000 57.59
