20 76.33
20.36 76.37
20.73 76.41
21.11 76.45
21.5 76.49
21.89 76.53
22.29 76.57
22.69 76.61
23.1 76.65
23.52 76.69
23.95 76.72
24.39 76.76
24.83 76.80
25.28 76.83
25.74 76.87
26.21 76.90
26.69 76.94
27.18 76.97
27.67 77.00
28.17 77.03
28.69 77.06
29.21 77.09
29.74 77.11
30.28 77.14
30.83 77.16
31.39 77.19
31.97 77.21
32.55 77.23
33.14 77.25
33.74 77.26
34.36 77.28
34.98 77.29
35.62 77.31
36.27 77.32
36.93 77.33
37.6 77.34
38.28 77.35
38.98 77.36
39.69 77.37
40.41 77.37
41.15 77.38
41.9 77.39
42.66 77.40
43.44 77.40
44.23 77.41
45.03 77.42
45.85 77.43
46.68 77.44
47.53 77.44
48.4 77.45
49.28 77.46
50.18 77.47
51.09 77.48
52.02 77.48
52.97 77.49
53.93 77.50
54.91 77.51
55.91 77.51
56.93 77.52
57.97 77.53
59.02 77.53
60.09 77.53
61.19 77.54
62.3 77.54
63.44 77.54
64.59 77.54
65.77 77.54
66.96 77.54
68.18 77.54
69.42 77.54
70.69 77.53
71.97 77.53
73.28 77.53
74.62 77.52
75.97 77.52
77.36 77.51
78.76 77.50
80.2 77.50
81.66 77.49
83.14 77.49
84.66 77.48
86.2 77.47
87.77 77.47
89.36 77.46
90.99 77.46
92.65 77.45
94.33 77.45
96.05 77.44
97.8 77.44
99.58 77.43
101.39 77.43
103.23 77.42
105.11 77.42
107.03 77.42
108.97 77.42
110.96 77.42
112.98 77.43
115.03 77.43
117.13 77.44
119.26 77.44
121.43 77.45
123.64 77.45
125.89 77.45
128.18 77.44
130.51 77.44
132.89 77.43
135.31 77.42
137.77 77.41
140.28 77.40
142.83 77.39
145.43 77.38
148.07 77.38
150.77 77.37
153.51 77.37
156.31 77.37
159.15 77.37
162.05 77.37
165 77.37
168 77.38
171.06 77.38
174.17 77.38
177.34 77.38
180.57 77.38
183.86 77.38
187.2 77.39
190.61 77.38
194.08 77.38
197.61 77.38
201.21 77.37
204.87 77.37
208.6 77.36
212.39 77.34
216.26 77.33
220.19 77.31
224.2 77.29
228.28 77.26
232.44 77.24
236.67 77.22
240.97 77.19
245.36 77.17
249.82 77.16
254.37 77.15
259 77.14
263.71 77.13
268.51 77.12
273.4 77.11
278.38 77.10
283.44 77.09
288.6 77.08
293.85 77.07
299.2 77.05
304.65 77.03
310.19 77.01
315.84 76.99
321.59 76.97
327.44 76.94
333.4 76.91
339.47 76.88
345.64 76.86
351.93 76.83
358.34 76.80
364.86 76.77
371.5 76.74
378.26 76.71
385.15 76.69
392.16 76.66
399.29 76.63
406.56 76.60
413.96 76.58
421.49 76.55
429.16 76.51
436.97 76.48
444.93 76.44
453.02 76.41
461.27 76.37
469.66 76.33
478.21 76.29
486.91 76.25
495.78 76.22
504.8 76.18
513.99 76.15
523.34 76.12
532.87 76.08
542.56 76.04
552.44 76.00
562.49 75.96
572.73 75.91
583.15 75.86
593.77 75.82
604.57 75.77
615.57 75.72
626.78 75.67
638.18 75.62
649.8 75.58
661.63 75.53
673.67 75.48
685.93 75.44
698.41 75.39
711.12 75.34
724.06 75.29
737.24 75.24
750.66 75.19
764.32 75.14
778.23 75.10
792.39 75.06
806.82 75.02
821.5 74.98
836.45 74.95
851.67 74.92
867.17 74.89
882.96 74.88
899.02 74.87
915.39 74.86
932.05 74.87
949.01 74.89
966.28 74.91
983.87 74.95
1001.77 75.00
1020 75.07
1038.57 75.16
1057.47 75.25
1076.71 75.36
1096.31 75.48
1116.26 75.62
1136.58 75.76
1157.26 75.90
1178.32 76.05
1199.77 76.19
1221.6 76.34
1243.84 76.47
1266.47 76.59
1289.52 76.70
1312.99 76.80
1336.89 76.89
1361.22 76.96
1385.99 77.02
1411.22 77.06
1436.9 77.08
1463.05 77.08
1489.68 77.08
1516.79 77.06
1544.4 77.03
1572.5 76.99
1601.12 76.94
1630.26 76.88
1659.93 76.82
1690.14 76.76
1720.9 76.69
1752.22 76.61
1784.11 76.54
1816.58 76.46
1849.64 76.37
1883.3 76.28
1917.58 76.18
1952.48 76.08
1988.01 75.97
2024.19 75.87
2061.03 75.76
2098.54 75.66
2136.73 75.55
2175.62 75.45
2215.22 75.35
2255.53 75.25
2296.58 75.16
2338.38 75.08
2380.94 75.00
2424.27 74.93
2468.39 74.87
2513.31 74.82
2559.05 74.78
2605.63 74.75
2653.05 74.73
2701.33 74.73
2750.5 74.75
2800.55 74.78
2851.52 74.83
2903.42 74.90
2956.26 74.99
3010.06 75.09
3064.85 75.22
3120.62 75.35
3177.42 75.49
3235.25 75.63
3294.13 75.77
3354.08 75.88
3415.12 75.95
3477.27 75.96
3540.56 75.90
3605 75.75
3670.6 75.50
3737.41 75.18
3805.43 74.79
3874.68 74.37
3945.2 73.96
4017 73.59
4090.11 73.32
4164.55 73.16
4240.34 73.10
4317.51 73.12
4396.09 73.17
4476.1 73.20
4557.56 73.15
4640.5 73.00
4724.96 72.72
4810.95 72.35
4898.51 71.89
4987.66 71.40
5078.43 70.90
5170.86 70.42
5264.97 69.97
5360.79 69.56
5458.35 69.21
5557.69 68.93
5658.84 68.72
5761.82 68.58
5866.69 68.53
5973.46 68.55
6082.17 68.66
6192.87 68.85
6305.57 69.14
6420.33 69.52
6537.18 70.02
6656.15 70.64
6777.29 71.39
6900.63 72.27
7026.22 73.26
7154.1 74.34
7284.3 75.48
7416.87 76.62
7551.85 77.68
7689.29 78.59
7829.23 79.28
7971.72 79.70
8116.8 79.86
8264.53 79.78
8414.94 79.52
8568.09 79.16
8724.02 78.76
8882.79 78.36
9044.46 78.00
9209.06 77.68
9376.66 77.40
9547.31 77.12
9721.07 76.81
9897.99 76.40
10078.13 75.84
10261.55 75.12
10448.3 74.24
10638.45 73.25
10832.07 72.20
11029.21 71.15
11229.94 70.16
11434.32 69.31
11642.41 68.64
11854.3 68.22
12070.04 68.05
12289.71 68.14
12513.38 68.46
12741.12 68.95
12973 69.53
13209.1 70.11
13449.5 70.60
13694.28 70.91
13943.51 70.96
14197.27 70.72
14455.66 70.17
14718.74 69.34
14986.62 68.30
15259.37 67.14
15537.08 65.98
15819.85 64.92
16107.76 64.03
16400.92 63.37
16699.41 62.96
17003.33 62.80
17312.78 62.88
17627.86 63.13
17948.68 63.46
18275.34 63.69
18607.94 63.68
18946.6 63.32
19291.42 62.64
19642.52 61.74
20000 60.77
