20 78.61
20.36 78.64
20.73 78.68
21.11 78.71
21.5 78.74
21.89 78.78
22.29 78.81
22.69 78.84
23.1 78.87
23.52 78.90
23.95 78.93
24.39 78.96
24.83 78.99
25.28 79.02
25.74 79.04
26.21 79.06
26.69 79.09
27.18 79.11
27.67 79.13
28.17 79.14
28.69 79.16
29.21 79.17
29.74 79.18
30.28 79.19
30.83 79.20
31.39 79.20
31.97 79.21
32.55 79.21
33.14 79.20
33.74 79.20
34.36 79.19
34.98 79.19
35.62 79.17
36.27 79.16
36.93 79.15
37.6 79.13
38.28 79.12
38.98 79.10
39.69 79.08
40.41 79.07
41.15 79.05
41.9 79.03
42.66 79.02
43.44 79.00
44.23 78.98
45.03 78.97
45.85 78.95
46.68 78.94
47.53 78.93
48.4 78.91
49.28 78.90
50.18 78.89
51.09 78.88
52.02 78.87
52.97 78.86
53.93 78.85
54.91 78.84
55.91 78.83
56.93 78.83
57.97 78.82
59.02 78.81
60.09 78.80
61.19 78.78
62.3 78.77
63.44 78.76
64.59 78.75
65.77 78.74
66.96 78.72
68.18 78.71
69.42 78.70
70.69 78.68
71.97 78.67
73.28 78.66
74.62 78.64
75.97 78.62
77.36 78.61
78.76 78.59
80.2 78.57
81.66 78.55
83.14 78.52
84.66 78.50
86.2 78.47
87.77 78.44
89.36 78.41
90.99 78.38
92.65 78.34
94.33 78.31
96.05 78.28
97.8 78.25
99.58 78.22
101.39 78.19
103.23 78.16
105.11 78.14
107.03 78.11
108.97 78.08
110.96 78.05
112.98 78.03
115.03 78.00
117.13 77.98
119.26 77.95
121.43 77.93
123.64 77.90
125.89 77.88
128.18 77.86
130.51 77.83
132.89 77.81
135.31 77.79
137.77 77.76
140.28 77.73
142.83 77.70
145.43 77.67
148.07 77.64
150.77 77.62
153.51 77.59
156.31 77.56
159.15 77.53
162.05 77.51
165 77.49
168 77.46
171.06 77.44
174.17 77.42
177.34 77.41
180.57 77.39
183.86 77.38
187.2 77.36
190.61 77.34
194.08 77.32
197.61 77.29
201.21 77.26
204.87 77.22
208.6 77.19
212.39 77.15
216.26 77.11
220.19 77.08
224.2 77.05
228.28 77.02
232.44 76.99
236.67 76.96
240.97 76.93
245.36 76.89
249.82 76.86
254.37 76.83
259 76.80
263.71 76.77
268.51 76.74
273.4 76.71
278.38 76.68
283.44 76.65
288.6 76.62
293.85 76.59
299.2 76.56
304.65 76.53
310.19 76.50
315.84 76.48
321.59 76.45
327.44 76.42
333.4 76.39
339.47 76.35
345.64 76.32
351.93 76.28
358.34 76.25
364.86 76.21
371.5 76.18
378.26 76.14
385.15 76.11
392.16 76.09
399.29 76.06
406.56 76.04
413.96 76.01
421.49 75.99
429.16 75.96
436.97 75.94
444.93 75.91
453.02 75.88
461.27 75.86
469.66 75.83
478.21 75.80
486.91 75.77
495.78 75.74
504.8 75.72
513.99 75.69
523.34 75.67
532.87 75.64
542.56 75.62
552.44 75.60
562.49 75.58
572.73 75.57
583.15 75.55
593.77 75.54
604.57 75.53
615.57 75.51
626.78 75.49
638.18 75.47
649.8 75.44
661.63 75.40
673.67 75.37
685.93 75.34
698.41 75.32
711.12 75.29
724.06 75.27
737.24 75.25
750.66 75.23
764.32 75.20
778.23 75.18
792.39 75.16
806.82 75.14
821.5 75.11
836.45 75.08
851.67 75.06
867.17 75.02
882.96 74.99
899.02 74.96
915.39 74.93
932.05 74.92
949.01 74.91
966.28 74.93
983.87 74.96
1001.77 75.00
1020 75.07
1038.57 75.17
1057.47 75.28
1076.71 75.42
1096.31 75.59
1116.26 75.77
1136.58 75.98
1157.26 76.21
1178.32 76.46
1199.77 76.73
1221.6 77.01
1243.84 77.30
1266.47 77.59
1289.52 77.89
1312.99 78.18
1336.89 78.47
1361.22 78.75
1385.99 79.03
1411.22 79.30
1436.9 79.57
1463.05 79.84
1489.68 80.11
1516.79 80.38
1544.4 80.65
1572.5 80.92
1601.12 81.21
1630.26 81.50
1659.93 81.81
1690.14 82.11
1720.9 82.41
1752.22 82.67
1784.11 82.90
1816.58 83.09
1849.64 83.22
1883.3 83.29
1917.58 83.28
1952.48 83.18
1988.01 83.00
2024.19 82.75
2061.03 82.44
2098.54 82.08
2136.73 81.68
2175.62 81.25
2215.22 80.82
2255.53 80.39
2296.58 79.95
2338.38 79.52
2380.94 79.11
2424.27 78.72
2468.39 78.36
2513.31 78.03
2559.05 77.75
2605.63 77.50
2653.05 77.28
2701.33 77.12
2750.5 77.01
2800.55 76.96
2851.52 76.98
2903.42 77.07
2956.26 77.24
3010.06 77.49
3064.85 77.82
3120.62 78.21
3177.42 78.64
3235.25 79.07
3294.13 79.44
3354.08 79.70
3415.12 79.77
3477.27 79.59
3540.56 79.14
3605 78.42
3670.6 77.46
3737.41 76.33
3805.43 75.11
3874.68 73.90
3945.2 72.80
4017 71.89
4090.11 71.24
4164.55 70.88
4240.34 70.80
4317.51 70.99
4396.09 71.40
4476.1 71.94
4557.56 72.53
4640.5 73.07
4724.96 73.49
4810.95 73.75
4898.51 73.81
4987.66 73.71
5078.43 73.48
5170.86 73.17
5264.97 72.84
5360.79 72.55
5458.35 72.34
5557.69 72.24
5658.84 72.27
5761.82 72.45
5866.69 72.79
5973.46 73.27
6082.17 73.86
6192.87 74.50
6305.57 75.10
6420.33 75.58
6537.18 75.85
6656.15 75.86
6777.29 75.60
6900.63 75.15
7026.22 74.63
7154.1 74.20
7284.3 73.99
7416.87 74.05
7551.85 74.36
7689.29 74.83
7829.23 75.31
7971.72 75.64
8116.8 75.74
8264.53 75.55
8414.94 75.14
8568.09 74.60
8724.02 74.08
8882.79 73.72
9044.46 73.60
9209.06 73.74
9376.66 74.11
9547.31 74.57
9721.07 75.02
9897.99 75.32
10078.13 75.40
10261.55 75.19
10448.3 74.67
10638.45 73.83
10832.07 72.73
11029.21 71.45
11229.94 70.12
11434.32 68.86
11642.41 67.82
11854.3 67.05
12070.04 66.60
12289.71 66.44
12513.38 66.54
12741.12 66.85
12973 67.31
13209.1 67.85
13449.5 68.42
13694.28 68.94
13943.51 69.38
14197.27 69.64
14455.66 69.68
14718.74 69.41
14986.62 68.79
15259.37 67.83
15537.08 66.61
15819.85 65.25
16107.76 63.91
16400.92 62.73
16699.41 61.81
17003.33 61.17
17312.78 60.85
17627.86 60.82
17948.68 61.04
18275.34 61.44
18607.94 61.92
18946.6 62.40
19291.42 62.81
19642.52 63.16
20000 63.47
