20 75.96
20.36 76.02
20.73 76.09
21.11 76.15
21.5 76.22
21.89 76.28
22.29 76.34
22.69 76.40
23.1 76.47
23.52 76.53
23.95 76.58
24.39 76.64
24.83 76.70
25.28 76.76
25.74 76.82
26.21 76.87
26.69 76.92
27.18 76.98
27.67 77.03
28.17 77.08
28.69 77.12
29.21 77.17
29.74 77.21
30.28 77.25
30.83 77.29
31.39 77.33
31.97 77.37
32.55 77.40
33.14 77.43
33.74 77.46
34.36 77.49
34.98 77.52
35.62 77.54
36.27 77.56
36.93 77.59
37.6 77.61
38.28 77.63
38.98 77.64
39.69 77.66
40.41 77.68
41.15 77.70
41.9 77.72
42.66 77.73
43.44 77.75
44.23 77.77
45.03 77.78
45.85 77.80
46.68 77.82
47.53 77.84
48.4 77.86
49.28 77.88
50.18 77.90
51.09 77.92
52.02 77.94
52.97 77.95
53.93 77.97
54.91 77.98
55.91 78.00
56.93 78.01
57.97 78.02
59.02 78.02
60.09 78.03
61.19 78.03
62.3 78.03
63.44 78.03
64.59 78.02
65.77 78.02
66.96 78.02
68.18 78.01
69.42 78.01
70.69 78.01
71.97 78.01
73.28 78.01
74.62 78.01
75.97 78.01
77.36 78.01
78.76 78.02
80.2 78.02
81.66 78.02
83.14 78.02
84.66 78.02
86.2 78.01
87.77 78.01
89.36 78.00
90.99 77.99
92.65 77.98
94.33 77.97
96.05 77.96
97.8 77.95
99.58 77.94
101.39 77.94
103.23 77.93
105.11 77.92
107.03 77.92
108.97 77.91
110.96 77.91
112.98 77.91
115.03 77.91
117.13 77.91
119.26 77.92
121.43 77.92
123.64 77.91
125.89 77.91
128.18 77.91
130.51 77.90
132.89 77.89
135.31 77.88
137.77 77.87
140.28 77.86
142.83 77.84
145.43 77.83
148.07 77.82
150.77 77.81
153.51 77.80
156.31 77.79
159.15 77.78
162.05 77.77
165 77.75
168 77.74
171.06 77.73
174.17 77.72
177.34 77.70
180.57 77.69
183.86 77.68
187.2 77.67
190.61 77.66
194.08 77.64
197.61 77.63
201.21 77.61
204.87 77.59
208.6 77.56
212.39 77.54
216.26 77.51
220.19 77.48
224.2 77.44
228.28 77.41
232.44 77.37
236.67 77.34
240.97 77.31
245.36 77.28
249.82 77.25
254.37 77.22
259 77.19
263.71 77.16
268.51 77.13
273.4 77.10
278.38 77.07
283.44 77.04
288.6 77.01
293.85 76.98
299.2 76.94
304.65 76.91
310.19 76.87
315.84 76.83
321.59 76.78
327.44 76.74
333.4 76.70
339.47 76.65
345.64 76.60
351.93 76.56
358.34 76.51
364.86 76.46
371.5 76.41
378.26 76.36
385.15 76.32
392.16 76.27
399.29 76.22
406.56 76.18
413.96 76.13
421.49 76.08
429.16 76.03
436.97 75.97
444.93 75.92
453.02 75.86
461.27 75.80
469.66 75.75
478.21 75.69
486.91 75.63
495.78 75.58
504.8 75.52
513.99 75.47
523.34 75.42
532.87 75.36
542.56 75.31
552.44 75.25
562.49 75.20
572.73 75.14
583.15 75.09
593.77 75.03
604.57 74.97
615.57 74.91
626.78 74.85
638.18 74.80
649.8 74.74
661.63 74.69
673.67 74.64
685.93 74.59
698.41 74.55
711.12 74.50
724.06 74.46
737.24 74.43
750.66 74.39
764.32 74.36
778.23 74.34
792.39 74.32
806.82 74.31
821.5 74.31
836.45 74.31
851.67 74.32
867.17 74.34
882.96 74.37
899.02 74.41
915.39 74.47
932.05 74.54
949.01 74.63
966.28 74.74
983.87 74.86
1001.77 75.02
1020 75.19
1038.57 75.38
1057.47 75.60
1076.71 75.84
1096.31 76.10
1116.26 76.37
1136.58 76.66
1157.26 76.97
1178.32 77.29
1199.77 77.62
1221.6 77.96
1243.84 78.31
1266.47 78.65
1289.52 79.00
1312.99 79.35
1336.89 79.69
1361.22 80.03
1385.99 80.37
1411.22 80.69
1436.9 81.01
1463.05 81.33
1489.68 81.62
1516.79 81.90
1544.4 82.14
1572.5 82.35
1601.12 82.51
1630.26 82.62
1659.93 82.67
1690.14 82.66
1720.9 82.57
1752.22 82.42
1784.11 82.18
1816.58 81.88
1849.64 81.52
1883.3 81.11
1917.58 80.67
1952.48 80.21
1988.01 79.74
2024.19 79.28
2061.03 78.84
2098.54 78.41
2136.73 78.00
2175.62 77.61
2215.22 77.26
2255.53 76.94
2296.58 76.64
2338.38 76.38
2380.94 76.15
2424.27 75.97
2468.39 75.82
2513.31 75.72
2559.05 75.68
2605.63 75.69
2653.05 75.75
2701.33 75.88
2750.5 76.08
2800.55 76.34
2851.52 76.67
2903.42 77.06
2956.26 77.50
3010.06 77.98
3064.85 78.47
3120.62 78.94
3177.42 79.35
3235.25 79.67
3294.13 79.87
3354.08 79.94
3415.12 79.90
3477.27 79.74
3540.56 79.51
3605 79.21
3670.6 78.88
3737.41 78.56
3805.43 78.25
3874.68 78.00
3945.2 77.84
4017 77.78
4090.11 77.84
4164.55 78.03
4240.34 78.34
4317.51 78.75
4396.09 79.24
4476.1 79.76
4557.56 80.25
4640.5 80.66
4724.96 80.94
4810.95 81.05
4898.51 80.98
4987.66 80.72
5078.43 80.30
5170.86 79.78
5264.97 79.20
5360.79 78.61
5458.35 78.05
5557.69 77.56
5658.84 77.17
5761.82 76.89
5866.69 76.74
5973.46 76.70
6082.17 76.78
6192.87 76.96
6305.57 77.25
6420.33 77.63
6537.18 78.12
6656.15 78.70
6777.29 79.36
6900.63 80.05
7026.22 80.73
7154.1 81.35
7284.3 81.83
7416.87 82.10
7551.85 82.09
7689.29 81.77
7829.23 81.17
7971.72 80.36
8116.8 79.44
8264.53 78.51
8414.94 77.67
8568.09 76.98
8724.02 76.50
8882.79 76.23
9044.46 76.13
9209.06 76.16
9376.66 76.23
9547.31 76.22
9721.07 76.01
9897.99 75.53
10078.13 74.72
10261.55 73.59
10448.3 72.25
10638.45 70.78
10832.07 69.30
11029.21 67.91
11229.94 66.68
11434.32 65.68
11642.41 64.95
11854.3 64.52
12070.04 64.39
12289.71 64.55
12513.38 64.98
12741.12 65.61
12973 66.39
13209.1 67.21
13449.5 67.96
13694.28 68.56
13943.51 68.95
14197.27 69.11
14455.66 69.04
14718.74 68.77
14986.62 68.33
15259.37 67.77
15537.08 67.14
15819.85 66.47
16107.76 65.73
16400.92 64.88
16699.41 63.88
17003.33 62.66
17312.78 61.19
17627.86 59.48
17948.68 57.57
18275.34 55.54
18607.94 53.47
18946.6 51.39
19291.42 49.31
19642.52 47.24
20000 45.17
