20 88.43
20.36 88.45
20.73 88.47
21.11 88.49
21.5 88.51
21.89 88.53
22.29 88.55
22.69 88.56
23.1 88.58
23.52 88.60
23.95 88.62
24.39 88.64
24.83 88.65
25.28 88.67
25.74 88.68
26.21 88.70
26.69 88.71
27.18 88.72
27.67 88.74
28.17 88.75
28.69 88.76
29.21 88.77
29.74 88.78
30.28 88.78
30.83 88.79
31.39 88.80
31.97 88.80
32.55 88.81
33.14 88.81
33.74 88.81
34.36 88.81
34.98 88.81
35.62 88.81
36.27 88.80
36.93 88.80
37.6 88.79
38.28 88.78
38.98 88.78
39.69 88.77
40.41 88.75
41.15 88.74
41.9 88.72
42.66 88.71
43.44 88.69
44.23 88.67
45.03 88.65
45.85 88.63
46.68 88.61
47.53 88.58
48.4 88.56
49.28 88.53
50.18 88.50
51.09 88.47
52.02 88.43
52.97 88.40
53.93 88.36
54.91 88.33
55.91 88.29
56.93 88.25
57.97 88.21
59.02 88.17
60.09 88.13
61.19 88.08
62.3 88.04
63.44 87.99
64.59 87.95
65.77 87.90
66.96 87.85
68.18 87.81
69.42 87.76
70.69 87.71
71.97 87.66
73.28 87.62
74.62 87.57
75.97 87.52
77.36 87.47
78.76 87.42
80.2 87.37
81.66 87.32
83.14 87.27
84.66 87.21
86.2 87.16
87.77 87.09
89.36 87.03
90.99 86.97
92.65 86.90
94.33 86.83
96.05 86.76
97.8 86.68
99.58 86.61
101.39 86.53
103.23 86.44
105.11 86.36
107.03 86.28
108.97 86.20
110.96 86.12
112.98 86.04
115.03 85.95
117.13 85.88
119.26 85.80
121.43 85.72
123.64 85.64
125.89 85.56
128.18 85.48
130.51 85.40
132.89 85.32
135.31 85.24
137.77 85.15
140.28 85.06
142.83 84.96
145.43 84.86
148.07 84.76
150.77 84.66
153.51 84.55
156.31 84.44
159.15 84.34
162.05 84.23
165 84.12
168 84.02
171.06 83.92
174.17 83.82
177.34 83.72
180.57 83.62
183.86 83.53
187.2 83.44
190.61 83.35
194.08 83.26
197.61 83.18
201.21 83.10
204.87 83.02
208.6 82.95
212.39 82.87
216.26 82.80
220.19 82.71
224.2 82.62
228.28 82.52
232.44 82.41
236.67 82.30
240.97 82.19
245.36 82.07
249.82 81.95
254.37 81.83
259 81.71
263.71 81.59
268.51 81.47
273.4 81.35
278.38 81.22
283.44 81.10
288.6 80.97
293.85 80.85
299.2 80.72
304.65 80.60
310.19 80.47
315.84 80.34
321.59 80.22
327.44 80.09
333.4 79.97
339.47 79.85
345.64 79.74
351.93 79.62
358.34 79.50
364.86 79.39
371.5 79.27
378.26 79.16
385.15 79.04
392.16 78.93
399.29 78.81
406.56 78.69
413.96 78.57
421.49 78.45
429.16 78.33
436.97 78.21
444.93 78.09
453.02 77.97
461.27 77.86
469.66 77.74
478.21 77.63
486.91 77.52
495.78 77.41
504.8 77.31
513.99 77.20
523.34 77.09
532.87 76.99
542.56 76.88
552.44 76.78
562.49 76.67
572.73 76.56
583.15 76.46
593.77 76.36
604.57 76.25
615.57 76.15
626.78 76.05
638.18 75.95
649.8 75.86
661.63 75.77
673.67 75.68
685.93 75.59
698.41 75.51
711.12 75.43
724.06 75.35
737.24 75.27
750.66 75.19
764.32 75.11
778.23 75.04
792.39 74.97
806.82 74.91
821.5 74.86
836.45 74.82
851.67 74.78
867.17 74.75
882.96 74.73
899.02 74.73
915.39 74.74
932.05 74.76
949.01 74.80
966.28 74.85
983.87 74.92
1001.77 75.01
1020 75.12
1038.57 75.26
1057.47 75.42
1076.71 75.61
1096.31 75.82
1116.26 76.05
1136.58 76.31
1157.26 76.59
1178.32 76.91
1199.77 77.26
1221.6 77.63
1243.84 78.02
1266.47 78.44
1289.52 78.88
1312.99 79.33
1336.89 79.78
1361.22 80.22
1385.99 80.62
1411.22 80.98
1436.9 81.27
1463.05 81.50
1489.68 81.66
1516.79 81.75
1544.4 81.78
1572.5 81.77
1601.12 81.72
1630.26 81.64
1659.93 81.54
1690.14 81.44
1720.9 81.34
1752.22 81.25
1784.11 81.16
1816.58 81.08
1849.64 81.01
1883.3 80.95
1917.58 80.89
1952.48 80.85
1988.01 80.81
2024.19 80.78
2061.03 80.76
2098.54 80.74
2136.73 80.72
2175.62 80.71
2215.22 80.69
2255.53 80.68
2296.58 80.67
2338.38 80.65
2380.94 80.64
2424.27 80.62
2468.39 80.61
2513.31 80.59
2559.05 80.58
2605.63 80.56
2653.05 80.55
2701.33 80.53
2750.5 80.51
2800.55 80.49
2851.52 80.48
2903.42 80.46
2956.26 80.44
3010.06 80.42
3064.85 80.40
3120.62 80.37
3177.42 80.33
3235.25 80.29
3294.13 80.24
3354.08 80.17
3415.12 80.10
3477.27 80.02
3540.56 79.92
3605 79.83
3670.6 79.72
3737.41 79.61
3805.43 79.50
3874.68 79.39
3945.2 79.29
4017 79.20
4090.11 79.12
4164.55 79.07
4240.34 79.04
4317.51 79.04
4396.09 79.08
4476.1 79.17
4557.56 79.32
4640.5 79.53
4724.96 79.83
4810.95 80.20
4898.51 80.66
4987.66 81.18
5078.43 81.75
5170.86 82.34
5264.97 82.89
5360.79 83.36
5458.35 83.69
5557.69 83.81
5658.84 83.71
5761.82 83.40
5866.69 82.92
5973.46 82.33
6082.17 81.71
6192.87 81.09
6305.57 80.48
6420.33 79.90
6537.18 79.40
6656.15 79.00
6777.29 78.74
6900.63 78.66
7026.22 78.80
7154.1 79.16
7284.3 79.75
7416.87 80.53
7551.85 81.42
7689.29 82.28
7829.23 82.95
7971.72 83.22
8116.8 82.94
8264.53 82.04
8414.94 80.61
8568.09 78.81
8724.02 76.86
8882.79 74.94
9044.46 73.16
9209.06 71.59
9376.66 70.25
9547.31 69.17
9721.07 68.33
9897.99 67.74
10078.13 67.40
10261.55 67.32
10448.3 67.50
10638.45 67.94
10832.07 68.60
11029.21 69.39
11229.94 70.20
11434.32 70.85
11642.41 71.16
11854.3 70.98
12070.04 70.31
12289.71 69.24
12513.38 67.92
12741.12 66.53
12973 65.14
13209.1 63.81
13449.5 62.56
13694.28 61.39
13943.51 60.30
14197.27 59.34
14455.66 58.55
14718.74 57.99
14986.62 57.72
15259.37 57.77
15537.08 58.15
15819.85 58.80
16107.76 59.61
16400.92 60.39
16699.41 60.94
17003.33 61.11
17312.78 60.90
17627.86 60.43
17948.68 59.91
18275.34 59.47
18607.94 59.16
18946.6 58.89
19291.42 58.57
19642.52 58.17
20000 57.72
