20 83.63
20.36 83.67
20.73 83.72
21.11 83.77
21.5 83.82
21.89 83.86
22.29 83.91
22.69 83.95
23.1 84.00
23.52 84.05
23.95 84.09
24.39 84.14
24.83 84.18
25.28 84.22
25.74 84.27
26.21 84.31
26.69 84.35
27.18 84.39
27.67 84.43
28.17 84.47
28.69 84.51
29.21 84.54
29.74 84.58
30.28 84.62
30.83 84.65
31.39 84.68
31.97 84.72
32.55 84.75
33.14 84.78
33.74 84.81
34.36 84.83
34.98 84.86
35.62 84.89
36.27 84.91
36.93 84.93
37.6 84.95
38.28 84.97
38.98 84.98
39.69 85.00
40.41 85.01
41.15 85.03
41.9 85.03
42.66 85.04
43.44 85.05
44.23 85.05
45.03 85.05
45.85 85.05
46.68 85.05
47.53 85.05
48.4 85.04
49.28 85.03
50.18 85.02
51.09 85.01
52.02 85.00
52.97 84.99
53.93 84.98
54.91 84.96
55.91 84.95
56.93 84.94
57.97 84.92
59.02 84.91
60.09 84.90
61.19 84.88
62.3 84.87
63.44 84.86
64.59 84.85
65.77 84.83
66.96 84.82
68.18 84.81
69.42 84.80
70.69 84.79
71.97 84.78
73.28 84.77
74.62 84.76
75.97 84.75
77.36 84.74
78.76 84.73
80.2 84.71
81.66 84.70
83.14 84.69
84.66 84.67
86.2 84.65
87.77 84.63
89.36 84.61
90.99 84.59
92.65 84.56
94.33 84.53
96.05 84.50
97.8 84.47
99.58 84.43
101.39 84.39
103.23 84.35
105.11 84.31
107.03 84.27
108.97 84.23
110.96 84.19
112.98 84.15
115.03 84.11
117.13 84.07
119.26 84.04
121.43 84.01
123.64 83.98
125.89 83.95
128.18 83.92
130.51 83.89
132.89 83.86
135.31 83.83
137.77 83.79
140.28 83.74
142.83 83.69
145.43 83.64
148.07 83.58
150.77 83.52
153.51 83.46
156.31 83.40
159.15 83.35
162.05 83.29
165 83.24
168 83.19
171.06 83.14
174.17 83.10
177.34 83.05
180.57 82.99
183.86 82.94
187.2 82.88
190.61 82.82
194.08 82.76
197.61 82.69
201.21 82.62
204.87 82.55
208.6 82.48
212.39 82.41
216.26 82.34
220.19 82.26
224.2 82.19
228.28 82.11
232.44 82.03
236.67 81.95
240.97 81.86
245.36 81.78
249.82 81.69
254.37 81.61
259 81.52
263.71 81.43
268.51 81.34
273.4 81.25
278.38 81.16
283.44 81.08
288.6 80.99
293.85 80.90
299.2 80.81
304.65 80.72
310.19 80.63
315.84 80.53
321.59 80.43
327.44 80.34
333.4 80.24
339.47 80.15
345.64 80.05
351.93 79.96
358.34 79.86
364.86 79.77
371.5 79.67
378.26 79.56
385.15 79.46
392.16 79.35
399.29 79.25
406.56 79.14
413.96 79.04
421.49 78.93
429.16 78.83
436.97 78.73
444.93 78.62
453.02 78.52
461.27 78.41
469.66 78.30
478.21 78.19
486.91 78.09
495.78 77.98
504.8 77.88
513.99 77.78
523.34 77.68
532.87 77.58
542.56 77.48
552.44 77.39
562.49 77.29
572.73 77.19
583.15 77.09
593.77 77.00
604.57 76.90
615.57 76.80
626.78 76.70
638.18 76.60
649.8 76.50
661.63 76.41
673.67 76.31
685.93 76.21
698.41 76.12
711.12 76.02
724.06 75.93
737.24 75.83
750.66 75.73
764.32 75.63
778.23 75.54
792.39 75.46
806.82 75.38
821.5 75.30
836.45 75.23
851.67 75.17
867.17 75.11
882.96 75.06
899.02 75.02
915.39 74.99
932.05 74.97
949.01 74.96
966.28 74.96
983.87 74.97
1001.77 75.00
1020 75.05
1038.57 75.11
1057.47 75.19
1076.71 75.29
1096.31 75.41
1116.26 75.53
1136.58 75.66
1157.26 75.81
1178.32 75.95
1199.77 76.11
1221.6 76.26
1243.84 76.41
1266.47 76.56
1289.52 76.70
1312.99 76.84
1336.89 76.98
1361.22 77.10
1385.99 77.22
1411.22 77.33
1436.9 77.44
1463.05 77.54
1489.68 77.64
1516.79 77.74
1544.4 77.84
1572.5 77.96
1601.12 78.08
1630.26 78.22
1659.93 78.37
1690.14 78.53
1720.9 78.72
1752.22 78.92
1784.11 79.14
1816.58 79.39
1849.64 79.66
1883.3 79.95
1917.58 80.27
1952.48 80.60
1988.01 80.94
2024.19 81.27
2061.03 81.59
2098.54 81.90
2136.73 82.18
2175.62 82.44
2215.22 82.67
2255.53 82.87
2296.58 83.04
2338.38 83.19
2380.94 83.33
2424.27 83.43
2468.39 83.52
2513.31 83.60
2559.05 83.67
2605.63 83.72
2653.05 83.77
2701.33 83.80
2750.5 83.81
2800.55 83.80
2851.52 83.74
2903.42 83.62
2956.26 83.44
3010.06 83.17
3064.85 82.83
3120.62 82.42
3177.42 81.98
3235.25 81.53
3294.13 81.12
3354.08 80.78
3415.12 80.54
3477.27 80.41
3540.56 80.39
3605 80.49
3670.6 80.68
3737.41 80.96
3805.43 81.31
3874.68 81.72
3945.2 82.17
4017 82.64
4090.11 83.14
4164.55 83.63
4240.34 84.10
4317.51 84.52
4396.09 84.85
4476.1 85.05
4557.56 85.08
4640.5 84.93
4724.96 84.59
4810.95 84.10
4898.51 83.51
4987.66 82.87
5078.43 82.23
5170.86 81.62
5264.97 81.05
5360.79 80.53
5458.35 80.05
5557.69 79.61
5658.84 79.21
5761.82 78.86
5866.69 78.56
5973.46 78.32
6082.17 78.14
6192.87 78.01
6305.57 77.96
6420.33 77.98
6537.18 78.10
6656.15 78.33
6777.29 78.69
6900.63 79.18
7026.22 79.83
7154.1 80.65
7284.3 81.63
7416.87 82.73
7551.85 83.90
7689.29 85.00
7829.23 85.90
7971.72 86.46
8116.8 86.55
8264.53 86.15
8414.94 85.32
8568.09 84.21
8724.02 82.98
8882.79 81.79
9044.46 80.72
9209.06 79.84
9376.66 79.14
9547.31 78.61
9721.07 78.18
9897.99 77.78
10078.13 77.34
10261.55 76.80
10448.3 76.11
10638.45 75.25
10832.07 74.25
11029.21 73.16
11229.94 72.05
11434.32 71.01
11642.41 70.12
11854.3 69.43
12070.04 68.96
12289.71 68.70
12513.38 68.63
12741.12 68.69
12973 68.81
13209.1 68.94
13449.5 69.00
13694.28 68.95
13943.51 68.71
14197.27 68.26
14455.66 67.55
14718.74 66.59
14986.62 65.39
15259.37 63.98
15537.08 62.43
15819.85 60.80
16107.76 59.17
16400.92 57.59
16699.41 56.13
17003.33 54.84
17312.78 53.80
17627.86 53.12
17948.68 52.92
18275.34 53.28
18607.94 54.20
18946.6 55.54
19291.42 57.09
19642.52 58.69
20000 60.28
