20 83.45
20.36 83.47
20.73 83.49
21.11 83.51
21.5 83.53
21.89 83.55
22.29 83.57
22.69 83.59
23.1 83.61
23.52 83.62
23.95 83.64
24.39 83.66
24.83 83.67
25.28 83.68
25.74 83.69
26.21 83.71
26.69 83.72
27.18 83.72
27.67 83.73
28.17 83.74
28.69 83.74
29.21 83.74
29.74 83.75
30.28 83.74
30.83 83.74
31.39 83.74
31.97 83.73
32.55 83.72
33.14 83.71
33.74 83.69
34.36 83.68
34.98 83.66
35.62 83.64
36.27 83.62
36.93 83.60
37.6 83.57
38.28 83.54
38.98 83.51
39.69 83.48
40.41 83.44
41.15 83.41
41.9 83.37
42.66 83.33
43.44 83.28
44.23 83.24
45.03 83.19
45.85 83.14
46.68 83.09
47.53 83.04
48.4 82.98
49.28 82.93
50.18 82.87
51.09 82.81
52.02 82.74
52.97 82.68
53.93 82.61
54.91 82.55
55.91 82.48
56.93 82.41
57.97 82.34
59.02 82.27
60.09 82.19
61.19 82.12
62.3 82.04
63.44 81.96
64.59 81.88
65.77 81.80
66.96 81.71
68.18 81.63
69.42 81.54
70.69 81.45
71.97 81.35
73.28 81.25
74.62 81.16
75.97 81.05
77.36 80.95
78.76 80.84
80.2 80.74
81.66 80.63
83.14 80.52
84.66 80.41
86.2 80.30
87.77 80.19
89.36 80.08
90.99 79.97
92.65 79.86
94.33 79.75
96.05 79.63
97.8 79.52
99.58 79.40
101.39 79.28
103.23 79.16
105.11 79.04
107.03 78.92
108.97 78.81
110.96 78.70
112.98 78.59
115.03 78.48
117.13 78.38
119.26 78.27
121.43 78.16
123.64 78.06
125.89 77.95
128.18 77.84
130.51 77.72
132.89 77.62
135.31 77.51
137.77 77.41
140.28 77.31
142.83 77.22
145.43 77.14
148.07 77.06
150.77 76.99
153.51 76.93
156.31 76.86
159.15 76.81
162.05 76.76
165 76.71
168 76.66
171.06 76.62
174.17 76.58
177.34 76.55
180.57 76.51
183.86 76.48
187.2 76.46
190.61 76.44
194.08 76.42
197.61 76.41
201.21 76.40
204.87 76.39
208.6 76.39
212.39 76.39
216.26 76.39
220.19 76.40
224.2 76.41
228.28 76.42
232.44 76.43
236.67 76.45
240.97 76.46
245.36 76.47
249.82 76.49
254.37 76.50
259 76.51
263.71 76.53
268.51 76.54
273.4 76.56
278.38 76.57
283.44 76.58
288.6 76.59
293.85 76.60
299.2 76.61
304.65 76.62
310.19 76.62
315.84 76.62
321.59 76.63
327.44 76.63
333.4 76.62
339.47 76.62
345.64 76.62
351.93 76.63
358.34 76.63
364.86 76.63
371.5 76.63
378.26 76.62
385.15 76.62
392.16 76.61
399.29 76.60
406.56 76.58
413.96 76.57
421.49 76.55
429.16 76.53
436.97 76.51
444.93 76.49
453.02 76.46
461.27 76.44
469.66 76.41
478.21 76.38
486.91 76.35
495.78 76.32
504.8 76.29
513.99 76.25
523.34 76.22
532.87 76.18
542.56 76.14
552.44 76.11
562.49 76.07
572.73 76.03
583.15 75.98
593.77 75.94
604.57 75.89
615.57 75.84
626.78 75.79
638.18 75.74
649.8 75.69
661.63 75.64
673.67 75.59
685.93 75.54
698.41 75.49
711.12 75.44
724.06 75.39
737.24 75.34
750.66 75.28
764.32 75.23
778.23 75.18
792.39 75.13
806.82 75.08
821.5 75.04
836.45 74.99
851.67 74.95
867.17 74.92
882.96 74.89
899.02 74.87
915.39 74.86
932.05 74.86
949.01 74.87
966.28 74.90
983.87 74.94
1001.77 75.01
1020 75.09
1038.57 75.19
1057.47 75.30
1076.71 75.43
1096.31 75.58
1116.26 75.74
1136.58 75.92
1157.26 76.10
1178.32 76.29
1199.77 76.47
1221.6 76.64
1243.84 76.80
1266.47 76.95
1289.52 77.10
1312.99 77.23
1336.89 77.34
1361.22 77.45
1385.99 77.55
1411.22 77.64
1436.9 77.72
1463.05 77.79
1489.68 77.86
1516.79 77.93
1544.4 78.00
1572.5 78.06
1601.12 78.14
1630.26 78.21
1659.93 78.29
1690.14 78.38
1720.9 78.47
1752.22 78.58
1784.11 78.69
1816.58 78.81
1849.64 78.94
1883.3 79.08
1917.58 79.23
1952.48 79.40
1988.01 79.58
2024.19 79.77
2061.03 79.98
2098.54 80.21
2136.73 80.47
2175.62 80.74
2215.22 81.03
2255.53 81.33
2296.58 81.65
2338.38 81.98
2380.94 82.32
2424.27 82.66
2468.39 83.00
2513.31 83.34
2559.05 83.67
2605.63 83.98
2653.05 84.27
2701.33 84.50
2750.5 84.69
2800.55 84.81
2851.52 84.87
2903.42 84.85
2956.26 84.76
3010.06 84.61
3064.85 84.41
3120.62 84.16
3177.42 83.88
3235.25 83.59
3294.13 83.30
3354.08 83.02
3415.12 82.75
3477.27 82.51
3540.56 82.31
3605 82.14
3670.6 82.02
3737.41 81.94
3805.43 81.89
3874.68 81.86
3945.2 81.85
4017 81.84
4090.11 81.80
4164.55 81.73
4240.34 81.60
4317.51 81.41
4396.09 81.17
4476.1 80.90
4557.56 80.63
4640.5 80.38
4724.96 80.17
4810.95 80.01
4898.51 79.88
4987.66 79.75
5078.43 79.59
5170.86 79.38
5264.97 79.11
5360.79 78.79
5458.35 78.44
5557.69 78.06
5658.84 77.70
5761.82 77.38
5866.69 77.12
5973.46 76.96
6082.17 76.91
6192.87 77.00
6305.57 77.23
6420.33 77.61
6537.18 78.11
6656.15 78.72
6777.29 79.36
6900.63 79.95
7026.22 80.41
7154.1 80.66
7284.3 80.63
7416.87 80.32
7551.85 79.77
7689.29 79.06
7829.23 78.29
7971.72 77.55
8116.8 76.91
8264.53 76.40
8414.94 76.03
8568.09 75.79
8724.02 75.63
8882.79 75.50
9044.46 75.33
9209.06 75.09
9376.66 74.73
9547.31 74.25
9721.07 73.67
9897.99 73.01
10078.13 72.32
10261.55 71.67
10448.3 71.09
10638.45 70.63
10832.07 70.29
11029.21 70.08
11229.94 69.98
11434.32 69.97
11642.41 70.04
11854.3 70.19
12070.04 70.44
12289.71 70.80
12513.38 71.28
12741.12 71.84
12973 72.46
13209.1 73.09
13449.5 73.70
13694.28 74.26
13943.51 74.76
14197.27 75.20
14455.66 75.58
14718.74 75.89
14986.62 76.05
15259.37 75.97
15537.08 75.55
15819.85 74.70
16107.76 73.42
16400.92 71.81
16699.41 70.07
17003.33 68.40
17312.78 66.96
17627.86 65.88
17948.68 65.25
18275.34 65.08
18607.94 65.31
18946.6 65.83
19291.42 66.48
19642.52 67.16
20000 67.84
