20 65.77
20.36 65.89
20.73 66.01
21.11 66.13
21.5 66.25
21.89 66.38
22.29 66.50
22.69 66.62
23.1 66.74
23.52 66.86
23.95 66.98
24.39 67.11
24.83 67.23
25.28 67.35
25.74 67.47
26.21 67.59
26.69 67.71
27.18 67.83
27.67 67.95
28.17 68.07
28.69 68.19
29.21 68.31
29.74 68.43
30.28 68.55
30.83 68.67
31.39 68.78
31.97 68.90
32.55 69.02
33.14 69.14
33.74 69.25
34.36 69.37
34.98 69.48
35.62 69.60
36.27 69.71
36.93 69.83
37.6 69.94
38.28 70.05
38.98 70.16
39.69 70.27
40.41 70.38
41.15 70.48
41.9 70.58
42.66 70.69
43.44 70.79
44.23 70.89
45.03 70.98
45.85 71.08
46.68 71.17
47.53 71.26
48.4 71.35
49.28 71.43
50.18 71.52
51.09 71.60
52.02 71.69
52.97 71.77
53.93 71.85
54.91 71.93
55.91 72.00
56.93 72.08
57.97 72.16
59.02 72.23
60.09 72.31
61.19 72.38
62.3 72.46
63.44 72.53
64.59 72.60
65.77 72.67
66.96 72.73
68.18 72.79
69.42 72.85
70.69 72.90
71.97 72.95
73.28 73.00
74.62 73.04
75.97 73.08
77.36 73.12
78.76 73.16
80.2 73.20
81.66 73.24
83.14 73.29
84.66 73.34
86.2 73.39
87.77 73.44
89.36 73.50
90.99 73.56
92.65 73.63
94.33 73.69
96.05 73.76
97.8 73.82
99.58 73.88
101.39 73.94
103.23 74.00
105.11 74.06
107.03 74.12
108.97 74.17
110.96 74.22
112.98 74.27
115.03 74.31
117.13 74.35
119.26 74.39
121.43 74.42
123.64 74.45
125.89 74.48
128.18 74.51
130.51 74.53
132.89 74.56
135.31 74.59
137.77 74.62
140.28 74.65
142.83 74.68
145.43 74.71
148.07 74.75
150.77 74.78
153.51 74.81
156.31 74.84
159.15 74.86
162.05 74.89
165 74.91
168 74.93
171.06 74.95
174.17 74.96
177.34 74.97
180.57 74.97
183.86 74.98
187.2 74.98
190.61 74.99
194.08 75.00
197.61 75.02
201.21 75.03
204.87 75.05
208.6 75.07
212.39 75.09
216.26 75.10
220.19 75.12
224.2 75.13
228.28 75.14
232.44 75.15
236.67 75.16
240.97 75.17
245.36 75.18
249.82 75.19
254.37 75.19
259 75.19
263.71 75.18
268.51 75.17
273.4 75.16
278.38 75.15
283.44 75.14
288.6 75.13
293.85 75.12
299.2 75.12
304.65 75.12
310.19 75.12
315.84 75.11
321.59 75.11
327.44 75.11
333.4 75.10
339.47 75.09
345.64 75.08
351.93 75.08
358.34 75.06
364.86 75.05
371.5 75.03
378.26 75.02
385.15 75.00
392.16 74.99
399.29 74.97
406.56 74.96
413.96 74.95
421.49 74.94
429.16 74.93
436.97 74.92
444.93 74.90
453.02 74.89
461.27 74.87
469.66 74.86
478.21 74.84
486.91 74.82
495.78 74.80
504.8 74.78
513.99 74.76
523.34 74.73
532.87 74.71
542.56 74.69
552.44 74.66
562.49 74.64
572.73 74.62
583.15 74.59
593.77 74.58
604.57 74.56
615.57 74.54
626.78 74.53
638.18 74.51
649.8 74.50
661.63 74.48
673.67 74.47
685.93 74.45
698.41 74.43
711.12 74.42
724.06 74.41
737.24 74.40
750.66 74.39
764.32 74.39
778.23 74.39
792.39 74.39
806.82 74.39
821.5 74.40
836.45 74.42
851.67 74.44
867.17 74.46
882.96 74.50
899.02 74.54
915.39 74.59
932.05 74.65
949.01 74.72
966.28 74.81
983.87 74.90
1001.77 75.01
1020 75.14
1038.57 75.28
1057.47 75.44
1076.71 75.62
1096.31 75.81
1116.26 76.01
1136.58 76.22
1157.26 76.43
1178.32 76.65
1199.77 76.87
1221.6 77.09
1243.84 77.29
1266.47 77.49
1289.52 77.67
1312.99 77.85
1336.89 78.02
1361.22 78.17
1385.99 78.32
1411.22 78.46
1436.9 78.59
1463.05 78.72
1489.68 78.84
1516.79 78.96
1544.4 79.08
1572.5 79.20
1601.12 79.33
1630.26 79.47
1659.93 79.62
1690.14 79.77
1720.9 79.94
1752.22 80.10
1784.11 80.28
1816.58 80.47
1849.64 80.66
1883.3 80.87
1917.58 81.07
1952.48 81.27
1988.01 81.46
2024.19 81.64
2061.03 81.80
2098.54 81.94
2136.73 82.05
2175.62 82.14
2215.22 82.20
2255.53 82.23
2296.58 82.24
2338.38 82.23
2380.94 82.21
2424.27 82.19
2468.39 82.16
2513.31 82.15
2559.05 82.14
2605.63 82.15
2653.05 82.15
2701.33 82.16
2750.5 82.17
2800.55 82.19
2851.52 82.22
2903.42 82.25
2956.26 82.30
3010.06 82.36
3064.85 82.42
3120.62 82.48
3177.42 82.53
3235.25 82.58
3294.13 82.60
3354.08 82.60
3415.12 82.59
3477.27 82.56
3540.56 82.53
3605 82.50
3670.6 82.47
3737.41 82.44
3805.43 82.41
3874.68 82.38
3945.2 82.37
4017 82.36
4090.11 82.35
4164.55 82.35
4240.34 82.34
4317.51 82.33
4396.09 82.31
4476.1 82.27
4557.56 82.21
4640.5 82.13
4724.96 82.03
4810.95 81.92
4898.51 81.81
4987.66 81.68
5078.43 81.56
5170.86 81.43
5264.97 81.28
5360.79 81.13
5458.35 80.95
5557.69 80.76
5658.84 80.58
5761.82 80.40
5866.69 80.25
5973.46 80.15
6082.17 80.10
6192.87 80.12
6305.57 80.22
6420.33 80.41
6537.18 80.71
6656.15 81.13
6777.29 81.67
6900.63 82.29
7026.22 82.94
7154.1 83.53
7284.3 83.97
7416.87 84.16
7551.85 84.04
7689.29 83.61
7829.23 82.93
7971.72 82.07
8116.8 81.10
8264.53 80.08
8414.94 79.04
8568.09 78.01
8724.02 77.02
8882.79 76.05
9044.46 75.07
9209.06 74.02
9376.66 72.88
9547.31 71.60
9721.07 70.20
9897.99 68.71
10078.13 67.18
10261.55 65.66
10448.3 64.22
10638.45 62.88
10832.07 61.68
11029.21 60.62
11229.94 59.73
11434.32 59.01
11642.41 58.50
11854.3 58.22
12070.04 58.19
12289.71 58.44
12513.38 58.99
12741.12 59.79
12973 60.82
13209.1 62.00
13449.5 63.23
13694.28 64.37
13943.51 65.22
14197.27 65.54
14455.66 65.10
14718.74 63.80
14986.62 61.65
15259.37 58.80
15537.08 55.46
15819.85 51.88
16107.76 48.28
16400.92 44.89
16699.41 41.95
17003.33 39.64
17312.78 38.09
17627.86 37.33
17948.68 37.34
18275.34 38.01
18607.94 39.15
18946.6 40.51
19291.42 41.94
19642.52 43.34
20000 44.71
