20 78.45
20.36 78.50
20.73 78.55
21.11 78.60
21.5 78.65
21.89 78.69
22.29 78.74
22.69 78.79
23.1 78.84
23.52 78.89
23.95 78.94
24.39 78.98
24.83 79.03
25.28 79.07
25.74 79.12
26.21 79.16
26.69 79.21
27.18 79.25
27.67 79.29
28.17 79.33
28.69 79.37
29.21 79.41
29.74 79.45
30.28 79.49
30.83 79.53
31.39 79.56
31.97 79.59
32.55 79.63
33.14 79.66
33.74 79.69
34.36 79.72
34.98 79.75
35.62 79.78
36.27 79.80
36.93 79.82
37.6 79.85
38.28 79.87
38.98 79.89
39.69 79.90
40.41 79.92
41.15 79.93
41.9 79.95
42.66 79.96
43.44 79.97
44.23 79.97
45.03 79.98
45.85 79.98
46.68 79.98
47.53 79.98
48.4 79.98
49.28 79.98
50.18 79.97
51.09 79.97
52.02 79.97
52.97 79.96
53.93 79.96
54.91 79.95
55.91 79.95
56.93 79.95
57.97 79.95
59.02 79.95
60.09 79.95
61.19 79.96
62.3 79.96
63.44 79.96
64.59 79.97
65.77 79.97
66.96 79.97
68.18 79.97
69.42 79.97
70.69 79.96
71.97 79.95
73.28 79.94
74.62 79.92
75.97 79.90
77.36 79.88
78.76 79.86
80.2 79.84
81.66 79.82
83.14 79.80
84.66 79.79
86.2 79.77
87.77 79.76
89.36 79.75
90.99 79.74
92.65 79.73
94.33 79.72
96.05 79.72
97.8 79.71
99.58 79.70
101.39 79.68
103.23 79.67
105.11 79.65
107.03 79.63
108.97 79.61
110.96 79.59
112.98 79.56
115.03 79.53
117.13 79.50
119.26 79.47
121.43 79.44
123.64 79.40
125.89 79.37
128.18 79.34
130.51 79.31
132.89 79.28
135.31 79.25
137.77 79.23
140.28 79.21
142.83 79.19
145.43 79.16
148.07 79.14
150.77 79.12
153.51 79.10
156.31 79.07
159.15 79.05
162.05 79.02
165 78.99
168 78.96
171.06 78.93
174.17 78.89
177.34 78.86
180.57 78.82
183.86 78.78
187.2 78.74
190.61 78.69
194.08 78.65
197.61 78.61
201.21 78.57
204.87 78.52
208.6 78.48
212.39 78.44
216.26 78.40
220.19 78.36
224.2 78.31
228.28 78.27
232.44 78.23
236.67 78.19
240.97 78.15
245.36 78.11
249.82 78.06
254.37 78.02
259 77.98
263.71 77.94
268.51 77.89
273.4 77.85
278.38 77.80
283.44 77.75
288.6 77.70
293.85 77.66
299.2 77.61
304.65 77.56
310.19 77.52
315.84 77.47
321.59 77.43
327.44 77.38
333.4 77.34
339.47 77.30
345.64 77.26
351.93 77.22
358.34 77.18
364.86 77.14
371.5 77.10
378.26 77.06
385.15 77.02
392.16 76.98
399.29 76.94
406.56 76.90
413.96 76.86
421.49 76.83
429.16 76.79
436.97 76.76
444.93 76.73
453.02 76.70
461.27 76.67
469.66 76.64
478.21 76.61
486.91 76.58
495.78 76.55
504.8 76.52
513.99 76.50
523.34 76.47
532.87 76.45
542.56 76.42
552.44 76.40
562.49 76.38
572.73 76.35
583.15 76.33
593.77 76.31
604.57 76.29
615.57 76.27
626.78 76.25
638.18 76.24
649.8 76.22
661.63 76.20
673.67 76.19
685.93 76.17
698.41 76.16
711.12 76.14
724.06 76.13
737.24 76.11
750.66 76.08
764.32 76.06
778.23 76.04
792.39 76.01
806.82 75.97
821.5 75.94
836.45 75.89
851.67 75.83
867.17 75.77
882.96 75.70
899.02 75.62
915.39 75.53
932.05 75.43
949.01 75.32
966.28 75.21
983.87 75.10
1001.77 74.99
1020 74.89
1038.57 74.79
1057.47 74.70
1076.71 74.64
1096.31 74.58
1116.26 74.55
1136.58 74.55
1157.26 74.56
1178.32 74.61
1199.77 74.67
1221.6 74.75
1243.84 74.85
1266.47 74.96
1289.52 75.09
1312.99 75.23
1336.89 75.38
1361.22 75.53
1385.99 75.69
1411.22 75.85
1436.9 76.01
1463.05 76.18
1489.68 76.35
1516.79 76.51
1544.4 76.68
1572.5 76.84
1601.12 77.01
1630.26 77.18
1659.93 77.34
1690.14 77.51
1720.9 77.67
1752.22 77.82
1784.11 77.97
1816.58 78.12
1849.64 78.26
1883.3 78.39
1917.58 78.50
1952.48 78.59
1988.01 78.66
2024.19 78.71
2061.03 78.72
2098.54 78.69
2136.73 78.63
2175.62 78.53
2215.22 78.37
2255.53 78.17
2296.58 77.93
2338.38 77.65
2380.94 77.34
2424.27 77.02
2468.39 76.71
2513.31 76.41
2559.05 76.14
2605.63 75.91
2653.05 75.73
2701.33 75.59
2750.5 75.50
2800.55 75.44
2851.52 75.39
2903.42 75.35
2956.26 75.31
3010.06 75.27
3064.85 75.25
3120.62 75.27
3177.42 75.34
3235.25 75.47
3294.13 75.68
3354.08 75.94
3415.12 76.25
3477.27 76.59
3540.56 76.96
3605 77.33
3670.6 77.71
3737.41 78.09
3805.43 78.47
3874.68 78.84
3945.2 79.21
4017 79.55
4090.11 79.87
4164.55 80.17
4240.34 80.45
4317.51 80.69
4396.09 80.88
4476.1 81.01
4557.56 81.06
4640.5 81.01
4724.96 80.86
4810.95 80.58
4898.51 80.20
4987.66 79.72
5078.43 79.17
5170.86 78.59
5264.97 78.03
5360.79 77.53
5458.35 77.16
5557.69 76.95
5658.84 76.92
5761.82 77.06
5866.69 77.33
5973.46 77.69
6082.17 78.11
6192.87 78.54
6305.57 78.98
6420.33 79.44
6537.18 79.94
6656.15 80.50
6777.29 81.13
6900.63 81.82
7026.22 82.52
7154.1 83.15
7284.3 83.63
7416.87 83.88
7551.85 83.87
7689.29 83.59
7829.23 83.07
7971.72 82.35
8116.8 81.45
8264.53 80.42
8414.94 79.24
8568.09 77.92
8724.02 76.41
8882.79 74.67
9044.46 72.67
9209.06 70.44
9376.66 68.04
9547.31 65.55
9721.07 63.05
9897.99 60.61
10078.13 58.31
10261.55 56.22
10448.3 54.38
10638.45 52.86
10832.07 51.71
11029.21 50.96
11229.94 50.57
11434.32 50.51
11642.41 50.74
11854.3 51.22
12070.04 51.95
12289.71 52.89
12513.38 54.02
12741.12 55.34
12973 56.82
13209.1 58.38
13449.5 59.92
13694.28 61.30
13943.51 62.34
14197.27 62.88
14455.66 62.78
14718.74 62.04
14986.62 60.82
15259.37 59.43
15537.08 58.22
15819.85 57.44
16107.76 57.18
16400.92 57.38
16699.41 57.88
17003.33 58.51
17312.78 59.11
17627.86 59.55
17948.68 59.61
18275.34 59.10
18607.94 57.88
18946.6 55.93
19291.42 53.44
19642.52 50.67
20000 47.83
