20 75.19
20.36 75.23
20.73 75.27
21.11 75.31
21.5 75.35
21.89 75.39
22.29 75.43
22.69 75.47
23.1 75.51
23.52 75.55
23.95 75.59
24.39 75.63
24.83 75.66
25.28 75.70
25.74 75.74
26.21 75.77
26.69 75.81
27.18 75.84
27.67 75.88
28.17 75.91
28.69 75.94
29.21 75.97
29.74 76.00
30.28 76.03
30.83 76.06
31.39 76.08
31.97 76.11
32.55 76.13
33.14 76.16
33.74 76.18
34.36 76.20
34.98 76.22
35.62 76.24
36.27 76.26
36.93 76.27
37.6 76.29
38.28 76.31
38.98 76.32
39.69 76.33
40.41 76.35
41.15 76.36
41.9 76.38
42.66 76.39
43.44 76.40
44.23 76.41
45.03 76.42
45.85 76.44
46.68 76.45
47.53 76.46
48.4 76.47
49.28 76.48
50.18 76.50
51.09 76.51
52.02 76.52
52.97 76.53
53.93 76.54
54.91 76.55
55.91 76.56
56.93 76.57
57.97 76.58
59.02 76.59
60.09 76.60
61.19 76.61
62.3 76.62
63.44 76.63
64.59 76.64
65.77 76.65
66.96 76.66
68.18 76.67
69.42 76.68
70.69 76.69
71.97 76.70
73.28 76.71
74.62 76.72
75.97 76.73
77.36 76.74
78.76 76.75
80.2 76.76
81.66 76.76
83.14 76.77
84.66 76.77
86.2 76.78
87.77 76.78
89.36 76.78
90.99 76.78
92.65 76.77
94.33 76.77
96.05 76.77
97.8 76.77
99.58 76.77
101.39 76.78
103.23 76.78
105.11 76.78
107.03 76.79
108.97 76.80
110.96 76.81
112.98 76.83
115.03 76.84
117.13 76.86
119.26 76.88
121.43 76.90
123.64 76.92
125.89 76.93
128.18 76.95
130.51 76.96
132.89 76.98
135.31 76.99
137.77 77.01
140.28 77.02
142.83 77.04
145.43 77.05
148.07 77.07
150.77 77.08
153.51 77.09
156.31 77.11
159.15 77.12
162.05 77.13
165 77.14
168 77.16
171.06 77.17
174.17 77.17
177.34 77.19
180.57 77.19
183.86 77.20
187.2 77.21
190.61 77.22
194.08 77.23
197.61 77.24
201.21 77.25
204.87 77.26
208.6 77.27
212.39 77.29
216.26 77.31
220.19 77.33
224.2 77.36
228.28 77.38
232.44 77.41
236.67 77.45
240.97 77.48
245.36 77.51
249.82 77.54
254.37 77.57
259 77.59
263.71 77.62
268.51 77.64
273.4 77.65
278.38 77.67
283.44 77.68
288.6 77.69
293.85 77.70
299.2 77.71
304.65 77.72
310.19 77.72
315.84 77.73
321.59 77.74
327.44 77.75
333.4 77.76
339.47 77.77
345.64 77.78
351.93 77.78
358.34 77.79
364.86 77.78
371.5 77.78
378.26 77.77
385.15 77.76
392.16 77.75
399.29 77.73
406.56 77.71
413.96 77.68
421.49 77.65
429.16 77.61
436.97 77.57
444.93 77.51
453.02 77.45
461.27 77.38
469.66 77.30
478.21 77.22
486.91 77.12
495.78 77.02
504.8 76.91
513.99 76.79
523.34 76.65
532.87 76.51
542.56 76.35
552.44 76.19
562.49 76.01
572.73 75.82
583.15 75.62
593.77 75.42
604.57 75.20
615.57 74.99
626.78 74.77
638.18 74.55
649.8 74.33
661.63 74.13
673.67 73.93
685.93 73.74
698.41 73.57
711.12 73.42
724.06 73.29
737.24 73.18
750.66 73.10
764.32 73.04
778.23 73.01
792.39 73.01
806.82 73.04
821.5 73.09
836.45 73.18
851.67 73.28
867.17 73.41
882.96 73.56
899.02 73.72
915.39 73.90
932.05 74.10
949.01 74.31
966.28 74.54
983.87 74.78
1001.77 75.02
1020 75.29
1038.57 75.57
1057.47 75.87
1076.71 76.18
1096.31 76.49
1116.26 76.80
1136.58 77.12
1157.26 77.43
1178.32 77.75
1199.77 78.06
1221.6 78.37
1243.84 78.67
1266.47 78.95
1289.52 79.24
1312.99 79.51
1336.89 79.78
1361.22 80.03
1385.99 80.28
1411.22 80.51
1436.9 80.74
1463.05 80.97
1489.68 81.19
1516.79 81.40
1544.4 81.61
1572.5 81.81
1601.12 82.01
1630.26 82.21
1659.93 82.40
1690.14 82.58
1720.9 82.75
1752.22 82.90
1784.11 83.04
1816.58 83.16
1849.64 83.27
1883.3 83.37
1917.58 83.45
1952.48 83.50
1988.01 83.54
2024.19 83.55
2061.03 83.54
2098.54 83.52
2136.73 83.47
2175.62 83.41
2215.22 83.33
2255.53 83.24
2296.58 83.13
2338.38 83.02
2380.94 82.90
2424.27 82.78
2468.39 82.66
2513.31 82.54
2559.05 82.42
2605.63 82.30
2653.05 82.19
2701.33 82.08
2750.5 81.98
2800.55 81.89
2851.52 81.81
2903.42 81.73
2956.26 81.67
3010.06 81.60
3064.85 81.55
3120.62 81.49
3177.42 81.44
3235.25 81.39
3294.13 81.34
3354.08 81.28
3415.12 81.22
3477.27 81.13
3540.56 81.03
3605 80.89
3670.6 80.71
3737.41 80.48
3805.43 80.20
3874.68 79.87
3945.2 79.47
4017 79.03
4090.11 78.53
4164.55 77.99
4240.34 77.39
4317.51 76.74
4396.09 76.05
4476.1 75.34
4557.56 74.62
4640.5 73.92
4724.96 73.24
4810.95 72.61
4898.51 72.03
4987.66 71.50
5078.43 71.00
5170.86 70.53
5264.97 70.08
5360.79 69.67
5458.35 69.31
5557.69 69.01
5658.84 68.78
5761.82 68.61
5866.69 68.46
5973.46 68.35
6082.17 68.25
6192.87 68.19
6305.57 68.17
6420.33 68.21
6537.18 68.32
6656.15 68.53
6777.29 68.86
6900.63 69.33
7026.22 69.92
7154.1 70.65
7284.3 71.47
7416.87 72.33
7551.85 73.12
7689.29 73.74
7829.23 74.12
7971.72 74.22
8116.8 74.03
8264.53 73.54
8414.94 72.72
8568.09 71.57
8724.02 70.16
8882.79 68.62
9044.46 67.09
9209.06 65.75
9376.66 64.77
9547.31 64.23
9721.07 64.09
9897.99 64.31
10078.13 64.84
10261.55 65.64
10448.3 66.62
10638.45 67.63
10832.07 68.44
11029.21 68.80
11229.94 68.56
11434.32 67.81
11642.41 66.78
11854.3 65.76
12070.04 64.96
12289.71 64.56
12513.38 64.62
12741.12 65.11
12973 65.95
13209.1 67.00
13449.5 68.10
13694.28 69.10
13943.51 69.92
14197.27 70.57
14455.66 71.12
14718.74 71.64
14986.62 72.17
15259.37 72.62
15537.08 72.82
15819.85 72.57
16107.76 71.89
16400.92 70.93
16699.41 69.88
17003.33 69.00
17312.78 68.52
17627.86 68.62
17948.68 69.29
18275.34 70.28
18607.94 71.28
18946.6 72.11
19291.42 72.75
19642.52 73.27
20000 73.73
