20 81.00
20.36 81.05
20.73 81.09
21.11 81.14
21.5 81.18
21.89 81.23
22.29 81.27
22.69 81.32
23.1 81.36
23.52 81.40
23.95 81.44
24.39 81.49
24.83 81.53
25.28 81.57
25.74 81.61
26.21 81.65
26.69 81.69
27.18 81.72
27.67 81.76
28.17 81.80
28.69 81.83
29.21 81.87
29.74 81.90
30.28 81.94
30.83 81.97
31.39 82.00
31.97 82.03
32.55 82.05
33.14 82.08
33.74 82.11
34.36 82.13
34.98 82.15
35.62 82.17
36.27 82.19
36.93 82.21
37.6 82.23
38.28 82.25
38.98 82.26
39.69 82.28
40.41 82.29
41.15 82.30
41.9 82.31
42.66 82.32
43.44 82.33
44.23 82.33
45.03 82.34
45.85 82.34
46.68 82.34
47.53 82.34
48.4 82.34
49.28 82.34
50.18 82.34
51.09 82.33
52.02 82.33
52.97 82.33
53.93 82.32
54.91 82.32
55.91 82.31
56.93 82.30
57.97 82.30
59.02 82.29
60.09 82.28
61.19 82.27
62.3 82.27
63.44 82.26
64.59 82.25
65.77 82.24
66.96 82.23
68.18 82.23
69.42 82.22
70.69 82.21
71.97 82.21
73.28 82.20
74.62 82.20
75.97 82.19
77.36 82.18
78.76 82.18
80.2 82.17
81.66 82.16
83.14 82.15
84.66 82.14
86.2 82.13
87.77 82.11
89.36 82.10
90.99 82.08
92.65 82.06
94.33 82.04
96.05 82.02
97.8 82.00
99.58 81.98
101.39 81.96
103.23 81.94
105.11 81.92
107.03 81.90
108.97 81.88
110.96 81.86
112.98 81.84
115.03 81.82
117.13 81.80
119.26 81.78
121.43 81.77
123.64 81.74
125.89 81.72
128.18 81.70
130.51 81.67
132.89 81.65
135.31 81.62
137.77 81.59
140.28 81.56
142.83 81.52
145.43 81.49
148.07 81.45
150.77 81.42
153.51 81.38
156.31 81.34
159.15 81.30
162.05 81.27
165 81.23
168 81.19
171.06 81.15
174.17 81.11
177.34 81.06
180.57 81.02
183.86 80.98
187.2 80.94
190.61 80.89
194.08 80.85
197.61 80.80
201.21 80.76
204.87 80.71
208.6 80.67
212.39 80.62
216.26 80.58
220.19 80.53
224.2 80.47
228.28 80.42
232.44 80.36
236.67 80.31
240.97 80.25
245.36 80.18
249.82 80.12
254.37 80.06
259 79.99
263.71 79.92
268.51 79.85
273.4 79.78
278.38 79.71
283.44 79.63
288.6 79.55
293.85 79.47
299.2 79.39
304.65 79.31
310.19 79.23
315.84 79.15
321.59 79.07
327.44 78.99
333.4 78.92
339.47 78.84
345.64 78.76
351.93 78.68
358.34 78.60
364.86 78.51
371.5 78.42
378.26 78.33
385.15 78.24
392.16 78.15
399.29 78.05
406.56 77.96
413.96 77.86
421.49 77.76
429.16 77.66
436.97 77.56
444.93 77.46
453.02 77.36
461.27 77.27
469.66 77.17
478.21 77.07
486.91 76.98
495.78 76.89
504.8 76.80
513.99 76.71
523.34 76.62
532.87 76.53
542.56 76.44
552.44 76.34
562.49 76.25
572.73 76.16
583.15 76.07
593.77 75.98
604.57 75.89
615.57 75.81
626.78 75.72
638.18 75.64
649.8 75.56
661.63 75.48
673.67 75.40
685.93 75.33
698.41 75.26
711.12 75.20
724.06 75.14
737.24 75.07
750.66 75.01
764.32 74.94
778.23 74.89
792.39 74.83
806.82 74.79
821.5 74.75
836.45 74.71
851.67 74.69
867.17 74.68
882.96 74.68
899.02 74.69
915.39 74.72
932.05 74.75
949.01 74.79
966.28 74.85
983.87 74.92
1001.77 75.01
1020 75.11
1038.57 75.23
1057.47 75.36
1076.71 75.52
1096.31 75.68
1116.26 75.86
1136.58 76.05
1157.26 76.24
1178.32 76.45
1199.77 76.67
1221.6 76.89
1243.84 77.11
1266.47 77.33
1289.52 77.56
1312.99 77.79
1336.89 78.02
1361.22 78.25
1385.99 78.47
1411.22 78.70
1436.9 78.94
1463.05 79.18
1489.68 79.43
1516.79 79.68
1544.4 79.94
1572.5 80.20
1601.12 80.47
1630.26 80.75
1659.93 81.05
1690.14 81.36
1720.9 81.67
1752.22 81.98
1784.11 82.30
1816.58 82.61
1849.64 82.94
1883.3 83.27
1917.58 83.60
1952.48 83.92
1988.01 84.25
2024.19 84.58
2061.03 84.90
2098.54 85.22
2136.73 85.54
2175.62 85.85
2215.22 86.14
2255.53 86.39
2296.58 86.60
2338.38 86.76
2380.94 86.84
2424.27 86.83
2468.39 86.75
2513.31 86.58
2559.05 86.35
2605.63 86.07
2653.05 85.76
2701.33 85.44
2750.5 85.11
2800.55 84.79
2851.52 84.50
2903.42 84.23
2956.26 83.99
3010.06 83.78
3064.85 83.58
3120.62 83.39
3177.42 83.19
3235.25 82.98
3294.13 82.74
3354.08 82.47
3415.12 82.17
3477.27 81.84
3540.56 81.48
3605 81.10
3670.6 80.72
3737.41 80.37
3805.43 80.06
3874.68 79.82
3945.2 79.68
4017 79.66
4090.11 79.77
4164.55 80.03
4240.34 80.41
4317.51 80.92
4396.09 81.49
4476.1 82.08
4557.56 82.61
4640.5 83.02
4724.96 83.25
4810.95 83.25
4898.51 83.02
4987.66 82.60
5078.43 82.05
5170.86 81.45
5264.97 80.90
5360.79 80.44
5458.35 80.12
5557.69 79.94
5658.84 79.86
5761.82 79.85
5866.69 79.86
5973.46 79.86
6082.17 79.83
6192.87 79.79
6305.57 79.73
6420.33 79.70
6537.18 79.70
6656.15 79.78
6777.29 79.97
6900.63 80.28
7026.22 80.75
7154.1 81.41
7284.3 82.23
7416.87 83.20
7551.85 84.24
7689.29 85.24
7829.23 86.04
7971.72 86.46
8116.8 86.37
8264.53 85.72
8414.94 84.56
8568.09 83.05
8724.02 81.37
8882.79 79.68
9044.46 78.08
9209.06 76.62
9376.66 75.33
9547.31 74.19
9721.07 73.17
9897.99 72.25
10078.13 71.41
10261.55 70.62
10448.3 69.88
10638.45 69.17
10832.07 68.52
11029.21 67.92
11229.94 67.36
11434.32 66.83
11642.41 66.31
11854.3 65.76
12070.04 65.14
12289.71 64.44
12513.38 63.71
12741.12 63.07
12973 62.70
13209.1 62.69
13449.5 63.04
13694.28 63.66
13943.51 64.41
14197.27 65.18
14455.66 65.86
14718.74 66.30
14986.62 66.38
15259.37 65.91
15537.08 64.75
15819.85 62.77
16107.76 59.99
16400.92 56.61
16699.41 53.09
17003.33 50.06
17312.78 47.94
17627.86 46.78
17948.68 46.42
18275.34 46.62
18607.94 47.16
18946.6 47.88
19291.42 48.62
19642.52 49.32
20000 49.99
