20 82.27
20.36 82.27
20.73 82.27
21.11 82.27
21.5 82.28
21.89 82.28
22.29 82.28
22.69 82.28
23.1 82.28
23.52 82.27
23.95 82.27
24.39 82.27
24.83 82.26
25.28 82.26
25.74 82.25
26.21 82.24
26.69 82.23
27.18 82.22
27.67 82.21
28.17 82.19
28.69 82.18
29.21 82.16
29.74 82.14
30.28 82.12
30.83 82.09
31.39 82.06
31.97 82.04
32.55 82.00
33.14 81.97
33.74 81.94
34.36 81.90
34.98 81.86
35.62 81.81
36.27 81.77
36.93 81.72
37.6 81.67
38.28 81.62
38.98 81.57
39.69 81.51
40.41 81.45
41.15 81.40
41.9 81.33
42.66 81.27
43.44 81.21
44.23 81.14
45.03 81.08
45.85 81.01
46.68 80.94
47.53 80.87
48.4 80.79
49.28 80.72
50.18 80.65
51.09 80.57
52.02 80.50
52.97 80.42
53.93 80.34
54.91 80.27
55.91 80.19
56.93 80.11
57.97 80.03
59.02 79.96
60.09 79.88
61.19 79.81
62.3 79.73
63.44 79.65
64.59 79.57
65.77 79.50
66.96 79.41
68.18 79.33
69.42 79.25
70.69 79.16
71.97 79.08
73.28 78.98
74.62 78.89
75.97 78.80
77.36 78.70
78.76 78.61
80.2 78.52
81.66 78.43
83.14 78.34
84.66 78.25
86.2 78.17
87.77 78.09
89.36 78.02
90.99 77.94
92.65 77.87
94.33 77.80
96.05 77.73
97.8 77.66
99.58 77.59
101.39 77.52
103.23 77.45
105.11 77.38
107.03 77.31
108.97 77.24
110.96 77.17
112.98 77.10
115.03 77.03
117.13 76.96
119.26 76.89
121.43 76.82
123.64 76.75
125.89 76.69
128.18 76.62
130.51 76.55
132.89 76.49
135.31 76.43
137.77 76.37
140.28 76.32
142.83 76.26
145.43 76.21
148.07 76.16
150.77 76.11
153.51 76.06
156.31 76.02
159.15 75.97
162.05 75.93
165 75.89
168 75.85
171.06 75.81
174.17 75.78
177.34 75.75
180.57 75.71
183.86 75.69
187.2 75.66
190.61 75.63
194.08 75.61
197.61 75.58
201.21 75.56
204.87 75.53
208.6 75.50
212.39 75.46
216.26 75.43
220.19 75.40
224.2 75.36
228.28 75.33
232.44 75.29
236.67 75.26
240.97 75.22
245.36 75.19
249.82 75.16
254.37 75.14
259 75.11
263.71 75.09
268.51 75.07
273.4 75.05
278.38 75.04
283.44 75.02
288.6 75.00
293.85 74.98
299.2 74.97
304.65 74.94
310.19 74.92
315.84 74.90
321.59 74.88
327.44 74.86
333.4 74.84
339.47 74.81
345.64 74.78
351.93 74.76
358.34 74.72
364.86 74.69
371.5 74.65
378.26 74.61
385.15 74.57
392.16 74.53
399.29 74.48
406.56 74.45
413.96 74.42
421.49 74.39
429.16 74.38
436.97 74.36
444.93 74.36
453.02 74.36
461.27 74.36
469.66 74.36
478.21 74.35
486.91 74.35
495.78 74.34
504.8 74.34
513.99 74.33
523.34 74.32
532.87 74.31
542.56 74.29
552.44 74.28
562.49 74.27
572.73 74.26
583.15 74.25
593.77 74.24
604.57 74.23
615.57 74.22
626.78 74.22
638.18 74.21
649.8 74.21
661.63 74.21
673.67 74.21
685.93 74.22
698.41 74.22
711.12 74.23
724.06 74.24
737.24 74.25
750.66 74.26
764.32 74.27
778.23 74.28
792.39 74.29
806.82 74.30
821.5 74.32
836.45 74.34
851.67 74.36
867.17 74.40
882.96 74.44
899.02 74.48
915.39 74.54
932.05 74.61
949.01 74.70
966.28 74.79
983.87 74.90
1001.77 75.01
1020 75.13
1038.57 75.27
1057.47 75.42
1076.71 75.58
1096.31 75.75
1116.26 75.94
1136.58 76.14
1157.26 76.34
1178.32 76.55
1199.77 76.76
1221.6 76.97
1243.84 77.17
1266.47 77.36
1289.52 77.54
1312.99 77.72
1336.89 77.88
1361.22 78.03
1385.99 78.17
1411.22 78.29
1436.9 78.41
1463.05 78.51
1489.68 78.60
1516.79 78.68
1544.4 78.75
1572.5 78.80
1601.12 78.85
1630.26 78.89
1659.93 78.93
1690.14 78.96
1720.9 78.98
1752.22 79.00
1784.11 79.02
1816.58 79.03
1849.64 79.04
1883.3 79.05
1917.58 79.06
1952.48 79.07
1988.01 79.08
2024.19 79.10
2061.03 79.14
2098.54 79.18
2136.73 79.24
2175.62 79.31
2215.22 79.41
2255.53 79.53
2296.58 79.67
2338.38 79.84
2380.94 80.03
2424.27 80.24
2468.39 80.47
2513.31 80.71
2559.05 80.97
2605.63 81.25
2653.05 81.53
2701.33 81.80
2750.5 82.07
2800.55 82.30
2851.52 82.50
2903.42 82.65
2956.26 82.73
3010.06 82.75
3064.85 82.69
3120.62 82.57
3177.42 82.39
3235.25 82.15
3294.13 81.87
3354.08 81.55
3415.12 81.19
3477.27 80.82
3540.56 80.43
3605 80.03
3670.6 79.63
3737.41 79.23
3805.43 78.84
3874.68 78.46
3945.2 78.11
4017 77.80
4090.11 77.51
4164.55 77.27
4240.34 77.05
4317.51 76.86
4396.09 76.70
4476.1 76.58
4557.56 76.48
4640.5 76.42
4724.96 76.38
4810.95 76.36
4898.51 76.36
4987.66 76.38
5078.43 76.39
5170.86 76.41
5264.97 76.43
5360.79 76.45
5458.35 76.47
5557.69 76.49
5658.84 76.53
5761.82 76.59
5866.69 76.71
5973.46 76.89
6082.17 77.17
6192.87 77.56
6305.57 78.06
6420.33 78.67
6537.18 79.36
6656.15 80.10
6777.29 80.83
6900.63 81.49
7026.22 82.03
7154.1 82.45
7284.3 82.74
7416.87 82.89
7551.85 82.89
7689.29 82.67
7829.23 82.19
7971.72 81.40
8116.8 80.27
8264.53 78.84
8414.94 77.19
8568.09 75.44
8724.02 73.70
8882.79 72.07
9044.46 70.60
9209.06 69.32
9376.66 68.25
9547.31 67.38
9721.07 66.70
9897.99 66.20
10078.13 65.86
10261.55 65.65
10448.3 65.52
10638.45 65.40
10832.07 65.18
11029.21 64.77
11229.94 64.06
11434.32 63.06
11642.41 61.83
11854.3 60.59
12070.04 59.58
12289.71 59.09
12513.38 59.28
12741.12 60.18
12973 61.69
13209.1 63.58
13449.5 65.61
13694.28 67.58
13943.51 69.33
14197.27 70.75
14455.66 71.81
14718.74 72.52
14986.62 72.91
15259.37 73.03
15537.08 72.89
15819.85 72.43
16107.76 71.62
16400.92 70.47
16699.41 69.07
17003.33 67.61
17312.78 66.31
17627.86 65.35
17948.68 64.85
18275.34 64.83
18607.94 65.20
18946.6 65.83
19291.42 66.56
19642.52 67.29
20000 68.01
