20 81.94
20.36 81.96
20.73 81.98
21.11 82.01
21.5 82.03
21.89 82.05
22.29 82.07
22.69 82.09
23.1 82.11
23.52 82.13
23.95 82.15
24.39 82.17
24.83 82.18
25.28 82.20
25.74 82.22
26.21 82.23
26.69 82.24
27.18 82.25
27.67 82.26
28.17 82.27
28.69 82.28
29.21 82.29
29.74 82.29
30.28 82.29
30.83 82.30
31.39 82.30
31.97 82.29
32.55 82.29
33.14 82.28
33.74 82.27
34.36 82.26
34.98 82.25
35.62 82.24
36.27 82.22
36.93 82.20
37.6 82.18
38.28 82.16
38.98 82.14
39.69 82.11
40.41 82.09
41.15 82.06
41.9 82.03
42.66 82.00
43.44 81.96
44.23 81.93
45.03 81.89
45.85 81.85
46.68 81.81
47.53 81.77
48.4 81.72
49.28 81.68
50.18 81.63
51.09 81.59
52.02 81.54
52.97 81.49
53.93 81.44
54.91 81.39
55.91 81.33
56.93 81.28
57.97 81.22
59.02 81.17
60.09 81.11
61.19 81.05
62.3 81.00
63.44 80.93
64.59 80.87
65.77 80.81
66.96 80.74
68.18 80.67
69.42 80.60
70.69 80.53
71.97 80.45
73.28 80.37
74.62 80.29
75.97 80.20
77.36 80.11
78.76 80.03
80.2 79.94
81.66 79.85
83.14 79.76
84.66 79.67
86.2 79.58
87.77 79.49
89.36 79.40
90.99 79.30
92.65 79.20
94.33 79.10
96.05 78.99
97.8 78.88
99.58 78.75
101.39 78.62
103.23 78.49
105.11 78.35
107.03 78.21
108.97 78.06
110.96 77.92
112.98 77.78
115.03 77.64
117.13 77.50
119.26 77.37
121.43 77.23
123.64 77.08
125.89 76.94
128.18 76.79
130.51 76.64
132.89 76.49
135.31 76.33
137.77 76.17
140.28 76.01
142.83 75.85
145.43 75.69
148.07 75.53
150.77 75.37
153.51 75.21
156.31 75.05
159.15 74.89
162.05 74.73
165 74.57
168 74.41
171.06 74.26
174.17 74.11
177.34 73.97
180.57 73.83
183.86 73.71
187.2 73.59
190.61 73.47
194.08 73.36
197.61 73.25
201.21 73.14
204.87 73.04
208.6 72.94
212.39 72.85
216.26 72.76
220.19 72.67
224.2 72.59
228.28 72.51
232.44 72.44
236.67 72.37
240.97 72.32
245.36 72.27
249.82 72.22
254.37 72.19
259 72.16
263.71 72.14
268.51 72.14
273.4 72.13
278.38 72.14
283.44 72.16
288.6 72.18
293.85 72.20
299.2 72.24
304.65 72.27
310.19 72.31
315.84 72.35
321.59 72.39
327.44 72.43
333.4 72.46
339.47 72.50
345.64 72.53
351.93 72.56
358.34 72.59
364.86 72.63
371.5 72.67
378.26 72.70
385.15 72.74
392.16 72.78
399.29 72.83
406.56 72.87
413.96 72.91
421.49 72.95
429.16 72.99
436.97 73.03
444.93 73.06
453.02 73.10
461.27 73.14
469.66 73.17
478.21 73.21
486.91 73.25
495.78 73.29
504.8 73.33
513.99 73.37
523.34 73.41
532.87 73.45
542.56 73.48
552.44 73.51
562.49 73.53
572.73 73.55
583.15 73.57
593.77 73.59
604.57 73.61
615.57 73.63
626.78 73.65
638.18 73.67
649.8 73.70
661.63 73.72
673.67 73.74
685.93 73.76
698.41 73.78
711.12 73.81
724.06 73.83
737.24 73.85
750.66 73.87
764.32 73.89
778.23 73.92
792.39 73.95
806.82 73.98
821.5 74.03
836.45 74.08
851.67 74.13
867.17 74.20
882.96 74.26
899.02 74.34
915.39 74.42
932.05 74.52
949.01 74.62
966.28 74.74
983.87 74.87
1001.77 75.01
1020 75.17
1038.57 75.34
1057.47 75.53
1076.71 75.72
1096.31 75.93
1116.26 76.14
1136.58 76.36
1157.26 76.58
1178.32 76.80
1199.77 77.01
1221.6 77.22
1243.84 77.42
1266.47 77.61
1289.52 77.78
1312.99 77.94
1336.89 78.08
1361.22 78.20
1385.99 78.30
1411.22 78.38
1436.9 78.44
1463.05 78.49
1489.68 78.52
1516.79 78.54
1544.4 78.55
1572.5 78.56
1601.12 78.57
1630.26 78.58
1659.93 78.59
1690.14 78.57
1720.9 78.53
1752.22 78.45
1784.11 78.33
1816.58 78.14
1849.64 77.90
1883.3 77.60
1917.58 77.26
1952.48 76.90
1988.01 76.52
2024.19 76.17
2061.03 75.85
2098.54 75.59
2136.73 75.39
2175.62 75.27
2215.22 75.22
2255.53 75.23
2296.58 75.29
2338.38 75.37
2380.94 75.44
2424.27 75.50
2468.39 75.53
2513.31 75.51
2559.05 75.47
2605.63 75.42
2653.05 75.36
2701.33 75.32
2750.5 75.30
2800.55 75.31
2851.52 75.36
2903.42 75.45
2956.26 75.58
3010.06 75.76
3064.85 75.98
3120.62 76.25
3177.42 76.55
3235.25 76.89
3294.13 77.25
3354.08 77.62
3415.12 77.99
3477.27 78.33
3540.56 78.62
3605 78.84
3670.6 78.96
3737.41 78.96
3805.43 78.83
3874.68 78.57
3945.2 78.19
4017 77.70
4090.11 77.12
4164.55 76.46
4240.34 75.75
4317.51 75.03
4396.09 74.38
4476.1 73.86
4557.56 73.54
4640.5 73.46
4724.96 73.60
4810.95 73.91
4898.51 74.31
4987.66 74.71
5078.43 75.04
5170.86 75.29
5264.97 75.44
5360.79 75.52
5458.35 75.58
5557.69 75.66
5658.84 75.82
5761.82 76.09
5866.69 76.50
5973.46 77.03
6082.17 77.67
6192.87 78.33
6305.57 78.92
6420.33 79.33
6537.18 79.48
6656.15 79.31
6777.29 78.83
6900.63 78.12
7026.22 77.28
7154.1 76.43
7284.3 75.68
7416.87 75.11
7551.85 74.76
7689.29 74.69
7829.23 74.89
7971.72 75.34
8116.8 75.94
8264.53 76.53
8414.94 76.94
8568.09 76.96
8724.02 76.45
8882.79 75.43
9044.46 73.99
9209.06 72.31
9376.66 70.55
9547.31 68.81
9721.07 67.14
9897.99 65.57
10078.13 64.12
10261.55 62.84
10448.3 61.81
10638.45 61.14
10832.07 60.88
11029.21 61.03
11229.94 61.51
11434.32 62.26
11642.41 63.17
11854.3 64.16
12070.04 65.15
12289.71 66.07
12513.38 66.83
12741.12 67.35
12973 67.57
13209.1 67.44
13449.5 66.98
13694.28 66.22
13943.51 65.27
14197.27 64.28
14455.66 63.45
14718.74 62.93
14986.62 62.82
15259.37 63.12
15537.08 63.70
15819.85 64.31
16107.76 64.60
16400.92 64.23
16699.41 63.00
17003.33 60.85
17312.78 57.91
17627.86 54.44
17948.68 50.85
18275.34 47.62
18607.94 45.14
18946.6 43.46
19291.42 42.41
19642.52 41.70
20000 41.09
