20 73.55
20.36 73.64
20.73 73.72
21.11 73.80
21.5 73.88
21.89 73.96
22.29 74.04
22.69 74.12
23.1 74.20
23.52 74.28
23.95 74.35
24.39 74.43
24.83 74.50
25.28 74.57
25.74 74.64
26.21 74.71
26.69 74.78
27.18 74.85
27.67 74.91
28.17 74.98
28.69 75.04
29.21 75.10
29.74 75.15
30.28 75.21
30.83 75.26
31.39 75.31
31.97 75.36
32.55 75.40
33.14 75.44
33.74 75.48
34.36 75.52
34.98 75.55
35.62 75.58
36.27 75.61
36.93 75.64
37.6 75.67
38.28 75.69
38.98 75.72
39.69 75.74
40.41 75.77
41.15 75.79
41.9 75.81
42.66 75.83
43.44 75.85
44.23 75.87
45.03 75.89
45.85 75.92
46.68 75.94
47.53 75.96
48.4 75.98
49.28 76.01
50.18 76.03
51.09 76.05
52.02 76.07
52.97 76.09
53.93 76.11
54.91 76.13
55.91 76.15
56.93 76.17
57.97 76.18
59.02 76.20
60.09 76.21
61.19 76.22
62.3 76.23
63.44 76.24
64.59 76.25
65.77 76.25
66.96 76.26
68.18 76.26
69.42 76.27
70.69 76.27
71.97 76.28
73.28 76.28
74.62 76.28
75.97 76.29
77.36 76.29
78.76 76.29
80.2 76.29
81.66 76.29
83.14 76.29
84.66 76.28
86.2 76.28
87.77 76.27
89.36 76.26
90.99 76.25
92.65 76.23
94.33 76.22
96.05 76.22
97.8 76.21
99.58 76.20
101.39 76.20
103.23 76.20
105.11 76.20
107.03 76.20
108.97 76.19
110.96 76.19
112.98 76.19
115.03 76.19
117.13 76.18
119.26 76.17
121.43 76.17
123.64 76.16
125.89 76.14
128.18 76.13
130.51 76.12
132.89 76.10
135.31 76.09
137.77 76.07
140.28 76.05
142.83 76.03
145.43 76.01
148.07 76.00
150.77 75.98
153.51 75.97
156.31 75.95
159.15 75.94
162.05 75.94
165 75.93
168 75.92
171.06 75.91
174.17 75.91
177.34 75.90
180.57 75.91
183.86 75.91
187.2 75.91
190.61 75.91
194.08 75.91
197.61 75.90
201.21 75.89
204.87 75.87
208.6 75.85
212.39 75.82
216.26 75.79
220.19 75.76
224.2 75.72
228.28 75.68
232.44 75.65
236.67 75.61
240.97 75.57
245.36 75.53
249.82 75.50
254.37 75.47
259 75.44
263.71 75.42
268.51 75.39
273.4 75.36
278.38 75.33
283.44 75.30
288.6 75.27
293.85 75.23
299.2 75.19
304.65 75.15
310.19 75.11
315.84 75.06
321.59 75.01
327.44 74.96
333.4 74.92
339.47 74.87
345.64 74.83
351.93 74.78
358.34 74.74
364.86 74.69
371.5 74.64
378.26 74.59
385.15 74.54
392.16 74.49
399.29 74.44
406.56 74.38
413.96 74.32
421.49 74.26
429.16 74.20
436.97 74.14
444.93 74.07
453.02 74.00
461.27 73.94
469.66 73.88
478.21 73.81
486.91 73.75
495.78 73.69
504.8 73.63
513.99 73.57
523.34 73.51
532.87 73.45
542.56 73.39
552.44 73.33
562.49 73.27
572.73 73.21
583.15 73.15
593.77 73.09
604.57 73.04
615.57 72.99
626.78 72.94
638.18 72.90
649.8 72.86
661.63 72.82
673.67 72.80
685.93 72.78
698.41 72.76
711.12 72.76
724.06 72.77
737.24 72.79
750.66 72.81
764.32 72.85
778.23 72.91
792.39 72.97
806.82 73.05
821.5 73.14
836.45 73.25
851.67 73.37
867.17 73.50
882.96 73.64
899.02 73.79
915.39 73.96
932.05 74.15
949.01 74.35
966.28 74.56
983.87 74.79
1001.77 75.02
1020 75.27
1038.57 75.53
1057.47 75.81
1076.71 76.10
1096.31 76.40
1116.26 76.69
1136.58 76.99
1157.26 77.28
1178.32 77.56
1199.77 77.84
1221.6 78.10
1243.84 78.34
1266.47 78.57
1289.52 78.78
1312.99 78.97
1336.89 79.15
1361.22 79.31
1385.99 79.46
1411.22 79.59
1436.9 79.71
1463.05 79.82
1489.68 79.92
1516.79 80.01
1544.4 80.09
1572.5 80.17
1601.12 80.25
1630.26 80.32
1659.93 80.39
1690.14 80.46
1720.9 80.52
1752.22 80.56
1784.11 80.59
1816.58 80.60
1849.64 80.59
1883.3 80.56
1917.58 80.51
1952.48 80.43
1988.01 80.33
2024.19 80.19
2061.03 80.04
2098.54 79.86
2136.73 79.67
2175.62 79.46
2215.22 79.24
2255.53 79.02
2296.58 78.79
2338.38 78.57
2380.94 78.37
2424.27 78.18
2468.39 78.03
2513.31 77.91
2559.05 77.82
2605.63 77.77
2653.05 77.76
2701.33 77.78
2750.5 77.85
2800.55 77.96
2851.52 78.11
2903.42 78.31
2956.26 78.53
3010.06 78.78
3064.85 79.05
3120.62 79.31
3177.42 79.55
3235.25 79.74
3294.13 79.85
3354.08 79.87
3415.12 79.77
3477.27 79.56
3540.56 79.21
3605 78.75
3670.6 78.19
3737.41 77.53
3805.43 76.81
3874.68 76.05
3945.2 75.28
4017 74.53
4090.11 73.82
4164.55 73.17
4240.34 72.59
4317.51 72.08
4396.09 71.66
4476.1 71.33
4557.56 71.06
4640.5 70.85
4724.96 70.66
4810.95 70.47
4898.51 70.28
4987.66 70.09
5078.43 69.94
5170.86 69.86
5264.97 69.89
5360.79 70.07
5458.35 70.42
5557.69 70.95
5658.84 71.65
5761.82 72.49
5866.69 73.44
5973.46 74.45
6082.17 75.42
6192.87 76.27
6305.57 76.91
6420.33 77.27
6537.18 77.33
6656.15 77.12
6777.29 76.73
6900.63 76.27
7026.22 75.85
7154.1 75.55
7284.3 75.41
7416.87 75.45
7551.85 75.66
7689.29 75.98
7829.23 76.34
7971.72 76.67
8116.8 76.86
8264.53 76.84
8414.94 76.59
8568.09 76.11
8724.02 75.45
8882.79 74.70
9044.46 73.92
9209.06 73.17
9376.66 72.42
9547.31 71.61
9721.07 70.70
9897.99 69.64
10078.13 68.46
10261.55 67.20
10448.3 65.87
10638.45 64.51
10832.07 63.23
11029.21 62.18
11229.94 61.52
11434.32 61.34
11642.41 61.65
11854.3 62.40
12070.04 63.45
12289.71 64.67
12513.38 65.92
12741.12 67.09
12973 68.10
13209.1 68.93
13449.5 69.59
13694.28 70.12
13943.51 70.58
14197.27 70.99
14455.66 71.38
14718.74 71.72
14986.62 71.95
15259.37 72.01
15537.08 71.83
15819.85 71.39
16107.76 70.76
16400.92 70.04
16699.41 69.36
17003.33 68.84
17312.78 68.56
17627.86 68.54
17948.68 68.76
18275.34 69.10
18607.94 69.43
18946.6 69.62
19291.42 69.61
19642.52 69.44
20000 69.21
