20 80.20
20.36 80.19
20.73 80.17
21.11 80.16
21.5 80.15
21.89 80.14
22.29 80.13
22.69 80.12
23.1 80.11
23.52 80.10
23.95 80.09
24.39 80.08
24.83 80.07
25.28 80.06
25.74 80.05
26.21 80.04
26.69 80.03
27.18 80.02
27.67 80.01
28.17 80.00
28.69 79.99
29.21 79.98
29.74 79.98
30.28 79.97
30.83 79.96
31.39 79.95
31.97 79.95
32.55 79.94
33.14 79.93
33.74 79.93
34.36 79.92
34.98 79.91
35.62 79.91
36.27 79.90
36.93 79.89
37.6 79.88
38.28 79.87
38.98 79.86
39.69 79.85
40.41 79.84
41.15 79.83
41.9 79.81
42.66 79.80
43.44 79.78
44.23 79.76
45.03 79.74
45.85 79.72
46.68 79.69
47.53 79.66
48.4 79.64
49.28 79.61
50.18 79.58
51.09 79.55
52.02 79.52
52.97 79.48
53.93 79.45
54.91 79.42
55.91 79.40
56.93 79.37
57.97 79.34
59.02 79.32
60.09 79.29
61.19 79.27
62.3 79.25
63.44 79.23
64.59 79.20
65.77 79.18
66.96 79.15
68.18 79.12
69.42 79.08
70.69 79.05
71.97 79.00
73.28 78.95
74.62 78.90
75.97 78.85
77.36 78.79
78.76 78.74
80.2 78.68
81.66 78.63
83.14 78.58
84.66 78.53
86.2 78.49
87.77 78.45
89.36 78.42
90.99 78.39
92.65 78.35
94.33 78.32
96.05 78.28
97.8 78.24
99.58 78.19
101.39 78.13
103.23 78.07
105.11 78.01
107.03 77.95
108.97 77.88
110.96 77.81
112.98 77.74
115.03 77.67
117.13 77.60
119.26 77.53
121.43 77.46
123.64 77.38
125.89 77.31
128.18 77.23
130.51 77.14
132.89 77.06
135.31 76.97
137.77 76.88
140.28 76.79
142.83 76.69
145.43 76.59
148.07 76.49
150.77 76.39
153.51 76.29
156.31 76.19
159.15 76.09
162.05 75.98
165 75.87
168 75.76
171.06 75.64
174.17 75.51
177.34 75.39
180.57 75.26
183.86 75.12
187.2 74.99
190.61 74.85
194.08 74.70
197.61 74.56
201.21 74.42
204.87 74.28
208.6 74.15
212.39 74.01
216.26 73.88
220.19 73.75
224.2 73.61
228.28 73.48
232.44 73.35
236.67 73.21
240.97 73.08
245.36 72.94
249.82 72.81
254.37 72.68
259 72.56
263.71 72.43
268.51 72.31
273.4 72.20
278.38 72.10
283.44 72.00
288.6 71.90
293.85 71.81
299.2 71.72
304.65 71.64
310.19 71.57
315.84 71.50
321.59 71.44
327.44 71.39
333.4 71.33
339.47 71.29
345.64 71.25
351.93 71.21
358.34 71.19
364.86 71.16
371.5 71.15
378.26 71.14
385.15 71.14
392.16 71.14
399.29 71.14
406.56 71.15
413.96 71.17
421.49 71.19
429.16 71.22
436.97 71.25
444.93 71.29
453.02 71.33
461.27 71.37
469.66 71.41
478.21 71.46
486.91 71.51
495.78 71.56
504.8 71.61
513.99 71.67
523.34 71.72
532.87 71.77
542.56 71.82
552.44 71.88
562.49 71.93
572.73 71.98
583.15 72.04
593.77 72.10
604.57 72.16
615.57 72.23
626.78 72.29
638.18 72.36
649.8 72.43
661.63 72.50
673.67 72.57
685.93 72.64
698.41 72.70
711.12 72.78
724.06 72.85
737.24 72.93
750.66 73.00
764.32 73.08
778.23 73.17
792.39 73.25
806.82 73.34
821.5 73.44
836.45 73.54
851.67 73.65
867.17 73.76
882.96 73.89
899.02 74.02
915.39 74.16
932.05 74.31
949.01 74.47
966.28 74.64
983.87 74.82
1001.77 75.02
1020 75.23
1038.57 75.46
1057.47 75.71
1076.71 75.97
1096.31 76.25
1116.26 76.53
1136.58 76.82
1157.26 77.11
1178.32 77.40
1199.77 77.68
1221.6 77.95
1243.84 78.19
1266.47 78.42
1289.52 78.61
1312.99 78.78
1336.89 78.92
1361.22 79.03
1385.99 79.10
1411.22 79.13
1436.9 79.13
1463.05 79.10
1489.68 79.03
1516.79 78.93
1544.4 78.81
1572.5 78.65
1601.12 78.46
1630.26 78.25
1659.93 78.01
1690.14 77.76
1720.9 77.50
1752.22 77.23
1784.11 76.96
1816.58 76.67
1849.64 76.38
1883.3 76.08
1917.58 75.77
1952.48 75.47
1988.01 75.18
2024.19 74.89
2061.03 74.62
2098.54 74.36
2136.73 74.12
2175.62 73.89
2215.22 73.67
2255.53 73.46
2296.58 73.26
2338.38 73.07
2380.94 72.90
2424.27 72.73
2468.39 72.59
2513.31 72.46
2559.05 72.36
2605.63 72.27
2653.05 72.21
2701.33 72.17
2750.5 72.14
2800.55 72.13
2851.52 72.15
2903.42 72.19
2956.26 72.25
3010.06 72.34
3064.85 72.47
3120.62 72.65
3177.42 72.88
3235.25 73.18
3294.13 73.55
3354.08 73.99
3415.12 74.47
3477.27 74.98
3540.56 75.46
3605 75.86
3670.6 76.13
3737.41 76.25
3805.43 76.18
3874.68 75.92
3945.2 75.50
4017 74.95
4090.11 74.31
4164.55 73.61
4240.34 72.90
4317.51 72.21
4396.09 71.56
4476.1 70.97
4557.56 70.45
4640.5 70.01
4724.96 69.66
4810.95 69.40
4898.51 69.24
4987.66 69.20
5078.43 69.27
5170.86 69.50
5264.97 69.87
5360.79 70.41
5458.35 71.09
5557.69 71.90
5658.84 72.77
5761.82 73.64
5866.69 74.42
5973.46 75.01
6082.17 75.35
6192.87 75.44
6305.57 75.36
6420.33 75.33
6537.18 75.56
6656.15 76.14
6777.29 77.03
6900.63 78.00
7026.22 78.88
7154.1 79.53
7284.3 79.89
7416.87 79.90
7551.85 79.48
7689.29 78.60
7829.23 77.28
7971.72 75.60
8116.8 73.73
8264.53 71.82
8414.94 69.97
8568.09 68.29
8724.02 66.82
8882.79 65.56
9044.46 64.50
9209.06 63.61
9376.66 62.86
9547.31 62.22
9721.07 61.67
9897.99 61.17
10078.13 60.69
10261.55 60.20
10448.3 59.66
10638.45 59.04
10832.07 58.34
11029.21 57.56
11229.94 56.75
11434.32 55.98
11642.41 55.31
11854.3 54.81
12070.04 54.54
12289.71 54.54
12513.38 54.80
12741.12 55.28
12973 55.92
13209.1 56.62
13449.5 57.33
13694.28 58.02
13943.51 58.71
14197.27 59.44
14455.66 60.24
14718.74 61.19
14986.62 62.31
15259.37 63.65
15537.08 65.16
15819.85 66.80
16107.76 68.43
16400.92 69.88
16699.41 71.02
17003.33 71.72
17312.78 71.90
17627.86 71.56
17948.68 70.74
18275.34 69.57
18607.94 68.22
18946.6 66.85
19291.42 65.54
19642.52 64.29
20000 63.07
