20 72.03
20.36 72.13
20.73 72.23
21.11 72.33
21.5 72.43
21.89 72.53
22.29 72.63
22.69 72.73
23.1 72.83
23.52 72.93
23.95 73.02
24.39 73.12
24.83 73.21
25.28 73.31
25.74 73.40
26.21 73.49
26.69 73.58
27.18 73.67
27.67 73.76
28.17 73.84
28.69 73.93
29.21 74.01
29.74 74.09
30.28 74.17
30.83 74.25
31.39 74.33
31.97 74.40
32.55 74.48
33.14 74.55
33.74 74.61
34.36 74.68
34.98 74.75
35.62 74.81
36.27 74.87
36.93 74.92
37.6 74.98
38.28 75.03
38.98 75.08
39.69 75.13
40.41 75.18
41.15 75.22
41.9 75.26
42.66 75.30
43.44 75.34
44.23 75.37
45.03 75.40
45.85 75.43
46.68 75.46
47.53 75.48
48.4 75.50
49.28 75.52
50.18 75.54
51.09 75.56
52.02 75.57
52.97 75.58
53.93 75.59
54.91 75.60
55.91 75.61
56.93 75.62
57.97 75.62
59.02 75.63
60.09 75.63
61.19 75.63
62.3 75.63
63.44 75.63
64.59 75.63
65.77 75.62
66.96 75.61
68.18 75.61
69.42 75.59
70.69 75.57
71.97 75.55
73.28 75.53
74.62 75.50
75.97 75.47
77.36 75.44
78.76 75.41
80.2 75.37
81.66 75.34
83.14 75.30
84.66 75.26
86.2 75.23
87.77 75.19
89.36 75.16
90.99 75.12
92.65 75.09
94.33 75.05
96.05 75.00
97.8 74.96
99.58 74.91
101.39 74.86
103.23 74.80
105.11 74.74
107.03 74.68
108.97 74.62
110.96 74.56
112.98 74.49
115.03 74.42
117.13 74.35
119.26 74.28
121.43 74.21
123.64 74.14
125.89 74.06
128.18 73.99
130.51 73.92
132.89 73.85
135.31 73.78
137.77 73.70
140.28 73.64
142.83 73.57
145.43 73.51
148.07 73.44
150.77 73.38
153.51 73.31
156.31 73.24
159.15 73.18
162.05 73.11
165 73.04
168 72.97
171.06 72.89
174.17 72.82
177.34 72.74
180.57 72.67
183.86 72.60
187.2 72.52
190.61 72.45
194.08 72.38
197.61 72.30
201.21 72.23
204.87 72.17
208.6 72.10
212.39 72.04
216.26 71.98
220.19 71.92
224.2 71.87
228.28 71.81
232.44 71.76
236.67 71.71
240.97 71.67
245.36 71.62
249.82 71.58
254.37 71.54
259 71.50
263.71 71.46
268.51 71.42
273.4 71.39
278.38 71.36
283.44 71.33
288.6 71.31
293.85 71.28
299.2 71.27
304.65 71.26
310.19 71.25
315.84 71.25
321.59 71.25
327.44 71.24
333.4 71.24
339.47 71.25
345.64 71.25
351.93 71.26
358.34 71.27
364.86 71.28
371.5 71.30
378.26 71.32
385.15 71.34
392.16 71.37
399.29 71.39
406.56 71.42
413.96 71.46
421.49 71.50
429.16 71.54
436.97 71.58
444.93 71.63
453.02 71.68
461.27 71.73
469.66 71.78
478.21 71.84
486.91 71.89
495.78 71.95
504.8 72.01
513.99 72.07
523.34 72.13
532.87 72.19
542.56 72.26
552.44 72.33
562.49 72.39
572.73 72.47
583.15 72.54
593.77 72.61
604.57 72.69
615.57 72.77
626.78 72.85
638.18 72.92
649.8 73.00
661.63 73.08
673.67 73.16
685.93 73.24
698.41 73.32
711.12 73.39
724.06 73.47
737.24 73.56
750.66 73.64
764.32 73.72
778.23 73.81
792.39 73.89
806.82 73.97
821.5 74.05
836.45 74.13
851.67 74.22
867.17 74.30
882.96 74.38
899.02 74.46
915.39 74.54
932.05 74.63
949.01 74.72
966.28 74.81
983.87 74.91
1001.77 75.01
1020 75.11
1038.57 75.22
1057.47 75.33
1076.71 75.44
1096.31 75.54
1116.26 75.63
1136.58 75.72
1157.26 75.80
1178.32 75.86
1199.77 75.90
1221.6 75.92
1243.84 75.92
1266.47 75.90
1289.52 75.84
1312.99 75.77
1336.89 75.67
1361.22 75.54
1385.99 75.40
1411.22 75.24
1436.9 75.07
1463.05 74.89
1489.68 74.70
1516.79 74.50
1544.4 74.28
1572.5 74.06
1601.12 73.83
1630.26 73.58
1659.93 73.33
1690.14 73.07
1720.9 72.82
1752.22 72.56
1784.11 72.31
1816.58 72.05
1849.64 71.79
1883.3 71.52
1917.58 71.25
1952.48 70.98
1988.01 70.72
2024.19 70.46
2061.03 70.21
2098.54 69.97
2136.73 69.74
2175.62 69.53
2215.22 69.33
2255.53 69.14
2296.58 68.97
2338.38 68.81
2380.94 68.67
2424.27 68.53
2468.39 68.42
2513.31 68.31
2559.05 68.22
2605.63 68.14
2653.05 68.08
2701.33 68.05
2750.5 68.03
2800.55 68.04
2851.52 68.08
2903.42 68.15
2956.26 68.27
3010.06 68.44
3064.85 68.65
3120.62 68.91
3177.42 69.20
3235.25 69.53
3294.13 69.88
3354.08 70.23
3415.12 70.55
3477.27 70.81
3540.56 70.98
3605 71.03
3670.6 70.94
3737.41 70.71
3805.43 70.34
3874.68 69.85
3945.2 69.28
4017 68.66
4090.11 68.03
4164.55 67.41
4240.34 66.82
4317.51 66.27
4396.09 65.78
4476.1 65.36
4557.56 65.02
4640.5 64.78
4724.96 64.62
4810.95 64.56
4898.51 64.61
4987.66 64.77
5078.43 65.06
5170.86 65.49
5264.97 66.07
5360.79 66.79
5458.35 67.60
5557.69 68.46
5658.84 69.28
5761.82 69.94
5866.69 70.35
5973.46 70.44
6082.17 70.21
6192.87 69.75
6305.57 69.26
6420.33 68.99
6537.18 69.19
6656.15 70.01
6777.29 71.37
6900.63 72.97
7026.22 74.41
7154.1 75.34
7284.3 75.58
7416.87 75.10
7551.85 74.01
7689.29 72.49
7829.23 70.74
7971.72 68.94
8116.8 67.21
8264.53 65.61
8414.94 64.20
8568.09 62.96
8724.02 61.92
8882.79 61.04
9044.46 60.32
9209.06 59.74
9376.66 59.27
9547.31 58.88
9721.07 58.57
9897.99 58.30
10078.13 58.04
10261.55 57.78
10448.3 57.47
10638.45 57.10
10832.07 56.65
11029.21 56.15
11229.94 55.65
11434.32 55.20
11642.41 54.87
11854.3 54.73
12070.04 54.81
12289.71 55.14
12513.38 55.71
12741.12 56.46
12973 57.34
13209.1 58.31
13449.5 59.33
13694.28 60.40
13943.51 61.50
14197.27 62.64
14455.66 63.78
14718.74 64.85
14986.62 65.80
15259.37 66.58
15537.08 67.16
15819.85 67.55
16107.76 67.77
16400.92 67.87
16699.41 67.83
17003.33 67.66
17312.78 67.38
17627.86 67.00
17948.68 66.58
18275.34 66.12
18607.94 65.64
18946.6 65.15
19291.42 64.65
19642.52 64.16
20000 63.66
