20 90.22
20.36 90.20
20.73 90.18
21.11 90.16
21.5 90.14
21.89 90.12
22.29 90.10
22.69 90.08
23.1 90.06
23.52 90.03
23.95 90.01
24.39 89.98
24.83 89.96
25.28 89.93
25.74 89.90
26.21 89.87
26.69 89.84
27.18 89.81
27.67 89.78
28.17 89.74
28.69 89.70
29.21 89.67
29.74 89.62
30.28 89.58
30.83 89.54
31.39 89.49
31.97 89.44
32.55 89.39
33.14 89.34
33.74 89.28
34.36 89.22
34.98 89.16
35.62 89.10
36.27 89.03
36.93 88.97
37.6 88.90
38.28 88.83
38.98 88.75
39.69 88.68
40.41 88.60
41.15 88.52
41.9 88.44
42.66 88.35
43.44 88.27
44.23 88.18
45.03 88.09
45.85 88.00
46.68 87.90
47.53 87.81
48.4 87.71
49.28 87.61
50.18 87.51
51.09 87.41
52.02 87.30
52.97 87.20
53.93 87.10
54.91 86.99
55.91 86.89
56.93 86.78
57.97 86.67
59.02 86.56
60.09 86.46
61.19 86.35
62.3 86.24
63.44 86.14
64.59 86.03
65.77 85.92
66.96 85.81
68.18 85.70
69.42 85.59
70.69 85.49
71.97 85.38
73.28 85.27
74.62 85.16
75.97 85.05
77.36 84.94
78.76 84.83
80.2 84.72
81.66 84.61
83.14 84.51
84.66 84.40
86.2 84.29
87.77 84.18
89.36 84.07
90.99 83.96
92.65 83.85
94.33 83.73
96.05 83.62
97.8 83.50
99.58 83.37
101.39 83.25
103.23 83.12
105.11 82.99
107.03 82.86
108.97 82.73
110.96 82.60
112.98 82.47
115.03 82.35
117.13 82.23
119.26 82.11
121.43 81.99
123.64 81.88
125.89 81.77
128.18 81.66
130.51 81.55
132.89 81.44
135.31 81.33
137.77 81.22
140.28 81.11
142.83 81.00
145.43 80.89
148.07 80.77
150.77 80.65
153.51 80.53
156.31 80.42
159.15 80.30
162.05 80.18
165 80.07
168 79.95
171.06 79.84
174.17 79.72
177.34 79.61
180.57 79.49
183.86 79.38
187.2 79.26
190.61 79.14
194.08 79.02
197.61 78.90
201.21 78.78
204.87 78.67
208.6 78.56
212.39 78.45
216.26 78.35
220.19 78.24
224.2 78.14
228.28 78.04
232.44 77.94
236.67 77.84
240.97 77.74
245.36 77.65
249.82 77.56
254.37 77.46
259 77.37
263.71 77.28
268.51 77.19
273.4 77.09
278.38 77.00
283.44 76.90
288.6 76.81
293.85 76.71
299.2 76.61
304.65 76.50
310.19 76.40
315.84 76.29
321.59 76.19
327.44 76.08
333.4 75.98
339.47 75.88
345.64 75.79
351.93 75.69
358.34 75.60
364.86 75.51
371.5 75.43
378.26 75.34
385.15 75.26
392.16 75.17
399.29 75.09
406.56 75.01
413.96 74.93
421.49 74.85
429.16 74.77
436.97 74.69
444.93 74.62
453.02 74.54
461.27 74.47
469.66 74.40
478.21 74.33
486.91 74.26
495.78 74.20
504.8 74.15
513.99 74.09
523.34 74.04
532.87 73.99
542.56 73.94
552.44 73.89
562.49 73.84
572.73 73.79
583.15 73.74
593.77 73.69
604.57 73.64
615.57 73.59
626.78 73.55
638.18 73.51
649.8 73.47
661.63 73.44
673.67 73.41
685.93 73.38
698.41 73.36
711.12 73.35
724.06 73.35
737.24 73.34
750.66 73.34
764.32 73.35
778.23 73.36
792.39 73.38
806.82 73.41
821.5 73.45
836.45 73.51
851.67 73.59
867.17 73.68
882.96 73.80
899.02 73.92
915.39 74.07
932.05 74.24
949.01 74.42
966.28 74.61
983.87 74.81
1001.77 75.02
1020 75.25
1038.57 75.49
1057.47 75.74
1076.71 76.01
1096.31 76.30
1116.26 76.60
1136.58 76.90
1157.26 77.22
1178.32 77.55
1199.77 77.89
1221.6 78.22
1243.84 78.55
1266.47 78.88
1289.52 79.20
1312.99 79.52
1336.89 79.83
1361.22 80.13
1385.99 80.43
1411.22 80.71
1436.9 80.99
1463.05 81.27
1489.68 81.55
1516.79 81.81
1544.4 82.07
1572.5 82.33
1601.12 82.58
1630.26 82.84
1659.93 83.10
1690.14 83.35
1720.9 83.59
1752.22 83.83
1784.11 84.07
1816.58 84.30
1849.64 84.53
1883.3 84.75
1917.58 84.95
1952.48 85.14
1988.01 85.32
2024.19 85.47
2061.03 85.61
2098.54 85.74
2136.73 85.85
2175.62 85.95
2215.22 86.04
2255.53 86.12
2296.58 86.19
2338.38 86.25
2380.94 86.30
2424.27 86.35
2468.39 86.41
2513.31 86.47
2559.05 86.53
2605.63 86.59
2653.05 86.64
2701.33 86.68
2750.5 86.70
2800.55 86.72
2851.52 86.73
2903.42 86.75
2956.26 86.75
3010.06 86.76
3064.85 86.77
3120.62 86.77
3177.42 86.77
3235.25 86.75
3294.13 86.73
3354.08 86.70
3415.12 86.66
3477.27 86.59
3540.56 86.51
3605 86.41
3670.6 86.30
3737.41 86.18
3805.43 86.08
3874.68 86.00
3945.2 85.97
4017 86.00
4090.11 86.10
4164.55 86.28
4240.34 86.52
4317.51 86.80
4396.09 87.13
4476.1 87.47
4557.56 87.81
4640.5 88.13
4724.96 88.43
4810.95 88.67
4898.51 88.83
4987.66 88.89
5078.43 88.82
5170.86 88.62
5264.97 88.27
5360.79 87.80
5458.35 87.22
5557.69 86.58
5658.84 85.91
5761.82 85.23
5866.69 84.59
5973.46 84.01
6082.17 83.49
6192.87 83.05
6305.57 82.71
6420.33 82.49
6537.18 82.39
6656.15 82.42
6777.29 82.59
6900.63 82.88
7026.22 83.28
7154.1 83.75
7284.3 84.24
7416.87 84.69
7551.85 85.01
7689.29 85.14
7829.23 85.04
7971.72 84.68
8116.8 84.10
8264.53 83.35
8414.94 82.51
8568.09 81.65
8724.02 80.82
8882.79 80.05
9044.46 79.33
9209.06 78.64
9376.66 77.96
9547.31 77.30
9721.07 76.66
9897.99 76.10
10078.13 75.66
10261.55 75.39
10448.3 75.30
10638.45 75.37
10832.07 75.55
11029.21 75.74
11229.94 75.87
11434.32 75.89
11642.41 75.79
11854.3 75.61
12070.04 75.45
12289.71 75.36
12513.38 75.38
12741.12 75.50
12973 75.64
13209.1 75.71
13449.5 75.59
13694.28 75.18
13943.51 74.44
14197.27 73.38
14455.66 72.10
14718.74 70.75
14986.62 69.47
15259.37 68.33
15537.08 67.38
15819.85 66.57
16107.76 65.78
16400.92 64.84
16699.41 63.73
17003.33 62.49
17312.78 61.30
17627.86 60.43
17948.68 60.20
18275.34 60.72
18607.94 61.88
18946.6 63.40
19291.42 65.03
19642.52 66.63
20000 68.19
