20 69.74
20.36 69.89
20.73 70.03
21.11 70.18
21.5 70.32
21.89 70.47
22.29 70.61
22.69 70.75
23.1 70.89
23.52 71.03
23.95 71.17
24.39 71.31
24.83 71.45
25.28 71.58
25.74 71.72
26.21 71.85
26.69 71.98
27.18 72.11
27.67 72.24
28.17 72.37
28.69 72.49
29.21 72.61
29.74 72.73
30.28 72.85
30.83 72.97
31.39 73.08
31.97 73.19
32.55 73.30
33.14 73.40
33.74 73.51
34.36 73.61
34.98 73.70
35.62 73.80
36.27 73.89
36.93 73.98
37.6 74.07
38.28 74.16
38.98 74.24
39.69 74.32
40.41 74.40
41.15 74.48
41.9 74.56
42.66 74.64
43.44 74.71
44.23 74.78
45.03 74.85
45.85 74.92
46.68 74.99
47.53 75.06
48.4 75.13
49.28 75.19
50.18 75.26
51.09 75.32
52.02 75.38
52.97 75.44
53.93 75.49
54.91 75.55
55.91 75.60
56.93 75.65
57.97 75.70
59.02 75.74
60.09 75.79
61.19 75.83
62.3 75.87
63.44 75.90
64.59 75.94
65.77 75.98
66.96 76.01
68.18 76.05
69.42 76.08
70.69 76.11
71.97 76.15
73.28 76.18
74.62 76.22
75.97 76.25
77.36 76.29
78.76 76.32
80.2 76.35
81.66 76.38
83.14 76.41
84.66 76.43
86.2 76.45
87.77 76.47
89.36 76.48
90.99 76.50
92.65 76.51
94.33 76.53
96.05 76.54
97.8 76.55
99.58 76.57
101.39 76.59
103.23 76.61
105.11 76.62
107.03 76.64
108.97 76.66
110.96 76.67
112.98 76.69
115.03 76.70
117.13 76.71
119.26 76.72
121.43 76.73
123.64 76.73
125.89 76.72
128.18 76.72
130.51 76.71
132.89 76.70
135.31 76.69
137.77 76.68
140.28 76.67
142.83 76.66
145.43 76.65
148.07 76.64
150.77 76.64
153.51 76.63
156.31 76.63
159.15 76.62
162.05 76.62
165 76.61
168 76.61
171.06 76.60
174.17 76.60
177.34 76.59
180.57 76.59
183.86 76.58
187.2 76.58
190.61 76.57
194.08 76.56
197.61 76.55
201.21 76.53
204.87 76.50
208.6 76.48
212.39 76.44
216.26 76.41
220.19 76.38
224.2 76.34
228.28 76.30
232.44 76.25
236.67 76.21
240.97 76.17
245.36 76.14
249.82 76.10
254.37 76.06
259 76.03
263.71 75.99
268.51 75.96
273.4 75.92
278.38 75.88
283.44 75.84
288.6 75.79
293.85 75.75
299.2 75.71
304.65 75.66
310.19 75.61
315.84 75.57
321.59 75.52
327.44 75.47
333.4 75.43
339.47 75.38
345.64 75.34
351.93 75.29
358.34 75.24
364.86 75.19
371.5 75.14
378.26 75.09
385.15 75.04
392.16 74.98
399.29 74.93
406.56 74.88
413.96 74.82
421.49 74.77
429.16 74.71
436.97 74.65
444.93 74.59
453.02 74.53
461.27 74.47
469.66 74.41
478.21 74.36
486.91 74.31
495.78 74.25
504.8 74.21
513.99 74.16
523.34 74.11
532.87 74.06
542.56 74.02
552.44 73.97
562.49 73.92
572.73 73.87
583.15 73.83
593.77 73.79
604.57 73.75
615.57 73.71
626.78 73.68
638.18 73.65
649.8 73.62
661.63 73.60
673.67 73.58
685.93 73.57
698.41 73.56
711.12 73.54
724.06 73.53
737.24 73.53
750.66 73.53
764.32 73.54
778.23 73.56
792.39 73.58
806.82 73.61
821.5 73.64
836.45 73.69
851.67 73.75
867.17 73.82
882.96 73.90
899.02 74.00
915.39 74.12
932.05 74.26
949.01 74.42
966.28 74.60
983.87 74.80
1001.77 75.02
1020 75.27
1038.57 75.54
1057.47 75.83
1076.71 76.15
1096.31 76.49
1116.26 76.84
1136.58 77.21
1157.26 77.58
1178.32 77.97
1199.77 78.35
1221.6 78.72
1243.84 79.06
1266.47 79.39
1289.52 79.69
1312.99 79.94
1336.89 80.15
1361.22 80.30
1385.99 80.37
1411.22 80.38
1436.9 80.31
1463.05 80.17
1489.68 79.96
1516.79 79.70
1544.4 79.40
1572.5 79.07
1601.12 78.72
1630.26 78.38
1659.93 78.07
1690.14 77.80
1720.9 77.60
1752.22 77.47
1784.11 77.42
1816.58 77.46
1849.64 77.58
1883.3 77.76
1917.58 78.00
1952.48 78.28
1988.01 78.60
2024.19 78.93
2061.03 79.27
2098.54 79.61
2136.73 79.94
2175.62 80.23
2215.22 80.47
2255.53 80.65
2296.58 80.75
2338.38 80.75
2380.94 80.65
2424.27 80.45
2468.39 80.16
2513.31 79.79
2559.05 79.36
2605.63 78.90
2653.05 78.43
2701.33 77.96
2750.5 77.51
2800.55 77.08
2851.52 76.70
2903.42 76.37
2956.26 76.10
3010.06 75.88
3064.85 75.73
3120.62 75.64
3177.42 75.59
3235.25 75.58
3294.13 75.59
3354.08 75.57
3415.12 75.50
3477.27 75.32
3540.56 75.01
3605 74.56
3670.6 73.98
3737.41 73.30
3805.43 72.60
3874.68 71.94
3945.2 71.37
4017 70.94
4090.11 70.67
4164.55 70.54
4240.34 70.54
4317.51 70.65
4396.09 70.84
4476.1 71.08
4557.56 71.38
4640.5 71.71
4724.96 72.08
4810.95 72.49
4898.51 72.94
4987.66 73.43
5078.43 73.96
5170.86 74.52
5264.97 75.13
5360.79 75.78
5458.35 76.45
5557.69 77.13
5658.84 77.80
5761.82 78.44
5866.69 79.04
5973.46 79.62
6082.17 80.18
6192.87 80.72
6305.57 81.25
6420.33 81.78
6537.18 82.32
6656.15 82.88
6777.29 83.48
6900.63 84.10
7026.22 84.73
7154.1 85.32
7284.3 85.76
7416.87 85.93
7551.85 85.70
7689.29 85.01
7829.23 83.91
7971.72 82.50
8116.8 80.96
8264.53 79.42
8414.94 77.97
8568.09 76.65
8724.02 75.44
8882.79 74.25
9044.46 72.97
9209.06 71.53
9376.66 69.90
9547.31 68.18
9721.07 66.53
9897.99 65.10
10078.13 64.00
10261.55 63.24
10448.3 62.74
10638.45 62.44
10832.07 62.25
11029.21 62.13
11229.94 62.04
11434.32 61.97
11642.41 61.93
11854.3 61.94
12070.04 62.00
12289.71 62.14
12513.38 62.33
12741.12 62.56
12973 62.80
13209.1 62.99
13449.5 63.12
13694.28 63.18
13943.51 63.18
14197.27 63.13
14455.66 63.08
14718.74 63.05
14986.62 63.09
15259.37 63.21
15537.08 63.43
15819.85 63.77
16107.76 64.20
16400.92 64.68
16699.41 65.06
17003.33 65.14
17312.78 64.70
17627.86 63.65
17948.68 62.03
18275.34 59.99
18607.94 57.74
18946.6 55.41
19291.42 53.04
19642.52 50.66
20000 48.29
