20 69.71
20.36 69.79
20.73 69.86
21.11 69.94
21.5 70.01
21.89 70.08
22.29 70.16
22.69 70.23
23.1 70.30
23.52 70.38
23.95 70.45
24.39 70.52
24.83 70.59
25.28 70.66
25.74 70.73
26.21 70.79
26.69 70.86
27.18 70.92
27.67 70.99
28.17 71.05
28.69 71.11
29.21 71.17
29.74 71.23
30.28 71.29
30.83 71.34
31.39 71.39
31.97 71.45
32.55 71.50
33.14 71.55
33.74 71.59
34.36 71.64
34.98 71.68
35.62 71.72
36.27 71.76
36.93 71.80
37.6 71.84
38.28 71.87
38.98 71.91
39.69 71.94
40.41 71.97
41.15 72.01
41.9 72.04
42.66 72.07
43.44 72.10
44.23 72.13
45.03 72.15
45.85 72.18
46.68 72.21
47.53 72.23
48.4 72.26
49.28 72.28
50.18 72.31
51.09 72.33
52.02 72.35
52.97 72.37
53.93 72.39
54.91 72.41
55.91 72.43
56.93 72.45
57.97 72.46
59.02 72.48
60.09 72.49
61.19 72.50
62.3 72.51
63.44 72.52
64.59 72.53
65.77 72.54
66.96 72.55
68.18 72.55
69.42 72.56
70.69 72.57
71.97 72.58
73.28 72.58
74.62 72.59
75.97 72.60
77.36 72.61
78.76 72.62
80.2 72.63
81.66 72.64
83.14 72.64
84.66 72.66
86.2 72.67
87.77 72.68
89.36 72.69
90.99 72.70
92.65 72.71
94.33 72.73
96.05 72.74
97.8 72.76
99.58 72.77
101.39 72.79
103.23 72.80
105.11 72.82
107.03 72.84
108.97 72.85
110.96 72.86
112.98 72.87
115.03 72.88
117.13 72.89
119.26 72.90
121.43 72.90
123.64 72.90
125.89 72.91
128.18 72.91
130.51 72.91
132.89 72.91
135.31 72.91
137.77 72.92
140.28 72.92
142.83 72.93
145.43 72.94
148.07 72.96
150.77 72.97
153.51 72.98
156.31 73.00
159.15 73.01
162.05 73.02
165 73.04
168 73.05
171.06 73.07
174.17 73.08
177.34 73.10
180.57 73.11
183.86 73.13
187.2 73.15
190.61 73.17
194.08 73.18
197.61 73.20
201.21 73.21
204.87 73.22
208.6 73.22
212.39 73.23
216.26 73.23
220.19 73.23
224.2 73.23
228.28 73.23
232.44 73.23
236.67 73.23
240.97 73.23
245.36 73.23
249.82 73.23
254.37 73.24
259 73.25
263.71 73.25
268.51 73.26
273.4 73.27
278.38 73.28
283.44 73.28
288.6 73.29
293.85 73.29
299.2 73.30
304.65 73.30
310.19 73.31
315.84 73.31
321.59 73.32
327.44 73.33
333.4 73.33
339.47 73.33
345.64 73.34
351.93 73.34
358.34 73.35
364.86 73.36
371.5 73.36
378.26 73.36
385.15 73.36
392.16 73.37
399.29 73.36
406.56 73.36
413.96 73.36
421.49 73.36
429.16 73.36
436.97 73.37
444.93 73.37
453.02 73.37
461.27 73.38
469.66 73.38
478.21 73.39
486.91 73.40
495.78 73.41
504.8 73.42
513.99 73.42
523.34 73.43
532.87 73.44
542.56 73.44
552.44 73.45
562.49 73.45
572.73 73.46
583.15 73.46
593.77 73.46
604.57 73.47
615.57 73.47
626.78 73.47
638.18 73.47
649.8 73.48
661.63 73.49
673.67 73.50
685.93 73.51
698.41 73.52
711.12 73.53
724.06 73.55
737.24 73.57
750.66 73.60
764.32 73.62
778.23 73.65
792.39 73.69
806.82 73.73
821.5 73.78
836.45 73.83
851.67 73.89
867.17 73.97
882.96 74.05
899.02 74.14
915.39 74.25
932.05 74.38
949.01 74.52
966.28 74.67
983.87 74.83
1001.77 75.02
1020 75.23
1038.57 75.46
1057.47 75.71
1076.71 75.99
1096.31 76.28
1116.26 76.59
1136.58 76.91
1157.26 77.24
1178.32 77.57
1199.77 77.91
1221.6 78.24
1243.84 78.56
1266.47 78.88
1289.52 79.19
1312.99 79.49
1336.89 79.78
1361.22 80.05
1385.99 80.31
1411.22 80.56
1436.9 80.80
1463.05 81.03
1489.68 81.25
1516.79 81.46
1544.4 81.68
1572.5 81.89
1601.12 82.10
1630.26 82.32
1659.93 82.54
1690.14 82.77
1720.9 83.00
1752.22 83.22
1784.11 83.46
1816.58 83.71
1849.64 83.97
1883.3 84.24
1917.58 84.51
1952.48 84.78
1988.01 85.06
2024.19 85.33
2061.03 85.60
2098.54 85.87
2136.73 86.14
2175.62 86.40
2215.22 86.66
2255.53 86.91
2296.58 87.14
2338.38 87.36
2380.94 87.55
2424.27 87.72
2468.39 87.84
2513.31 87.93
2559.05 87.98
2605.63 88.00
2653.05 87.97
2701.33 87.92
2750.5 87.83
2800.55 87.71
2851.52 87.56
2903.42 87.39
2956.26 87.21
3010.06 87.02
3064.85 86.81
3120.62 86.61
3177.42 86.40
3235.25 86.20
3294.13 86.00
3354.08 85.81
3415.12 85.62
3477.27 85.44
3540.56 85.27
3605 85.10
3670.6 84.95
3737.41 84.80
3805.43 84.66
3874.68 84.52
3945.2 84.40
4017 84.29
4090.11 84.18
4164.55 84.08
4240.34 83.97
4317.51 83.86
4396.09 83.74
4476.1 83.61
4557.56 83.46
4640.5 83.30
4724.96 83.11
4810.95 82.90
4898.51 82.67
4987.66 82.41
5078.43 82.11
5170.86 81.80
5264.97 81.45
5360.79 81.08
5458.35 80.68
5557.69 80.28
5658.84 79.86
5761.82 79.45
5866.69 79.04
5973.46 78.64
6082.17 78.24
6192.87 77.87
6305.57 77.51
6420.33 77.18
6537.18 76.87
6656.15 76.58
6777.29 76.33
6900.63 76.10
7026.22 75.91
7154.1 75.77
7284.3 75.66
7416.87 75.60
7551.85 75.60
7689.29 75.65
7829.23 75.78
7971.72 75.97
8116.8 76.26
8264.53 76.65
8414.94 77.14
8568.09 77.74
8724.02 78.42
8882.79 79.18
9044.46 79.98
9209.06 80.75
9376.66 81.44
9547.31 81.95
9721.07 82.20
9897.99 82.11
10078.13 81.64
10261.55 80.79
10448.3 79.60
10638.45 78.12
10832.07 76.42
11029.21 74.56
11229.94 72.63
11434.32 70.72
11642.41 68.90
11854.3 67.26
12070.04 65.85
12289.71 64.73
12513.38 63.95
12741.12 63.52
12973 63.44
13209.1 63.70
13449.5 64.27
13694.28 65.13
13943.51 66.22
14197.27 67.46
14455.66 68.75
14718.74 69.94
14986.62 70.84
15259.37 71.31
15537.08 71.21
15819.85 70.60
16107.76 69.64
16400.92 68.51
16699.41 67.33
17003.33 66.09
17312.78 64.73
17627.86 63.23
17948.68 61.60
18275.34 59.91
18607.94 58.21
18946.6 56.52
19291.42 54.84
19642.52 53.14
20000 51.45
