20 72.73
20.36 72.76
20.73 72.78
21.11 72.81
21.5 72.83
21.89 72.86
22.29 72.88
22.69 72.91
23.1 72.93
23.52 72.96
23.95 72.98
24.39 73.01
24.83 73.03
25.28 73.06
25.74 73.09
26.21 73.11
26.69 73.14
27.18 73.17
27.67 73.19
28.17 73.22
28.69 73.25
29.21 73.27
29.74 73.30
30.28 73.33
30.83 73.36
31.39 73.39
31.97 73.41
32.55 73.44
33.14 73.47
33.74 73.50
34.36 73.53
34.98 73.56
35.62 73.59
36.27 73.62
36.93 73.65
37.6 73.67
38.28 73.70
38.98 73.73
39.69 73.76
40.41 73.79
41.15 73.81
41.9 73.84
42.66 73.87
43.44 73.89
44.23 73.92
45.03 73.94
45.85 73.96
46.68 73.98
47.53 74.01
48.4 74.03
49.28 74.05
50.18 74.06
51.09 74.08
52.02 74.10
52.97 74.11
53.93 74.13
54.91 74.14
55.91 74.15
56.93 74.16
57.97 74.17
59.02 74.18
60.09 74.19
61.19 74.20
62.3 74.21
63.44 74.21
64.59 74.22
65.77 74.22
66.96 74.23
68.18 74.23
69.42 74.23
70.69 74.23
71.97 74.24
73.28 74.24
74.62 74.24
75.97 74.24
77.36 74.24
78.76 74.24
80.2 74.25
81.66 74.25
83.14 74.26
84.66 74.27
86.2 74.29
87.77 74.30
89.36 74.32
90.99 74.33
92.65 74.35
94.33 74.37
96.05 74.39
97.8 74.40
99.58 74.41
101.39 74.42
103.23 74.43
105.11 74.44
107.03 74.44
108.97 74.45
110.96 74.45
112.98 74.46
115.03 74.47
117.13 74.47
119.26 74.48
121.43 74.49
123.64 74.50
125.89 74.51
128.18 74.52
130.51 74.53
132.89 74.55
135.31 74.56
137.77 74.57
140.28 74.58
142.83 74.58
145.43 74.59
148.07 74.60
150.77 74.61
153.51 74.62
156.31 74.62
159.15 74.63
162.05 74.63
165 74.64
168 74.64
171.06 74.65
174.17 74.65
177.34 74.65
180.57 74.65
183.86 74.65
187.2 74.66
190.61 74.66
194.08 74.66
197.61 74.66
201.21 74.66
204.87 74.66
208.6 74.67
212.39 74.67
216.26 74.67
220.19 74.67
224.2 74.67
228.28 74.67
232.44 74.68
236.67 74.68
240.97 74.68
245.36 74.68
249.82 74.68
254.37 74.68
259 74.68
263.71 74.67
268.51 74.67
273.4 74.67
278.38 74.66
283.44 74.65
288.6 74.64
293.85 74.64
299.2 74.63
304.65 74.63
310.19 74.63
315.84 74.62
321.59 74.62
327.44 74.61
333.4 74.61
339.47 74.60
345.64 74.59
351.93 74.58
358.34 74.57
364.86 74.56
371.5 74.55
378.26 74.55
385.15 74.53
392.16 74.53
399.29 74.52
406.56 74.51
413.96 74.50
421.49 74.50
429.16 74.49
436.97 74.49
444.93 74.48
453.02 74.48
461.27 74.47
469.66 74.46
478.21 74.45
486.91 74.44
495.78 74.42
504.8 74.41
513.99 74.40
523.34 74.39
532.87 74.39
542.56 74.38
552.44 74.38
562.49 74.37
572.73 74.36
583.15 74.36
593.77 74.35
604.57 74.34
615.57 74.33
626.78 74.32
638.18 74.31
649.8 74.30
661.63 74.28
673.67 74.27
685.93 74.27
698.41 74.26
711.12 74.26
724.06 74.25
737.24 74.25
750.66 74.25
764.32 74.24
778.23 74.24
792.39 74.24
806.82 74.25
821.5 74.27
836.45 74.28
851.67 74.31
867.17 74.34
882.96 74.38
899.02 74.43
915.39 74.49
932.05 74.57
949.01 74.66
966.28 74.76
983.87 74.88
1001.77 75.01
1020 75.17
1038.57 75.34
1057.47 75.54
1076.71 75.75
1096.31 75.98
1116.26 76.22
1136.58 76.47
1157.26 76.73
1178.32 76.99
1199.77 77.27
1221.6 77.53
1243.84 77.80
1266.47 78.06
1289.52 78.31
1312.99 78.55
1336.89 78.78
1361.22 79.00
1385.99 79.20
1411.22 79.38
1436.9 79.56
1463.05 79.72
1489.68 79.86
1516.79 80.00
1544.4 80.12
1572.5 80.24
1601.12 80.36
1630.26 80.48
1659.93 80.59
1690.14 80.72
1720.9 80.83
1752.22 80.95
1784.11 81.07
1816.58 81.19
1849.64 81.32
1883.3 81.46
1917.58 81.59
1952.48 81.73
1988.01 81.87
2024.19 82.01
2061.03 82.15
2098.54 82.30
2136.73 82.44
2175.62 82.58
2215.22 82.72
2255.53 82.86
2296.58 82.99
2338.38 83.12
2380.94 83.25
2424.27 83.38
2468.39 83.48
2513.31 83.58
2559.05 83.66
2605.63 83.72
2653.05 83.76
2701.33 83.78
2750.5 83.78
2800.55 83.76
2851.52 83.72
2903.42 83.65
2956.26 83.55
3010.06 83.44
3064.85 83.30
3120.62 83.16
3177.42 83.00
3235.25 82.84
3294.13 82.67
3354.08 82.50
3415.12 82.32
3477.27 82.13
3540.56 81.94
3605 81.74
3670.6 81.53
3737.41 81.31
3805.43 81.08
3874.68 80.84
3945.2 80.60
4017 80.36
4090.11 80.12
4164.55 79.88
4240.34 79.63
4317.51 79.36
4396.09 79.08
4476.1 78.79
4557.56 78.49
4640.5 78.17
4724.96 77.84
4810.95 77.49
4898.51 77.13
4987.66 76.75
5078.43 76.37
5170.86 75.97
5264.97 75.56
5360.79 75.12
5458.35 74.68
5557.69 74.22
5658.84 73.77
5761.82 73.32
5866.69 72.88
5973.46 72.46
6082.17 72.05
6192.87 71.66
6305.57 71.31
6420.33 70.99
6537.18 70.70
6656.15 70.43
6777.29 70.19
6900.63 69.96
7026.22 69.75
7154.1 69.56
7284.3 69.40
7416.87 69.26
7551.85 69.16
7689.29 69.09
7829.23 69.07
7971.72 69.08
8116.8 69.15
8264.53 69.26
8414.94 69.41
8568.09 69.59
8724.02 69.78
8882.79 69.97
9044.46 70.12
9209.06 70.21
9376.66 70.21
9547.31 70.08
9721.07 69.80
9897.99 69.37
10078.13 68.79
10261.55 68.09
10448.3 67.30
10638.45 66.46
10832.07 65.59
11029.21 64.69
11229.94 63.80
11434.32 62.89
11642.41 61.99
11854.3 61.11
12070.04 60.27
12289.71 59.52
12513.38 58.89
12741.12 58.45
12973 58.26
13209.1 58.37
13449.5 58.83
13694.28 59.65
13943.51 60.84
14197.27 62.35
14455.66 64.06
14718.74 65.78
14986.62 67.22
15259.37 68.06
15537.08 68.01
15819.85 66.93
16107.76 64.96
16400.92 62.44
16699.41 59.75
17003.33 57.22
17312.78 55.02
17627.86 53.23
17948.68 51.86
18275.34 50.86
18607.94 50.18
18946.6 49.76
19291.42 49.48
19642.52 49.28
20000 49.10
