20 91.84
20.36 91.77
20.73 91.70
21.11 91.63
21.5 91.56
21.89 91.49
22.29 91.42
22.69 91.35
23.1 91.28
23.52 91.21
23.95 91.13
24.39 91.06
24.83 90.99
25.28 90.91
25.74 90.84
26.21 90.76
26.69 90.68
27.18 90.61
27.67 90.53
28.17 90.45
28.69 90.37
29.21 90.29
29.74 90.20
30.28 90.12
30.83 90.04
31.39 89.95
31.97 89.86
32.55 89.78
33.14 89.69
33.74 89.59
34.36 89.50
34.98 89.41
35.62 89.31
36.27 89.22
36.93 89.12
37.6 89.02
38.28 88.91
38.98 88.81
39.69 88.70
40.41 88.60
41.15 88.49
41.9 88.38
42.66 88.27
43.44 88.15
44.23 88.03
45.03 87.92
45.85 87.80
46.68 87.67
47.53 87.55
48.4 87.42
49.28 87.30
50.18 87.17
51.09 87.04
52.02 86.91
52.97 86.77
53.93 86.64
54.91 86.51
55.91 86.38
56.93 86.25
57.97 86.11
59.02 85.98
60.09 85.85
61.19 85.72
62.3 85.59
63.44 85.46
64.59 85.33
65.77 85.20
66.96 85.07
68.18 84.94
69.42 84.81
70.69 84.69
71.97 84.56
73.28 84.44
74.62 84.31
75.97 84.19
77.36 84.06
78.76 83.94
80.2 83.81
81.66 83.69
83.14 83.56
84.66 83.43
86.2 83.30
87.77 83.17
89.36 83.04
90.99 82.91
92.65 82.78
94.33 82.64
96.05 82.50
97.8 82.36
99.58 82.22
101.39 82.08
103.23 81.93
105.11 81.78
107.03 81.64
108.97 81.49
110.96 81.34
112.98 81.20
115.03 81.06
117.13 80.91
119.26 80.77
121.43 80.63
123.64 80.49
125.89 80.35
128.18 80.22
130.51 80.08
132.89 79.95
135.31 79.81
137.77 79.68
140.28 79.55
142.83 79.42
145.43 79.28
148.07 79.15
150.77 79.02
153.51 78.88
156.31 78.75
159.15 78.61
162.05 78.48
165 78.35
168 78.22
171.06 78.09
174.17 77.96
177.34 77.83
180.57 77.71
183.86 77.59
187.2 77.48
190.61 77.36
194.08 77.26
197.61 77.15
201.21 77.05
204.87 76.94
208.6 76.84
212.39 76.73
216.26 76.63
220.19 76.53
224.2 76.43
228.28 76.34
232.44 76.25
236.67 76.16
240.97 76.07
245.36 75.98
249.82 75.90
254.37 75.82
259 75.74
263.71 75.66
268.51 75.59
273.4 75.52
278.38 75.46
283.44 75.40
288.6 75.34
293.85 75.29
299.2 75.24
304.65 75.20
310.19 75.16
315.84 75.12
321.59 75.08
327.44 75.05
333.4 75.02
339.47 74.99
345.64 74.97
351.93 74.94
358.34 74.92
364.86 74.90
371.5 74.89
378.26 74.87
385.15 74.86
392.16 74.84
399.29 74.83
406.56 74.82
413.96 74.81
421.49 74.81
429.16 74.81
436.97 74.81
444.93 74.81
453.02 74.81
461.27 74.81
469.66 74.81
478.21 74.81
486.91 74.81
495.78 74.81
504.8 74.81
513.99 74.81
523.34 74.81
532.87 74.81
542.56 74.82
552.44 74.82
562.49 74.82
572.73 74.81
583.15 74.80
593.77 74.79
604.57 74.78
615.57 74.77
626.78 74.75
638.18 74.74
649.8 74.74
661.63 74.73
673.67 74.72
685.93 74.72
698.41 74.71
711.12 74.70
724.06 74.69
737.24 74.68
750.66 74.67
764.32 74.65
778.23 74.64
792.39 74.63
806.82 74.62
821.5 74.61
836.45 74.61
851.67 74.60
867.17 74.61
882.96 74.62
899.02 74.64
915.39 74.68
932.05 74.72
949.01 74.78
966.28 74.84
983.87 74.92
1001.77 75.01
1020 75.11
1038.57 75.23
1057.47 75.36
1076.71 75.52
1096.31 75.68
1116.26 75.85
1136.58 76.03
1157.26 76.22
1178.32 76.41
1199.77 76.60
1221.6 76.78
1243.84 76.96
1266.47 77.13
1289.52 77.29
1312.99 77.44
1336.89 77.57
1361.22 77.70
1385.99 77.82
1411.22 77.93
1436.9 78.03
1463.05 78.13
1489.68 78.21
1516.79 78.29
1544.4 78.36
1572.5 78.43
1601.12 78.51
1630.26 78.58
1659.93 78.66
1690.14 78.74
1720.9 78.83
1752.22 78.92
1784.11 79.01
1816.58 79.11
1849.64 79.23
1883.3 79.36
1917.58 79.49
1952.48 79.64
1988.01 79.80
2024.19 79.96
2061.03 80.14
2098.54 80.32
2136.73 80.52
2175.62 80.74
2215.22 80.96
2255.53 81.21
2296.58 81.47
2338.38 81.74
2380.94 82.03
2424.27 82.31
2468.39 82.59
2513.31 82.87
2559.05 83.14
2605.63 83.39
2653.05 83.62
2701.33 83.82
2750.5 83.99
2800.55 84.12
2851.52 84.20
2903.42 84.25
2956.26 84.26
3010.06 84.25
3064.85 84.25
3120.62 84.26
3177.42 84.31
3235.25 84.42
3294.13 84.60
3354.08 84.83
3415.12 85.10
3477.27 85.36
3540.56 85.57
3605 85.65
3670.6 85.58
3737.41 85.33
3805.43 84.93
3874.68 84.42
3945.2 83.89
4017 83.39
4090.11 82.97
4164.55 82.67
4240.34 82.48
4317.51 82.37
4396.09 82.29
4476.1 82.19
4557.56 81.98
4640.5 81.63
4724.96 81.13
4810.95 80.51
4898.51 79.87
4987.66 79.31
5078.43 78.91
5170.86 78.69
5264.97 78.63
5360.79 78.70
5458.35 78.85
5557.69 79.01
5658.84 79.14
5761.82 79.23
5866.69 79.28
5973.46 79.28
6082.17 79.26
6192.87 79.25
6305.57 79.27
6420.33 79.35
6537.18 79.53
6656.15 79.81
6777.29 80.20
6900.63 80.71
7026.22 81.30
7154.1 81.95
7284.3 82.58
7416.87 83.12
7551.85 83.47
7689.29 83.55
7829.23 83.33
7971.72 82.79
8116.8 81.99
8264.53 81.01
8414.94 79.93
8568.09 78.86
8724.02 77.87
8882.79 77.04
9044.46 76.37
9209.06 75.89
9376.66 75.57
9547.31 75.40
9721.07 75.34
9897.99 75.37
10078.13 75.43
10261.55 75.49
10448.3 75.53
10638.45 75.53
10832.07 75.46
11029.21 75.33
11229.94 75.11
11434.32 74.83
11642.41 74.50
11854.3 74.13
12070.04 73.75
12289.71 73.40
12513.38 73.08
12741.12 72.79
12973 72.53
13209.1 72.28
13449.5 72.02
13694.28 71.74
13943.51 71.45
14197.27 71.15
14455.66 70.86
14718.74 70.57
14986.62 70.31
15259.37 70.08
15537.08 69.87
15819.85 69.69
16107.76 69.55
16400.92 69.48
16699.41 69.53
17003.33 69.77
17312.78 70.17
17627.86 70.70
17948.68 71.27
18275.34 71.76
18607.94 72.12
18946.6 72.29
19291.42 72.31
19642.52 72.23
20000 72.11
