20 77.40
20.36 77.39
20.73 77.38
21.11 77.38
21.5 77.37
21.89 77.36
22.29 77.35
22.69 77.34
23.1 77.33
23.52 77.33
23.95 77.32
24.39 77.31
24.83 77.30
25.28 77.29
25.74 77.28
26.21 77.27
26.69 77.26
27.18 77.25
27.67 77.23
28.17 77.22
28.69 77.21
29.21 77.19
29.74 77.18
30.28 77.17
30.83 77.15
31.39 77.14
31.97 77.12
32.55 77.10
33.14 77.08
33.74 77.07
34.36 77.05
34.98 77.03
35.62 77.01
36.27 76.99
36.93 76.97
37.6 76.95
38.28 76.93
38.98 76.91
39.69 76.89
40.41 76.87
41.15 76.85
41.9 76.83
42.66 76.81
43.44 76.79
44.23 76.77
45.03 76.76
45.85 76.74
46.68 76.72
47.53 76.71
48.4 76.70
49.28 76.68
50.18 76.67
51.09 76.65
52.02 76.64
52.97 76.62
53.93 76.61
54.91 76.59
55.91 76.58
56.93 76.56
57.97 76.55
59.02 76.53
60.09 76.51
61.19 76.49
62.3 76.47
63.44 76.45
64.59 76.43
65.77 76.41
66.96 76.39
68.18 76.37
69.42 76.35
70.69 76.34
71.97 76.32
73.28 76.31
74.62 76.30
75.97 76.29
77.36 76.28
78.76 76.28
80.2 76.27
81.66 76.27
83.14 76.26
84.66 76.25
86.2 76.25
87.77 76.24
89.36 76.23
90.99 76.23
92.65 76.22
94.33 76.21
96.05 76.20
97.8 76.19
99.58 76.17
101.39 76.16
103.23 76.14
105.11 76.13
107.03 76.12
108.97 76.11
110.96 76.09
112.98 76.08
115.03 76.08
117.13 76.07
119.26 76.06
121.43 76.05
123.64 76.05
125.89 76.04
128.18 76.03
130.51 76.02
132.89 76.01
135.31 75.99
137.77 75.98
140.28 75.97
142.83 75.96
145.43 75.94
148.07 75.93
150.77 75.92
153.51 75.91
156.31 75.91
159.15 75.90
162.05 75.89
165 75.88
168 75.88
171.06 75.87
174.17 75.86
177.34 75.86
180.57 75.86
183.86 75.85
187.2 75.85
190.61 75.84
194.08 75.84
197.61 75.83
201.21 75.83
204.87 75.82
208.6 75.81
212.39 75.81
216.26 75.80
220.19 75.80
224.2 75.79
228.28 75.79
232.44 75.80
236.67 75.80
240.97 75.80
245.36 75.81
249.82 75.81
254.37 75.81
259 75.81
263.71 75.80
268.51 75.80
273.4 75.79
278.38 75.78
283.44 75.76
288.6 75.75
293.85 75.73
299.2 75.72
304.65 75.70
310.19 75.68
315.84 75.67
321.59 75.65
327.44 75.63
333.4 75.61
339.47 75.59
345.64 75.57
351.93 75.56
358.34 75.54
364.86 75.53
371.5 75.52
378.26 75.51
385.15 75.50
392.16 75.50
399.29 75.49
406.56 75.48
413.96 75.47
421.49 75.45
429.16 75.43
436.97 75.41
444.93 75.39
453.02 75.36
461.27 75.34
469.66 75.32
478.21 75.29
486.91 75.27
495.78 75.25
504.8 75.23
513.99 75.21
523.34 75.19
532.87 75.17
542.56 75.16
552.44 75.13
562.49 75.11
572.73 75.09
583.15 75.06
593.77 75.04
604.57 75.01
615.57 74.98
626.78 74.96
638.18 74.93
649.8 74.91
661.63 74.89
673.67 74.87
685.93 74.85
698.41 74.83
711.12 74.81
724.06 74.79
737.24 74.77
750.66 74.75
764.32 74.73
778.23 74.72
792.39 74.71
806.82 74.71
821.5 74.70
836.45 74.70
851.67 74.71
867.17 74.71
882.96 74.72
899.02 74.73
915.39 74.75
932.05 74.78
949.01 74.82
966.28 74.87
983.87 74.93
1001.77 75.01
1020 75.09
1038.57 75.19
1057.47 75.31
1076.71 75.43
1096.31 75.56
1116.26 75.70
1136.58 75.85
1157.26 76.00
1178.32 76.15
1199.77 76.30
1221.6 76.45
1243.84 76.60
1266.47 76.73
1289.52 76.86
1312.99 76.97
1336.89 77.08
1361.22 77.17
1385.99 77.26
1411.22 77.33
1436.9 77.40
1463.05 77.46
1489.68 77.51
1516.79 77.56
1544.4 77.60
1572.5 77.64
1601.12 77.68
1630.26 77.72
1659.93 77.77
1690.14 77.82
1720.9 77.88
1752.22 77.94
1784.11 78.01
1816.58 78.09
1849.64 78.19
1883.3 78.29
1917.58 78.41
1952.48 78.54
1988.01 78.67
2024.19 78.80
2061.03 78.92
2098.54 79.03
2136.73 79.13
2175.62 79.22
2215.22 79.28
2255.53 79.32
2296.58 79.33
2338.38 79.31
2380.94 79.26
2424.27 79.17
2468.39 79.05
2513.31 78.90
2559.05 78.72
2605.63 78.53
2653.05 78.32
2701.33 78.10
2750.5 77.88
2800.55 77.67
2851.52 77.47
2903.42 77.29
2956.26 77.12
3010.06 76.99
3064.85 76.88
3120.62 76.81
3177.42 76.78
3235.25 76.81
3294.13 76.88
3354.08 77.02
3415.12 77.21
3477.27 77.45
3540.56 77.73
3605 78.03
3670.6 78.32
3737.41 78.60
3805.43 78.84
3874.68 79.05
3945.2 79.22
4017 79.36
4090.11 79.48
4164.55 79.58
4240.34 79.67
4317.51 79.72
4396.09 79.68
4476.1 79.52
4557.56 79.21
4640.5 78.75
4724.96 78.17
4810.95 77.54
4898.51 76.93
4987.66 76.44
5078.43 76.14
5170.86 76.11
5264.97 76.37
5360.79 76.94
5458.35 77.78
5557.69 78.78
5658.84 79.81
5761.82 80.70
5866.69 81.33
5973.46 81.64
6082.17 81.67
6192.87 81.53
6305.57 81.32
6420.33 81.11
6537.18 80.88
6656.15 80.56
6777.29 80.09
6900.63 79.45
7026.22 78.70
7154.1 77.92
7284.3 77.13
7416.87 76.27
7551.85 75.22
7689.29 73.92
7829.23 72.37
7971.72 70.63
8116.8 68.79
8264.53 66.94
8414.94 65.15
8568.09 63.49
8724.02 62.01
8882.79 60.74
9044.46 59.73
9209.06 58.99
9376.66 58.56
9547.31 58.45
9721.07 58.64
9897.99 59.10
10078.13 59.70
10261.55 60.31
10448.3 60.76
10638.45 60.92
10832.07 60.79
11029.21 60.41
11229.94 59.88
11434.32 59.33
11642.41 58.83
11854.3 58.44
12070.04 58.15
12289.71 57.93
12513.38 57.73
12741.12 57.51
12973 57.24
13209.1 56.94
13449.5 56.62
13694.28 56.34
13943.51 56.20
14197.27 56.31
14455.66 56.76
14718.74 57.54
14986.62 58.53
15259.37 59.54
15537.08 60.37
15819.85 60.90
16107.76 61.09
16400.92 60.97
16699.41 60.61
17003.33 60.10
17312.78 59.59
17627.86 59.20
17948.68 58.94
18275.34 58.70
18607.94 58.36
18946.6 57.79
19291.42 56.96
19642.52 55.90
20000 54.76
