20 85.68
20.36 85.70
20.73 85.71
21.11 85.72
21.5 85.74
21.89 85.75
22.29 85.76
22.69 85.77
23.1 85.78
23.52 85.80
23.95 85.80
24.39 85.81
24.83 85.82
25.28 85.83
25.74 85.83
26.21 85.84
26.69 85.84
27.18 85.84
27.67 85.84
28.17 85.84
28.69 85.83
29.21 85.83
29.74 85.82
30.28 85.82
30.83 85.81
31.39 85.79
31.97 85.78
32.55 85.76
33.14 85.74
33.74 85.72
34.36 85.70
34.98 85.67
35.62 85.64
36.27 85.61
36.93 85.58
37.6 85.55
38.28 85.51
38.98 85.47
39.69 85.43
40.41 85.39
41.15 85.34
41.9 85.30
42.66 85.25
43.44 85.19
44.23 85.14
45.03 85.08
45.85 85.03
46.68 84.97
47.53 84.90
48.4 84.84
49.28 84.78
50.18 84.71
51.09 84.64
52.02 84.57
52.97 84.50
53.93 84.43
54.91 84.36
55.91 84.29
56.93 84.22
57.97 84.14
59.02 84.07
60.09 84.00
61.19 83.93
62.3 83.86
63.44 83.78
64.59 83.71
65.77 83.64
66.96 83.56
68.18 83.48
69.42 83.41
70.69 83.33
71.97 83.25
73.28 83.16
74.62 83.08
75.97 82.99
77.36 82.91
78.76 82.82
80.2 82.73
81.66 82.64
83.14 82.54
84.66 82.45
86.2 82.36
87.77 82.27
89.36 82.17
90.99 82.08
92.65 81.99
94.33 81.89
96.05 81.80
97.8 81.70
99.58 81.60
101.39 81.50
103.23 81.40
105.11 81.30
107.03 81.19
108.97 81.09
110.96 80.98
112.98 80.88
115.03 80.77
117.13 80.67
119.26 80.56
121.43 80.46
123.64 80.35
125.89 80.25
128.18 80.16
130.51 80.06
132.89 79.96
135.31 79.86
137.77 79.77
140.28 79.67
142.83 79.57
145.43 79.47
148.07 79.37
150.77 79.28
153.51 79.18
156.31 79.08
159.15 78.98
162.05 78.89
165 78.79
168 78.70
171.06 78.60
174.17 78.51
177.34 78.42
180.57 78.33
183.86 78.23
187.2 78.14
190.61 78.04
194.08 77.95
197.61 77.86
201.21 77.77
204.87 77.68
208.6 77.59
212.39 77.50
216.26 77.41
220.19 77.33
224.2 77.24
228.28 77.16
232.44 77.08
236.67 77.00
240.97 76.92
245.36 76.84
249.82 76.77
254.37 76.69
259 76.61
263.71 76.54
268.51 76.46
273.4 76.38
278.38 76.31
283.44 76.23
288.6 76.15
293.85 76.08
299.2 76.00
304.65 75.93
310.19 75.85
315.84 75.78
321.59 75.71
327.44 75.64
333.4 75.57
339.47 75.51
345.64 75.44
351.93 75.37
358.34 75.31
364.86 75.24
371.5 75.18
378.26 75.11
385.15 75.05
392.16 75.00
399.29 74.94
406.56 74.88
413.96 74.83
421.49 74.78
429.16 74.73
436.97 74.69
444.93 74.65
453.02 74.61
461.27 74.58
469.66 74.55
478.21 74.52
486.91 74.49
495.78 74.46
504.8 74.44
513.99 74.42
523.34 74.41
532.87 74.39
542.56 74.38
552.44 74.36
562.49 74.35
572.73 74.34
583.15 74.33
593.77 74.33
604.57 74.32
615.57 74.32
626.78 74.31
638.18 74.31
649.8 74.31
661.63 74.31
673.67 74.31
685.93 74.31
698.41 74.31
711.12 74.31
724.06 74.32
737.24 74.32
750.66 74.33
764.32 74.33
778.23 74.34
792.39 74.35
806.82 74.36
821.5 74.38
836.45 74.40
851.67 74.42
867.17 74.45
882.96 74.49
899.02 74.53
915.39 74.59
932.05 74.65
949.01 74.72
966.28 74.80
983.87 74.90
1001.77 75.01
1020 75.14
1038.57 75.28
1057.47 75.44
1076.71 75.61
1096.31 75.79
1116.26 75.98
1136.58 76.18
1157.26 76.39
1178.32 76.59
1199.77 76.80
1221.6 77.01
1243.84 77.22
1266.47 77.41
1289.52 77.60
1312.99 77.78
1336.89 77.96
1361.22 78.12
1385.99 78.29
1411.22 78.44
1436.9 78.59
1463.05 78.72
1489.68 78.86
1516.79 78.99
1544.4 79.13
1572.5 79.26
1601.12 79.40
1630.26 79.53
1659.93 79.67
1690.14 79.80
1720.9 79.93
1752.22 80.06
1784.11 80.18
1816.58 80.31
1849.64 80.42
1883.3 80.54
1917.58 80.66
1952.48 80.78
1988.01 80.90
2024.19 81.03
2061.03 81.16
2098.54 81.30
2136.73 81.44
2175.62 81.60
2215.22 81.77
2255.53 81.95
2296.58 82.17
2338.38 82.41
2380.94 82.68
2424.27 82.98
2468.39 83.31
2513.31 83.66
2559.05 84.02
2605.63 84.37
2653.05 84.71
2701.33 84.99
2750.5 85.19
2800.55 85.29
2851.52 85.28
2903.42 85.14
2956.26 84.89
3010.06 84.54
3064.85 84.13
3120.62 83.68
3177.42 83.21
3235.25 82.76
3294.13 82.35
3354.08 82.00
3415.12 81.71
3477.27 81.48
3540.56 81.33
3605 81.24
3670.6 81.20
3737.41 81.20
3805.43 81.23
3874.68 81.26
3945.2 81.28
4017 81.27
4090.11 81.22
4164.55 81.12
4240.34 80.95
4317.51 80.71
4396.09 80.38
4476.1 79.96
4557.56 79.43
4640.5 78.78
4724.96 78.03
4810.95 77.22
4898.51 76.41
4987.66 75.72
5078.43 75.23
5170.86 75.02
5264.97 75.11
5360.79 75.47
5458.35 76.05
5557.69 76.76
5658.84 77.50
5761.82 78.18
5866.69 78.69
5973.46 78.98
6082.17 79.03
6192.87 78.86
6305.57 78.52
6420.33 78.10
6537.18 77.69
6656.15 77.36
6777.29 77.19
6900.63 77.20
7026.22 77.44
7154.1 77.88
7284.3 78.50
7416.87 79.23
7551.85 79.95
7689.29 80.54
7829.23 80.84
7971.72 80.75
8116.8 80.21
8264.53 79.27
8414.94 78.06
8568.09 76.74
8724.02 75.44
8882.79 74.28
9044.46 73.31
9209.06 72.56
9376.66 72.03
9547.31 71.67
9721.07 71.44
9897.99 71.24
10078.13 70.99
10261.55 70.60
10448.3 70.00
10638.45 69.16
10832.07 68.10
11029.21 66.89
11229.94 65.63
11434.32 64.44
11642.41 63.43
11854.3 62.67
12070.04 62.19
12289.71 62.01
12513.38 62.08
12741.12 62.35
12973 62.75
13209.1 63.22
13449.5 63.69
13694.28 64.12
13943.51 64.50
14197.27 64.86
14455.66 65.25
14718.74 65.74
14986.62 66.37
15259.37 67.15
15537.08 68.02
15819.85 68.87
16107.76 69.58
16400.92 70.04
16699.41 70.22
17003.33 70.14
17312.78 69.85
17627.86 69.47
17948.68 69.08
18275.34 68.76
18607.94 68.50
18946.6 68.25
19291.42 67.97
19642.52 67.62
20000 67.25
