20 81.75
20.36 81.77
20.73 81.79
21.11 81.81
21.5 81.83
21.89 81.86
22.29 81.88
22.69 81.90
23.1 81.92
23.52 81.94
23.95 81.96
24.39 81.98
24.83 82.00
25.28 82.02
25.74 82.04
26.21 82.06
26.69 82.08
27.18 82.10
27.67 82.11
28.17 82.13
28.69 82.15
29.21 82.16
29.74 82.18
30.28 82.20
30.83 82.21
31.39 82.22
31.97 82.24
32.55 82.25
33.14 82.26
33.74 82.27
34.36 82.28
34.98 82.30
35.62 82.30
36.27 82.31
36.93 82.32
37.6 82.33
38.28 82.33
38.98 82.33
39.69 82.33
40.41 82.34
41.15 82.34
41.9 82.33
42.66 82.33
43.44 82.33
44.23 82.32
45.03 82.31
45.85 82.31
46.68 82.29
47.53 82.28
48.4 82.27
49.28 82.25
50.18 82.24
51.09 82.23
52.02 82.21
52.97 82.20
53.93 82.18
54.91 82.17
55.91 82.16
56.93 82.14
57.97 82.14
59.02 82.13
60.09 82.12
61.19 82.11
62.3 82.11
63.44 82.10
64.59 82.10
65.77 82.09
66.96 82.09
68.18 82.08
69.42 82.08
70.69 82.07
71.97 82.05
73.28 82.04
74.62 82.02
75.97 82.01
77.36 81.99
78.76 81.97
80.2 81.95
81.66 81.93
83.14 81.91
84.66 81.89
86.2 81.87
87.77 81.86
89.36 81.84
90.99 81.83
92.65 81.81
94.33 81.80
96.05 81.78
97.8 81.77
99.58 81.75
101.39 81.74
103.23 81.72
105.11 81.70
107.03 81.69
108.97 81.66
110.96 81.64
112.98 81.61
115.03 81.58
117.13 81.55
119.26 81.52
121.43 81.48
123.64 81.45
125.89 81.42
128.18 81.38
130.51 81.35
132.89 81.31
135.31 81.28
137.77 81.25
140.28 81.21
142.83 81.18
145.43 81.15
148.07 81.11
150.77 81.08
153.51 81.05
156.31 81.01
159.15 80.97
162.05 80.93
165 80.88
168 80.83
171.06 80.78
174.17 80.72
177.34 80.67
180.57 80.60
183.86 80.54
187.2 80.47
190.61 80.41
194.08 80.34
197.61 80.27
201.21 80.21
204.87 80.15
208.6 80.09
212.39 80.04
216.26 79.99
220.19 79.94
224.2 79.89
228.28 79.85
232.44 79.80
236.67 79.76
240.97 79.71
245.36 79.67
249.82 79.62
254.37 79.57
259 79.52
263.71 79.46
268.51 79.40
273.4 79.33
278.38 79.26
283.44 79.19
288.6 79.11
293.85 79.03
299.2 78.95
304.65 78.87
310.19 78.80
315.84 78.72
321.59 78.65
327.44 78.57
333.4 78.50
339.47 78.42
345.64 78.35
351.93 78.27
358.34 78.20
364.86 78.12
371.5 78.04
378.26 77.96
385.15 77.88
392.16 77.79
399.29 77.70
406.56 77.61
413.96 77.53
421.49 77.44
429.16 77.35
436.97 77.26
444.93 77.17
453.02 77.09
461.27 77.00
469.66 76.92
478.21 76.83
486.91 76.74
495.78 76.65
504.8 76.56
513.99 76.48
523.34 76.41
532.87 76.35
542.56 76.29
552.44 76.23
562.49 76.18
572.73 76.12
583.15 76.06
593.77 76.00
604.57 75.92
615.57 75.83
626.78 75.73
638.18 75.62
649.8 75.50
661.63 75.39
673.67 75.28
685.93 75.20
698.41 75.13
711.12 75.07
724.06 75.02
737.24 74.98
750.66 74.94
764.32 74.91
778.23 74.87
792.39 74.84
806.82 74.81
821.5 74.79
836.45 74.77
851.67 74.75
867.17 74.74
882.96 74.73
899.02 74.74
915.39 74.75
932.05 74.78
949.01 74.81
966.28 74.86
983.87 74.93
1001.77 75.01
1020 75.11
1038.57 75.22
1057.47 75.35
1076.71 75.49
1096.31 75.64
1116.26 75.81
1136.58 75.99
1157.26 76.17
1178.32 76.37
1199.77 76.56
1221.6 76.76
1243.84 76.95
1266.47 77.14
1289.52 77.33
1312.99 77.52
1336.89 77.70
1361.22 77.89
1385.99 78.07
1411.22 78.25
1436.9 78.42
1463.05 78.59
1489.68 78.76
1516.79 78.92
1544.4 79.09
1572.5 79.27
1601.12 79.45
1630.26 79.64
1659.93 79.84
1690.14 80.06
1720.9 80.28
1752.22 80.51
1784.11 80.75
1816.58 81.00
1849.64 81.27
1883.3 81.55
1917.58 81.84
1952.48 82.15
1988.01 82.47
2024.19 82.79
2061.03 83.12
2098.54 83.45
2136.73 83.78
2175.62 84.10
2215.22 84.41
2255.53 84.70
2296.58 84.96
2338.38 85.19
2380.94 85.37
2424.27 85.51
2468.39 85.58
2513.31 85.61
2559.05 85.57
2605.63 85.47
2653.05 85.33
2701.33 85.16
2750.5 84.94
2800.55 84.71
2851.52 84.46
2903.42 84.21
2956.26 83.95
3010.06 83.70
3064.85 83.44
3120.62 83.20
3177.42 82.97
3235.25 82.75
3294.13 82.55
3354.08 82.37
3415.12 82.21
3477.27 82.07
3540.56 81.95
3605 81.85
3670.6 81.77
3737.41 81.72
3805.43 81.69
3874.68 81.70
3945.2 81.73
4017 81.80
4090.11 81.91
4164.55 82.05
4240.34 82.24
4317.51 82.48
4396.09 82.76
4476.1 83.09
4557.56 83.47
4640.5 83.90
4724.96 84.37
4810.95 84.86
4898.51 85.34
4987.66 85.79
5078.43 86.16
5170.86 86.40
5264.97 86.50
5360.79 86.42
5458.35 86.17
5557.69 85.76
5658.84 85.22
5761.82 84.60
5866.69 83.92
5973.46 83.23
6082.17 82.56
6192.87 81.95
6305.57 81.43
6420.33 81.01
6537.18 80.71
6656.15 80.55
6777.29 80.52
6900.63 80.64
7026.22 80.91
7154.1 81.31
7284.3 81.79
7416.87 82.30
7551.85 82.74
7689.29 83.01
7829.23 82.99
7971.72 82.58
8116.8 81.75
8264.53 80.52
8414.94 78.98
8568.09 77.26
8724.02 75.51
8882.79 73.81
9044.46 72.25
9209.06 70.86
9376.66 69.64
9547.31 68.61
9721.07 67.76
9897.99 67.09
10078.13 66.62
10261.55 66.34
10448.3 66.27
10638.45 66.40
10832.07 66.72
11029.21 67.18
11229.94 67.72
11434.32 68.25
11642.41 68.65
11854.3 68.83
12070.04 68.77
12289.71 68.47
12513.38 67.99
12741.12 67.36
12973 66.62
13209.1 65.79
13449.5 64.84
13694.28 63.77
13943.51 62.57
14197.27 61.27
14455.66 59.90
14718.74 58.53
14986.62 57.19
15259.37 55.91
15537.08 54.74
15819.85 53.75
16107.76 53.02
16400.92 52.66
16699.41 52.77
17003.33 53.41
17312.78 54.50
17627.86 55.92
17948.68 57.52
18275.34 59.11
18607.94 60.53
18946.6 61.66
19291.42 62.47
19642.52 63.07
20000 63.59
