20 79.94
20.36 79.98
20.73 80.03
21.11 80.07
21.5 80.12
21.89 80.16
22.29 80.20
22.69 80.25
23.1 80.29
23.52 80.33
23.95 80.37
24.39 80.41
24.83 80.45
25.28 80.49
25.74 80.53
26.21 80.57
26.69 80.60
27.18 80.64
27.67 80.67
28.17 80.70
28.69 80.73
29.21 80.76
29.74 80.79
30.28 80.82
30.83 80.84
31.39 80.86
31.97 80.88
32.55 80.90
33.14 80.92
33.74 80.94
34.36 80.95
34.98 80.96
35.62 80.97
36.27 80.98
36.93 80.99
37.6 81.00
38.28 81.01
38.98 81.02
39.69 81.02
40.41 81.03
41.15 81.03
41.9 81.03
42.66 81.04
43.44 81.04
44.23 81.05
45.03 81.05
45.85 81.06
46.68 81.06
47.53 81.07
48.4 81.08
49.28 81.08
50.18 81.09
51.09 81.09
52.02 81.09
52.97 81.09
53.93 81.09
54.91 81.09
55.91 81.08
56.93 81.08
57.97 81.06
59.02 81.05
60.09 81.03
61.19 81.02
62.3 81.00
63.44 80.97
64.59 80.95
65.77 80.92
66.96 80.90
68.18 80.87
69.42 80.84
70.69 80.82
71.97 80.79
73.28 80.77
74.62 80.74
75.97 80.72
77.36 80.70
78.76 80.68
80.2 80.66
81.66 80.64
83.14 80.62
84.66 80.61
86.2 80.59
87.77 80.57
89.36 80.56
90.99 80.54
92.65 80.53
94.33 80.51
96.05 80.50
97.8 80.48
99.58 80.46
101.39 80.44
103.23 80.42
105.11 80.40
107.03 80.37
108.97 80.35
110.96 80.32
112.98 80.30
115.03 80.27
117.13 80.24
119.26 80.21
121.43 80.18
123.64 80.15
125.89 80.13
128.18 80.10
130.51 80.08
132.89 80.05
135.31 80.02
137.77 80.00
140.28 79.97
142.83 79.94
145.43 79.91
148.07 79.89
150.77 79.86
153.51 79.83
156.31 79.81
159.15 79.79
162.05 79.76
165 79.74
168 79.72
171.06 79.69
174.17 79.67
177.34 79.65
180.57 79.63
183.86 79.61
187.2 79.59
190.61 79.57
194.08 79.55
197.61 79.52
201.21 79.50
204.87 79.47
208.6 79.43
212.39 79.40
216.26 79.36
220.19 79.32
224.2 79.28
228.28 79.25
232.44 79.21
236.67 79.17
240.97 79.13
245.36 79.10
249.82 79.06
254.37 79.03
259 78.99
263.71 78.96
268.51 78.93
273.4 78.89
278.38 78.86
283.44 78.82
288.6 78.78
293.85 78.74
299.2 78.70
304.65 78.66
310.19 78.62
315.84 78.57
321.59 78.53
327.44 78.48
333.4 78.43
339.47 78.39
345.64 78.34
351.93 78.30
358.34 78.25
364.86 78.21
371.5 78.16
378.26 78.11
385.15 78.06
392.16 78.01
399.29 77.96
406.56 77.90
413.96 77.84
421.49 77.78
429.16 77.72
436.97 77.66
444.93 77.60
453.02 77.53
461.27 77.47
469.66 77.40
478.21 77.34
486.91 77.27
495.78 77.21
504.8 77.15
513.99 77.09
523.34 77.03
532.87 76.97
542.56 76.90
552.44 76.84
562.49 76.77
572.73 76.70
583.15 76.62
593.77 76.55
604.57 76.47
615.57 76.40
626.78 76.32
638.18 76.25
649.8 76.17
661.63 76.10
673.67 76.03
685.93 75.96
698.41 75.89
711.12 75.82
724.06 75.75
737.24 75.67
750.66 75.59
764.32 75.52
778.23 75.45
792.39 75.38
806.82 75.31
821.5 75.25
836.45 75.19
851.67 75.14
867.17 75.08
882.96 75.04
899.02 75.00
915.39 74.97
932.05 74.95
949.01 74.95
966.28 74.95
983.87 74.97
1001.77 75.00
1020 75.05
1038.57 75.11
1057.47 75.17
1076.71 75.26
1096.31 75.35
1116.26 75.45
1136.58 75.57
1157.26 75.69
1178.32 75.81
1199.77 75.94
1221.6 76.06
1243.84 76.17
1266.47 76.28
1289.52 76.38
1312.99 76.47
1336.89 76.55
1361.22 76.62
1385.99 76.69
1411.22 76.73
1436.9 76.78
1463.05 76.81
1489.68 76.84
1516.79 76.86
1544.4 76.87
1572.5 76.88
1601.12 76.88
1630.26 76.87
1659.93 76.87
1690.14 76.87
1720.9 76.88
1752.22 76.88
1784.11 76.89
1816.58 76.90
1849.64 76.91
1883.3 76.92
1917.58 76.92
1952.48 76.92
1988.01 76.93
2024.19 76.93
2061.03 76.94
2098.54 76.93
2136.73 76.92
2175.62 76.90
2215.22 76.87
2255.53 76.83
2296.58 76.79
2338.38 76.74
2380.94 76.68
2424.27 76.62
2468.39 76.55
2513.31 76.48
2559.05 76.41
2605.63 76.35
2653.05 76.29
2701.33 76.26
2750.5 76.24
2800.55 76.24
2851.52 76.28
2903.42 76.35
2956.26 76.47
3010.06 76.63
3064.85 76.84
3120.62 77.10
3177.42 77.41
3235.25 77.75
3294.13 78.11
3354.08 78.48
3415.12 78.85
3477.27 79.21
3540.56 79.56
3605 79.89
3670.6 80.20
3737.41 80.50
3805.43 80.79
3874.68 81.05
3945.2 81.28
4017 81.47
4090.11 81.62
4164.55 81.72
4240.34 81.77
4317.51 81.78
4396.09 81.73
4476.1 81.62
4557.56 81.41
4640.5 81.08
4724.96 80.65
4810.95 80.13
4898.51 79.54
4987.66 78.93
5078.43 78.36
5170.86 77.86
5264.97 77.49
5360.79 77.24
5458.35 77.13
5557.69 77.14
5658.84 77.23
5761.82 77.41
5866.69 77.64
5973.46 77.92
6082.17 78.22
6192.87 78.48
6305.57 78.64
6420.33 78.64
6537.18 78.46
6656.15 78.11
6777.29 77.67
6900.63 77.26
7026.22 76.95
7154.1 76.81
7284.3 76.86
7416.87 77.08
7551.85 77.39
7689.29 77.71
7829.23 77.92
7971.72 77.92
8116.8 77.64
8264.53 77.06
8414.94 76.23
8568.09 75.24
8724.02 74.16
8882.79 73.06
9044.46 71.98
9209.06 70.93
9376.66 69.90
9547.31 68.88
9721.07 67.87
9897.99 66.85
10078.13 65.85
10261.55 64.89
10448.3 64.01
10638.45 63.24
10832.07 62.66
11029.21 62.28
11229.94 62.15
11434.32 62.26
11642.41 62.59
11854.3 63.09
12070.04 63.67
12289.71 64.28
12513.38 64.82
12741.12 65.27
12973 65.59
13209.1 65.83
13449.5 66.03
13694.28 66.27
13943.51 66.59
14197.27 67.07
14455.66 67.71
14718.74 68.47
14986.62 69.22
15259.37 69.80
15537.08 70.05
15819.85 69.87
16107.76 69.22
16400.92 68.17
16699.41 66.88
17003.33 65.58
17312.78 64.48
17627.86 63.70
17948.68 63.24
18275.34 63.02
18607.94 62.84
18946.6 62.49
19291.42 61.87
19642.52 61.00
20000 60.05
