20 76.51
20.36 76.58
20.73 76.65
21.11 76.72
21.5 76.79
21.89 76.86
22.29 76.93
22.69 77.00
23.1 77.06
23.52 77.13
23.95 77.20
24.39 77.26
24.83 77.33
25.28 77.39
25.74 77.45
26.21 77.51
26.69 77.57
27.18 77.63
27.67 77.69
28.17 77.74
28.69 77.80
29.21 77.85
29.74 77.90
30.28 77.95
30.83 78.00
31.39 78.04
31.97 78.08
32.55 78.13
33.14 78.17
33.74 78.20
34.36 78.24
34.98 78.27
35.62 78.30
36.27 78.33
36.93 78.36
37.6 78.39
38.28 78.42
38.98 78.44
39.69 78.47
40.41 78.49
41.15 78.51
41.9 78.53
42.66 78.55
43.44 78.57
44.23 78.59
45.03 78.61
45.85 78.62
46.68 78.64
47.53 78.66
48.4 78.67
49.28 78.69
50.18 78.70
51.09 78.71
52.02 78.72
52.97 78.73
53.93 78.74
54.91 78.75
55.91 78.75
56.93 78.76
57.97 78.76
59.02 78.76
60.09 78.75
61.19 78.75
62.3 78.74
63.44 78.74
64.59 78.73
65.77 78.73
66.96 78.72
68.18 78.72
69.42 78.72
70.69 78.72
71.97 78.72
73.28 78.73
74.62 78.73
75.97 78.75
77.36 78.76
78.76 78.77
80.2 78.78
81.66 78.78
83.14 78.79
84.66 78.79
86.2 78.79
87.77 78.79
89.36 78.78
90.99 78.77
92.65 78.76
94.33 78.75
96.05 78.74
97.8 78.73
99.58 78.72
101.39 78.72
103.23 78.71
105.11 78.70
107.03 78.70
108.97 78.69
110.96 78.69
112.98 78.68
115.03 78.67
117.13 78.66
119.26 78.65
121.43 78.63
123.64 78.62
125.89 78.61
128.18 78.59
130.51 78.57
132.89 78.56
135.31 78.54
137.77 78.52
140.28 78.50
142.83 78.48
145.43 78.46
148.07 78.44
150.77 78.42
153.51 78.40
156.31 78.39
159.15 78.37
162.05 78.35
165 78.34
168 78.32
171.06 78.31
174.17 78.29
177.34 78.27
180.57 78.25
183.86 78.23
187.2 78.21
190.61 78.18
194.08 78.16
197.61 78.14
201.21 78.11
204.87 78.08
208.6 78.06
212.39 78.03
216.26 78.00
220.19 77.98
224.2 77.95
228.28 77.93
232.44 77.90
236.67 77.88
240.97 77.85
245.36 77.83
249.82 77.82
254.37 77.80
259 77.78
263.71 77.76
268.51 77.74
273.4 77.72
278.38 77.69
283.44 77.65
288.6 77.61
293.85 77.58
299.2 77.53
304.65 77.49
310.19 77.44
315.84 77.39
321.59 77.34
327.44 77.28
333.4 77.23
339.47 77.19
345.64 77.14
351.93 77.09
358.34 77.05
364.86 77.00
371.5 76.96
378.26 76.91
385.15 76.87
392.16 76.82
399.29 76.77
406.56 76.73
413.96 76.68
421.49 76.63
429.16 76.58
436.97 76.53
444.93 76.48
453.02 76.43
461.27 76.38
469.66 76.33
478.21 76.27
486.91 76.22
495.78 76.17
504.8 76.11
513.99 76.06
523.34 76.00
532.87 75.95
542.56 75.89
552.44 75.84
562.49 75.78
572.73 75.72
583.15 75.66
593.77 75.61
604.57 75.55
615.57 75.49
626.78 75.44
638.18 75.39
649.8 75.33
661.63 75.28
673.67 75.22
685.93 75.17
698.41 75.11
711.12 75.06
724.06 75.01
737.24 74.96
750.66 74.91
764.32 74.87
778.23 74.83
792.39 74.80
806.82 74.77
821.5 74.74
836.45 74.72
851.67 74.70
867.17 74.68
882.96 74.67
899.02 74.68
915.39 74.70
932.05 74.73
949.01 74.78
966.28 74.84
983.87 74.92
1001.77 75.01
1020 75.12
1038.57 75.25
1057.47 75.39
1076.71 75.55
1096.31 75.72
1116.26 75.89
1136.58 76.08
1157.26 76.26
1178.32 76.44
1199.77 76.63
1221.6 76.82
1243.84 77.00
1266.47 77.16
1289.52 77.32
1312.99 77.46
1336.89 77.60
1361.22 77.72
1385.99 77.83
1411.22 77.94
1436.9 78.03
1463.05 78.13
1489.68 78.22
1516.79 78.31
1544.4 78.41
1572.5 78.50
1601.12 78.61
1630.26 78.72
1659.93 78.83
1690.14 78.94
1720.9 79.06
1752.22 79.19
1784.11 79.32
1816.58 79.46
1849.64 79.62
1883.3 79.79
1917.58 79.97
1952.48 80.17
1988.01 80.38
2024.19 80.60
2061.03 80.83
2098.54 81.08
2136.73 81.35
2175.62 81.63
2215.22 81.94
2255.53 82.26
2296.58 82.60
2338.38 82.97
2380.94 83.34
2424.27 83.73
2468.39 84.11
2513.31 84.50
2559.05 84.89
2605.63 85.27
2653.05 85.64
2701.33 86.00
2750.5 86.33
2800.55 86.62
2851.52 86.85
2903.42 87.01
2956.26 87.09
3010.06 87.10
3064.85 87.02
3120.62 86.88
3177.42 86.67
3235.25 86.43
3294.13 86.16
3354.08 85.87
3415.12 85.59
3477.27 85.32
3540.56 85.07
3605 84.84
3670.6 84.65
3737.41 84.48
3805.43 84.35
3874.68 84.26
3945.2 84.20
4017 84.19
4090.11 84.20
4164.55 84.24
4240.34 84.31
4317.51 84.38
4396.09 84.46
4476.1 84.53
4557.56 84.56
4640.5 84.54
4724.96 84.44
4810.95 84.26
4898.51 83.98
4987.66 83.60
5078.43 83.14
5170.86 82.62
5264.97 82.03
5360.79 81.41
5458.35 80.77
5557.69 80.14
5658.84 79.55
5761.82 79.01
5866.69 78.54
5973.46 78.15
6082.17 77.86
6192.87 77.69
6305.57 77.65
6420.33 77.77
6537.18 78.05
6656.15 78.50
6777.29 79.10
6900.63 79.82
7026.22 80.58
7154.1 81.31
7284.3 81.89
7416.87 82.21
7551.85 82.19
7689.29 81.79
7829.23 80.97
7971.72 79.75
8116.8 78.11
8264.53 76.05
8414.94 73.61
8568.09 70.87
8724.02 68.00
8882.79 65.20
9044.46 62.70
9209.06 60.74
9376.66 59.48
9547.31 59.00
9721.07 59.20
9897.99 59.86
10078.13 60.66
10261.55 61.29
10448.3 61.56
10638.45 61.39
10832.07 60.79
11029.21 59.88
11229.94 58.80
11434.32 57.71
11642.41 56.70
11854.3 55.83
12070.04 55.14
12289.71 54.64
12513.38 54.32
12741.12 54.16
12973 54.12
13209.1 54.17
13449.5 54.30
13694.28 54.51
13943.51 54.80
14197.27 55.20
14455.66 55.66
14718.74 56.13
14986.62 56.50
15259.37 56.61
15537.08 56.29
15819.85 55.43
16107.76 54.02
16400.92 52.13
16699.41 49.89
17003.33 47.47
17312.78 45.01
17627.86 42.64
17948.68 40.44
18275.34 38.43
18607.94 36.60
18946.6 34.92
19291.42 33.32
19642.52 31.76
20000 30.23
