20 85.12
20.36 85.20
20.73 85.27
21.11 85.34
21.5 85.41
21.89 85.48
22.29 85.55
22.69 85.62
23.1 85.69
23.52 85.76
23.95 85.83
24.39 85.89
24.83 85.96
25.28 86.02
25.74 86.09
26.21 86.15
26.69 86.21
27.18 86.27
27.67 86.33
28.17 86.39
28.69 86.44
29.21 86.50
29.74 86.55
30.28 86.61
30.83 86.65
31.39 86.70
31.97 86.75
32.55 86.79
33.14 86.83
33.74 86.87
34.36 86.91
34.98 86.95
35.62 86.98
36.27 87.01
36.93 87.04
37.6 87.07
38.28 87.10
38.98 87.12
39.69 87.15
40.41 87.17
41.15 87.19
41.9 87.20
42.66 87.22
43.44 87.24
44.23 87.25
45.03 87.26
45.85 87.27
46.68 87.28
47.53 87.28
48.4 87.29
49.28 87.29
50.18 87.30
51.09 87.30
52.02 87.30
52.97 87.30
53.93 87.30
54.91 87.30
55.91 87.30
56.93 87.30
57.97 87.29
59.02 87.29
60.09 87.29
61.19 87.29
62.3 87.28
63.44 87.28
64.59 87.28
65.77 87.27
66.96 87.27
68.18 87.26
69.42 87.26
70.69 87.25
71.97 87.24
73.28 87.24
74.62 87.23
75.97 87.22
77.36 87.21
78.76 87.20
80.2 87.18
81.66 87.17
83.14 87.15
84.66 87.13
86.2 87.10
87.77 87.08
89.36 87.05
90.99 87.02
92.65 86.98
94.33 86.95
96.05 86.91
97.8 86.87
99.58 86.83
101.39 86.78
103.23 86.74
105.11 86.69
107.03 86.65
108.97 86.61
110.96 86.57
112.98 86.53
115.03 86.49
117.13 86.46
119.26 86.42
121.43 86.39
123.64 86.35
125.89 86.31
128.18 86.28
130.51 86.23
132.89 86.19
135.31 86.14
137.77 86.09
140.28 86.04
142.83 85.98
145.43 85.92
148.07 85.86
150.77 85.80
153.51 85.73
156.31 85.67
159.15 85.60
162.05 85.53
165 85.46
168 85.38
171.06 85.31
174.17 85.22
177.34 85.14
180.57 85.06
183.86 84.97
187.2 84.88
190.61 84.78
194.08 84.69
197.61 84.60
201.21 84.51
204.87 84.42
208.6 84.33
212.39 84.25
216.26 84.16
220.19 84.07
224.2 83.98
228.28 83.88
232.44 83.79
236.67 83.69
240.97 83.60
245.36 83.51
249.82 83.41
254.37 83.31
259 83.22
263.71 83.11
268.51 83.01
273.4 82.90
278.38 82.80
283.44 82.69
288.6 82.58
293.85 82.47
299.2 82.36
304.65 82.26
310.19 82.15
315.84 82.04
321.59 81.93
327.44 81.82
333.4 81.71
339.47 81.60
345.64 81.48
351.93 81.37
358.34 81.25
364.86 81.14
371.5 81.02
378.26 80.90
385.15 80.78
392.16 80.67
399.29 80.55
406.56 80.43
413.96 80.31
421.49 80.19
429.16 80.07
436.97 79.95
444.93 79.82
453.02 79.69
461.27 79.56
469.66 79.42
478.21 79.28
486.91 79.15
495.78 79.02
504.8 78.89
513.99 78.76
523.34 78.62
532.87 78.49
542.56 78.36
552.44 78.23
562.49 78.10
572.73 77.96
583.15 77.82
593.77 77.68
604.57 77.54
615.57 77.41
626.78 77.27
638.18 77.14
649.8 77.02
661.63 76.90
673.67 76.78
685.93 76.67
698.41 76.57
711.12 76.46
724.06 76.35
737.24 76.24
750.66 76.12
764.32 75.99
778.23 75.87
792.39 75.75
806.82 75.64
821.5 75.54
836.45 75.44
851.67 75.35
867.17 75.26
882.96 75.18
899.02 75.11
915.39 75.06
932.05 75.01
949.01 74.98
966.28 74.97
983.87 74.98
1001.77 75.00
1020 75.05
1038.57 75.11
1057.47 75.19
1076.71 75.29
1096.31 75.41
1116.26 75.53
1136.58 75.67
1157.26 75.82
1178.32 75.97
1199.77 76.14
1221.6 76.31
1243.84 76.47
1266.47 76.64
1289.52 76.80
1312.99 76.95
1336.89 77.10
1361.22 77.24
1385.99 77.36
1411.22 77.48
1436.9 77.59
1463.05 77.70
1489.68 77.80
1516.79 77.91
1544.4 78.02
1572.5 78.13
1601.12 78.25
1630.26 78.38
1659.93 78.53
1690.14 78.68
1720.9 78.85
1752.22 79.03
1784.11 79.22
1816.58 79.44
1849.64 79.68
1883.3 79.95
1917.58 80.23
1952.48 80.55
1988.01 80.89
2024.19 81.24
2061.03 81.62
2098.54 82.01
2136.73 82.42
2175.62 82.82
2215.22 83.21
2255.53 83.56
2296.58 83.86
2338.38 84.09
2380.94 84.23
2424.27 84.28
2468.39 84.26
2513.31 84.19
2559.05 84.09
2605.63 83.98
2653.05 83.87
2701.33 83.75
2750.5 83.62
2800.55 83.46
2851.52 83.27
2903.42 83.05
2956.26 82.81
3010.06 82.56
3064.85 82.31
3120.62 82.06
3177.42 81.84
3235.25 81.67
3294.13 81.54
3354.08 81.48
3415.12 81.48
3477.27 81.54
3540.56 81.67
3605 81.83
3670.6 82.00
3737.41 82.15
3805.43 82.23
3874.68 82.21
3945.2 82.08
4017 81.85
4090.11 81.55
4164.55 81.23
4240.34 80.93
4317.51 80.70
4396.09 80.56
4476.1 80.54
4557.56 80.63
4640.5 80.85
4724.96 81.21
4810.95 81.70
4898.51 82.28
4987.66 82.88
5078.43 83.44
5170.86 83.87
5264.97 84.11
5360.79 84.15
5458.35 83.98
5557.69 83.64
5658.84 83.20
5761.82 82.73
5866.69 82.29
5973.46 81.92
6082.17 81.64
6192.87 81.49
6305.57 81.43
6420.33 81.45
6537.18 81.53
6656.15 81.66
6777.29 81.81
6900.63 81.99
7026.22 82.17
7154.1 82.34
7284.3 82.49
7416.87 82.60
7551.85 82.66
7689.29 82.66
7829.23 82.58
7971.72 82.40
8116.8 82.11
8264.53 81.69
8414.94 81.19
8568.09 80.64
8724.02 80.12
8882.79 79.67
9044.46 79.31
9209.06 79.06
9376.66 78.86
9547.31 78.66
9721.07 78.35
9897.99 77.83
10078.13 77.02
10261.55 75.88
10448.3 74.44
10638.45 72.77
10832.07 70.99
11029.21 69.22
11229.94 67.58
11434.32 66.18
11642.41 65.12
11854.3 64.46
12070.04 64.23
12289.71 64.45
12513.38 65.07
12741.12 66.00
12973 67.12
13209.1 68.30
13449.5 69.41
13694.28 70.40
13943.51 71.25
14197.27 72.01
14455.66 72.75
14718.74 73.54
14986.62 74.44
15259.37 75.44
15537.08 76.49
15819.85 77.49
16107.76 78.38
16400.92 79.12
16699.41 79.69
17003.33 80.06
17312.78 80.13
17627.86 79.79
17948.68 78.96
18275.34 77.70
18607.94 76.13
18946.6 74.37
19291.42 72.53
19642.52 70.69
20000 68.86
