20 80.78
20.36 80.85
20.73 80.92
21.11 80.99
21.5 81.06
21.89 81.13
22.29 81.20
22.69 81.27
23.1 81.34
23.52 81.41
23.95 81.48
24.39 81.54
24.83 81.61
25.28 81.67
25.74 81.73
26.21 81.80
26.69 81.86
27.18 81.92
27.67 81.97
28.17 82.03
28.69 82.08
29.21 82.14
29.74 82.19
30.28 82.24
30.83 82.28
31.39 82.33
31.97 82.37
32.55 82.41
33.14 82.45
33.74 82.49
34.36 82.52
34.98 82.56
35.62 82.59
36.27 82.61
36.93 82.64
37.6 82.67
38.28 82.69
38.98 82.71
39.69 82.73
40.41 82.75
41.15 82.77
41.9 82.78
42.66 82.80
43.44 82.81
44.23 82.83
45.03 82.84
45.85 82.85
46.68 82.86
47.53 82.87
48.4 82.88
49.28 82.89
50.18 82.90
51.09 82.90
52.02 82.91
52.97 82.91
53.93 82.92
54.91 82.92
55.91 82.92
56.93 82.92
57.97 82.92
59.02 82.92
60.09 82.92
61.19 82.92
62.3 82.91
63.44 82.90
64.59 82.90
65.77 82.89
66.96 82.88
68.18 82.87
69.42 82.86
70.69 82.85
71.97 82.84
73.28 82.82
74.62 82.81
75.97 82.80
77.36 82.78
78.76 82.76
80.2 82.75
81.66 82.73
83.14 82.72
84.66 82.70
86.2 82.69
87.77 82.68
89.36 82.66
90.99 82.65
92.65 82.63
94.33 82.62
96.05 82.60
97.8 82.58
99.58 82.56
101.39 82.53
103.23 82.51
105.11 82.48
107.03 82.45
108.97 82.42
110.96 82.39
112.98 82.35
115.03 82.31
117.13 82.28
119.26 82.24
121.43 82.20
123.64 82.16
125.89 82.12
128.18 82.08
130.51 82.05
132.89 82.00
135.31 81.97
137.77 81.92
140.28 81.88
142.83 81.84
145.43 81.79
148.07 81.75
150.77 81.70
153.51 81.65
156.31 81.60
159.15 81.55
162.05 81.50
165 81.44
168 81.39
171.06 81.33
174.17 81.28
177.34 81.22
180.57 81.16
183.86 81.10
187.2 81.04
190.61 80.97
194.08 80.91
197.61 80.85
201.21 80.79
204.87 80.73
208.6 80.66
212.39 80.60
216.26 80.53
220.19 80.47
224.2 80.40
228.28 80.33
232.44 80.26
236.67 80.18
240.97 80.10
245.36 80.02
249.82 79.94
254.37 79.86
259 79.78
263.71 79.70
268.51 79.62
273.4 79.53
278.38 79.45
283.44 79.36
288.6 79.28
293.85 79.19
299.2 79.10
304.65 79.01
310.19 78.93
315.84 78.84
321.59 78.76
327.44 78.68
333.4 78.61
339.47 78.54
345.64 78.47
351.93 78.39
358.34 78.32
364.86 78.25
371.5 78.17
378.26 78.09
385.15 78.00
392.16 77.91
399.29 77.82
406.56 77.73
413.96 77.64
421.49 77.55
429.16 77.46
436.97 77.37
444.93 77.28
453.02 77.19
461.27 77.10
469.66 77.01
478.21 76.92
486.91 76.84
495.78 76.75
504.8 76.67
513.99 76.58
523.34 76.49
532.87 76.41
542.56 76.33
552.44 76.24
562.49 76.16
572.73 76.08
583.15 76.00
593.77 75.91
604.57 75.82
615.57 75.72
626.78 75.62
638.18 75.52
649.8 75.42
661.63 75.32
673.67 75.23
685.93 75.14
698.41 75.06
711.12 74.98
724.06 74.90
737.24 74.83
750.66 74.76
764.32 74.69
778.23 74.62
792.39 74.56
806.82 74.52
821.5 74.48
836.45 74.45
851.67 74.43
867.17 74.43
882.96 74.44
899.02 74.47
915.39 74.51
932.05 74.57
949.01 74.66
966.28 74.76
983.87 74.88
1001.77 75.01
1020 75.17
1038.57 75.36
1057.47 75.57
1076.71 75.81
1096.31 76.06
1116.26 76.33
1136.58 76.61
1157.26 76.90
1178.32 77.21
1199.77 77.52
1221.6 77.82
1243.84 78.12
1266.47 78.41
1289.52 78.69
1312.99 78.95
1336.89 79.20
1361.22 79.44
1385.99 79.66
1411.22 79.86
1436.9 80.06
1463.05 80.24
1489.68 80.41
1516.79 80.57
1544.4 80.71
1572.5 80.85
1601.12 80.97
1630.26 81.08
1659.93 81.19
1690.14 81.30
1720.9 81.40
1752.22 81.49
1784.11 81.58
1816.58 81.65
1849.64 81.72
1883.3 81.78
1917.58 81.84
1952.48 81.88
1988.01 81.92
2024.19 81.96
2061.03 81.99
2098.54 82.01
2136.73 82.03
2175.62 82.05
2215.22 82.05
2255.53 82.05
2296.58 82.05
2338.38 82.05
2380.94 82.04
2424.27 82.02
2468.39 82.00
2513.31 81.97
2559.05 81.93
2605.63 81.89
2653.05 81.85
2701.33 81.81
2750.5 81.77
2800.55 81.72
2851.52 81.69
2903.42 81.65
2956.26 81.62
3010.06 81.59
3064.85 81.57
3120.62 81.55
3177.42 81.53
3235.25 81.52
3294.13 81.51
3354.08 81.51
3415.12 81.52
3477.27 81.54
3540.56 81.56
3605 81.59
3670.6 81.63
3737.41 81.68
3805.43 81.73
3874.68 81.78
3945.2 81.84
4017 81.91
4090.11 82.00
4164.55 82.11
4240.34 82.24
4317.51 82.40
4396.09 82.58
4476.1 82.78
4557.56 83.00
4640.5 83.23
4724.96 83.46
4810.95 83.68
4898.51 83.87
4987.66 84.02
5078.43 84.11
5170.86 84.13
5264.97 84.09
5360.79 84.00
5458.35 83.89
5557.69 83.79
5658.84 83.71
5761.82 83.66
5866.69 83.65
5973.46 83.66
6082.17 83.68
6192.87 83.69
6305.57 83.67
6420.33 83.60
6537.18 83.46
6656.15 83.26
6777.29 82.97
6900.63 82.60
7026.22 82.16
7154.1 81.65
7284.3 81.09
7416.87 80.50
7551.85 79.91
7689.29 79.35
7829.23 78.83
7971.72 78.38
8116.8 77.98
8264.53 77.64
8414.94 77.33
8568.09 77.03
8724.02 76.69
8882.79 76.27
9044.46 75.74
9209.06 75.06
9376.66 74.24
9547.31 73.30
9721.07 72.30
9897.99 71.29
10078.13 70.36
10261.55 69.55
10448.3 68.91
10638.45 68.46
10832.07 68.20
11029.21 68.14
11229.94 68.28
11434.32 68.59
11642.41 69.05
11854.3 69.64
12070.04 70.30
12289.71 71.00
12513.38 71.67
12741.12 72.23
12973 72.62
13209.1 72.77
13449.5 72.61
13694.28 72.18
13943.51 71.52
14197.27 70.73
14455.66 69.95
14718.74 69.33
14986.62 68.97
15259.37 68.92
15537.08 69.16
15819.85 69.64
16107.76 70.23
16400.92 70.83
16699.41 71.30
17003.33 71.55
17312.78 71.54
17627.86 71.26
17948.68 70.78
18275.34 70.17
18607.94 69.50
18946.6 68.80
19291.42 68.04
19642.52 67.24
20000 66.41
