20 82.59
20.36 82.63
20.73 82.67
21.11 82.71
21.5 82.75
21.89 82.79
22.29 82.83
22.69 82.87
23.1 82.91
23.52 82.95
23.95 82.99
24.39 83.03
24.83 83.07
25.28 83.11
25.74 83.14
26.21 83.18
26.69 83.21
27.18 83.25
27.67 83.28
28.17 83.31
28.69 83.35
29.21 83.38
29.74 83.41
30.28 83.44
30.83 83.46
31.39 83.49
31.97 83.52
32.55 83.54
33.14 83.56
33.74 83.58
34.36 83.61
34.98 83.62
35.62 83.64
36.27 83.66
36.93 83.67
37.6 83.68
38.28 83.69
38.98 83.70
39.69 83.70
40.41 83.70
41.15 83.70
41.9 83.70
42.66 83.70
43.44 83.69
44.23 83.68
45.03 83.67
45.85 83.66
46.68 83.64
47.53 83.62
48.4 83.60
49.28 83.57
50.18 83.55
51.09 83.52
52.02 83.49
52.97 83.46
53.93 83.43
54.91 83.40
55.91 83.37
56.93 83.34
57.97 83.31
59.02 83.28
60.09 83.25
61.19 83.22
62.3 83.19
63.44 83.16
64.59 83.13
65.77 83.10
66.96 83.07
68.18 83.03
69.42 83.00
70.69 82.96
71.97 82.92
73.28 82.88
74.62 82.84
75.97 82.79
77.36 82.75
78.76 82.70
80.2 82.66
81.66 82.61
83.14 82.56
84.66 82.51
86.2 82.47
87.77 82.42
89.36 82.38
90.99 82.33
92.65 82.29
94.33 82.24
96.05 82.20
97.8 82.15
99.58 82.11
101.39 82.06
103.23 82.01
105.11 81.96
107.03 81.91
108.97 81.86
110.96 81.81
112.98 81.76
115.03 81.70
117.13 81.65
119.26 81.60
121.43 81.54
123.64 81.48
125.89 81.43
128.18 81.37
130.51 81.32
132.89 81.26
135.31 81.20
137.77 81.15
140.28 81.09
142.83 81.03
145.43 80.97
148.07 80.91
150.77 80.85
153.51 80.80
156.31 80.75
159.15 80.69
162.05 80.64
165 80.59
168 80.54
171.06 80.49
174.17 80.44
177.34 80.40
180.57 80.35
183.86 80.31
187.2 80.26
190.61 80.21
194.08 80.17
197.61 80.12
201.21 80.08
204.87 80.03
208.6 79.98
212.39 79.93
216.26 79.88
220.19 79.83
224.2 79.79
228.28 79.74
232.44 79.69
236.67 79.64
240.97 79.59
245.36 79.55
249.82 79.50
254.37 79.46
259 79.42
263.71 79.38
268.51 79.34
273.4 79.31
278.38 79.28
283.44 79.25
288.6 79.22
293.85 79.18
299.2 79.15
304.65 79.12
310.19 79.08
315.84 79.05
321.59 79.01
327.44 78.97
333.4 78.94
339.47 78.91
345.64 78.87
351.93 78.84
358.34 78.81
364.86 78.78
371.5 78.74
378.26 78.71
385.15 78.67
392.16 78.64
399.29 78.60
406.56 78.56
413.96 78.52
421.49 78.48
429.16 78.43
436.97 78.39
444.93 78.34
453.02 78.29
461.27 78.24
469.66 78.18
478.21 78.12
486.91 78.06
495.78 78.00
504.8 77.94
513.99 77.86
523.34 77.79
532.87 77.70
542.56 77.61
552.44 77.51
562.49 77.40
572.73 77.30
583.15 77.19
593.77 77.07
604.57 76.95
615.57 76.83
626.78 76.71
638.18 76.59
649.8 76.47
661.63 76.35
673.67 76.23
685.93 76.11
698.41 75.98
711.12 75.86
724.06 75.74
737.24 75.62
750.66 75.49
764.32 75.37
778.23 75.26
792.39 75.15
806.82 75.06
821.5 74.97
836.45 74.89
851.67 74.83
867.17 74.78
882.96 74.74
899.02 74.73
915.39 74.72
932.05 74.74
949.01 74.78
966.28 74.83
983.87 74.91
1001.77 75.01
1020 75.14
1038.57 75.29
1057.47 75.48
1076.71 75.69
1096.31 75.92
1116.26 76.18
1136.58 76.45
1157.26 76.74
1178.32 77.05
1199.77 77.36
1221.6 77.67
1243.84 77.98
1266.47 78.29
1289.52 78.60
1312.99 78.90
1336.89 79.19
1361.22 79.48
1385.99 79.75
1411.22 80.01
1436.9 80.26
1463.05 80.50
1489.68 80.73
1516.79 80.95
1544.4 81.16
1572.5 81.37
1601.12 81.56
1630.26 81.76
1659.93 81.95
1690.14 82.14
1720.9 82.32
1752.22 82.50
1784.11 82.67
1816.58 82.84
1849.64 83.00
1883.3 83.15
1917.58 83.30
1952.48 83.44
1988.01 83.57
2024.19 83.69
2061.03 83.80
2098.54 83.90
2136.73 83.99
2175.62 84.07
2215.22 84.14
2255.53 84.19
2296.58 84.24
2338.38 84.28
2380.94 84.30
2424.27 84.32
2468.39 84.33
2513.31 84.33
2559.05 84.32
2605.63 84.30
2653.05 84.28
2701.33 84.25
2750.5 84.22
2800.55 84.19
2851.52 84.16
2903.42 84.14
2956.26 84.11
3010.06 84.08
3064.85 84.06
3120.62 84.04
3177.42 84.02
3235.25 84.00
3294.13 83.98
3354.08 83.96
3415.12 83.95
3477.27 83.94
3540.56 83.93
3605 83.93
3670.6 83.93
3737.41 83.93
3805.43 83.93
3874.68 83.95
3945.2 83.97
4017 84.02
4090.11 84.09
4164.55 84.18
4240.34 84.30
4317.51 84.45
4396.09 84.63
4476.1 84.84
4557.56 85.08
4640.5 85.33
4724.96 85.61
4810.95 85.88
4898.51 86.12
4987.66 86.33
5078.43 86.46
5170.86 86.52
5264.97 86.48
5360.79 86.37
5458.35 86.21
5557.69 86.01
5658.84 85.83
5761.82 85.66
5866.69 85.52
5973.46 85.41
6082.17 85.32
6192.87 85.25
6305.57 85.19
6420.33 85.12
6537.18 85.02
6656.15 84.88
6777.29 84.67
6900.63 84.40
7026.22 84.04
7154.1 83.60
7284.3 83.09
7416.87 82.52
7551.85 81.92
7689.29 81.31
7829.23 80.73
7971.72 80.20
8116.8 79.73
8264.53 79.33
8414.94 78.99
8568.09 78.69
8724.02 78.40
8882.79 78.07
9044.46 77.65
9209.06 77.10
9376.66 76.40
9547.31 75.55
9721.07 74.58
9897.99 73.55
10078.13 72.49
10261.55 71.48
10448.3 70.57
10638.45 69.80
10832.07 69.20
11029.21 68.80
11229.94 68.61
11434.32 68.64
11642.41 68.91
11854.3 69.42
12070.04 70.16
12289.71 71.10
12513.38 72.18
12741.12 73.31
12973 74.39
13209.1 75.29
13449.5 75.90
13694.28 76.17
13943.51 76.08
14197.27 75.69
14455.66 75.11
14718.74 74.47
14986.62 73.90
15259.37 73.45
15537.08 73.17
15819.85 73.01
16107.76 72.97
16400.92 73.06
16699.41 73.26
17003.33 73.50
17312.78 73.70
17627.86 73.77
17948.68 73.61
18275.34 73.19
18607.94 72.51
18946.6 71.60
19291.42 70.52
19642.52 69.36
20000 68.17
