20 76.73
20.36 76.86
20.73 76.99
21.11 77.11
21.5 77.24
21.89 77.37
22.29 77.50
22.69 77.62
23.1 77.75
23.52 77.87
23.95 77.99
24.39 78.11
24.83 78.23
25.28 78.35
25.74 78.47
26.21 78.59
26.69 78.70
27.18 78.81
27.67 78.93
28.17 79.04
28.69 79.14
29.21 79.25
29.74 79.35
30.28 79.45
30.83 79.55
31.39 79.64
31.97 79.74
32.55 79.83
33.14 79.92
33.74 80.00
34.36 80.08
34.98 80.16
35.62 80.24
36.27 80.31
36.93 80.39
37.6 80.46
38.28 80.52
38.98 80.59
39.69 80.65
40.41 80.72
41.15 80.78
41.9 80.83
42.66 80.89
43.44 80.94
44.23 81.00
45.03 81.05
45.85 81.10
46.68 81.15
47.53 81.20
48.4 81.24
49.28 81.29
50.18 81.33
51.09 81.37
52.02 81.41
52.97 81.45
53.93 81.49
54.91 81.52
55.91 81.55
56.93 81.58
57.97 81.61
59.02 81.64
60.09 81.67
61.19 81.69
62.3 81.71
63.44 81.73
64.59 81.75
65.77 81.77
66.96 81.78
68.18 81.80
69.42 81.81
70.69 81.82
71.97 81.83
73.28 81.84
74.62 81.85
75.97 81.86
77.36 81.87
78.76 81.87
80.2 81.87
81.66 81.87
83.14 81.87
84.66 81.87
86.2 81.86
87.77 81.86
89.36 81.85
90.99 81.84
92.65 81.83
94.33 81.81
96.05 81.80
97.8 81.78
99.58 81.77
101.39 81.75
103.23 81.74
105.11 81.72
107.03 81.70
108.97 81.69
110.96 81.66
112.98 81.64
115.03 81.62
117.13 81.60
119.26 81.57
121.43 81.54
123.64 81.51
125.89 81.48
128.18 81.44
130.51 81.41
132.89 81.37
135.31 81.33
137.77 81.29
140.28 81.25
142.83 81.21
145.43 81.17
148.07 81.13
150.77 81.09
153.51 81.05
156.31 81.00
159.15 80.95
162.05 80.91
165 80.85
168 80.80
171.06 80.74
174.17 80.68
177.34 80.62
180.57 80.56
183.86 80.51
187.2 80.44
190.61 80.38
194.08 80.32
197.61 80.26
201.21 80.20
204.87 80.13
208.6 80.07
212.39 80.00
216.26 79.94
220.19 79.87
224.2 79.80
228.28 79.73
232.44 79.66
236.67 79.59
240.97 79.51
245.36 79.44
249.82 79.36
254.37 79.29
259 79.21
263.71 79.13
268.51 79.05
273.4 78.97
278.38 78.89
283.44 78.81
288.6 78.73
293.85 78.64
299.2 78.55
304.65 78.47
310.19 78.38
315.84 78.29
321.59 78.21
327.44 78.12
333.4 78.04
339.47 77.95
345.64 77.87
351.93 77.79
358.34 77.71
364.86 77.62
371.5 77.54
378.26 77.45
385.15 77.36
392.16 77.27
399.29 77.18
406.56 77.09
413.96 76.99
421.49 76.90
429.16 76.81
436.97 76.72
444.93 76.63
453.02 76.54
461.27 76.45
469.66 76.37
478.21 76.28
486.91 76.20
495.78 76.12
504.8 76.04
513.99 75.96
523.34 75.88
532.87 75.81
542.56 75.73
552.44 75.65
562.49 75.58
572.73 75.51
583.15 75.44
593.77 75.37
604.57 75.30
615.57 75.23
626.78 75.17
638.18 75.11
649.8 75.05
661.63 74.99
673.67 74.94
685.93 74.88
698.41 74.84
711.12 74.79
724.06 74.75
737.24 74.70
750.66 74.66
764.32 74.62
778.23 74.59
792.39 74.56
806.82 74.53
821.5 74.51
836.45 74.50
851.67 74.51
867.17 74.52
882.96 74.54
899.02 74.57
915.39 74.61
932.05 74.67
949.01 74.73
966.28 74.81
983.87 74.91
1001.77 75.01
1020 75.13
1038.57 75.27
1057.47 75.42
1076.71 75.58
1096.31 75.75
1116.26 75.92
1136.58 76.09
1157.26 76.25
1178.32 76.42
1199.77 76.57
1221.6 76.72
1243.84 76.87
1266.47 77.03
1289.52 77.20
1312.99 77.38
1336.89 77.57
1361.22 77.78
1385.99 78.00
1411.22 78.22
1436.9 78.45
1463.05 78.68
1489.68 78.92
1516.79 79.16
1544.4 79.41
1572.5 79.66
1601.12 79.93
1630.26 80.22
1659.93 80.53
1690.14 80.85
1720.9 81.17
1752.22 81.51
1784.11 81.85
1816.58 82.20
1849.64 82.56
1883.3 82.91
1917.58 83.25
1952.48 83.57
1988.01 83.85
2024.19 84.10
2061.03 84.30
2098.54 84.45
2136.73 84.56
2175.62 84.61
2215.22 84.62
2255.53 84.58
2296.58 84.49
2338.38 84.37
2380.94 84.23
2424.27 84.06
2468.39 83.88
2513.31 83.68
2559.05 83.47
2605.63 83.24
2653.05 83.01
2701.33 82.77
2750.5 82.53
2800.55 82.28
2851.52 82.04
2903.42 81.79
2956.26 81.56
3010.06 81.33
3064.85 81.11
3120.62 80.90
3177.42 80.71
3235.25 80.54
3294.13 80.39
3354.08 80.27
3415.12 80.17
3477.27 80.09
3540.56 80.04
3605 80.01
3670.6 80.00
3737.41 80.00
3805.43 80.01
3874.68 80.03
3945.2 80.05
4017 80.06
4090.11 80.06
4164.55 80.06
4240.34 80.04
4317.51 80.02
4396.09 79.98
4476.1 79.95
4557.56 79.92
4640.5 79.90
4724.96 79.91
4810.95 79.94
4898.51 80.00
4987.66 80.11
5078.43 80.27
5170.86 80.49
5264.97 80.78
5360.79 81.17
5458.35 81.66
5557.69 82.26
5658.84 82.96
5761.82 83.75
5866.69 84.59
5973.46 85.44
6082.17 86.20
6192.87 86.79
6305.57 87.08
6420.33 86.99
6537.18 86.50
6656.15 85.62
6777.29 84.44
6900.63 83.06
7026.22 81.59
7154.1 80.11
7284.3 78.70
7416.87 77.39
7551.85 76.19
7689.29 75.10
7829.23 74.12
7971.72 73.24
8116.8 72.44
8264.53 71.72
8414.94 71.05
8568.09 70.45
8724.02 69.91
8882.79 69.46
9044.46 69.09
9209.06 68.81
9376.66 68.63
9547.31 68.55
9721.07 68.58
9897.99 68.73
10078.13 69.01
10261.55 69.42
10448.3 69.97
10638.45 70.64
10832.07 71.40
11029.21 72.20
11229.94 73.00
11434.32 73.75
11642.41 74.45
11854.3 75.14
12070.04 75.92
12289.71 76.90
12513.38 78.10
12741.12 79.44
12973 80.80
13209.1 82.07
13449.5 83.18
13694.28 84.10
13943.51 84.75
14197.27 85.03
14455.66 84.82
14718.74 84.01
14986.62 82.56
15259.37 80.53
15537.08 78.07
15819.85 75.36
16107.76 72.60
16400.92 69.94
16699.41 67.52
17003.33 65.38
17312.78 63.54
17627.86 62.00
17948.68 60.70
18275.34 59.59
18607.94 58.61
18946.6 57.66
19291.42 56.70
19642.52 55.71
20000 54.70
