20 78.27
20.36 78.37
20.73 78.47
21.11 78.57
21.5 78.67
21.89 78.77
22.29 78.87
22.69 78.97
23.1 79.07
23.52 79.16
23.95 79.26
24.39 79.35
24.83 79.45
25.28 79.54
25.74 79.63
26.21 79.72
26.69 79.81
27.18 79.89
27.67 79.98
28.17 80.06
28.69 80.14
29.21 80.22
29.74 80.30
30.28 80.37
30.83 80.44
31.39 80.52
31.97 80.58
32.55 80.65
33.14 80.71
33.74 80.77
34.36 80.83
34.98 80.88
35.62 80.94
36.27 80.99
36.93 81.04
37.6 81.08
38.28 81.13
38.98 81.17
39.69 81.22
40.41 81.26
41.15 81.30
41.9 81.34
42.66 81.38
43.44 81.42
44.23 81.45
45.03 81.49
45.85 81.53
46.68 81.56
47.53 81.60
48.4 81.64
49.28 81.67
50.18 81.71
51.09 81.74
52.02 81.77
52.97 81.81
53.93 81.84
54.91 81.87
55.91 81.90
56.93 81.92
57.97 81.95
59.02 81.98
60.09 82.00
61.19 82.03
62.3 82.05
63.44 82.07
64.59 82.09
65.77 82.10
66.96 82.12
68.18 82.13
69.42 82.14
70.69 82.14
71.97 82.15
73.28 82.15
74.62 82.15
75.97 82.14
77.36 82.13
78.76 82.12
80.2 82.11
81.66 82.10
83.14 82.09
84.66 82.07
86.2 82.05
87.77 82.03
89.36 82.02
90.99 81.99
92.65 81.97
94.33 81.95
96.05 81.92
97.8 81.90
99.58 81.87
101.39 81.85
103.23 81.82
105.11 81.79
107.03 81.76
108.97 81.73
110.96 81.70
112.98 81.67
115.03 81.64
117.13 81.61
119.26 81.58
121.43 81.55
123.64 81.52
125.89 81.49
128.18 81.45
130.51 81.42
132.89 81.38
135.31 81.34
137.77 81.30
140.28 81.26
142.83 81.21
145.43 81.17
148.07 81.11
150.77 81.06
153.51 81.01
156.31 80.95
159.15 80.90
162.05 80.84
165 80.78
168 80.72
171.06 80.66
174.17 80.59
177.34 80.53
180.57 80.47
183.86 80.41
187.2 80.34
190.61 80.28
194.08 80.21
197.61 80.14
201.21 80.07
204.87 79.99
208.6 79.91
212.39 79.83
216.26 79.76
220.19 79.68
224.2 79.61
228.28 79.53
232.44 79.46
236.67 79.39
240.97 79.31
245.36 79.24
249.82 79.17
254.37 79.10
259 79.02
263.71 78.94
268.51 78.86
273.4 78.77
278.38 78.69
283.44 78.60
288.6 78.51
293.85 78.42
299.2 78.32
304.65 78.23
310.19 78.14
315.84 78.05
321.59 77.95
327.44 77.86
333.4 77.77
339.47 77.68
345.64 77.60
351.93 77.51
358.34 77.42
364.86 77.33
371.5 77.25
378.26 77.16
385.15 77.08
392.16 77.00
399.29 76.91
406.56 76.83
413.96 76.74
421.49 76.65
429.16 76.56
436.97 76.47
444.93 76.39
453.02 76.30
461.27 76.21
469.66 76.13
478.21 76.05
486.91 75.97
495.78 75.89
504.8 75.81
513.99 75.74
523.34 75.66
532.87 75.58
542.56 75.51
552.44 75.44
562.49 75.36
572.73 75.29
583.15 75.21
593.77 75.14
604.57 75.07
615.57 75.00
626.78 74.94
638.18 74.88
649.8 74.83
661.63 74.77
673.67 74.72
685.93 74.67
698.41 74.62
711.12 74.58
724.06 74.54
737.24 74.51
750.66 74.48
764.32 74.45
778.23 74.42
792.39 74.40
806.82 74.39
821.5 74.39
836.45 74.39
851.67 74.41
867.17 74.43
882.96 74.46
899.02 74.50
915.39 74.55
932.05 74.61
949.01 74.69
966.28 74.78
983.87 74.89
1001.77 75.01
1020 75.15
1038.57 75.31
1057.47 75.47
1076.71 75.65
1096.31 75.82
1116.26 75.98
1136.58 76.15
1157.26 76.33
1178.32 76.54
1199.77 76.76
1221.6 77.00
1243.84 77.25
1266.47 77.50
1289.52 77.76
1312.99 78.02
1336.89 78.28
1361.22 78.54
1385.99 78.80
1411.22 79.07
1436.9 79.34
1463.05 79.62
1489.68 79.91
1516.79 80.21
1544.4 80.52
1572.5 80.85
1601.12 81.20
1630.26 81.58
1659.93 81.99
1690.14 82.41
1720.9 82.83
1752.22 83.25
1784.11 83.67
1816.58 84.08
1849.64 84.47
1883.3 84.82
1917.58 85.12
1952.48 85.35
1988.01 85.50
2024.19 85.57
2061.03 85.57
2098.54 85.50
2136.73 85.37
2175.62 85.19
2215.22 84.98
2255.53 84.73
2296.58 84.47
2338.38 84.20
2380.94 83.92
2424.27 83.65
2468.39 83.39
2513.31 83.13
2559.05 82.89
2605.63 82.64
2653.05 82.40
2701.33 82.16
2750.5 81.92
2800.55 81.68
2851.52 81.45
2903.42 81.22
2956.26 81.01
3010.06 80.81
3064.85 80.61
3120.62 80.44
3177.42 80.28
3235.25 80.15
3294.13 80.04
3354.08 79.96
3415.12 79.90
3477.27 79.88
3540.56 79.88
3605 79.92
3670.6 79.98
3737.41 80.07
3805.43 80.18
3874.68 80.28
3945.2 80.39
4017 80.47
4090.11 80.52
4164.55 80.54
4240.34 80.53
4317.51 80.48
4396.09 80.41
4476.1 80.33
4557.56 80.24
4640.5 80.16
4724.96 80.09
4810.95 80.05
4898.51 80.04
4987.66 80.07
5078.43 80.14
5170.86 80.26
5264.97 80.42
5360.79 80.64
5458.35 80.91
5557.69 81.25
5658.84 81.65
5761.82 82.13
5866.69 82.69
5973.46 83.33
6082.17 84.05
6192.87 84.79
6305.57 85.52
6420.33 86.14
6537.18 86.59
6656.15 86.77
6777.29 86.62
6900.63 86.12
7026.22 85.30
7154.1 84.21
7284.3 82.95
7416.87 81.63
7551.85 80.31
7689.29 79.06
7829.23 77.90
7971.72 76.86
8116.8 75.93
8264.53 75.11
8414.94 74.39
8568.09 73.76
8724.02 73.24
8882.79 72.82
9044.46 72.52
9209.06 72.33
9376.66 72.29
9547.31 72.41
9721.07 72.70
9897.99 73.17
10078.13 73.81
10261.55 74.60
10448.3 75.47
10638.45 76.33
10832.07 77.09
11029.21 77.65
11229.94 77.97
11434.32 78.11
11642.41 78.18
11854.3 78.23
12070.04 78.27
12289.71 78.27
12513.38 78.25
12741.12 78.22
12973 78.19
13209.1 78.20
13449.5 78.24
13694.28 78.31
13943.51 78.32
14197.27 78.19
14455.66 77.76
14718.74 76.88
14986.62 75.46
15259.37 73.50
15537.08 71.11
15819.85 68.53
16107.76 66.05
16400.92 63.88
16699.41 62.15
17003.33 60.87
17312.78 60.00
17627.86 59.46
17948.68 59.13
18275.34 58.88
18607.94 58.57
18946.6 58.11
19291.42 57.48
19642.52 56.74
20000 55.95
