20 81.72
20.36 81.72
20.73 81.72
21.11 81.73
21.5 81.73
21.89 81.74
22.29 81.74
22.69 81.75
23.1 81.75
23.52 81.76
23.95 81.76
24.39 81.77
24.83 81.77
25.28 81.78
25.74 81.78
26.21 81.78
26.69 81.79
27.18 81.80
27.67 81.80
28.17 81.81
28.69 81.81
29.21 81.82
29.74 81.82
30.28 81.83
30.83 81.83
31.39 81.84
31.97 81.85
32.55 81.85
33.14 81.86
33.74 81.87
34.36 81.87
34.98 81.88
35.62 81.89
36.27 81.89
36.93 81.90
37.6 81.90
38.28 81.91
38.98 81.91
39.69 81.92
40.41 81.92
41.15 81.92
41.9 81.92
42.66 81.92
43.44 81.92
44.23 81.92
45.03 81.91
45.85 81.90
46.68 81.90
47.53 81.89
48.4 81.88
49.28 81.87
50.18 81.86
51.09 81.85
52.02 81.84
52.97 81.82
53.93 81.81
54.91 81.80
55.91 81.79
56.93 81.78
57.97 81.77
59.02 81.76
60.09 81.75
61.19 81.75
62.3 81.74
63.44 81.74
64.59 81.73
65.77 81.72
66.96 81.72
68.18 81.72
69.42 81.71
70.69 81.70
71.97 81.69
73.28 81.69
74.62 81.68
75.97 81.67
77.36 81.66
78.76 81.65
80.2 81.64
81.66 81.63
83.14 81.62
84.66 81.61
86.2 81.60
87.77 81.59
89.36 81.59
90.99 81.58
92.65 81.57
94.33 81.56
96.05 81.55
97.8 81.53
99.58 81.52
101.39 81.51
103.23 81.49
105.11 81.47
107.03 81.46
108.97 81.44
110.96 81.42
112.98 81.40
115.03 81.38
117.13 81.36
119.26 81.33
121.43 81.31
123.64 81.28
125.89 81.25
128.18 81.22
130.51 81.19
132.89 81.16
135.31 81.13
137.77 81.11
140.28 81.09
142.83 81.07
145.43 81.05
148.07 81.03
150.77 81.01
153.51 80.99
156.31 80.97
159.15 80.95
162.05 80.93
165 80.90
168 80.87
171.06 80.84
174.17 80.80
177.34 80.77
180.57 80.74
183.86 80.70
187.2 80.67
190.61 80.63
194.08 80.59
197.61 80.56
201.21 80.52
204.87 80.48
208.6 80.44
212.39 80.41
216.26 80.37
220.19 80.33
224.2 80.29
228.28 80.25
232.44 80.21
236.67 80.17
240.97 80.13
245.36 80.09
249.82 80.04
254.37 80.00
259 79.95
263.71 79.91
268.51 79.86
273.4 79.81
278.38 79.76
283.44 79.71
288.6 79.65
293.85 79.60
299.2 79.54
304.65 79.48
310.19 79.42
315.84 79.36
321.59 79.30
327.44 79.24
333.4 79.17
339.47 79.11
345.64 79.04
351.93 78.98
358.34 78.91
364.86 78.85
371.5 78.78
378.26 78.71
385.15 78.65
392.16 78.58
399.29 78.51
406.56 78.44
413.96 78.36
421.49 78.29
429.16 78.21
436.97 78.13
444.93 78.05
453.02 77.97
461.27 77.89
469.66 77.81
478.21 77.72
486.91 77.65
495.78 77.57
504.8 77.50
513.99 77.42
523.34 77.34
532.87 77.26
542.56 77.18
552.44 77.10
562.49 77.01
572.73 76.93
583.15 76.84
593.77 76.75
604.57 76.66
615.57 76.57
626.78 76.48
638.18 76.39
649.8 76.30
661.63 76.22
673.67 76.13
685.93 76.06
698.41 75.98
711.12 75.90
724.06 75.82
737.24 75.73
750.66 75.66
764.32 75.58
778.23 75.50
792.39 75.42
806.82 75.35
821.5 75.28
836.45 75.21
851.67 75.14
867.17 75.09
882.96 75.04
899.02 75.01
915.39 74.98
932.05 74.96
949.01 74.95
966.28 74.96
983.87 74.98
1001.77 75.00
1020 75.04
1038.57 75.10
1057.47 75.17
1076.71 75.26
1096.31 75.36
1116.26 75.48
1136.58 75.60
1157.26 75.73
1178.32 75.87
1199.77 76.01
1221.6 76.14
1243.84 76.27
1266.47 76.38
1289.52 76.49
1312.99 76.59
1336.89 76.68
1361.22 76.75
1385.99 76.81
1411.22 76.86
1436.9 76.89
1463.05 76.92
1489.68 76.94
1516.79 76.95
1544.4 76.97
1572.5 76.97
1601.12 76.98
1630.26 76.98
1659.93 76.98
1690.14 76.98
1720.9 76.98
1752.22 76.99
1784.11 77.01
1816.58 77.04
1849.64 77.08
1883.3 77.12
1917.58 77.17
1952.48 77.22
1988.01 77.28
2024.19 77.34
2061.03 77.42
2098.54 77.50
2136.73 77.58
2175.62 77.66
2215.22 77.75
2255.53 77.86
2296.58 77.97
2338.38 78.09
2380.94 78.23
2424.27 78.37
2468.39 78.52
2513.31 78.67
2559.05 78.82
2605.63 78.97
2653.05 79.13
2701.33 79.29
2750.5 79.44
2800.55 79.58
2851.52 79.72
2903.42 79.84
2956.26 79.93
3010.06 80.01
3064.85 80.06
3120.62 80.08
3177.42 80.08
3235.25 80.04
3294.13 79.97
3354.08 79.86
3415.12 79.71
3477.27 79.52
3540.56 79.31
3605 79.07
3670.6 78.80
3737.41 78.52
3805.43 78.21
3874.68 77.88
3945.2 77.55
4017 77.20
4090.11 76.86
4164.55 76.51
4240.34 76.16
4317.51 75.81
4396.09 75.47
4476.1 75.13
4557.56 74.80
4640.5 74.48
4724.96 74.18
4810.95 73.88
4898.51 73.60
4987.66 73.33
5078.43 73.09
5170.86 72.86
5264.97 72.64
5360.79 72.45
5458.35 72.28
5557.69 72.13
5658.84 72.00
5761.82 71.91
5866.69 71.85
5973.46 71.82
6082.17 71.83
6192.87 71.89
6305.57 72.01
6420.33 72.20
6537.18 72.48
6656.15 72.88
6777.29 73.42
6900.63 74.13
7026.22 75.01
7154.1 76.07
7284.3 77.27
7416.87 78.53
7551.85 79.72
7689.29 80.66
7829.23 81.16
7971.72 81.06
8116.8 80.30
8264.53 78.93
8414.94 77.07
8568.09 74.89
8724.02 72.57
8882.79 70.19
9044.46 67.82
9209.06 65.47
9376.66 63.15
9547.31 60.85
9721.07 58.58
9897.99 56.32
10078.13 54.09
10261.55 51.89
10448.3 49.75
10638.45 47.67
10832.07 45.67
11029.21 43.74
11229.94 41.92
11434.32 40.24
11642.41 38.74
11854.3 37.47
12070.04 36.49
12289.71 35.88
12513.38 35.77
12741.12 36.21
12973 37.17
13209.1 38.53
13449.5 40.17
13694.28 41.99
13943.51 43.94
14197.27 46.03
14455.66 48.24
14718.74 50.59
14986.62 53.06
15259.37 55.58
15537.08 57.99
15819.85 60.08
16107.76 61.60
16400.92 62.35
16699.41 62.21
17003.33 61.18
17312.78 59.33
17627.86 56.82
17948.68 53.83
18275.34 50.55
18607.94 47.14
18946.6 43.75
19291.42 40.45
19642.52 37.25
20000 34.11
