20 88.75
20.36 88.78
20.73 88.80
21.11 88.82
21.5 88.84
21.89 88.86
22.29 88.89
22.69 88.91
23.1 88.93
23.52 88.95
23.95 88.97
24.39 88.99
24.83 89.01
25.28 89.03
25.74 89.04
26.21 89.06
26.69 89.08
27.18 89.09
27.67 89.10
28.17 89.12
28.69 89.13
29.21 89.14
29.74 89.15
30.28 89.16
30.83 89.16
31.39 89.17
31.97 89.17
32.55 89.17
33.14 89.17
33.74 89.17
34.36 89.17
34.98 89.17
35.62 89.16
36.27 89.15
36.93 89.14
37.6 89.13
38.28 89.12
38.98 89.11
39.69 89.09
40.41 89.08
41.15 89.06
41.9 89.04
42.66 89.02
43.44 89.00
44.23 88.97
45.03 88.95
45.85 88.92
46.68 88.89
47.53 88.86
48.4 88.83
49.28 88.79
50.18 88.76
51.09 88.72
52.02 88.68
52.97 88.64
53.93 88.60
54.91 88.56
55.91 88.52
56.93 88.47
57.97 88.42
59.02 88.38
60.09 88.33
61.19 88.28
62.3 88.23
63.44 88.17
64.59 88.12
65.77 88.06
66.96 88.01
68.18 87.95
69.42 87.89
70.69 87.83
71.97 87.77
73.28 87.71
74.62 87.64
75.97 87.58
77.36 87.52
78.76 87.45
80.2 87.38
81.66 87.31
83.14 87.24
84.66 87.17
86.2 87.09
87.77 87.02
89.36 86.94
90.99 86.87
92.65 86.79
94.33 86.71
96.05 86.63
97.8 86.55
99.58 86.46
101.39 86.38
103.23 86.29
105.11 86.20
107.03 86.11
108.97 86.02
110.96 85.93
112.98 85.83
115.03 85.73
117.13 85.63
119.26 85.53
121.43 85.43
123.64 85.32
125.89 85.22
128.18 85.12
130.51 85.02
132.89 84.92
135.31 84.82
137.77 84.73
140.28 84.64
142.83 84.56
145.43 84.47
148.07 84.39
150.77 84.31
153.51 84.23
156.31 84.16
159.15 84.08
162.05 84.00
165 83.93
168 83.85
171.06 83.78
174.17 83.70
177.34 83.63
180.57 83.55
183.86 83.46
187.2 83.37
190.61 83.28
194.08 83.18
197.61 83.07
201.21 82.96
204.87 82.84
208.6 82.73
212.39 82.61
216.26 82.50
220.19 82.39
224.2 82.28
228.28 82.16
232.44 82.05
236.67 81.94
240.97 81.83
245.36 81.72
249.82 81.60
254.37 81.49
259 81.37
263.71 81.25
268.51 81.13
273.4 81.01
278.38 80.89
283.44 80.78
288.6 80.66
293.85 80.54
299.2 80.42
304.65 80.30
310.19 80.18
315.84 80.06
321.59 79.94
327.44 79.83
333.4 79.71
339.47 79.60
345.64 79.49
351.93 79.39
358.34 79.29
364.86 79.19
371.5 79.08
378.26 78.98
385.15 78.88
392.16 78.78
399.29 78.67
406.56 78.56
413.96 78.46
421.49 78.36
429.16 78.26
436.97 78.16
444.93 78.07
453.02 77.97
461.27 77.88
469.66 77.78
478.21 77.69
486.91 77.59
495.78 77.50
504.8 77.41
513.99 77.33
523.34 77.24
532.87 77.16
542.56 77.08
552.44 77.00
562.49 76.92
572.73 76.85
583.15 76.78
593.77 76.71
604.57 76.64
615.57 76.59
626.78 76.53
638.18 76.48
649.8 76.43
661.63 76.38
673.67 76.33
685.93 76.29
698.41 76.26
711.12 76.23
724.06 76.22
737.24 76.21
750.66 76.22
764.32 76.23
778.23 76.27
792.39 76.32
806.82 76.38
821.5 76.46
836.45 76.53
851.67 76.60
867.17 76.65
882.96 76.64
899.02 76.55
915.39 76.37
932.05 76.07
949.01 75.71
966.28 75.35
983.87 75.09
1001.77 74.99
1020 75.06
1038.57 75.28
1057.47 75.60
1076.71 75.98
1096.31 76.39
1116.26 76.79
1136.58 77.19
1157.26 77.58
1178.32 77.95
1199.77 78.32
1221.6 78.67
1243.84 79.02
1266.47 79.36
1289.52 79.69
1312.99 80.00
1336.89 80.30
1361.22 80.56
1385.99 80.79
1411.22 81.00
1436.9 81.23
1463.05 81.48
1489.68 81.77
1516.79 82.10
1544.4 82.47
1572.5 82.87
1601.12 83.32
1630.26 83.80
1659.93 84.30
1690.14 84.81
1720.9 85.29
1752.22 85.74
1784.11 86.16
1816.58 86.54
1849.64 86.90
1883.3 87.23
1917.58 87.52
1952.48 87.76
1988.01 87.94
2024.19 88.06
2061.03 88.12
2098.54 88.09
2136.73 88.00
2175.62 87.84
2215.22 87.61
2255.53 87.33
2296.58 87.01
2338.38 86.66
2380.94 86.28
2424.27 85.89
2468.39 85.51
2513.31 85.13
2559.05 84.77
2605.63 84.43
2653.05 84.10
2701.33 83.80
2750.5 83.53
2800.55 83.28
2851.52 83.06
2903.42 82.87
2956.26 82.71
3010.06 82.58
3064.85 82.48
3120.62 82.41
3177.42 82.37
3235.25 82.36
3294.13 82.38
3354.08 82.44
3415.12 82.54
3477.27 82.70
3540.56 82.94
3605 83.26
3670.6 83.71
3737.41 84.27
3805.43 84.97
3874.68 85.79
3945.2 86.68
4017 87.58
4090.11 88.40
4164.55 89.06
4240.34 89.48
4317.51 89.61
4396.09 89.44
4476.1 88.97
4557.56 88.22
4640.5 87.23
4724.96 86.06
4810.95 84.78
4898.51 83.44
4987.66 82.14
5078.43 80.91
5170.86 79.76
5264.97 78.70
5360.79 77.74
5458.35 76.87
5557.69 76.09
5658.84 75.41
5761.82 74.82
5866.69 74.31
5973.46 73.89
6082.17 73.54
6192.87 73.28
6305.57 73.11
6420.33 73.03
6537.18 73.08
6656.15 73.27
6777.29 73.60
6900.63 74.09
7026.22 74.73
7154.1 75.50
7284.3 76.33
7416.87 77.13
7551.85 77.78
7689.29 78.15
7829.23 78.10
7971.72 77.59
8116.8 76.62
8264.53 75.28
8414.94 73.71
8568.09 72.05
8724.02 70.45
8882.79 69.00
9044.46 67.73
9209.06 66.67
9376.66 65.83
9547.31 65.22
9721.07 64.84
9897.99 64.70
10078.13 64.81
10261.55 65.17
10448.3 65.75
10638.45 66.49
10832.07 67.31
11029.21 68.06
11229.94 68.56
11434.32 68.67
11642.41 68.30
11854.3 67.47
12070.04 66.29
12289.71 64.93
12513.38 63.51
12741.12 62.13
12973 60.84
13209.1 59.64
13449.5 58.53
13694.28 57.47
13943.51 56.47
14197.27 55.53
14455.66 54.71
14718.74 54.06
14986.62 53.63
15259.37 53.49
15537.08 53.67
15819.85 54.18
16107.76 55.00
16400.92 56.04
16699.41 57.16
17003.33 58.17
17312.78 58.91
17627.86 59.23
17948.68 59.11
18275.34 58.59
18607.94 57.80
18946.6 56.85
19291.42 55.83
19642.52 54.77
20000 53.72
