20 71.78
20.36 71.87
20.73 71.96
21.11 72.05
21.5 72.13
21.89 72.22
22.29 72.31
22.69 72.40
23.1 72.48
23.52 72.57
23.95 72.66
24.39 72.74
24.83 72.82
25.28 72.91
25.74 72.99
26.21 73.07
26.69 73.15
27.18 73.23
27.67 73.30
28.17 73.38
28.69 73.45
29.21 73.52
29.74 73.59
30.28 73.66
30.83 73.73
31.39 73.80
31.97 73.86
32.55 73.92
33.14 73.98
33.74 74.04
34.36 74.09
34.98 74.15
35.62 74.20
36.27 74.25
36.93 74.30
37.6 74.35
38.28 74.39
38.98 74.44
39.69 74.48
40.41 74.52
41.15 74.56
41.9 74.60
42.66 74.64
43.44 74.68
44.23 74.71
45.03 74.75
45.85 74.78
46.68 74.82
47.53 74.85
48.4 74.89
49.28 74.92
50.18 74.95
51.09 74.98
52.02 75.01
52.97 75.04
53.93 75.07
54.91 75.09
55.91 75.12
56.93 75.15
57.97 75.17
59.02 75.20
60.09 75.22
61.19 75.25
62.3 75.27
63.44 75.29
64.59 75.32
65.77 75.34
66.96 75.36
68.18 75.38
69.42 75.39
70.69 75.41
71.97 75.42
73.28 75.44
74.62 75.45
75.97 75.47
77.36 75.48
78.76 75.49
80.2 75.50
81.66 75.50
83.14 75.51
84.66 75.52
86.2 75.53
87.77 75.54
89.36 75.54
90.99 75.55
92.65 75.56
94.33 75.56
96.05 75.57
97.8 75.58
99.58 75.59
101.39 75.60
103.23 75.61
105.11 75.63
107.03 75.64
108.97 75.65
110.96 75.67
112.98 75.68
115.03 75.69
117.13 75.70
119.26 75.72
121.43 75.73
123.64 75.75
125.89 75.76
128.18 75.78
130.51 75.80
132.89 75.82
135.31 75.83
137.77 75.84
140.28 75.86
142.83 75.86
145.43 75.87
148.07 75.88
150.77 75.89
153.51 75.89
156.31 75.90
159.15 75.91
162.05 75.92
165 75.92
168 75.93
171.06 75.93
174.17 75.94
177.34 75.95
180.57 75.96
183.86 75.97
187.2 75.98
190.61 75.99
194.08 76.00
197.61 76.01
201.21 76.03
204.87 76.04
208.6 76.05
212.39 76.06
216.26 76.07
220.19 76.07
224.2 76.08
228.28 76.08
232.44 76.08
236.67 76.08
240.97 76.07
245.36 76.07
249.82 76.06
254.37 76.06
259 76.06
263.71 76.05
268.51 76.05
273.4 76.05
278.38 76.05
283.44 76.06
288.6 76.06
293.85 76.06
299.2 76.06
304.65 76.06
310.19 76.06
315.84 76.06
321.59 76.05
327.44 76.05
333.4 76.05
339.47 76.05
345.64 76.04
351.93 76.04
358.34 76.03
364.86 76.03
371.5 76.02
378.26 76.00
385.15 75.99
392.16 75.98
399.29 75.96
406.56 75.95
413.96 75.94
421.49 75.93
429.16 75.92
436.97 75.91
444.93 75.90
453.02 75.89
461.27 75.88
469.66 75.86
478.21 75.85
486.91 75.83
495.78 75.82
504.8 75.80
513.99 75.78
523.34 75.77
532.87 75.75
542.56 75.73
552.44 75.71
562.49 75.68
572.73 75.66
583.15 75.63
593.77 75.61
604.57 75.58
615.57 75.55
626.78 75.53
638.18 75.50
649.8 75.47
661.63 75.44
673.67 75.41
685.93 75.38
698.41 75.35
711.12 75.32
724.06 75.29
737.24 75.26
750.66 75.23
764.32 75.20
778.23 75.17
792.39 75.13
806.82 75.10
821.5 75.07
836.45 75.04
851.67 75.01
867.17 74.99
882.96 74.97
899.02 74.96
915.39 74.95
932.05 74.95
949.01 74.95
966.28 74.96
983.87 74.98
1001.77 75.00
1020 75.04
1038.57 75.08
1057.47 75.14
1076.71 75.20
1096.31 75.27
1116.26 75.35
1136.58 75.43
1157.26 75.51
1178.32 75.60
1199.77 75.68
1221.6 75.75
1243.84 75.82
1266.47 75.88
1289.52 75.93
1312.99 75.97
1336.89 76.00
1361.22 76.02
1385.99 76.03
1411.22 76.04
1436.9 76.04
1463.05 76.04
1489.68 76.03
1516.79 76.03
1544.4 76.01
1572.5 76.00
1601.12 75.97
1630.26 75.94
1659.93 75.92
1690.14 75.88
1720.9 75.85
1752.22 75.83
1784.11 75.80
1816.58 75.77
1849.64 75.74
1883.3 75.70
1917.58 75.66
1952.48 75.61
1988.01 75.56
2024.19 75.49
2061.03 75.42
2098.54 75.35
2136.73 75.27
2175.62 75.20
2215.22 75.13
2255.53 75.08
2296.58 75.05
2338.38 75.03
2380.94 75.03
2424.27 75.04
2468.39 75.06
2513.31 75.10
2559.05 75.17
2605.63 75.30
2653.05 75.47
2701.33 75.69
2750.5 75.93
2800.55 76.18
2851.52 76.44
2903.42 76.73
2956.26 77.08
3010.06 77.49
3064.85 77.97
3120.62 78.50
3177.42 79.05
3235.25 79.58
3294.13 80.05
3354.08 80.40
3415.12 80.59
3477.27 80.59
3540.56 80.38
3605 80.00
3670.6 79.48
3737.41 78.95
3805.43 78.51
3874.68 78.22
3945.2 78.07
4017 77.98
4090.11 77.88
4164.55 77.73
4240.34 77.53
4317.51 77.27
4396.09 76.96
4476.1 76.61
4557.56 76.24
4640.5 75.87
4724.96 75.51
4810.95 75.17
4898.51 74.84
4987.66 74.54
5078.43 74.26
5170.86 73.98
5264.97 73.71
5360.79 73.45
5458.35 73.19
5557.69 72.96
5658.84 72.78
5761.82 72.68
5866.69 72.69
5973.46 72.83
6082.17 73.01
6192.87 73.11
6305.57 73.06
6420.33 72.86
6537.18 72.51
6656.15 72.11
6777.29 71.79
6900.63 71.69
7026.22 71.83
7154.1 72.24
7284.3 72.93
7416.87 73.93
7551.85 75.23
7689.29 76.64
7829.23 77.87
7971.72 78.60
8116.8 78.61
8264.53 77.84
8414.94 76.41
8568.09 74.51
8724.02 72.39
8882.79 70.24
9044.46 68.23
9209.06 66.51
9376.66 65.13
9547.31 64.02
9721.07 63.08
9897.99 62.21
10078.13 61.40
10261.55 60.64
10448.3 59.96
10638.45 59.42
10832.07 59.10
11029.21 59.05
11229.94 59.31
11434.32 59.88
11642.41 60.74
11854.3 61.79
12070.04 62.95
12289.71 64.14
12513.38 65.26
12741.12 66.29
12973 67.25
13209.1 68.19
13449.5 69.20
13694.28 70.34
13943.51 71.61
14197.27 72.97
14455.66 74.33
14718.74 75.58
14986.62 76.62
15259.37 77.35
15537.08 77.64
15819.85 77.49
16107.76 76.95
16400.92 76.16
16699.41 75.27
17003.33 74.39
17312.78 73.56
17627.86 72.83
17948.68 72.24
18275.34 71.90
18607.94 71.91
18946.6 72.26
19291.42 72.83
19642.52 73.44
20000 74.04
