20 74.72
20.36 74.80
20.73 74.88
21.11 74.95
21.5 75.03
21.89 75.11
22.29 75.18
22.69 75.26
23.1 75.33
23.52 75.41
23.95 75.48
24.39 75.55
24.83 75.62
25.28 75.69
25.74 75.75
26.21 75.82
26.69 75.88
27.18 75.94
27.67 76.00
28.17 76.06
28.69 76.11
29.21 76.16
29.74 76.21
30.28 76.26
30.83 76.30
31.39 76.34
31.97 76.38
32.55 76.42
33.14 76.45
33.74 76.48
34.36 76.51
34.98 76.53
35.62 76.56
36.27 76.58
36.93 76.59
37.6 76.61
38.28 76.62
38.98 76.64
39.69 76.65
40.41 76.66
41.15 76.67
41.9 76.68
42.66 76.69
43.44 76.70
44.23 76.70
45.03 76.71
45.85 76.72
46.68 76.73
47.53 76.74
48.4 76.74
49.28 76.75
50.18 76.76
51.09 76.76
52.02 76.77
52.97 76.77
53.93 76.77
54.91 76.77
55.91 76.77
56.93 76.76
57.97 76.75
59.02 76.74
60.09 76.73
61.19 76.72
62.3 76.70
63.44 76.68
64.59 76.66
65.77 76.64
66.96 76.63
68.18 76.61
69.42 76.59
70.69 76.58
71.97 76.57
73.28 76.56
74.62 76.55
75.97 76.54
77.36 76.54
78.76 76.53
80.2 76.52
81.66 76.51
83.14 76.50
84.66 76.49
86.2 76.47
87.77 76.44
89.36 76.42
90.99 76.39
92.65 76.36
94.33 76.34
96.05 76.31
97.8 76.29
99.58 76.27
101.39 76.25
103.23 76.23
105.11 76.21
107.03 76.19
108.97 76.18
110.96 76.16
112.98 76.14
115.03 76.12
117.13 76.10
119.26 76.08
121.43 76.05
123.64 76.03
125.89 76.00
128.18 75.97
130.51 75.94
132.89 75.91
135.31 75.88
137.77 75.85
140.28 75.81
142.83 75.77
145.43 75.74
148.07 75.70
150.77 75.68
153.51 75.65
156.31 75.63
159.15 75.62
162.05 75.60
165 75.59
168 75.58
171.06 75.57
174.17 75.56
177.34 75.55
180.57 75.55
183.86 75.54
187.2 75.54
190.61 75.54
194.08 75.53
197.61 75.52
201.21 75.51
204.87 75.48
208.6 75.45
212.39 75.42
216.26 75.39
220.19 75.35
224.2 75.32
228.28 75.28
232.44 75.24
236.67 75.21
240.97 75.17
245.36 75.14
249.82 75.11
254.37 75.08
259 75.06
263.71 75.03
268.51 75.01
273.4 74.98
278.38 74.96
283.44 74.94
288.6 74.91
293.85 74.89
299.2 74.87
304.65 74.84
310.19 74.82
315.84 74.79
321.59 74.76
327.44 74.73
333.4 74.70
339.47 74.66
345.64 74.63
351.93 74.60
358.34 74.56
364.86 74.53
371.5 74.50
378.26 74.47
385.15 74.44
392.16 74.41
399.29 74.38
406.56 74.35
413.96 74.33
421.49 74.30
429.16 74.27
436.97 74.25
444.93 74.22
453.02 74.20
461.27 74.17
469.66 74.15
478.21 74.13
486.91 74.11
495.78 74.09
504.8 74.06
513.99 74.05
523.34 74.03
532.87 74.01
542.56 73.99
552.44 73.98
562.49 73.96
572.73 73.95
583.15 73.94
593.77 73.92
604.57 73.91
615.57 73.91
626.78 73.90
638.18 73.90
649.8 73.91
661.63 73.91
673.67 73.92
685.93 73.93
698.41 73.94
711.12 73.95
724.06 73.97
737.24 73.99
750.66 74.01
764.32 74.03
778.23 74.05
792.39 74.07
806.82 74.10
821.5 74.14
836.45 74.18
851.67 74.23
867.17 74.28
882.96 74.34
899.02 74.41
915.39 74.48
932.05 74.57
949.01 74.67
966.28 74.77
983.87 74.89
1001.77 75.01
1020 75.15
1038.57 75.30
1057.47 75.47
1076.71 75.65
1096.31 75.84
1116.26 76.03
1136.58 76.23
1157.26 76.43
1178.32 76.63
1199.77 76.83
1221.6 77.03
1243.84 77.21
1266.47 77.39
1289.52 77.56
1312.99 77.72
1336.89 77.86
1361.22 78.00
1385.99 78.12
1411.22 78.24
1436.9 78.34
1463.05 78.45
1489.68 78.54
1516.79 78.63
1544.4 78.72
1572.5 78.80
1601.12 78.88
1630.26 78.95
1659.93 79.03
1690.14 79.11
1720.9 79.19
1752.22 79.27
1784.11 79.36
1816.58 79.45
1849.64 79.56
1883.3 79.67
1917.58 79.79
1952.48 79.93
1988.01 80.07
2024.19 80.23
2061.03 80.40
2098.54 80.58
2136.73 80.78
2175.62 80.99
2215.22 81.20
2255.53 81.41
2296.58 81.61
2338.38 81.78
2380.94 81.91
2424.27 81.99
2468.39 82.02
2513.31 81.99
2559.05 81.91
2605.63 81.78
2653.05 81.63
2701.33 81.45
2750.5 81.25
2800.55 81.06
2851.52 80.86
2903.42 80.68
2956.26 80.51
3010.06 80.37
3064.85 80.25
3120.62 80.16
3177.42 80.10
3235.25 80.07
3294.13 80.06
3354.08 80.06
3415.12 80.05
3477.27 80.02
3540.56 79.94
3605 79.81
3670.6 79.61
3737.41 79.35
3805.43 79.05
3874.68 78.73
3945.2 78.42
4017 78.15
4090.11 77.94
4164.55 77.81
4240.34 77.77
4317.51 77.82
4396.09 77.96
4476.1 78.17
4557.56 78.46
4640.5 78.80
4724.96 79.19
4810.95 79.62
4898.51 80.06
4987.66 80.51
5078.43 80.93
5170.86 81.29
5264.97 81.56
5360.79 81.70
5458.35 81.71
5557.69 81.58
5658.84 81.35
5761.82 81.05
5866.69 80.69
5973.46 80.32
6082.17 79.95
6192.87 79.60
6305.57 79.27
6420.33 78.97
6537.18 78.69
6656.15 78.45
6777.29 78.24
6900.63 78.09
7026.22 78.02
7154.1 78.04
7284.3 78.20
7416.87 78.50
7551.85 78.93
7689.29 79.47
7829.23 80.08
7971.72 80.69
8116.8 81.25
8264.53 81.70
8414.94 81.99
8568.09 82.05
8724.02 81.87
8882.79 81.42
9044.46 80.75
9209.06 79.89
9376.66 78.94
9547.31 77.97
9721.07 77.06
9897.99 76.26
10078.13 75.58
10261.55 75.00
10448.3 74.48
10638.45 73.93
10832.07 73.28
11029.21 72.48
11229.94 71.51
11434.32 70.39
11642.41 69.16
11854.3 67.91
12070.04 66.69
12289.71 65.54
12513.38 64.49
12741.12 63.54
12973 62.68
13209.1 61.92
13449.5 61.27
13694.28 60.77
13943.51 60.45
14197.27 60.37
14455.66 60.55
14718.74 60.95
14986.62 61.48
15259.37 61.96
15537.08 62.13
15819.85 61.75
16107.76 60.70
16400.92 59.08
16699.41 57.24
17003.33 55.57
17312.78 54.36
17627.86 53.66
17948.68 53.25
18275.34 52.72
18607.94 51.71
18946.6 50.07
19291.42 47.89
19642.52 45.39
20000 42.79
