20 80.59
20.36 80.63
20.73 80.66
21.11 80.69
21.5 80.73
21.89 80.76
22.29 80.79
22.69 80.83
23.1 80.86
23.52 80.89
23.95 80.92
24.39 80.95
24.83 80.98
25.28 81.01
25.74 81.04
26.21 81.06
26.69 81.09
27.18 81.12
27.67 81.14
28.17 81.17
28.69 81.19
29.21 81.21
29.74 81.23
30.28 81.26
30.83 81.28
31.39 81.29
31.97 81.31
32.55 81.33
33.14 81.34
33.74 81.35
34.36 81.36
34.98 81.38
35.62 81.39
36.27 81.39
36.93 81.40
37.6 81.40
38.28 81.41
38.98 81.41
39.69 81.41
40.41 81.41
41.15 81.41
41.9 81.40
42.66 81.40
43.44 81.39
44.23 81.38
45.03 81.37
45.85 81.36
46.68 81.34
47.53 81.33
48.4 81.31
49.28 81.30
50.18 81.28
51.09 81.26
52.02 81.24
52.97 81.22
53.93 81.20
54.91 81.18
55.91 81.16
56.93 81.14
57.97 81.12
59.02 81.10
60.09 81.08
61.19 81.06
62.3 81.05
63.44 81.03
64.59 81.01
65.77 80.99
66.96 80.97
68.18 80.94
69.42 80.92
70.69 80.89
71.97 80.86
73.28 80.83
74.62 80.80
75.97 80.76
77.36 80.73
78.76 80.69
80.2 80.65
81.66 80.61
83.14 80.57
84.66 80.53
86.2 80.50
87.77 80.46
89.36 80.42
90.99 80.39
92.65 80.35
94.33 80.31
96.05 80.28
97.8 80.24
99.58 80.21
101.39 80.17
103.23 80.14
105.11 80.10
107.03 80.06
108.97 80.03
110.96 79.99
112.98 79.95
115.03 79.91
117.13 79.86
119.26 79.81
121.43 79.77
123.64 79.72
125.89 79.67
128.18 79.62
130.51 79.57
132.89 79.52
135.31 79.47
137.77 79.42
140.28 79.38
142.83 79.34
145.43 79.31
148.07 79.27
150.77 79.23
153.51 79.20
156.31 79.16
159.15 79.12
162.05 79.08
165 79.04
168 78.99
171.06 78.94
174.17 78.89
177.34 78.84
180.57 78.79
183.86 78.74
187.2 78.69
190.61 78.64
194.08 78.59
197.61 78.54
201.21 78.49
204.87 78.44
208.6 78.39
212.39 78.35
216.26 78.30
220.19 78.26
224.2 78.22
228.28 78.17
232.44 78.12
236.67 78.07
240.97 78.02
245.36 77.97
249.82 77.91
254.37 77.86
259 77.81
263.71 77.76
268.51 77.71
273.4 77.67
278.38 77.62
283.44 77.57
288.6 77.52
293.85 77.47
299.2 77.42
304.65 77.37
310.19 77.32
315.84 77.27
321.59 77.22
327.44 77.17
333.4 77.12
339.47 77.07
345.64 77.03
351.93 76.98
358.34 76.93
364.86 76.88
371.5 76.83
378.26 76.78
385.15 76.73
392.16 76.68
399.29 76.62
406.56 76.57
413.96 76.52
421.49 76.47
429.16 76.41
436.97 76.36
444.93 76.31
453.02 76.26
461.27 76.20
469.66 76.15
478.21 76.10
486.91 76.05
495.78 76.01
504.8 75.96
513.99 75.91
523.34 75.86
532.87 75.81
542.56 75.76
552.44 75.70
562.49 75.65
572.73 75.59
583.15 75.54
593.77 75.49
604.57 75.44
615.57 75.39
626.78 75.34
638.18 75.29
649.8 75.24
661.63 75.19
673.67 75.14
685.93 75.09
698.41 75.05
711.12 75.00
724.06 74.96
737.24 74.92
750.66 74.88
764.32 74.84
778.23 74.80
792.39 74.77
806.82 74.74
821.5 74.72
836.45 74.70
851.67 74.69
867.17 74.68
882.96 74.69
899.02 74.70
915.39 74.72
932.05 74.75
949.01 74.79
966.28 74.85
983.87 74.92
1001.77 75.01
1020 75.11
1038.57 75.23
1057.47 75.37
1076.71 75.52
1096.31 75.68
1116.26 75.86
1136.58 76.04
1157.26 76.23
1178.32 76.43
1199.77 76.62
1221.6 76.82
1243.84 77.02
1266.47 77.20
1289.52 77.39
1312.99 77.57
1336.89 77.74
1361.22 77.90
1385.99 78.06
1411.22 78.21
1436.9 78.35
1463.05 78.47
1489.68 78.58
1516.79 78.66
1544.4 78.70
1572.5 78.70
1601.12 78.65
1630.26 78.55
1659.93 78.43
1690.14 78.32
1720.9 78.28
1752.22 78.32
1784.11 78.45
1816.58 78.67
1849.64 78.95
1883.3 79.23
1917.58 79.50
1952.48 79.72
1988.01 79.89
2024.19 80.00
2061.03 80.07
2098.54 80.09
2136.73 80.08
2175.62 80.03
2215.22 79.94
2255.53 79.82
2296.58 79.67
2338.38 79.49
2380.94 79.29
2424.27 79.07
2468.39 78.84
2513.31 78.61
2559.05 78.37
2605.63 78.13
2653.05 77.90
2701.33 77.68
2750.5 77.47
2800.55 77.28
2851.52 77.10
2903.42 76.95
2956.26 76.82
3010.06 76.72
3064.85 76.65
3120.62 76.60
3177.42 76.56
3235.25 76.53
3294.13 76.48
3354.08 76.39
3415.12 76.26
3477.27 76.08
3540.56 75.86
3605 75.63
3670.6 75.44
3737.41 75.32
3805.43 75.29
3874.68 75.35
3945.2 75.47
4017 75.61
4090.11 75.70
4164.55 75.72
4240.34 75.63
4317.51 75.42
4396.09 75.09
4476.1 74.66
4557.56 74.17
4640.5 73.67
4724.96 73.17
4810.95 72.71
4898.51 72.33
4987.66 72.03
5078.43 71.85
5170.86 71.77
5264.97 71.82
5360.79 71.98
5458.35 72.25
5557.69 72.62
5658.84 73.08
5761.82 73.62
5866.69 74.22
5973.46 74.86
6082.17 75.50
6192.87 76.11
6305.57 76.66
6420.33 77.11
6537.18 77.46
6656.15 77.68
6777.29 77.78
6900.63 77.78
7026.22 77.69
7154.1 77.53
7284.3 77.31
7416.87 76.99
7551.85 76.55
7689.29 75.96
7829.23 75.22
7971.72 74.34
8116.8 73.32
8264.53 72.19
8414.94 71.01
8568.09 69.82
8724.02 68.68
8882.79 67.60
9044.46 66.62
9209.06 65.72
9376.66 64.91
9547.31 64.18
9721.07 63.53
9897.99 62.95
10078.13 62.47
10261.55 62.08
10448.3 61.83
10638.45 61.72
10832.07 61.74
11029.21 61.90
11229.94 62.16
11434.32 62.50
11642.41 62.88
11854.3 63.29
12070.04 63.73
12289.71 64.20
12513.38 64.72
12741.12 65.25
12973 65.78
13209.1 66.24
13449.5 66.58
13694.28 66.77
13943.51 66.79
14197.27 66.68
14455.66 66.49
14718.74 66.28
14986.62 66.08
15259.37 65.90
15537.08 65.76
15819.85 65.63
16107.76 65.50
16400.92 65.38
16699.41 65.26
17003.33 65.13
17312.78 64.98
17627.86 64.79
17948.68 64.53
18275.34 64.20
18607.94 63.79
18946.6 63.31
19291.42 62.77
19642.52 62.19
20000 61.60
