20 85.35
20.36 85.36
20.73 85.37
21.11 85.38
21.5 85.39
21.89 85.40
22.29 85.41
22.69 85.42
23.1 85.43
23.52 85.44
23.95 85.44
24.39 85.45
24.83 85.46
25.28 85.46
25.74 85.47
26.21 85.47
26.69 85.47
27.18 85.47
27.67 85.47
28.17 85.47
28.69 85.47
29.21 85.46
29.74 85.46
30.28 85.45
30.83 85.44
31.39 85.43
31.97 85.42
32.55 85.41
33.14 85.39
33.74 85.37
34.36 85.35
34.98 85.33
35.62 85.31
36.27 85.28
36.93 85.26
37.6 85.23
38.28 85.20
38.98 85.17
39.69 85.13
40.41 85.10
41.15 85.06
41.9 85.02
42.66 84.98
43.44 84.94
44.23 84.89
45.03 84.85
45.85 84.80
46.68 84.75
47.53 84.70
48.4 84.65
49.28 84.59
50.18 84.54
51.09 84.48
52.02 84.42
52.97 84.36
53.93 84.30
54.91 84.24
55.91 84.18
56.93 84.11
57.97 84.05
59.02 83.99
60.09 83.92
61.19 83.86
62.3 83.79
63.44 83.72
64.59 83.65
65.77 83.58
66.96 83.51
68.18 83.44
69.42 83.37
70.69 83.30
71.97 83.22
73.28 83.14
74.62 83.07
75.97 82.99
77.36 82.91
78.76 82.83
80.2 82.74
81.66 82.66
83.14 82.57
84.66 82.48
86.2 82.39
87.77 82.30
89.36 82.20
90.99 82.11
92.65 82.01
94.33 81.92
96.05 81.82
97.8 81.72
99.58 81.62
101.39 81.52
103.23 81.42
105.11 81.32
107.03 81.22
108.97 81.13
110.96 81.03
112.98 80.94
115.03 80.85
117.13 80.75
119.26 80.66
121.43 80.57
123.64 80.47
125.89 80.37
128.18 80.27
130.51 80.17
132.89 80.07
135.31 79.97
137.77 79.86
140.28 79.76
142.83 79.66
145.43 79.55
148.07 79.45
150.77 79.34
153.51 79.23
156.31 79.12
159.15 79.01
162.05 78.91
165 78.80
168 78.70
171.06 78.59
174.17 78.49
177.34 78.39
180.57 78.29
183.86 78.19
187.2 78.10
190.61 78.00
194.08 77.91
197.61 77.81
201.21 77.72
204.87 77.62
208.6 77.53
212.39 77.43
216.26 77.33
220.19 77.24
224.2 77.15
228.28 77.06
232.44 76.97
236.67 76.88
240.97 76.80
245.36 76.71
249.82 76.62
254.37 76.53
259 76.44
263.71 76.35
268.51 76.26
273.4 76.17
278.38 76.08
283.44 76.00
288.6 75.91
293.85 75.83
299.2 75.74
304.65 75.66
310.19 75.58
315.84 75.50
321.59 75.42
327.44 75.35
333.4 75.28
339.47 75.21
345.64 75.14
351.93 75.07
358.34 75.00
364.86 74.94
371.5 74.87
378.26 74.81
385.15 74.74
392.16 74.68
399.29 74.62
406.56 74.56
413.96 74.49
421.49 74.44
429.16 74.38
436.97 74.33
444.93 74.28
453.02 74.24
461.27 74.20
469.66 74.17
478.21 74.13
486.91 74.10
495.78 74.07
504.8 74.04
513.99 74.01
523.34 73.99
532.87 73.96
542.56 73.94
552.44 73.91
562.49 73.89
572.73 73.87
583.15 73.85
593.77 73.83
604.57 73.81
615.57 73.80
626.78 73.79
638.18 73.78
649.8 73.78
661.63 73.78
673.67 73.78
685.93 73.78
698.41 73.80
711.12 73.81
724.06 73.83
737.24 73.85
750.66 73.87
764.32 73.89
778.23 73.91
792.39 73.94
806.82 73.97
821.5 74.01
836.45 74.05
851.67 74.11
867.17 74.17
882.96 74.24
899.02 74.32
915.39 74.40
932.05 74.50
949.01 74.61
966.28 74.73
983.87 74.86
1001.77 75.02
1020 75.18
1038.57 75.37
1057.47 75.58
1076.71 75.81
1096.31 76.05
1116.26 76.30
1136.58 76.56
1157.26 76.83
1178.32 77.10
1199.77 77.38
1221.6 77.65
1243.84 77.92
1266.47 78.19
1289.52 78.44
1312.99 78.69
1336.89 78.94
1361.22 79.17
1385.99 79.39
1411.22 79.61
1436.9 79.81
1463.05 80.02
1489.68 80.21
1516.79 80.40
1544.4 80.59
1572.5 80.77
1601.12 80.94
1630.26 81.12
1659.93 81.31
1690.14 81.49
1720.9 81.68
1752.22 81.86
1784.11 82.05
1816.58 82.23
1849.64 82.43
1883.3 82.63
1917.58 82.82
1952.48 83.01
1988.01 83.20
2024.19 83.37
2061.03 83.54
2098.54 83.69
2136.73 83.84
2175.62 83.97
2215.22 84.09
2255.53 84.20
2296.58 84.29
2338.38 84.37
2380.94 84.42
2424.27 84.46
2468.39 84.48
2513.31 84.47
2559.05 84.45
2605.63 84.40
2653.05 84.34
2701.33 84.26
2750.5 84.17
2800.55 84.07
2851.52 83.95
2903.42 83.83
2956.26 83.71
3010.06 83.59
3064.85 83.46
3120.62 83.33
3177.42 83.21
3235.25 83.10
3294.13 82.99
3354.08 82.89
3415.12 82.80
3477.27 82.71
3540.56 82.64
3605 82.57
3670.6 82.52
3737.41 82.48
3805.43 82.45
3874.68 82.43
3945.2 82.43
4017 82.44
4090.11 82.45
4164.55 82.48
4240.34 82.51
4317.51 82.55
4396.09 82.57
4476.1 82.58
4557.56 82.58
4640.5 82.55
4724.96 82.48
4810.95 82.39
4898.51 82.25
4987.66 82.07
5078.43 81.85
5170.86 81.60
5264.97 81.31
5360.79 81.00
5458.35 80.67
5557.69 80.34
5658.84 80.01
5761.82 79.71
5866.69 79.43
5973.46 79.19
6082.17 78.99
6192.87 78.86
6305.57 78.79
6420.33 78.80
6537.18 78.90
6656.15 79.07
6777.29 79.31
6900.63 79.59
7026.22 79.88
7154.1 80.13
7284.3 80.29
7416.87 80.31
7551.85 80.15
7689.29 79.79
7829.23 79.23
7971.72 78.50
8116.8 77.64
8264.53 76.68
8414.94 75.66
8568.09 74.61
8724.02 73.59
8882.79 72.61
9044.46 71.72
9209.06 70.94
9376.66 70.29
9547.31 69.80
9721.07 69.48
9897.99 69.36
10078.13 69.45
10261.55 69.73
10448.3 70.20
10638.45 70.82
10832.07 71.57
11029.21 72.36
11229.94 73.09
11434.32 73.62
11642.41 73.81
11854.3 73.62
12070.04 73.09
12289.71 72.34
12513.38 71.50
12741.12 70.69
12973 69.99
13209.1 69.43
13449.5 69.04
13694.28 68.79
13943.51 68.64
14197.27 68.51
14455.66 68.29
14718.74 67.85
14986.62 67.06
15259.37 65.85
15537.08 64.23
15819.85 62.31
16107.76 60.36
16400.92 58.68
16699.41 57.47
17003.33 56.72
17312.78 56.18
17627.86 55.60
17948.68 54.81
18275.34 53.77
18607.94 52.50
18946.6 51.07
19291.42 49.55
19642.52 47.99
20000 46.42
