20 74.22
20.36 74.30
20.73 74.37
21.11 74.44
21.5 74.52
21.89 74.59
22.29 74.66
22.69 74.73
23.1 74.81
23.52 74.88
23.95 74.95
24.39 75.02
24.83 75.08
25.28 75.15
25.74 75.22
26.21 75.28
26.69 75.34
27.18 75.41
27.67 75.47
28.17 75.53
28.69 75.58
29.21 75.64
29.74 75.69
30.28 75.75
30.83 75.80
31.39 75.85
31.97 75.89
32.55 75.94
33.14 75.98
33.74 76.02
34.36 76.06
34.98 76.09
35.62 76.13
36.27 76.16
36.93 76.19
37.6 76.22
38.28 76.25
38.98 76.28
39.69 76.31
40.41 76.33
41.15 76.36
41.9 76.38
42.66 76.40
43.44 76.43
44.23 76.45
45.03 76.47
45.85 76.49
46.68 76.51
47.53 76.53
48.4 76.55
49.28 76.57
50.18 76.59
51.09 76.61
52.02 76.63
52.97 76.64
53.93 76.66
54.91 76.68
55.91 76.70
56.93 76.71
57.97 76.73
59.02 76.74
60.09 76.76
61.19 76.77
62.3 76.79
63.44 76.80
64.59 76.82
65.77 76.83
66.96 76.84
68.18 76.86
69.42 76.87
70.69 76.88
71.97 76.90
73.28 76.91
74.62 76.92
75.97 76.93
77.36 76.94
78.76 76.95
80.2 76.96
81.66 76.96
83.14 76.97
84.66 76.97
86.2 76.96
87.77 76.96
89.36 76.95
90.99 76.94
92.65 76.93
94.33 76.92
96.05 76.91
97.8 76.90
99.58 76.89
101.39 76.88
103.23 76.88
105.11 76.87
107.03 76.87
108.97 76.87
110.96 76.87
112.98 76.87
115.03 76.88
117.13 76.88
119.26 76.89
121.43 76.89
123.64 76.89
125.89 76.89
128.18 76.88
130.51 76.88
132.89 76.86
135.31 76.85
137.77 76.84
140.28 76.83
142.83 76.82
145.43 76.81
148.07 76.80
150.77 76.79
153.51 76.78
156.31 76.77
159.15 76.76
162.05 76.75
165 76.75
168 76.74
171.06 76.73
174.17 76.73
177.34 76.72
180.57 76.71
183.86 76.70
187.2 76.69
190.61 76.67
194.08 76.66
197.61 76.64
201.21 76.62
204.87 76.61
208.6 76.59
212.39 76.57
216.26 76.56
220.19 76.54
224.2 76.53
228.28 76.51
232.44 76.50
236.67 76.48
240.97 76.47
245.36 76.45
249.82 76.43
254.37 76.41
259 76.39
263.71 76.36
268.51 76.34
273.4 76.31
278.38 76.29
283.44 76.26
288.6 76.23
293.85 76.20
299.2 76.17
304.65 76.14
310.19 76.11
315.84 76.08
321.59 76.05
327.44 76.02
333.4 75.98
339.47 75.95
345.64 75.91
351.93 75.88
358.34 75.84
364.86 75.81
371.5 75.77
378.26 75.73
385.15 75.70
392.16 75.67
399.29 75.63
406.56 75.60
413.96 75.56
421.49 75.53
429.16 75.49
436.97 75.45
444.93 75.42
453.02 75.38
461.27 75.33
469.66 75.29
478.21 75.25
486.91 75.21
495.78 75.17
504.8 75.12
513.99 75.07
523.34 75.02
532.87 74.97
542.56 74.92
552.44 74.86
562.49 74.81
572.73 74.77
583.15 74.72
593.77 74.69
604.57 74.67
615.57 74.65
626.78 74.64
638.18 74.63
649.8 74.62
661.63 74.62
673.67 74.60
685.93 74.58
698.41 74.56
711.12 74.53
724.06 74.51
737.24 74.49
750.66 74.47
764.32 74.45
778.23 74.44
792.39 74.43
806.82 74.42
821.5 74.42
836.45 74.43
851.67 74.44
867.17 74.45
882.96 74.47
899.02 74.50
915.39 74.55
932.05 74.60
949.01 74.68
966.28 74.77
983.87 74.88
1001.77 75.01
1020 75.17
1038.57 75.36
1057.47 75.57
1076.71 75.80
1096.31 76.06
1116.26 76.33
1136.58 76.61
1157.26 76.91
1178.32 77.22
1199.77 77.54
1221.6 77.86
1243.84 78.16
1266.47 78.46
1289.52 78.75
1312.99 79.03
1336.89 79.30
1361.22 79.56
1385.99 79.81
1411.22 80.04
1436.9 80.26
1463.05 80.48
1489.68 80.69
1516.79 80.90
1544.4 81.11
1572.5 81.31
1601.12 81.52
1630.26 81.72
1659.93 81.93
1690.14 82.14
1720.9 82.34
1752.22 82.55
1784.11 82.77
1816.58 83.00
1849.64 83.25
1883.3 83.52
1917.58 83.78
1952.48 84.02
1988.01 84.23
2024.19 84.39
2061.03 84.51
2098.54 84.58
2136.73 84.61
2175.62 84.61
2215.22 84.58
2255.53 84.51
2296.58 84.42
2338.38 84.29
2380.94 84.13
2424.27 83.96
2468.39 83.77
2513.31 83.59
2559.05 83.42
2605.63 83.25
2653.05 83.10
2701.33 82.96
2750.5 82.81
2800.55 82.65
2851.52 82.48
2903.42 82.30
2956.26 82.10
3010.06 81.90
3064.85 81.72
3120.62 81.54
3177.42 81.39
3235.25 81.26
3294.13 81.15
3354.08 81.07
3415.12 81.00
3477.27 80.95
3540.56 80.92
3605 80.92
3670.6 80.95
3737.41 81.01
3805.43 81.10
3874.68 81.22
3945.2 81.38
4017 81.57
4090.11 81.79
4164.55 82.06
4240.34 82.35
4317.51 82.68
4396.09 83.03
4476.1 83.37
4557.56 83.70
4640.5 83.98
4724.96 84.19
4810.95 84.31
4898.51 84.32
4987.66 84.20
5078.43 83.96
5170.86 83.60
5264.97 83.15
5360.79 82.62
5458.35 82.04
5557.69 81.43
5658.84 80.82
5761.82 80.23
5866.69 79.67
5973.46 79.16
6082.17 78.71
6192.87 78.34
6305.57 78.04
6420.33 77.84
6537.18 77.74
6656.15 77.74
6777.29 77.88
6900.63 78.14
7026.22 78.56
7154.1 79.14
7284.3 79.86
7416.87 80.68
7551.85 81.53
7689.29 82.31
7829.23 82.87
7971.72 83.10
8116.8 82.89
8264.53 82.24
8414.94 81.19
8568.09 79.88
8724.02 78.48
8882.79 77.12
9044.46 75.90
9209.06 74.91
9376.66 74.20
9547.31 73.80
9721.07 73.72
9897.99 73.92
10078.13 74.35
10261.55 74.87
10448.3 75.31
10638.45 75.51
10832.07 75.34
11029.21 74.78
11229.94 73.88
11434.32 72.81
11642.41 71.72
11854.3 70.76
12070.04 70.00
12289.71 69.47
12513.38 69.17
12741.12 69.10
12973 69.23
13209.1 69.52
13449.5 69.94
13694.28 70.42
13943.51 70.85
14197.27 71.09
14455.66 70.97
14718.74 70.35
14986.62 69.16
15259.37 67.48
15537.08 65.48
15819.85 63.41
16107.76 61.48
16400.92 59.80
16699.41 58.41
17003.33 57.23
17312.78 56.10
17627.86 54.83
17948.68 53.20
18275.34 51.06
18607.94 48.37
18946.6 45.19
19291.42 41.71
19642.52 38.09
20000 34.46
