20 85.53
20.36 85.53
20.73 85.54
21.11 85.54
21.5 85.55
21.89 85.55
22.29 85.55
22.69 85.56
23.1 85.56
23.52 85.56
23.95 85.56
24.39 85.57
24.83 85.57
25.28 85.57
25.74 85.57
26.21 85.57
26.69 85.56
27.18 85.56
27.67 85.56
28.17 85.55
28.69 85.55
29.21 85.54
29.74 85.53
30.28 85.52
30.83 85.51
31.39 85.49
31.97 85.48
32.55 85.47
33.14 85.45
33.74 85.43
34.36 85.41
34.98 85.39
35.62 85.36
36.27 85.34
36.93 85.31
37.6 85.29
38.28 85.26
38.98 85.23
39.69 85.20
40.41 85.17
41.15 85.13
41.9 85.10
42.66 85.06
43.44 85.02
44.23 84.99
45.03 84.95
45.85 84.91
46.68 84.86
47.53 84.82
48.4 84.78
49.28 84.73
50.18 84.69
51.09 84.64
52.02 84.59
52.97 84.55
53.93 84.50
54.91 84.44
55.91 84.39
56.93 84.34
57.97 84.29
59.02 84.23
60.09 84.18
61.19 84.12
62.3 84.07
63.44 84.01
64.59 83.96
65.77 83.90
66.96 83.84
68.18 83.78
69.42 83.73
70.69 83.67
71.97 83.62
73.28 83.56
74.62 83.51
75.97 83.45
77.36 83.40
78.76 83.34
80.2 83.29
81.66 83.24
83.14 83.19
84.66 83.14
86.2 83.09
87.77 83.04
89.36 83.00
90.99 82.95
92.65 82.90
94.33 82.85
96.05 82.80
97.8 82.75
99.58 82.70
101.39 82.64
103.23 82.59
105.11 82.53
107.03 82.48
108.97 82.43
110.96 82.37
112.98 82.32
115.03 82.27
117.13 82.22
119.26 82.17
121.43 82.13
123.64 82.08
125.89 82.04
128.18 82.00
130.51 81.96
132.89 81.92
135.31 81.87
137.77 81.83
140.28 81.79
142.83 81.74
145.43 81.70
148.07 81.65
150.77 81.60
153.51 81.56
156.31 81.51
159.15 81.46
162.05 81.42
165 81.37
168 81.32
171.06 81.28
174.17 81.23
177.34 81.18
180.57 81.13
183.86 81.08
187.2 81.03
190.61 80.99
194.08 80.94
197.61 80.89
201.21 80.85
204.87 80.80
208.6 80.75
212.39 80.70
216.26 80.65
220.19 80.60
224.2 80.55
228.28 80.49
232.44 80.44
236.67 80.39
240.97 80.34
245.36 80.29
249.82 80.23
254.37 80.18
259 80.12
263.71 80.07
268.51 80.01
273.4 79.96
278.38 79.90
283.44 79.84
288.6 79.78
293.85 79.72
299.2 79.65
304.65 79.58
310.19 79.51
315.84 79.44
321.59 79.37
327.44 79.31
333.4 79.24
339.47 79.18
345.64 79.12
351.93 79.06
358.34 79.00
364.86 78.93
371.5 78.87
378.26 78.80
385.15 78.73
392.16 78.66
399.29 78.59
406.56 78.52
413.96 78.45
421.49 78.38
429.16 78.30
436.97 78.23
444.93 78.16
453.02 78.09
461.27 78.02
469.66 77.95
478.21 77.88
486.91 77.81
495.78 77.74
504.8 77.66
513.99 77.57
523.34 77.48
532.87 77.39
542.56 77.29
552.44 77.19
562.49 77.08
572.73 76.97
583.15 76.86
593.77 76.73
604.57 76.60
615.57 76.46
626.78 76.33
638.18 76.19
649.8 76.06
661.63 75.93
673.67 75.81
685.93 75.70
698.41 75.59
711.12 75.49
724.06 75.39
737.24 75.30
750.66 75.21
764.32 75.13
778.23 75.05
792.39 74.97
806.82 74.89
821.5 74.82
836.45 74.76
851.67 74.71
867.17 74.67
882.96 74.65
899.02 74.65
915.39 74.67
932.05 74.71
949.01 74.77
966.28 74.84
983.87 74.92
1001.77 75.01
1020 75.11
1038.57 75.22
1057.47 75.33
1076.71 75.46
1096.31 75.60
1116.26 75.75
1136.58 75.90
1157.26 76.06
1178.32 76.22
1199.77 76.38
1221.6 76.53
1243.84 76.68
1266.47 76.82
1289.52 76.96
1312.99 77.09
1336.89 77.22
1361.22 77.35
1385.99 77.47
1411.22 77.59
1436.9 77.71
1463.05 77.83
1489.68 77.94
1516.79 78.05
1544.4 78.17
1572.5 78.28
1601.12 78.40
1630.26 78.52
1659.93 78.65
1690.14 78.78
1720.9 78.92
1752.22 79.06
1784.11 79.22
1816.58 79.37
1849.64 79.54
1883.3 79.71
1917.58 79.89
1952.48 80.08
1988.01 80.27
2024.19 80.45
2061.03 80.64
2098.54 80.83
2136.73 81.02
2175.62 81.21
2215.22 81.39
2255.53 81.58
2296.58 81.75
2338.38 81.92
2380.94 82.08
2424.27 82.21
2468.39 82.33
2513.31 82.42
2559.05 82.50
2605.63 82.56
2653.05 82.59
2701.33 82.60
2750.5 82.58
2800.55 82.55
2851.52 82.49
2903.42 82.42
2956.26 82.34
3010.06 82.24
3064.85 82.15
3120.62 82.05
3177.42 81.95
3235.25 81.86
3294.13 81.77
3354.08 81.70
3415.12 81.64
3477.27 81.59
3540.56 81.57
3605 81.56
3670.6 81.59
3737.41 81.64
3805.43 81.73
3874.68 81.85
3945.2 82.01
4017 82.21
4090.11 82.46
4164.55 82.76
4240.34 83.09
4317.51 83.47
4396.09 83.85
4476.1 84.22
4557.56 84.56
4640.5 84.82
4724.96 84.97
4810.95 84.99
4898.51 84.85
4987.66 84.56
5078.43 84.11
5170.86 83.54
5264.97 82.89
5360.79 82.19
5458.35 81.48
5557.69 80.79
5658.84 80.13
5761.82 79.50
5866.69 78.90
5973.46 78.33
6082.17 77.80
6192.87 77.32
6305.57 76.92
6420.33 76.62
6537.18 76.41
6656.15 76.33
6777.29 76.37
6900.63 76.57
7026.22 76.95
7154.1 77.50
7284.3 78.23
7416.87 79.10
7551.85 80.05
7689.29 80.94
7829.23 81.62
7971.72 81.93
8116.8 81.73
8264.53 80.96
8414.94 79.70
8568.09 78.11
8724.02 76.38
8882.79 74.65
9044.46 73.04
9209.06 71.62
9376.66 70.41
9547.31 69.43
9721.07 68.68
9897.99 68.14
10078.13 67.81
10261.55 67.70
10448.3 67.79
10638.45 68.08
10832.07 68.55
11029.21 69.14
11229.94 69.77
11434.32 70.35
11642.41 70.75
11854.3 70.91
12070.04 70.76
12289.71 70.33
12513.38 69.68
12741.12 68.89
12973 68.02
13209.1 67.14
13449.5 66.30
13694.28 65.52
13943.51 64.84
14197.27 64.30
14455.66 63.95
14718.74 63.84
14986.62 64.00
15259.37 64.44
15537.08 65.14
15819.85 66.00
16107.76 66.88
16400.92 67.60
16699.41 67.98
17003.33 67.88
17312.78 67.21
17627.86 65.91
17948.68 63.95
18275.34 61.31
18607.94 58.05
18946.6 54.28
19291.42 50.20
19642.52 45.99
20000 41.76
