20 84.65
20.36 84.66
20.73 84.67
21.11 84.68
21.5 84.69
21.89 84.70
22.29 84.71
22.69 84.71
23.1 84.72
23.52 84.73
23.95 84.74
24.39 84.74
24.83 84.75
25.28 84.75
25.74 84.76
26.21 84.76
26.69 84.77
27.18 84.77
27.67 84.77
28.17 84.77
28.69 84.77
29.21 84.77
29.74 84.77
30.28 84.76
30.83 84.76
31.39 84.75
31.97 84.74
32.55 84.73
33.14 84.72
33.74 84.71
34.36 84.70
34.98 84.68
35.62 84.67
36.27 84.65
36.93 84.63
37.6 84.61
38.28 84.59
38.98 84.57
39.69 84.55
40.41 84.53
41.15 84.50
41.9 84.47
42.66 84.45
43.44 84.42
44.23 84.39
45.03 84.36
45.85 84.33
46.68 84.30
47.53 84.27
48.4 84.24
49.28 84.20
50.18 84.17
51.09 84.13
52.02 84.09
52.97 84.06
53.93 84.02
54.91 83.97
55.91 83.93
56.93 83.89
57.97 83.84
59.02 83.79
60.09 83.74
61.19 83.69
62.3 83.64
63.44 83.59
64.59 83.53
65.77 83.48
66.96 83.42
68.18 83.36
69.42 83.30
70.69 83.25
71.97 83.19
73.28 83.13
74.62 83.07
75.97 83.01
77.36 82.95
78.76 82.89
80.2 82.83
81.66 82.76
83.14 82.70
84.66 82.64
86.2 82.57
87.77 82.51
89.36 82.44
90.99 82.37
92.65 82.30
94.33 82.23
96.05 82.16
97.8 82.08
99.58 82.00
101.39 81.92
103.23 81.83
105.11 81.75
107.03 81.67
108.97 81.58
110.96 81.50
112.98 81.42
115.03 81.33
117.13 81.25
119.26 81.17
121.43 81.09
123.64 81.01
125.89 80.93
128.18 80.85
130.51 80.76
132.89 80.68
135.31 80.59
137.77 80.50
140.28 80.41
142.83 80.33
145.43 80.24
148.07 80.15
150.77 80.07
153.51 79.98
156.31 79.90
159.15 79.81
162.05 79.73
165 79.64
168 79.56
171.06 79.47
174.17 79.38
177.34 79.28
180.57 79.19
183.86 79.09
187.2 79.00
190.61 78.91
194.08 78.81
197.61 78.72
201.21 78.62
204.87 78.53
208.6 78.44
212.39 78.34
216.26 78.24
220.19 78.15
224.2 78.05
228.28 77.95
232.44 77.86
236.67 77.76
240.97 77.66
245.36 77.57
249.82 77.47
254.37 77.38
259 77.29
263.71 77.19
268.51 77.10
273.4 77.01
278.38 76.91
283.44 76.82
288.6 76.74
293.85 76.65
299.2 76.57
304.65 76.49
310.19 76.41
315.84 76.34
321.59 76.27
327.44 76.21
333.4 76.15
339.47 76.09
345.64 76.03
351.93 75.96
358.34 75.90
364.86 75.83
371.5 75.76
378.26 75.69
385.15 75.61
392.16 75.53
399.29 75.45
406.56 75.38
413.96 75.30
421.49 75.23
429.16 75.16
436.97 75.09
444.93 75.02
453.02 74.96
461.27 74.89
469.66 74.83
478.21 74.76
486.91 74.70
495.78 74.63
504.8 74.56
513.99 74.49
523.34 74.42
532.87 74.34
542.56 74.28
552.44 74.21
562.49 74.15
572.73 74.10
583.15 74.05
593.77 74.00
604.57 73.96
615.57 73.93
626.78 73.90
638.18 73.88
649.8 73.85
661.63 73.84
673.67 73.83
685.93 73.82
698.41 73.82
711.12 73.82
724.06 73.82
737.24 73.83
750.66 73.84
764.32 73.86
778.23 73.88
792.39 73.91
806.82 73.95
821.5 73.99
836.45 74.05
851.67 74.11
867.17 74.18
882.96 74.25
899.02 74.34
915.39 74.43
932.05 74.52
949.01 74.63
966.28 74.75
983.87 74.87
1001.77 75.01
1020 75.17
1038.57 75.34
1057.47 75.52
1076.71 75.72
1096.31 75.92
1116.26 76.14
1136.58 76.36
1157.26 76.58
1178.32 76.81
1199.77 77.04
1221.6 77.27
1243.84 77.48
1266.47 77.70
1289.52 77.90
1312.99 78.11
1336.89 78.30
1361.22 78.50
1385.99 78.68
1411.22 78.86
1436.9 79.04
1463.05 79.22
1489.68 79.40
1516.79 79.58
1544.4 79.76
1572.5 79.94
1601.12 80.14
1630.26 80.34
1659.93 80.55
1690.14 80.76
1720.9 80.98
1752.22 81.20
1784.11 81.42
1816.58 81.66
1849.64 81.90
1883.3 82.16
1917.58 82.43
1952.48 82.70
1988.01 82.98
2024.19 83.27
2061.03 83.55
2098.54 83.83
2136.73 84.11
2175.62 84.38
2215.22 84.64
2255.53 84.89
2296.58 85.12
2338.38 85.34
2380.94 85.53
2424.27 85.70
2468.39 85.83
2513.31 85.93
2559.05 86.00
2605.63 86.04
2653.05 86.05
2701.33 86.03
2750.5 85.98
2800.55 85.92
2851.52 85.84
2903.42 85.75
2956.26 85.66
3010.06 85.56
3064.85 85.47
3120.62 85.38
3177.42 85.30
3235.25 85.23
3294.13 85.17
3354.08 85.14
3415.12 85.12
3477.27 85.13
3540.56 85.17
3605 85.25
3670.6 85.36
3737.41 85.52
3805.43 85.70
3874.68 85.87
3945.2 86.01
4017 86.07
4090.11 86.00
4164.55 85.75
4240.34 85.31
4317.51 84.68
4396.09 83.92
4476.1 83.12
4557.56 82.42
4640.5 81.96
4724.96 81.78
4810.95 81.84
4898.51 82.03
4987.66 82.20
5078.43 82.25
5170.86 82.12
5264.97 81.82
5360.79 81.37
5458.35 80.83
5557.69 80.25
5658.84 79.67
5761.82 79.14
5866.69 78.67
5973.46 78.26
6082.17 77.92
6192.87 77.67
6305.57 77.50
6420.33 77.42
6537.18 77.46
6656.15 77.62
6777.29 77.92
6900.63 78.36
7026.22 78.96
7154.1 79.69
7284.3 80.53
7416.87 81.40
7551.85 82.19
7689.29 82.77
7829.23 83.02
7971.72 82.84
8116.8 82.21
8264.53 81.19
8414.94 79.89
8568.09 78.45
8724.02 77.03
8882.79 75.72
9044.46 74.59
9209.06 73.65
9376.66 72.92
9547.31 72.39
9721.07 72.06
9897.99 71.91
10078.13 71.91
10261.55 72.04
10448.3 72.24
10638.45 72.48
10832.07 72.68
11029.21 72.81
11229.94 72.82
11434.32 72.72
11642.41 72.54
11854.3 72.34
12070.04 72.14
12289.71 71.96
12513.38 71.81
12741.12 71.68
12973 71.56
13209.1 71.44
13449.5 71.35
13694.28 71.33
13943.51 71.41
14197.27 71.64
14455.66 72.04
14718.74 72.61
14986.62 73.32
15259.37 74.07
15537.08 74.73
15819.85 75.17
16107.76 75.30
16400.92 75.10
16699.41 74.69
17003.33 74.17
17312.78 73.64
17627.86 73.11
17948.68 72.46
18275.34 71.55
18607.94 70.24
18946.6 68.49
19291.42 66.40
19642.52 64.11
20000 61.78
