20 92.43
20.36 92.43
20.73 92.43
21.11 92.43
21.5 92.43
21.89 92.42
22.29 92.42
22.69 92.42
23.1 92.42
23.52 92.41
23.95 92.41
24.39 92.40
24.83 92.39
25.28 92.39
25.74 92.38
26.21 92.37
26.69 92.36
27.18 92.35
27.67 92.33
28.17 92.32
28.69 92.31
29.21 92.29
29.74 92.27
30.28 92.25
30.83 92.23
31.39 92.21
31.97 92.18
32.55 92.16
33.14 92.13
33.74 92.10
34.36 92.06
34.98 92.03
35.62 91.99
36.27 91.96
36.93 91.92
37.6 91.88
38.28 91.83
38.98 91.79
39.69 91.74
40.41 91.69
41.15 91.64
41.9 91.58
42.66 91.53
43.44 91.47
44.23 91.41
45.03 91.35
45.85 91.29
46.68 91.22
47.53 91.16
48.4 91.09
49.28 91.02
50.18 90.95
51.09 90.88
52.02 90.81
52.97 90.73
53.93 90.66
54.91 90.58
55.91 90.51
56.93 90.44
57.97 90.36
59.02 90.29
60.09 90.22
61.19 90.15
62.3 90.08
63.44 90.00
64.59 89.93
65.77 89.85
66.96 89.78
68.18 89.70
69.42 89.62
70.69 89.54
71.97 89.45
73.28 89.37
74.62 89.28
75.97 89.19
77.36 89.09
78.76 89.00
80.2 88.90
81.66 88.80
83.14 88.70
84.66 88.60
86.2 88.50
87.77 88.40
89.36 88.30
90.99 88.20
92.65 88.09
94.33 87.99
96.05 87.89
97.8 87.78
99.58 87.67
101.39 87.56
103.23 87.45
105.11 87.34
107.03 87.23
108.97 87.12
110.96 87.00
112.98 86.89
115.03 86.78
117.13 86.67
119.26 86.56
121.43 86.45
123.64 86.34
125.89 86.23
128.18 86.12
130.51 86.01
132.89 85.90
135.31 85.78
137.77 85.66
140.28 85.54
142.83 85.42
145.43 85.30
148.07 85.18
150.77 85.05
153.51 84.93
156.31 84.81
159.15 84.69
162.05 84.56
165 84.44
168 84.32
171.06 84.20
174.17 84.08
177.34 83.96
180.57 83.84
183.86 83.71
187.2 83.59
190.61 83.46
194.08 83.34
197.61 83.22
201.21 83.09
204.87 82.97
208.6 82.85
212.39 82.73
216.26 82.61
220.19 82.49
224.2 82.37
228.28 82.25
232.44 82.12
236.67 82.00
240.97 81.88
245.36 81.76
249.82 81.63
254.37 81.51
259 81.39
263.71 81.27
268.51 81.15
273.4 81.03
278.38 80.91
283.44 80.79
288.6 80.67
293.85 80.55
299.2 80.43
304.65 80.31
310.19 80.18
315.84 80.06
321.59 79.94
327.44 79.82
333.4 79.70
339.47 79.59
345.64 79.48
351.93 79.37
358.34 79.26
364.86 79.14
371.5 79.03
378.26 78.91
385.15 78.80
392.16 78.68
399.29 78.55
406.56 78.43
413.96 78.31
421.49 78.19
429.16 78.07
436.97 77.96
444.93 77.84
453.02 77.73
461.27 77.62
469.66 77.52
478.21 77.42
486.91 77.31
495.78 77.22
504.8 77.12
513.99 77.02
523.34 76.93
532.87 76.83
542.56 76.74
552.44 76.65
562.49 76.56
572.73 76.47
583.15 76.38
593.77 76.29
604.57 76.19
615.57 76.09
626.78 75.98
638.18 75.87
649.8 75.76
661.63 75.66
673.67 75.56
685.93 75.47
698.41 75.39
711.12 75.33
724.06 75.26
737.24 75.20
750.66 75.14
764.32 75.09
778.23 75.04
792.39 74.99
806.82 74.95
821.5 74.91
836.45 74.88
851.67 74.85
867.17 74.83
882.96 74.82
899.02 74.81
915.39 74.82
932.05 74.83
949.01 74.85
966.28 74.88
983.87 74.94
1001.77 75.01
1020 75.10
1038.57 75.21
1057.47 75.33
1076.71 75.47
1096.31 75.62
1116.26 75.77
1136.58 75.93
1157.26 76.09
1178.32 76.26
1199.77 76.42
1221.6 76.58
1243.84 76.74
1266.47 76.89
1289.52 77.04
1312.99 77.19
1336.89 77.33
1361.22 77.47
1385.99 77.61
1411.22 77.74
1436.9 77.88
1463.05 78.02
1489.68 78.15
1516.79 78.29
1544.4 78.44
1572.5 78.59
1601.12 78.75
1630.26 78.93
1659.93 79.12
1690.14 79.32
1720.9 79.53
1752.22 79.76
1784.11 79.99
1816.58 80.24
1849.64 80.52
1883.3 80.81
1917.58 81.13
1952.48 81.46
1988.01 81.82
2024.19 82.19
2061.03 82.58
2098.54 83.00
2136.73 83.43
2175.62 83.89
2215.22 84.37
2255.53 84.89
2296.58 85.44
2338.38 86.02
2380.94 86.61
2424.27 87.23
2468.39 87.84
2513.31 88.46
2559.05 89.05
2605.63 89.62
2653.05 90.13
2701.33 90.58
2750.5 90.95
2800.55 91.22
2851.52 91.39
2903.42 91.44
2956.26 91.38
3010.06 91.22
3064.85 90.96
3120.62 90.63
3177.42 90.26
3235.25 89.88
3294.13 89.50
3354.08 89.17
3415.12 88.89
3477.27 88.66
3540.56 88.47
3605 88.33
3670.6 88.25
3737.41 88.21
3805.43 88.22
3874.68 88.30
3945.2 88.42
4017 88.61
4090.11 88.85
4164.55 89.14
4240.34 89.47
4317.51 89.80
4396.09 90.12
4476.1 90.38
4557.56 90.54
4640.5 90.55
4724.96 90.39
4810.95 90.04
4898.51 89.51
4987.66 88.82
5078.43 88.00
5170.86 87.11
5264.97 86.16
5360.79 85.20
5458.35 84.26
5557.69 83.36
5658.84 82.54
5761.82 81.78
5866.69 81.11
5973.46 80.51
6082.17 79.99
6192.87 79.54
6305.57 79.17
6420.33 78.90
6537.18 78.72
6656.15 78.65
6777.29 78.71
6900.63 78.92
7026.22 79.29
7154.1 79.85
7284.3 80.59
7416.87 81.49
7551.85 82.48
7689.29 83.47
7829.23 84.30
7971.72 84.83
8116.8 84.96
8264.53 84.65
8414.94 83.95
8568.09 82.94
8724.02 81.70
8882.79 80.27
9044.46 78.74
9209.06 77.23
9376.66 75.82
9547.31 74.59
9721.07 73.59
9897.99 72.84
10078.13 72.34
10261.55 72.08
10448.3 72.09
10638.45 72.33
10832.07 72.81
11029.21 73.49
11229.94 74.30
11434.32 75.18
11642.41 76.02
11854.3 76.74
12070.04 77.25
12289.71 77.51
12513.38 77.51
12741.12 77.25
12973 76.77
13209.1 76.11
13449.5 75.33
13694.28 74.50
13943.51 73.67
14197.27 72.92
14455.66 72.31
14718.74 71.90
14986.62 71.74
15259.37 71.84
15537.08 72.20
15819.85 72.78
16107.76 73.53
16400.92 74.37
16699.41 75.20
17003.33 75.92
17312.78 76.39
17627.86 76.51
17948.68 76.21
18275.34 75.49
18607.94 74.34
18946.6 72.83
19291.42 71.04
19642.52 69.10
20000 67.12
