20 74.17
20.36 74.23
20.73 74.30
21.11 74.36
21.5 74.42
21.89 74.49
22.29 74.55
22.69 74.61
23.1 74.67
23.52 74.73
23.95 74.80
24.39 74.86
24.83 74.92
25.28 74.97
25.74 75.03
26.21 75.09
26.69 75.14
27.18 75.19
27.67 75.25
28.17 75.30
28.69 75.35
29.21 75.40
29.74 75.44
30.28 75.49
30.83 75.53
31.39 75.58
31.97 75.61
32.55 75.65
33.14 75.69
33.74 75.72
34.36 75.76
34.98 75.79
35.62 75.82
36.27 75.84
36.93 75.87
37.6 75.89
38.28 75.92
38.98 75.94
39.69 75.96
40.41 75.98
41.15 76.00
41.9 76.01
42.66 76.03
43.44 76.04
44.23 76.06
45.03 76.07
45.85 76.08
46.68 76.09
47.53 76.10
48.4 76.11
49.28 76.11
50.18 76.12
51.09 76.13
52.02 76.13
52.97 76.14
53.93 76.14
54.91 76.15
55.91 76.15
56.93 76.15
57.97 76.15
59.02 76.16
60.09 76.16
61.19 76.16
62.3 76.16
63.44 76.15
64.59 76.15
65.77 76.15
66.96 76.15
68.18 76.14
69.42 76.14
70.69 76.14
71.97 76.13
73.28 76.13
74.62 76.12
75.97 76.12
77.36 76.11
78.76 76.11
80.2 76.10
81.66 76.10
83.14 76.09
84.66 76.09
86.2 76.08
87.77 76.08
89.36 76.08
90.99 76.08
92.65 76.07
94.33 76.07
96.05 76.06
97.8 76.06
99.58 76.05
101.39 76.04
103.23 76.02
105.11 76.01
107.03 76.00
108.97 75.98
110.96 75.96
112.98 75.94
115.03 75.92
117.13 75.90
119.26 75.88
121.43 75.86
123.64 75.84
125.89 75.82
128.18 75.80
130.51 75.77
132.89 75.75
135.31 75.73
137.77 75.71
140.28 75.69
142.83 75.68
145.43 75.66
148.07 75.65
150.77 75.64
153.51 75.63
156.31 75.62
159.15 75.61
162.05 75.59
165 75.58
168 75.56
171.06 75.54
174.17 75.52
177.34 75.50
180.57 75.48
183.86 75.46
187.2 75.44
190.61 75.41
194.08 75.39
197.61 75.37
201.21 75.34
204.87 75.32
208.6 75.30
212.39 75.28
216.26 75.27
220.19 75.25
224.2 75.23
228.28 75.22
232.44 75.20
236.67 75.19
240.97 75.17
245.36 75.16
249.82 75.14
254.37 75.12
259 75.10
263.71 75.08
268.51 75.07
273.4 75.05
278.38 75.04
283.44 75.03
288.6 75.01
293.85 75.00
299.2 74.98
304.65 74.97
310.19 74.95
315.84 74.94
321.59 74.92
327.44 74.91
333.4 74.89
339.47 74.88
345.64 74.86
351.93 74.84
358.34 74.82
364.86 74.81
371.5 74.79
378.26 74.78
385.15 74.77
392.16 74.75
399.29 74.74
406.56 74.73
413.96 74.71
421.49 74.70
429.16 74.69
436.97 74.67
444.93 74.66
453.02 74.65
461.27 74.64
469.66 74.63
478.21 74.62
486.91 74.61
495.78 74.60
504.8 74.59
513.99 74.58
523.34 74.57
532.87 74.56
542.56 74.55
552.44 74.53
562.49 74.52
572.73 74.51
583.15 74.50
593.77 74.49
604.57 74.48
615.57 74.47
626.78 74.46
638.18 74.45
649.8 74.45
661.63 74.44
673.67 74.44
685.93 74.43
698.41 74.42
711.12 74.41
724.06 74.41
737.24 74.40
750.66 74.39
764.32 74.38
778.23 74.38
792.39 74.37
806.82 74.38
821.5 74.39
836.45 74.40
851.67 74.42
867.17 74.45
882.96 74.48
899.02 74.52
915.39 74.57
932.05 74.63
949.01 74.71
966.28 74.79
983.87 74.89
1001.77 75.01
1020 75.14
1038.57 75.29
1057.47 75.46
1076.71 75.63
1096.31 75.82
1116.26 76.02
1136.58 76.22
1157.26 76.42
1178.32 76.63
1199.77 76.84
1221.6 77.04
1243.84 77.23
1266.47 77.41
1289.52 77.59
1312.99 77.76
1336.89 77.92
1361.22 78.07
1385.99 78.20
1411.22 78.32
1436.9 78.43
1463.05 78.53
1489.68 78.62
1516.79 78.70
1544.4 78.78
1572.5 78.84
1601.12 78.91
1630.26 78.97
1659.93 79.03
1690.14 79.08
1720.9 79.14
1752.22 79.19
1784.11 79.25
1816.58 79.31
1849.64 79.37
1883.3 79.42
1917.58 79.47
1952.48 79.51
1988.01 79.56
2024.19 79.59
2061.03 79.63
2098.54 79.66
2136.73 79.69
2175.62 79.71
2215.22 79.72
2255.53 79.73
2296.58 79.72
2338.38 79.72
2380.94 79.71
2424.27 79.70
2468.39 79.69
2513.31 79.68
2559.05 79.67
2605.63 79.67
2653.05 79.68
2701.33 79.71
2750.5 79.75
2800.55 79.80
2851.52 79.86
2903.42 79.94
2956.26 80.02
3010.06 80.11
3064.85 80.21
3120.62 80.30
3177.42 80.38
3235.25 80.43
3294.13 80.45
3354.08 80.44
3415.12 80.40
3477.27 80.32
3540.56 80.22
3605 80.09
3670.6 79.96
3737.41 79.81
3805.43 79.66
3874.68 79.51
3945.2 79.35
4017 79.20
4090.11 79.04
4164.55 78.88
4240.34 78.73
4317.51 78.59
4396.09 78.48
4476.1 78.41
4557.56 78.38
4640.5 78.40
4724.96 78.48
4810.95 78.62
4898.51 78.82
4987.66 79.07
5078.43 79.37
5170.86 79.70
5264.97 80.05
5360.79 80.40
5458.35 80.72
5557.69 80.97
5658.84 81.13
5761.82 81.17
5866.69 81.06
5973.46 80.81
6082.17 80.45
6192.87 80.00
6305.57 79.55
6420.33 79.15
6537.18 78.85
6656.15 78.67
6777.29 78.61
6900.63 78.66
7026.22 78.82
7154.1 79.08
7284.3 79.43
7416.87 79.82
7551.85 80.20
7689.29 80.47
7829.23 80.54
7971.72 80.31
8116.8 79.74
8264.53 78.85
8414.94 77.71
8568.09 76.42
8724.02 75.07
8882.79 73.75
9044.46 72.50
9209.06 71.34
9376.66 70.29
9547.31 69.35
9721.07 68.49
9897.99 67.65
10078.13 66.79
10261.55 65.92
10448.3 65.05
10638.45 64.17
10832.07 63.30
11029.21 62.43
11229.94 61.61
11434.32 60.89
11642.41 60.35
11854.3 60.05
12070.04 60.06
12289.71 60.35
12513.38 60.88
12741.12 61.52
12973 62.15
13209.1 62.63
13449.5 62.89
13694.28 62.92
13943.51 62.76
14197.27 62.49
14455.66 62.18
14718.74 61.83
14986.62 61.44
15259.37 61.03
15537.08 60.74
15819.85 60.79
16107.76 61.30
16400.92 62.16
16699.41 63.20
17003.33 64.24
17312.78 65.16
17627.86 65.89
17948.68 66.36
18275.34 66.59
18607.94 66.64
18946.6 66.58
19291.42 66.46
19642.52 66.32
20000 66.18
