20 82.19
20.36 82.37
20.73 82.54
21.11 82.71
21.5 82.88
21.89 83.05
22.29 83.22
22.69 83.38
23.1 83.55
23.52 83.71
23.95 83.87
24.39 84.03
24.83 84.18
25.28 84.33
25.74 84.48
26.21 84.63
26.69 84.77
27.18 84.90
27.67 85.04
28.17 85.17
28.69 85.29
29.21 85.41
29.74 85.52
30.28 85.63
30.83 85.73
31.39 85.83
31.97 85.92
32.55 86.01
33.14 86.09
33.74 86.16
34.36 86.22
34.98 86.28
35.62 86.34
36.27 86.39
36.93 86.43
37.6 86.47
38.28 86.50
38.98 86.52
39.69 86.54
40.41 86.56
41.15 86.57
41.9 86.57
42.66 86.57
43.44 86.57
44.23 86.56
45.03 86.54
45.85 86.53
46.68 86.50
47.53 86.47
48.4 86.44
49.28 86.41
50.18 86.37
51.09 86.33
52.02 86.28
52.97 86.24
53.93 86.19
54.91 86.14
55.91 86.09
56.93 86.03
57.97 85.98
59.02 85.92
60.09 85.86
61.19 85.80
62.3 85.74
63.44 85.68
64.59 85.62
65.77 85.55
66.96 85.48
68.18 85.41
69.42 85.33
70.69 85.25
71.97 85.17
73.28 85.09
74.62 85.00
75.97 84.90
77.36 84.81
78.76 84.70
80.2 84.60
81.66 84.49
83.14 84.38
84.66 84.27
86.2 84.15
87.77 84.03
89.36 83.90
90.99 83.77
92.65 83.64
94.33 83.51
96.05 83.37
97.8 83.23
99.58 83.09
101.39 82.94
103.23 82.80
105.11 82.65
107.03 82.50
108.97 82.36
110.96 82.22
112.98 82.08
115.03 81.94
117.13 81.80
119.26 81.66
121.43 81.53
123.64 81.39
125.89 81.26
128.18 81.12
130.51 80.98
132.89 80.85
135.31 80.71
137.77 80.57
140.28 80.43
142.83 80.28
145.43 80.14
148.07 80.00
150.77 79.86
153.51 79.72
156.31 79.58
159.15 79.45
162.05 79.31
165 79.19
168 79.06
171.06 78.94
174.17 78.82
177.34 78.71
180.57 78.59
183.86 78.49
187.2 78.38
190.61 78.28
194.08 78.19
197.61 78.09
201.21 78.01
204.87 77.92
208.6 77.84
212.39 77.76
216.26 77.69
220.19 77.61
224.2 77.54
228.28 77.48
232.44 77.42
236.67 77.36
240.97 77.31
245.36 77.26
249.82 77.22
254.37 77.18
259 77.14
263.71 77.11
268.51 77.07
273.4 77.04
278.38 77.01
283.44 76.98
288.6 76.94
293.85 76.91
299.2 76.88
304.65 76.85
310.19 76.82
315.84 76.79
321.59 76.76
327.44 76.73
333.4 76.70
339.47 76.67
345.64 76.64
351.93 76.61
358.34 76.58
364.86 76.54
371.5 76.51
378.26 76.48
385.15 76.44
392.16 76.41
399.29 76.38
406.56 76.35
413.96 76.32
421.49 76.29
429.16 76.25
436.97 76.22
444.93 76.18
453.02 76.14
461.27 76.10
469.66 76.06
478.21 76.01
486.91 75.97
495.78 75.93
504.8 75.89
513.99 75.84
523.34 75.79
532.87 75.74
542.56 75.69
552.44 75.64
562.49 75.58
572.73 75.53
583.15 75.47
593.77 75.42
604.57 75.37
615.57 75.31
626.78 75.26
638.18 75.21
649.8 75.16
661.63 75.11
673.67 75.06
685.93 75.01
698.41 74.96
711.12 74.91
724.06 74.86
737.24 74.81
750.66 74.76
764.32 74.72
778.23 74.68
792.39 74.65
806.82 74.63
821.5 74.61
836.45 74.60
851.67 74.60
867.17 74.60
882.96 74.61
899.02 74.62
915.39 74.65
932.05 74.69
949.01 74.75
966.28 74.82
983.87 74.91
1001.77 75.01
1020 75.13
1038.57 75.26
1057.47 75.41
1076.71 75.58
1096.31 75.75
1116.26 75.94
1136.58 76.14
1157.26 76.35
1178.32 76.57
1199.77 76.79
1221.6 77.01
1243.84 77.23
1266.47 77.44
1289.52 77.64
1312.99 77.84
1336.89 78.02
1361.22 78.19
1385.99 78.35
1411.22 78.50
1436.9 78.64
1463.05 78.77
1489.68 78.91
1516.79 79.04
1544.4 79.17
1572.5 79.30
1601.12 79.43
1630.26 79.57
1659.93 79.71
1690.14 79.86
1720.9 80.01
1752.22 80.17
1784.11 80.33
1816.58 80.50
1849.64 80.69
1883.3 80.89
1917.58 81.11
1952.48 81.33
1988.01 81.56
2024.19 81.79
2061.03 82.03
2098.54 82.28
2136.73 82.53
2175.62 82.79
2215.22 83.06
2255.53 83.34
2296.58 83.64
2338.38 83.94
2380.94 84.25
2424.27 84.56
2468.39 84.85
2513.31 85.14
2559.05 85.39
2605.63 85.62
2653.05 85.82
2701.33 85.99
2750.5 86.11
2800.55 86.20
2851.52 86.24
2903.42 86.23
2956.26 86.19
3010.06 86.10
3064.85 85.97
3120.62 85.82
3177.42 85.64
3235.25 85.47
3294.13 85.28
3354.08 85.11
3415.12 84.94
3477.27 84.78
3540.56 84.63
3605 84.49
3670.6 84.36
3737.41 84.24
3805.43 84.12
3874.68 84.00
3945.2 83.87
4017 83.73
4090.11 83.59
4164.55 83.43
4240.34 83.26
4317.51 83.08
4396.09 82.90
4476.1 82.73
4557.56 82.58
4640.5 82.47
4724.96 82.39
4810.95 82.37
4898.51 82.40
4987.66 82.51
5078.43 82.71
5170.86 83.00
5264.97 83.40
5360.79 83.91
5458.35 84.53
5557.69 85.21
5658.84 85.91
5761.82 86.54
5866.69 87.00
5973.46 87.18
6082.17 86.95
6192.87 86.25
6305.57 85.08
6420.33 83.51
6537.18 81.69
6656.15 79.80
6777.29 78.07
6900.63 76.65
7026.22 75.63
7154.1 75.00
7284.3 74.66
7416.87 74.52
7551.85 74.48
7689.29 74.49
7829.23 74.51
7971.72 74.54
8116.8 74.60
8264.53 74.72
8414.94 74.92
8568.09 75.23
8724.02 75.65
8882.79 76.15
9044.46 76.67
9209.06 77.11
9376.66 77.36
9547.31 77.29
9721.07 76.82
9897.99 75.90
10078.13 74.60
10261.55 73.03
10448.3 71.32
10638.45 69.60
10832.07 67.96
11029.21 66.47
11229.94 65.17
11434.32 64.12
11642.41 63.35
11854.3 62.88
12070.04 62.76
12289.71 62.98
12513.38 63.54
12741.12 64.37
12973 65.40
13209.1 66.49
13449.5 67.51
13694.28 68.31
13943.51 68.81
14197.27 68.95
14455.66 68.79
14718.74 68.44
14986.62 68.03
15259.37 67.69
15537.08 67.52
15819.85 67.55
16107.76 67.76
16400.92 68.07
16699.41 68.34
17003.33 68.44
17312.78 68.22
17627.86 67.60
17948.68 66.53
18275.34 65.06
18607.94 63.25
18946.6 61.16
19291.42 58.91
19642.52 56.58
20000 54.24
