20 81.60
20.36 81.65
20.73 81.70
21.11 81.75
21.5 81.79
21.89 81.84
22.29 81.89
22.69 81.93
23.1 81.98
23.52 82.03
23.95 82.07
24.39 82.12
24.83 82.16
25.28 82.21
25.74 82.26
26.21 82.30
26.69 82.35
27.18 82.39
27.67 82.44
28.17 82.48
28.69 82.53
29.21 82.57
29.74 82.61
30.28 82.66
30.83 82.70
31.39 82.74
31.97 82.78
32.55 82.83
33.14 82.87
33.74 82.91
34.36 82.95
34.98 82.99
35.62 83.03
36.27 83.07
36.93 83.11
37.6 83.14
38.28 83.18
38.98 83.21
39.69 83.24
40.41 83.27
41.15 83.30
41.9 83.33
42.66 83.36
43.44 83.38
44.23 83.40
45.03 83.42
45.85 83.43
46.68 83.45
47.53 83.46
48.4 83.47
49.28 83.48
50.18 83.48
51.09 83.49
52.02 83.50
52.97 83.50
53.93 83.50
54.91 83.51
55.91 83.51
56.93 83.52
57.97 83.52
59.02 83.53
60.09 83.53
61.19 83.54
62.3 83.54
63.44 83.55
64.59 83.55
65.77 83.56
66.96 83.56
68.18 83.56
69.42 83.56
70.69 83.56
71.97 83.55
73.28 83.54
74.62 83.53
75.97 83.52
77.36 83.50
78.76 83.48
80.2 83.47
81.66 83.45
83.14 83.44
84.66 83.42
86.2 83.40
87.77 83.39
89.36 83.38
90.99 83.36
92.65 83.34
94.33 83.33
96.05 83.31
97.8 83.30
99.58 83.28
101.39 83.25
103.23 83.23
105.11 83.21
107.03 83.18
108.97 83.16
110.96 83.13
112.98 83.11
115.03 83.08
117.13 83.05
119.26 83.02
121.43 82.99
123.64 82.96
125.89 82.92
128.18 82.89
130.51 82.86
132.89 82.82
135.31 82.78
137.77 82.75
140.28 82.71
142.83 82.67
145.43 82.63
148.07 82.60
150.77 82.56
153.51 82.53
156.31 82.49
159.15 82.45
162.05 82.42
165 82.37
168 82.33
171.06 82.29
174.17 82.24
177.34 82.18
180.57 82.13
183.86 82.07
187.2 82.01
190.61 81.95
194.08 81.89
197.61 81.82
201.21 81.76
204.87 81.70
208.6 81.64
212.39 81.58
216.26 81.52
220.19 81.47
224.2 81.41
228.28 81.35
232.44 81.30
236.67 81.24
240.97 81.18
245.36 81.11
249.82 81.05
254.37 80.98
259 80.91
263.71 80.83
268.51 80.76
273.4 80.68
278.38 80.61
283.44 80.53
288.6 80.45
293.85 80.38
299.2 80.30
304.65 80.23
310.19 80.15
315.84 80.08
321.59 80.00
327.44 79.92
333.4 79.84
339.47 79.76
345.64 79.68
351.93 79.60
358.34 79.51
364.86 79.43
371.5 79.34
378.26 79.26
385.15 79.17
392.16 79.08
399.29 78.99
406.56 78.89
413.96 78.80
421.49 78.71
429.16 78.62
436.97 78.53
444.93 78.44
453.02 78.35
461.27 78.25
469.66 78.16
478.21 78.06
486.91 77.97
495.78 77.87
504.8 77.78
513.99 77.68
523.34 77.58
532.87 77.48
542.56 77.38
552.44 77.28
562.49 77.17
572.73 77.07
583.15 76.97
593.77 76.87
604.57 76.78
615.57 76.68
626.78 76.58
638.18 76.49
649.8 76.39
661.63 76.30
673.67 76.20
685.93 76.11
698.41 76.02
711.12 75.93
724.06 75.84
737.24 75.75
750.66 75.65
764.32 75.56
778.23 75.47
792.39 75.39
806.82 75.31
821.5 75.23
836.45 75.16
851.67 75.10
867.17 75.05
882.96 75.00
899.02 74.97
915.39 74.95
932.05 74.93
949.01 74.93
966.28 74.94
983.87 74.96
1001.77 75.00
1020 75.06
1038.57 75.14
1057.47 75.25
1076.71 75.37
1096.31 75.52
1116.26 75.70
1136.58 75.89
1157.26 76.12
1178.32 76.36
1199.77 76.62
1221.6 76.87
1243.84 77.12
1266.47 77.36
1289.52 77.58
1312.99 77.77
1336.89 77.94
1361.22 78.09
1385.99 78.21
1411.22 78.31
1436.9 78.39
1463.05 78.46
1489.68 78.52
1516.79 78.58
1544.4 78.64
1572.5 78.70
1601.12 78.77
1630.26 78.84
1659.93 78.92
1690.14 79.01
1720.9 79.10
1752.22 79.20
1784.11 79.31
1816.58 79.42
1849.64 79.53
1883.3 79.64
1917.58 79.75
1952.48 79.86
1988.01 79.96
2024.19 80.05
2061.03 80.12
2098.54 80.18
2136.73 80.22
2175.62 80.26
2215.22 80.28
2255.53 80.30
2296.58 80.33
2338.38 80.36
2380.94 80.40
2424.27 80.45
2468.39 80.51
2513.31 80.56
2559.05 80.58
2605.63 80.57
2653.05 80.51
2701.33 80.37
2750.5 80.16
2800.55 79.86
2851.52 79.47
2903.42 78.99
2956.26 78.45
3010.06 77.84
3064.85 77.20
3120.62 76.55
3177.42 75.94
3235.25 75.40
3294.13 75.01
3354.08 74.80
3415.12 74.83
3477.27 75.13
3540.56 75.68
3605 76.42
3670.6 77.28
3737.41 78.13
3805.43 78.84
3874.68 79.32
3945.2 79.53
4017 79.50
4090.11 79.28
4164.55 78.95
4240.34 78.57
4317.51 78.22
4396.09 77.95
4476.1 77.80
4557.56 77.80
4640.5 77.95
4724.96 78.25
4810.95 78.68
4898.51 79.20
4987.66 79.75
5078.43 80.27
5170.86 80.67
5264.97 80.91
5360.79 80.92
5458.35 80.70
5557.69 80.28
5658.84 79.72
5761.82 79.10
5866.69 78.47
5973.46 77.90
6082.17 77.43
6192.87 77.10
6305.57 76.95
6420.33 77.01
6537.18 77.31
6656.15 77.84
6777.29 78.63
6900.63 79.64
7026.22 80.83
7154.1 82.15
7284.3 83.50
7416.87 84.77
7551.85 85.88
7689.29 86.73
7829.23 87.28
7971.72 87.51
8116.8 87.42
8264.53 87.02
8414.94 86.30
8568.09 85.27
8724.02 83.97
8882.79 82.47
9044.46 80.94
9209.06 79.49
9376.66 78.23
9547.31 77.18
9721.07 76.31
9897.99 75.51
10078.13 74.66
10261.55 73.63
10448.3 72.34
10638.45 70.80
10832.07 69.08
11029.21 67.31
11229.94 65.67
11434.32 64.31
11642.41 63.33
11854.3 62.80
12070.04 62.71
12289.71 63.01
12513.38 63.59
12741.12 64.33
12973 65.12
13209.1 65.89
13449.5 66.61
13694.28 67.22
13943.51 67.63
14197.27 67.73
14455.66 67.40
14718.74 66.53
14986.62 65.06
15259.37 63.05
15537.08 60.66
15819.85 58.20
16107.76 56.13
16400.92 54.94
16699.41 55.04
17003.33 56.54
17312.78 59.19
17627.86 62.45
17948.68 65.74
18275.34 68.58
18607.94 70.69
18946.6 72.03
19291.42 72.78
19642.52 73.19
20000 73.50
