20 79.49
20.36 79.60
20.73 79.70
21.11 79.81
21.5 79.92
21.89 80.03
22.29 80.13
22.69 80.24
23.1 80.34
23.52 80.44
23.95 80.55
24.39 80.65
24.83 80.75
25.28 80.85
25.74 80.95
26.21 81.05
26.69 81.14
27.18 81.24
27.67 81.33
28.17 81.42
28.69 81.52
29.21 81.60
29.74 81.69
30.28 81.78
30.83 81.86
31.39 81.94
31.97 82.02
32.55 82.09
33.14 82.17
33.74 82.24
34.36 82.31
34.98 82.38
35.62 82.44
36.27 82.50
36.93 82.57
37.6 82.62
38.28 82.68
38.98 82.74
39.69 82.79
40.41 82.84
41.15 82.89
41.9 82.94
42.66 82.99
43.44 83.04
44.23 83.08
45.03 83.13
45.85 83.17
46.68 83.21
47.53 83.25
48.4 83.29
49.28 83.33
50.18 83.36
51.09 83.40
52.02 83.43
52.97 83.46
53.93 83.49
54.91 83.52
55.91 83.55
56.93 83.57
57.97 83.59
59.02 83.61
60.09 83.63
61.19 83.64
62.3 83.66
63.44 83.67
64.59 83.68
65.77 83.69
66.96 83.70
68.18 83.71
69.42 83.72
70.69 83.73
71.97 83.73
73.28 83.74
74.62 83.75
75.97 83.75
77.36 83.76
78.76 83.76
80.2 83.76
81.66 83.77
83.14 83.77
84.66 83.77
86.2 83.76
87.77 83.76
89.36 83.76
90.99 83.75
92.65 83.74
94.33 83.73
96.05 83.72
97.8 83.70
99.58 83.69
101.39 83.67
103.23 83.65
105.11 83.62
107.03 83.60
108.97 83.57
110.96 83.54
112.98 83.51
115.03 83.47
117.13 83.44
119.26 83.40
121.43 83.36
123.64 83.32
125.89 83.29
128.18 83.25
130.51 83.21
132.89 83.17
135.31 83.14
137.77 83.10
140.28 83.06
142.83 83.03
145.43 82.99
148.07 82.95
150.77 82.91
153.51 82.86
156.31 82.81
159.15 82.76
162.05 82.71
165 82.66
168 82.60
171.06 82.54
174.17 82.49
177.34 82.44
180.57 82.39
183.86 82.33
187.2 82.28
190.61 82.23
194.08 82.17
197.61 82.11
201.21 82.04
204.87 81.97
208.6 81.90
212.39 81.83
216.26 81.76
220.19 81.69
224.2 81.62
228.28 81.56
232.44 81.48
236.67 81.41
240.97 81.34
245.36 81.26
249.82 81.18
254.37 81.09
259 81.01
263.71 80.92
268.51 80.84
273.4 80.76
278.38 80.67
283.44 80.58
288.6 80.49
293.85 80.39
299.2 80.30
304.65 80.20
310.19 80.10
315.84 80.01
321.59 79.91
327.44 79.81
333.4 79.72
339.47 79.62
345.64 79.52
351.93 79.43
358.34 79.34
364.86 79.25
371.5 79.15
378.26 79.06
385.15 78.96
392.16 78.86
399.29 78.76
406.56 78.66
413.96 78.56
421.49 78.45
429.16 78.36
436.97 78.26
444.93 78.16
453.02 78.06
461.27 77.97
469.66 77.88
478.21 77.79
486.91 77.70
495.78 77.62
504.8 77.54
513.99 77.45
523.34 77.37
532.87 77.28
542.56 77.19
552.44 77.09
562.49 77.00
572.73 76.91
583.15 76.82
593.77 76.72
604.57 76.63
615.57 76.54
626.78 76.44
638.18 76.35
649.8 76.26
661.63 76.18
673.67 76.10
685.93 76.03
698.41 75.96
711.12 75.89
724.06 75.83
737.24 75.77
750.66 75.71
764.32 75.65
778.23 75.59
792.39 75.53
806.82 75.46
821.5 75.39
836.45 75.30
851.67 75.19
867.17 75.08
882.96 74.97
899.02 74.87
915.39 74.80
932.05 74.77
949.01 74.79
966.28 74.84
983.87 74.92
1001.77 75.01
1020 75.11
1038.57 75.21
1057.47 75.32
1076.71 75.44
1096.31 75.58
1116.26 75.73
1136.58 75.89
1157.26 76.08
1178.32 76.29
1199.77 76.51
1221.6 76.74
1243.84 76.96
1266.47 77.17
1289.52 77.35
1312.99 77.49
1336.89 77.57
1361.22 77.58
1385.99 77.51
1411.22 77.40
1436.9 77.26
1463.05 77.16
1489.68 77.14
1516.79 77.20
1544.4 77.36
1572.5 77.57
1601.12 77.82
1630.26 78.08
1659.93 78.35
1690.14 78.61
1720.9 78.86
1752.22 79.09
1784.11 79.33
1816.58 79.56
1849.64 79.81
1883.3 80.05
1917.58 80.31
1952.48 80.56
1988.01 80.83
2024.19 81.11
2061.03 81.39
2098.54 81.69
2136.73 82.00
2175.62 82.32
2215.22 82.65
2255.53 83.00
2296.58 83.36
2338.38 83.74
2380.94 84.12
2424.27 84.51
2468.39 84.90
2513.31 85.27
2559.05 85.62
2605.63 85.96
2653.05 86.27
2701.33 86.55
2750.5 86.79
2800.55 87.00
2851.52 87.15
2903.42 87.25
2956.26 87.30
3010.06 87.30
3064.85 87.26
3120.62 87.19
3177.42 87.09
3235.25 86.97
3294.13 86.84
3354.08 86.70
3415.12 86.55
3477.27 86.41
3540.56 86.28
3605 86.17
3670.6 86.08
3737.41 86.01
3805.43 85.97
3874.68 85.97
3945.2 85.99
4017 86.04
4090.11 86.12
4164.55 86.22
4240.34 86.35
4317.51 86.49
4396.09 86.63
4476.1 86.76
4557.56 86.86
4640.5 86.90
4724.96 86.88
4810.95 86.78
4898.51 86.59
4987.66 86.31
5078.43 85.94
5170.86 85.47
5264.97 84.93
5360.79 84.32
5458.35 83.67
5557.69 83.00
5658.84 82.34
5761.82 81.70
5866.69 81.09
5973.46 80.53
6082.17 80.03
6192.87 79.60
6305.57 79.25
6420.33 79.01
6537.18 78.89
6656.15 78.88
6777.29 79.00
6900.63 79.24
7026.22 79.61
7154.1 80.07
7284.3 80.60
7416.87 81.15
7551.85 81.62
7689.29 81.93
7829.23 81.96
7971.72 81.64
8116.8 80.93
8264.53 79.85
8414.94 78.46
8568.09 76.88
8724.02 75.24
8882.79 73.64
9044.46 72.13
9209.06 70.76
9376.66 69.54
9547.31 68.47
9721.07 67.54
9897.99 66.75
10078.13 66.10
10261.55 65.59
10448.3 65.23
10638.45 65.03
10832.07 64.99
11029.21 65.12
11229.94 65.45
11434.32 65.95
11642.41 66.64
11854.3 67.46
12070.04 68.37
12289.71 69.29
12513.38 70.14
12741.12 70.83
12973 71.29
13209.1 71.45
13449.5 71.27
13694.28 70.74
13943.51 69.87
14197.27 68.74
14455.66 67.44
14718.74 66.10
14986.62 64.82
15259.37 63.70
15537.08 62.82
15819.85 62.26
16107.76 62.05
16400.92 62.20
16699.41 62.66
17003.33 63.34
17312.78 64.09
17627.86 64.75
17948.68 65.16
18275.34 65.20
18607.94 64.84
18946.6 64.16
19291.42 63.26
19642.52 62.26
20000 61.24
