20 77.86
20.36 77.97
20.73 78.09
21.11 78.21
21.5 78.32
21.89 78.44
22.29 78.55
22.69 78.66
23.1 78.77
23.52 78.88
23.95 78.99
24.39 79.10
24.83 79.20
25.28 79.30
25.74 79.41
26.21 79.50
26.69 79.60
27.18 79.69
27.67 79.78
28.17 79.87
28.69 79.96
29.21 80.04
29.74 80.12
30.28 80.20
30.83 80.27
31.39 80.34
31.97 80.41
32.55 80.47
33.14 80.52
33.74 80.58
34.36 80.63
34.98 80.67
35.62 80.72
36.27 80.75
36.93 80.79
37.6 80.82
38.28 80.85
38.98 80.87
39.69 80.89
40.41 80.91
41.15 80.93
41.9 80.94
42.66 80.95
43.44 80.95
44.23 80.96
45.03 80.96
45.85 80.96
46.68 80.95
47.53 80.95
48.4 80.94
49.28 80.93
50.18 80.91
51.09 80.90
52.02 80.88
52.97 80.86
53.93 80.84
54.91 80.81
55.91 80.78
56.93 80.76
57.97 80.73
59.02 80.69
60.09 80.66
61.19 80.62
62.3 80.58
63.44 80.54
64.59 80.50
65.77 80.46
66.96 80.41
68.18 80.37
69.42 80.32
70.69 80.27
71.97 80.22
73.28 80.16
74.62 80.11
75.97 80.05
77.36 79.99
78.76 79.93
80.2 79.87
81.66 79.80
83.14 79.73
84.66 79.66
86.2 79.59
87.77 79.52
89.36 79.44
90.99 79.36
92.65 79.28
94.33 79.19
96.05 79.11
97.8 79.02
99.58 78.93
101.39 78.84
103.23 78.75
105.11 78.65
107.03 78.56
108.97 78.46
110.96 78.37
112.98 78.28
115.03 78.19
117.13 78.10
119.26 78.01
121.43 77.91
123.64 77.82
125.89 77.73
128.18 77.63
130.51 77.54
132.89 77.44
135.31 77.34
137.77 77.25
140.28 77.15
142.83 77.05
145.43 76.95
148.07 76.86
150.77 76.76
153.51 76.66
156.31 76.56
159.15 76.47
162.05 76.37
165 76.27
168 76.17
171.06 76.06
174.17 75.96
177.34 75.86
180.57 75.75
183.86 75.65
187.2 75.55
190.61 75.45
194.08 75.35
197.61 75.25
201.21 75.16
204.87 75.06
208.6 74.97
212.39 74.87
216.26 74.78
220.19 74.68
224.2 74.59
228.28 74.50
232.44 74.40
236.67 74.31
240.97 74.22
245.36 74.12
249.82 74.03
254.37 73.94
259 73.85
263.71 73.75
268.51 73.66
273.4 73.57
278.38 73.48
283.44 73.39
288.6 73.30
293.85 73.21
299.2 73.11
304.65 73.03
310.19 72.94
315.84 72.86
321.59 72.78
327.44 72.70
333.4 72.62
339.47 72.55
345.64 72.48
351.93 72.40
358.34 72.33
364.86 72.27
371.5 72.21
378.26 72.16
385.15 72.11
392.16 72.08
399.29 72.05
406.56 72.02
413.96 71.99
421.49 71.97
429.16 71.95
436.97 71.92
444.93 71.89
453.02 71.87
461.27 71.84
469.66 71.80
478.21 71.77
486.91 71.73
495.78 71.69
504.8 71.65
513.99 71.60
523.34 71.56
532.87 71.53
542.56 71.50
552.44 71.47
562.49 71.46
572.73 71.46
583.15 71.47
593.77 71.48
604.57 71.50
615.57 71.52
626.78 71.55
638.18 71.58
649.8 71.61
661.63 71.64
673.67 71.67
685.93 71.71
698.41 71.75
711.12 71.80
724.06 71.86
737.24 71.94
750.66 72.02
764.32 72.12
778.23 72.23
792.39 72.35
806.82 72.48
821.5 72.62
836.45 72.78
851.67 72.95
867.17 73.13
882.96 73.32
899.02 73.53
915.39 73.74
932.05 73.97
949.01 74.21
966.28 74.47
983.87 74.74
1001.77 75.03
1020 75.34
1038.57 75.67
1057.47 76.03
1076.71 76.40
1096.31 76.79
1116.26 77.19
1136.58 77.59
1157.26 78.01
1178.32 78.44
1199.77 78.87
1221.6 79.30
1243.84 79.71
1266.47 80.11
1289.52 80.51
1312.99 80.89
1336.89 81.27
1361.22 81.63
1385.99 81.98
1411.22 82.31
1436.9 82.63
1463.05 82.92
1489.68 83.21
1516.79 83.48
1544.4 83.73
1572.5 83.96
1601.12 84.18
1630.26 84.38
1659.93 84.58
1690.14 84.75
1720.9 84.91
1752.22 85.05
1784.11 85.17
1816.58 85.27
1849.64 85.36
1883.3 85.44
1917.58 85.50
1952.48 85.55
1988.01 85.59
2024.19 85.62
2061.03 85.64
2098.54 85.67
2136.73 85.69
2175.62 85.71
2215.22 85.72
2255.53 85.74
2296.58 85.77
2338.38 85.79
2380.94 85.83
2424.27 85.86
2468.39 85.91
2513.31 85.95
2559.05 85.99
2605.63 86.03
2653.05 86.08
2701.33 86.12
2750.5 86.16
2800.55 86.20
2851.52 86.24
2903.42 86.26
2956.26 86.28
3010.06 86.27
3064.85 86.26
3120.62 86.22
3177.42 86.17
3235.25 86.09
3294.13 85.98
3354.08 85.84
3415.12 85.67
3477.27 85.46
3540.56 85.23
3605 84.97
3670.6 84.69
3737.41 84.41
3805.43 84.13
3874.68 83.89
3945.2 83.67
4017 83.52
4090.11 83.42
4164.55 83.38
4240.34 83.41
4317.51 83.49
4396.09 83.64
4476.1 83.85
4557.56 84.10
4640.5 84.39
4724.96 84.72
4810.95 85.05
4898.51 85.36
4987.66 85.61
5078.43 85.76
5170.86 85.77
5264.97 85.63
5360.79 85.31
5458.35 84.82
5557.69 84.18
5658.84 83.44
5761.82 82.64
5866.69 81.82
5973.46 81.00
6082.17 80.22
6192.87 79.50
6305.57 78.88
6420.33 78.35
6537.18 77.94
6656.15 77.64
6777.29 77.47
6900.63 77.44
7026.22 77.54
7154.1 77.78
7284.3 78.13
7416.87 78.56
7551.85 79.01
7689.29 79.41
7829.23 79.66
7971.72 79.66
8116.8 79.34
8264.53 78.69
8414.94 77.73
8568.09 76.58
8724.02 75.33
8882.79 74.11
9044.46 72.98
9209.06 71.99
9376.66 71.16
9547.31 70.48
9721.07 69.95
9897.99 69.52
10078.13 69.16
10261.55 68.85
10448.3 68.54
10638.45 68.21
10832.07 67.81
11029.21 67.32
11229.94 66.75
11434.32 66.11
11642.41 65.46
11854.3 64.84
12070.04 64.31
12289.71 63.94
12513.38 63.72
12741.12 63.67
12973 63.75
13209.1 63.90
13449.5 64.08
13694.28 64.24
13943.51 64.38
14197.27 64.50
14455.66 64.62
14718.74 64.79
14986.62 65.02
15259.37 65.33
15537.08 65.70
15819.85 66.10
16107.76 66.50
16400.92 66.88
16699.41 67.20
17003.33 67.48
17312.78 67.71
17627.86 67.88
17948.68 67.96
18275.34 67.90
18607.94 67.69
18946.6 67.32
19291.42 66.81
19642.52 66.20
20000 65.56
