20 74.86
20.36 74.93
20.73 75.00
21.11 75.08
21.5 75.15
21.89 75.22
22.29 75.30
22.69 75.37
23.1 75.44
23.52 75.51
23.95 75.59
24.39 75.66
24.83 75.73
25.28 75.80
25.74 75.87
26.21 75.94
26.69 76.01
27.18 76.08
27.67 76.16
28.17 76.22
28.69 76.29
29.21 76.36
29.74 76.43
30.28 76.50
30.83 76.56
31.39 76.63
31.97 76.69
32.55 76.76
33.14 76.83
33.74 76.89
34.36 76.95
34.98 77.02
35.62 77.08
36.27 77.14
36.93 77.20
37.6 77.26
38.28 77.31
38.98 77.37
39.69 77.43
40.41 77.48
41.15 77.53
41.9 77.59
42.66 77.64
43.44 77.69
44.23 77.74
45.03 77.78
45.85 77.83
46.68 77.87
47.53 77.92
48.4 77.96
49.28 78.00
50.18 78.04
51.09 78.08
52.02 78.12
52.97 78.16
53.93 78.19
54.91 78.23
55.91 78.27
56.93 78.30
57.97 78.34
59.02 78.37
60.09 78.41
61.19 78.44
62.3 78.47
63.44 78.50
64.59 78.53
65.77 78.56
66.96 78.58
68.18 78.60
69.42 78.62
70.69 78.63
71.97 78.64
73.28 78.64
74.62 78.64
75.97 78.63
77.36 78.62
78.76 78.61
80.2 78.60
81.66 78.59
83.14 78.58
84.66 78.58
86.2 78.58
87.77 78.58
89.36 78.59
90.99 78.60
92.65 78.60
94.33 78.61
96.05 78.61
97.8 78.61
99.58 78.61
101.39 78.60
103.23 78.59
105.11 78.58
107.03 78.56
108.97 78.54
110.96 78.52
112.98 78.50
115.03 78.48
117.13 78.45
119.26 78.43
121.43 78.40
123.64 78.37
125.89 78.33
128.18 78.30
130.51 78.26
132.89 78.22
135.31 78.19
137.77 78.15
140.28 78.11
142.83 78.08
145.43 78.04
148.07 78.01
150.77 77.98
153.51 77.95
156.31 77.93
159.15 77.90
162.05 77.87
165 77.84
168 77.80
171.06 77.76
174.17 77.72
177.34 77.67
180.57 77.63
183.86 77.58
187.2 77.53
190.61 77.49
194.08 77.44
197.61 77.39
201.21 77.34
204.87 77.29
208.6 77.24
212.39 77.19
216.26 77.14
220.19 77.09
224.2 77.05
228.28 77.00
232.44 76.96
236.67 76.92
240.97 76.88
245.36 76.83
249.82 76.79
254.37 76.74
259 76.69
263.71 76.64
268.51 76.59
273.4 76.55
278.38 76.50
283.44 76.46
288.6 76.41
293.85 76.37
299.2 76.33
304.65 76.28
310.19 76.24
315.84 76.20
321.59 76.16
327.44 76.12
333.4 76.08
339.47 76.04
345.64 76.00
351.93 75.96
358.34 75.92
364.86 75.89
371.5 75.85
378.26 75.81
385.15 75.78
392.16 75.73
399.29 75.69
406.56 75.65
413.96 75.61
421.49 75.57
429.16 75.54
436.97 75.50
444.93 75.46
453.02 75.42
461.27 75.39
469.66 75.35
478.21 75.31
486.91 75.27
495.78 75.23
504.8 75.19
513.99 75.16
523.34 75.12
532.87 75.08
542.56 75.05
552.44 75.01
562.49 74.98
572.73 74.95
583.15 74.92
593.77 74.89
604.57 74.86
615.57 74.83
626.78 74.81
638.18 74.78
649.8 74.75
661.63 74.72
673.67 74.69
685.93 74.66
698.41 74.63
711.12 74.60
724.06 74.58
737.24 74.56
750.66 74.54
764.32 74.53
778.23 74.52
792.39 74.51
806.82 74.50
821.5 74.50
836.45 74.50
851.67 74.50
867.17 74.52
882.96 74.55
899.02 74.58
915.39 74.62
932.05 74.68
949.01 74.74
966.28 74.82
983.87 74.91
1001.77 75.01
1020 75.13
1038.57 75.27
1057.47 75.42
1076.71 75.59
1096.31 75.77
1116.26 75.96
1136.58 76.16
1157.26 76.38
1178.32 76.59
1199.77 76.81
1221.6 77.03
1243.84 77.24
1266.47 77.44
1289.52 77.63
1312.99 77.82
1336.89 77.99
1361.22 78.16
1385.99 78.32
1411.22 78.47
1436.9 78.62
1463.05 78.77
1489.68 78.91
1516.79 79.04
1544.4 79.17
1572.5 79.30
1601.12 79.43
1630.26 79.56
1659.93 79.70
1690.14 79.84
1720.9 79.99
1752.22 80.15
1784.11 80.31
1816.58 80.49
1849.64 80.67
1883.3 80.86
1917.58 81.05
1952.48 81.24
1988.01 81.43
2024.19 81.61
2061.03 81.78
2098.54 81.95
2136.73 82.10
2175.62 82.25
2215.22 82.37
2255.53 82.49
2296.58 82.59
2338.38 82.67
2380.94 82.74
2424.27 82.79
2468.39 82.82
2513.31 82.84
2559.05 82.84
2605.63 82.84
2653.05 82.81
2701.33 82.78
2750.5 82.74
2800.55 82.68
2851.52 82.61
2903.42 82.52
2956.26 82.43
3010.06 82.33
3064.85 82.22
3120.62 82.11
3177.42 81.99
3235.25 81.86
3294.13 81.74
3354.08 81.60
3415.12 81.46
3477.27 81.31
3540.56 81.16
3605 81.00
3670.6 80.84
3737.41 80.68
3805.43 80.50
3874.68 80.33
3945.2 80.15
4017 79.97
4090.11 79.79
4164.55 79.61
4240.34 79.44
4317.51 79.29
4396.09 79.15
4476.1 79.03
4557.56 78.93
4640.5 78.85
4724.96 78.80
4810.95 78.78
4898.51 78.78
4987.66 78.81
5078.43 78.87
5170.86 78.96
5264.97 79.07
5360.79 79.21
5458.35 79.37
5557.69 79.57
5658.84 79.82
5761.82 80.11
5866.69 80.45
5973.46 80.83
6082.17 81.22
6192.87 81.56
6305.57 81.83
6420.33 82.00
6537.18 82.07
6656.15 82.04
6777.29 81.97
6900.63 81.88
7026.22 81.83
7154.1 81.86
7284.3 81.98
7416.87 82.18
7551.85 82.41
7689.29 82.56
7829.23 82.53
7971.72 82.20
8116.8 81.47
8264.53 80.33
8414.94 78.83
8568.09 77.09
8724.02 75.26
8882.79 73.46
9044.46 71.78
9209.06 70.28
9376.66 68.98
9547.31 67.89
9721.07 66.98
9897.99 66.23
10078.13 65.59
10261.55 65.06
10448.3 64.59
10638.45 64.17
10832.07 63.71
11029.21 63.14
11229.94 62.40
11434.32 61.46
11642.41 60.34
11854.3 59.11
12070.04 57.88
12289.71 56.75
12513.38 55.79
12741.12 55.03
12973 54.45
13209.1 53.99
13449.5 53.58
13694.28 53.16
13943.51 52.74
14197.27 52.34
14455.66 52.03
14718.74 51.89
14986.62 52.00
15259.37 52.38
15537.08 53.04
15819.85 53.92
16107.76 54.91
16400.92 55.85
16699.41 56.58
17003.33 56.97
17312.78 57.02
17627.86 56.85
17948.68 56.71
18275.34 56.78
18607.94 57.09
18946.6 57.52
19291.42 58.00
19642.52 58.46
20000 58.91
