20 81.64
20.36 81.69
20.73 81.74
21.11 81.79
21.5 81.84
21.89 81.89
22.29 81.94
22.69 81.98
23.1 82.03
23.52 82.07
23.95 82.12
24.39 82.16
24.83 82.20
25.28 82.24
25.74 82.28
26.21 82.32
26.69 82.36
27.18 82.39
27.67 82.42
28.17 82.45
28.69 82.48
29.21 82.51
29.74 82.53
30.28 82.56
30.83 82.58
31.39 82.59
31.97 82.61
32.55 82.62
33.14 82.63
33.74 82.63
34.36 82.64
34.98 82.64
35.62 82.64
36.27 82.64
36.93 82.64
37.6 82.63
38.28 82.62
38.98 82.62
39.69 82.61
40.41 82.61
41.15 82.60
41.9 82.59
42.66 82.58
43.44 82.58
44.23 82.57
45.03 82.57
45.85 82.57
46.68 82.57
47.53 82.56
48.4 82.56
49.28 82.57
50.18 82.57
51.09 82.57
52.02 82.57
52.97 82.57
53.93 82.57
54.91 82.58
55.91 82.58
56.93 82.58
57.97 82.57
59.02 82.57
60.09 82.57
61.19 82.56
62.3 82.55
63.44 82.55
64.59 82.53
65.77 82.52
66.96 82.50
68.18 82.49
69.42 82.46
70.69 82.44
71.97 82.41
73.28 82.38
74.62 82.35
75.97 82.31
77.36 82.27
78.76 82.23
80.2 82.19
81.66 82.14
83.14 82.10
84.66 82.05
86.2 82.01
87.77 81.97
89.36 81.92
90.99 81.88
92.65 81.83
94.33 81.79
96.05 81.75
97.8 81.70
99.58 81.66
101.39 81.62
103.23 81.58
105.11 81.54
107.03 81.50
108.97 81.46
110.96 81.42
112.98 81.38
115.03 81.34
117.13 81.30
119.26 81.25
121.43 81.20
123.64 81.15
125.89 81.09
128.18 81.03
130.51 80.97
132.89 80.90
135.31 80.83
137.77 80.76
140.28 80.70
142.83 80.63
145.43 80.57
148.07 80.50
150.77 80.44
153.51 80.39
156.31 80.33
159.15 80.27
162.05 80.22
165 80.16
168 80.11
171.06 80.06
174.17 80.00
177.34 79.94
180.57 79.87
183.86 79.80
187.2 79.73
190.61 79.66
194.08 79.58
197.61 79.50
201.21 79.43
204.87 79.35
208.6 79.28
212.39 79.20
216.26 79.13
220.19 79.05
224.2 78.97
228.28 78.89
232.44 78.82
236.67 78.74
240.97 78.66
245.36 78.59
249.82 78.52
254.37 78.45
259 78.38
263.71 78.32
268.51 78.25
273.4 78.18
278.38 78.11
283.44 78.04
288.6 77.96
293.85 77.88
299.2 77.80
304.65 77.72
310.19 77.64
315.84 77.56
321.59 77.48
327.44 77.41
333.4 77.34
339.47 77.27
345.64 77.20
351.93 77.13
358.34 77.06
364.86 76.98
371.5 76.90
378.26 76.82
385.15 76.74
392.16 76.66
399.29 76.59
406.56 76.51
413.96 76.44
421.49 76.36
429.16 76.29
436.97 76.21
444.93 76.14
453.02 76.06
461.27 76.00
469.66 75.93
478.21 75.87
486.91 75.81
495.78 75.76
504.8 75.71
513.99 75.66
523.34 75.62
532.87 75.57
542.56 75.53
552.44 75.48
562.49 75.44
572.73 75.39
583.15 75.33
593.77 75.28
604.57 75.22
615.57 75.16
626.78 75.10
638.18 75.04
649.8 74.97
661.63 74.92
673.67 74.86
685.93 74.81
698.41 74.77
711.12 74.72
724.06 74.69
737.24 74.65
750.66 74.62
764.32 74.59
778.23 74.57
792.39 74.55
806.82 74.53
821.5 74.52
836.45 74.52
851.67 74.51
867.17 74.52
882.96 74.53
899.02 74.56
915.39 74.59
932.05 74.65
949.01 74.72
966.28 74.80
983.87 74.90
1001.77 75.01
1020 75.14
1038.57 75.28
1057.47 75.44
1076.71 75.62
1096.31 75.81
1116.26 76.01
1136.58 76.22
1157.26 76.43
1178.32 76.65
1199.77 76.87
1221.6 77.09
1243.84 77.29
1266.47 77.49
1289.52 77.69
1312.99 77.89
1336.89 78.07
1361.22 78.26
1385.99 78.43
1411.22 78.61
1436.9 78.78
1463.05 78.94
1489.68 79.11
1516.79 79.28
1544.4 79.45
1572.5 79.62
1601.12 79.81
1630.26 80.00
1659.93 80.20
1690.14 80.41
1720.9 80.62
1752.22 80.84
1784.11 81.07
1816.58 81.32
1849.64 81.58
1883.3 81.86
1917.58 82.14
1952.48 82.44
1988.01 82.76
2024.19 83.09
2061.03 83.43
2098.54 83.79
2136.73 84.17
2175.62 84.57
2215.22 84.97
2255.53 85.39
2296.58 85.82
2338.38 86.24
2380.94 86.64
2424.27 87.00
2468.39 87.30
2513.31 87.53
2559.05 87.68
2605.63 87.75
2653.05 87.73
2701.33 87.62
2750.5 87.44
2800.55 87.19
2851.52 86.88
2903.42 86.53
2956.26 86.15
3010.06 85.75
3064.85 85.33
3120.62 84.92
3177.42 84.51
3235.25 84.13
3294.13 83.79
3354.08 83.50
3415.12 83.29
3477.27 83.17
3540.56 83.17
3605 83.31
3670.6 83.59
3737.41 84.00
3805.43 84.50
3874.68 85.05
3945.2 85.56
4017 85.98
4090.11 86.24
4164.55 86.32
4240.34 86.22
4317.51 86.01
4396.09 85.74
4476.1 85.53
4557.56 85.45
4640.5 85.56
4724.96 85.87
4810.95 86.32
4898.51 86.85
4987.66 87.36
5078.43 87.75
5170.86 87.94
5264.97 87.89
5360.79 87.59
5458.35 87.08
5557.69 86.44
5658.84 85.74
5761.82 85.05
5866.69 84.44
5973.46 83.93
6082.17 83.56
6192.87 83.33
6305.57 83.26
6420.33 83.33
6537.18 83.52
6656.15 83.76
6777.29 84.01
6900.63 84.18
7026.22 84.20
7154.1 84.02
7284.3 83.63
7416.87 83.05
7551.85 82.37
7689.29 81.68
7829.23 81.08
7971.72 80.66
8116.8 80.42
8264.53 80.36
8414.94 80.38
8568.09 80.36
8724.02 80.18
8882.79 79.73
9044.46 78.99
9209.06 78.03
9376.66 76.95
9547.31 75.86
9721.07 74.88
9897.99 74.07
10078.13 73.47
10261.55 73.11
10448.3 72.96
10638.45 72.99
10832.07 73.14
11029.21 73.35
11229.94 73.55
11434.32 73.67
11642.41 73.70
11854.3 73.62
12070.04 73.45
12289.71 73.24
12513.38 73.02
12741.12 72.83
12973 72.70
13209.1 72.62
13449.5 72.59
13694.28 72.57
13943.51 72.53
14197.27 72.39
14455.66 72.05
14718.74 71.42
14986.62 70.46
15259.37 69.20
15537.08 67.72
15819.85 66.14
16107.76 64.56
16400.92 63.02
16699.41 61.55
17003.33 60.13
17312.78 58.76
17627.86 57.40
17948.68 56.05
18275.34 54.75
18607.94 53.50
18946.6 52.32
19291.42 51.19
19642.52 50.09
20000 49.01
