20 72.06
20.36 72.18
20.73 72.30
21.11 72.41
21.5 72.53
21.89 72.65
22.29 72.77
22.69 72.89
23.1 73.00
23.52 73.12
23.95 73.23
24.39 73.35
24.83 73.46
25.28 73.57
25.74 73.68
26.21 73.79
26.69 73.90
27.18 74.01
27.67 74.11
28.17 74.22
28.69 74.32
29.21 74.42
29.74 74.52
30.28 74.62
30.83 74.72
31.39 74.81
31.97 74.90
32.55 74.99
33.14 75.08
33.74 75.17
34.36 75.25
34.98 75.33
35.62 75.41
36.27 75.49
36.93 75.56
37.6 75.64
38.28 75.71
38.98 75.78
39.69 75.85
40.41 75.91
41.15 75.98
41.9 76.04
42.66 76.10
43.44 76.16
44.23 76.22
45.03 76.27
45.85 76.33
46.68 76.38
47.53 76.43
48.4 76.48
49.28 76.53
50.18 76.57
51.09 76.62
52.02 76.66
52.97 76.70
53.93 76.75
54.91 76.79
55.91 76.83
56.93 76.87
57.97 76.91
59.02 76.95
60.09 76.99
61.19 77.03
62.3 77.06
63.44 77.10
64.59 77.14
65.77 77.17
66.96 77.20
68.18 77.23
69.42 77.26
70.69 77.28
71.97 77.31
73.28 77.33
74.62 77.35
75.97 77.36
77.36 77.38
78.76 77.39
80.2 77.40
81.66 77.42
83.14 77.42
84.66 77.44
86.2 77.44
87.77 77.45
89.36 77.46
90.99 77.47
92.65 77.48
94.33 77.48
96.05 77.48
97.8 77.48
99.58 77.48
101.39 77.48
103.23 77.47
105.11 77.46
107.03 77.45
108.97 77.45
110.96 77.44
112.98 77.44
115.03 77.44
117.13 77.44
119.26 77.44
121.43 77.43
123.64 77.43
125.89 77.42
128.18 77.40
130.51 77.38
132.89 77.36
135.31 77.34
137.77 77.32
140.28 77.30
142.83 77.27
145.43 77.25
148.07 77.22
150.77 77.19
153.51 77.17
156.31 77.15
159.15 77.12
162.05 77.10
165 77.07
168 77.04
171.06 77.01
174.17 76.98
177.34 76.95
180.57 76.92
183.86 76.89
187.2 76.86
190.61 76.83
194.08 76.80
197.61 76.76
201.21 76.72
204.87 76.68
208.6 76.63
212.39 76.59
216.26 76.54
220.19 76.49
224.2 76.43
228.28 76.37
232.44 76.31
236.67 76.25
240.97 76.19
245.36 76.12
249.82 76.06
254.37 75.99
259 75.93
263.71 75.86
268.51 75.80
273.4 75.73
278.38 75.66
283.44 75.59
288.6 75.52
293.85 75.45
299.2 75.38
304.65 75.30
310.19 75.22
315.84 75.14
321.59 75.06
327.44 74.98
333.4 74.90
339.47 74.82
345.64 74.74
351.93 74.66
358.34 74.58
364.86 74.49
371.5 74.41
378.26 74.32
385.15 74.23
392.16 74.14
399.29 74.05
406.56 73.96
413.96 73.86
421.49 73.76
429.16 73.66
436.97 73.56
444.93 73.46
453.02 73.36
461.27 73.26
469.66 73.17
478.21 73.08
486.91 73.00
495.78 72.92
504.8 72.85
513.99 72.78
523.34 72.72
532.87 72.66
542.56 72.61
552.44 72.56
562.49 72.52
572.73 72.49
583.15 72.46
593.77 72.43
604.57 72.42
615.57 72.41
626.78 72.42
638.18 72.43
649.8 72.45
661.63 72.48
673.67 72.52
685.93 72.56
698.41 72.62
711.12 72.69
724.06 72.76
737.24 72.83
750.66 72.91
764.32 73.00
778.23 73.08
792.39 73.18
806.82 73.28
821.5 73.39
836.45 73.51
851.67 73.63
867.17 73.75
882.96 73.88
899.02 74.01
915.39 74.16
932.05 74.31
949.01 74.48
966.28 74.65
983.87 74.83
1001.77 75.02
1020 75.22
1038.57 75.43
1057.47 75.66
1076.71 75.89
1096.31 76.14
1116.26 76.40
1136.58 76.65
1157.26 76.91
1178.32 77.17
1199.77 77.42
1221.6 77.68
1243.84 77.92
1266.47 78.16
1289.52 78.39
1312.99 78.61
1336.89 78.81
1361.22 79.01
1385.99 79.20
1411.22 79.39
1436.9 79.58
1463.05 79.76
1489.68 79.95
1516.79 80.14
1544.4 80.33
1572.5 80.52
1601.12 80.73
1630.26 80.95
1659.93 81.19
1690.14 81.43
1720.9 81.68
1752.22 81.94
1784.11 82.20
1816.58 82.48
1849.64 82.76
1883.3 83.04
1917.58 83.31
1952.48 83.56
1988.01 83.79
2024.19 84.00
2061.03 84.19
2098.54 84.33
2136.73 84.45
2175.62 84.54
2215.22 84.60
2255.53 84.63
2296.58 84.65
2338.38 84.65
2380.94 84.63
2424.27 84.61
2468.39 84.59
2513.31 84.56
2559.05 84.53
2605.63 84.50
2653.05 84.46
2701.33 84.39
2750.5 84.27
2800.55 84.09
2851.52 83.84
2903.42 83.47
2956.26 83.00
3010.06 82.40
3064.85 81.69
3120.62 80.89
3177.42 80.01
3235.25 79.08
3294.13 78.12
3354.08 77.13
3415.12 76.13
3477.27 75.13
3540.56 74.15
3605 73.23
3670.6 72.41
3737.41 71.71
3805.43 71.18
3874.68 70.85
3945.2 70.74
4017 70.85
4090.11 71.16
4164.55 71.63
4240.34 72.24
4317.51 72.92
4396.09 73.61
4476.1 74.27
4557.56 74.86
4640.5 75.35
4724.96 75.73
4810.95 76.01
4898.51 76.18
4987.66 76.26
5078.43 76.28
5170.86 76.25
5264.97 76.21
5360.79 76.16
5458.35 76.13
5557.69 76.13
5658.84 76.17
5761.82 76.27
5866.69 76.41
5973.46 76.60
6082.17 76.83
6192.87 77.07
6305.57 77.32
6420.33 77.57
6537.18 77.82
6656.15 78.08
6777.29 78.35
6900.63 78.62
7026.22 78.90
7154.1 79.19
7284.3 79.50
7416.87 79.86
7551.85 80.27
7689.29 80.72
7829.23 81.16
7971.72 81.50
8116.8 81.64
8264.53 81.46
8414.94 80.90
8568.09 79.95
8724.02 78.71
8882.79 77.28
9044.46 75.83
9209.06 74.48
9376.66 73.33
9547.31 72.43
9721.07 71.81
9897.99 71.45
10078.13 71.30
10261.55 71.30
10448.3 71.35
10638.45 71.38
10832.07 71.32
11029.21 71.13
11229.94 70.81
11434.32 70.40
11642.41 69.94
11854.3 69.45
12070.04 68.95
12289.71 68.41
12513.38 67.78
12741.12 67.04
12973 66.16
13209.1 65.14
13449.5 64.00
13694.28 62.77
13943.51 61.51
14197.27 60.31
14455.66 59.27
14718.74 58.44
14986.62 57.85
15259.37 57.53
15537.08 57.53
15819.85 57.89
16107.76 58.62
16400.92 59.61
16699.41 60.71
17003.33 61.76
17312.78 62.65
17627.86 63.36
17948.68 63.93
18275.34 64.38
18607.94 64.65
18946.6 64.70
19291.42 64.50
19642.52 64.10
20000 63.63
