20 76.72
20.36 76.75
20.73 76.78
21.11 76.82
21.5 76.85
21.89 76.88
22.29 76.92
22.69 76.95
23.1 76.98
23.52 77.01
23.95 77.04
24.39 77.08
24.83 77.11
25.28 77.13
25.74 77.16
26.21 77.19
26.69 77.22
27.18 77.25
27.67 77.27
28.17 77.30
28.69 77.32
29.21 77.35
29.74 77.37
30.28 77.39
30.83 77.41
31.39 77.43
31.97 77.45
32.55 77.47
33.14 77.49
33.74 77.50
34.36 77.52
34.98 77.53
35.62 77.54
36.27 77.55
36.93 77.56
37.6 77.57
38.28 77.58
38.98 77.58
39.69 77.58
40.41 77.59
41.15 77.59
41.9 77.59
42.66 77.59
43.44 77.58
44.23 77.58
45.03 77.57
45.85 77.56
46.68 77.56
47.53 77.55
48.4 77.53
49.28 77.52
50.18 77.51
51.09 77.49
52.02 77.48
52.97 77.46
53.93 77.45
54.91 77.43
55.91 77.42
56.93 77.40
57.97 77.38
59.02 77.37
60.09 77.36
61.19 77.34
62.3 77.33
63.44 77.31
64.59 77.29
65.77 77.28
66.96 77.26
68.18 77.24
69.42 77.22
70.69 77.20
71.97 77.17
73.28 77.15
74.62 77.12
75.97 77.09
77.36 77.06
78.76 77.03
80.2 77.01
81.66 76.98
83.14 76.97
84.66 76.95
86.2 76.94
87.77 76.93
89.36 76.92
90.99 76.92
92.65 76.91
94.33 76.90
96.05 76.89
97.8 76.88
99.58 76.87
101.39 76.85
103.23 76.82
105.11 76.80
107.03 76.77
108.97 76.75
110.96 76.72
112.98 76.70
115.03 76.67
117.13 76.65
119.26 76.62
121.43 76.60
123.64 76.57
125.89 76.54
128.18 76.51
130.51 76.48
132.89 76.45
135.31 76.42
137.77 76.39
140.28 76.36
142.83 76.33
145.43 76.31
148.07 76.28
150.77 76.27
153.51 76.25
156.31 76.23
159.15 76.21
162.05 76.19
165 76.17
168 76.14
171.06 76.11
174.17 76.08
177.34 76.05
180.57 76.02
183.86 75.98
187.2 75.95
190.61 75.92
194.08 75.89
197.61 75.86
201.21 75.83
204.87 75.81
208.6 75.78
212.39 75.75
216.26 75.72
220.19 75.69
224.2 75.66
228.28 75.63
232.44 75.59
236.67 75.56
240.97 75.53
245.36 75.49
249.82 75.45
254.37 75.42
259 75.38
263.71 75.34
268.51 75.30
273.4 75.26
278.38 75.22
283.44 75.19
288.6 75.15
293.85 75.11
299.2 75.07
304.65 75.03
310.19 74.99
315.84 74.94
321.59 74.90
327.44 74.85
333.4 74.80
339.47 74.75
345.64 74.70
351.93 74.65
358.34 74.60
364.86 74.56
371.5 74.52
378.26 74.48
385.15 74.44
392.16 74.40
399.29 74.36
406.56 74.31
413.96 74.27
421.49 74.22
429.16 74.18
436.97 74.13
444.93 74.08
453.02 74.04
461.27 74.00
469.66 73.95
478.21 73.91
486.91 73.88
495.78 73.84
504.8 73.81
513.99 73.78
523.34 73.75
532.87 73.73
542.56 73.71
552.44 73.69
562.49 73.68
572.73 73.67
583.15 73.66
593.77 73.65
604.57 73.65
615.57 73.65
626.78 73.66
638.18 73.67
649.8 73.69
661.63 73.70
673.67 73.73
685.93 73.75
698.41 73.78
711.12 73.81
724.06 73.85
737.24 73.88
750.66 73.92
764.32 73.96
778.23 74.00
792.39 74.04
806.82 74.09
821.5 74.14
836.45 74.19
851.67 74.25
867.17 74.31
882.96 74.37
899.02 74.44
915.39 74.51
932.05 74.60
949.01 74.69
966.28 74.79
983.87 74.89
1001.77 75.01
1020 75.14
1038.57 75.29
1057.47 75.44
1076.71 75.61
1096.31 75.79
1116.26 75.97
1136.58 76.16
1157.26 76.35
1178.32 76.54
1199.77 76.72
1221.6 76.90
1243.84 77.07
1266.47 77.22
1289.52 77.35
1312.99 77.47
1336.89 77.57
1361.22 77.66
1385.99 77.74
1411.22 77.80
1436.9 77.86
1463.05 77.90
1489.68 77.94
1516.79 77.97
1544.4 78.00
1572.5 78.02
1601.12 78.04
1630.26 78.06
1659.93 78.07
1690.14 78.09
1720.9 78.11
1752.22 78.13
1784.11 78.17
1816.58 78.20
1849.64 78.25
1883.3 78.30
1917.58 78.36
1952.48 78.43
1988.01 78.50
2024.19 78.58
2061.03 78.66
2098.54 78.75
2136.73 78.86
2175.62 78.97
2215.22 79.09
2255.53 79.21
2296.58 79.35
2338.38 79.49
2380.94 79.62
2424.27 79.75
2468.39 79.88
2513.31 79.99
2559.05 80.08
2605.63 80.16
2653.05 80.21
2701.33 80.23
2750.5 80.21
2800.55 80.16
2851.52 80.06
2903.42 79.93
2956.26 79.75
3010.06 79.53
3064.85 79.28
3120.62 79.00
3177.42 78.69
3235.25 78.36
3294.13 78.00
3354.08 77.63
3415.12 77.22
3477.27 76.80
3540.56 76.36
3605 75.90
3670.6 75.42
3737.41 74.95
3805.43 74.49
3874.68 74.07
3945.2 73.70
4017 73.42
4090.11 73.22
4164.55 73.14
4240.34 73.17
4317.51 73.32
4396.09 73.58
4476.1 73.96
4557.56 74.42
4640.5 74.95
4724.96 75.53
4810.95 76.13
4898.51 76.71
4987.66 77.25
5078.43 77.69
5170.86 78.02
5264.97 78.19
5360.79 78.18
5458.35 77.97
5557.69 77.55
5658.84 76.93
5761.82 76.16
5866.69 75.30
5973.46 74.43
6082.17 73.67
6192.87 73.10
6305.57 72.76
6420.33 72.64
6537.18 72.68
6656.15 72.82
6777.29 73.00
6900.63 73.21
7026.22 73.45
7154.1 73.74
7284.3 74.11
7416.87 74.57
7551.85 75.15
7689.29 75.83
7829.23 76.58
7971.72 77.34
8116.8 78.04
8264.53 78.58
8414.94 78.90
8568.09 78.93
8724.02 78.68
8882.79 78.18
9044.46 77.49
9209.06 76.67
9376.66 75.78
9547.31 74.87
9721.07 73.96
9897.99 73.03
10078.13 72.07
10261.55 71.03
10448.3 69.86
10638.45 68.53
10832.07 67.01
11029.21 65.32
11229.94 63.52
11434.32 61.67
11642.41 59.89
11854.3 58.26
12070.04 56.87
12289.71 55.78
12513.38 55.06
12741.12 54.71
12973 54.74
13209.1 55.13
13449.5 55.80
13694.28 56.62
13943.51 57.41
14197.27 58.03
14455.66 58.35
14718.74 58.30
14986.62 57.86
15259.37 57.08
15537.08 56.06
15819.85 54.95
16107.76 53.91
16400.92 53.10
16699.41 52.62
17003.33 52.52
17312.78 52.80
17627.86 53.41
17948.68 54.26
18275.34 55.23
18607.94 56.20
18946.6 57.06
19291.42 57.80
19642.52 58.43
20000 59.03
