20 78.39
20.36 78.46
20.73 78.52
21.11 78.59
21.5 78.65
21.89 78.72
22.29 78.78
22.69 78.84
23.1 78.90
23.52 78.97
23.95 79.03
24.39 79.09
24.83 79.15
25.28 79.21
25.74 79.27
26.21 79.32
26.69 79.38
27.18 79.44
27.67 79.49
28.17 79.54
28.69 79.59
29.21 79.65
29.74 79.69
30.28 79.74
30.83 79.79
31.39 79.83
31.97 79.88
32.55 79.92
33.14 79.96
33.74 80.00
34.36 80.03
34.98 80.07
35.62 80.10
36.27 80.13
36.93 80.16
37.6 80.19
38.28 80.22
38.98 80.25
39.69 80.27
40.41 80.29
41.15 80.31
41.9 80.33
42.66 80.35
43.44 80.37
44.23 80.39
45.03 80.40
45.85 80.42
46.68 80.43
47.53 80.44
48.4 80.45
49.28 80.45
50.18 80.46
51.09 80.47
52.02 80.47
52.97 80.47
53.93 80.47
54.91 80.47
55.91 80.47
56.93 80.46
57.97 80.45
59.02 80.44
60.09 80.43
61.19 80.42
62.3 80.40
63.44 80.39
64.59 80.37
65.77 80.36
66.96 80.34
68.18 80.32
69.42 80.31
70.69 80.29
71.97 80.28
73.28 80.26
74.62 80.25
75.97 80.24
77.36 80.23
78.76 80.22
80.2 80.21
81.66 80.20
83.14 80.18
84.66 80.17
86.2 80.16
87.77 80.14
89.36 80.13
90.99 80.11
92.65 80.09
94.33 80.08
96.05 80.06
97.8 80.04
99.58 80.02
101.39 80.00
103.23 79.99
105.11 79.97
107.03 79.94
108.97 79.92
110.96 79.90
112.98 79.88
115.03 79.85
117.13 79.83
119.26 79.80
121.43 79.77
123.64 79.74
125.89 79.70
128.18 79.67
130.51 79.63
132.89 79.60
135.31 79.56
137.77 79.52
140.28 79.48
142.83 79.45
145.43 79.41
148.07 79.37
150.77 79.34
153.51 79.30
156.31 79.26
159.15 79.22
162.05 79.19
165 79.15
168 79.11
171.06 79.08
174.17 79.04
177.34 79.01
180.57 78.97
183.86 78.93
187.2 78.89
190.61 78.86
194.08 78.83
197.61 78.81
201.21 78.78
204.87 78.75
208.6 78.73
212.39 78.70
216.26 78.67
220.19 78.64
224.2 78.60
228.28 78.56
232.44 78.51
236.67 78.46
240.97 78.41
245.36 78.35
249.82 78.30
254.37 78.24
259 78.18
263.71 78.12
268.51 78.06
273.4 78.01
278.38 77.95
283.44 77.90
288.6 77.84
293.85 77.78
299.2 77.72
304.65 77.66
310.19 77.60
315.84 77.54
321.59 77.49
327.44 77.43
333.4 77.37
339.47 77.31
345.64 77.25
351.93 77.20
358.34 77.14
364.86 77.08
371.5 77.02
378.26 76.95
385.15 76.89
392.16 76.82
399.29 76.75
406.56 76.69
413.96 76.62
421.49 76.55
429.16 76.48
436.97 76.41
444.93 76.34
453.02 76.27
461.27 76.20
469.66 76.14
478.21 76.08
486.91 76.02
495.78 75.96
504.8 75.90
513.99 75.84
523.34 75.78
532.87 75.71
542.56 75.65
552.44 75.59
562.49 75.53
572.73 75.47
583.15 75.41
593.77 75.35
604.57 75.29
615.57 75.23
626.78 75.18
638.18 75.12
649.8 75.07
661.63 75.02
673.67 74.97
685.93 74.92
698.41 74.87
711.12 74.83
724.06 74.79
737.24 74.75
750.66 74.72
764.32 74.69
778.23 74.66
792.39 74.64
806.82 74.62
821.5 74.60
836.45 74.59
851.67 74.59
867.17 74.59
882.96 74.61
899.02 74.63
915.39 74.66
932.05 74.71
949.01 74.76
966.28 74.83
983.87 74.92
1001.77 75.01
1020 75.12
1038.57 75.24
1057.47 75.38
1076.71 75.54
1096.31 75.71
1116.26 75.90
1136.58 76.09
1157.26 76.30
1178.32 76.50
1199.77 76.71
1221.6 76.91
1243.84 77.09
1266.47 77.27
1289.52 77.43
1312.99 77.59
1336.89 77.72
1361.22 77.85
1385.99 77.96
1411.22 78.07
1436.9 78.20
1463.05 78.35
1489.68 78.52
1516.79 78.70
1544.4 78.89
1572.5 79.08
1601.12 79.27
1630.26 79.46
1659.93 79.66
1690.14 79.86
1720.9 80.06
1752.22 80.27
1784.11 80.48
1816.58 80.71
1849.64 80.96
1883.3 81.21
1917.58 81.48
1952.48 81.75
1988.01 82.03
2024.19 82.32
2061.03 82.60
2098.54 82.88
2136.73 83.16
2175.62 83.43
2215.22 83.69
2255.53 83.94
2296.58 84.19
2338.38 84.41
2380.94 84.62
2424.27 84.78
2468.39 84.92
2513.31 85.01
2559.05 85.07
2605.63 85.09
2653.05 85.08
2701.33 85.03
2750.5 84.95
2800.55 84.85
2851.52 84.73
2903.42 84.60
2956.26 84.46
3010.06 84.33
3064.85 84.20
3120.62 84.09
3177.42 84.00
3235.25 83.93
3294.13 83.89
3354.08 83.88
3415.12 83.92
3477.27 83.99
3540.56 84.12
3605 84.32
3670.6 84.59
3737.41 84.94
3805.43 85.38
3874.68 85.89
3945.2 86.47
4017 87.06
4090.11 87.62
4164.55 88.10
4240.34 88.40
4317.51 88.47
4396.09 88.25
4476.1 87.71
4557.56 86.88
4640.5 85.82
4724.96 84.59
4810.95 83.28
4898.51 81.95
4987.66 80.68
5078.43 79.48
5170.86 78.39
5264.97 77.38
5360.79 76.45
5458.35 75.61
5557.69 74.84
5658.84 74.15
5761.82 73.53
5866.69 72.97
5973.46 72.48
6082.17 72.04
6192.87 71.67
6305.57 71.36
6420.33 71.12
6537.18 70.97
6656.15 70.90
6777.29 70.94
6900.63 71.10
7026.22 71.41
7154.1 71.89
7284.3 72.55
7416.87 73.39
7551.85 74.36
7689.29 75.38
7829.23 76.32
7971.72 76.99
8116.8 77.23
8264.53 76.88
8414.94 75.92
8568.09 74.47
8724.02 72.69
8882.79 70.78
9044.46 68.90
9209.06 67.13
9376.66 65.54
9547.31 64.15
9721.07 62.96
9897.99 61.96
10078.13 61.13
10261.55 60.47
10448.3 59.97
10638.45 59.64
10832.07 59.48
11029.21 59.52
11229.94 59.75
11434.32 60.18
11642.41 60.81
11854.3 61.64
12070.04 62.63
12289.71 63.76
12513.38 64.98
12741.12 66.25
12973 67.52
13209.1 68.73
13449.5 69.81
13694.28 70.68
13943.51 71.23
14197.27 71.40
14455.66 71.17
14718.74 70.60
14986.62 69.81
15259.37 68.97
15537.08 68.25
15819.85 67.77
16107.76 67.62
16400.92 67.82
16699.41 68.34
17003.33 69.03
17312.78 69.72
17627.86 70.16
17948.68 70.12
18275.34 69.46
18607.94 68.18
18946.6 66.41
19291.42 64.32
19642.52 62.08
20000 59.82
