20 77.03
20.36 77.05
20.73 77.07
21.11 77.09
21.5 77.11
21.89 77.13
22.29 77.15
22.69 77.17
23.1 77.19
23.52 77.21
23.95 77.23
24.39 77.25
24.83 77.27
25.28 77.29
25.74 77.31
26.21 77.33
26.69 77.35
27.18 77.37
27.67 77.39
28.17 77.41
28.69 77.43
29.21 77.44
29.74 77.46
30.28 77.48
30.83 77.50
31.39 77.52
31.97 77.53
32.55 77.55
33.14 77.57
33.74 77.58
34.36 77.60
34.98 77.62
35.62 77.63
36.27 77.65
36.93 77.66
37.6 77.67
38.28 77.69
38.98 77.70
39.69 77.71
40.41 77.72
41.15 77.74
41.9 77.75
42.66 77.76
43.44 77.76
44.23 77.77
45.03 77.78
45.85 77.78
46.68 77.79
47.53 77.79
48.4 77.80
49.28 77.80
50.18 77.80
51.09 77.80
52.02 77.80
52.97 77.79
53.93 77.79
54.91 77.78
55.91 77.77
56.93 77.76
57.97 77.75
59.02 77.73
60.09 77.72
61.19 77.70
62.3 77.68
63.44 77.66
64.59 77.63
65.77 77.61
66.96 77.58
68.18 77.55
69.42 77.52
70.69 77.49
71.97 77.45
73.28 77.41
74.62 77.38
75.97 77.33
77.36 77.29
78.76 77.25
80.2 77.20
81.66 77.16
83.14 77.11
84.66 77.06
86.2 77.00
87.77 76.95
89.36 76.89
90.99 76.83
92.65 76.77
94.33 76.71
96.05 76.64
97.8 76.58
99.58 76.50
101.39 76.43
103.23 76.35
105.11 76.28
107.03 76.20
108.97 76.12
110.96 76.04
112.98 75.96
115.03 75.88
117.13 75.80
119.26 75.72
121.43 75.63
123.64 75.55
125.89 75.47
128.18 75.38
130.51 75.29
132.89 75.21
135.31 75.12
137.77 75.04
140.28 74.95
142.83 74.87
145.43 74.78
148.07 74.70
150.77 74.62
153.51 74.54
156.31 74.46
159.15 74.39
162.05 74.31
165 74.24
168 74.17
171.06 74.10
174.17 74.03
177.34 73.97
180.57 73.91
183.86 73.85
187.2 73.79
190.61 73.74
194.08 73.69
197.61 73.64
201.21 73.59
204.87 73.56
208.6 73.52
212.39 73.49
216.26 73.47
220.19 73.45
224.2 73.43
228.28 73.41
232.44 73.40
236.67 73.40
240.97 73.40
245.36 73.41
249.82 73.43
254.37 73.45
259 73.48
263.71 73.51
268.51 73.55
273.4 73.59
278.38 73.63
283.44 73.68
288.6 73.73
293.85 73.78
299.2 73.84
304.65 73.90
310.19 73.96
315.84 74.03
321.59 74.09
327.44 74.16
333.4 74.23
339.47 74.30
345.64 74.36
351.93 74.43
358.34 74.50
364.86 74.56
371.5 74.63
378.26 74.69
385.15 74.76
392.16 74.83
399.29 74.90
406.56 74.97
413.96 75.03
421.49 75.09
429.16 75.16
436.97 75.21
444.93 75.27
453.02 75.33
461.27 75.38
469.66 75.43
478.21 75.48
486.91 75.52
495.78 75.57
504.8 75.61
513.99 75.65
523.34 75.69
532.87 75.72
542.56 75.75
552.44 75.78
562.49 75.81
572.73 75.83
583.15 75.85
593.77 75.86
604.57 75.87
615.57 75.87
626.78 75.87
638.18 75.86
649.8 75.86
661.63 75.85
673.67 75.84
685.93 75.83
698.41 75.82
711.12 75.80
724.06 75.78
737.24 75.76
750.66 75.72
764.32 75.69
778.23 75.65
792.39 75.61
806.82 75.56
821.5 75.52
836.45 75.47
851.67 75.42
867.17 75.37
882.96 75.32
899.02 75.27
915.39 75.22
932.05 75.17
949.01 75.13
966.28 75.08
983.87 75.04
1001.77 75.00
1020 74.96
1038.57 74.94
1057.47 74.92
1076.71 74.91
1096.31 74.91
1116.26 74.92
1136.58 74.93
1157.26 74.96
1178.32 75.00
1199.77 75.05
1221.6 75.11
1243.84 75.18
1266.47 75.27
1289.52 75.37
1312.99 75.49
1336.89 75.62
1361.22 75.76
1385.99 75.91
1411.22 76.06
1436.9 76.23
1463.05 76.39
1489.68 76.56
1516.79 76.72
1544.4 76.88
1572.5 77.04
1601.12 77.19
1630.26 77.34
1659.93 77.49
1690.14 77.64
1720.9 77.79
1752.22 77.94
1784.11 78.09
1816.58 78.25
1849.64 78.42
1883.3 78.60
1917.58 78.78
1952.48 78.97
1988.01 79.17
2024.19 79.37
2061.03 79.58
2098.54 79.80
2136.73 80.02
2175.62 80.24
2215.22 80.45
2255.53 80.65
2296.58 80.86
2338.38 81.05
2380.94 81.23
2424.27 81.41
2468.39 81.58
2513.31 81.73
2559.05 81.88
2605.63 82.01
2653.05 82.14
2701.33 82.26
2750.5 82.37
2800.55 82.47
2851.52 82.56
2903.42 82.63
2956.26 82.68
3010.06 82.72
3064.85 82.74
3120.62 82.75
3177.42 82.74
3235.25 82.73
3294.13 82.72
3354.08 82.69
3415.12 82.66
3477.27 82.63
3540.56 82.60
3605 82.57
3670.6 82.54
3737.41 82.51
3805.43 82.48
3874.68 82.46
3945.2 82.43
4017 82.41
4090.11 82.39
4164.55 82.36
4240.34 82.34
4317.51 82.30
4396.09 82.26
4476.1 82.20
4557.56 82.13
4640.5 82.04
4724.96 81.95
4810.95 81.84
4898.51 81.73
4987.66 81.62
5078.43 81.52
5170.86 81.44
5264.97 81.37
5360.79 81.33
5458.35 81.31
5557.69 81.32
5658.84 81.34
5761.82 81.36
5866.69 81.37
5973.46 81.36
6082.17 81.29
6192.87 81.16
6305.57 80.96
6420.33 80.70
6537.18 80.40
6656.15 80.11
6777.29 79.83
6900.63 79.61
7026.22 79.45
7154.1 79.35
7284.3 79.29
7416.87 79.24
7551.85 79.16
7689.29 78.99
7829.23 78.68
7971.72 78.18
8116.8 77.48
8264.53 76.58
8414.94 75.52
8568.09 74.36
8724.02 73.16
8882.79 71.96
9044.46 70.78
9209.06 69.65
9376.66 68.58
9547.31 67.57
9721.07 66.64
9897.99 65.77
10078.13 64.97
10261.55 64.24
10448.3 63.58
10638.45 62.98
10832.07 62.46
11029.21 62.01
11229.94 61.64
11434.32 61.35
11642.41 61.15
11854.3 61.03
12070.04 60.97
12289.71 60.95
12513.38 60.96
12741.12 60.98
12973 61.05
13209.1 61.20
13449.5 61.51
13694.28 62.05
13943.51 62.83
14197.27 63.84
14455.66 64.99
14718.74 66.18
14986.62 67.28
15259.37 68.16
15537.08 68.70
15819.85 68.82
16107.76 68.51
16400.92 67.86
16699.41 67.01
17003.33 66.12
17312.78 65.32
17627.86 64.64
17948.68 64.08
18275.34 63.51
18607.94 62.79
18946.6 61.80
19291.42 60.50
19642.52 58.99
20000 57.42
