20 77.26
20.36 77.36
20.73 77.47
21.11 77.57
21.5 77.67
21.89 77.77
22.29 77.87
22.69 77.97
23.1 78.07
23.52 78.17
23.95 78.26
24.39 78.36
24.83 78.45
25.28 78.54
25.74 78.63
26.21 78.72
26.69 78.81
27.18 78.89
27.67 78.97
28.17 79.06
28.69 79.13
29.21 79.21
29.74 79.28
30.28 79.35
30.83 79.42
31.39 79.48
31.97 79.55
32.55 79.61
33.14 79.66
33.74 79.71
34.36 79.76
34.98 79.81
35.62 79.85
36.27 79.89
36.93 79.93
37.6 79.97
38.28 80.00
38.98 80.04
39.69 80.07
40.41 80.10
41.15 80.13
41.9 80.16
42.66 80.19
43.44 80.21
44.23 80.24
45.03 80.27
45.85 80.29
46.68 80.31
47.53 80.34
48.4 80.36
49.28 80.39
50.18 80.41
51.09 80.43
52.02 80.45
52.97 80.47
53.93 80.48
54.91 80.50
55.91 80.51
56.93 80.52
57.97 80.53
59.02 80.53
60.09 80.53
61.19 80.53
62.3 80.53
63.44 80.53
64.59 80.52
65.77 80.51
66.96 80.50
68.18 80.49
69.42 80.48
70.69 80.47
71.97 80.45
73.28 80.44
74.62 80.42
75.97 80.41
77.36 80.39
78.76 80.37
80.2 80.35
81.66 80.33
83.14 80.30
84.66 80.28
86.2 80.25
87.77 80.22
89.36 80.18
90.99 80.14
92.65 80.11
94.33 80.07
96.05 80.03
97.8 79.98
99.58 79.94
101.39 79.89
103.23 79.85
105.11 79.80
107.03 79.75
108.97 79.71
110.96 79.66
112.98 79.61
115.03 79.55
117.13 79.50
119.26 79.44
121.43 79.38
123.64 79.31
125.89 79.24
128.18 79.17
130.51 79.08
132.89 79.00
135.31 78.91
137.77 78.81
140.28 78.71
142.83 78.61
145.43 78.51
148.07 78.42
150.77 78.32
153.51 78.23
156.31 78.13
159.15 78.04
162.05 77.95
165 77.85
168 77.75
171.06 77.64
174.17 77.54
177.34 77.43
180.57 77.32
183.86 77.21
187.2 77.09
190.61 76.97
194.08 76.85
197.61 76.73
201.21 76.60
204.87 76.47
208.6 76.34
212.39 76.20
216.26 76.06
220.19 75.93
224.2 75.79
228.28 75.65
232.44 75.50
236.67 75.36
240.97 75.22
245.36 75.07
249.82 74.93
254.37 74.79
259 74.65
263.71 74.51
268.51 74.38
273.4 74.25
278.38 74.13
283.44 74.01
288.6 73.89
293.85 73.78
299.2 73.68
304.65 73.58
310.19 73.50
315.84 73.41
321.59 73.34
327.44 73.27
333.4 73.20
339.47 73.14
345.64 73.10
351.93 73.05
358.34 73.02
364.86 72.99
371.5 72.97
378.26 72.95
385.15 72.93
392.16 72.92
399.29 72.91
406.56 72.90
413.96 72.89
421.49 72.89
429.16 72.89
436.97 72.89
444.93 72.90
453.02 72.91
461.27 72.93
469.66 72.94
478.21 72.96
486.91 72.98
495.78 73.01
504.8 73.04
513.99 73.07
523.34 73.11
532.87 73.14
542.56 73.18
552.44 73.22
562.49 73.26
572.73 73.29
583.15 73.33
593.77 73.36
604.57 73.39
615.57 73.43
626.78 73.46
638.18 73.49
649.8 73.52
661.63 73.56
673.67 73.59
685.93 73.63
698.41 73.67
711.12 73.71
724.06 73.74
737.24 73.78
750.66 73.82
764.32 73.86
778.23 73.89
792.39 73.93
806.82 73.98
821.5 74.02
836.45 74.07
851.67 74.13
867.17 74.19
882.96 74.25
899.02 74.33
915.39 74.41
932.05 74.51
949.01 74.62
966.28 74.74
983.87 74.87
1001.77 75.01
1020 75.17
1038.57 75.35
1057.47 75.54
1076.71 75.74
1096.31 75.96
1116.26 76.19
1136.58 76.42
1157.26 76.65
1178.32 76.89
1199.77 77.12
1221.6 77.35
1243.84 77.57
1266.47 77.79
1289.52 78.00
1312.99 78.20
1336.89 78.39
1361.22 78.57
1385.99 78.74
1411.22 78.89
1436.9 79.04
1463.05 79.18
1489.68 79.32
1516.79 79.45
1544.4 79.57
1572.5 79.69
1601.12 79.81
1630.26 79.93
1659.93 80.05
1690.14 80.17
1720.9 80.30
1752.22 80.43
1784.11 80.56
1816.58 80.70
1849.64 80.84
1883.3 80.98
1917.58 81.13
1952.48 81.27
1988.01 81.42
2024.19 81.56
2061.03 81.70
2098.54 81.85
2136.73 81.99
2175.62 82.14
2215.22 82.29
2255.53 82.43
2296.58 82.58
2338.38 82.73
2380.94 82.87
2424.27 83.01
2468.39 83.14
2513.31 83.27
2559.05 83.38
2605.63 83.49
2653.05 83.59
2701.33 83.68
2750.5 83.76
2800.55 83.83
2851.52 83.89
2903.42 83.94
2956.26 83.98
3010.06 84.01
3064.85 84.03
3120.62 84.03
3177.42 84.02
3235.25 84.01
3294.13 83.98
3354.08 83.95
3415.12 83.90
3477.27 83.84
3540.56 83.77
3605 83.69
3670.6 83.58
3737.41 83.46
3805.43 83.31
3874.68 83.15
3945.2 82.96
4017 82.76
4090.11 82.53
4164.55 82.28
4240.34 82.00
4317.51 81.70
4396.09 81.38
4476.1 81.03
4557.56 80.67
4640.5 80.30
4724.96 79.93
4810.95 79.59
4898.51 79.28
4987.66 79.03
5078.43 78.86
5170.86 78.79
5264.97 78.82
5360.79 78.95
5458.35 79.15
5557.69 79.35
5658.84 79.49
5761.82 79.48
5866.69 79.27
5973.46 78.84
6082.17 78.25
6192.87 77.56
6305.57 76.87
6420.33 76.28
6537.18 75.84
6656.15 75.58
6777.29 75.53
6900.63 75.69
7026.22 76.03
7154.1 76.53
7284.3 77.12
7416.87 77.73
7551.85 78.26
7689.29 78.58
7829.23 78.62
7971.72 78.31
8116.8 77.64
8264.53 76.66
8414.94 75.47
8568.09 74.17
8724.02 72.86
8882.79 71.62
9044.46 70.50
9209.06 69.53
9376.66 68.72
9547.31 68.07
9721.07 67.58
9897.99 67.24
10078.13 67.02
10261.55 66.92
10448.3 66.91
10638.45 67.00
10832.07 67.15
11029.21 67.36
11229.94 67.57
11434.32 67.77
11642.41 67.95
11854.3 68.11
12070.04 68.27
12289.71 68.46
12513.38 68.67
12741.12 68.92
12973 69.18
13209.1 69.45
13449.5 69.70
13694.28 69.93
13943.51 70.14
14197.27 70.34
14455.66 70.54
14718.74 70.73
14986.62 70.92
15259.37 71.10
15537.08 71.26
15819.85 71.40
16107.76 71.49
16400.92 71.50
16699.41 71.44
17003.33 71.33
17312.78 71.23
17627.86 71.22
17948.68 71.36
18275.34 71.74
18607.94 72.35
18946.6 73.17
19291.42 74.07
19642.52 74.98
20000 75.86
