20 70.47
20.36 70.58
20.73 70.69
21.11 70.80
21.5 70.91
21.89 71.02
22.29 71.13
22.69 71.24
23.1 71.35
23.52 71.46
23.95 71.57
24.39 71.68
24.83 71.79
25.28 71.89
25.74 72.00
26.21 72.11
26.69 72.21
27.18 72.31
27.67 72.42
28.17 72.52
28.69 72.62
29.21 72.72
29.74 72.82
30.28 72.92
30.83 73.02
31.39 73.11
31.97 73.21
32.55 73.30
33.14 73.40
33.74 73.49
34.36 73.58
34.98 73.67
35.62 73.75
36.27 73.84
36.93 73.92
37.6 74.00
38.28 74.08
38.98 74.15
39.69 74.22
40.41 74.29
41.15 74.36
41.9 74.42
42.66 74.48
43.44 74.53
44.23 74.59
45.03 74.63
45.85 74.68
46.68 74.72
47.53 74.76
48.4 74.79
49.28 74.82
50.18 74.85
51.09 74.88
52.02 74.90
52.97 74.93
53.93 74.95
54.91 74.98
55.91 75.00
56.93 75.03
57.97 75.05
59.02 75.08
60.09 75.11
61.19 75.14
62.3 75.17
63.44 75.20
64.59 75.24
65.77 75.27
66.96 75.31
68.18 75.34
69.42 75.38
70.69 75.41
71.97 75.45
73.28 75.49
74.62 75.52
75.97 75.56
77.36 75.59
78.76 75.63
80.2 75.66
81.66 75.69
83.14 75.72
84.66 75.75
86.2 75.77
87.77 75.80
89.36 75.82
90.99 75.83
92.65 75.85
94.33 75.87
96.05 75.88
97.8 75.89
99.58 75.90
101.39 75.91
103.23 75.92
105.11 75.93
107.03 75.94
108.97 75.94
110.96 75.95
112.98 75.97
115.03 75.98
117.13 75.99
119.26 76.00
121.43 76.00
123.64 76.01
125.89 76.00
128.18 76.00
130.51 75.99
132.89 75.98
135.31 75.96
137.77 75.94
140.28 75.92
142.83 75.89
145.43 75.87
148.07 75.85
150.77 75.83
153.51 75.82
156.31 75.81
159.15 75.82
162.05 75.82
165 75.83
168 75.85
171.06 75.87
174.17 75.89
177.34 75.91
180.57 75.93
183.86 75.95
187.2 75.97
190.61 75.98
194.08 75.99
197.61 76.00
201.21 76.00
204.87 75.99
208.6 75.98
212.39 75.97
216.26 75.96
220.19 75.95
224.2 75.93
228.28 75.92
232.44 75.90
236.67 75.88
240.97 75.86
245.36 75.84
249.82 75.82
254.37 75.79
259 75.76
263.71 75.73
268.51 75.70
273.4 75.67
278.38 75.65
283.44 75.62
288.6 75.59
293.85 75.57
299.2 75.54
304.65 75.51
310.19 75.48
315.84 75.45
321.59 75.42
327.44 75.39
333.4 75.36
339.47 75.33
345.64 75.30
351.93 75.28
358.34 75.25
364.86 75.23
371.5 75.21
378.26 75.19
385.15 75.16
392.16 75.14
399.29 75.10
406.56 75.07
413.96 75.04
421.49 75.00
429.16 74.97
436.97 74.94
444.93 74.90
453.02 74.87
461.27 74.84
469.66 74.81
478.21 74.78
486.91 74.75
495.78 74.73
504.8 74.71
513.99 74.68
523.34 74.66
532.87 74.64
542.56 74.62
552.44 74.60
562.49 74.57
572.73 74.55
583.15 74.52
593.77 74.49
604.57 74.46
615.57 74.43
626.78 74.40
638.18 74.38
649.8 74.35
661.63 74.33
673.67 74.31
685.93 74.30
698.41 74.28
711.12 74.27
724.06 74.26
737.24 74.25
750.66 74.24
764.32 74.24
778.23 74.25
792.39 74.25
806.82 74.27
821.5 74.28
836.45 74.30
851.67 74.33
867.17 74.36
882.96 74.39
899.02 74.44
915.39 74.51
932.05 74.58
949.01 74.67
966.28 74.77
983.87 74.88
1001.77 75.01
1020 75.16
1038.57 75.33
1057.47 75.51
1076.71 75.71
1096.31 75.92
1116.26 76.13
1136.58 76.35
1157.26 76.59
1178.32 76.83
1199.77 77.08
1221.6 77.33
1243.84 77.59
1266.47 77.85
1289.52 78.11
1312.99 78.36
1336.89 78.61
1361.22 78.85
1385.99 79.09
1411.22 79.31
1436.9 79.53
1463.05 79.73
1489.68 79.93
1516.79 80.12
1544.4 80.30
1572.5 80.48
1601.12 80.66
1630.26 80.84
1659.93 81.03
1690.14 81.21
1720.9 81.40
1752.22 81.58
1784.11 81.77
1816.58 81.96
1849.64 82.15
1883.3 82.35
1917.58 82.57
1952.48 82.80
1988.01 83.04
2024.19 83.28
2061.03 83.54
2098.54 83.79
2136.73 84.06
2175.62 84.33
2215.22 84.62
2255.53 84.92
2296.58 85.25
2338.38 85.60
2380.94 85.95
2424.27 86.31
2468.39 86.68
2513.31 87.05
2559.05 87.43
2605.63 87.81
2653.05 88.19
2701.33 88.55
2750.5 88.90
2800.55 89.22
2851.52 89.51
2903.42 89.75
2956.26 89.95
3010.06 90.09
3064.85 90.18
3120.62 90.21
3177.42 90.18
3235.25 90.09
3294.13 89.95
3354.08 89.78
3415.12 89.56
3477.27 89.33
3540.56 89.08
3605 88.82
3670.6 88.56
3737.41 88.29
3805.43 88.03
3874.68 87.76
3945.2 87.51
4017 87.27
4090.11 87.06
4164.55 86.86
4240.34 86.68
4317.51 86.52
4396.09 86.38
4476.1 86.25
4557.56 86.14
4640.5 86.03
4724.96 85.92
4810.95 85.83
4898.51 85.74
4987.66 85.67
5078.43 85.61
5170.86 85.58
5264.97 85.58
5360.79 85.59
5458.35 85.61
5557.69 85.62
5658.84 85.63
5761.82 85.61
5866.69 85.57
5973.46 85.49
6082.17 85.37
6192.87 85.21
6305.57 85.02
6420.33 84.80
6537.18 84.56
6656.15 84.29
6777.29 84.02
6900.63 83.75
7026.22 83.48
7154.1 83.24
7284.3 83.03
7416.87 82.86
7551.85 82.72
7689.29 82.62
7829.23 82.55
7971.72 82.49
8116.8 82.42
8264.53 82.33
8414.94 82.17
8568.09 81.92
8724.02 81.55
8882.79 81.03
9044.46 80.36
9209.06 79.55
9376.66 78.61
9547.31 77.57
9721.07 76.47
9897.99 75.35
10078.13 74.25
10261.55 73.20
10448.3 72.22
10638.45 71.33
10832.07 70.56
11029.21 69.90
11229.94 69.37
11434.32 68.99
11642.41 68.77
11854.3 68.70
12070.04 68.79
12289.71 69.01
12513.38 69.34
12741.12 69.74
12973 70.17
13209.1 70.61
13449.5 71.02
13694.28 71.40
13943.51 71.76
14197.27 72.12
14455.66 72.51
14718.74 72.94
14986.62 73.43
15259.37 73.98
15537.08 74.58
15819.85 75.16
16107.76 75.67
16400.92 76.01
16699.41 76.13
17003.33 75.97
17312.78 75.53
17627.86 74.84
17948.68 73.96
18275.34 72.94
18607.94 71.84
18946.6 70.67
19291.42 69.45
19642.52 68.19
20000 66.92
