20 79.73
20.36 79.80
20.73 79.86
21.11 79.93
21.5 80.00
21.89 80.06
22.29 80.13
22.69 80.19
23.1 80.26
23.52 80.32
23.95 80.38
24.39 80.44
24.83 80.50
25.28 80.56
25.74 80.62
26.21 80.67
26.69 80.73
27.18 80.78
27.67 80.83
28.17 80.88
28.69 80.93
29.21 80.97
29.74 81.01
30.28 81.06
30.83 81.09
31.39 81.13
31.97 81.16
32.55 81.19
33.14 81.22
33.74 81.25
34.36 81.27
34.98 81.29
35.62 81.31
36.27 81.32
36.93 81.34
37.6 81.35
38.28 81.36
38.98 81.36
39.69 81.37
40.41 81.37
41.15 81.37
41.9 81.37
42.66 81.37
43.44 81.37
44.23 81.36
45.03 81.35
45.85 81.34
46.68 81.33
47.53 81.32
48.4 81.31
49.28 81.30
50.18 81.28
51.09 81.26
52.02 81.24
52.97 81.22
53.93 81.20
54.91 81.18
55.91 81.16
56.93 81.14
57.97 81.11
59.02 81.09
60.09 81.06
61.19 81.03
62.3 81.01
63.44 80.98
64.59 80.95
65.77 80.92
66.96 80.89
68.18 80.85
69.42 80.82
70.69 80.78
71.97 80.75
73.28 80.71
74.62 80.67
75.97 80.62
77.36 80.58
78.76 80.53
80.2 80.49
81.66 80.44
83.14 80.39
84.66 80.33
86.2 80.28
87.77 80.22
89.36 80.16
90.99 80.10
92.65 80.04
94.33 79.98
96.05 79.92
97.8 79.86
99.58 79.80
101.39 79.75
103.23 79.69
105.11 79.63
107.03 79.57
108.97 79.50
110.96 79.44
112.98 79.37
115.03 79.30
117.13 79.23
119.26 79.16
121.43 79.09
123.64 79.01
125.89 78.94
128.18 78.86
130.51 78.79
132.89 78.71
135.31 78.64
137.77 78.56
140.28 78.49
142.83 78.42
145.43 78.35
148.07 78.28
150.77 78.22
153.51 78.16
156.31 78.09
159.15 78.03
162.05 77.97
165 77.91
168 77.85
171.06 77.78
174.17 77.72
177.34 77.65
180.57 77.58
183.86 77.52
187.2 77.45
190.61 77.39
194.08 77.32
197.61 77.26
201.21 77.20
204.87 77.14
208.6 77.08
212.39 77.03
216.26 76.97
220.19 76.91
224.2 76.86
228.28 76.80
232.44 76.73
236.67 76.67
240.97 76.61
245.36 76.54
249.82 76.48
254.37 76.41
259 76.35
263.71 76.28
268.51 76.22
273.4 76.16
278.38 76.09
283.44 76.03
288.6 75.97
293.85 75.90
299.2 75.84
304.65 75.77
310.19 75.71
315.84 75.65
321.59 75.59
327.44 75.53
333.4 75.47
339.47 75.42
345.64 75.37
351.93 75.32
358.34 75.27
364.86 75.22
371.5 75.17
378.26 75.13
385.15 75.08
392.16 75.03
399.29 74.98
406.56 74.94
413.96 74.89
421.49 74.85
429.16 74.81
436.97 74.77
444.93 74.73
453.02 74.69
461.27 74.65
469.66 74.61
478.21 74.58
486.91 74.54
495.78 74.51
504.8 74.47
513.99 74.44
523.34 74.41
532.87 74.37
542.56 74.34
552.44 74.31
562.49 74.28
572.73 74.26
583.15 74.23
593.77 74.21
604.57 74.18
615.57 74.16
626.78 74.14
638.18 74.12
649.8 74.10
661.63 74.08
673.67 74.07
685.93 74.06
698.41 74.04
711.12 74.03
724.06 74.03
737.24 74.03
750.66 74.03
764.32 74.03
778.23 74.03
792.39 74.04
806.82 74.05
821.5 74.07
836.45 74.09
851.67 74.13
867.17 74.18
882.96 74.23
899.02 74.30
915.39 74.39
932.05 74.48
949.01 74.59
966.28 74.72
983.87 74.86
1001.77 75.02
1020 75.19
1038.57 75.39
1057.47 75.60
1076.71 75.83
1096.31 76.06
1116.26 76.31
1136.58 76.55
1157.26 76.81
1178.32 77.06
1199.77 77.31
1221.6 77.56
1243.84 77.79
1266.47 78.01
1289.52 78.23
1312.99 78.43
1336.89 78.63
1361.22 78.81
1385.99 78.99
1411.22 79.16
1436.9 79.32
1463.05 79.48
1489.68 79.64
1516.79 79.80
1544.4 79.96
1572.5 80.12
1601.12 80.29
1630.26 80.46
1659.93 80.63
1690.14 80.81
1720.9 80.99
1752.22 81.17
1784.11 81.35
1816.58 81.53
1849.64 81.72
1883.3 81.92
1917.58 82.12
1952.48 82.32
1988.01 82.52
2024.19 82.71
2061.03 82.91
2098.54 83.09
2136.73 83.27
2175.62 83.44
2215.22 83.59
2255.53 83.74
2296.58 83.87
2338.38 83.99
2380.94 84.08
2424.27 84.16
2468.39 84.21
2513.31 84.24
2559.05 84.25
2605.63 84.25
2653.05 84.23
2701.33 84.20
2750.5 84.16
2800.55 84.11
2851.52 84.04
2903.42 83.96
2956.26 83.87
3010.06 83.77
3064.85 83.68
3120.62 83.58
3177.42 83.47
3235.25 83.38
3294.13 83.28
3354.08 83.18
3415.12 83.09
3477.27 83.00
3540.56 82.92
3605 82.85
3670.6 82.79
3737.41 82.74
3805.43 82.71
3874.68 82.69
3945.2 82.70
4017 82.72
4090.11 82.77
4164.55 82.83
4240.34 82.90
4317.51 82.98
4396.09 83.06
4476.1 83.13
4557.56 83.19
4640.5 83.21
4724.96 83.19
4810.95 83.12
4898.51 83.00
4987.66 82.81
5078.43 82.57
5170.86 82.26
5264.97 81.88
5360.79 81.46
5458.35 80.98
5557.69 80.49
5658.84 79.99
5761.82 79.49
5866.69 79.01
5973.46 78.55
6082.17 78.12
6192.87 77.73
6305.57 77.38
6420.33 77.08
6537.18 76.84
6656.15 76.67
6777.29 76.58
6900.63 76.58
7026.22 76.68
7154.1 76.88
7284.3 77.17
7416.87 77.53
7551.85 77.93
7689.29 78.31
7829.23 78.59
7971.72 78.69
8116.8 78.54
8264.53 78.08
8414.94 77.31
8568.09 76.27
8724.02 75.03
8882.79 73.67
9044.46 72.28
9209.06 70.91
9376.66 69.61
9547.31 68.39
9721.07 67.27
9897.99 66.26
10078.13 65.35
10261.55 64.56
10448.3 63.89
10638.45 63.41
10832.07 63.14
11029.21 63.16
11229.94 63.55
11434.32 64.35
11642.41 65.57
11854.3 67.15
12070.04 68.95
12289.71 70.82
12513.38 72.59
12741.12 74.16
12973 75.48
13209.1 76.46
13449.5 77.06
13694.28 77.22
13943.51 76.89
14197.27 76.10
14455.66 74.93
14718.74 73.53
14986.62 72.04
15259.37 70.61
15537.08 69.35
15819.85 68.35
16107.76 67.68
16400.92 67.34
16699.41 67.33
17003.33 67.60
17312.78 68.04
17627.86 68.54
17948.68 68.94
18275.34 69.09
18607.94 68.88
18946.6 68.27
19291.42 67.32
19642.52 66.18
20000 64.98
