20 82.79
20.36 82.84
20.73 82.89
21.11 82.94
21.5 82.98
21.89 83.03
22.29 83.08
22.69 83.12
23.1 83.17
23.52 83.21
23.95 83.26
24.39 83.30
24.83 83.34
25.28 83.38
25.74 83.42
26.21 83.46
26.69 83.50
27.18 83.53
27.67 83.56
28.17 83.59
28.69 83.62
29.21 83.65
29.74 83.68
30.28 83.70
30.83 83.72
31.39 83.74
31.97 83.76
32.55 83.77
33.14 83.78
33.74 83.79
34.36 83.80
34.98 83.80
35.62 83.81
36.27 83.81
36.93 83.81
37.6 83.80
38.28 83.80
38.98 83.79
39.69 83.78
40.41 83.77
41.15 83.76
41.9 83.75
42.66 83.74
43.44 83.72
44.23 83.71
45.03 83.69
45.85 83.67
46.68 83.66
47.53 83.64
48.4 83.62
49.28 83.60
50.18 83.58
51.09 83.56
52.02 83.54
52.97 83.51
53.93 83.49
54.91 83.46
55.91 83.43
56.93 83.41
57.97 83.37
59.02 83.34
60.09 83.31
61.19 83.27
62.3 83.24
63.44 83.20
64.59 83.16
65.77 83.11
66.96 83.07
68.18 83.03
69.42 82.98
70.69 82.93
71.97 82.88
73.28 82.82
74.62 82.77
75.97 82.71
77.36 82.66
78.76 82.59
80.2 82.53
81.66 82.47
83.14 82.41
84.66 82.34
86.2 82.28
87.77 82.21
89.36 82.15
90.99 82.08
92.65 82.01
94.33 81.94
96.05 81.87
97.8 81.80
99.58 81.73
101.39 81.66
103.23 81.59
105.11 81.52
107.03 81.44
108.97 81.37
110.96 81.29
112.98 81.22
115.03 81.14
117.13 81.06
119.26 80.98
121.43 80.90
123.64 80.82
125.89 80.74
128.18 80.67
130.51 80.59
132.89 80.52
135.31 80.44
137.77 80.36
140.28 80.27
142.83 80.19
145.43 80.10
148.07 80.01
150.77 79.92
153.51 79.83
156.31 79.73
159.15 79.64
162.05 79.55
165 79.46
168 79.36
171.06 79.27
174.17 79.17
177.34 79.08
180.57 78.98
183.86 78.89
187.2 78.79
190.61 78.70
194.08 78.60
197.61 78.51
201.21 78.42
204.87 78.33
208.6 78.23
212.39 78.15
216.26 78.06
220.19 77.97
224.2 77.89
228.28 77.81
232.44 77.72
236.67 77.64
240.97 77.56
245.36 77.47
249.82 77.38
254.37 77.29
259 77.20
263.71 77.11
268.51 77.02
273.4 76.92
278.38 76.83
283.44 76.73
288.6 76.64
293.85 76.54
299.2 76.45
304.65 76.35
310.19 76.25
315.84 76.16
321.59 76.06
327.44 75.97
333.4 75.89
339.47 75.80
345.64 75.72
351.93 75.64
358.34 75.57
364.86 75.49
371.5 75.41
378.26 75.34
385.15 75.26
392.16 75.19
399.29 75.11
406.56 75.04
413.96 74.97
421.49 74.90
429.16 74.83
436.97 74.77
444.93 74.70
453.02 74.64
461.27 74.58
469.66 74.52
478.21 74.45
486.91 74.39
495.78 74.33
504.8 74.28
513.99 74.22
523.34 74.17
532.87 74.12
542.56 74.07
552.44 74.02
562.49 73.97
572.73 73.93
583.15 73.88
593.77 73.84
604.57 73.81
615.57 73.77
626.78 73.75
638.18 73.72
649.8 73.70
661.63 73.69
673.67 73.67
685.93 73.66
698.41 73.66
711.12 73.65
724.06 73.65
737.24 73.66
750.66 73.66
764.32 73.67
778.23 73.68
792.39 73.69
806.82 73.71
821.5 73.74
836.45 73.79
851.67 73.85
867.17 73.93
882.96 74.02
899.02 74.12
915.39 74.23
932.05 74.36
949.01 74.51
966.28 74.67
983.87 74.83
1001.77 75.02
1020 75.22
1038.57 75.44
1057.47 75.67
1076.71 75.92
1096.31 76.17
1116.26 76.43
1136.58 76.70
1157.26 76.97
1178.32 77.25
1199.77 77.53
1221.6 77.81
1243.84 78.08
1266.47 78.34
1289.52 78.60
1312.99 78.86
1336.89 79.11
1361.22 79.37
1385.99 79.61
1411.22 79.86
1436.9 80.09
1463.05 80.33
1489.68 80.56
1516.79 80.78
1544.4 81.00
1572.5 81.22
1601.12 81.44
1630.26 81.66
1659.93 81.88
1690.14 82.09
1720.9 82.29
1752.22 82.48
1784.11 82.64
1816.58 82.80
1849.64 82.94
1883.3 83.05
1917.58 83.14
1952.48 83.21
1988.01 83.25
2024.19 83.27
2061.03 83.25
2098.54 83.19
2136.73 83.09
2175.62 82.94
2215.22 82.72
2255.53 82.44
2296.58 82.09
2338.38 81.68
2380.94 81.27
2424.27 80.91
2468.39 80.65
2513.31 80.55
2559.05 80.60
2605.63 80.77
2653.05 80.99
2701.33 81.22
2750.5 81.43
2800.55 81.60
2851.52 81.73
2903.42 81.84
2956.26 81.93
3010.06 82.02
3064.85 82.12
3120.62 82.25
3177.42 82.40
3235.25 82.57
3294.13 82.76
3354.08 82.96
3415.12 83.17
3477.27 83.38
3540.56 83.55
3605 83.68
3670.6 83.74
3737.41 83.72
3805.43 83.61
3874.68 83.40
3945.2 83.09
4017 82.72
4090.11 82.31
4164.55 81.89
4240.34 81.50
4317.51 81.19
4396.09 80.98
4476.1 80.88
4557.56 80.86
4640.5 80.87
4724.96 80.82
4810.95 80.64
4898.51 80.28
4987.66 79.73
5078.43 79.06
5170.86 78.34
5264.97 77.62
5360.79 76.98
5458.35 76.45
5557.69 76.05
5658.84 75.81
5761.82 75.72
5866.69 75.79
5973.46 76.03
6082.17 76.46
6192.87 77.09
6305.57 77.92
6420.33 78.94
6537.18 80.14
6656.15 81.43
6777.29 82.71
6900.63 83.81
7026.22 84.60
7154.1 84.98
7284.3 84.95
7416.87 84.59
7551.85 84.05
7689.29 83.46
7829.23 82.92
7971.72 82.47
8116.8 82.16
8264.53 81.95
8414.94 81.78
8568.09 81.53
8724.02 81.09
8882.79 80.37
9044.46 79.36
9209.06 78.09
9376.66 76.65
9547.31 75.15
9721.07 73.69
9897.99 72.33
10078.13 71.13
10261.55 70.12
10448.3 69.32
10638.45 68.74
10832.07 68.40
11029.21 68.32
11229.94 68.51
11434.32 69.01
11642.41 69.82
11854.3 70.93
12070.04 72.27
12289.71 73.75
12513.38 75.26
12741.12 76.69
12973 77.96
13209.1 79.02
13449.5 79.88
13694.28 80.58
13943.51 81.18
14197.27 81.74
14455.66 82.29
14718.74 82.83
14986.62 83.29
15259.37 83.57
15537.08 83.56
15819.85 83.14
16107.76 82.25
16400.92 80.94
16699.41 79.36
17003.33 77.74
17312.78 76.32
17627.86 75.31
17948.68 74.84
18275.34 74.85
18607.94 75.19
18946.6 75.66
19291.42 76.13
19642.52 76.54
20000 76.91
