20 80.92
20.36 80.97
20.73 81.03
21.11 81.08
21.5 81.13
21.89 81.18
22.29 81.23
22.69 81.29
23.1 81.34
23.52 81.39
23.95 81.43
24.39 81.48
24.83 81.53
25.28 81.57
25.74 81.62
26.21 81.66
26.69 81.70
27.18 81.74
27.67 81.78
28.17 81.82
28.69 81.85
29.21 81.89
29.74 81.92
30.28 81.95
30.83 81.98
31.39 82.00
31.97 82.03
32.55 82.05
33.14 82.07
33.74 82.08
34.36 82.10
34.98 82.11
35.62 82.12
36.27 82.13
36.93 82.14
37.6 82.15
38.28 82.16
38.98 82.16
39.69 82.17
40.41 82.17
41.15 82.18
41.9 82.18
42.66 82.19
43.44 82.19
44.23 82.20
45.03 82.20
45.85 82.21
46.68 82.22
47.53 82.23
48.4 82.24
49.28 82.25
50.18 82.25
51.09 82.26
52.02 82.27
52.97 82.28
53.93 82.28
54.91 82.28
55.91 82.28
56.93 82.28
57.97 82.28
59.02 82.27
60.09 82.26
61.19 82.25
62.3 82.24
63.44 82.22
64.59 82.20
65.77 82.18
66.96 82.16
68.18 82.14
69.42 82.11
70.69 82.09
71.97 82.06
73.28 82.04
74.62 82.01
75.97 81.98
77.36 81.95
78.76 81.92
80.2 81.89
81.66 81.86
83.14 81.82
84.66 81.79
86.2 81.75
87.77 81.70
89.36 81.66
90.99 81.62
92.65 81.57
94.33 81.53
96.05 81.48
97.8 81.44
99.58 81.40
101.39 81.36
103.23 81.32
105.11 81.28
107.03 81.24
108.97 81.20
110.96 81.16
112.98 81.12
115.03 81.07
117.13 81.03
119.26 80.98
121.43 80.94
123.64 80.88
125.89 80.83
128.18 80.77
130.51 80.71
132.89 80.64
135.31 80.58
137.77 80.51
140.28 80.45
142.83 80.38
145.43 80.31
148.07 80.25
150.77 80.19
153.51 80.13
156.31 80.07
159.15 80.02
162.05 79.96
165 79.91
168 79.86
171.06 79.80
174.17 79.75
177.34 79.70
180.57 79.65
183.86 79.59
187.2 79.54
190.61 79.48
194.08 79.42
197.61 79.36
201.21 79.30
204.87 79.23
208.6 79.16
212.39 79.08
216.26 79.01
220.19 78.94
224.2 78.87
228.28 78.80
232.44 78.72
236.67 78.65
240.97 78.58
245.36 78.50
249.82 78.43
254.37 78.35
259 78.28
263.71 78.21
268.51 78.13
273.4 78.06
278.38 77.98
283.44 77.91
288.6 77.84
293.85 77.76
299.2 77.69
304.65 77.62
310.19 77.55
315.84 77.47
321.59 77.40
327.44 77.33
333.4 77.25
339.47 77.18
345.64 77.11
351.93 77.04
358.34 76.97
364.86 76.89
371.5 76.82
378.26 76.75
385.15 76.68
392.16 76.61
399.29 76.54
406.56 76.47
413.96 76.40
421.49 76.32
429.16 76.25
436.97 76.18
444.93 76.11
453.02 76.04
461.27 75.97
469.66 75.89
478.21 75.83
486.91 75.76
495.78 75.69
504.8 75.62
513.99 75.56
523.34 75.50
532.87 75.43
542.56 75.37
552.44 75.31
562.49 75.26
572.73 75.20
583.15 75.14
593.77 75.09
604.57 75.03
615.57 74.97
626.78 74.92
638.18 74.86
649.8 74.81
661.63 74.77
673.67 74.73
685.93 74.69
698.41 74.65
711.12 74.61
724.06 74.58
737.24 74.55
750.66 74.52
764.32 74.50
778.23 74.47
792.39 74.46
806.82 74.44
821.5 74.44
836.45 74.43
851.67 74.44
867.17 74.45
882.96 74.48
899.02 74.51
915.39 74.56
932.05 74.62
949.01 74.70
966.28 74.79
983.87 74.89
1001.77 75.01
1020 75.15
1038.57 75.30
1057.47 75.48
1076.71 75.67
1096.31 75.88
1116.26 76.10
1136.58 76.32
1157.26 76.56
1178.32 76.81
1199.77 77.06
1221.6 77.31
1243.84 77.54
1266.47 77.77
1289.52 78.00
1312.99 78.21
1336.89 78.42
1361.22 78.62
1385.99 78.82
1411.22 79.01
1436.9 79.19
1463.05 79.37
1489.68 79.54
1516.79 79.72
1544.4 79.89
1572.5 80.06
1601.12 80.25
1630.26 80.44
1659.93 80.65
1690.14 80.86
1720.9 81.08
1752.22 81.31
1784.11 81.55
1816.58 81.79
1849.64 82.05
1883.3 82.30
1917.58 82.55
1952.48 82.78
1988.01 82.98
2024.19 83.16
2061.03 83.31
2098.54 83.43
2136.73 83.52
2175.62 83.57
2215.22 83.60
2255.53 83.60
2296.58 83.58
2338.38 83.54
2380.94 83.50
2424.27 83.45
2468.39 83.41
2513.31 83.39
2559.05 83.38
2605.63 83.40
2653.05 83.45
2701.33 83.54
2750.5 83.66
2800.55 83.81
2851.52 84.01
2903.42 84.23
2956.26 84.48
3010.06 84.75
3064.85 85.03
3120.62 85.31
3177.42 85.57
3235.25 85.81
3294.13 86.03
3354.08 86.21
3415.12 86.36
3477.27 86.48
3540.56 86.57
3605 86.62
3670.6 86.63
3737.41 86.62
3805.43 86.59
3874.68 86.56
3945.2 86.53
4017 86.52
4090.11 86.53
4164.55 86.56
4240.34 86.60
4317.51 86.66
4396.09 86.72
4476.1 86.79
4557.56 86.86
4640.5 86.92
4724.96 86.98
4810.95 87.03
4898.51 87.08
4987.66 87.12
5078.43 87.16
5170.86 87.21
5264.97 87.27
5360.79 87.35
5458.35 87.46
5557.69 87.60
5658.84 87.77
5761.82 87.94
5866.69 88.09
5973.46 88.19
6082.17 88.21
6192.87 88.15
6305.57 88.05
6420.33 87.92
6537.18 87.75
6656.15 87.54
6777.29 87.28
6900.63 87.01
7026.22 86.77
7154.1 86.60
7284.3 86.52
7416.87 86.50
7551.85 86.53
7689.29 86.52
7829.23 86.38
7971.72 86.06
8116.8 85.49
8264.53 84.66
8414.94 83.59
8568.09 82.37
8724.02 81.06
8882.79 79.74
9044.46 78.47
9209.06 77.30
9376.66 76.27
9547.31 75.40
9721.07 74.69
9897.99 74.14
10078.13 73.71
10261.55 73.35
10448.3 73.01
10638.45 72.61
10832.07 72.10
11029.21 71.49
11229.94 70.81
11434.32 70.16
11642.41 69.66
11854.3 69.44
12070.04 69.56
12289.71 70.04
12513.38 70.80
12741.12 71.73
12973 72.72
13209.1 73.64
13449.5 74.41
13694.28 74.98
13943.51 75.30
14197.27 75.35
14455.66 75.10
14718.74 74.51
14986.62 73.58
15259.37 72.31
15537.08 70.75
15819.85 68.97
16107.76 67.12
16400.92 65.35
16699.41 63.80
17003.33 62.58
17312.78 61.74
17627.86 61.30
17948.68 61.23
18275.34 61.46
18607.94 61.91
18946.6 62.47
19291.42 63.05
19642.52 63.61
20000 64.16
