20 81.78
20.36 81.79
20.73 81.79
21.11 81.80
21.5 81.80
21.89 81.81
22.29 81.81
22.69 81.81
23.1 81.81
23.52 81.81
23.95 81.81
24.39 81.81
24.83 81.81
25.28 81.81
25.74 81.80
26.21 81.79
26.69 81.78
27.18 81.77
27.67 81.76
28.17 81.75
28.69 81.73
29.21 81.71
29.74 81.69
30.28 81.66
30.83 81.64
31.39 81.60
31.97 81.57
32.55 81.54
33.14 81.50
33.74 81.46
34.36 81.41
34.98 81.36
35.62 81.32
36.27 81.27
36.93 81.21
37.6 81.16
38.28 81.10
38.98 81.04
39.69 80.99
40.41 80.93
41.15 80.87
41.9 80.81
42.66 80.75
43.44 80.69
44.23 80.62
45.03 80.56
45.85 80.50
46.68 80.44
47.53 80.39
48.4 80.33
49.28 80.27
50.18 80.21
51.09 80.15
52.02 80.09
52.97 80.03
53.93 79.97
54.91 79.91
55.91 79.85
56.93 79.79
57.97 79.72
59.02 79.66
60.09 79.59
61.19 79.53
62.3 79.46
63.44 79.39
64.59 79.31
65.77 79.24
66.96 79.17
68.18 79.09
69.42 79.01
70.69 78.93
71.97 78.85
73.28 78.77
74.62 78.68
75.97 78.60
77.36 78.51
78.76 78.42
80.2 78.34
81.66 78.25
83.14 78.16
84.66 78.08
86.2 77.99
87.77 77.91
89.36 77.82
90.99 77.73
92.65 77.65
94.33 77.57
96.05 77.48
97.8 77.40
99.58 77.31
101.39 77.22
103.23 77.14
105.11 77.05
107.03 76.97
108.97 76.88
110.96 76.80
112.98 76.72
115.03 76.64
117.13 76.56
119.26 76.48
121.43 76.40
123.64 76.32
125.89 76.24
128.18 76.16
130.51 76.08
132.89 76.00
135.31 75.92
137.77 75.84
140.28 75.77
142.83 75.69
145.43 75.62
148.07 75.54
150.77 75.47
153.51 75.40
156.31 75.33
159.15 75.27
162.05 75.20
165 75.14
168 75.08
171.06 75.03
174.17 74.97
177.34 74.92
180.57 74.86
183.86 74.81
187.2 74.76
190.61 74.70
194.08 74.65
197.61 74.59
201.21 74.54
204.87 74.49
208.6 74.44
212.39 74.39
216.26 74.35
220.19 74.31
224.2 74.27
228.28 74.23
232.44 74.20
236.67 74.16
240.97 74.13
245.36 74.10
249.82 74.07
254.37 74.04
259 74.02
263.71 73.99
268.51 73.97
273.4 73.95
278.38 73.93
283.44 73.91
288.6 73.89
293.85 73.87
299.2 73.85
304.65 73.83
310.19 73.81
315.84 73.78
321.59 73.76
327.44 73.75
333.4 73.73
339.47 73.72
345.64 73.72
351.93 73.73
358.34 73.75
364.86 73.78
371.5 73.80
378.26 73.81
385.15 73.81
392.16 73.79
399.29 73.76
406.56 73.71
413.96 73.65
421.49 73.58
429.16 73.51
436.97 73.46
444.93 73.44
453.02 73.47
461.27 73.53
469.66 73.61
478.21 73.71
486.91 73.80
495.78 73.89
504.8 73.97
513.99 74.03
523.34 74.09
532.87 74.14
542.56 74.18
552.44 74.22
562.49 74.25
572.73 74.27
583.15 74.29
593.77 74.31
604.57 74.33
615.57 74.35
626.78 74.37
638.18 74.39
649.8 74.41
661.63 74.44
673.67 74.46
685.93 74.48
698.41 74.50
711.12 74.52
724.06 74.55
737.24 74.57
750.66 74.60
764.32 74.62
778.23 74.64
792.39 74.65
806.82 74.66
821.5 74.67
836.45 74.68
851.67 74.69
867.17 74.70
882.96 74.71
899.02 74.73
915.39 74.75
932.05 74.79
949.01 74.83
966.28 74.88
983.87 74.94
1001.77 75.01
1020 75.09
1038.57 75.19
1057.47 75.31
1076.71 75.45
1096.31 75.59
1116.26 75.74
1136.58 75.90
1157.26 76.06
1178.32 76.23
1199.77 76.40
1221.6 76.57
1243.84 76.73
1266.47 76.89
1289.52 77.04
1312.99 77.17
1336.89 77.30
1361.22 77.41
1385.99 77.51
1411.22 77.59
1436.9 77.67
1463.05 77.73
1489.68 77.79
1516.79 77.83
1544.4 77.87
1572.5 77.90
1601.12 77.93
1630.26 77.96
1659.93 78.00
1690.14 78.03
1720.9 78.06
1752.22 78.10
1784.11 78.13
1816.58 78.17
1849.64 78.21
1883.3 78.26
1917.58 78.30
1952.48 78.35
1988.01 78.39
2024.19 78.44
2061.03 78.50
2098.54 78.55
2136.73 78.61
2175.62 78.67
2215.22 78.73
2255.53 78.80
2296.58 78.86
2338.38 78.91
2380.94 78.97
2424.27 79.02
2468.39 79.07
2513.31 79.11
2559.05 79.14
2605.63 79.17
2653.05 79.18
2701.33 79.18
2750.5 79.17
2800.55 79.15
2851.52 79.11
2903.42 79.05
2956.26 78.97
3010.06 78.87
3064.85 78.75
3120.62 78.62
3177.42 78.46
3235.25 78.29
3294.13 78.10
3354.08 77.89
3415.12 77.67
3477.27 77.44
3540.56 77.21
3605 76.97
3670.6 76.75
3737.41 76.53
3805.43 76.34
3874.68 76.16
3945.2 76.01
4017 75.88
4090.11 75.78
4164.55 75.71
4240.34 75.66
4317.51 75.64
4396.09 75.64
4476.1 75.64
4557.56 75.64
4640.5 75.68
4724.96 75.76
4810.95 75.92
4898.51 76.15
4987.66 76.46
5078.43 76.83
5170.86 77.27
5264.97 77.75
5360.79 78.26
5458.35 78.76
5557.69 79.23
5658.84 79.64
5761.82 79.97
5866.69 80.21
5973.46 80.36
6082.17 80.42
6192.87 80.41
6305.57 80.36
6420.33 80.28
6537.18 80.20
6656.15 80.14
6777.29 80.09
6900.63 80.09
7026.22 80.11
7154.1 80.18
7284.3 80.27
7416.87 80.39
7551.85 80.51
7689.29 80.64
7829.23 80.73
7971.72 80.77
8116.8 80.70
8264.53 80.51
8414.94 80.15
8568.09 79.61
8724.02 78.91
8882.79 78.07
9044.46 77.14
9209.06 76.16
9376.66 75.17
9547.31 74.23
9721.07 73.35
9897.99 72.55
10078.13 71.83
10261.55 71.21
10448.3 70.67
10638.45 70.21
10832.07 69.79
11029.21 69.40
11229.94 69.03
11434.32 68.69
11642.41 68.37
11854.3 68.11
12070.04 67.92
12289.71 67.83
12513.38 67.83
12741.12 67.90
12973 68.01
13209.1 68.12
13449.5 68.22
13694.28 68.30
13943.51 68.39
14197.27 68.49
14455.66 68.57
14718.74 68.55
14986.62 68.38
15259.37 68.08
15537.08 67.75
15819.85 67.50
16107.76 67.43
16400.92 67.59
16699.41 67.92
17003.33 68.36
17312.78 68.76
17627.86 68.97
17948.68 68.85
18275.34 68.31
18607.94 67.33
18946.6 65.94
19291.42 64.29
19642.52 62.52
20000 60.71
