20 88.67
20.36 88.69
20.73 88.71
21.11 88.73
21.5 88.76
21.89 88.78
22.29 88.81
22.69 88.83
23.1 88.85
23.52 88.87
23.95 88.89
24.39 88.92
24.83 88.94
25.28 88.96
25.74 88.98
26.21 89.00
26.69 89.02
27.18 89.04
27.67 89.06
28.17 89.08
28.69 89.10
29.21 89.12
29.74 89.14
30.28 89.16
30.83 89.17
31.39 89.19
31.97 89.21
32.55 89.22
33.14 89.24
33.74 89.25
34.36 89.27
34.98 89.28
35.62 89.29
36.27 89.30
36.93 89.31
37.6 89.31
38.28 89.31
38.98 89.31
39.69 89.31
40.41 89.30
41.15 89.29
41.9 89.28
42.66 89.26
43.44 89.24
44.23 89.22
45.03 89.19
45.85 89.15
46.68 89.11
47.53 89.07
48.4 89.02
49.28 88.97
50.18 88.92
51.09 88.86
52.02 88.80
52.97 88.74
53.93 88.67
54.91 88.61
55.91 88.55
56.93 88.48
57.97 88.42
59.02 88.35
60.09 88.28
61.19 88.22
62.3 88.15
63.44 88.09
64.59 88.02
65.77 87.96
66.96 87.90
68.18 87.83
69.42 87.77
70.69 87.71
71.97 87.65
73.28 87.59
74.62 87.52
75.97 87.46
77.36 87.40
78.76 87.34
80.2 87.27
81.66 87.21
83.14 87.14
84.66 87.08
86.2 87.00
87.77 86.93
89.36 86.86
90.99 86.78
92.65 86.70
94.33 86.62
96.05 86.54
97.8 86.45
99.58 86.37
101.39 86.28
103.23 86.19
105.11 86.10
107.03 86.00
108.97 85.91
110.96 85.82
112.98 85.72
115.03 85.62
117.13 85.53
119.26 85.43
121.43 85.34
123.64 85.25
125.89 85.16
128.18 85.07
130.51 84.99
132.89 84.90
135.31 84.81
137.77 84.72
140.28 84.62
142.83 84.52
145.43 84.42
148.07 84.32
150.77 84.21
153.51 84.10
156.31 83.99
159.15 83.88
162.05 83.77
165 83.66
168 83.55
171.06 83.44
174.17 83.33
177.34 83.22
180.57 83.11
183.86 83.00
187.2 82.89
190.61 82.78
194.08 82.67
197.61 82.56
201.21 82.46
204.87 82.36
208.6 82.26
212.39 82.16
216.26 82.06
220.19 81.95
224.2 81.85
228.28 81.74
232.44 81.63
236.67 81.52
240.97 81.40
245.36 81.29
249.82 81.17
254.37 81.06
259 80.94
263.71 80.83
268.51 80.71
273.4 80.59
278.38 80.48
283.44 80.37
288.6 80.25
293.85 80.14
299.2 80.02
304.65 79.91
310.19 79.78
315.84 79.67
321.59 79.55
327.44 79.43
333.4 79.32
339.47 79.21
345.64 79.10
351.93 79.00
358.34 78.90
364.86 78.79
371.5 78.69
378.26 78.59
385.15 78.49
392.16 78.39
399.29 78.28
406.56 78.18
413.96 78.08
421.49 77.97
429.16 77.87
436.97 77.77
444.93 77.66
453.02 77.56
461.27 77.45
469.66 77.35
478.21 77.25
486.91 77.16
495.78 77.06
504.8 76.97
513.99 76.87
523.34 76.78
532.87 76.68
542.56 76.59
552.44 76.50
562.49 76.41
572.73 76.31
583.15 76.22
593.77 76.13
604.57 76.04
615.57 75.95
626.78 75.86
638.18 75.77
649.8 75.68
661.63 75.60
673.67 75.52
685.93 75.45
698.41 75.38
711.12 75.32
724.06 75.25
737.24 75.19
750.66 75.12
764.32 75.05
778.23 74.99
792.39 74.94
806.82 74.89
821.5 74.85
836.45 74.82
851.67 74.79
867.17 74.77
882.96 74.77
899.02 74.77
915.39 74.78
932.05 74.81
949.01 74.84
966.28 74.89
983.87 74.94
1001.77 75.01
1020 75.09
1038.57 75.18
1057.47 75.29
1076.71 75.42
1096.31 75.56
1116.26 75.71
1136.58 75.89
1157.26 76.08
1178.32 76.29
1199.77 76.51
1221.6 76.73
1243.84 76.96
1266.47 77.18
1289.52 77.39
1312.99 77.58
1336.89 77.75
1361.22 77.91
1385.99 78.05
1411.22 78.18
1436.9 78.30
1463.05 78.41
1489.68 78.52
1516.79 78.62
1544.4 78.73
1572.5 78.84
1601.12 78.95
1630.26 79.07
1659.93 79.19
1690.14 79.32
1720.9 79.45
1752.22 79.58
1784.11 79.71
1816.58 79.85
1849.64 80.00
1883.3 80.16
1917.58 80.34
1952.48 80.53
1988.01 80.73
2024.19 80.94
2061.03 81.17
2098.54 81.40
2136.73 81.65
2175.62 81.90
2215.22 82.17
2255.53 82.45
2296.58 82.75
2338.38 83.06
2380.94 83.39
2424.27 83.71
2468.39 84.03
2513.31 84.35
2559.05 84.68
2605.63 85.00
2653.05 85.32
2701.33 85.62
2750.5 85.90
2800.55 86.14
2851.52 86.34
2903.42 86.50
2956.26 86.60
3010.06 86.64
3064.85 86.62
3120.62 86.54
3177.42 86.40
3235.25 86.21
3294.13 85.97
3354.08 85.69
3415.12 85.38
3477.27 85.04
3540.56 84.70
3605 84.34
3670.6 83.98
3737.41 83.62
3805.43 83.26
3874.68 82.92
3945.2 82.59
4017 82.29
4090.11 82.00
4164.55 81.74
4240.34 81.50
4317.51 81.27
4396.09 81.06
4476.1 80.87
4557.56 80.71
4640.5 80.56
4724.96 80.43
4810.95 80.31
4898.51 80.22
4987.66 80.15
5078.43 80.10
5170.86 80.09
5264.97 80.12
5360.79 80.19
5458.35 80.33
5557.69 80.52
5658.84 80.78
5761.82 81.11
5866.69 81.51
5973.46 81.97
6082.17 82.50
6192.87 83.08
6305.57 83.69
6420.33 84.33
6537.18 84.95
6656.15 85.51
6777.29 85.95
6900.63 86.21
7026.22 86.24
7154.1 86.03
7284.3 85.58
7416.87 84.95
7551.85 84.18
7689.29 83.33
7829.23 82.47
7971.72 81.62
8116.8 80.84
8264.53 80.14
8414.94 79.52
8568.09 79.01
8724.02 78.60
8882.79 78.29
9044.46 78.05
9209.06 77.86
9376.66 77.67
9547.31 77.45
9721.07 77.16
9897.99 76.78
10078.13 76.28
10261.55 75.65
10448.3 74.93
10638.45 74.13
10832.07 73.28
11029.21 72.42
11229.94 71.60
11434.32 70.86
11642.41 70.23
11854.3 69.74
12070.04 69.40
12289.71 69.21
12513.38 69.14
12741.12 69.16
12973 69.23
13209.1 69.33
13449.5 69.42
13694.28 69.48
13943.51 69.53
14197.27 69.59
14455.66 69.66
14718.74 69.78
14986.62 69.94
15259.37 70.09
15537.08 70.13
15819.85 69.86
16107.76 68.97
16400.92 67.09
16699.41 63.89
17003.33 59.30
17312.78 53.77
17627.86 48.24
17948.68 43.57
18275.34 40.12
18607.94 37.82
18946.6 36.39
19291.42 35.53
19642.52 34.95
20000 34.44
