20 77.62
20.36 77.66
20.73 77.71
21.11 77.75
21.5 77.80
21.89 77.84
22.29 77.89
22.69 77.94
23.1 77.98
23.52 78.03
23.95 78.07
24.39 78.11
24.83 78.16
25.28 78.20
25.74 78.24
26.21 78.28
26.69 78.33
27.18 78.37
27.67 78.41
28.17 78.45
28.69 78.48
29.21 78.52
29.74 78.56
30.28 78.60
30.83 78.63
31.39 78.67
31.97 78.70
32.55 78.73
33.14 78.77
33.74 78.80
34.36 78.83
34.98 78.86
35.62 78.88
36.27 78.91
36.93 78.93
37.6 78.95
38.28 78.97
38.98 78.98
39.69 79.00
40.41 79.00
41.15 79.01
41.9 79.01
42.66 79.01
43.44 79.01
44.23 79.00
45.03 78.99
45.85 78.97
46.68 78.95
47.53 78.92
48.4 78.89
49.28 78.86
50.18 78.83
51.09 78.80
52.02 78.76
52.97 78.72
53.93 78.69
54.91 78.65
55.91 78.61
56.93 78.58
57.97 78.54
59.02 78.51
60.09 78.48
61.19 78.45
62.3 78.42
63.44 78.40
64.59 78.38
65.77 78.36
66.96 78.34
68.18 78.32
69.42 78.30
70.69 78.28
71.97 78.27
73.28 78.25
74.62 78.24
75.97 78.23
77.36 78.22
78.76 78.21
80.2 78.20
81.66 78.19
83.14 78.19
84.66 78.18
86.2 78.18
87.77 78.18
89.36 78.18
90.99 78.17
92.65 78.16
94.33 78.15
96.05 78.14
97.8 78.11
99.58 78.08
101.39 78.05
103.23 78.01
105.11 77.96
107.03 77.91
108.97 77.86
110.96 77.80
112.98 77.74
115.03 77.68
117.13 77.62
119.26 77.56
121.43 77.51
123.64 77.46
125.89 77.41
128.18 77.36
130.51 77.33
132.89 77.29
135.31 77.27
137.77 77.25
140.28 77.24
142.83 77.23
145.43 77.22
148.07 77.22
150.77 77.21
153.51 77.19
156.31 77.18
159.15 77.16
162.05 77.13
165 77.09
168 77.05
171.06 77.00
174.17 76.95
177.34 76.89
180.57 76.84
183.86 76.79
187.2 76.74
190.61 76.69
194.08 76.64
197.61 76.59
201.21 76.54
204.87 76.49
208.6 76.45
212.39 76.41
216.26 76.37
220.19 76.33
224.2 76.29
228.28 76.25
232.44 76.21
236.67 76.17
240.97 76.12
245.36 76.07
249.82 76.02
254.37 75.97
259 75.92
263.71 75.87
268.51 75.82
273.4 75.78
278.38 75.73
283.44 75.68
288.6 75.63
293.85 75.58
299.2 75.53
304.65 75.48
310.19 75.43
315.84 75.39
321.59 75.34
327.44 75.30
333.4 75.25
339.47 75.22
345.64 75.18
351.93 75.14
358.34 75.11
364.86 75.08
371.5 75.04
378.26 75.00
385.15 74.97
392.16 74.93
399.29 74.89
406.56 74.85
413.96 74.81
421.49 74.77
429.16 74.74
436.97 74.70
444.93 74.67
453.02 74.64
461.27 74.62
469.66 74.60
478.21 74.58
486.91 74.56
495.78 74.54
504.8 74.52
513.99 74.50
523.34 74.48
532.87 74.47
542.56 74.45
552.44 74.44
562.49 74.43
572.73 74.43
583.15 74.42
593.77 74.42
604.57 74.41
615.57 74.41
626.78 74.41
638.18 74.40
649.8 74.40
661.63 74.40
673.67 74.40
685.93 74.40
698.41 74.40
711.12 74.40
724.06 74.41
737.24 74.42
750.66 74.43
764.32 74.44
778.23 74.46
792.39 74.48
806.82 74.50
821.5 74.52
836.45 74.54
851.67 74.57
867.17 74.60
882.96 74.64
899.02 74.68
915.39 74.72
932.05 74.77
949.01 74.82
966.28 74.88
983.87 74.94
1001.77 75.01
1020 75.08
1038.57 75.17
1057.47 75.26
1076.71 75.36
1096.31 75.47
1116.26 75.59
1136.58 75.72
1157.26 75.85
1178.32 75.99
1199.77 76.12
1221.6 76.25
1243.84 76.36
1266.47 76.46
1289.52 76.53
1312.99 76.57
1336.89 76.57
1361.22 76.54
1385.99 76.47
1411.22 76.36
1436.9 76.22
1463.05 76.05
1489.68 75.85
1516.79 75.64
1544.4 75.41
1572.5 75.18
1601.12 74.94
1630.26 74.69
1659.93 74.45
1690.14 74.20
1720.9 73.98
1752.22 73.79
1784.11 73.63
1816.58 73.52
1849.64 73.46
1883.3 73.46
1917.58 73.51
1952.48 73.62
1988.01 73.77
2024.19 73.96
2061.03 74.18
2098.54 74.43
2136.73 74.72
2175.62 75.03
2215.22 75.40
2255.53 75.81
2296.58 76.29
2338.38 76.82
2380.94 77.41
2424.27 78.05
2468.39 78.73
2513.31 79.44
2559.05 80.18
2605.63 80.93
2653.05 81.67
2701.33 82.39
2750.5 83.06
2800.55 83.64
2851.52 84.09
2903.42 84.41
2956.26 84.57
3010.06 84.58
3064.85 84.45
3120.62 84.19
3177.42 83.84
3235.25 83.42
3294.13 82.93
3354.08 82.41
3415.12 81.87
3477.27 81.34
3540.56 80.85
3605 80.43
3670.6 80.08
3737.41 79.83
3805.43 79.64
3874.68 79.52
3945.2 79.46
4017 79.45
4090.11 79.50
4164.55 79.62
4240.34 79.83
4317.51 80.15
4396.09 80.58
4476.1 81.16
4557.56 81.88
4640.5 82.74
4724.96 83.70
4810.95 84.66
4898.51 85.46
4987.66 85.89
5078.43 85.75
5170.86 84.87
5264.97 83.19
5360.79 80.83
5458.35 78.05
5557.69 75.21
5658.84 72.73
5761.82 70.95
5866.69 70.10
5973.46 70.21
6082.17 71.13
6192.87 72.66
6305.57 74.59
6420.33 76.81
6537.18 79.20
6656.15 81.69
6777.29 84.18
6900.63 86.56
7026.22 88.70
7154.1 90.53
7284.3 91.97
7416.87 92.98
7551.85 93.56
7689.29 93.66
7829.23 93.24
7971.72 92.27
8116.8 90.74
8264.53 88.74
8414.94 86.41
8568.09 83.94
8724.02 81.51
8882.79 79.23
9044.46 77.19
9209.06 75.39
9376.66 73.83
9547.31 72.48
9721.07 71.33
9897.99 70.36
10078.13 69.57
10261.55 68.95
10448.3 68.51
10638.45 68.28
10832.07 68.24
11029.21 68.40
11229.94 68.75
11434.32 69.25
11642.41 69.81
11854.3 70.35
12070.04 70.74
12289.71 70.91
12513.38 70.86
12741.12 70.66
12973 70.44
13209.1 70.30
13449.5 70.22
13694.28 70.16
13943.51 70.00
14197.27 69.63
14455.66 68.99
14718.74 68.09
14986.62 66.97
15259.37 65.75
15537.08 64.55
15819.85 63.49
16107.76 62.69
16400.92 62.28
16699.41 62.34
17003.33 62.97
17312.78 64.18
17627.86 65.91
17948.68 67.94
18275.34 69.90
18607.94 71.48
18946.6 72.52
19291.42 73.09
19642.52 73.36
20000 73.54
