20 84.39
20.36 84.43
20.73 84.47
21.11 84.51
21.5 84.55
21.89 84.59
22.29 84.62
22.69 84.66
23.1 84.70
23.52 84.73
23.95 84.77
24.39 84.80
24.83 84.83
25.28 84.86
25.74 84.89
26.21 84.92
26.69 84.95
27.18 84.97
27.67 84.99
28.17 85.02
28.69 85.04
29.21 85.05
29.74 85.07
30.28 85.08
30.83 85.09
31.39 85.10
31.97 85.11
32.55 85.11
33.14 85.12
33.74 85.12
34.36 85.11
34.98 85.11
35.62 85.10
36.27 85.09
36.93 85.08
37.6 85.07
38.28 85.05
38.98 85.04
39.69 85.02
40.41 85.00
41.15 84.98
41.9 84.96
42.66 84.94
43.44 84.91
44.23 84.89
45.03 84.86
45.85 84.84
46.68 84.81
47.53 84.79
48.4 84.76
49.28 84.73
50.18 84.70
51.09 84.67
52.02 84.64
52.97 84.60
53.93 84.56
54.91 84.52
55.91 84.48
56.93 84.44
57.97 84.39
59.02 84.34
60.09 84.29
61.19 84.23
62.3 84.18
63.44 84.12
64.59 84.05
65.77 83.99
66.96 83.92
68.18 83.86
69.42 83.79
70.69 83.72
71.97 83.65
73.28 83.57
74.62 83.50
75.97 83.42
77.36 83.35
78.76 83.27
80.2 83.20
81.66 83.12
83.14 83.04
84.66 82.96
86.2 82.88
87.77 82.80
89.36 82.71
90.99 82.63
92.65 82.55
94.33 82.46
96.05 82.38
97.8 82.29
99.58 82.20
101.39 82.12
103.23 82.03
105.11 81.94
107.03 81.85
108.97 81.76
110.96 81.67
112.98 81.58
115.03 81.48
117.13 81.39
119.26 81.30
121.43 81.20
123.64 81.11
125.89 81.01
128.18 80.92
130.51 80.83
132.89 80.73
135.31 80.63
137.77 80.54
140.28 80.44
142.83 80.34
145.43 80.24
148.07 80.14
150.77 80.04
153.51 79.94
156.31 79.84
159.15 79.75
162.05 79.65
165 79.55
168 79.45
171.06 79.35
174.17 79.25
177.34 79.16
180.57 79.06
183.86 78.96
187.2 78.86
190.61 78.77
194.08 78.67
197.61 78.58
201.21 78.48
204.87 78.39
208.6 78.29
212.39 78.19
216.26 78.10
220.19 78.01
224.2 77.92
228.28 77.83
232.44 77.74
236.67 77.66
240.97 77.57
245.36 77.48
249.82 77.40
254.37 77.31
259 77.22
263.71 77.14
268.51 77.05
273.4 76.96
278.38 76.88
283.44 76.79
288.6 76.70
293.85 76.61
299.2 76.53
304.65 76.44
310.19 76.36
315.84 76.28
321.59 76.20
327.44 76.12
333.4 76.05
339.47 75.97
345.64 75.90
351.93 75.83
358.34 75.76
364.86 75.69
371.5 75.62
378.26 75.55
385.15 75.48
392.16 75.41
399.29 75.34
406.56 75.28
413.96 75.21
421.49 75.14
429.16 75.08
436.97 75.02
444.93 74.96
453.02 74.90
461.27 74.85
469.66 74.80
478.21 74.74
486.91 74.70
495.78 74.65
504.8 74.61
513.99 74.57
523.34 74.53
532.87 74.49
542.56 74.46
552.44 74.42
562.49 74.39
572.73 74.35
583.15 74.32
593.77 74.28
604.57 74.25
615.57 74.22
626.78 74.19
638.18 74.17
649.8 74.15
661.63 74.14
673.67 74.12
685.93 74.11
698.41 74.11
711.12 74.10
724.06 74.10
737.24 74.10
750.66 74.10
764.32 74.10
778.23 74.11
792.39 74.12
806.82 74.13
821.5 74.14
836.45 74.16
851.67 74.19
867.17 74.23
882.96 74.28
899.02 74.35
915.39 74.42
932.05 74.52
949.01 74.62
966.28 74.74
983.87 74.87
1001.77 75.02
1020 75.18
1038.57 75.37
1057.47 75.58
1076.71 75.79
1096.31 76.03
1116.26 76.26
1136.58 76.50
1157.26 76.75
1178.32 77.00
1199.77 77.24
1221.6 77.48
1243.84 77.70
1266.47 77.91
1289.52 78.11
1312.99 78.30
1336.89 78.48
1361.22 78.64
1385.99 78.80
1411.22 78.93
1436.9 79.06
1463.05 79.17
1489.68 79.27
1516.79 79.36
1544.4 79.43
1572.5 79.49
1601.12 79.54
1630.26 79.58
1659.93 79.61
1690.14 79.64
1720.9 79.67
1752.22 79.70
1784.11 79.73
1816.58 79.76
1849.64 79.81
1883.3 79.85
1917.58 79.91
1952.48 79.97
1988.01 80.04
2024.19 80.11
2061.03 80.18
2098.54 80.25
2136.73 80.32
2175.62 80.37
2215.22 80.41
2255.53 80.43
2296.58 80.44
2338.38 80.41
2380.94 80.37
2424.27 80.29
2468.39 80.19
2513.31 80.07
2559.05 79.93
2605.63 79.77
2653.05 79.59
2701.33 79.40
2750.5 79.20
2800.55 78.99
2851.52 78.79
2903.42 78.58
2956.26 78.39
3010.06 78.19
3064.85 78.00
3120.62 77.82
3177.42 77.65
3235.25 77.50
3294.13 77.36
3354.08 77.24
3415.12 77.13
3477.27 77.04
3540.56 76.97
3605 76.92
3670.6 76.88
3737.41 76.87
3805.43 76.88
3874.68 76.92
3945.2 76.97
4017 77.04
4090.11 77.12
4164.55 77.21
4240.34 77.30
4317.51 77.38
4396.09 77.42
4476.1 77.43
4557.56 77.38
4640.5 77.28
4724.96 77.13
4810.95 76.95
4898.51 76.79
4987.66 76.70
5078.43 76.75
5170.86 76.99
5264.97 77.46
5360.79 78.16
5458.35 79.02
5557.69 79.92
5658.84 80.73
5761.82 81.38
5866.69 81.79
5973.46 81.98
6082.17 82.03
6192.87 82.03
6305.57 82.07
6420.33 82.21
6537.18 82.48
6656.15 82.84
6777.29 83.18
6900.63 83.35
7026.22 83.18
7154.1 82.54
7284.3 81.37
7416.87 79.75
7551.85 77.80
7689.29 75.69
7829.23 73.58
7971.72 71.57
8116.8 69.72
8264.53 68.04
8414.94 66.52
8568.09 65.18
8724.02 63.99
8882.79 62.94
9044.46 62.02
9209.06 61.21
9376.66 60.51
9547.31 59.90
9721.07 59.40
9897.99 58.99
10078.13 58.69
10261.55 58.50
10448.3 58.44
10638.45 58.52
10832.07 58.75
11029.21 59.14
11229.94 59.68
11434.32 60.34
11642.41 61.09
11854.3 61.88
12070.04 62.62
12289.71 63.27
12513.38 63.76
12741.12 64.07
12973 64.19
13209.1 64.10
13449.5 63.83
13694.28 63.38
13943.51 62.72
14197.27 61.86
14455.66 60.79
14718.74 59.56
14986.62 58.25
15259.37 56.94
15537.08 55.68
15819.85 54.45
16107.76 53.17
16400.92 51.80
16699.41 50.40
17003.33 49.09
17312.78 48.03
17627.86 47.32
17948.68 46.91
18275.34 46.61
18607.94 46.28
18946.6 45.82
19291.42 45.22
19642.52 44.50
20000 43.75
