20 80.90
20.36 80.93
20.73 80.97
21.11 81.00
21.5 81.04
21.89 81.08
22.29 81.11
22.69 81.14
23.1 81.18
23.52 81.21
23.95 81.24
24.39 81.27
24.83 81.30
25.28 81.33
25.74 81.36
26.21 81.39
26.69 81.42
27.18 81.44
27.67 81.47
28.17 81.49
28.69 81.51
29.21 81.53
29.74 81.55
30.28 81.57
30.83 81.59
31.39 81.60
31.97 81.61
32.55 81.62
33.14 81.63
33.74 81.64
34.36 81.64
34.98 81.65
35.62 81.65
36.27 81.65
36.93 81.65
37.6 81.65
38.28 81.65
38.98 81.65
39.69 81.64
40.41 81.64
41.15 81.63
41.9 81.63
42.66 81.62
43.44 81.61
44.23 81.61
45.03 81.60
45.85 81.60
46.68 81.59
47.53 81.58
48.4 81.58
49.28 81.57
50.18 81.56
51.09 81.55
52.02 81.54
52.97 81.53
53.93 81.51
54.91 81.50
55.91 81.48
56.93 81.46
57.97 81.44
59.02 81.42
60.09 81.39
61.19 81.37
62.3 81.34
63.44 81.31
64.59 81.28
65.77 81.24
66.96 81.21
68.18 81.18
69.42 81.14
70.69 81.11
71.97 81.07
73.28 81.04
74.62 81.01
75.97 80.97
77.36 80.94
78.76 80.90
80.2 80.86
81.66 80.82
83.14 80.77
84.66 80.72
86.2 80.67
87.77 80.61
89.36 80.55
90.99 80.48
92.65 80.42
94.33 80.35
96.05 80.28
97.8 80.21
99.58 80.14
101.39 80.08
103.23 80.01
105.11 79.94
107.03 79.88
108.97 79.81
110.96 79.75
112.98 79.68
115.03 79.62
117.13 79.55
119.26 79.48
121.43 79.41
123.64 79.34
125.89 79.27
128.18 79.19
130.51 79.11
132.89 79.03
135.31 78.94
137.77 78.86
140.28 78.77
142.83 78.68
145.43 78.60
148.07 78.51
150.77 78.42
153.51 78.34
156.31 78.25
159.15 78.17
162.05 78.08
165 78.00
168 77.91
171.06 77.82
174.17 77.73
177.34 77.64
180.57 77.55
183.86 77.46
187.2 77.37
190.61 77.28
194.08 77.19
197.61 77.10
201.21 77.01
204.87 76.92
208.6 76.82
212.39 76.73
216.26 76.63
220.19 76.53
224.2 76.44
228.28 76.34
232.44 76.25
236.67 76.15
240.97 76.06
245.36 75.97
249.82 75.87
254.37 75.78
259 75.69
263.71 75.60
268.51 75.51
273.4 75.43
278.38 75.34
283.44 75.27
288.6 75.19
293.85 75.11
299.2 75.04
304.65 74.97
310.19 74.90
315.84 74.84
321.59 74.77
327.44 74.71
333.4 74.65
339.47 74.60
345.64 74.56
351.93 74.51
358.34 74.48
364.86 74.44
371.5 74.41
378.26 74.38
385.15 74.35
392.16 74.33
399.29 74.30
406.56 74.27
413.96 74.25
421.49 74.23
429.16 74.22
436.97 74.20
444.93 74.19
453.02 74.19
461.27 74.18
469.66 74.18
478.21 74.18
486.91 74.17
495.78 74.18
504.8 74.18
513.99 74.19
523.34 74.20
532.87 74.22
542.56 74.23
552.44 74.24
562.49 74.25
572.73 74.27
583.15 74.28
593.77 74.28
604.57 74.29
615.57 74.30
626.78 74.31
638.18 74.31
649.8 74.32
661.63 74.33
673.67 74.34
685.93 74.36
698.41 74.37
711.12 74.38
724.06 74.39
737.24 74.39
750.66 74.40
764.32 74.40
778.23 74.40
792.39 74.40
806.82 74.41
821.5 74.42
836.45 74.44
851.67 74.46
867.17 74.49
882.96 74.53
899.02 74.57
915.39 74.61
932.05 74.67
949.01 74.74
966.28 74.82
983.87 74.91
1001.77 75.01
1020 75.13
1038.57 75.27
1057.47 75.42
1076.71 75.58
1096.31 75.76
1116.26 75.94
1136.58 76.12
1157.26 76.31
1178.32 76.51
1199.77 76.71
1221.6 76.91
1243.84 77.11
1266.47 77.29
1289.52 77.46
1312.99 77.63
1336.89 77.79
1361.22 77.94
1385.99 78.08
1411.22 78.22
1436.9 78.36
1463.05 78.49
1489.68 78.61
1516.79 78.74
1544.4 78.86
1572.5 78.98
1601.12 79.10
1630.26 79.22
1659.93 79.36
1690.14 79.49
1720.9 79.62
1752.22 79.76
1784.11 79.89
1816.58 80.03
1849.64 80.17
1883.3 80.31
1917.58 80.45
1952.48 80.58
1988.01 80.71
2024.19 80.83
2061.03 80.94
2098.54 81.04
2136.73 81.13
2175.62 81.22
2215.22 81.29
2255.53 81.36
2296.58 81.43
2338.38 81.49
2380.94 81.54
2424.27 81.59
2468.39 81.63
2513.31 81.65
2559.05 81.64
2605.63 81.59
2653.05 81.49
2701.33 81.33
2750.5 81.12
2800.55 80.84
2851.52 80.52
2903.42 80.15
2956.26 79.75
3010.06 79.35
3064.85 78.95
3120.62 78.58
3177.42 78.28
3235.25 78.07
3294.13 77.95
3354.08 77.94
3415.12 78.04
3477.27 78.23
3540.56 78.49
3605 78.78
3670.6 79.09
3737.41 79.38
3805.43 79.60
3874.68 79.73
3945.2 79.75
4017 79.64
4090.11 79.41
4164.55 79.06
4240.34 78.64
4317.51 78.16
4396.09 77.70
4476.1 77.28
4557.56 76.93
4640.5 76.67
4724.96 76.49
4810.95 76.36
4898.51 76.27
4987.66 76.17
5078.43 76.04
5170.86 75.86
5264.97 75.63
5360.79 75.36
5458.35 75.08
5557.69 74.81
5658.84 74.57
5761.82 74.37
5866.69 74.22
5973.46 74.13
6082.17 74.07
6192.87 74.06
6305.57 74.10
6420.33 74.20
6537.18 74.36
6656.15 74.59
6777.29 74.91
6900.63 75.31
7026.22 75.80
7154.1 76.37
7284.3 76.97
7416.87 77.58
7551.85 78.12
7689.29 78.51
7829.23 78.69
7971.72 78.59
8116.8 78.20
8264.53 77.54
8414.94 76.66
8568.09 75.66
8724.02 74.61
8882.79 73.60
9044.46 72.68
9209.06 71.89
9376.66 71.25
9547.31 70.77
9721.07 70.45
9897.99 70.30
10078.13 70.30
10261.55 70.42
10448.3 70.62
10638.45 70.86
10832.07 71.07
11029.21 71.20
11229.94 71.20
11434.32 71.03
11642.41 70.70
11854.3 70.25
12070.04 69.73
12289.71 69.23
12513.38 68.81
12741.12 68.51
12973 68.31
13209.1 68.19
13449.5 68.08
13694.28 67.95
13943.51 67.77
14197.27 67.53
14455.66 67.23
14718.74 66.93
14986.62 66.65
15259.37 66.42
15537.08 66.25
15819.85 66.13
16107.76 66.02
16400.92 65.85
16699.41 65.62
17003.33 65.41
17312.78 65.35
17627.86 65.43
17948.68 65.43
18275.34 65.07
18607.94 64.21
18946.6 62.87
19291.42 61.17
19642.52 59.29
20000 57.35
