20 78.81
20.36 78.84
20.73 78.88
21.11 78.92
21.5 78.96
21.89 79.00
22.29 79.04
22.69 79.07
23.1 79.11
23.52 79.15
23.95 79.18
24.39 79.22
24.83 79.25
25.28 79.29
25.74 79.32
26.21 79.35
26.69 79.39
27.18 79.42
27.67 79.45
28.17 79.47
28.69 79.50
29.21 79.53
29.74 79.56
30.28 79.58
30.83 79.60
31.39 79.62
31.97 79.64
32.55 79.66
33.14 79.68
33.74 79.70
34.36 79.71
34.98 79.72
35.62 79.74
36.27 79.75
36.93 79.76
37.6 79.76
38.28 79.77
38.98 79.78
39.69 79.78
40.41 79.78
41.15 79.78
41.9 79.78
42.66 79.78
43.44 79.78
44.23 79.78
45.03 79.78
45.85 79.77
46.68 79.77
47.53 79.76
48.4 79.75
49.28 79.74
50.18 79.74
51.09 79.73
52.02 79.72
52.97 79.71
53.93 79.70
54.91 79.69
55.91 79.68
56.93 79.67
57.97 79.66
59.02 79.65
60.09 79.64
61.19 79.63
62.3 79.62
63.44 79.61
64.59 79.60
65.77 79.58
66.96 79.57
68.18 79.55
69.42 79.53
70.69 79.51
71.97 79.49
73.28 79.46
74.62 79.43
75.97 79.40
77.36 79.37
78.76 79.33
80.2 79.30
81.66 79.28
83.14 79.25
84.66 79.23
86.2 79.21
87.77 79.19
89.36 79.18
90.99 79.17
92.65 79.16
94.33 79.15
96.05 79.14
97.8 79.12
99.58 79.10
101.39 79.08
103.23 79.06
105.11 79.03
107.03 79.01
108.97 78.97
110.96 78.94
112.98 78.91
115.03 78.87
117.13 78.84
119.26 78.80
121.43 78.76
123.64 78.71
125.89 78.67
128.18 78.62
130.51 78.57
132.89 78.52
135.31 78.46
137.77 78.41
140.28 78.36
142.83 78.30
145.43 78.25
148.07 78.20
150.77 78.15
153.51 78.11
156.31 78.06
159.15 78.01
162.05 77.96
165 77.91
168 77.85
171.06 77.80
174.17 77.73
177.34 77.67
180.57 77.61
183.86 77.54
187.2 77.47
190.61 77.40
194.08 77.34
197.61 77.27
201.21 77.20
204.87 77.13
208.6 77.07
212.39 77.00
216.26 76.93
220.19 76.86
224.2 76.79
228.28 76.72
232.44 76.65
236.67 76.58
240.97 76.51
245.36 76.43
249.82 76.36
254.37 76.28
259 76.20
263.71 76.12
268.51 76.03
273.4 75.95
278.38 75.87
283.44 75.79
288.6 75.71
293.85 75.63
299.2 75.55
304.65 75.47
310.19 75.39
315.84 75.31
321.59 75.22
327.44 75.14
333.4 75.06
339.47 74.97
345.64 74.89
351.93 74.81
358.34 74.73
364.86 74.65
371.5 74.57
378.26 74.49
385.15 74.42
392.16 74.34
399.29 74.27
406.56 74.20
413.96 74.12
421.49 74.05
429.16 73.98
436.97 73.92
444.93 73.85
453.02 73.79
461.27 73.73
469.66 73.67
478.21 73.61
486.91 73.55
495.78 73.50
504.8 73.45
513.99 73.40
523.34 73.35
532.87 73.31
542.56 73.28
552.44 73.25
562.49 73.22
572.73 73.20
583.15 73.18
593.77 73.16
604.57 73.15
615.57 73.15
626.78 73.16
638.18 73.16
649.8 73.18
661.63 73.19
673.67 73.22
685.93 73.24
698.41 73.27
711.12 73.31
724.06 73.35
737.24 73.40
750.66 73.45
764.32 73.52
778.23 73.58
792.39 73.66
806.82 73.74
821.5 73.82
836.45 73.91
851.67 74.00
867.17 74.10
882.96 74.20
899.02 74.31
915.39 74.42
932.05 74.53
949.01 74.65
966.28 74.77
983.87 74.89
1001.77 75.01
1020 75.14
1038.57 75.28
1057.47 75.42
1076.71 75.56
1096.31 75.71
1116.26 75.85
1136.58 75.99
1157.26 76.12
1178.32 76.26
1199.77 76.38
1221.6 76.50
1243.84 76.60
1266.47 76.68
1289.52 76.75
1312.99 76.80
1336.89 76.84
1361.22 76.87
1385.99 76.89
1411.22 76.90
1436.9 76.90
1463.05 76.90
1489.68 76.89
1516.79 76.90
1544.4 76.90
1572.5 76.92
1601.12 76.94
1630.26 76.97
1659.93 77.01
1690.14 77.06
1720.9 77.12
1752.22 77.19
1784.11 77.28
1816.58 77.39
1849.64 77.52
1883.3 77.66
1917.58 77.82
1952.48 78.00
1988.01 78.19
2024.19 78.40
2061.03 78.61
2098.54 78.82
2136.73 79.03
2175.62 79.22
2215.22 79.40
2255.53 79.54
2296.58 79.64
2338.38 79.70
2380.94 79.69
2424.27 79.61
2468.39 79.46
2513.31 79.23
2559.05 78.92
2605.63 78.53
2653.05 78.07
2701.33 77.55
2750.5 76.98
2800.55 76.39
2851.52 75.82
2903.42 75.30
2956.26 74.86
3010.06 74.55
3064.85 74.37
3120.62 74.33
3177.42 74.42
3235.25 74.60
3294.13 74.83
3354.08 75.07
3415.12 75.28
3477.27 75.46
3540.56 75.59
3605 75.67
3670.6 75.72
3737.41 75.75
3805.43 75.77
3874.68 75.81
3945.2 75.89
4017 76.00
4090.11 76.17
4164.55 76.40
4240.34 76.69
4317.51 77.03
4396.09 77.40
4476.1 77.74
4557.56 78.00
4640.5 78.11
4724.96 77.97
4810.95 77.53
4898.51 76.75
4987.66 75.67
5078.43 74.33
5170.86 72.86
5264.97 71.36
5360.79 69.94
5458.35 68.73
5557.69 67.83
5658.84 67.31
5761.82 67.19
5866.69 67.46
5973.46 68.08
6082.17 69.00
6192.87 70.10
6305.57 71.30
6420.33 72.48
6537.18 73.57
6656.15 74.51
6777.29 75.25
6900.63 75.78
7026.22 76.14
7154.1 76.39
7284.3 76.61
7416.87 76.87
7551.85 77.21
7689.29 77.65
7829.23 78.16
7971.72 78.66
8116.8 79.05
8264.53 79.23
8414.94 79.12
8568.09 78.69
8724.02 78.00
8882.79 77.14
9044.46 76.22
9209.06 75.32
9376.66 74.45
9547.31 73.58
9721.07 72.63
9897.99 71.46
10078.13 70.03
10261.55 68.31
10448.3 66.42
10638.45 64.55
10832.07 62.88
11029.21 61.60
11229.94 60.84
11434.32 60.65
11642.41 61.01
11854.3 61.83
12070.04 62.98
12289.71 64.31
12513.38 65.71
12741.12 67.10
12973 68.42
13209.1 69.64
13449.5 70.72
13694.28 71.63
13943.51 72.34
14197.27 72.82
14455.66 73.03
14718.74 72.94
14986.62 72.52
15259.37 71.76
15537.08 70.69
15819.85 69.42
16107.76 68.08
16400.92 66.83
16699.41 65.81
17003.33 65.15
17312.78 64.89
17627.86 65.07
17948.68 65.67
18275.34 66.61
18607.94 67.79
18946.6 69.07
19291.42 70.36
19642.52 71.61
20000 72.83
