20 91.68
20.36 91.66
20.73 91.64
21.11 91.61
21.5 91.59
21.89 91.56
22.29 91.54
22.69 91.52
23.1 91.49
23.52 91.46
23.95 91.44
24.39 91.41
24.83 91.38
25.28 91.36
25.74 91.33
26.21 91.30
26.69 91.27
27.18 91.23
27.67 91.20
28.17 91.17
28.69 91.14
29.21 91.10
29.74 91.06
30.28 91.03
30.83 90.99
31.39 90.95
31.97 90.90
32.55 90.86
33.14 90.82
33.74 90.77
34.36 90.72
34.98 90.67
35.62 90.62
36.27 90.57
36.93 90.51
37.6 90.45
38.28 90.39
38.98 90.33
39.69 90.26
40.41 90.19
41.15 90.12
41.9 90.04
42.66 89.96
43.44 89.88
44.23 89.80
45.03 89.70
45.85 89.61
46.68 89.51
47.53 89.41
48.4 89.31
49.28 89.20
50.18 89.09
51.09 88.98
52.02 88.87
52.97 88.76
53.93 88.65
54.91 88.53
55.91 88.42
56.93 88.31
57.97 88.20
59.02 88.09
60.09 87.98
61.19 87.87
62.3 87.77
63.44 87.66
64.59 87.56
65.77 87.46
66.96 87.36
68.18 87.25
69.42 87.15
70.69 87.05
71.97 86.95
73.28 86.85
74.62 86.75
75.97 86.64
77.36 86.54
78.76 86.44
80.2 86.33
81.66 86.23
83.14 86.12
84.66 86.02
86.2 85.91
87.77 85.80
89.36 85.69
90.99 85.58
92.65 85.47
94.33 85.35
96.05 85.24
97.8 85.12
99.58 85.00
101.39 84.88
103.23 84.76
105.11 84.64
107.03 84.52
108.97 84.40
110.96 84.28
112.98 84.16
115.03 84.05
117.13 83.93
119.26 83.82
121.43 83.71
123.64 83.60
125.89 83.48
128.18 83.37
130.51 83.26
132.89 83.14
135.31 83.02
137.77 82.91
140.28 82.78
142.83 82.66
145.43 82.54
148.07 82.42
150.77 82.29
153.51 82.17
156.31 82.05
159.15 81.93
162.05 81.81
165 81.70
168 81.59
171.06 81.48
174.17 81.38
177.34 81.28
180.57 81.17
183.86 81.07
187.2 80.97
190.61 80.86
194.08 80.76
197.61 80.67
201.21 80.57
204.87 80.47
208.6 80.37
212.39 80.27
216.26 80.18
220.19 80.08
224.2 79.98
228.28 79.88
232.44 79.78
236.67 79.67
240.97 79.57
245.36 79.46
249.82 79.36
254.37 79.25
259 79.13
263.71 79.02
268.51 78.91
273.4 78.80
278.38 78.70
283.44 78.60
288.6 78.50
293.85 78.40
299.2 78.31
304.65 78.21
310.19 78.12
315.84 78.02
321.59 77.93
327.44 77.83
333.4 77.74
339.47 77.64
345.64 77.55
351.93 77.46
358.34 77.38
364.86 77.29
371.5 77.21
378.26 77.12
385.15 77.04
392.16 76.95
399.29 76.86
406.56 76.78
413.96 76.70
421.49 76.62
429.16 76.55
436.97 76.47
444.93 76.40
453.02 76.33
461.27 76.27
469.66 76.20
478.21 76.13
486.91 76.07
495.78 76.00
504.8 75.94
513.99 75.88
523.34 75.82
532.87 75.76
542.56 75.70
552.44 75.64
562.49 75.58
572.73 75.51
583.15 75.45
593.77 75.39
604.57 75.33
615.57 75.28
626.78 75.22
638.18 75.17
649.8 75.12
661.63 75.08
673.67 75.03
685.93 74.98
698.41 74.94
711.12 74.90
724.06 74.86
737.24 74.84
750.66 74.81
764.32 74.80
778.23 74.79
792.39 74.78
806.82 74.79
821.5 74.80
836.45 74.81
851.67 74.84
867.17 74.86
882.96 74.89
899.02 74.92
915.39 74.94
932.05 74.95
949.01 74.96
966.28 74.97
983.87 74.98
1001.77 75.00
1020 75.05
1038.57 75.14
1057.47 75.27
1076.71 75.43
1096.31 75.62
1116.26 75.83
1136.58 76.06
1157.26 76.29
1178.32 76.53
1199.77 76.77
1221.6 77.00
1243.84 77.21
1266.47 77.41
1289.52 77.59
1312.99 77.76
1336.89 77.91
1361.22 78.05
1385.99 78.18
1411.22 78.31
1436.9 78.42
1463.05 78.53
1489.68 78.62
1516.79 78.70
1544.4 78.79
1572.5 78.87
1601.12 78.95
1630.26 79.03
1659.93 79.12
1690.14 79.21
1720.9 79.30
1752.22 79.39
1784.11 79.49
1816.58 79.58
1849.64 79.67
1883.3 79.77
1917.58 79.87
1952.48 79.98
1988.01 80.11
2024.19 80.25
2061.03 80.39
2098.54 80.53
2136.73 80.68
2175.62 80.84
2215.22 81.00
2255.53 81.17
2296.58 81.34
2338.38 81.53
2380.94 81.73
2424.27 81.92
2468.39 82.12
2513.31 82.30
2559.05 82.48
2605.63 82.62
2653.05 82.72
2701.33 82.74
2750.5 82.67
2800.55 82.49
2851.52 82.20
2903.42 81.80
2956.26 81.30
3010.06 80.73
3064.85 80.12
3120.62 79.50
3177.42 78.92
3235.25 78.39
3294.13 77.94
3354.08 77.56
3415.12 77.27
3477.27 77.04
3540.56 76.86
3605 76.73
3670.6 76.62
3737.41 76.54
3805.43 76.47
3874.68 76.40
3945.2 76.34
4017 76.28
4090.11 76.22
4164.55 76.16
4240.34 76.10
4317.51 76.05
4396.09 76.00
4476.1 75.96
4557.56 75.92
4640.5 75.89
4724.96 75.86
4810.95 75.84
4898.51 75.82
4987.66 75.80
5078.43 75.79
5170.86 75.78
5264.97 75.78
5360.79 75.80
5458.35 75.83
5557.69 75.87
5658.84 75.93
5761.82 75.99
5866.69 76.07
5973.46 76.17
6082.17 76.30
6192.87 76.48
6305.57 76.74
6420.33 77.10
6537.18 77.61
6656.15 78.30
6777.29 79.19
6900.63 80.26
7026.22 81.47
7154.1 82.69
7284.3 83.78
7416.87 84.58
7551.85 84.94
7689.29 84.83
7829.23 84.29
7971.72 83.44
8116.8 82.43
8264.53 81.38
8414.94 80.36
8568.09 79.46
8724.02 78.70
8882.79 78.08
9044.46 77.62
9209.06 77.30
9376.66 77.12
9547.31 77.08
9721.07 77.17
9897.99 77.39
10078.13 77.72
10261.55 78.14
10448.3 78.58
10638.45 78.98
10832.07 79.26
11029.21 79.34
11229.94 79.17
11434.32 78.73
11642.41 78.07
11854.3 77.29
12070.04 76.50
12289.71 75.79
12513.38 75.24
12741.12 74.85
12973 74.61
13209.1 74.46
13449.5 74.31
13694.28 74.11
13943.51 73.82
14197.27 73.42
14455.66 72.93
14718.74 72.41
14986.62 71.89
15259.37 71.44
15537.08 71.10
15819.85 70.92
16107.76 70.94
16400.92 71.17
16699.41 71.58
17003.33 72.14
17312.78 72.74
17627.86 73.22
17948.68 73.38
18275.34 73.02
18607.94 71.98
18946.6 70.24
19291.42 67.97
19642.52 65.40
20000 62.75
