20 88.33
20.36 88.37
20.73 88.41
21.11 88.44
21.5 88.48
21.89 88.52
22.29 88.56
22.69 88.60
23.1 88.64
23.52 88.67
23.95 88.71
24.39 88.75
24.83 88.78
25.28 88.82
25.74 88.85
26.21 88.88
26.69 88.92
27.18 88.95
27.67 88.98
28.17 89.00
28.69 89.03
29.21 89.06
29.74 89.09
30.28 89.11
30.83 89.14
31.39 89.16
31.97 89.18
32.55 89.20
33.14 89.22
33.74 89.23
34.36 89.25
34.98 89.26
35.62 89.27
36.27 89.28
36.93 89.29
37.6 89.30
38.28 89.30
38.98 89.31
39.69 89.31
40.41 89.31
41.15 89.31
41.9 89.30
42.66 89.29
43.44 89.28
44.23 89.28
45.03 89.26
45.85 89.25
46.68 89.23
47.53 89.21
48.4 89.19
49.28 89.17
50.18 89.14
51.09 89.12
52.02 89.09
52.97 89.06
53.93 89.03
54.91 89.00
55.91 88.97
56.93 88.94
57.97 88.91
59.02 88.88
60.09 88.85
61.19 88.82
62.3 88.78
63.44 88.75
64.59 88.72
65.77 88.68
66.96 88.65
68.18 88.61
69.42 88.57
70.69 88.53
71.97 88.49
73.28 88.45
74.62 88.40
75.97 88.35
77.36 88.31
78.76 88.26
80.2 88.21
81.66 88.16
83.14 88.11
84.66 88.06
86.2 88.01
87.77 87.96
89.36 87.91
90.99 87.86
92.65 87.81
94.33 87.75
96.05 87.70
97.8 87.64
99.58 87.58
101.39 87.52
103.23 87.45
105.11 87.38
107.03 87.32
108.97 87.25
110.96 87.18
112.98 87.11
115.03 87.04
117.13 86.97
119.26 86.89
121.43 86.82
123.64 86.75
125.89 86.67
128.18 86.59
130.51 86.51
132.89 86.43
135.31 86.35
137.77 86.27
140.28 86.18
142.83 86.10
145.43 86.02
148.07 85.94
150.77 85.85
153.51 85.77
156.31 85.68
159.15 85.60
162.05 85.52
165 85.43
168 85.34
171.06 85.25
174.17 85.16
177.34 85.07
180.57 84.98
183.86 84.89
187.2 84.79
190.61 84.70
194.08 84.60
197.61 84.50
201.21 84.40
204.87 84.30
208.6 84.19
212.39 84.09
216.26 83.99
220.19 83.89
224.2 83.79
228.28 83.69
232.44 83.58
236.67 83.48
240.97 83.37
245.36 83.26
249.82 83.15
254.37 83.03
259 82.92
263.71 82.80
268.51 82.68
273.4 82.56
278.38 82.44
283.44 82.31
288.6 82.19
293.85 82.06
299.2 81.94
304.65 81.81
310.19 81.69
315.84 81.57
321.59 81.46
327.44 81.34
333.4 81.22
339.47 81.11
345.64 80.99
351.93 80.87
358.34 80.75
364.86 80.62
371.5 80.50
378.26 80.37
385.15 80.24
392.16 80.11
399.29 79.98
406.56 79.86
413.96 79.73
421.49 79.61
429.16 79.48
436.97 79.36
444.93 79.23
453.02 79.11
461.27 78.99
469.66 78.87
478.21 78.75
486.91 78.64
495.78 78.53
504.8 78.43
513.99 78.32
523.34 78.22
532.87 78.11
542.56 78.01
552.44 77.90
562.49 77.80
572.73 77.69
583.15 77.58
593.77 77.47
604.57 77.35
615.57 77.24
626.78 77.13
638.18 77.02
649.8 76.92
661.63 76.81
673.67 76.72
685.93 76.62
698.41 76.53
711.12 76.45
724.06 76.37
737.24 76.29
750.66 76.20
764.32 76.12
778.23 76.04
792.39 75.95
806.82 75.86
821.5 75.78
836.45 75.69
851.67 75.61
867.17 75.52
882.96 75.44
899.02 75.34
915.39 75.24
932.05 75.13
949.01 75.04
966.28 74.97
983.87 74.95
1001.77 75.00
1020 75.12
1038.57 75.29
1057.47 75.50
1076.71 75.72
1096.31 75.94
1116.26 76.15
1136.58 76.36
1157.26 76.56
1178.32 76.76
1199.77 76.95
1221.6 77.12
1243.84 77.29
1266.47 77.45
1289.52 77.60
1312.99 77.75
1336.89 77.89
1361.22 78.03
1385.99 78.16
1411.22 78.29
1436.9 78.42
1463.05 78.54
1489.68 78.66
1516.79 78.78
1544.4 78.91
1572.5 79.04
1601.12 79.18
1630.26 79.33
1659.93 79.48
1690.14 79.65
1720.9 79.83
1752.22 80.01
1784.11 80.20
1816.58 80.41
1849.64 80.64
1883.3 80.88
1917.58 81.13
1952.48 81.39
1988.01 81.67
2024.19 81.96
2061.03 82.26
2098.54 82.57
2136.73 82.89
2175.62 83.23
2215.22 83.59
2255.53 83.96
2296.58 84.35
2338.38 84.75
2380.94 85.17
2424.27 85.58
2468.39 85.98
2513.31 86.38
2559.05 86.75
2605.63 87.09
2653.05 87.39
2701.33 87.66
2750.5 87.88
2800.55 88.05
2851.52 88.16
2903.42 88.21
2956.26 88.21
3010.06 88.16
3064.85 88.07
3120.62 87.95
3177.42 87.81
3235.25 87.65
3294.13 87.49
3354.08 87.33
3415.12 87.17
3477.27 87.03
3540.56 86.92
3605 86.83
3670.6 86.77
3737.41 86.75
3805.43 86.77
3874.68 86.84
3945.2 86.97
4017 87.17
4090.11 87.44
4164.55 87.79
4240.34 88.23
4317.51 88.76
4396.09 89.37
4476.1 90.02
4557.56 90.67
4640.5 91.25
4724.96 91.69
4810.95 91.92
4898.51 91.86
4987.66 91.50
5078.43 90.85
5170.86 89.95
5264.97 88.88
5360.79 87.70
5458.35 86.50
5557.69 85.34
5658.84 84.28
5761.82 83.32
5866.69 82.48
5973.46 81.75
6082.17 81.13
6192.87 80.61
6305.57 80.22
6420.33 79.94
6537.18 79.81
6656.15 79.85
6777.29 80.07
6900.63 80.49
7026.22 81.09
7154.1 81.86
7284.3 82.69
7416.87 83.47
7551.85 84.01
7689.29 84.13
7829.23 83.71
7971.72 82.70
8116.8 81.18
8264.53 79.30
8414.94 77.24
8568.09 75.17
8724.02 73.23
8882.79 71.49
9044.46 69.97
9209.06 68.67
9376.66 67.58
9547.31 66.65
9721.07 65.87
9897.99 65.20
10078.13 64.64
10261.55 64.18
10448.3 63.83
10638.45 63.61
10832.07 63.55
11029.21 63.68
11229.94 64.05
11434.32 64.68
11642.41 65.58
11854.3 66.69
12070.04 67.90
12289.71 69.06
12513.38 69.98
12741.12 70.48
12973 70.43
13209.1 69.81
13449.5 68.67
13694.28 67.11
13943.51 65.30
14197.27 63.41
14455.66 61.60
14718.74 60.05
14986.62 58.84
15259.37 58.05
15537.08 57.69
15819.85 57.78
16107.76 58.32
16400.92 59.29
16699.41 60.60
17003.33 62.05
17312.78 63.35
17627.86 64.17
17948.68 64.33
18275.34 63.81
18607.94 62.78
18946.6 61.41
19291.42 59.90
19642.52 58.35
20000 56.80
