20 86.98
20.36 87.06
20.73 87.14
21.11 87.22
21.5 87.29
21.89 87.37
22.29 87.45
22.69 87.52
23.1 87.60
23.52 87.67
23.95 87.74
24.39 87.82
24.83 87.89
25.28 87.96
25.74 88.03
26.21 88.09
26.69 88.16
27.18 88.22
27.67 88.28
28.17 88.34
28.69 88.40
29.21 88.46
29.74 88.51
30.28 88.57
30.83 88.62
31.39 88.66
31.97 88.71
32.55 88.75
33.14 88.79
33.74 88.83
34.36 88.86
34.98 88.90
35.62 88.93
36.27 88.95
36.93 88.98
37.6 89.00
38.28 89.02
38.98 89.04
39.69 89.06
40.41 89.07
41.15 89.08
41.9 89.09
42.66 89.09
43.44 89.10
44.23 89.10
45.03 89.10
45.85 89.10
46.68 89.09
47.53 89.09
48.4 89.08
49.28 89.07
50.18 89.06
51.09 89.05
52.02 89.04
52.97 89.02
53.93 89.01
54.91 89.00
55.91 88.98
56.93 88.97
57.97 88.95
59.02 88.94
60.09 88.92
61.19 88.91
62.3 88.90
63.44 88.88
64.59 88.86
65.77 88.84
66.96 88.82
68.18 88.80
69.42 88.77
70.69 88.74
71.97 88.70
73.28 88.66
74.62 88.61
75.97 88.57
77.36 88.52
78.76 88.47
80.2 88.41
81.66 88.36
83.14 88.30
84.66 88.25
86.2 88.20
87.77 88.15
89.36 88.09
90.99 88.04
92.65 87.99
94.33 87.94
96.05 87.88
97.8 87.83
99.58 87.77
101.39 87.71
103.23 87.64
105.11 87.58
107.03 87.51
108.97 87.44
110.96 87.36
112.98 87.29
115.03 87.21
117.13 87.13
119.26 87.05
121.43 86.96
123.64 86.88
125.89 86.80
128.18 86.71
130.51 86.63
132.89 86.55
135.31 86.46
137.77 86.38
140.28 86.29
142.83 86.21
145.43 86.13
148.07 86.04
150.77 85.96
153.51 85.88
156.31 85.79
159.15 85.70
162.05 85.61
165 85.51
168 85.41
171.06 85.31
174.17 85.21
177.34 85.10
180.57 84.99
183.86 84.88
187.2 84.77
190.61 84.66
194.08 84.55
197.61 84.44
201.21 84.33
204.87 84.23
208.6 84.12
212.39 84.02
216.26 83.91
220.19 83.81
224.2 83.70
228.28 83.59
232.44 83.48
236.67 83.36
240.97 83.25
245.36 83.12
249.82 83.00
254.37 82.87
259 82.74
263.71 82.61
268.51 82.47
273.4 82.34
278.38 82.21
283.44 82.08
288.6 81.94
293.85 81.81
299.2 81.69
304.65 81.57
310.19 81.45
315.84 81.35
321.59 81.24
327.44 81.14
333.4 81.03
339.47 80.93
345.64 80.82
351.93 80.70
358.34 80.59
364.86 80.47
371.5 80.34
378.26 80.22
385.15 80.08
392.16 79.95
399.29 79.82
406.56 79.69
413.96 79.56
421.49 79.43
429.16 79.30
436.97 79.17
444.93 79.04
453.02 78.91
461.27 78.79
469.66 78.66
478.21 78.54
486.91 78.42
495.78 78.30
504.8 78.18
513.99 78.06
523.34 77.93
532.87 77.81
542.56 77.69
552.44 77.57
562.49 77.45
572.73 77.33
583.15 77.22
593.77 77.09
604.57 76.98
615.57 76.86
626.78 76.74
638.18 76.62
649.8 76.50
661.63 76.37
673.67 76.24
685.93 76.11
698.41 75.98
711.12 75.85
724.06 75.74
737.24 75.64
750.66 75.55
764.32 75.46
778.23 75.38
792.39 75.31
806.82 75.24
821.5 75.18
836.45 75.13
851.67 75.08
867.17 75.03
882.96 75.00
899.02 74.97
915.39 74.95
932.05 74.94
949.01 74.93
966.28 74.94
983.87 74.97
1001.77 75.00
1020 75.06
1038.57 75.13
1057.47 75.22
1076.71 75.33
1096.31 75.45
1116.26 75.58
1136.58 75.73
1157.26 75.89
1178.32 76.05
1199.77 76.23
1221.6 76.40
1243.84 76.58
1266.47 76.75
1289.52 76.93
1312.99 77.11
1336.89 77.28
1361.22 77.46
1385.99 77.63
1411.22 77.80
1436.9 77.96
1463.05 78.12
1489.68 78.28
1516.79 78.43
1544.4 78.58
1572.5 78.72
1601.12 78.87
1630.26 79.01
1659.93 79.15
1690.14 79.29
1720.9 79.44
1752.22 79.58
1784.11 79.73
1816.58 79.87
1849.64 80.03
1883.3 80.19
1917.58 80.35
1952.48 80.51
1988.01 80.68
2024.19 80.84
2061.03 81.02
2098.54 81.19
2136.73 81.37
2175.62 81.56
2215.22 81.76
2255.53 81.97
2296.58 82.21
2338.38 82.48
2380.94 82.79
2424.27 83.14
2468.39 83.54
2513.31 83.97
2559.05 84.43
2605.63 84.89
2653.05 85.33
2701.33 85.74
2750.5 86.09
2800.55 86.39
2851.52 86.62
2903.42 86.79
2956.26 86.89
3010.06 86.94
3064.85 86.92
3120.62 86.84
3177.42 86.71
3235.25 86.54
3294.13 86.32
3354.08 86.06
3415.12 85.77
3477.27 85.46
3540.56 85.13
3605 84.79
3670.6 84.45
3737.41 84.13
3805.43 83.83
3874.68 83.56
3945.2 83.33
4017 83.14
4090.11 82.98
4164.55 82.86
4240.34 82.77
4317.51 82.72
4396.09 82.71
4476.1 82.73
4557.56 82.80
4640.5 82.92
4724.96 83.08
4810.95 83.30
4898.51 83.58
4987.66 83.91
5078.43 84.30
5170.86 84.76
5264.97 85.28
5360.79 85.89
5458.35 86.55
5557.69 87.25
5658.84 87.95
5761.82 88.61
5866.69 89.14
5973.46 89.49
6082.17 89.61
6192.87 89.44
6305.57 89.00
6420.33 88.33
6537.18 87.49
6656.15 86.56
6777.29 85.61
6900.63 84.72
7026.22 83.92
7154.1 83.26
7284.3 82.76
7416.87 82.41
7551.85 82.22
7689.29 82.17
7829.23 82.25
7971.72 82.39
8116.8 82.56
8264.53 82.65
8414.94 82.60
8568.09 82.32
8724.02 81.75
8882.79 80.88
9044.46 79.73
9209.06 78.36
9376.66 76.86
9547.31 75.30
9721.07 73.74
9897.99 72.26
10078.13 70.89
10261.55 69.67
10448.3 68.65
10638.45 67.83
10832.07 67.19
11029.21 66.72
11229.94 66.39
11434.32 66.19
11642.41 66.11
11854.3 66.14
12070.04 66.26
12289.71 66.42
12513.38 66.60
12741.12 66.78
12973 66.97
13209.1 67.18
13449.5 67.44
13694.28 67.77
13943.51 68.20
14197.27 68.72
14455.66 69.29
14718.74 69.84
14986.62 70.25
15259.37 70.39
15537.08 70.14
15819.85 69.46
16107.76 68.38
16400.92 67.05
16699.41 65.64
17003.33 64.33
17312.78 63.25
17627.86 62.48
17948.68 62.06
18275.34 61.98
18607.94 62.16
18946.6 62.55
19291.42 63.06
19642.52 63.64
20000 64.24
