20 80.84
20.36 80.87
20.73 80.90
21.11 80.93
21.5 80.95
21.89 80.98
22.29 81.01
22.69 81.04
23.1 81.07
23.52 81.09
23.95 81.12
24.39 81.14
24.83 81.17
25.28 81.19
25.74 81.22
26.21 81.24
26.69 81.26
27.18 81.28
27.67 81.31
28.17 81.33
28.69 81.34
29.21 81.36
29.74 81.38
30.28 81.39
30.83 81.41
31.39 81.42
31.97 81.43
32.55 81.44
33.14 81.45
33.74 81.46
34.36 81.46
34.98 81.47
35.62 81.47
36.27 81.47
36.93 81.47
37.6 81.47
38.28 81.47
38.98 81.47
39.69 81.47
40.41 81.47
41.15 81.46
41.9 81.45
42.66 81.45
43.44 81.44
44.23 81.43
45.03 81.42
45.85 81.42
46.68 81.41
47.53 81.39
48.4 81.38
49.28 81.37
50.18 81.36
51.09 81.34
52.02 81.32
52.97 81.31
53.93 81.29
54.91 81.27
55.91 81.25
56.93 81.22
57.97 81.20
59.02 81.17
60.09 81.14
61.19 81.11
62.3 81.08
63.44 81.05
64.59 81.01
65.77 80.98
66.96 80.94
68.18 80.91
69.42 80.87
70.69 80.83
71.97 80.79
73.28 80.75
74.62 80.72
75.97 80.68
77.36 80.64
78.76 80.60
80.2 80.56
81.66 80.52
83.14 80.48
84.66 80.44
86.2 80.41
87.77 80.37
89.36 80.33
90.99 80.29
92.65 80.25
94.33 80.20
96.05 80.16
97.8 80.12
99.58 80.07
101.39 80.02
103.23 79.97
105.11 79.92
107.03 79.86
108.97 79.81
110.96 79.75
112.98 79.69
115.03 79.63
117.13 79.57
119.26 79.51
121.43 79.44
123.64 79.37
125.89 79.30
128.18 79.23
130.51 79.16
132.89 79.09
135.31 79.02
137.77 78.95
140.28 78.89
142.83 78.83
145.43 78.76
148.07 78.70
150.77 78.64
153.51 78.58
156.31 78.51
159.15 78.45
162.05 78.38
165 78.31
168 78.24
171.06 78.17
174.17 78.10
177.34 78.03
180.57 77.97
183.86 77.90
187.2 77.83
190.61 77.77
194.08 77.70
197.61 77.63
201.21 77.56
204.87 77.49
208.6 77.42
212.39 77.35
216.26 77.29
220.19 77.22
224.2 77.16
228.28 77.09
232.44 77.02
236.67 76.95
240.97 76.88
245.36 76.81
249.82 76.74
254.37 76.67
259 76.60
263.71 76.53
268.51 76.45
273.4 76.38
278.38 76.31
283.44 76.24
288.6 76.17
293.85 76.10
299.2 76.04
304.65 75.97
310.19 75.91
315.84 75.84
321.59 75.78
327.44 75.71
333.4 75.65
339.47 75.58
345.64 75.52
351.93 75.46
358.34 75.41
364.86 75.35
371.5 75.29
378.26 75.24
385.15 75.19
392.16 75.14
399.29 75.09
406.56 75.05
413.96 75.01
421.49 74.97
429.16 74.93
436.97 74.89
444.93 74.85
453.02 74.81
461.27 74.77
469.66 74.72
478.21 74.69
486.91 74.65
495.78 74.61
504.8 74.58
513.99 74.55
523.34 74.52
532.87 74.49
542.56 74.47
552.44 74.44
562.49 74.41
572.73 74.39
583.15 74.37
593.77 74.34
604.57 74.32
615.57 74.29
626.78 74.27
638.18 74.25
649.8 74.23
661.63 74.21
673.67 74.19
685.93 74.18
698.41 74.17
711.12 74.17
724.06 74.16
737.24 74.16
750.66 74.16
764.32 74.16
778.23 74.17
792.39 74.19
806.82 74.20
821.5 74.23
836.45 74.26
851.67 74.30
867.17 74.33
882.96 74.38
899.02 74.44
915.39 74.50
932.05 74.58
949.01 74.67
966.28 74.77
983.87 74.89
1001.77 75.01
1020 75.15
1038.57 75.31
1057.47 75.47
1076.71 75.65
1096.31 75.84
1116.26 76.03
1136.58 76.23
1157.26 76.43
1178.32 76.63
1199.77 76.81
1221.6 76.98
1243.84 77.13
1266.47 77.25
1289.52 77.35
1312.99 77.43
1336.89 77.49
1361.22 77.54
1385.99 77.61
1411.22 77.69
1436.9 77.78
1463.05 77.88
1489.68 77.98
1516.79 78.06
1544.4 78.12
1572.5 78.16
1601.12 78.19
1630.26 78.20
1659.93 78.19
1690.14 78.17
1720.9 78.15
1752.22 78.11
1784.11 78.05
1816.58 77.99
1849.64 77.91
1883.3 77.82
1917.58 77.72
1952.48 77.60
1988.01 77.47
2024.19 77.34
2061.03 77.21
2098.54 77.07
2136.73 76.92
2175.62 76.77
2215.22 76.61
2255.53 76.44
2296.58 76.25
2338.38 76.07
2380.94 75.88
2424.27 75.69
2468.39 75.50
2513.31 75.31
2559.05 75.13
2605.63 74.94
2653.05 74.76
2701.33 74.58
2750.5 74.40
2800.55 74.22
2851.52 74.06
2903.42 73.91
2956.26 73.77
3010.06 73.64
3064.85 73.53
3120.62 73.43
3177.42 73.35
3235.25 73.28
3294.13 73.21
3354.08 73.15
3415.12 73.10
3477.27 73.05
3540.56 73.00
3605 72.97
3670.6 72.95
3737.41 72.95
3805.43 72.96
3874.68 72.99
3945.2 73.04
4017 73.11
4090.11 73.21
4164.55 73.33
4240.34 73.48
4317.51 73.66
4396.09 73.86
4476.1 74.10
4557.56 74.37
4640.5 74.69
4724.96 75.06
4810.95 75.51
4898.51 76.04
4987.66 76.66
5078.43 77.35
5170.86 78.11
5264.97 78.89
5360.79 79.62
5458.35 80.20
5557.69 80.53
5658.84 80.50
5761.82 80.08
5866.69 79.28
5973.46 78.19
6082.17 76.92
6192.87 75.67
6305.57 74.61
6420.33 73.89
6537.18 73.59
6656.15 73.73
6777.29 74.24
6900.63 74.92
7026.22 75.61
7154.1 76.12
7284.3 76.41
7416.87 76.44
7551.85 76.27
7689.29 75.93
7829.23 75.44
7971.72 74.82
8116.8 74.14
8264.53 73.45
8414.94 72.90
8568.09 72.58
8724.02 72.54
8882.79 72.74
9044.46 73.09
9209.06 73.46
9376.66 73.72
9547.31 73.80
9721.07 73.62
9897.99 73.19
10078.13 72.54
10261.55 71.73
10448.3 70.87
10638.45 70.01
10832.07 69.23
11029.21 68.58
11229.94 68.09
11434.32 67.79
11642.41 67.70
11854.3 67.82
12070.04 68.15
12289.71 68.64
12513.38 69.25
12741.12 69.91
12973 70.55
13209.1 71.13
13449.5 71.66
13694.28 72.12
13943.51 72.54
14197.27 72.91
14455.66 73.19
14718.74 73.35
14986.62 73.32
15259.37 73.09
15537.08 72.64
15819.85 71.97
16107.76 71.10
16400.92 70.05
16699.41 68.86
17003.33 67.57
17312.78 66.28
17627.86 65.08
17948.68 64.08
18275.34 63.34
18607.94 62.87
18946.6 62.63
19291.42 62.52
19642.52 62.49
20000 62.48
