20 79.67
20.36 79.80
20.73 79.92
21.11 80.05
21.5 80.17
21.89 80.29
22.29 80.42
22.69 80.54
23.1 80.66
23.52 80.78
23.95 80.90
24.39 81.01
24.83 81.13
25.28 81.24
25.74 81.35
26.21 81.46
26.69 81.57
27.18 81.67
27.67 81.78
28.17 81.88
28.69 81.97
29.21 82.07
29.74 82.16
30.28 82.25
30.83 82.33
31.39 82.41
31.97 82.49
32.55 82.57
33.14 82.64
33.74 82.70
34.36 82.77
34.98 82.83
35.62 82.89
36.27 82.94
36.93 82.99
37.6 83.04
38.28 83.09
38.98 83.13
39.69 83.17
40.41 83.21
41.15 83.25
41.9 83.29
42.66 83.32
43.44 83.35
44.23 83.39
45.03 83.42
45.85 83.44
46.68 83.47
47.53 83.50
48.4 83.53
49.28 83.55
50.18 83.57
51.09 83.60
52.02 83.62
52.97 83.64
53.93 83.65
54.91 83.67
55.91 83.68
56.93 83.69
57.97 83.71
59.02 83.71
60.09 83.72
61.19 83.72
62.3 83.72
63.44 83.72
64.59 83.72
65.77 83.72
66.96 83.71
68.18 83.70
69.42 83.70
70.69 83.68
71.97 83.67
73.28 83.65
74.62 83.64
75.97 83.62
77.36 83.60
78.76 83.57
80.2 83.55
81.66 83.52
83.14 83.49
84.66 83.46
86.2 83.43
87.77 83.40
89.36 83.36
90.99 83.33
92.65 83.29
94.33 83.25
96.05 83.22
97.8 83.18
99.58 83.14
101.39 83.10
103.23 83.06
105.11 83.03
107.03 82.98
108.97 82.94
110.96 82.90
112.98 82.85
115.03 82.80
117.13 82.75
119.26 82.70
121.43 82.64
123.64 82.59
125.89 82.53
128.18 82.48
130.51 82.42
132.89 82.37
135.31 82.31
137.77 82.26
140.28 82.20
142.83 82.14
145.43 82.08
148.07 82.02
150.77 81.95
153.51 81.89
156.31 81.82
159.15 81.75
162.05 81.68
165 81.60
168 81.53
171.06 81.46
174.17 81.39
177.34 81.31
180.57 81.24
183.86 81.17
187.2 81.09
190.61 81.02
194.08 80.94
197.61 80.87
201.21 80.79
204.87 80.71
208.6 80.63
212.39 80.55
216.26 80.47
220.19 80.39
224.2 80.32
228.28 80.24
232.44 80.17
236.67 80.09
240.97 80.01
245.36 79.93
249.82 79.85
254.37 79.76
259 79.67
263.71 79.59
268.51 79.50
273.4 79.41
278.38 79.31
283.44 79.22
288.6 79.13
293.85 79.04
299.2 78.95
304.65 78.87
310.19 78.78
315.84 78.69
321.59 78.61
327.44 78.53
333.4 78.44
339.47 78.36
345.64 78.28
351.93 78.20
358.34 78.12
364.86 78.05
371.5 77.97
378.26 77.89
385.15 77.81
392.16 77.73
399.29 77.65
406.56 77.56
413.96 77.48
421.49 77.40
429.16 77.32
436.97 77.24
444.93 77.17
453.02 77.09
461.27 77.02
469.66 76.94
478.21 76.87
486.91 76.80
495.78 76.73
504.8 76.65
513.99 76.58
523.34 76.51
532.87 76.44
542.56 76.37
552.44 76.30
562.49 76.23
572.73 76.17
583.15 76.10
593.77 76.03
604.57 75.97
615.57 75.90
626.78 75.83
638.18 75.76
649.8 75.69
661.63 75.63
673.67 75.56
685.93 75.49
698.41 75.43
711.12 75.36
724.06 75.31
737.24 75.25
750.66 75.20
764.32 75.15
778.23 75.10
792.39 75.06
806.82 75.03
821.5 74.99
836.45 74.95
851.67 74.92
867.17 74.89
882.96 74.88
899.02 74.86
915.39 74.86
932.05 74.86
949.01 74.88
966.28 74.91
983.87 74.95
1001.77 75.01
1020 75.08
1038.57 75.17
1057.47 75.28
1076.71 75.41
1096.31 75.55
1116.26 75.70
1136.58 75.86
1157.26 76.02
1178.32 76.18
1199.77 76.35
1221.6 76.51
1243.84 76.67
1266.47 76.82
1289.52 76.96
1312.99 77.09
1336.89 77.20
1361.22 77.31
1385.99 77.40
1411.22 77.48
1436.9 77.56
1463.05 77.62
1489.68 77.68
1516.79 77.72
1544.4 77.76
1572.5 77.80
1601.12 77.83
1630.26 77.87
1659.93 77.90
1690.14 77.94
1720.9 77.97
1752.22 78.01
1784.11 78.04
1816.58 78.08
1849.64 78.11
1883.3 78.15
1917.58 78.19
1952.48 78.24
1988.01 78.28
2024.19 78.33
2061.03 78.38
2098.54 78.43
2136.73 78.48
2175.62 78.53
2215.22 78.58
2255.53 78.63
2296.58 78.68
2338.38 78.73
2380.94 78.77
2424.27 78.81
2468.39 78.85
2513.31 78.88
2559.05 78.90
2605.63 78.92
2653.05 78.92
2701.33 78.92
2750.5 78.92
2800.55 78.91
2851.52 78.89
2903.42 78.87
2956.26 78.85
3010.06 78.83
3064.85 78.82
3120.62 78.81
3177.42 78.81
3235.25 78.81
3294.13 78.81
3354.08 78.83
3415.12 78.86
3477.27 78.90
3540.56 78.97
3605 79.06
3670.6 79.17
3737.41 79.31
3805.43 79.48
3874.68 79.69
3945.2 79.91
4017 80.16
4090.11 80.41
4164.55 80.65
4240.34 80.88
4317.51 81.08
4396.09 81.25
4476.1 81.40
4557.56 81.53
4640.5 81.66
4724.96 81.77
4810.95 81.85
4898.51 81.86
4987.66 81.77
5078.43 81.57
5170.86 81.25
5264.97 80.81
5360.79 80.29
5458.35 79.71
5557.69 79.12
5658.84 78.55
5761.82 78.01
5866.69 77.54
5973.46 77.13
6082.17 76.80
6192.87 76.56
6305.57 76.43
6420.33 76.41
6537.18 76.53
6656.15 76.81
6777.29 77.28
6900.63 77.93
7026.22 78.78
7154.1 79.81
7284.3 80.96
7416.87 82.14
7551.85 83.22
7689.29 84.04
7829.23 84.47
7971.72 84.42
8116.8 83.94
8264.53 83.12
8414.94 82.13
8568.09 81.09
8724.02 80.11
8882.79 79.24
9044.46 78.47
9209.06 77.75
9376.66 77.03
9547.31 76.26
9721.07 75.41
9897.99 74.49
10078.13 73.52
10261.55 72.56
10448.3 71.66
10638.45 70.87
10832.07 70.22
11029.21 69.72
11229.94 69.38
11434.32 69.17
11642.41 69.04
11854.3 68.94
12070.04 68.79
12289.71 68.51
12513.38 68.04
12741.12 67.33
12973 66.40
13209.1 65.27
13449.5 64.01
13694.28 62.67
13943.51 61.29
14197.27 59.92
14455.66 58.59
14718.74 57.35
14986.62 56.26
15259.37 55.40
15537.08 54.84
15819.85 54.62
16107.76 54.73
16400.92 55.21
16699.41 56.10
17003.33 57.37
17312.78 58.90
17627.86 60.45
17948.68 61.77
18275.34 62.63
18607.94 62.91
18946.6 62.62
19291.42 61.91
19642.52 60.96
20000 59.94
