20 67.43
20.36 67.56
20.73 67.70
21.11 67.83
21.5 67.96
21.89 68.09
22.29 68.23
22.69 68.36
23.1 68.49
23.52 68.62
23.95 68.75
24.39 68.87
24.83 69.00
25.28 69.13
25.74 69.25
26.21 69.37
26.69 69.50
27.18 69.62
27.67 69.74
28.17 69.85
28.69 69.97
29.21 70.08
29.74 70.20
30.28 70.31
30.83 70.42
31.39 70.52
31.97 70.63
32.55 70.73
33.14 70.83
33.74 70.93
34.36 71.02
34.98 71.12
35.62 71.21
36.27 71.30
36.93 71.38
37.6 71.47
38.28 71.55
38.98 71.63
39.69 71.70
40.41 71.78
41.15 71.85
41.9 71.92
42.66 71.99
43.44 72.05
44.23 72.11
45.03 72.17
45.85 72.23
46.68 72.28
47.53 72.34
48.4 72.39
49.28 72.44
50.18 72.48
51.09 72.53
52.02 72.57
52.97 72.62
53.93 72.66
54.91 72.70
55.91 72.74
56.93 72.78
57.97 72.83
59.02 72.87
60.09 72.91
61.19 72.95
62.3 73.00
63.44 73.04
64.59 73.08
65.77 73.13
66.96 73.17
68.18 73.21
69.42 73.25
70.69 73.29
71.97 73.33
73.28 73.37
74.62 73.41
75.97 73.44
77.36 73.48
78.76 73.51
80.2 73.55
81.66 73.58
83.14 73.61
84.66 73.64
86.2 73.67
87.77 73.70
89.36 73.73
90.99 73.75
92.65 73.78
94.33 73.81
96.05 73.84
97.8 73.87
99.58 73.90
101.39 73.93
103.23 73.96
105.11 73.99
107.03 74.02
108.97 74.05
110.96 74.08
112.98 74.11
115.03 74.13
117.13 74.15
119.26 74.18
121.43 74.20
123.64 74.22
125.89 74.24
128.18 74.26
130.51 74.28
132.89 74.30
135.31 74.32
137.77 74.34
140.28 74.36
142.83 74.38
145.43 74.40
148.07 74.42
150.77 74.44
153.51 74.47
156.31 74.49
159.15 74.52
162.05 74.55
165 74.58
168 74.61
171.06 74.64
174.17 74.66
177.34 74.69
180.57 74.71
183.86 74.73
187.2 74.75
190.61 74.77
194.08 74.79
197.61 74.81
201.21 74.83
204.87 74.85
208.6 74.87
212.39 74.90
216.26 74.92
220.19 74.95
224.2 74.97
228.28 75.00
232.44 75.03
236.67 75.06
240.97 75.08
245.36 75.11
249.82 75.13
254.37 75.16
259 75.19
263.71 75.21
268.51 75.24
273.4 75.27
278.38 75.30
283.44 75.33
288.6 75.37
293.85 75.40
299.2 75.43
304.65 75.46
310.19 75.49
315.84 75.52
321.59 75.55
327.44 75.58
333.4 75.61
339.47 75.64
345.64 75.68
351.93 75.71
358.34 75.75
364.86 75.79
371.5 75.83
378.26 75.87
385.15 75.92
392.16 75.95
399.29 75.99
406.56 76.03
413.96 76.06
421.49 76.09
429.16 76.13
436.97 76.16
444.93 76.20
453.02 76.23
461.27 76.27
469.66 76.31
478.21 76.34
486.91 76.37
495.78 76.39
504.8 76.41
513.99 76.43
523.34 76.45
532.87 76.47
542.56 76.48
552.44 76.49
562.49 76.50
572.73 76.51
583.15 76.51
593.77 76.51
604.57 76.51
615.57 76.49
626.78 76.47
638.18 76.45
649.8 76.42
661.63 76.39
673.67 76.36
685.93 76.33
698.41 76.30
711.12 76.28
724.06 76.25
737.24 76.23
750.66 76.20
764.32 76.17
778.23 76.12
792.39 76.06
806.82 75.99
821.5 75.91
836.45 75.81
851.67 75.70
867.17 75.58
882.96 75.47
899.02 75.36
915.39 75.26
932.05 75.18
949.01 75.11
966.28 75.05
983.87 75.02
1001.77 75.00
1020 75.00
1038.57 75.01
1057.47 75.05
1076.71 75.09
1096.31 75.16
1116.26 75.25
1136.58 75.34
1157.26 75.45
1178.32 75.58
1199.77 75.71
1221.6 75.85
1243.84 75.99
1266.47 76.12
1289.52 76.26
1312.99 76.39
1336.89 76.51
1361.22 76.63
1385.99 76.73
1411.22 76.83
1436.9 76.91
1463.05 76.98
1489.68 77.05
1516.79 77.10
1544.4 77.15
1572.5 77.20
1601.12 77.24
1630.26 77.28
1659.93 77.31
1690.14 77.35
1720.9 77.38
1752.22 77.42
1784.11 77.45
1816.58 77.50
1849.64 77.54
1883.3 77.60
1917.58 77.66
1952.48 77.74
1988.01 77.82
2024.19 77.91
2061.03 78.01
2098.54 78.12
2136.73 78.24
2175.62 78.37
2215.22 78.51
2255.53 78.66
2296.58 78.82
2338.38 78.98
2380.94 79.15
2424.27 79.33
2468.39 79.52
2513.31 79.72
2559.05 79.94
2605.63 80.18
2653.05 80.45
2701.33 80.74
2750.5 81.06
2800.55 81.39
2851.52 81.73
2903.42 82.06
2956.26 82.34
3010.06 82.58
3064.85 82.75
3120.62 82.86
3177.42 82.92
3235.25 82.95
3294.13 82.95
3354.08 82.95
3415.12 82.95
3477.27 82.94
3540.56 82.91
3605 82.88
3670.6 82.83
3737.41 82.76
3805.43 82.69
3874.68 82.61
3945.2 82.54
4017 82.50
4090.11 82.52
4164.55 82.59
4240.34 82.72
4317.51 82.92
4396.09 83.17
4476.1 83.49
4557.56 83.87
4640.5 84.32
4724.96 84.85
4810.95 85.45
4898.51 86.09
4987.66 86.74
5078.43 87.33
5170.86 87.80
5264.97 88.09
5360.79 88.14
5458.35 87.91
5557.69 87.39
5658.84 86.64
5761.82 85.70
5866.69 84.65
5973.46 83.56
6082.17 82.48
6192.87 81.48
6305.57 80.58
6420.33 79.79
6537.18 79.13
6656.15 78.61
6777.29 78.24
6900.63 78.05
7026.22 78.05
7154.1 78.25
7284.3 78.67
7416.87 79.30
7551.85 80.08
7689.29 80.91
7829.23 81.62
7971.72 82.02
8116.8 81.89
8264.53 81.10
8414.94 79.66
8568.09 77.73
8724.02 75.52
8882.79 73.25
9044.46 71.07
9209.06 69.08
9376.66 67.31
9547.31 65.76
9721.07 64.42
9897.99 63.25
10078.13 62.23
10261.55 61.34
10448.3 60.55
10638.45 59.88
10832.07 59.30
11029.21 58.83
11229.94 58.47
11434.32 58.24
11642.41 58.15
11854.3 58.21
12070.04 58.43
12289.71 58.77
12513.38 59.21
12741.12 59.70
12973 60.19
13209.1 60.66
13449.5 61.08
13694.28 61.50
13943.51 61.94
14197.27 62.47
14455.66 63.10
14718.74 63.85
14986.62 64.70
15259.37 65.58
15537.08 66.33
15819.85 66.78
16107.76 66.78
16400.92 66.27
16699.41 65.35
17003.33 64.19
17312.78 63.00
17627.86 61.96
17948.68 61.19
18275.34 60.72
18607.94 60.56
18946.6 60.61
19291.42 60.79
19642.52 61.01
20000 61.25
