20 78.08
20.36 78.17
20.73 78.26
21.11 78.35
21.5 78.44
21.89 78.53
22.29 78.62
22.69 78.71
23.1 78.80
23.52 78.89
23.95 78.97
24.39 79.05
24.83 79.14
25.28 79.22
25.74 79.30
26.21 79.38
26.69 79.45
27.18 79.53
27.67 79.60
28.17 79.68
28.69 79.75
29.21 79.81
29.74 79.88
30.28 79.94
30.83 80.00
31.39 80.06
31.97 80.11
32.55 80.17
33.14 80.22
33.74 80.26
34.36 80.31
34.98 80.35
35.62 80.39
36.27 80.43
36.93 80.46
37.6 80.50
38.28 80.53
38.98 80.56
39.69 80.59
40.41 80.62
41.15 80.65
41.9 80.68
42.66 80.70
43.44 80.73
44.23 80.76
45.03 80.79
45.85 80.81
46.68 80.84
47.53 80.87
48.4 80.89
49.28 80.92
50.18 80.95
51.09 80.97
52.02 81.00
52.97 81.02
53.93 81.04
54.91 81.06
55.91 81.08
56.93 81.09
57.97 81.11
59.02 81.12
60.09 81.13
61.19 81.13
62.3 81.14
63.44 81.14
64.59 81.14
65.77 81.14
66.96 81.14
68.18 81.14
69.42 81.14
70.69 81.14
71.97 81.14
73.28 81.13
74.62 81.13
75.97 81.13
77.36 81.12
78.76 81.12
80.2 81.11
81.66 81.11
83.14 81.09
84.66 81.08
86.2 81.07
87.77 81.05
89.36 81.04
90.99 81.02
92.65 81.00
94.33 80.99
96.05 80.97
97.8 80.95
99.58 80.94
101.39 80.93
103.23 80.92
105.11 80.91
107.03 80.90
108.97 80.88
110.96 80.87
112.98 80.85
115.03 80.83
117.13 80.80
119.26 80.77
121.43 80.74
123.64 80.71
125.89 80.68
128.18 80.64
130.51 80.60
132.89 80.56
135.31 80.52
137.77 80.48
140.28 80.44
142.83 80.40
145.43 80.36
148.07 80.32
150.77 80.29
153.51 80.26
156.31 80.23
159.15 80.21
162.05 80.19
165 80.17
168 80.14
171.06 80.12
174.17 80.11
177.34 80.09
180.57 80.06
183.86 80.04
187.2 80.02
190.61 79.99
194.08 79.96
197.61 79.93
201.21 79.89
204.87 79.85
208.6 79.80
212.39 79.74
216.26 79.69
220.19 79.63
224.2 79.57
228.28 79.51
232.44 79.45
236.67 79.38
240.97 79.32
245.36 79.26
249.82 79.20
254.37 79.15
259 79.09
263.71 79.04
268.51 78.98
273.4 78.93
278.38 78.88
283.44 78.82
288.6 78.77
293.85 78.71
299.2 78.64
304.65 78.58
310.19 78.50
315.84 78.43
321.59 78.35
327.44 78.27
333.4 78.20
339.47 78.13
345.64 78.06
351.93 77.99
358.34 77.92
364.86 77.85
371.5 77.77
378.26 77.70
385.15 77.62
392.16 77.55
399.29 77.47
406.56 77.39
413.96 77.31
421.49 77.23
429.16 77.15
436.97 77.06
444.93 76.98
453.02 76.90
461.27 76.81
469.66 76.73
478.21 76.66
486.91 76.58
495.78 76.50
504.8 76.43
513.99 76.35
523.34 76.27
532.87 76.19
542.56 76.11
552.44 76.03
562.49 75.94
572.73 75.86
583.15 75.78
593.77 75.69
604.57 75.61
615.57 75.53
626.78 75.46
638.18 75.39
649.8 75.32
661.63 75.25
673.67 75.18
685.93 75.12
698.41 75.06
711.12 75.00
724.06 74.94
737.24 74.88
750.66 74.83
764.32 74.78
778.23 74.73
792.39 74.69
806.82 74.65
821.5 74.62
836.45 74.59
851.67 74.58
867.17 74.57
882.96 74.57
899.02 74.58
915.39 74.61
932.05 74.66
949.01 74.73
966.28 74.81
983.87 74.90
1001.77 75.01
1020 75.14
1038.57 75.28
1057.47 75.45
1076.71 75.64
1096.31 75.84
1116.26 76.06
1136.58 76.28
1157.26 76.51
1178.32 76.75
1199.77 76.99
1221.6 77.23
1243.84 77.48
1266.47 77.71
1289.52 77.95
1312.99 78.18
1336.89 78.41
1361.22 78.63
1385.99 78.85
1411.22 79.07
1436.9 79.28
1463.05 79.50
1489.68 79.71
1516.79 79.93
1544.4 80.15
1572.5 80.38
1601.12 80.63
1630.26 80.90
1659.93 81.20
1690.14 81.51
1720.9 81.83
1752.22 82.15
1784.11 82.46
1816.58 82.76
1849.64 83.03
1883.3 83.25
1917.58 83.42
1952.48 83.51
1988.01 83.52
2024.19 83.45
2061.03 83.29
2098.54 83.06
2136.73 82.76
2175.62 82.40
2215.22 82.00
2255.53 81.58
2296.58 81.15
2338.38 80.72
2380.94 80.31
2424.27 79.95
2468.39 79.63
2513.31 79.36
2559.05 79.16
2605.63 79.01
2653.05 78.93
2701.33 78.92
2750.5 78.97
2800.55 79.08
2851.52 79.25
2903.42 79.47
2956.26 79.74
3010.06 80.05
3064.85 80.39
3120.62 80.75
3177.42 81.11
3235.25 81.44
3294.13 81.72
3354.08 81.93
3415.12 82.04
3477.27 82.03
3540.56 81.90
3605 81.62
3670.6 81.21
3737.41 80.67
3805.43 80.01
3874.68 79.27
3945.2 78.48
4017 77.68
4090.11 76.92
4164.55 76.24
4240.34 75.67
4317.51 75.26
4396.09 75.04
4476.1 75.00
4557.56 75.12
4640.5 75.37
4724.96 75.70
4810.95 76.11
4898.51 76.58
4987.66 77.09
5078.43 77.61
5170.86 78.13
5264.97 78.65
5360.79 79.16
5458.35 79.65
5557.69 80.10
5658.84 80.51
5761.82 80.88
5866.69 81.23
5973.46 81.59
6082.17 81.93
6192.87 82.17
6305.57 82.25
6420.33 82.08
6537.18 81.68
6656.15 81.10
6777.29 80.45
6900.63 79.85
7026.22 79.42
7154.1 79.24
7284.3 79.33
7416.87 79.68
7551.85 80.18
7689.29 80.70
7829.23 81.08
7971.72 81.22
8116.8 81.04
8264.53 80.58
8414.94 79.89
8568.09 79.06
8724.02 78.18
8882.79 77.25
9044.46 76.24
9209.06 75.11
9376.66 73.85
9547.31 72.48
9721.07 71.10
9897.99 69.79
10078.13 68.69
10261.55 67.85
10448.3 67.32
10638.45 67.07
10832.07 67.06
11029.21 67.21
11229.94 67.40
11434.32 67.54
11642.41 67.57
11854.3 67.44
12070.04 67.15
12289.71 66.71
12513.38 66.16
12741.12 65.51
12973 64.80
13209.1 64.07
13449.5 63.35
13694.28 62.66
13943.51 62.04
14197.27 61.53
14455.66 61.18
14718.74 61.04
14986.62 61.15
15259.37 61.54
15537.08 62.23
15819.85 63.19
16107.76 64.32
16400.92 65.48
16699.41 66.49
17003.33 67.18
17312.78 67.43
17627.86 67.17
17948.68 66.36
18275.34 65.04
18607.94 63.24
18946.6 61.04
19291.42 58.58
19642.52 55.99
20000 53.37
