20 80.66
20.36 80.69
20.73 80.71
21.11 80.74
21.5 80.76
21.89 80.78
22.29 80.81
22.69 80.83
23.1 80.85
23.52 80.88
23.95 80.90
24.39 80.92
24.83 80.94
25.28 80.96
25.74 80.98
26.21 81.00
26.69 81.02
27.18 81.04
27.67 81.05
28.17 81.07
28.69 81.08
29.21 81.10
29.74 81.11
30.28 81.12
30.83 81.14
31.39 81.15
31.97 81.16
32.55 81.16
33.14 81.17
33.74 81.18
34.36 81.18
34.98 81.18
35.62 81.19
36.27 81.19
36.93 81.18
37.6 81.18
38.28 81.18
38.98 81.17
39.69 81.16
40.41 81.15
41.15 81.14
41.9 81.13
42.66 81.11
43.44 81.09
44.23 81.08
45.03 81.06
45.85 81.03
46.68 81.01
47.53 80.98
48.4 80.95
49.28 80.92
50.18 80.89
51.09 80.86
52.02 80.82
52.97 80.79
53.93 80.75
54.91 80.71
55.91 80.68
56.93 80.64
57.97 80.60
59.02 80.56
60.09 80.53
61.19 80.49
62.3 80.45
63.44 80.41
64.59 80.38
65.77 80.34
66.96 80.30
68.18 80.26
69.42 80.22
70.69 80.18
71.97 80.14
73.28 80.10
74.62 80.05
75.97 80.01
77.36 79.97
78.76 79.92
80.2 79.87
81.66 79.82
83.14 79.77
84.66 79.72
86.2 79.67
87.77 79.61
89.36 79.56
90.99 79.50
92.65 79.44
94.33 79.38
96.05 79.32
97.8 79.26
99.58 79.19
101.39 79.13
103.23 79.07
105.11 79.00
107.03 78.93
108.97 78.86
110.96 78.79
112.98 78.72
115.03 78.65
117.13 78.57
119.26 78.50
121.43 78.42
123.64 78.34
125.89 78.27
128.18 78.19
130.51 78.11
132.89 78.04
135.31 77.97
137.77 77.90
140.28 77.84
142.83 77.78
145.43 77.72
148.07 77.66
150.77 77.59
153.51 77.53
156.31 77.47
159.15 77.40
162.05 77.33
165 77.26
168 77.18
171.06 77.11
174.17 77.04
177.34 76.97
180.57 76.91
183.86 76.84
187.2 76.78
190.61 76.72
194.08 76.66
197.61 76.60
201.21 76.54
204.87 76.49
208.6 76.44
212.39 76.40
216.26 76.36
220.19 76.32
224.2 76.29
228.28 76.26
232.44 76.23
236.67 76.19
240.97 76.15
245.36 76.11
249.82 76.07
254.37 76.02
259 75.98
263.71 75.93
268.51 75.89
273.4 75.85
278.38 75.81
283.44 75.78
288.6 75.75
293.85 75.71
299.2 75.68
304.65 75.65
310.19 75.62
315.84 75.59
321.59 75.57
327.44 75.54
333.4 75.52
339.47 75.49
345.64 75.47
351.93 75.45
358.34 75.44
364.86 75.42
371.5 75.41
378.26 75.40
385.15 75.39
392.16 75.38
399.29 75.37
406.56 75.36
413.96 75.36
421.49 75.35
429.16 75.34
436.97 75.34
444.93 75.33
453.02 75.32
461.27 75.31
469.66 75.30
478.21 75.29
486.91 75.28
495.78 75.27
504.8 75.26
513.99 75.25
523.34 75.24
532.87 75.23
542.56 75.22
552.44 75.20
562.49 75.18
572.73 75.16
583.15 75.14
593.77 75.11
604.57 75.09
615.57 75.07
626.78 75.05
638.18 75.04
649.8 75.02
661.63 75.00
673.67 74.97
685.93 74.95
698.41 74.92
711.12 74.89
724.06 74.86
737.24 74.82
750.66 74.79
764.32 74.77
778.23 74.74
792.39 74.71
806.82 74.69
821.5 74.68
836.45 74.67
851.67 74.66
867.17 74.66
882.96 74.66
899.02 74.68
915.39 74.70
932.05 74.73
949.01 74.78
966.28 74.84
983.87 74.92
1001.77 75.01
1020 75.12
1038.57 75.24
1057.47 75.38
1076.71 75.54
1096.31 75.70
1116.26 75.88
1136.58 76.06
1157.26 76.25
1178.32 76.44
1199.77 76.63
1221.6 76.81
1243.84 76.98
1266.47 77.14
1289.52 77.29
1312.99 77.43
1336.89 77.55
1361.22 77.66
1385.99 77.76
1411.22 77.85
1436.9 77.93
1463.05 78.00
1489.68 78.06
1516.79 78.12
1544.4 78.18
1572.5 78.24
1601.12 78.31
1630.26 78.37
1659.93 78.43
1690.14 78.50
1720.9 78.57
1752.22 78.64
1784.11 78.70
1816.58 78.78
1849.64 78.85
1883.3 78.92
1917.58 78.98
1952.48 79.04
1988.01 79.10
2024.19 79.15
2061.03 79.19
2098.54 79.23
2136.73 79.25
2175.62 79.27
2215.22 79.27
2255.53 79.26
2296.58 79.23
2338.38 79.19
2380.94 79.14
2424.27 79.08
2468.39 79.01
2513.31 78.93
2559.05 78.83
2605.63 78.72
2653.05 78.61
2701.33 78.48
2750.5 78.35
2800.55 78.21
2851.52 78.08
2903.42 77.95
2956.26 77.85
3010.06 77.77
3064.85 77.72
3120.62 77.71
3177.42 77.73
3235.25 77.77
3294.13 77.83
3354.08 77.90
3415.12 77.98
3477.27 78.06
3540.56 78.13
3605 78.20
3670.6 78.24
3737.41 78.27
3805.43 78.28
3874.68 78.26
3945.2 78.20
4017 78.10
4090.11 77.94
4164.55 77.74
4240.34 77.48
4317.51 77.17
4396.09 76.83
4476.1 76.45
4557.56 76.06
4640.5 75.68
4724.96 75.29
4810.95 74.91
4898.51 74.54
4987.66 74.20
5078.43 73.89
5170.86 73.59
5264.97 73.32
5360.79 73.07
5458.35 72.84
5557.69 72.62
5658.84 72.43
5761.82 72.28
5866.69 72.16
5973.46 72.09
6082.17 72.07
6192.87 72.11
6305.57 72.20
6420.33 72.35
6537.18 72.54
6656.15 72.78
6777.29 73.06
6900.63 73.37
7026.22 73.69
7154.1 74.02
7284.3 74.33
7416.87 74.63
7551.85 74.90
7689.29 75.15
7829.23 75.41
7971.72 75.68
8116.8 75.99
8264.53 76.32
8414.94 76.63
8568.09 76.84
8724.02 76.84
8882.79 76.49
9044.46 75.70
9209.06 74.41
9376.66 72.69
9547.31 70.63
9721.07 68.41
9897.99 66.17
10078.13 64.05
10261.55 62.13
10448.3 60.43
10638.45 58.91
10832.07 57.50
11029.21 56.16
11229.94 54.88
11434.32 53.71
11642.41 52.69
11854.3 51.89
12070.04 51.40
12289.71 51.28
12513.38 51.58
12741.12 52.27
12973 53.30
13209.1 54.59
13449.5 56.00
13694.28 57.43
13943.51 58.76
14197.27 59.87
14455.66 60.65
14718.74 60.98
14986.62 60.73
15259.37 59.81
15537.08 58.19
15819.85 55.97
16107.76 53.41
16400.92 50.86
16699.41 48.60
17003.33 46.84
17312.78 45.63
17627.86 44.91
17948.68 44.58
18275.34 44.49
18607.94 44.54
18946.6 44.64
19291.42 44.73
19642.52 44.82
20000 44.90
