20 80.37
20.36 80.40
20.73 80.43
21.11 80.46
21.5 80.49
21.89 80.52
22.29 80.54
22.69 80.57
23.1 80.60
23.52 80.63
23.95 80.65
24.39 80.68
24.83 80.70
25.28 80.73
25.74 80.75
26.21 80.78
26.69 80.80
27.18 80.82
27.67 80.84
28.17 80.86
28.69 80.88
29.21 80.90
29.74 80.92
30.28 80.93
30.83 80.95
31.39 80.96
31.97 80.97
32.55 80.99
33.14 81.00
33.74 81.00
34.36 81.01
34.98 81.02
35.62 81.02
36.27 81.03
36.93 81.03
37.6 81.03
38.28 81.03
38.98 81.03
39.69 81.03
40.41 81.03
41.15 81.02
41.9 81.02
42.66 81.01
43.44 81.01
44.23 81.00
45.03 80.99
45.85 80.98
46.68 80.97
47.53 80.96
48.4 80.95
49.28 80.94
50.18 80.92
51.09 80.91
52.02 80.89
52.97 80.88
53.93 80.86
54.91 80.84
55.91 80.82
56.93 80.80
57.97 80.78
59.02 80.75
60.09 80.73
61.19 80.70
62.3 80.68
63.44 80.65
64.59 80.62
65.77 80.59
66.96 80.56
68.18 80.53
69.42 80.50
70.69 80.47
71.97 80.44
73.28 80.41
74.62 80.38
75.97 80.34
77.36 80.31
78.76 80.28
80.2 80.24
81.66 80.20
83.14 80.16
84.66 80.12
86.2 80.08
87.77 80.04
89.36 80.00
90.99 79.95
92.65 79.90
94.33 79.86
96.05 79.81
97.8 79.76
99.58 79.72
101.39 79.67
103.23 79.62
105.11 79.58
107.03 79.53
108.97 79.48
110.96 79.44
112.98 79.39
115.03 79.34
117.13 79.29
119.26 79.24
121.43 79.19
123.64 79.14
125.89 79.09
128.18 79.03
130.51 78.98
132.89 78.93
135.31 78.87
137.77 78.81
140.28 78.75
142.83 78.70
145.43 78.64
148.07 78.58
150.77 78.52
153.51 78.45
156.31 78.39
159.15 78.33
162.05 78.27
165 78.22
168 78.16
171.06 78.10
174.17 78.04
177.34 77.97
180.57 77.91
183.86 77.84
187.2 77.77
190.61 77.70
194.08 77.64
197.61 77.57
201.21 77.50
204.87 77.44
208.6 77.38
212.39 77.31
216.26 77.25
220.19 77.19
224.2 77.13
228.28 77.07
232.44 77.01
236.67 76.94
240.97 76.88
245.36 76.82
249.82 76.75
254.37 76.69
259 76.63
263.71 76.57
268.51 76.51
273.4 76.45
278.38 76.39
283.44 76.34
288.6 76.28
293.85 76.22
299.2 76.16
304.65 76.10
310.19 76.04
315.84 75.98
321.59 75.92
327.44 75.86
333.4 75.80
339.47 75.75
345.64 75.70
351.93 75.65
358.34 75.60
364.86 75.55
371.5 75.50
378.26 75.45
385.15 75.41
392.16 75.36
399.29 75.31
406.56 75.27
413.96 75.22
421.49 75.17
429.16 75.13
436.97 75.08
444.93 75.04
453.02 75.00
461.27 74.96
469.66 74.92
478.21 74.89
486.91 74.86
495.78 74.83
504.8 74.81
513.99 74.78
523.34 74.76
532.87 74.74
542.56 74.71
552.44 74.69
562.49 74.66
572.73 74.63
583.15 74.61
593.77 74.58
604.57 74.56
615.57 74.53
626.78 74.51
638.18 74.49
649.8 74.47
661.63 74.45
673.67 74.44
685.93 74.42
698.41 74.41
711.12 74.40
724.06 74.39
737.24 74.38
750.66 74.36
764.32 74.35
778.23 74.35
792.39 74.35
806.82 74.35
821.5 74.36
836.45 74.38
851.67 74.40
867.17 74.42
882.96 74.46
899.02 74.50
915.39 74.56
932.05 74.62
949.01 74.70
966.28 74.79
983.87 74.90
1001.77 75.01
1020 75.15
1038.57 75.30
1057.47 75.47
1076.71 75.66
1096.31 75.86
1116.26 76.06
1136.58 76.27
1157.26 76.49
1178.32 76.71
1199.77 76.93
1221.6 77.15
1243.84 77.36
1266.47 77.56
1289.52 77.75
1312.99 77.93
1336.89 78.09
1361.22 78.24
1385.99 78.37
1411.22 78.49
1436.9 78.60
1463.05 78.69
1489.68 78.78
1516.79 78.86
1544.4 78.93
1572.5 78.99
1601.12 79.05
1630.26 79.10
1659.93 79.17
1690.14 79.23
1720.9 79.30
1752.22 79.36
1784.11 79.43
1816.58 79.50
1849.64 79.57
1883.3 79.65
1917.58 79.73
1952.48 79.81
1988.01 79.89
2024.19 79.98
2061.03 80.07
2098.54 80.16
2136.73 80.26
2175.62 80.36
2215.22 80.46
2255.53 80.57
2296.58 80.69
2338.38 80.81
2380.94 80.93
2424.27 81.06
2468.39 81.18
2513.31 81.31
2559.05 81.43
2605.63 81.56
2653.05 81.68
2701.33 81.80
2750.5 81.92
2800.55 82.02
2851.52 82.12
2903.42 82.20
2956.26 82.27
3010.06 82.32
3064.85 82.35
3120.62 82.35
3177.42 82.33
3235.25 82.28
3294.13 82.20
3354.08 82.09
3415.12 81.95
3477.27 81.78
3540.56 81.57
3605 81.34
3670.6 81.09
3737.41 80.80
3805.43 80.49
3874.68 80.16
3945.2 79.81
4017 79.44
4090.11 79.07
4164.55 78.69
4240.34 78.30
4317.51 77.93
4396.09 77.57
4476.1 77.24
4557.56 76.94
4640.5 76.67
4724.96 76.42
4810.95 76.19
4898.51 75.95
4987.66 75.72
5078.43 75.47
5170.86 75.23
5264.97 74.97
5360.79 74.72
5458.35 74.46
5557.69 74.22
5658.84 73.99
5761.82 73.78
5866.69 73.60
5973.46 73.45
6082.17 73.34
6192.87 73.28
6305.57 73.27
6420.33 73.33
6537.18 73.46
6656.15 73.69
6777.29 74.03
6900.63 74.50
7026.22 75.10
7154.1 75.84
7284.3 76.72
7416.87 77.70
7551.85 78.71
7689.29 79.66
7829.23 80.44
7971.72 80.90
8116.8 80.97
8264.53 80.63
8414.94 79.93
8568.09 79.01
8724.02 78.02
8882.79 77.06
9044.46 76.22
9209.06 75.50
9376.66 74.84
9547.31 74.17
9721.07 73.39
9897.99 72.42
10078.13 71.21
10261.55 69.77
10448.3 68.18
10638.45 66.51
10832.07 64.84
11029.21 63.26
11229.94 61.83
11434.32 60.59
11642.41 59.59
11854.3 58.84
12070.04 58.35
12289.71 58.13
12513.38 58.17
12741.12 58.44
12973 58.89
13209.1 59.50
13449.5 60.22
13694.28 61.02
13943.51 61.86
14197.27 62.67
14455.66 63.36
14718.74 63.78
14986.62 63.80
15259.37 63.30
15537.08 62.28
15819.85 60.87
16107.76 59.26
16400.92 57.63
16699.41 56.10
17003.33 54.71
17312.78 53.42
17627.86 52.15
17948.68 50.84
18275.34 49.39
18607.94 47.79
18946.6 46.05
19291.42 44.23
19642.52 42.38
20000 40.53
