20 75.55
20.36 75.63
20.73 75.70
21.11 75.78
21.5 75.86
21.89 75.94
22.29 76.02
22.69 76.09
23.1 76.17
23.52 76.25
23.95 76.32
24.39 76.39
24.83 76.46
25.28 76.53
25.74 76.60
26.21 76.67
26.69 76.74
27.18 76.80
27.67 76.87
28.17 76.93
28.69 76.99
29.21 77.05
29.74 77.11
30.28 77.16
30.83 77.21
31.39 77.26
31.97 77.31
32.55 77.35
33.14 77.39
33.74 77.44
34.36 77.47
34.98 77.51
35.62 77.54
36.27 77.58
36.93 77.61
37.6 77.64
38.28 77.66
38.98 77.69
39.69 77.72
40.41 77.74
41.15 77.77
41.9 77.79
42.66 77.81
43.44 77.83
44.23 77.86
45.03 77.88
45.85 77.90
46.68 77.93
47.53 77.95
48.4 77.97
49.28 77.99
50.18 78.02
51.09 78.04
52.02 78.06
52.97 78.07
53.93 78.09
54.91 78.11
55.91 78.12
56.93 78.13
57.97 78.14
59.02 78.14
60.09 78.15
61.19 78.15
62.3 78.15
63.44 78.15
64.59 78.15
65.77 78.14
66.96 78.14
68.18 78.13
69.42 78.13
70.69 78.12
71.97 78.12
73.28 78.12
74.62 78.11
75.97 78.11
77.36 78.11
78.76 78.11
80.2 78.11
81.66 78.10
83.14 78.10
84.66 78.09
86.2 78.08
87.77 78.07
89.36 78.06
90.99 78.05
92.65 78.04
94.33 78.03
96.05 78.02
97.8 78.00
99.58 77.99
101.39 77.98
103.23 77.97
105.11 77.96
107.03 77.95
108.97 77.94
110.96 77.94
112.98 77.93
115.03 77.93
117.13 77.92
119.26 77.92
121.43 77.91
123.64 77.90
125.89 77.88
128.18 77.86
130.51 77.84
132.89 77.81
135.31 77.78
137.77 77.76
140.28 77.73
142.83 77.71
145.43 77.69
148.07 77.67
150.77 77.65
153.51 77.63
156.31 77.62
159.15 77.60
162.05 77.59
165 77.57
168 77.56
171.06 77.54
174.17 77.53
177.34 77.51
180.57 77.49
183.86 77.47
187.2 77.45
190.61 77.43
194.08 77.40
197.61 77.38
201.21 77.34
204.87 77.31
208.6 77.27
212.39 77.23
216.26 77.19
220.19 77.15
224.2 77.11
228.28 77.07
232.44 77.03
236.67 76.99
240.97 76.95
245.36 76.92
249.82 76.89
254.37 76.86
259 76.83
263.71 76.81
268.51 76.78
273.4 76.77
278.38 76.75
283.44 76.74
288.6 76.74
293.85 76.73
299.2 76.73
304.65 76.72
310.19 76.71
315.84 76.69
321.59 76.67
327.44 76.64
333.4 76.62
339.47 76.59
345.64 76.56
351.93 76.52
358.34 76.49
364.86 76.45
371.5 76.41
378.26 76.37
385.15 76.32
392.16 76.28
399.29 76.23
406.56 76.18
413.96 76.13
421.49 76.08
429.16 76.03
436.97 75.98
444.93 75.94
453.02 75.89
461.27 75.84
469.66 75.79
478.21 75.75
486.91 75.70
495.78 75.66
504.8 75.62
513.99 75.58
523.34 75.54
532.87 75.50
542.56 75.47
552.44 75.43
562.49 75.39
572.73 75.36
583.15 75.31
593.77 75.27
604.57 75.22
615.57 75.17
626.78 75.13
638.18 75.08
649.8 75.04
661.63 75.00
673.67 74.96
685.93 74.92
698.41 74.88
711.12 74.85
724.06 74.81
737.24 74.78
750.66 74.75
764.32 74.72
778.23 74.69
792.39 74.66
806.82 74.64
821.5 74.62
836.45 74.61
851.67 74.60
867.17 74.60
882.96 74.61
899.02 74.63
915.39 74.66
932.05 74.70
949.01 74.75
966.28 74.82
983.87 74.91
1001.77 75.01
1020 75.13
1038.57 75.27
1057.47 75.42
1076.71 75.58
1096.31 75.76
1116.26 75.95
1136.58 76.15
1157.26 76.35
1178.32 76.56
1199.77 76.76
1221.6 76.96
1243.84 77.14
1266.47 77.32
1289.52 77.49
1312.99 77.64
1336.89 77.79
1361.22 77.91
1385.99 78.02
1411.22 78.11
1436.9 78.19
1463.05 78.24
1489.68 78.28
1516.79 78.31
1544.4 78.32
1572.5 78.32
1601.12 78.32
1630.26 78.32
1659.93 78.32
1690.14 78.33
1720.9 78.35
1752.22 78.38
1784.11 78.42
1816.58 78.46
1849.64 78.51
1883.3 78.56
1917.58 78.61
1952.48 78.67
1988.01 78.73
2024.19 78.78
2061.03 78.84
2098.54 78.90
2136.73 78.97
2175.62 79.04
2215.22 79.12
2255.53 79.21
2296.58 79.30
2338.38 79.39
2380.94 79.50
2424.27 79.60
2468.39 79.71
2513.31 79.81
2559.05 79.92
2605.63 80.03
2653.05 80.13
2701.33 80.23
2750.5 80.33
2800.55 80.42
2851.52 80.51
2903.42 80.60
2956.26 80.67
3010.06 80.75
3064.85 80.81
3120.62 80.88
3177.42 80.93
3235.25 80.97
3294.13 81.00
3354.08 81.02
3415.12 81.02
3477.27 81.01
3540.56 80.98
3605 80.93
3670.6 80.85
3737.41 80.76
3805.43 80.64
3874.68 80.50
3945.2 80.36
4017 80.20
4090.11 80.03
4164.55 79.84
4240.34 79.65
4317.51 79.44
4396.09 79.23
4476.1 79.02
4557.56 78.81
4640.5 78.59
4724.96 78.37
4810.95 78.15
4898.51 77.94
4987.66 77.73
5078.43 77.54
5170.86 77.36
5264.97 77.19
5360.79 77.03
5458.35 76.89
5557.69 76.76
5658.84 76.67
5761.82 76.59
5866.69 76.54
5973.46 76.52
6082.17 76.54
6192.87 76.58
6305.57 76.68
6420.33 76.83
6537.18 77.04
6656.15 77.33
6777.29 77.71
6900.63 78.20
7026.22 78.79
7154.1 79.50
7284.3 80.30
7416.87 81.17
7551.85 82.06
7689.29 82.89
7829.23 83.57
7971.72 84.00
8116.8 84.12
8264.53 83.92
8414.94 83.44
8568.09 82.79
8724.02 82.09
8882.79 81.43
9044.46 80.86
9209.06 80.38
9376.66 79.93
9547.31 79.40
9721.07 78.65
9897.99 77.57
10078.13 76.08
10261.55 74.21
10448.3 72.05
10638.45 69.74
10832.07 67.39
11029.21 65.11
11229.94 62.98
11434.32 61.07
11642.41 59.43
11854.3 58.08
12070.04 57.03
12289.71 56.27
12513.38 55.79
12741.12 55.54
12973 55.46
13209.1 55.49
13449.5 55.58
13694.28 55.70
13943.51 55.84
14197.27 56.01
14455.66 56.24
14718.74 56.54
14986.62 56.88
15259.37 57.15
15537.08 57.17
15819.85 56.73
16107.76 55.62
16400.92 53.78
16699.41 51.29
17003.33 48.40
17312.78 45.42
17627.86 42.68
17948.68 40.50
18275.34 39.14
18607.94 38.65
18946.6 38.91
19291.42 39.60
19642.52 40.47
20000 41.36
