20 74.73
20.36 74.81
20.73 74.89
21.11 74.96
21.5 75.04
21.89 75.11
22.29 75.19
22.69 75.27
23.1 75.34
23.52 75.41
23.95 75.49
24.39 75.56
24.83 75.64
25.28 75.71
25.74 75.78
26.21 75.85
26.69 75.92
27.18 75.99
27.67 76.06
28.17 76.12
28.69 76.19
29.21 76.26
29.74 76.32
30.28 76.39
30.83 76.45
31.39 76.51
31.97 76.57
32.55 76.63
33.14 76.69
33.74 76.74
34.36 76.80
34.98 76.85
35.62 76.91
36.27 76.96
36.93 77.01
37.6 77.06
38.28 77.10
38.98 77.15
39.69 77.20
40.41 77.24
41.15 77.28
41.9 77.33
42.66 77.37
43.44 77.41
44.23 77.45
45.03 77.48
45.85 77.52
46.68 77.56
47.53 77.59
48.4 77.63
49.28 77.66
50.18 77.69
51.09 77.72
52.02 77.75
52.97 77.78
53.93 77.81
54.91 77.84
55.91 77.86
56.93 77.89
57.97 77.91
59.02 77.94
60.09 77.96
61.19 77.98
62.3 78.00
63.44 78.02
64.59 78.04
65.77 78.06
66.96 78.08
68.18 78.10
69.42 78.12
70.69 78.14
71.97 78.16
73.28 78.17
74.62 78.19
75.97 78.21
77.36 78.22
78.76 78.24
80.2 78.25
81.66 78.27
83.14 78.28
84.66 78.30
86.2 78.31
87.77 78.33
89.36 78.34
90.99 78.35
92.65 78.36
94.33 78.37
96.05 78.38
97.8 78.39
99.58 78.40
101.39 78.41
103.23 78.41
105.11 78.42
107.03 78.42
108.97 78.43
110.96 78.43
112.98 78.44
115.03 78.44
117.13 78.44
119.26 78.44
121.43 78.45
123.64 78.45
125.89 78.46
128.18 78.47
130.51 78.49
132.89 78.50
135.31 78.51
137.77 78.53
140.28 78.53
142.83 78.54
145.43 78.55
148.07 78.56
150.77 78.56
153.51 78.56
156.31 78.56
159.15 78.56
162.05 78.56
165 78.56
168 78.55
171.06 78.54
174.17 78.53
177.34 78.53
180.57 78.52
183.86 78.51
187.2 78.49
190.61 78.48
194.08 78.46
197.61 78.44
201.21 78.42
204.87 78.40
208.6 78.38
212.39 78.35
216.26 78.33
220.19 78.31
224.2 78.28
228.28 78.26
232.44 78.24
236.67 78.21
240.97 78.18
245.36 78.16
249.82 78.12
254.37 78.09
259 78.06
263.71 78.03
268.51 78.00
273.4 77.96
278.38 77.92
283.44 77.88
288.6 77.83
293.85 77.79
299.2 77.74
304.65 77.69
310.19 77.64
315.84 77.60
321.59 77.55
327.44 77.50
333.4 77.45
339.47 77.41
345.64 77.36
351.93 77.30
358.34 77.25
364.86 77.19
371.5 77.14
378.26 77.08
385.15 77.02
392.16 76.95
399.29 76.89
406.56 76.83
413.96 76.76
421.49 76.70
429.16 76.64
436.97 76.58
444.93 76.52
453.02 76.45
461.27 76.39
469.66 76.33
478.21 76.27
486.91 76.21
495.78 76.14
504.8 76.08
513.99 76.02
523.34 75.96
532.87 75.90
542.56 75.84
552.44 75.78
562.49 75.73
572.73 75.67
583.15 75.61
593.77 75.56
604.57 75.50
615.57 75.44
626.78 75.39
638.18 75.33
649.8 75.27
661.63 75.22
673.67 75.17
685.93 75.11
698.41 75.06
711.12 75.02
724.06 74.98
737.24 74.94
750.66 74.90
764.32 74.86
778.23 74.83
792.39 74.80
806.82 74.78
821.5 74.75
836.45 74.73
851.67 74.72
867.17 74.71
882.96 74.71
899.02 74.71
915.39 74.73
932.05 74.76
949.01 74.80
966.28 74.85
983.87 74.92
1001.77 75.01
1020 75.12
1038.57 75.24
1057.47 75.39
1076.71 75.55
1096.31 75.72
1116.26 75.91
1136.58 76.10
1157.26 76.30
1178.32 76.51
1199.77 76.72
1221.6 76.92
1243.84 77.12
1266.47 77.32
1289.52 77.51
1312.99 77.69
1336.89 77.88
1361.22 78.06
1385.99 78.23
1411.22 78.40
1436.9 78.57
1463.05 78.74
1489.68 78.90
1516.79 79.07
1544.4 79.23
1572.5 79.40
1601.12 79.57
1630.26 79.75
1659.93 79.94
1690.14 80.14
1720.9 80.35
1752.22 80.57
1784.11 80.80
1816.58 81.04
1849.64 81.30
1883.3 81.58
1917.58 81.88
1952.48 82.19
1988.01 82.51
2024.19 82.85
2061.03 83.20
2098.54 83.56
2136.73 83.95
2175.62 84.34
2215.22 84.75
2255.53 85.17
2296.58 85.59
2338.38 86.00
2380.94 86.39
2424.27 86.75
2468.39 87.06
2513.31 87.32
2559.05 87.51
2605.63 87.65
2653.05 87.71
2701.33 87.71
2750.5 87.65
2800.55 87.54
2851.52 87.38
2903.42 87.18
2956.26 86.97
3010.06 86.74
3064.85 86.50
3120.62 86.28
3177.42 86.06
3235.25 85.87
3294.13 85.71
3354.08 85.56
3415.12 85.44
3477.27 85.33
3540.56 85.25
3605 85.18
3670.6 85.13
3737.41 85.11
3805.43 85.14
3874.68 85.23
3945.2 85.41
4017 85.71
4090.11 86.13
4164.55 86.68
4240.34 87.34
4317.51 88.08
4396.09 88.84
4476.1 89.52
4557.56 90.04
4640.5 90.30
4724.96 90.25
4810.95 89.85
4898.51 89.14
4987.66 88.18
5078.43 87.03
5170.86 85.80
5264.97 84.53
5360.79 83.28
5458.35 82.11
5557.69 81.04
5658.84 80.09
5761.82 79.25
5866.69 78.52
5973.46 77.89
6082.17 77.34
6192.87 76.88
6305.57 76.52
6420.33 76.27
6537.18 76.13
6656.15 76.14
6777.29 76.31
6900.63 76.69
7026.22 77.28
7154.1 78.09
7284.3 79.12
7416.87 80.29
7551.85 81.48
7689.29 82.48
7829.23 83.09
7971.72 83.09
8116.8 82.38
8264.53 81.03
8414.94 79.20
8568.09 77.14
8724.02 75.07
8882.79 73.16
9044.46 71.48
9209.06 70.07
9376.66 68.94
9547.31 68.07
9721.07 67.44
9897.99 67.06
10078.13 66.93
10261.55 67.04
10448.3 67.37
10638.45 67.88
10832.07 68.47
11029.21 69.00
11229.94 69.29
11434.32 69.17
11642.41 68.56
11854.3 67.50
12070.04 66.14
12289.71 64.71
12513.38 63.43
12741.12 62.44
12973 61.77
13209.1 61.35
13449.5 61.06
13694.28 60.77
13943.51 60.35
14197.27 59.75
14455.66 58.98
14718.74 58.11
14986.62 57.23
15259.37 56.45
15537.08 55.86
15819.85 55.55
16107.76 55.60
16400.92 56.04
16699.41 56.89
17003.33 58.10
17312.78 59.56
17627.86 61.09
17948.68 62.46
18275.34 63.41
18607.94 63.82
18946.6 63.70
19291.42 63.23
19642.52 62.59
20000 61.91
