20 79.58
20.36 79.61
20.73 79.64
21.11 79.68
21.5 79.71
21.89 79.74
22.29 79.78
22.69 79.81
23.1 79.85
23.52 79.88
23.95 79.92
24.39 79.95
24.83 79.99
25.28 80.02
25.74 80.06
26.21 80.09
26.69 80.13
27.18 80.17
27.67 80.21
28.17 80.25
28.69 80.28
29.21 80.32
29.74 80.36
30.28 80.40
30.83 80.44
31.39 80.49
31.97 80.53
32.55 80.57
33.14 80.61
33.74 80.66
34.36 80.70
34.98 80.75
35.62 80.79
36.27 80.83
36.93 80.88
37.6 80.92
38.28 80.96
38.98 81.00
39.69 81.04
40.41 81.07
41.15 81.11
41.9 81.14
42.66 81.17
43.44 81.20
44.23 81.22
45.03 81.24
45.85 81.26
46.68 81.27
47.53 81.29
48.4 81.30
49.28 81.30
50.18 81.31
51.09 81.31
52.02 81.32
52.97 81.32
53.93 81.33
54.91 81.33
55.91 81.33
56.93 81.34
57.97 81.35
59.02 81.36
60.09 81.37
61.19 81.38
62.3 81.39
63.44 81.41
64.59 81.42
65.77 81.44
66.96 81.46
68.18 81.48
69.42 81.50
70.69 81.52
71.97 81.55
73.28 81.57
74.62 81.59
75.97 81.62
77.36 81.64
78.76 81.66
80.2 81.68
81.66 81.70
83.14 81.72
84.66 81.73
86.2 81.75
87.77 81.75
89.36 81.76
90.99 81.76
92.65 81.76
94.33 81.75
96.05 81.74
97.8 81.72
99.58 81.70
101.39 81.68
103.23 81.65
105.11 81.61
107.03 81.58
108.97 81.53
110.96 81.49
112.98 81.44
115.03 81.39
117.13 81.33
119.26 81.27
121.43 81.21
123.64 81.14
125.89 81.08
128.18 81.01
130.51 80.94
132.89 80.86
135.31 80.78
137.77 80.70
140.28 80.62
142.83 80.54
145.43 80.46
148.07 80.37
150.77 80.28
153.51 80.19
156.31 80.10
159.15 80.01
162.05 79.92
165 79.84
168 79.76
171.06 79.68
174.17 79.60
177.34 79.53
180.57 79.46
183.86 79.39
187.2 79.32
190.61 79.26
194.08 79.19
197.61 79.13
201.21 79.08
204.87 79.02
208.6 78.97
212.39 78.91
216.26 78.86
220.19 78.80
224.2 78.74
228.28 78.68
232.44 78.62
236.67 78.56
240.97 78.51
245.36 78.45
249.82 78.40
254.37 78.34
259 78.29
263.71 78.23
268.51 78.18
273.4 78.12
278.38 78.06
283.44 78.00
288.6 77.93
293.85 77.86
299.2 77.78
304.65 77.70
310.19 77.62
315.84 77.55
321.59 77.47
327.44 77.40
333.4 77.33
339.47 77.27
345.64 77.20
351.93 77.15
358.34 77.10
364.86 77.05
371.5 77.01
378.26 76.98
385.15 76.95
392.16 76.92
399.29 76.91
406.56 76.90
413.96 76.90
421.49 76.91
429.16 76.92
436.97 76.94
444.93 76.96
453.02 76.98
461.27 77.00
469.66 77.02
478.21 77.03
486.91 77.05
495.78 77.06
504.8 77.06
513.99 77.06
523.34 77.04
532.87 77.02
542.56 76.99
552.44 76.96
562.49 76.91
572.73 76.87
583.15 76.81
593.77 76.75
604.57 76.69
615.57 76.62
626.78 76.55
638.18 76.47
649.8 76.39
661.63 76.31
673.67 76.21
685.93 76.10
698.41 75.98
711.12 75.84
724.06 75.69
737.24 75.55
750.66 75.42
764.32 75.30
778.23 75.21
792.39 75.13
806.82 75.07
821.5 75.02
836.45 74.97
851.67 74.93
867.17 74.89
882.96 74.87
899.02 74.85
915.39 74.85
932.05 74.85
949.01 74.87
966.28 74.90
983.87 74.94
1001.77 75.01
1020 75.08
1038.57 75.18
1057.47 75.30
1076.71 75.44
1096.31 75.59
1116.26 75.76
1136.58 75.94
1157.26 76.14
1178.32 76.34
1199.77 76.55
1221.6 76.76
1243.84 76.96
1266.47 77.15
1289.52 77.33
1312.99 77.51
1336.89 77.67
1361.22 77.81
1385.99 77.94
1411.22 78.06
1436.9 78.16
1463.05 78.26
1489.68 78.36
1516.79 78.45
1544.4 78.54
1572.5 78.63
1601.12 78.73
1630.26 78.83
1659.93 78.93
1690.14 79.03
1720.9 79.14
1752.22 79.26
1784.11 79.38
1816.58 79.51
1849.64 79.66
1883.3 79.82
1917.58 80.00
1952.48 80.19
1988.01 80.39
2024.19 80.60
2061.03 80.82
2098.54 81.05
2136.73 81.29
2175.62 81.54
2215.22 81.79
2255.53 82.06
2296.58 82.33
2338.38 82.61
2380.94 82.88
2424.27 83.13
2468.39 83.36
2513.31 83.56
2559.05 83.74
2605.63 83.89
2653.05 84.02
2701.33 84.12
2750.5 84.18
2800.55 84.20
2851.52 84.18
2903.42 84.11
2956.26 83.98
3010.06 83.82
3064.85 83.63
3120.62 83.43
3177.42 83.24
3235.25 83.07
3294.13 82.93
3354.08 82.83
3415.12 82.76
3477.27 82.72
3540.56 82.69
3605 82.68
3670.6 82.66
3737.41 82.63
3805.43 82.56
3874.68 82.46
3945.2 82.30
4017 82.10
4090.11 81.86
4164.55 81.58
4240.34 81.29
4317.51 81.01
4396.09 80.75
4476.1 80.53
4557.56 80.36
4640.5 80.25
4724.96 80.21
4810.95 80.26
4898.51 80.38
4987.66 80.56
5078.43 80.77
5170.86 80.97
5264.97 81.14
5360.79 81.28
5458.35 81.37
5557.69 81.42
5658.84 81.44
5761.82 81.42
5866.69 81.36
5973.46 81.27
6082.17 81.14
6192.87 80.97
6305.57 80.78
6420.33 80.56
6537.18 80.35
6656.15 80.15
6777.29 80.00
6900.63 79.94
7026.22 79.97
7154.1 80.14
7284.3 80.45
7416.87 80.89
7551.85 81.42
7689.29 81.97
7829.23 82.40
7971.72 82.60
8116.8 82.45
8264.53 81.87
8414.94 80.87
8568.09 79.57
8724.02 78.09
8882.79 76.57
9044.46 75.10
9209.06 73.76
9376.66 72.56
9547.31 71.51
9721.07 70.62
9897.99 69.86
10078.13 69.22
10261.55 68.70
10448.3 68.29
10638.45 67.98
10832.07 67.80
11029.21 67.74
11229.94 67.81
11434.32 68.03
11642.41 68.37
11854.3 68.83
12070.04 69.38
12289.71 69.99
12513.38 70.61
12741.12 71.21
12973 71.78
13209.1 72.30
13449.5 72.82
13694.28 73.37
13943.51 73.97
14197.27 74.55
14455.66 75.04
14718.74 75.32
14986.62 75.31
15259.37 75.02
15537.08 74.50
15819.85 73.86
16107.76 73.16
16400.92 72.42
16699.41 71.65
17003.33 70.85
17312.78 70.00
17627.86 69.06
17948.68 67.95
18275.34 66.56
18607.94 64.79
18946.6 62.62
19291.42 60.13
19642.52 57.48
20000 54.77
