20 76.52
20.36 76.60
20.73 76.68
21.11 76.76
21.5 76.84
21.89 76.92
22.29 77.01
22.69 77.09
23.1 77.17
23.52 77.24
23.95 77.32
24.39 77.40
24.83 77.47
25.28 77.55
25.74 77.62
26.21 77.70
26.69 77.77
27.18 77.84
27.67 77.91
28.17 77.97
28.69 78.04
29.21 78.10
29.74 78.16
30.28 78.22
30.83 78.28
31.39 78.34
31.97 78.39
32.55 78.44
33.14 78.49
33.74 78.54
34.36 78.58
34.98 78.63
35.62 78.67
36.27 78.71
36.93 78.75
37.6 78.78
38.28 78.82
38.98 78.85
39.69 78.88
40.41 78.91
41.15 78.94
41.9 78.96
42.66 78.99
43.44 79.01
44.23 79.04
45.03 79.06
45.85 79.08
46.68 79.10
47.53 79.12
48.4 79.14
49.28 79.16
50.18 79.18
51.09 79.20
52.02 79.21
52.97 79.23
53.93 79.25
54.91 79.27
55.91 79.28
56.93 79.30
57.97 79.32
59.02 79.34
60.09 79.36
61.19 79.38
62.3 79.40
63.44 79.41
64.59 79.43
65.77 79.45
66.96 79.46
68.18 79.48
69.42 79.49
70.69 79.50
71.97 79.50
73.28 79.51
74.62 79.51
75.97 79.51
77.36 79.50
78.76 79.50
80.2 79.50
81.66 79.49
83.14 79.49
84.66 79.48
86.2 79.48
87.77 79.48
89.36 79.47
90.99 79.47
92.65 79.47
94.33 79.46
96.05 79.46
97.8 79.45
99.58 79.45
101.39 79.44
103.23 79.43
105.11 79.43
107.03 79.42
108.97 79.42
110.96 79.42
112.98 79.41
115.03 79.42
117.13 79.42
119.26 79.42
121.43 79.42
123.64 79.42
125.89 79.41
128.18 79.40
130.51 79.39
132.89 79.38
135.31 79.36
137.77 79.34
140.28 79.32
142.83 79.29
145.43 79.27
148.07 79.24
150.77 79.22
153.51 79.19
156.31 79.17
159.15 79.15
162.05 79.13
165 79.10
168 79.08
171.06 79.05
174.17 79.03
177.34 79.00
180.57 78.97
183.86 78.94
187.2 78.92
190.61 78.89
194.08 78.86
197.61 78.83
201.21 78.80
204.87 78.78
208.6 78.75
212.39 78.72
216.26 78.70
220.19 78.67
224.2 78.64
228.28 78.61
232.44 78.57
236.67 78.53
240.97 78.50
245.36 78.45
249.82 78.41
254.37 78.36
259 78.32
263.71 78.27
268.51 78.23
273.4 78.18
278.38 78.13
283.44 78.08
288.6 78.02
293.85 77.97
299.2 77.91
304.65 77.86
310.19 77.81
315.84 77.76
321.59 77.71
327.44 77.66
333.4 77.61
339.47 77.56
345.64 77.51
351.93 77.46
358.34 77.41
364.86 77.35
371.5 77.29
378.26 77.23
385.15 77.17
392.16 77.12
399.29 77.06
406.56 77.01
413.96 76.95
421.49 76.90
429.16 76.85
436.97 76.79
444.93 76.74
453.02 76.68
461.27 76.62
469.66 76.56
478.21 76.51
486.91 76.46
495.78 76.41
504.8 76.36
513.99 76.31
523.34 76.26
532.87 76.20
542.56 76.14
552.44 76.08
562.49 76.02
572.73 75.95
583.15 75.88
593.77 75.81
604.57 75.74
615.57 75.67
626.78 75.61
638.18 75.54
649.8 75.48
661.63 75.42
673.67 75.36
685.93 75.30
698.41 75.24
711.12 75.19
724.06 75.14
737.24 75.09
750.66 75.04
764.32 74.99
778.23 74.95
792.39 74.91
806.82 74.88
821.5 74.85
836.45 74.83
851.67 74.82
867.17 74.81
882.96 74.80
899.02 74.80
915.39 74.81
932.05 74.83
949.01 74.85
966.28 74.89
983.87 74.94
1001.77 75.01
1020 75.09
1038.57 75.20
1057.47 75.32
1076.71 75.45
1096.31 75.60
1116.26 75.75
1136.58 75.91
1157.26 76.08
1178.32 76.25
1199.77 76.42
1221.6 76.59
1243.84 76.76
1266.47 76.93
1289.52 77.10
1312.99 77.27
1336.89 77.44
1361.22 77.60
1385.99 77.76
1411.22 77.92
1436.9 78.07
1463.05 78.23
1489.68 78.38
1516.79 78.53
1544.4 78.69
1572.5 78.84
1601.12 79.00
1630.26 79.16
1659.93 79.32
1690.14 79.49
1720.9 79.67
1752.22 79.86
1784.11 80.07
1816.58 80.31
1849.64 80.57
1883.3 80.86
1917.58 81.16
1952.48 81.47
1988.01 81.78
2024.19 82.09
2061.03 82.39
2098.54 82.69
2136.73 82.99
2175.62 83.28
2215.22 83.55
2255.53 83.82
2296.58 84.08
2338.38 84.31
2380.94 84.52
2424.27 84.71
2468.39 84.86
2513.31 85.00
2559.05 85.13
2605.63 85.26
2653.05 85.39
2701.33 85.52
2750.5 85.63
2800.55 85.71
2851.52 85.73
2903.42 85.69
2956.26 85.60
3010.06 85.45
3064.85 85.27
3120.62 85.06
3177.42 84.84
3235.25 84.61
3294.13 84.39
3354.08 84.19
3415.12 84.00
3477.27 83.83
3540.56 83.66
3605 83.52
3670.6 83.38
3737.41 83.27
3805.43 83.17
3874.68 83.09
3945.2 83.04
4017 83.02
4090.11 83.03
4164.55 83.08
4240.34 83.17
4317.51 83.29
4396.09 83.45
4476.1 83.66
4557.56 83.93
4640.5 84.25
4724.96 84.64
4810.95 85.10
4898.51 85.59
4987.66 86.09
5078.43 86.58
5170.86 86.99
5264.97 87.29
5360.79 87.44
5458.35 87.41
5557.69 87.18
5658.84 86.76
5761.82 86.18
5866.69 85.48
5973.46 84.70
6082.17 83.87
6192.87 83.06
6305.57 82.29
6420.33 81.59
6537.18 80.97
6656.15 80.45
6777.29 80.03
6900.63 79.75
7026.22 79.61
7154.1 79.63
7284.3 79.83
7416.87 80.19
7551.85 80.72
7689.29 81.36
7829.23 82.03
7971.72 82.60
8116.8 82.91
8264.53 82.81
8414.94 82.20
8568.09 81.09
8724.02 79.56
8882.79 77.75
9044.46 75.81
9209.06 73.88
9376.66 72.04
9547.31 70.35
9721.07 68.83
9897.99 67.49
10078.13 66.33
10261.55 65.33
10448.3 64.51
10638.45 63.88
10832.07 63.43
11029.21 63.19
11229.94 63.18
11434.32 63.41
11642.41 63.88
11854.3 64.59
12070.04 65.51
12289.71 66.59
12513.38 67.76
12741.12 68.91
12973 69.93
13209.1 70.72
13449.5 71.15
13694.28 71.15
13943.51 70.70
14197.27 69.82
14455.66 68.58
14718.74 67.12
14986.62 65.58
15259.37 64.06
15537.08 62.67
15819.85 61.50
16107.76 60.61
16400.92 60.06
16699.41 59.87
17003.33 60.04
17312.78 60.54
17627.86 61.26
17948.68 62.02
18275.34 62.52
18607.94 62.50
18946.6 61.83
19291.42 60.59
19642.52 59.01
20000 57.32
