20 85.55
20.36 85.56
20.73 85.57
21.11 85.59
21.5 85.60
21.89 85.61
22.29 85.62
22.69 85.63
23.1 85.64
23.52 85.65
23.95 85.66
24.39 85.67
24.83 85.67
25.28 85.67
25.74 85.68
26.21 85.68
26.69 85.67
27.18 85.67
27.67 85.67
28.17 85.66
28.69 85.65
29.21 85.64
29.74 85.63
30.28 85.61
30.83 85.59
31.39 85.57
31.97 85.55
32.55 85.52
33.14 85.49
33.74 85.46
34.36 85.42
34.98 85.38
35.62 85.34
36.27 85.30
36.93 85.25
37.6 85.21
38.28 85.16
38.98 85.11
39.69 85.06
40.41 85.00
41.15 84.95
41.9 84.89
42.66 84.83
43.44 84.78
44.23 84.72
45.03 84.66
45.85 84.60
46.68 84.54
47.53 84.48
48.4 84.42
49.28 84.35
50.18 84.29
51.09 84.22
52.02 84.16
52.97 84.09
53.93 84.02
54.91 83.95
55.91 83.88
56.93 83.81
57.97 83.73
59.02 83.66
60.09 83.58
61.19 83.50
62.3 83.42
63.44 83.33
64.59 83.25
65.77 83.16
66.96 83.08
68.18 82.99
69.42 82.90
70.69 82.81
71.97 82.73
73.28 82.64
74.62 82.55
75.97 82.46
77.36 82.37
78.76 82.28
80.2 82.19
81.66 82.10
83.14 82.00
84.66 81.91
86.2 81.81
87.77 81.71
89.36 81.61
90.99 81.51
92.65 81.40
94.33 81.30
96.05 81.20
97.8 81.10
99.58 81.00
101.39 80.91
103.23 80.81
105.11 80.72
107.03 80.62
108.97 80.53
110.96 80.44
112.98 80.34
115.03 80.25
117.13 80.16
119.26 80.07
121.43 79.98
123.64 79.89
125.89 79.80
128.18 79.70
130.51 79.62
132.89 79.53
135.31 79.44
137.77 79.35
140.28 79.26
142.83 79.17
145.43 79.08
148.07 78.99
150.77 78.91
153.51 78.82
156.31 78.73
159.15 78.64
162.05 78.55
165 78.47
168 78.38
171.06 78.30
174.17 78.22
177.34 78.13
180.57 78.05
183.86 77.97
187.2 77.89
190.61 77.81
194.08 77.73
197.61 77.65
201.21 77.57
204.87 77.49
208.6 77.41
212.39 77.34
216.26 77.26
220.19 77.19
224.2 77.11
228.28 77.04
232.44 76.97
236.67 76.90
240.97 76.83
245.36 76.77
249.82 76.70
254.37 76.64
259 76.57
263.71 76.51
268.51 76.45
273.4 76.39
278.38 76.33
283.44 76.27
288.6 76.20
293.85 76.14
299.2 76.07
304.65 76.01
310.19 75.94
315.84 75.88
321.59 75.82
327.44 75.77
333.4 75.72
339.47 75.67
345.64 75.62
351.93 75.58
358.34 75.53
364.86 75.49
371.5 75.44
378.26 75.39
385.15 75.35
392.16 75.30
399.29 75.25
406.56 75.20
413.96 75.15
421.49 75.10
429.16 75.06
436.97 75.02
444.93 74.98
453.02 74.94
461.27 74.90
469.66 74.86
478.21 74.83
486.91 74.80
495.78 74.77
504.8 74.74
513.99 74.71
523.34 74.68
532.87 74.65
542.56 74.62
552.44 74.60
562.49 74.57
572.73 74.54
583.15 74.51
593.77 74.48
604.57 74.46
615.57 74.43
626.78 74.41
638.18 74.39
649.8 74.37
661.63 74.35
673.67 74.34
685.93 74.33
698.41 74.33
711.12 74.32
724.06 74.32
737.24 74.31
750.66 74.30
764.32 74.30
778.23 74.29
792.39 74.29
806.82 74.29
821.5 74.30
836.45 74.32
851.67 74.35
867.17 74.38
882.96 74.42
899.02 74.47
915.39 74.53
932.05 74.60
949.01 74.69
966.28 74.78
983.87 74.89
1001.77 75.01
1020 75.15
1038.57 75.31
1057.47 75.49
1076.71 75.68
1096.31 75.89
1116.26 76.09
1136.58 76.30
1157.26 76.51
1178.32 76.72
1199.77 76.92
1221.6 77.11
1243.84 77.30
1266.47 77.47
1289.52 77.63
1312.99 77.78
1336.89 77.93
1361.22 78.07
1385.99 78.20
1411.22 78.33
1436.9 78.45
1463.05 78.57
1489.68 78.69
1516.79 78.81
1544.4 78.92
1572.5 79.03
1601.12 79.15
1630.26 79.26
1659.93 79.38
1690.14 79.50
1720.9 79.62
1752.22 79.75
1784.11 79.88
1816.58 80.02
1849.64 80.16
1883.3 80.32
1917.58 80.48
1952.48 80.64
1988.01 80.82
2024.19 80.99
2061.03 81.18
2098.54 81.36
2136.73 81.56
2175.62 81.76
2215.22 81.97
2255.53 82.19
2296.58 82.41
2338.38 82.65
2380.94 82.89
2424.27 83.14
2468.39 83.40
2513.31 83.66
2559.05 83.92
2605.63 84.18
2653.05 84.44
2701.33 84.70
2750.5 84.96
2800.55 85.20
2851.52 85.43
2903.42 85.64
2956.26 85.83
3010.06 86.00
3064.85 86.14
3120.62 86.24
3177.42 86.32
3235.25 86.35
3294.13 86.35
3354.08 86.31
3415.12 86.23
3477.27 86.12
3540.56 85.98
3605 85.81
3670.6 85.62
3737.41 85.40
3805.43 85.17
3874.68 84.93
3945.2 84.67
4017 84.41
4090.11 84.16
4164.55 83.91
4240.34 83.66
4317.51 83.43
4396.09 83.20
4476.1 82.99
4557.56 82.80
4640.5 82.62
4724.96 82.46
4810.95 82.31
4898.51 82.19
4987.66 82.09
5078.43 82.02
5170.86 81.97
5264.97 81.95
5360.79 81.96
5458.35 82.00
5557.69 82.08
5658.84 82.19
5761.82 82.36
5866.69 82.59
5973.46 82.86
6082.17 83.20
6192.87 83.58
6305.57 83.98
6420.33 84.39
6537.18 84.75
6656.15 85.02
6777.29 85.14
6900.63 85.06
7026.22 84.74
7154.1 84.15
7284.3 83.33
7416.87 82.30
7551.85 81.12
7689.29 79.86
7829.23 78.55
7971.72 77.25
8116.8 75.99
8264.53 74.77
8414.94 73.59
8568.09 72.48
8724.02 71.43
8882.79 70.44
9044.46 69.53
9209.06 68.67
9376.66 67.87
9547.31 67.13
9721.07 66.45
9897.99 65.83
10078.13 65.28
10261.55 64.79
10448.3 64.39
10638.45 64.08
10832.07 63.87
11029.21 63.77
11229.94 63.77
11434.32 63.88
11642.41 64.08
11854.3 64.36
12070.04 64.69
12289.71 65.04
12513.38 65.38
12741.12 65.70
12973 66.01
13209.1 66.30
13449.5 66.61
13694.28 66.97
13943.51 67.43
14197.27 68.01
14455.66 68.70
14718.74 69.49
14986.62 70.30
15259.37 71.01
15537.08 71.49
15819.85 71.59
16107.76 71.22
16400.92 70.38
16699.41 69.17
17003.33 67.72
17312.78 66.20
17627.86 64.73
17948.68 63.38
18275.34 62.16
18607.94 61.05
18946.6 59.98
19291.42 58.91
19642.52 57.80
20000 56.69
