20 79.65
20.36 79.72
20.73 79.78
21.11 79.85
21.5 79.92
21.89 79.98
22.29 80.04
22.69 80.11
23.1 80.17
23.52 80.23
23.95 80.29
24.39 80.35
24.83 80.41
25.28 80.47
25.74 80.53
26.21 80.58
26.69 80.64
27.18 80.69
27.67 80.74
28.17 80.78
28.69 80.83
29.21 80.88
29.74 80.92
30.28 80.96
30.83 80.99
31.39 81.03
31.97 81.06
32.55 81.09
33.14 81.12
33.74 81.14
34.36 81.17
34.98 81.19
35.62 81.20
36.27 81.22
36.93 81.23
37.6 81.25
38.28 81.25
38.98 81.26
39.69 81.27
40.41 81.27
41.15 81.28
41.9 81.28
42.66 81.28
43.44 81.28
44.23 81.28
45.03 81.28
45.85 81.28
46.68 81.27
47.53 81.27
48.4 81.26
49.28 81.25
50.18 81.25
51.09 81.24
52.02 81.23
52.97 81.21
53.93 81.20
54.91 81.18
55.91 81.17
56.93 81.15
57.97 81.12
59.02 81.10
60.09 81.08
61.19 81.05
62.3 81.02
63.44 80.99
64.59 80.95
65.77 80.92
66.96 80.88
68.18 80.85
69.42 80.81
70.69 80.77
71.97 80.73
73.28 80.69
74.62 80.64
75.97 80.60
77.36 80.56
78.76 80.51
80.2 80.46
81.66 80.41
83.14 80.36
84.66 80.31
86.2 80.26
87.77 80.20
89.36 80.15
90.99 80.09
92.65 80.03
94.33 79.97
96.05 79.91
97.8 79.85
99.58 79.78
101.39 79.72
103.23 79.66
105.11 79.59
107.03 79.53
108.97 79.46
110.96 79.39
112.98 79.32
115.03 79.25
117.13 79.18
119.26 79.10
121.43 79.03
123.64 78.95
125.89 78.88
128.18 78.80
130.51 78.72
132.89 78.64
135.31 78.56
137.77 78.48
140.28 78.40
142.83 78.31
145.43 78.22
148.07 78.13
150.77 78.04
153.51 77.95
156.31 77.86
159.15 77.77
162.05 77.67
165 77.58
168 77.48
171.06 77.39
174.17 77.29
177.34 77.19
180.57 77.09
183.86 76.99
187.2 76.89
190.61 76.79
194.08 76.70
197.61 76.60
201.21 76.51
204.87 76.42
208.6 76.32
212.39 76.23
216.26 76.14
220.19 76.05
224.2 75.97
228.28 75.88
232.44 75.80
236.67 75.71
240.97 75.62
245.36 75.54
249.82 75.45
254.37 75.37
259 75.29
263.71 75.20
268.51 75.12
273.4 75.05
278.38 74.97
283.44 74.90
288.6 74.83
293.85 74.75
299.2 74.69
304.65 74.62
310.19 74.56
315.84 74.50
321.59 74.44
327.44 74.39
333.4 74.34
339.47 74.29
345.64 74.25
351.93 74.21
358.34 74.17
364.86 74.14
371.5 74.10
378.26 74.07
385.15 74.04
392.16 74.00
399.29 73.98
406.56 73.95
413.96 73.93
421.49 73.90
429.16 73.88
436.97 73.86
444.93 73.85
453.02 73.84
461.27 73.83
469.66 73.82
478.21 73.81
486.91 73.80
495.78 73.79
504.8 73.79
513.99 73.79
523.34 73.79
532.87 73.79
542.56 73.79
552.44 73.79
562.49 73.80
572.73 73.80
583.15 73.80
593.77 73.81
604.57 73.81
615.57 73.82
626.78 73.83
638.18 73.83
649.8 73.84
661.63 73.85
673.67 73.87
685.93 73.88
698.41 73.89
711.12 73.91
724.06 73.92
737.24 73.92
750.66 73.93
764.32 73.93
778.23 73.93
792.39 73.94
806.82 73.95
821.5 73.97
836.45 74.02
851.67 74.08
867.17 74.17
882.96 74.27
899.02 74.38
915.39 74.49
932.05 74.60
949.01 74.70
966.28 74.80
983.87 74.90
1001.77 75.01
1020 75.13
1038.57 75.27
1057.47 75.42
1076.71 75.59
1096.31 75.77
1116.26 75.96
1136.58 76.15
1157.26 76.35
1178.32 76.55
1199.77 76.75
1221.6 76.95
1243.84 77.15
1266.47 77.33
1289.52 77.51
1312.99 77.68
1336.89 77.84
1361.22 77.98
1385.99 78.11
1411.22 78.23
1436.9 78.34
1463.05 78.44
1489.68 78.52
1516.79 78.59
1544.4 78.66
1572.5 78.72
1601.12 78.78
1630.26 78.82
1659.93 78.87
1690.14 78.90
1720.9 78.93
1752.22 78.95
1784.11 78.97
1816.58 78.97
1849.64 78.97
1883.3 78.96
1917.58 78.95
1952.48 78.93
1988.01 78.92
2024.19 78.91
2061.03 78.89
2098.54 78.85
2136.73 78.79
2175.62 78.70
2215.22 78.58
2255.53 78.44
2296.58 78.28
2338.38 78.10
2380.94 77.92
2424.27 77.74
2468.39 77.56
2513.31 77.38
2559.05 77.21
2605.63 77.06
2653.05 76.95
2701.33 76.91
2750.5 76.95
2800.55 77.10
2851.52 77.36
2903.42 77.73
2956.26 78.20
3010.06 78.75
3064.85 79.36
3120.62 79.99
3177.42 80.62
3235.25 81.23
3294.13 81.79
3354.08 82.30
3415.12 82.75
3477.27 83.11
3540.56 83.39
3605 83.58
3670.6 83.68
3737.41 83.70
3805.43 83.65
3874.68 83.55
3945.2 83.42
4017 83.27
4090.11 83.12
4164.55 82.95
4240.34 82.77
4317.51 82.55
4396.09 82.29
4476.1 81.96
4557.56 81.58
4640.5 81.15
4724.96 80.69
4810.95 80.25
4898.51 79.85
4987.66 79.54
5078.43 79.34
5170.86 79.29
5264.97 79.37
5360.79 79.60
5458.35 79.95
5557.69 80.40
5658.84 80.90
5761.82 81.42
5866.69 81.91
5973.46 82.33
6082.17 82.63
6192.87 82.75
6305.57 82.66
6420.33 82.36
6537.18 81.87
6656.15 81.25
6777.29 80.57
6900.63 79.91
7026.22 79.34
7154.1 78.92
7284.3 78.70
7416.87 78.67
7551.85 78.84
7689.29 79.15
7829.23 79.53
7971.72 79.87
8116.8 80.08
8264.53 80.06
8414.94 79.74
8568.09 79.12
8724.02 78.23
8882.79 77.18
9044.46 76.05
9209.06 74.94
9376.66 73.94
9547.31 73.11
9721.07 72.50
9897.99 72.14
10078.13 72.02
10261.55 72.11
10448.3 72.37
10638.45 72.71
10832.07 73.02
11029.21 73.17
11229.94 73.08
11434.32 72.69
11642.41 72.05
11854.3 71.22
12070.04 70.35
12289.71 69.51
12513.38 68.77
12741.12 68.16
12973 67.66
13209.1 67.27
13449.5 66.97
13694.28 66.73
13943.51 66.57
14197.27 66.48
14455.66 66.49
14718.74 66.61
14986.62 66.85
15259.37 67.22
15537.08 67.72
15819.85 68.35
16107.76 69.08
16400.92 69.88
16699.41 70.69
17003.33 71.39
17312.78 71.86
17627.86 71.93
17948.68 71.47
18275.34 70.39
18607.94 68.66
18946.6 66.35
19291.42 63.58
19642.52 60.57
20000 57.48
