20 73.78
20.36 73.86
20.73 73.94
21.11 74.03
21.5 74.11
21.89 74.19
22.29 74.27
22.69 74.35
23.1 74.42
23.52 74.50
23.95 74.58
24.39 74.66
24.83 74.73
25.28 74.81
25.74 74.88
26.21 74.96
26.69 75.03
27.18 75.10
27.67 75.17
28.17 75.24
28.69 75.31
29.21 75.37
29.74 75.44
30.28 75.50
30.83 75.56
31.39 75.62
31.97 75.68
32.55 75.73
33.14 75.79
33.74 75.84
34.36 75.89
34.98 75.94
35.62 75.99
36.27 76.04
36.93 76.08
37.6 76.13
38.28 76.17
38.98 76.21
39.69 76.25
40.41 76.30
41.15 76.33
41.9 76.37
42.66 76.41
43.44 76.45
44.23 76.48
45.03 76.52
45.85 76.55
46.68 76.59
47.53 76.62
48.4 76.66
49.28 76.69
50.18 76.72
51.09 76.75
52.02 76.78
52.97 76.81
53.93 76.83
54.91 76.86
55.91 76.88
56.93 76.90
57.97 76.92
59.02 76.94
60.09 76.95
61.19 76.97
62.3 76.98
63.44 76.99
64.59 77.00
65.77 77.01
66.96 77.02
68.18 77.03
69.42 77.04
70.69 77.05
71.97 77.05
73.28 77.06
74.62 77.07
75.97 77.08
77.36 77.09
78.76 77.10
80.2 77.11
81.66 77.12
83.14 77.13
84.66 77.14
86.2 77.15
87.77 77.16
89.36 77.17
90.99 77.17
92.65 77.18
94.33 77.19
96.05 77.20
97.8 77.21
99.58 77.22
101.39 77.23
103.23 77.24
105.11 77.25
107.03 77.26
108.97 77.27
110.96 77.28
112.98 77.29
115.03 77.30
117.13 77.30
119.26 77.31
121.43 77.31
123.64 77.31
125.89 77.31
128.18 77.30
130.51 77.30
132.89 77.29
135.31 77.28
137.77 77.27
140.28 77.26
142.83 77.25
145.43 77.24
148.07 77.23
150.77 77.23
153.51 77.22
156.31 77.22
159.15 77.23
162.05 77.23
165 77.23
168 77.24
171.06 77.25
174.17 77.25
177.34 77.27
180.57 77.28
183.86 77.29
187.2 77.30
190.61 77.31
194.08 77.31
197.61 77.32
201.21 77.32
204.87 77.31
208.6 77.30
212.39 77.28
216.26 77.26
220.19 77.25
224.2 77.22
228.28 77.20
232.44 77.18
236.67 77.15
240.97 77.12
245.36 77.10
249.82 77.08
254.37 77.06
259 77.04
263.71 77.02
268.51 77.01
273.4 77.00
278.38 76.99
283.44 76.98
288.6 76.97
293.85 76.95
299.2 76.94
304.65 76.93
310.19 76.91
315.84 76.89
321.59 76.87
327.44 76.84
333.4 76.81
339.47 76.78
345.64 76.75
351.93 76.73
358.34 76.70
364.86 76.67
371.5 76.65
378.26 76.62
385.15 76.60
392.16 76.57
399.29 76.54
406.56 76.51
413.96 76.48
421.49 76.44
429.16 76.40
436.97 76.37
444.93 76.33
453.02 76.29
461.27 76.25
469.66 76.22
478.21 76.18
486.91 76.14
495.78 76.11
504.8 76.08
513.99 76.05
523.34 76.02
532.87 75.98
542.56 75.95
552.44 75.91
562.49 75.87
572.73 75.83
583.15 75.79
593.77 75.74
604.57 75.70
615.57 75.65
626.78 75.60
638.18 75.56
649.8 75.51
661.63 75.47
673.67 75.42
685.93 75.38
698.41 75.33
711.12 75.29
724.06 75.25
737.24 75.21
750.66 75.16
764.32 75.12
778.23 75.08
792.39 75.04
806.82 75.00
821.5 74.96
836.45 74.93
851.67 74.89
867.17 74.86
882.96 74.84
899.02 74.83
915.39 74.83
932.05 74.84
949.01 74.86
966.28 74.90
983.87 74.95
1001.77 75.01
1020 75.08
1038.57 75.16
1057.47 75.26
1076.71 75.37
1096.31 75.49
1116.26 75.62
1136.58 75.76
1157.26 75.89
1178.32 76.03
1199.77 76.16
1221.6 76.28
1243.84 76.40
1266.47 76.51
1289.52 76.61
1312.99 76.70
1336.89 76.77
1361.22 76.84
1385.99 76.90
1411.22 76.96
1436.9 77.00
1463.05 77.05
1489.68 77.09
1516.79 77.14
1544.4 77.18
1572.5 77.23
1601.12 77.30
1630.26 77.37
1659.93 77.47
1690.14 77.58
1720.9 77.72
1752.22 77.89
1784.11 78.09
1816.58 78.31
1849.64 78.57
1883.3 78.84
1917.58 79.14
1952.48 79.44
1988.01 79.74
2024.19 80.04
2061.03 80.31
2098.54 80.54
2136.73 80.74
2175.62 80.88
2215.22 80.97
2255.53 81.00
2296.58 80.97
2338.38 80.88
2380.94 80.75
2424.27 80.59
2468.39 80.40
2513.31 80.20
2559.05 80.00
2605.63 79.80
2653.05 79.62
2701.33 79.45
2750.5 79.30
2800.55 79.18
2851.52 79.08
2903.42 79.00
2956.26 78.95
3010.06 78.93
3064.85 78.94
3120.62 78.97
3177.42 79.02
3235.25 79.10
3294.13 79.20
3354.08 79.33
3415.12 79.49
3477.27 79.67
3540.56 79.87
3605 80.09
3670.6 80.33
3737.41 80.59
3805.43 80.87
3874.68 81.16
3945.2 81.47
4017 81.77
4090.11 82.08
4164.55 82.38
4240.34 82.68
4317.51 82.97
4396.09 83.26
4476.1 83.53
4557.56 83.79
4640.5 84.05
4724.96 84.31
4810.95 84.58
4898.51 84.86
4987.66 85.17
5078.43 85.49
5170.86 85.84
5264.97 86.23
5360.79 86.63
5458.35 87.03
5557.69 87.41
5658.84 87.75
5761.82 88.03
5866.69 88.21
5973.46 88.31
6082.17 88.31
6192.87 88.25
6305.57 88.14
6420.33 88.00
6537.18 87.81
6656.15 87.53
6777.29 87.11
6900.63 86.47
7026.22 85.54
7154.1 84.34
7284.3 82.91
7416.87 81.34
7551.85 79.73
7689.29 78.16
7829.23 76.60
7971.72 75.02
8116.8 73.37
8264.53 71.67
8414.94 69.95
8568.09 68.27
8724.02 66.68
8882.79 65.22
9044.46 63.91
9209.06 62.74
9376.66 61.73
9547.31 60.84
9721.07 60.09
9897.99 59.46
10078.13 58.96
10261.55 58.58
10448.3 58.34
10638.45 58.25
10832.07 58.30
11029.21 58.50
11229.94 58.85
11434.32 59.34
11642.41 59.98
11854.3 60.75
12070.04 61.66
12289.71 62.70
12513.38 63.88
12741.12 65.19
12973 66.61
13209.1 68.06
13449.5 69.42
13694.28 70.54
13943.51 71.29
14197.27 71.58
14455.66 71.34
14718.74 70.61
14986.62 69.41
15259.37 67.85
15537.08 66.04
15819.85 64.13
16107.76 62.27
16400.92 60.48
16699.41 58.71
17003.33 56.79
17312.78 54.57
17627.86 51.97
17948.68 49.04
18275.34 45.92
18607.94 42.79
18946.6 39.77
19291.42 36.89
19642.52 34.14
20000 31.43
