20 73.27
20.36 73.42
20.73 73.58
21.11 73.73
21.5 73.89
21.89 74.04
22.29 74.19
22.69 74.34
23.1 74.50
23.52 74.65
23.95 74.80
24.39 74.94
24.83 75.09
25.28 75.24
25.74 75.38
26.21 75.53
26.69 75.67
27.18 75.81
27.67 75.95
28.17 76.08
28.69 76.22
29.21 76.35
29.74 76.48
30.28 76.60
30.83 76.73
31.39 76.85
31.97 76.97
32.55 77.09
33.14 77.20
33.74 77.31
34.36 77.42
34.98 77.53
35.62 77.63
36.27 77.74
36.93 77.84
37.6 77.94
38.28 78.03
38.98 78.13
39.69 78.22
40.41 78.32
41.15 78.41
41.9 78.50
42.66 78.59
43.44 78.68
44.23 78.78
45.03 78.86
45.85 78.95
46.68 79.05
47.53 79.14
48.4 79.22
49.28 79.31
50.18 79.39
51.09 79.48
52.02 79.56
52.97 79.63
53.93 79.71
54.91 79.78
55.91 79.84
56.93 79.90
57.97 79.95
59.02 80.00
60.09 80.05
61.19 80.08
62.3 80.12
63.44 80.15
64.59 80.18
65.77 80.20
66.96 80.23
68.18 80.25
69.42 80.28
70.69 80.30
71.97 80.33
73.28 80.36
74.62 80.40
75.97 80.43
77.36 80.46
78.76 80.50
80.2 80.53
81.66 80.56
83.14 80.58
84.66 80.60
86.2 80.62
87.77 80.64
89.36 80.65
90.99 80.66
92.65 80.67
94.33 80.67
96.05 80.68
97.8 80.68
99.58 80.69
101.39 80.70
103.23 80.71
105.11 80.72
107.03 80.72
108.97 80.73
110.96 80.74
112.98 80.75
115.03 80.75
117.13 80.75
119.26 80.75
121.43 80.75
123.64 80.73
125.89 80.71
128.18 80.68
130.51 80.65
132.89 80.62
135.31 80.58
137.77 80.53
140.28 80.49
142.83 80.45
145.43 80.41
148.07 80.37
150.77 80.34
153.51 80.32
156.31 80.29
159.15 80.27
162.05 80.25
165 80.23
168 80.20
171.06 80.18
174.17 80.16
177.34 80.13
180.57 80.11
183.86 80.09
187.2 80.07
190.61 80.04
194.08 80.02
197.61 79.98
201.21 79.95
204.87 79.90
208.6 79.86
212.39 79.80
216.26 79.75
220.19 79.69
224.2 79.63
228.28 79.57
232.44 79.50
236.67 79.44
240.97 79.38
245.36 79.32
249.82 79.26
254.37 79.20
259 79.14
263.71 79.08
268.51 79.02
273.4 78.96
278.38 78.90
283.44 78.83
288.6 78.77
293.85 78.70
299.2 78.63
304.65 78.56
310.19 78.48
315.84 78.41
321.59 78.32
327.44 78.25
333.4 78.17
339.47 78.09
345.64 78.01
351.93 77.93
358.34 77.85
364.86 77.77
371.5 77.69
378.26 77.61
385.15 77.53
392.16 77.44
399.29 77.36
406.56 77.28
413.96 77.19
421.49 77.11
429.16 77.02
436.97 76.94
444.93 76.85
453.02 76.76
461.27 76.67
469.66 76.59
478.21 76.51
486.91 76.43
495.78 76.35
504.8 76.27
513.99 76.18
523.34 76.10
532.87 76.02
542.56 75.94
552.44 75.85
562.49 75.77
572.73 75.69
583.15 75.61
593.77 75.53
604.57 75.46
615.57 75.38
626.78 75.31
638.18 75.25
649.8 75.18
661.63 75.11
673.67 75.04
685.93 74.97
698.41 74.91
711.12 74.85
724.06 74.80
737.24 74.75
750.66 74.70
764.32 74.66
778.23 74.62
792.39 74.58
806.82 74.55
821.5 74.52
836.45 74.50
851.67 74.49
867.17 74.49
882.96 74.50
899.02 74.53
915.39 74.57
932.05 74.62
949.01 74.70
966.28 74.79
983.87 74.89
1001.77 75.01
1020 75.15
1038.57 75.30
1057.47 75.48
1076.71 75.68
1096.31 75.90
1116.26 76.14
1136.58 76.39
1157.26 76.65
1178.32 76.93
1199.77 77.21
1221.6 77.49
1243.84 77.77
1266.47 78.05
1289.52 78.33
1312.99 78.61
1336.89 78.90
1361.22 79.19
1385.99 79.48
1411.22 79.78
1436.9 80.09
1463.05 80.41
1489.68 80.75
1516.79 81.11
1544.4 81.48
1572.5 81.88
1601.12 82.32
1630.26 82.81
1659.93 83.34
1690.14 83.91
1720.9 84.52
1752.22 85.14
1784.11 85.79
1816.58 86.42
1849.64 87.03
1883.3 87.55
1917.58 87.94
1952.48 88.17
1988.01 88.24
2024.19 88.13
2061.03 87.89
2098.54 87.54
2136.73 87.15
2175.62 86.75
2215.22 86.38
2255.53 86.06
2296.58 85.80
2338.38 85.61
2380.94 85.47
2424.27 85.38
2468.39 85.33
2513.31 85.31
2559.05 85.32
2605.63 85.34
2653.05 85.37
2701.33 85.43
2750.5 85.52
2800.55 85.65
2851.52 85.81
2903.42 85.98
2956.26 86.11
3010.06 86.14
3064.85 85.96
3120.62 85.48
3177.42 84.62
3235.25 83.34
3294.13 81.65
3354.08 79.61
3415.12 77.30
3477.27 74.86
3540.56 72.42
3605 70.17
3670.6 68.33
3737.41 67.14
3805.43 66.89
3874.68 67.69
3945.2 69.41
4017 71.66
4090.11 74.06
4164.55 76.29
4240.34 78.21
4317.51 79.73
4396.09 80.86
4476.1 81.63
4557.56 82.08
4640.5 82.26
4724.96 82.19
4810.95 81.88
4898.51 81.33
4987.66 80.55
5078.43 79.60
5170.86 78.55
5264.97 77.51
5360.79 76.66
5458.35 76.13
5557.69 76.03
5658.84 76.34
5761.82 76.90
5866.69 77.50
5973.46 77.95
6082.17 78.18
6192.87 78.18
6305.57 78.00
6420.33 77.74
6537.18 77.46
6656.15 77.22
6777.29 77.04
6900.63 76.93
7026.22 76.87
7154.1 76.83
7284.3 76.76
7416.87 76.66
7551.85 76.52
7689.29 76.41
7829.23 76.40
7971.72 76.59
8116.8 77.03
8264.53 77.69
8414.94 78.49
8568.09 79.29
8724.02 79.96
8882.79 80.39
9044.46 80.51
9209.06 80.33
9376.66 79.87
9547.31 79.17
9721.07 78.30
9897.99 77.32
10078.13 76.31
10261.55 75.36
10448.3 74.55
10638.45 73.95
10832.07 73.61
11029.21 73.51
11229.94 73.61
11434.32 73.86
11642.41 74.20
11854.3 74.58
12070.04 74.99
12289.71 75.42
12513.38 75.86
12741.12 76.31
12973 76.76
13209.1 77.16
13449.5 77.48
13694.28 77.65
13943.51 77.62
14197.27 77.39
14455.66 76.98
14718.74 76.50
14986.62 76.02
15259.37 75.56
15537.08 75.11
15819.85 74.61
16107.76 74.02
16400.92 73.27
16699.41 72.25
17003.33 70.88
17312.78 69.16
17627.86 67.16
17948.68 65.05
18275.34 62.93
18607.94 60.87
18946.6 58.84
19291.42 56.83
19642.52 54.84
20000 52.87
