20 81.73
20.36 81.75
20.73 81.77
21.11 81.80
21.5 81.82
21.89 81.84
22.29 81.86
22.69 81.89
23.1 81.91
23.52 81.93
23.95 81.95
24.39 81.97
24.83 81.98
25.28 82.00
25.74 82.02
26.21 82.03
26.69 82.05
27.18 82.06
27.67 82.07
28.17 82.08
28.69 82.08
29.21 82.09
29.74 82.10
30.28 82.10
30.83 82.10
31.39 82.10
31.97 82.10
32.55 82.09
33.14 82.08
33.74 82.08
34.36 82.06
34.98 82.05
35.62 82.04
36.27 82.02
36.93 82.00
37.6 81.98
38.28 81.95
38.98 81.93
39.69 81.90
40.41 81.87
41.15 81.84
41.9 81.81
42.66 81.78
43.44 81.74
44.23 81.70
45.03 81.66
45.85 81.62
46.68 81.58
47.53 81.53
48.4 81.49
49.28 81.44
50.18 81.39
51.09 81.34
52.02 81.29
52.97 81.24
53.93 81.19
54.91 81.14
55.91 81.08
56.93 81.03
57.97 80.98
59.02 80.93
60.09 80.88
61.19 80.83
62.3 80.77
63.44 80.72
64.59 80.67
65.77 80.61
66.96 80.55
68.18 80.49
69.42 80.43
70.69 80.37
71.97 80.30
73.28 80.23
74.62 80.16
75.97 80.09
77.36 80.01
78.76 79.94
80.2 79.86
81.66 79.79
83.14 79.72
84.66 79.65
86.2 79.58
87.77 79.51
89.36 79.45
90.99 79.39
92.65 79.32
94.33 79.26
96.05 79.19
97.8 79.12
99.58 79.06
101.39 78.98
103.23 78.91
105.11 78.83
107.03 78.76
108.97 78.68
110.96 78.60
112.98 78.53
115.03 78.45
117.13 78.37
119.26 78.30
121.43 78.22
123.64 78.15
125.89 78.08
128.18 78.01
130.51 77.94
132.89 77.86
135.31 77.80
137.77 77.73
140.28 77.66
142.83 77.59
145.43 77.52
148.07 77.45
150.77 77.39
153.51 77.32
156.31 77.26
159.15 77.19
162.05 77.13
165 77.06
168 77.00
171.06 76.93
174.17 76.87
177.34 76.80
180.57 76.74
183.86 76.68
187.2 76.61
190.61 76.55
194.08 76.49
197.61 76.43
201.21 76.37
204.87 76.31
208.6 76.24
212.39 76.19
216.26 76.13
220.19 76.07
224.2 76.01
228.28 75.96
232.44 75.90
236.67 75.85
240.97 75.79
245.36 75.74
249.82 75.68
254.37 75.62
259 75.57
263.71 75.51
268.51 75.46
273.4 75.41
278.38 75.35
283.44 75.30
288.6 75.25
293.85 75.20
299.2 75.15
304.65 75.10
310.19 75.05
315.84 75.01
321.59 74.97
327.44 74.93
333.4 74.89
339.47 74.86
345.64 74.83
351.93 74.80
358.34 74.77
364.86 74.74
371.5 74.71
378.26 74.69
385.15 74.66
392.16 74.63
399.29 74.60
406.56 74.57
413.96 74.54
421.49 74.51
429.16 74.49
436.97 74.46
444.93 74.44
453.02 74.41
461.27 74.39
469.66 74.36
478.21 74.34
486.91 74.32
495.78 74.31
504.8 74.29
513.99 74.27
523.34 74.25
532.87 74.23
542.56 74.22
552.44 74.20
562.49 74.18
572.73 74.17
583.15 74.15
593.77 74.13
604.57 74.12
615.57 74.10
626.78 74.09
638.18 74.09
649.8 74.09
661.63 74.08
673.67 74.09
685.93 74.09
698.41 74.09
711.12 74.09
724.06 74.09
737.24 74.09
750.66 74.09
764.32 74.09
778.23 74.09
792.39 74.10
806.82 74.11
821.5 74.14
836.45 74.17
851.67 74.21
867.17 74.27
882.96 74.33
899.02 74.39
915.39 74.47
932.05 74.56
949.01 74.65
966.28 74.76
983.87 74.88
1001.77 75.01
1020 75.17
1038.57 75.34
1057.47 75.54
1076.71 75.76
1096.31 75.99
1116.26 76.24
1136.58 76.49
1157.26 76.76
1178.32 77.03
1199.77 77.31
1221.6 77.58
1243.84 77.86
1266.47 78.12
1289.52 78.39
1312.99 78.66
1336.89 78.92
1361.22 79.17
1385.99 79.42
1411.22 79.67
1436.9 79.92
1463.05 80.16
1489.68 80.41
1516.79 80.66
1544.4 80.91
1572.5 81.16
1601.12 81.41
1630.26 81.67
1659.93 81.92
1690.14 82.16
1720.9 82.39
1752.22 82.59
1784.11 82.77
1816.58 82.91
1849.64 83.03
1883.3 83.12
1917.58 83.17
1952.48 83.19
1988.01 83.17
2024.19 83.12
2061.03 83.04
2098.54 82.93
2136.73 82.81
2175.62 82.66
2215.22 82.51
2255.53 82.35
2296.58 82.19
2338.38 82.02
2380.94 81.87
2424.27 81.72
2468.39 81.60
2513.31 81.49
2559.05 81.40
2605.63 81.34
2653.05 81.29
2701.33 81.27
2750.5 81.27
2800.55 81.29
2851.52 81.31
2903.42 81.34
2956.26 81.36
3010.06 81.33
3064.85 81.25
3120.62 81.08
3177.42 80.81
3235.25 80.40
3294.13 79.86
3354.08 79.17
3415.12 78.36
3477.27 77.47
3540.56 76.54
3605 75.65
3670.6 74.84
3737.41 74.17
3805.43 73.66
3874.68 73.34
3945.2 73.20
4017 73.21
4090.11 73.35
4164.55 73.57
4240.34 73.86
4317.51 74.17
4396.09 74.50
4476.1 74.85
4557.56 75.22
4640.5 75.63
4724.96 76.10
4810.95 76.65
4898.51 77.27
4987.66 77.95
5078.43 78.64
5170.86 79.30
5264.97 79.84
5360.79 80.20
5458.35 80.37
5557.69 80.35
5658.84 80.20
5761.82 79.99
5866.69 79.78
5973.46 79.58
6082.17 79.38
6192.87 79.16
6305.57 78.93
6420.33 78.70
6537.18 78.53
6656.15 78.46
6777.29 78.54
6900.63 78.79
7026.22 79.19
7154.1 79.70
7284.3 80.23
7416.87 80.64
7551.85 80.82
7689.29 80.66
7829.23 80.10
7971.72 79.16
8116.8 77.93
8264.53 76.52
8414.94 75.03
8568.09 73.60
8724.02 72.29
8882.79 71.16
9044.46 70.23
9209.06 69.51
9376.66 68.98
9547.31 68.64
9721.07 68.46
9897.99 68.41
10078.13 68.43
10261.55 68.47
10448.3 68.46
10638.45 68.35
10832.07 68.10
11029.21 67.75
11229.94 67.34
11434.32 66.98
11642.41 66.78
11854.3 66.86
12070.04 67.26
12289.71 68.00
12513.38 69.06
12741.12 70.35
12973 71.78
13209.1 73.23
13449.5 74.60
13694.28 75.80
13943.51 76.75
14197.27 77.40
14455.66 77.74
14718.74 77.81
14986.62 77.70
15259.37 77.50
15537.08 77.34
15819.85 77.28
16107.76 77.34
16400.92 77.50
16699.41 77.67
17003.33 77.76
17312.78 77.68
17627.86 77.42
17948.68 77.00
18275.34 76.49
18607.94 75.98
18946.6 75.50
19291.42 75.07
19642.52 74.66
20000 74.27
