20 74.45
20.36 74.50
20.73 74.55
21.11 74.60
21.5 74.64
21.89 74.69
22.29 74.74
22.69 74.79
23.1 74.84
23.52 74.89
23.95 74.94
24.39 74.98
24.83 75.03
25.28 75.08
25.74 75.13
26.21 75.18
26.69 75.22
27.18 75.27
27.67 75.32
28.17 75.37
28.69 75.42
29.21 75.47
29.74 75.51
30.28 75.56
30.83 75.61
31.39 75.65
31.97 75.70
32.55 75.75
33.14 75.80
33.74 75.84
34.36 75.89
34.98 75.93
35.62 75.98
36.27 76.02
36.93 76.07
37.6 76.11
38.28 76.15
38.98 76.19
39.69 76.22
40.41 76.26
41.15 76.29
41.9 76.33
42.66 76.35
43.44 76.38
44.23 76.41
45.03 76.43
45.85 76.45
46.68 76.46
47.53 76.48
48.4 76.49
49.28 76.50
50.18 76.51
51.09 76.52
52.02 76.52
52.97 76.53
53.93 76.54
54.91 76.54
55.91 76.55
56.93 76.56
57.97 76.57
59.02 76.58
60.09 76.60
61.19 76.61
62.3 76.63
63.44 76.65
64.59 76.66
65.77 76.68
66.96 76.70
68.18 76.71
69.42 76.72
70.69 76.74
71.97 76.75
73.28 76.76
74.62 76.76
75.97 76.77
77.36 76.77
78.76 76.78
80.2 76.79
81.66 76.79
83.14 76.80
84.66 76.81
86.2 76.83
87.77 76.84
89.36 76.86
90.99 76.88
92.65 76.90
94.33 76.92
96.05 76.93
97.8 76.95
99.58 76.96
101.39 76.97
103.23 76.97
105.11 76.98
107.03 76.98
108.97 76.98
110.96 76.99
112.98 76.99
115.03 76.99
117.13 77.00
119.26 77.00
121.43 77.00
123.64 77.00
125.89 77.01
128.18 77.01
130.51 77.00
132.89 77.00
135.31 77.00
137.77 77.00
140.28 77.00
142.83 77.00
145.43 77.01
148.07 77.01
150.77 77.02
153.51 77.02
156.31 77.03
159.15 77.04
162.05 77.04
165 77.04
168 77.04
171.06 77.04
174.17 77.04
177.34 77.03
180.57 77.02
183.86 77.01
187.2 77.00
190.61 76.98
194.08 76.97
197.61 76.96
201.21 76.95
204.87 76.94
208.6 76.93
212.39 76.92
216.26 76.92
220.19 76.91
224.2 76.90
228.28 76.90
232.44 76.89
236.67 76.89
240.97 76.88
245.36 76.87
249.82 76.86
254.37 76.84
259 76.83
263.71 76.81
268.51 76.78
273.4 76.76
278.38 76.74
283.44 76.72
288.6 76.69
293.85 76.67
299.2 76.65
304.65 76.63
310.19 76.61
315.84 76.59
321.59 76.57
327.44 76.55
333.4 76.53
339.47 76.51
345.64 76.48
351.93 76.46
358.34 76.43
364.86 76.40
371.5 76.37
378.26 76.34
385.15 76.31
392.16 76.28
399.29 76.26
406.56 76.23
413.96 76.20
421.49 76.18
429.16 76.15
436.97 76.12
444.93 76.09
453.02 76.06
461.27 76.02
469.66 75.99
478.21 75.95
486.91 75.91
495.78 75.87
504.8 75.83
513.99 75.79
523.34 75.75
532.87 75.70
542.56 75.66
552.44 75.62
562.49 75.57
572.73 75.53
583.15 75.48
593.77 75.44
604.57 75.40
615.57 75.36
626.78 75.32
638.18 75.28
649.8 75.24
661.63 75.20
673.67 75.16
685.93 75.11
698.41 75.07
711.12 75.03
724.06 74.99
737.24 74.95
750.66 74.91
764.32 74.86
778.23 74.82
792.39 74.79
806.82 74.75
821.5 74.73
836.45 74.71
851.67 74.69
867.17 74.68
882.96 74.68
899.02 74.69
915.39 74.71
932.05 74.74
949.01 74.79
966.28 74.84
983.87 74.92
1001.77 75.01
1020 75.12
1038.57 75.24
1057.47 75.39
1076.71 75.54
1096.31 75.71
1116.26 75.89
1136.58 76.08
1157.26 76.28
1178.32 76.49
1199.77 76.70
1221.6 76.90
1243.84 77.10
1266.47 77.29
1289.52 77.47
1312.99 77.65
1336.89 77.82
1361.22 77.98
1385.99 78.12
1411.22 78.26
1436.9 78.39
1463.05 78.52
1489.68 78.63
1516.79 78.74
1544.4 78.84
1572.5 78.95
1601.12 79.06
1630.26 79.17
1659.93 79.28
1690.14 79.40
1720.9 79.53
1752.22 79.65
1784.11 79.79
1816.58 79.94
1849.64 80.09
1883.3 80.25
1917.58 80.42
1952.48 80.58
1988.01 80.74
2024.19 80.90
2061.03 81.04
2098.54 81.17
2136.73 81.28
2175.62 81.36
2215.22 81.42
2255.53 81.44
2296.58 81.42
2338.38 81.36
2380.94 81.26
2424.27 81.12
2468.39 80.94
2513.31 80.72
2559.05 80.47
2605.63 80.18
2653.05 79.87
2701.33 79.52
2750.5 79.15
2800.55 78.76
2851.52 78.37
2903.42 77.97
2956.26 77.57
3010.06 77.19
3064.85 76.81
3120.62 76.45
3177.42 76.10
3235.25 75.76
3294.13 75.43
3354.08 75.12
3415.12 74.82
3477.27 74.54
3540.56 74.27
3605 74.02
3670.6 73.78
3737.41 73.56
3805.43 73.36
3874.68 73.18
3945.2 73.01
4017 72.88
4090.11 72.78
4164.55 72.71
4240.34 72.69
4317.51 72.72
4396.09 72.82
4476.1 72.98
4557.56 73.21
4640.5 73.51
4724.96 73.85
4810.95 74.23
4898.51 74.62
4987.66 74.98
5078.43 75.28
5170.86 75.49
5264.97 75.59
5360.79 75.56
5458.35 75.40
5557.69 75.11
5658.84 74.71
5761.82 74.22
5866.69 73.66
5973.46 73.07
6082.17 72.46
6192.87 71.87
6305.57 71.33
6420.33 70.84
6537.18 70.42
6656.15 70.09
6777.29 69.86
6900.63 69.73
7026.22 69.74
7154.1 69.91
7284.3 70.24
7416.87 70.76
7551.85 71.45
7689.29 72.28
7829.23 73.15
7971.72 73.97
8116.8 74.57
8264.53 74.82
8414.94 74.61
8568.09 73.92
8724.02 72.83
8882.79 71.46
9044.46 69.96
9209.06 68.47
9376.66 67.06
9547.31 65.77
9721.07 64.61
9897.99 63.55
10078.13 62.55
10261.55 61.57
10448.3 60.60
10638.45 59.62
10832.07 58.63
11029.21 57.65
11229.94 56.69
11434.32 55.77
11642.41 54.91
11854.3 54.16
12070.04 53.55
12289.71 53.12
12513.38 52.87
12741.12 52.80
12973 52.89
13209.1 53.14
13449.5 53.53
13694.28 54.03
13943.51 54.62
14197.27 55.20
14455.66 55.62
14718.74 55.70
14986.62 55.24
15259.37 54.10
15537.08 52.27
15819.85 49.91
16107.76 47.31
16400.92 44.81
16699.41 42.67
17003.33 41.09
17312.78 40.14
17627.86 39.80
17948.68 39.92
18275.34 40.29
18607.94 40.66
18946.6 40.85
19291.42 40.81
19642.52 40.63
20000 40.40
