20 70.90
20.36 70.98
20.73 71.06
21.11 71.14
21.5 71.22
21.89 71.30
22.29 71.38
22.69 71.46
23.1 71.54
23.52 71.62
23.95 71.70
24.39 71.78
24.83 71.86
25.28 71.94
25.74 72.02
26.21 72.10
26.69 72.18
27.18 72.26
27.67 72.34
28.17 72.42
28.69 72.50
29.21 72.58
29.74 72.66
30.28 72.74
30.83 72.81
31.39 72.89
31.97 72.97
32.55 73.05
33.14 73.12
33.74 73.20
34.36 73.28
34.98 73.35
35.62 73.43
36.27 73.50
36.93 73.57
37.6 73.64
38.28 73.71
38.98 73.78
39.69 73.84
40.41 73.90
41.15 73.96
41.9 74.01
42.66 74.06
43.44 74.11
44.23 74.16
45.03 74.20
45.85 74.24
46.68 74.27
47.53 74.30
48.4 74.33
49.28 74.35
50.18 74.37
51.09 74.39
52.02 74.41
52.97 74.43
53.93 74.45
54.91 74.47
55.91 74.49
56.93 74.51
57.97 74.53
59.02 74.56
60.09 74.59
61.19 74.61
62.3 74.64
63.44 74.67
64.59 74.70
65.77 74.73
66.96 74.77
68.18 74.80
69.42 74.82
70.69 74.85
71.97 74.88
73.28 74.90
74.62 74.92
75.97 74.94
77.36 74.96
78.76 74.97
80.2 74.99
81.66 75.01
83.14 75.03
84.66 75.06
86.2 75.08
87.77 75.11
89.36 75.13
90.99 75.16
92.65 75.19
94.33 75.21
96.05 75.24
97.8 75.26
99.58 75.29
101.39 75.31
103.23 75.33
105.11 75.34
107.03 75.36
108.97 75.37
110.96 75.39
112.98 75.40
115.03 75.41
117.13 75.42
119.26 75.43
121.43 75.44
123.64 75.45
125.89 75.46
128.18 75.48
130.51 75.49
132.89 75.50
135.31 75.52
137.77 75.53
140.28 75.54
142.83 75.56
145.43 75.57
148.07 75.58
150.77 75.60
153.51 75.61
156.31 75.62
159.15 75.63
162.05 75.64
165 75.64
168 75.64
171.06 75.64
174.17 75.64
177.34 75.64
180.57 75.64
183.86 75.64
187.2 75.63
190.61 75.63
194.08 75.63
197.61 75.63
201.21 75.63
204.87 75.63
208.6 75.63
212.39 75.63
216.26 75.62
220.19 75.62
224.2 75.62
228.28 75.62
232.44 75.62
236.67 75.61
240.97 75.61
245.36 75.61
249.82 75.61
254.37 75.61
259 75.60
263.71 75.59
268.51 75.58
273.4 75.57
278.38 75.56
283.44 75.55
288.6 75.54
293.85 75.53
299.2 75.53
304.65 75.52
310.19 75.51
315.84 75.50
321.59 75.48
327.44 75.47
333.4 75.44
339.47 75.42
345.64 75.40
351.93 75.37
358.34 75.35
364.86 75.32
371.5 75.30
378.26 75.28
385.15 75.26
392.16 75.24
399.29 75.22
406.56 75.20
413.96 75.18
421.49 75.16
429.16 75.14
436.97 75.12
444.93 75.10
453.02 75.08
461.27 75.06
469.66 75.05
478.21 75.03
486.91 75.01
495.78 74.99
504.8 74.98
513.99 74.96
523.34 74.95
532.87 74.93
542.56 74.91
552.44 74.89
562.49 74.86
572.73 74.84
583.15 74.82
593.77 74.79
604.57 74.77
615.57 74.75
626.78 74.72
638.18 74.70
649.8 74.67
661.63 74.65
673.67 74.63
685.93 74.61
698.41 74.58
711.12 74.56
724.06 74.54
737.24 74.53
750.66 74.51
764.32 74.49
778.23 74.48
792.39 74.47
806.82 74.47
821.5 74.47
836.45 74.48
851.67 74.50
867.17 74.52
882.96 74.54
899.02 74.57
915.39 74.62
932.05 74.67
949.01 74.74
966.28 74.82
983.87 74.91
1001.77 75.01
1020 75.12
1038.57 75.25
1057.47 75.39
1076.71 75.54
1096.31 75.70
1116.26 75.87
1136.58 76.05
1157.26 76.23
1178.32 76.42
1199.77 76.60
1221.6 76.78
1243.84 76.94
1266.47 77.09
1289.52 77.23
1312.99 77.35
1336.89 77.46
1361.22 77.55
1385.99 77.63
1411.22 77.69
1436.9 77.74
1463.05 77.78
1489.68 77.81
1516.79 77.84
1544.4 77.86
1572.5 77.88
1601.12 77.91
1630.26 77.94
1659.93 77.99
1690.14 78.05
1720.9 78.13
1752.22 78.22
1784.11 78.33
1816.58 78.47
1849.64 78.63
1883.3 78.82
1917.58 79.02
1952.48 79.23
1988.01 79.45
2024.19 79.66
2061.03 79.87
2098.54 80.05
2136.73 80.20
2175.62 80.32
2215.22 80.39
2255.53 80.42
2296.58 80.41
2338.38 80.36
2380.94 80.27
2424.27 80.17
2468.39 80.04
2513.31 79.91
2559.05 79.77
2605.63 79.64
2653.05 79.52
2701.33 79.42
2750.5 79.35
2800.55 79.29
2851.52 79.26
2903.42 79.26
2956.26 79.28
3010.06 79.32
3064.85 79.40
3120.62 79.51
3177.42 79.65
3235.25 79.84
3294.13 80.06
3354.08 80.32
3415.12 80.61
3477.27 80.92
3540.56 81.25
3605 81.56
3670.6 81.85
3737.41 82.10
3805.43 82.31
3874.68 82.46
3945.2 82.57
4017 82.64
4090.11 82.69
4164.55 82.73
4240.34 82.77
4317.51 82.82
4396.09 82.87
4476.1 82.94
4557.56 83.01
4640.5 83.09
4724.96 83.17
4810.95 83.26
4898.51 83.34
4987.66 83.41
5078.43 83.44
5170.86 83.43
5264.97 83.34
5360.79 83.16
5458.35 82.86
5557.69 82.45
5658.84 81.92
5761.82 81.28
5866.69 80.57
5973.46 79.80
6082.17 79.05
6192.87 78.37
6305.57 77.86
6420.33 77.57
6537.18 77.54
6656.15 77.78
6777.29 78.21
6900.63 78.75
7026.22 79.32
7154.1 79.87
7284.3 80.41
7416.87 80.92
7551.85 81.33
7689.29 81.50
7829.23 81.26
7971.72 80.47
8116.8 79.12
8264.53 77.30
8414.94 75.17
8568.09 72.95
8724.02 70.83
8882.79 68.93
9044.46 67.31
9209.06 65.99
9376.66 64.98
9547.31 64.23
9721.07 63.70
9897.99 63.33
10078.13 63.04
10261.55 62.78
10448.3 62.46
10638.45 61.98
10832.07 61.27
11029.21 60.27
11229.94 59.00
11434.32 57.52
11642.41 55.95
11854.3 54.43
12070.04 53.08
12289.71 51.98
12513.38 51.17
12741.12 50.60
12973 50.21
13209.1 49.92
13449.5 49.65
13694.28 49.37
13943.51 49.11
14197.27 48.94
14455.66 48.94
14718.74 49.18
14986.62 49.66
15259.37 50.33
15537.08 51.03
15819.85 51.53
16107.76 51.64
16400.92 51.27
16699.41 50.49
17003.33 49.44
17312.78 48.26
17627.86 47.05
17948.68 45.90
18275.34 44.85
18607.94 43.87
18946.6 42.86
19291.42 41.76
19642.52 40.58
20000 39.39
