20 85.09
20.36 85.08
20.73 85.08
21.11 85.06
21.5 85.06
21.89 85.05
22.29 85.03
22.69 85.03
23.1 85.01
23.52 85.00
23.95 84.99
24.39 84.98
24.83 84.96
25.28 84.95
25.74 84.94
26.21 84.92
26.69 84.90
27.18 84.89
27.67 84.87
28.17 84.85
28.69 84.83
29.21 84.81
29.74 84.78
30.28 84.76
30.83 84.74
31.39 84.71
31.97 84.68
32.55 84.65
33.14 84.62
33.74 84.59
34.36 84.56
34.98 84.52
35.62 84.48
36.27 84.45
36.93 84.41
37.6 84.37
38.28 84.32
38.98 84.28
39.69 84.23
40.41 84.19
41.15 84.14
41.9 84.09
42.66 84.03
43.44 83.98
44.23 83.93
45.03 83.87
45.85 83.81
46.68 83.75
47.53 83.69
48.4 83.63
49.28 83.57
50.18 83.50
51.09 83.44
52.02 83.37
52.97 83.30
53.93 83.24
54.91 83.17
55.91 83.10
56.93 83.03
57.97 82.96
59.02 82.89
60.09 82.83
61.19 82.76
62.3 82.69
63.44 82.62
64.59 82.55
65.77 82.47
66.96 82.40
68.18 82.32
69.42 82.25
70.69 82.17
71.97 82.08
73.28 82.00
74.62 81.91
75.97 81.83
77.36 81.74
78.76 81.65
80.2 81.56
81.66 81.47
83.14 81.38
84.66 81.28
86.2 81.20
87.77 81.11
89.36 81.02
90.99 80.94
92.65 80.85
94.33 80.76
96.05 80.67
97.8 80.59
99.58 80.50
101.39 80.41
103.23 80.32
105.11 80.23
107.03 80.14
108.97 80.04
110.96 79.95
112.98 79.85
115.03 79.76
117.13 79.66
119.26 79.57
121.43 79.48
123.64 79.39
125.89 79.30
128.18 79.22
130.51 79.14
132.89 79.06
135.31 78.98
137.77 78.89
140.28 78.80
142.83 78.71
145.43 78.62
148.07 78.53
150.77 78.44
153.51 78.35
156.31 78.25
159.15 78.16
162.05 78.07
165 77.98
168 77.89
171.06 77.80
174.17 77.70
177.34 77.61
180.57 77.52
183.86 77.43
187.2 77.34
190.61 77.26
194.08 77.17
197.61 77.08
201.21 77.00
204.87 76.91
208.6 76.83
212.39 76.75
216.26 76.67
220.19 76.58
224.2 76.50
228.28 76.41
232.44 76.33
236.67 76.25
240.97 76.17
245.36 76.10
249.82 76.03
254.37 75.96
259 75.89
263.71 75.81
268.51 75.74
273.4 75.66
278.38 75.58
283.44 75.50
288.6 75.42
293.85 75.34
299.2 75.27
304.65 75.20
310.19 75.13
315.84 75.06
321.59 75.00
327.44 74.94
333.4 74.88
339.47 74.82
345.64 74.75
351.93 74.69
358.34 74.63
364.86 74.57
371.5 74.51
378.26 74.46
385.15 74.40
392.16 74.35
399.29 74.29
406.56 74.25
413.96 74.20
421.49 74.16
429.16 74.11
436.97 74.07
444.93 74.03
453.02 73.99
461.27 73.95
469.66 73.91
478.21 73.88
486.91 73.84
495.78 73.81
504.8 73.78
513.99 73.75
523.34 73.72
532.87 73.69
542.56 73.65
552.44 73.62
562.49 73.59
572.73 73.57
583.15 73.56
593.77 73.56
604.57 73.58
615.57 73.60
626.78 73.63
638.18 73.66
649.8 73.68
661.63 73.70
673.67 73.72
685.93 73.73
698.41 73.73
711.12 73.74
724.06 73.73
737.24 73.72
750.66 73.70
764.32 73.69
778.23 73.69
792.39 73.70
806.82 73.74
821.5 73.79
836.45 73.85
851.67 73.92
867.17 74.01
882.96 74.10
899.02 74.19
915.39 74.30
932.05 74.42
949.01 74.55
966.28 74.69
983.87 74.85
1001.77 75.02
1020 75.20
1038.57 75.41
1057.47 75.63
1076.71 75.86
1096.31 76.11
1116.26 76.37
1136.58 76.63
1157.26 76.91
1178.32 77.18
1199.77 77.46
1221.6 77.74
1243.84 78.00
1266.47 78.26
1289.52 78.51
1312.99 78.76
1336.89 79.01
1361.22 79.26
1385.99 79.50
1411.22 79.75
1436.9 79.99
1463.05 80.23
1489.68 80.46
1516.79 80.70
1544.4 80.92
1572.5 81.15
1601.12 81.38
1630.26 81.61
1659.93 81.84
1690.14 82.07
1720.9 82.29
1752.22 82.50
1784.11 82.69
1816.58 82.88
1849.64 83.06
1883.3 83.22
1917.58 83.36
1952.48 83.48
1988.01 83.58
2024.19 83.64
2061.03 83.67
2098.54 83.67
2136.73 83.64
2175.62 83.58
2215.22 83.50
2255.53 83.40
2296.58 83.28
2338.38 83.14
2380.94 82.98
2424.27 82.82
2468.39 82.66
2513.31 82.49
2559.05 82.33
2605.63 82.17
2653.05 82.02
2701.33 81.88
2750.5 81.75
2800.55 81.63
2851.52 81.53
2903.42 81.46
2956.26 81.40
3010.06 81.38
3064.85 81.38
3120.62 81.40
3177.42 81.46
3235.25 81.55
3294.13 81.66
3354.08 81.80
3415.12 81.98
3477.27 82.18
3540.56 82.41
3605 82.66
3670.6 82.93
3737.41 83.21
3805.43 83.47
3874.68 83.71
3945.2 83.87
4017 83.94
4090.11 83.89
4164.55 83.69
4240.34 83.35
4317.51 82.87
4396.09 82.27
4476.1 81.59
4557.56 80.84
4640.5 80.06
4724.96 79.27
4810.95 78.48
4898.51 77.72
4987.66 77.00
5078.43 76.32
5170.86 75.70
5264.97 75.13
5360.79 74.60
5458.35 74.11
5557.69 73.68
5658.84 73.30
5761.82 72.97
5866.69 72.70
5973.46 72.49
6082.17 72.34
6192.87 72.27
6305.57 72.28
6420.33 72.39
6537.18 72.61
6656.15 72.98
6777.29 73.51
6900.63 74.24
7026.22 75.18
7154.1 76.33
7284.3 77.66
7416.87 79.06
7551.85 80.39
7689.29 81.45
7829.23 82.02
7971.72 81.98
8116.8 81.31
8264.53 80.13
8414.94 78.66
8568.09 77.13
8724.02 75.73
8882.79 74.59
9044.46 73.75
9209.06 73.22
9376.66 72.95
9547.31 72.85
9721.07 72.81
9897.99 72.68
10078.13 72.33
10261.55 71.64
10448.3 70.58
10638.45 69.18
10832.07 67.51
11029.21 65.70
11229.94 63.86
11434.32 62.11
11642.41 60.54
11854.3 59.21
12070.04 58.15
12289.71 57.39
12513.38 56.97
12741.12 56.89
12973 57.13
13209.1 57.62
13449.5 58.27
13694.28 59.02
13943.51 59.84
14197.27 60.74
14455.66 61.76
14718.74 62.90
14986.62 64.13
15259.37 65.39
15537.08 66.53
15819.85 67.38
16107.76 67.82
16400.92 67.75
16699.41 67.20
17003.33 66.22
17312.78 64.95
17627.86 63.58
17948.68 62.24
18275.34 61.05
18607.94 59.99
18946.6 59.03
19291.42 58.12
19642.52 57.26
20000 56.41
