20 81.69
20.36 81.76
20.73 81.83
21.11 81.89
21.5 81.96
21.89 82.02
22.29 82.09
22.69 82.15
23.1 82.21
23.52 82.27
23.95 82.33
24.39 82.39
24.83 82.45
25.28 82.51
25.74 82.56
26.21 82.62
26.69 82.67
27.18 82.72
27.67 82.76
28.17 82.81
28.69 82.85
29.21 82.89
29.74 82.93
30.28 82.97
30.83 83.00
31.39 83.03
31.97 83.06
32.55 83.08
33.14 83.10
33.74 83.12
34.36 83.14
34.98 83.15
35.62 83.16
36.27 83.17
36.93 83.17
37.6 83.18
38.28 83.18
38.98 83.18
39.69 83.18
40.41 83.17
41.15 83.17
41.9 83.16
42.66 83.15
43.44 83.14
44.23 83.14
45.03 83.12
45.85 83.11
46.68 83.10
47.53 83.09
48.4 83.07
49.28 83.06
50.18 83.04
51.09 83.03
52.02 83.01
52.97 82.99
53.93 82.97
54.91 82.94
55.91 82.92
56.93 82.89
57.97 82.86
59.02 82.83
60.09 82.80
61.19 82.77
62.3 82.73
63.44 82.69
64.59 82.65
65.77 82.61
66.96 82.56
68.18 82.51
69.42 82.46
70.69 82.41
71.97 82.35
73.28 82.29
74.62 82.23
75.97 82.17
77.36 82.11
78.76 82.04
80.2 81.97
81.66 81.90
83.14 81.83
84.66 81.77
86.2 81.70
87.77 81.63
89.36 81.56
90.99 81.49
92.65 81.42
94.33 81.35
96.05 81.28
97.8 81.21
99.58 81.14
101.39 81.07
103.23 81.00
105.11 80.93
107.03 80.86
108.97 80.78
110.96 80.70
112.98 80.62
115.03 80.54
117.13 80.45
119.26 80.36
121.43 80.28
123.64 80.19
125.89 80.10
128.18 80.02
130.51 79.93
132.89 79.84
135.31 79.76
137.77 79.67
140.28 79.58
142.83 79.50
145.43 79.41
148.07 79.32
150.77 79.23
153.51 79.14
156.31 79.05
159.15 78.96
162.05 78.87
165 78.78
168 78.69
171.06 78.61
174.17 78.52
177.34 78.43
180.57 78.34
183.86 78.25
187.2 78.16
190.61 78.07
194.08 77.98
197.61 77.90
201.21 77.81
204.87 77.72
208.6 77.62
212.39 77.53
216.26 77.45
220.19 77.36
224.2 77.28
228.28 77.20
232.44 77.11
236.67 77.03
240.97 76.94
245.36 76.85
249.82 76.76
254.37 76.67
259 76.58
263.71 76.49
268.51 76.40
273.4 76.31
278.38 76.23
283.44 76.14
288.6 76.06
293.85 75.98
299.2 75.91
304.65 75.83
310.19 75.77
315.84 75.70
321.59 75.64
327.44 75.58
333.4 75.52
339.47 75.46
345.64 75.40
351.93 75.33
358.34 75.27
364.86 75.21
371.5 75.14
378.26 75.08
385.15 75.01
392.16 74.95
399.29 74.88
406.56 74.82
413.96 74.76
421.49 74.70
429.16 74.64
436.97 74.58
444.93 74.53
453.02 74.48
461.27 74.43
469.66 74.38
478.21 74.34
486.91 74.30
495.78 74.27
504.8 74.23
513.99 74.20
523.34 74.17
532.87 74.14
542.56 74.11
552.44 74.09
562.49 74.07
572.73 74.05
583.15 74.03
593.77 74.02
604.57 74.00
615.57 73.99
626.78 73.99
638.18 73.99
649.8 74.00
661.63 74.02
673.67 74.03
685.93 74.05
698.41 74.05
711.12 74.02
724.06 73.97
737.24 73.89
750.66 73.78
764.32 73.67
778.23 73.57
792.39 73.52
806.82 73.51
821.5 73.55
836.45 73.63
851.67 73.74
867.17 73.86
882.96 73.98
899.02 74.11
915.39 74.24
932.05 74.38
949.01 74.53
966.28 74.68
983.87 74.84
1001.77 75.02
1020 75.20
1038.57 75.41
1057.47 75.63
1076.71 75.87
1096.31 76.12
1116.26 76.38
1136.58 76.64
1157.26 76.91
1178.32 77.19
1199.77 77.46
1221.6 77.73
1243.84 77.99
1266.47 78.24
1289.52 78.49
1312.99 78.74
1336.89 78.98
1361.22 79.22
1385.99 79.46
1411.22 79.69
1436.9 79.92
1463.05 80.15
1489.68 80.39
1516.79 80.62
1544.4 80.86
1572.5 81.11
1601.12 81.38
1630.26 81.66
1659.93 81.95
1690.14 82.25
1720.9 82.56
1752.22 82.88
1784.11 83.21
1816.58 83.55
1849.64 83.90
1883.3 84.26
1917.58 84.62
1952.48 84.98
1988.01 85.32
2024.19 85.65
2061.03 85.95
2098.54 86.21
2136.73 86.44
2175.62 86.61
2215.22 86.73
2255.53 86.80
2296.58 86.80
2338.38 86.75
2380.94 86.63
2424.27 86.46
2468.39 86.25
2513.31 86.00
2559.05 85.72
2605.63 85.43
2653.05 85.13
2701.33 84.83
2750.5 84.53
2800.55 84.24
2851.52 83.96
2903.42 83.71
2956.26 83.47
3010.06 83.26
3064.85 83.06
3120.62 82.89
3177.42 82.74
3235.25 82.62
3294.13 82.53
3354.08 82.47
3415.12 82.44
3477.27 82.45
3540.56 82.49
3605 82.58
3670.6 82.72
3737.41 82.91
3805.43 83.16
3874.68 83.46
3945.2 83.82
4017 84.23
4090.11 84.67
4164.55 85.14
4240.34 85.59
4317.51 86.00
4396.09 86.31
4476.1 86.48
4557.56 86.47
4640.5 86.27
4724.96 85.86
4810.95 85.29
4898.51 84.58
4987.66 83.79
5078.43 82.97
5170.86 82.14
5264.97 81.33
5360.79 80.54
5458.35 79.81
5557.69 79.13
5658.84 78.52
5761.82 77.99
5866.69 77.53
5973.46 77.14
6082.17 76.84
6192.87 76.61
6305.57 76.49
6420.33 76.47
6537.18 76.57
6656.15 76.82
6777.29 77.23
6900.63 77.81
7026.22 78.55
7154.1 79.42
7284.3 80.37
7416.87 81.31
7551.85 82.09
7689.29 82.57
7829.23 82.63
7971.72 82.20
8116.8 81.31
8264.53 80.06
8414.94 78.60
8568.09 77.11
8724.02 75.73
8882.79 74.57
9044.46 73.69
9209.06 73.11
9376.66 72.83
9547.31 72.81
9721.07 73.00
9897.99 73.31
10078.13 73.61
10261.55 73.74
10448.3 73.57
10638.45 72.98
10832.07 71.98
11029.21 70.64
11229.94 69.10
11434.32 67.53
11642.41 66.06
11854.3 64.77
12070.04 63.66
12289.71 62.73
12513.38 61.93
12741.12 61.20
12973 60.49
13209.1 59.81
13449.5 59.20
13694.28 58.74
13943.51 58.56
14197.27 58.75
14455.66 59.35
14718.74 60.33
14986.62 61.57
15259.37 62.93
15537.08 64.23
15819.85 65.30
16107.76 66.02
16400.92 66.36
16699.41 66.33
17003.33 66.02
17312.78 65.54
17627.86 65.00
17948.68 64.51
18275.34 64.11
18607.94 63.78
18946.6 63.41
19291.42 62.96
19642.52 62.43
20000 61.85
