20 82.91
20.36 82.94
20.73 82.97
21.11 83.00
21.5 83.02
21.89 83.05
22.29 83.08
22.69 83.11
23.1 83.13
23.52 83.16
23.95 83.19
24.39 83.21
24.83 83.23
25.28 83.26
25.74 83.28
26.21 83.30
26.69 83.32
27.18 83.34
27.67 83.36
28.17 83.37
28.69 83.39
29.21 83.40
29.74 83.41
30.28 83.42
30.83 83.43
31.39 83.44
31.97 83.44
32.55 83.45
33.14 83.45
33.74 83.45
34.36 83.44
34.98 83.44
35.62 83.43
36.27 83.42
36.93 83.42
37.6 83.41
38.28 83.39
38.98 83.38
39.69 83.36
40.41 83.35
41.15 83.33
41.9 83.31
42.66 83.30
43.44 83.28
44.23 83.25
45.03 83.23
45.85 83.21
46.68 83.19
47.53 83.17
48.4 83.14
49.28 83.11
50.18 83.09
51.09 83.06
52.02 83.03
52.97 83.00
53.93 82.97
54.91 82.94
55.91 82.91
56.93 82.87
57.97 82.83
59.02 82.79
60.09 82.75
61.19 82.71
62.3 82.67
63.44 82.62
64.59 82.58
65.77 82.53
66.96 82.48
68.18 82.43
69.42 82.38
70.69 82.33
71.97 82.28
73.28 82.23
74.62 82.17
75.97 82.12
77.36 82.07
78.76 82.01
80.2 81.95
81.66 81.89
83.14 81.83
84.66 81.77
86.2 81.70
87.77 81.63
89.36 81.56
90.99 81.49
92.65 81.42
94.33 81.35
96.05 81.28
97.8 81.21
99.58 81.14
101.39 81.07
103.23 81.00
105.11 80.93
107.03 80.86
108.97 80.79
110.96 80.71
112.98 80.64
115.03 80.56
117.13 80.49
119.26 80.41
121.43 80.32
123.64 80.24
125.89 80.15
128.18 80.06
130.51 79.97
132.89 79.87
135.31 79.78
137.77 79.68
140.28 79.58
142.83 79.49
145.43 79.40
148.07 79.31
150.77 79.22
153.51 79.13
156.31 79.05
159.15 78.97
162.05 78.89
165 78.80
168 78.72
171.06 78.63
174.17 78.55
177.34 78.46
180.57 78.38
183.86 78.29
187.2 78.21
190.61 78.12
194.08 78.04
197.61 77.95
201.21 77.85
204.87 77.76
208.6 77.66
212.39 77.56
216.26 77.46
220.19 77.37
224.2 77.27
228.28 77.18
232.44 77.08
236.67 76.98
240.97 76.88
245.36 76.78
249.82 76.68
254.37 76.58
259 76.48
263.71 76.38
268.51 76.28
273.4 76.17
278.38 76.07
283.44 75.97
288.6 75.86
293.85 75.76
299.2 75.65
304.65 75.54
310.19 75.44
315.84 75.33
321.59 75.22
327.44 75.11
333.4 75.01
339.47 74.91
345.64 74.80
351.93 74.70
358.34 74.60
364.86 74.50
371.5 74.39
378.26 74.29
385.15 74.18
392.16 74.08
399.29 73.97
406.56 73.86
413.96 73.75
421.49 73.64
429.16 73.53
436.97 73.42
444.93 73.31
453.02 73.21
461.27 73.11
469.66 73.01
478.21 72.92
486.91 72.83
495.78 72.75
504.8 72.67
513.99 72.59
523.34 72.52
532.87 72.45
542.56 72.39
552.44 72.33
562.49 72.27
572.73 72.21
583.15 72.17
593.77 72.13
604.57 72.09
615.57 72.07
626.78 72.05
638.18 72.05
649.8 72.05
661.63 72.06
673.67 72.08
685.93 72.11
698.41 72.15
711.12 72.20
724.06 72.25
737.24 72.32
750.66 72.39
764.32 72.47
778.23 72.56
792.39 72.67
806.82 72.78
821.5 72.91
836.45 73.05
851.67 73.20
867.17 73.36
882.96 73.52
899.02 73.70
915.39 73.89
932.05 74.09
949.01 74.31
966.28 74.54
983.87 74.78
1001.77 75.02
1020 75.28
1038.57 75.56
1057.47 75.85
1076.71 76.16
1096.31 76.47
1116.26 76.79
1136.58 77.11
1157.26 77.42
1178.32 77.74
1199.77 78.06
1221.6 78.37
1243.84 78.67
1266.47 78.95
1289.52 79.23
1312.99 79.48
1336.89 79.73
1361.22 79.96
1385.99 80.18
1411.22 80.39
1436.9 80.59
1463.05 80.78
1489.68 80.97
1516.79 81.14
1544.4 81.30
1572.5 81.46
1601.12 81.61
1630.26 81.77
1659.93 81.92
1690.14 82.08
1720.9 82.22
1752.22 82.37
1784.11 82.50
1816.58 82.63
1849.64 82.75
1883.3 82.86
1917.58 82.97
1952.48 83.06
1988.01 83.13
2024.19 83.18
2061.03 83.22
2098.54 83.23
2136.73 83.24
2175.62 83.22
2215.22 83.20
2255.53 83.15
2296.58 83.09
2338.38 83.01
2380.94 82.91
2424.27 82.79
2468.39 82.65
2513.31 82.49
2559.05 82.30
2605.63 82.08
2653.05 81.84
2701.33 81.57
2750.5 81.29
2800.55 81.00
2851.52 80.72
2903.42 80.47
2956.26 80.24
3010.06 80.06
3064.85 79.91
3120.62 79.80
3177.42 79.74
3235.25 79.71
3294.13 79.73
3354.08 79.78
3415.12 79.87
3477.27 80.00
3540.56 80.16
3605 80.35
3670.6 80.56
3737.41 80.80
3805.43 81.03
3874.68 81.24
3945.2 81.42
4017 81.53
4090.11 81.55
4164.55 81.43
4240.34 81.16
4317.51 80.71
4396.09 80.05
4476.1 79.20
4557.56 78.19
4640.5 77.06
4724.96 75.88
4810.95 74.69
4898.51 73.61
4987.66 72.68
5078.43 71.97
5170.86 71.52
5264.97 71.37
5360.79 71.52
5458.35 71.95
5557.69 72.63
5658.84 73.48
5761.82 74.40
5866.69 75.33
5973.46 76.19
6082.17 76.91
6192.87 77.46
6305.57 77.79
6420.33 77.92
6537.18 77.87
6656.15 77.70
6777.29 77.48
6900.63 77.26
7026.22 77.09
7154.1 76.99
7284.3 76.99
7416.87 77.08
7551.85 77.22
7689.29 77.38
7829.23 77.48
7971.72 77.48
8116.8 77.31
8264.53 76.94
8414.94 76.38
8568.09 75.66
8724.02 74.83
8882.79 73.92
9044.46 72.96
9209.06 71.94
9376.66 70.84
9547.31 69.68
9721.07 68.49
9897.99 67.32
10078.13 66.25
10261.55 65.33
10448.3 64.61
10638.45 64.13
10832.07 63.89
11029.21 63.89
11229.94 64.13
11434.32 64.57
11642.41 65.19
11854.3 65.91
12070.04 66.67
12289.71 67.38
12513.38 67.96
12741.12 68.34
12973 68.49
13209.1 68.38
13449.5 68.06
13694.28 67.56
13943.51 66.97
14197.27 66.34
14455.66 65.77
14718.74 65.28
14986.62 64.93
15259.37 64.72
15537.08 64.65
15819.85 64.65
16107.76 64.67
16400.92 64.63
16699.41 64.55
17003.33 64.44
17312.78 64.36
17627.86 64.29
17948.68 64.20
18275.34 63.97
18607.94 63.50
18946.6 62.73
19291.42 61.70
19642.52 60.51
20000 59.27
