20 69.83
20.36 69.97
20.73 70.11
21.11 70.25
21.5 70.38
21.89 70.52
22.29 70.66
22.69 70.79
23.1 70.93
23.52 71.06
23.95 71.19
24.39 71.33
24.83 71.46
25.28 71.59
25.74 71.71
26.21 71.84
26.69 71.96
27.18 72.09
27.67 72.21
28.17 72.33
28.69 72.44
29.21 72.56
29.74 72.67
30.28 72.78
30.83 72.88
31.39 72.99
31.97 73.09
32.55 73.19
33.14 73.28
33.74 73.38
34.36 73.47
34.98 73.56
35.62 73.64
36.27 73.72
36.93 73.80
37.6 73.88
38.28 73.96
38.98 74.03
39.69 74.11
40.41 74.18
41.15 74.25
41.9 74.32
42.66 74.39
43.44 74.45
44.23 74.52
45.03 74.58
45.85 74.65
46.68 74.72
47.53 74.78
48.4 74.84
49.28 74.90
50.18 74.96
51.09 75.02
52.02 75.08
52.97 75.14
53.93 75.19
54.91 75.25
55.91 75.30
56.93 75.35
57.97 75.40
59.02 75.45
60.09 75.50
61.19 75.54
62.3 75.58
63.44 75.62
64.59 75.66
65.77 75.70
66.96 75.74
68.18 75.77
69.42 75.81
70.69 75.84
71.97 75.87
73.28 75.90
74.62 75.93
75.97 75.96
77.36 75.99
78.76 76.02
80.2 76.04
81.66 76.07
83.14 76.10
84.66 76.13
86.2 76.16
87.77 76.19
89.36 76.22
90.99 76.25
92.65 76.28
94.33 76.31
96.05 76.34
97.8 76.37
99.58 76.40
101.39 76.43
103.23 76.45
105.11 76.48
107.03 76.51
108.97 76.54
110.96 76.56
112.98 76.59
115.03 76.62
117.13 76.64
119.26 76.67
121.43 76.69
123.64 76.72
125.89 76.74
128.18 76.77
130.51 76.79
132.89 76.82
135.31 76.84
137.77 76.86
140.28 76.88
142.83 76.90
145.43 76.92
148.07 76.94
150.77 76.96
153.51 76.98
156.31 77.01
159.15 77.03
162.05 77.05
165 77.07
168 77.09
171.06 77.12
174.17 77.14
177.34 77.16
180.57 77.19
183.86 77.21
187.2 77.23
190.61 77.25
194.08 77.27
197.61 77.29
201.21 77.30
204.87 77.32
208.6 77.33
212.39 77.34
216.26 77.35
220.19 77.36
224.2 77.37
228.28 77.38
232.44 77.40
236.67 77.41
240.97 77.42
245.36 77.44
249.82 77.45
254.37 77.46
259 77.47
263.71 77.47
268.51 77.48
273.4 77.48
278.38 77.48
283.44 77.48
288.6 77.48
293.85 77.48
299.2 77.47
304.65 77.47
310.19 77.46
315.84 77.45
321.59 77.44
327.44 77.43
333.4 77.42
339.47 77.41
345.64 77.40
351.93 77.38
358.34 77.37
364.86 77.35
371.5 77.33
378.26 77.31
385.15 77.29
392.16 77.26
399.29 77.23
406.56 77.20
413.96 77.17
421.49 77.14
429.16 77.10
436.97 77.07
444.93 77.04
453.02 77.01
461.27 76.98
469.66 76.95
478.21 76.92
486.91 76.89
495.78 76.86
504.8 76.83
513.99 76.80
523.34 76.76
532.87 76.72
542.56 76.67
552.44 76.63
562.49 76.58
572.73 76.53
583.15 76.48
593.77 76.44
604.57 76.38
615.57 76.33
626.78 76.27
638.18 76.21
649.8 76.15
661.63 76.09
673.67 76.03
685.93 75.97
698.41 75.91
711.12 75.86
724.06 75.80
737.24 75.75
750.66 75.69
764.32 75.64
778.23 75.59
792.39 75.54
806.82 75.49
821.5 75.44
836.45 75.38
851.67 75.33
867.17 75.27
882.96 75.21
899.02 75.15
915.39 75.08
932.05 75.02
949.01 74.96
966.28 74.93
983.87 74.94
1001.77 75.01
1020 75.11
1038.57 75.26
1057.47 75.41
1076.71 75.57
1096.31 75.71
1116.26 75.85
1136.58 75.98
1157.26 76.11
1178.32 76.23
1199.77 76.36
1221.6 76.48
1243.84 76.59
1266.47 76.70
1289.52 76.80
1312.99 76.90
1336.89 76.98
1361.22 77.07
1385.99 77.14
1411.22 77.21
1436.9 77.28
1463.05 77.34
1489.68 77.40
1516.79 77.45
1544.4 77.50
1572.5 77.56
1601.12 77.62
1630.26 77.68
1659.93 77.75
1690.14 77.82
1720.9 77.90
1752.22 77.99
1784.11 78.09
1816.58 78.20
1849.64 78.33
1883.3 78.47
1917.58 78.62
1952.48 78.79
1988.01 78.98
2024.19 79.17
2061.03 79.38
2098.54 79.61
2136.73 79.85
2175.62 80.11
2215.22 80.39
2255.53 80.68
2296.58 80.99
2338.38 81.32
2380.94 81.65
2424.27 81.99
2468.39 82.33
2513.31 82.64
2559.05 82.93
2605.63 83.18
2653.05 83.38
2701.33 83.51
2750.5 83.57
2800.55 83.55
2851.52 83.45
2903.42 83.29
2956.26 83.06
3010.06 82.78
3064.85 82.47
3120.62 82.16
3177.42 81.85
3235.25 81.56
3294.13 81.30
3354.08 81.06
3415.12 80.87
3477.27 80.70
3540.56 80.58
3605 80.49
3670.6 80.44
3737.41 80.43
3805.43 80.45
3874.68 80.51
3945.2 80.58
4017 80.66
4090.11 80.70
4164.55 80.70
4240.34 80.64
4317.51 80.52
4396.09 80.39
4476.1 80.34
4557.56 80.44
4640.5 80.65
4724.96 80.89
4810.95 81.08
4898.51 81.14
4987.66 81.05
5078.43 80.78
5170.86 80.36
5264.97 79.80
5360.79 79.14
5458.35 78.42
5557.69 77.69
5658.84 76.98
5761.82 76.32
5866.69 75.72
5973.46 75.20
6082.17 74.77
6192.87 74.44
6305.57 74.23
6420.33 74.14
6537.18 74.19
6656.15 74.39
6777.29 74.75
6900.63 75.28
7026.22 75.97
7154.1 76.83
7284.3 77.81
7416.87 78.87
7551.85 79.93
7689.29 80.88
7829.23 81.58
7971.72 81.90
8116.8 81.73
8264.53 81.04
8414.94 79.90
8568.09 78.44
8724.02 76.85
8882.79 75.26
9044.46 73.79
9209.06 72.50
9376.66 71.42
9547.31 70.59
9721.07 70.00
9897.99 69.66
10078.13 69.58
10261.55 69.77
10448.3 70.25
10638.45 71.00
10832.07 71.99
11029.21 73.17
11229.94 74.39
11434.32 75.49
11642.41 76.31
11854.3 76.69
12070.04 76.63
12289.71 76.18
12513.38 75.51
12741.12 74.75
12973 74.03
13209.1 73.46
13449.5 73.08
13694.28 72.95
13943.51 73.06
14197.27 73.37
14455.66 73.80
14718.74 74.21
14986.62 74.42
15259.37 74.25
15537.08 73.59
15819.85 72.46
16107.76 70.99
16400.92 69.43
16699.41 68.00
17003.33 66.84
17312.78 66.05
17627.86 65.64
17948.68 65.55
18275.34 65.68
18607.94 65.86
18946.6 65.95
19291.42 65.85
19642.52 65.59
20000 65.25
