20 75.30
20.36 75.36
20.73 75.42
21.11 75.49
21.5 75.55
21.89 75.61
22.29 75.68
22.69 75.74
23.1 75.80
23.52 75.86
23.95 75.92
24.39 75.98
24.83 76.04
25.28 76.09
25.74 76.15
26.21 76.21
26.69 76.26
27.18 76.31
27.67 76.36
28.17 76.41
28.69 76.46
29.21 76.51
29.74 76.55
30.28 76.59
30.83 76.63
31.39 76.67
31.97 76.71
32.55 76.74
33.14 76.78
33.74 76.81
34.36 76.83
34.98 76.86
35.62 76.89
36.27 76.91
36.93 76.93
37.6 76.94
38.28 76.96
38.98 76.97
39.69 76.99
40.41 77.00
41.15 77.00
41.9 77.01
42.66 77.02
43.44 77.02
44.23 77.02
45.03 77.02
45.85 77.02
46.68 77.01
47.53 77.01
48.4 77.00
49.28 76.99
50.18 76.98
51.09 76.97
52.02 76.96
52.97 76.94
53.93 76.93
54.91 76.92
55.91 76.90
56.93 76.89
57.97 76.87
59.02 76.86
60.09 76.84
61.19 76.83
62.3 76.81
63.44 76.80
64.59 76.78
65.77 76.77
66.96 76.75
68.18 76.73
69.42 76.71
70.69 76.68
71.97 76.66
73.28 76.64
74.62 76.61
75.97 76.58
77.36 76.55
78.76 76.52
80.2 76.49
81.66 76.46
83.14 76.42
84.66 76.39
86.2 76.36
87.77 76.33
89.36 76.29
90.99 76.26
92.65 76.22
94.33 76.19
96.05 76.15
97.8 76.12
99.58 76.08
101.39 76.05
103.23 76.01
105.11 75.97
107.03 75.94
108.97 75.90
110.96 75.86
112.98 75.82
115.03 75.78
117.13 75.73
119.26 75.69
121.43 75.65
123.64 75.61
125.89 75.57
128.18 75.54
130.51 75.50
132.89 75.47
135.31 75.45
137.77 75.43
140.28 75.42
142.83 75.41
145.43 75.40
148.07 75.40
150.77 75.39
153.51 75.39
156.31 75.38
159.15 75.38
162.05 75.37
165 75.36
168 75.34
171.06 75.33
174.17 75.31
177.34 75.29
180.57 75.27
183.86 75.24
187.2 75.22
190.61 75.19
194.08 75.16
197.61 75.13
201.21 75.10
204.87 75.07
208.6 75.05
212.39 75.02
216.26 75.00
220.19 74.98
224.2 74.96
228.28 74.94
232.44 74.92
236.67 74.90
240.97 74.89
245.36 74.88
249.82 74.86
254.37 74.85
259 74.84
263.71 74.83
268.51 74.82
273.4 74.80
278.38 74.79
283.44 74.77
288.6 74.75
293.85 74.73
299.2 74.72
304.65 74.70
310.19 74.68
315.84 74.66
321.59 74.64
327.44 74.62
333.4 74.61
339.47 74.60
345.64 74.59
351.93 74.58
358.34 74.57
364.86 74.56
371.5 74.55
378.26 74.54
385.15 74.53
392.16 74.52
399.29 74.50
406.56 74.50
413.96 74.49
421.49 74.48
429.16 74.47
436.97 74.47
444.93 74.47
453.02 74.47
461.27 74.46
469.66 74.46
478.21 74.45
486.91 74.45
495.78 74.44
504.8 74.44
513.99 74.43
523.34 74.42
532.87 74.41
542.56 74.41
552.44 74.40
562.49 74.39
572.73 74.39
583.15 74.38
593.77 74.38
604.57 74.38
615.57 74.38
626.78 74.38
638.18 74.38
649.8 74.38
661.63 74.38
673.67 74.38
685.93 74.39
698.41 74.39
711.12 74.40
724.06 74.41
737.24 74.41
750.66 74.42
764.32 74.43
778.23 74.43
792.39 74.44
806.82 74.45
821.5 74.47
836.45 74.48
851.67 74.51
867.17 74.53
882.96 74.56
899.02 74.60
915.39 74.65
932.05 74.70
949.01 74.76
966.28 74.84
983.87 74.92
1001.77 75.01
1020 75.11
1038.57 75.23
1057.47 75.36
1076.71 75.50
1096.31 75.65
1116.26 75.80
1136.58 75.95
1157.26 76.11
1178.32 76.27
1199.77 76.42
1221.6 76.57
1243.84 76.71
1266.47 76.85
1289.52 76.97
1312.99 77.09
1336.89 77.20
1361.22 77.30
1385.99 77.38
1411.22 77.45
1436.9 77.51
1463.05 77.56
1489.68 77.61
1516.79 77.64
1544.4 77.67
1572.5 77.69
1601.12 77.71
1630.26 77.72
1659.93 77.73
1690.14 77.73
1720.9 77.72
1752.22 77.72
1784.11 77.71
1816.58 77.69
1849.64 77.67
1883.3 77.65
1917.58 77.62
1952.48 77.59
1988.01 77.56
2024.19 77.52
2061.03 77.48
2098.54 77.45
2136.73 77.41
2175.62 77.36
2215.22 77.32
2255.53 77.27
2296.58 77.22
2338.38 77.16
2380.94 77.10
2424.27 77.04
2468.39 76.98
2513.31 76.92
2559.05 76.87
2605.63 76.83
2653.05 76.80
2701.33 76.77
2750.5 76.75
2800.55 76.74
2851.52 76.74
2903.42 76.73
2956.26 76.72
3010.06 76.70
3064.85 76.68
3120.62 76.66
3177.42 76.63
3235.25 76.59
3294.13 76.56
3354.08 76.53
3415.12 76.51
3477.27 76.51
3540.56 76.52
3605 76.54
3670.6 76.57
3737.41 76.61
3805.43 76.65
3874.68 76.70
3945.2 76.76
4017 76.82
4090.11 76.89
4164.55 76.97
4240.34 77.05
4317.51 77.15
4396.09 77.24
4476.1 77.32
4557.56 77.38
4640.5 77.42
4724.96 77.42
4810.95 77.38
4898.51 77.30
4987.66 77.16
5078.43 76.97
5170.86 76.73
5264.97 76.45
5360.79 76.12
5458.35 75.77
5557.69 75.41
5658.84 75.05
5761.82 74.71
5866.69 74.39
5973.46 74.09
6082.17 73.84
6192.87 73.63
6305.57 73.46
6420.33 73.35
6537.18 73.30
6656.15 73.30
6777.29 73.37
6900.63 73.50
7026.22 73.71
7154.1 74.00
7284.3 74.39
7416.87 74.89
7551.85 75.45
7689.29 76.02
7829.23 76.52
7971.72 76.83
8116.8 76.84
8264.53 76.47
8414.94 75.68
8568.09 74.53
8724.02 73.09
8882.79 71.49
9044.46 69.84
9209.06 68.23
9376.66 66.70
9547.31 65.29
9721.07 64.04
9897.99 62.98
10078.13 62.16
10261.55 61.62
10448.3 61.38
10638.45 61.46
10832.07 61.84
11029.21 62.47
11229.94 63.26
11434.32 64.12
11642.41 64.97
11854.3 65.84
12070.04 66.79
12289.71 67.88
12513.38 69.11
12741.12 70.46
12973 71.83
13209.1 73.10
13449.5 74.17
13694.28 74.99
13943.51 75.57
14197.27 76.00
14455.66 76.43
14718.74 76.91
14986.62 77.47
15259.37 78.03
15537.08 78.52
15819.85 78.89
16107.76 79.14
16400.92 79.33
16699.41 79.53
17003.33 79.77
17312.78 80.02
17627.86 80.17
17948.68 80.11
18275.34 79.68
18607.94 78.77
18946.6 77.38
19291.42 75.62
19642.52 73.66
20000 71.65
