20 87.05
20.36 87.09
20.73 87.13
21.11 87.17
21.5 87.22
21.89 87.26
22.29 87.30
22.69 87.34
23.1 87.38
23.52 87.42
23.95 87.46
24.39 87.49
24.83 87.53
25.28 87.56
25.74 87.60
26.21 87.63
26.69 87.66
27.18 87.69
27.67 87.72
28.17 87.75
28.69 87.77
29.21 87.80
29.74 87.82
30.28 87.83
30.83 87.85
31.39 87.87
31.97 87.88
32.55 87.89
33.14 87.90
33.74 87.91
34.36 87.91
34.98 87.91
35.62 87.91
36.27 87.91
36.93 87.91
37.6 87.90
38.28 87.90
38.98 87.89
39.69 87.88
40.41 87.88
41.15 87.87
41.9 87.86
42.66 87.85
43.44 87.84
44.23 87.83
45.03 87.82
45.85 87.81
46.68 87.80
47.53 87.79
48.4 87.78
49.28 87.78
50.18 87.77
51.09 87.75
52.02 87.74
52.97 87.73
53.93 87.71
54.91 87.69
55.91 87.67
56.93 87.65
57.97 87.62
59.02 87.60
60.09 87.56
61.19 87.53
62.3 87.50
63.44 87.46
64.59 87.42
65.77 87.38
66.96 87.33
68.18 87.29
69.42 87.25
70.69 87.20
71.97 87.16
73.28 87.11
74.62 87.07
75.97 87.02
77.36 86.98
78.76 86.93
80.2 86.88
81.66 86.83
83.14 86.78
84.66 86.72
86.2 86.67
87.77 86.61
89.36 86.55
90.99 86.48
92.65 86.42
94.33 86.36
96.05 86.29
97.8 86.23
99.58 86.16
101.39 86.10
103.23 86.03
105.11 85.97
107.03 85.91
108.97 85.84
110.96 85.77
112.98 85.70
115.03 85.64
117.13 85.57
119.26 85.49
121.43 85.42
123.64 85.35
125.89 85.27
128.18 85.19
130.51 85.11
132.89 85.03
135.31 84.95
137.77 84.87
140.28 84.78
142.83 84.70
145.43 84.62
148.07 84.53
150.77 84.44
153.51 84.36
156.31 84.27
159.15 84.18
162.05 84.09
165 84.00
168 83.91
171.06 83.81
174.17 83.72
177.34 83.62
180.57 83.52
183.86 83.42
187.2 83.32
190.61 83.21
194.08 83.11
197.61 83.00
201.21 82.89
204.87 82.78
208.6 82.67
212.39 82.56
216.26 82.45
220.19 82.34
224.2 82.24
228.28 82.13
232.44 82.03
236.67 81.92
240.97 81.81
245.36 81.71
249.82 81.61
254.37 81.51
259 81.42
263.71 81.32
268.51 81.24
273.4 81.15
278.38 81.06
283.44 80.98
288.6 80.88
293.85 80.78
299.2 80.67
304.65 80.56
310.19 80.44
315.84 80.32
321.59 80.20
327.44 80.08
333.4 79.97
339.47 79.85
345.64 79.74
351.93 79.63
358.34 79.52
364.86 79.41
371.5 79.30
378.26 79.19
385.15 79.08
392.16 78.96
399.29 78.85
406.56 78.73
413.96 78.62
421.49 78.50
429.16 78.39
436.97 78.28
444.93 78.16
453.02 78.05
461.27 77.94
469.66 77.83
478.21 77.72
486.91 77.61
495.78 77.51
504.8 77.40
513.99 77.29
523.34 77.18
532.87 77.08
542.56 76.97
552.44 76.86
562.49 76.76
572.73 76.66
583.15 76.55
593.77 76.45
604.57 76.36
615.57 76.26
626.78 76.18
638.18 76.09
649.8 76.01
661.63 75.93
673.67 75.86
685.93 75.78
698.41 75.70
711.12 75.62
724.06 75.55
737.24 75.48
750.66 75.41
764.32 75.34
778.23 75.28
792.39 75.22
806.82 75.17
821.5 75.13
836.45 75.09
851.67 75.06
867.17 75.03
882.96 75.00
899.02 74.98
915.39 74.95
932.05 74.93
949.01 74.91
966.28 74.92
983.87 74.94
1001.77 75.01
1020 75.10
1038.57 75.21
1057.47 75.33
1076.71 75.46
1096.31 75.58
1116.26 75.69
1136.58 75.78
1157.26 75.86
1178.32 75.92
1199.77 75.98
1221.6 76.06
1243.84 76.16
1266.47 76.29
1289.52 76.45
1312.99 76.63
1336.89 76.81
1361.22 77.00
1385.99 77.18
1411.22 77.36
1436.9 77.54
1463.05 77.72
1489.68 77.91
1516.79 78.10
1544.4 78.31
1572.5 78.52
1601.12 78.73
1630.26 78.96
1659.93 79.20
1690.14 79.44
1720.9 79.69
1752.22 79.93
1784.11 80.17
1816.58 80.40
1849.64 80.63
1883.3 80.86
1917.58 81.07
1952.48 81.27
1988.01 81.46
2024.19 81.63
2061.03 81.81
2098.54 81.98
2136.73 82.14
2175.62 82.31
2215.22 82.48
2255.53 82.65
2296.58 82.81
2338.38 82.97
2380.94 83.11
2424.27 83.24
2468.39 83.36
2513.31 83.46
2559.05 83.54
2605.63 83.61
2653.05 83.65
2701.33 83.67
2750.5 83.67
2800.55 83.64
2851.52 83.61
2903.42 83.55
2956.26 83.47
3010.06 83.38
3064.85 83.28
3120.62 83.18
3177.42 83.06
3235.25 82.95
3294.13 82.83
3354.08 82.72
3415.12 82.62
3477.27 82.53
3540.56 82.45
3605 82.39
3670.6 82.36
3737.41 82.35
3805.43 82.37
3874.68 82.41
3945.2 82.49
4017 82.59
4090.11 82.72
4164.55 82.90
4240.34 83.11
4317.51 83.37
4396.09 83.68
4476.1 84.03
4557.56 84.42
4640.5 84.85
4724.96 85.30
4810.95 85.76
4898.51 86.19
4987.66 86.57
5078.43 86.86
5170.86 87.03
5264.97 87.07
5360.79 86.95
5458.35 86.69
5557.69 86.30
5658.84 85.79
5761.82 85.22
5866.69 84.60
5973.46 83.97
6082.17 83.36
6192.87 82.80
6305.57 82.30
6420.33 81.90
6537.18 81.59
6656.15 81.41
6777.29 81.35
6900.63 81.44
7026.22 81.69
7154.1 82.10
7284.3 82.65
7416.87 83.31
7551.85 84.03
7689.29 84.70
7829.23 85.20
7971.72 85.39
8116.8 85.19
8264.53 84.53
8414.94 83.46
8568.09 82.10
8724.02 80.59
8882.79 79.06
9044.46 77.60
9209.06 76.30
9376.66 75.20
9547.31 74.32
9721.07 73.67
9897.99 73.26
10078.13 73.08
10261.55 73.12
10448.3 73.34
10638.45 73.70
10832.07 74.12
11029.21 74.50
11229.94 74.73
11434.32 74.71
11642.41 74.39
11854.3 73.77
12070.04 72.93
12289.71 71.96
12513.38 70.96
12741.12 70.00
12973 69.11
13209.1 68.30
13449.5 67.54
13694.28 66.84
13943.51 66.18
14197.27 65.58
14455.66 65.07
14718.74 64.69
14986.62 64.50
15259.37 64.51
15537.08 64.77
15819.85 65.24
16107.76 65.87
16400.92 66.56
16699.41 67.16
17003.33 67.52
17312.78 67.56
17627.86 67.25
17948.68 66.68
18275.34 65.95
18607.94 65.15
18946.6 64.29
19291.42 63.37
19642.52 62.41
20000 61.44
