20 79.06
20.36 79.15
20.73 79.23
21.11 79.31
21.5 79.39
21.89 79.47
22.29 79.55
22.69 79.63
23.1 79.71
23.52 79.79
23.95 79.87
24.39 79.94
24.83 80.02
25.28 80.09
25.74 80.16
26.21 80.23
26.69 80.30
27.18 80.36
27.67 80.43
28.17 80.49
28.69 80.55
29.21 80.61
29.74 80.67
30.28 80.72
30.83 80.77
31.39 80.82
31.97 80.87
32.55 80.91
33.14 80.95
33.74 80.99
34.36 81.02
34.98 81.06
35.62 81.08
36.27 81.11
36.93 81.14
37.6 81.16
38.28 81.19
38.98 81.21
39.69 81.23
40.41 81.25
41.15 81.27
41.9 81.28
42.66 81.30
43.44 81.31
44.23 81.33
45.03 81.35
45.85 81.36
46.68 81.38
47.53 81.39
48.4 81.41
49.28 81.42
50.18 81.43
51.09 81.44
52.02 81.46
52.97 81.47
53.93 81.47
54.91 81.48
55.91 81.49
56.93 81.49
57.97 81.49
59.02 81.49
60.09 81.49
61.19 81.49
62.3 81.48
63.44 81.47
64.59 81.46
65.77 81.45
66.96 81.43
68.18 81.42
69.42 81.40
70.69 81.38
71.97 81.36
73.28 81.34
74.62 81.32
75.97 81.29
77.36 81.27
78.76 81.24
80.2 81.21
81.66 81.18
83.14 81.15
84.66 81.12
86.2 81.09
87.77 81.06
89.36 81.03
90.99 81.00
92.65 80.96
94.33 80.93
96.05 80.89
97.8 80.85
99.58 80.81
101.39 80.77
103.23 80.72
105.11 80.68
107.03 80.63
108.97 80.58
110.96 80.53
112.98 80.48
115.03 80.42
117.13 80.37
119.26 80.31
121.43 80.25
123.64 80.19
125.89 80.14
128.18 80.08
130.51 80.02
132.89 79.96
135.31 79.90
137.77 79.84
140.28 79.78
142.83 79.72
145.43 79.66
148.07 79.60
150.77 79.54
153.51 79.48
156.31 79.42
159.15 79.36
162.05 79.30
165 79.23
168 79.17
171.06 79.10
174.17 79.03
177.34 78.96
180.57 78.89
183.86 78.82
187.2 78.75
190.61 78.68
194.08 78.61
197.61 78.54
201.21 78.47
204.87 78.39
208.6 78.32
212.39 78.25
216.26 78.18
220.19 78.11
224.2 78.04
228.28 77.97
232.44 77.89
236.67 77.83
240.97 77.76
245.36 77.69
249.82 77.62
254.37 77.55
259 77.48
263.71 77.41
268.51 77.34
273.4 77.28
278.38 77.21
283.44 77.14
288.6 77.06
293.85 76.99
299.2 76.92
304.65 76.84
310.19 76.77
315.84 76.70
321.59 76.64
327.44 76.57
333.4 76.50
339.47 76.44
345.64 76.37
351.93 76.31
358.34 76.24
364.86 76.18
371.5 76.11
378.26 76.05
385.15 75.99
392.16 75.93
399.29 75.87
406.56 75.81
413.96 75.75
421.49 75.69
429.16 75.63
436.97 75.57
444.93 75.51
453.02 75.45
461.27 75.39
469.66 75.34
478.21 75.29
486.91 75.24
495.78 75.19
504.8 75.15
513.99 75.10
523.34 75.06
532.87 75.01
542.56 74.97
552.44 74.93
562.49 74.89
572.73 74.85
583.15 74.81
593.77 74.77
604.57 74.74
615.57 74.70
626.78 74.67
638.18 74.64
649.8 74.61
661.63 74.58
673.67 74.56
685.93 74.54
698.41 74.53
711.12 74.52
724.06 74.51
737.24 74.51
750.66 74.51
764.32 74.52
778.23 74.52
792.39 74.52
806.82 74.51
821.5 74.49
836.45 74.47
851.67 74.45
867.17 74.43
882.96 74.42
899.02 74.44
915.39 74.48
932.05 74.55
949.01 74.64
966.28 74.76
983.87 74.88
1001.77 75.01
1020 75.15
1038.57 75.29
1057.47 75.44
1076.71 75.61
1096.31 75.79
1116.26 75.98
1136.58 76.19
1157.26 76.40
1178.32 76.63
1199.77 76.87
1221.6 77.10
1243.84 77.33
1266.47 77.56
1289.52 77.79
1312.99 78.02
1336.89 78.24
1361.22 78.46
1385.99 78.67
1411.22 78.88
1436.9 79.08
1463.05 79.28
1489.68 79.47
1516.79 79.67
1544.4 79.86
1572.5 80.05
1601.12 80.25
1630.26 80.46
1659.93 80.68
1690.14 80.90
1720.9 81.12
1752.22 81.34
1784.11 81.56
1816.58 81.79
1849.64 82.03
1883.3 82.27
1917.58 82.51
1952.48 82.75
1988.01 82.99
2024.19 83.22
2061.03 83.43
2098.54 83.63
2136.73 83.81
2175.62 83.95
2215.22 84.05
2255.53 84.10
2296.58 84.08
2338.38 84.00
2380.94 83.86
2424.27 83.66
2468.39 83.45
2513.31 83.24
2559.05 83.08
2605.63 82.99
2653.05 82.96
2701.33 82.99
2750.5 83.04
2800.55 83.10
2851.52 83.14
2903.42 83.15
2956.26 83.13
3010.06 83.08
3064.85 83.02
3120.62 82.94
3177.42 82.86
3235.25 82.79
3294.13 82.72
3354.08 82.67
3415.12 82.64
3477.27 82.62
3540.56 82.63
3605 82.67
3670.6 82.73
3737.41 82.82
3805.43 82.94
3874.68 83.11
3945.2 83.30
4017 83.53
4090.11 83.79
4164.55 84.07
4240.34 84.38
4317.51 84.70
4396.09 85.02
4476.1 85.31
4557.56 85.56
4640.5 85.74
4724.96 85.83
4810.95 85.80
4898.51 85.64
4987.66 85.36
5078.43 84.95
5170.86 84.43
5264.97 83.83
5360.79 83.17
5458.35 82.49
5557.69 81.86
5658.84 81.30
5761.82 80.80
5866.69 80.35
5973.46 79.90
6082.17 79.43
6192.87 78.95
6305.57 78.44
6420.33 77.94
6537.18 77.48
6656.15 77.11
6777.29 76.89
6900.63 76.93
7026.22 77.27
7154.1 77.94
7284.3 78.90
7416.87 80.05
7551.85 81.27
7689.29 82.39
7829.23 83.27
7971.72 83.80
8116.8 83.89
8264.53 83.54
8414.94 82.80
8568.09 81.78
8724.02 80.64
8882.79 79.49
9044.46 78.44
9209.06 77.56
9376.66 76.89
9547.31 76.44
9721.07 76.20
9897.99 76.15
10078.13 76.21
10261.55 76.29
10448.3 76.29
10638.45 76.09
10832.07 75.61
11029.21 74.80
11229.94 73.70
11434.32 72.41
11642.41 71.05
11854.3 69.76
12070.04 68.65
12289.71 67.80
12513.38 67.24
12741.12 66.95
12973 66.88
13209.1 66.95
13449.5 67.09
13694.28 67.21
13943.51 67.23
14197.27 67.09
14455.66 66.76
14718.74 66.24
14986.62 65.64
15259.37 65.13
15537.08 64.98
15819.85 65.43
16107.76 66.44
16400.92 67.69
16699.41 68.93
17003.33 69.98
17312.78 70.72
17627.86 71.08
17948.68 70.95
18275.34 70.26
18607.94 68.89
18946.6 66.84
19291.42 64.30
19642.52 61.50
20000 58.62
