20 83.66
20.36 83.70
20.73 83.74
21.11 83.79
21.5 83.83
21.89 83.87
22.29 83.91
22.69 83.95
23.1 83.99
23.52 84.03
23.95 84.07
24.39 84.10
24.83 84.14
25.28 84.17
25.74 84.20
26.21 84.23
26.69 84.26
27.18 84.29
27.67 84.32
28.17 84.34
28.69 84.36
29.21 84.38
29.74 84.40
30.28 84.42
30.83 84.43
31.39 84.44
31.97 84.45
32.55 84.45
33.14 84.45
33.74 84.45
34.36 84.45
34.98 84.44
35.62 84.43
36.27 84.42
36.93 84.41
37.6 84.39
38.28 84.38
38.98 84.36
39.69 84.33
40.41 84.31
41.15 84.29
41.9 84.26
42.66 84.23
43.44 84.20
44.23 84.17
45.03 84.13
45.85 84.10
46.68 84.06
47.53 84.02
48.4 83.98
49.28 83.94
50.18 83.90
51.09 83.86
52.02 83.81
52.97 83.77
53.93 83.72
54.91 83.67
55.91 83.62
56.93 83.57
57.97 83.52
59.02 83.47
60.09 83.41
61.19 83.36
62.3 83.30
63.44 83.24
64.59 83.18
65.77 83.12
66.96 83.06
68.18 82.99
69.42 82.93
70.69 82.86
71.97 82.79
73.28 82.72
74.62 82.64
75.97 82.56
77.36 82.48
78.76 82.41
80.2 82.32
81.66 82.24
83.14 82.16
84.66 82.07
86.2 81.98
87.77 81.89
89.36 81.80
90.99 81.71
92.65 81.62
94.33 81.53
96.05 81.43
97.8 81.34
99.58 81.24
101.39 81.14
103.23 81.04
105.11 80.94
107.03 80.85
108.97 80.75
110.96 80.65
112.98 80.55
115.03 80.45
117.13 80.35
119.26 80.25
121.43 80.15
123.64 80.05
125.89 79.95
128.18 79.85
130.51 79.74
132.89 79.64
135.31 79.53
137.77 79.43
140.28 79.33
142.83 79.22
145.43 79.12
148.07 79.02
150.77 78.92
153.51 78.82
156.31 78.72
159.15 78.62
162.05 78.52
165 78.41
168 78.30
171.06 78.20
174.17 78.09
177.34 77.98
180.57 77.88
183.86 77.78
187.2 77.68
190.61 77.59
194.08 77.50
197.61 77.40
201.21 77.31
204.87 77.22
208.6 77.12
212.39 77.03
216.26 76.94
220.19 76.85
224.2 76.76
228.28 76.67
232.44 76.59
236.67 76.51
240.97 76.43
245.36 76.35
249.82 76.27
254.37 76.20
259 76.12
263.71 76.05
268.51 75.98
273.4 75.91
278.38 75.84
283.44 75.78
288.6 75.71
293.85 75.64
299.2 75.58
304.65 75.51
310.19 75.45
315.84 75.39
321.59 75.33
327.44 75.28
333.4 75.22
339.47 75.17
345.64 75.13
351.93 75.08
358.34 75.04
364.86 75.00
371.5 74.96
378.26 74.92
385.15 74.89
392.16 74.85
399.29 74.81
406.56 74.77
413.96 74.73
421.49 74.69
429.16 74.66
436.97 74.62
444.93 74.59
453.02 74.56
461.27 74.53
469.66 74.50
478.21 74.47
486.91 74.45
495.78 74.42
504.8 74.40
513.99 74.38
523.34 74.35
532.87 74.33
542.56 74.31
552.44 74.28
562.49 74.26
572.73 74.24
583.15 74.22
593.77 74.19
604.57 74.17
615.57 74.14
626.78 74.10
638.18 74.07
649.8 74.03
661.63 73.99
673.67 73.95
685.93 73.92
698.41 73.90
711.12 73.89
724.06 73.90
737.24 73.92
750.66 73.94
764.32 73.97
778.23 74.00
792.39 74.03
806.82 74.06
821.5 74.09
836.45 74.12
851.67 74.15
867.17 74.20
882.96 74.25
899.02 74.31
915.39 74.39
932.05 74.48
949.01 74.59
966.28 74.72
983.87 74.86
1001.77 75.02
1020 75.19
1038.57 75.39
1057.47 75.62
1076.71 75.86
1096.31 76.11
1116.26 76.38
1136.58 76.66
1157.26 76.95
1178.32 77.25
1199.77 77.55
1221.6 77.85
1243.84 78.16
1266.47 78.46
1289.52 78.76
1312.99 79.06
1336.89 79.36
1361.22 79.67
1385.99 79.98
1411.22 80.30
1436.9 80.63
1463.05 80.98
1489.68 81.35
1516.79 81.74
1544.4 82.14
1572.5 82.56
1601.12 82.99
1630.26 83.42
1659.93 83.82
1690.14 84.18
1720.9 84.47
1752.22 84.69
1784.11 84.83
1816.58 84.91
1849.64 84.92
1883.3 84.87
1917.58 84.77
1952.48 84.61
1988.01 84.39
2024.19 84.13
2061.03 83.84
2098.54 83.50
2136.73 83.14
2175.62 82.77
2215.22 82.38
2255.53 81.99
2296.58 81.60
2338.38 81.23
2380.94 80.87
2424.27 80.53
2468.39 80.23
2513.31 79.95
2559.05 79.70
2605.63 79.48
2653.05 79.29
2701.33 79.13
2750.5 79.00
2800.55 78.90
2851.52 78.83
2903.42 78.80
2956.26 78.81
3010.06 78.86
3064.85 78.95
3120.62 79.08
3177.42 79.26
3235.25 79.48
3294.13 79.75
3354.08 80.08
3415.12 80.48
3477.27 80.93
3540.56 81.44
3605 81.99
3670.6 82.54
3737.41 83.05
3805.43 83.47
3874.68 83.72
3945.2 83.77
4017 83.57
4090.11 83.12
4164.55 82.43
4240.34 81.57
4317.51 80.58
4396.09 79.55
4476.1 78.51
4557.56 77.51
4640.5 76.54
4724.96 75.61
4810.95 74.71
4898.51 73.84
4987.66 72.99
5078.43 72.19
5170.86 71.45
5264.97 70.78
5360.79 70.21
5458.35 69.77
5557.69 69.48
5658.84 69.36
5761.82 69.42
5866.69 69.64
5973.46 70.02
6082.17 70.54
6192.87 71.17
6305.57 71.89
6420.33 72.70
6537.18 73.58
6656.15 74.55
6777.29 75.60
6900.63 76.71
7026.22 77.86
7154.1 79.03
7284.3 80.16
7416.87 81.18
7551.85 82.01
7689.29 82.57
7829.23 82.82
7971.72 82.72
8116.8 82.29
8264.53 81.56
8414.94 80.62
8568.09 79.53
8724.02 78.37
8882.79 77.21
9044.46 76.06
9209.06 74.97
9376.66 73.92
9547.31 72.92
9721.07 71.97
9897.99 71.08
10078.13 70.24
10261.55 69.47
10448.3 68.77
10638.45 68.18
10832.07 67.71
11029.21 67.36
11229.94 67.16
11434.32 67.09
11642.41 67.14
11854.3 67.27
12070.04 67.41
12289.71 67.49
12513.38 67.45
12741.12 67.28
12973 67.00
13209.1 66.64
13449.5 66.28
13694.28 65.99
13943.51 65.83
14197.27 65.87
14455.66 66.09
14718.74 66.49
14986.62 67.02
15259.37 67.63
15537.08 68.27
15819.85 68.91
16107.76 69.53
16400.92 70.06
16699.41 70.44
17003.33 70.66
17312.78 70.81
17627.86 70.93
17948.68 71.00
18275.34 70.93
18607.94 70.58
18946.6 69.88
19291.42 68.84
19642.52 67.58
20000 66.25
