20 79.24
20.36 79.20
20.73 79.17
21.11 79.12
21.5 79.08
21.89 79.04
22.29 79.00
22.69 78.96
23.1 78.92
23.52 78.88
23.95 78.84
24.39 78.80
24.83 78.75
25.28 78.71
25.74 78.67
26.21 78.62
26.69 78.58
27.18 78.53
27.67 78.49
28.17 78.44
28.69 78.39
29.21 78.34
29.74 78.30
30.28 78.25
30.83 78.19
31.39 78.14
31.97 78.09
32.55 78.04
33.14 77.98
33.74 77.93
34.36 77.87
34.98 77.81
35.62 77.75
36.27 77.69
36.93 77.64
37.6 77.57
38.28 77.51
38.98 77.45
39.69 77.39
40.41 77.32
41.15 77.26
41.9 77.19
42.66 77.13
43.44 77.06
44.23 77.00
45.03 76.93
45.85 76.86
46.68 76.79
47.53 76.72
48.4 76.66
49.28 76.59
50.18 76.52
51.09 76.45
52.02 76.38
52.97 76.31
53.93 76.23
54.91 76.16
55.91 76.09
56.93 76.02
57.97 75.94
59.02 75.87
60.09 75.80
61.19 75.72
62.3 75.65
63.44 75.58
64.59 75.51
65.77 75.43
66.96 75.36
68.18 75.29
69.42 75.22
70.69 75.16
71.97 75.09
73.28 75.03
74.62 74.97
75.97 74.91
77.36 74.85
78.76 74.79
80.2 74.73
81.66 74.67
83.14 74.62
84.66 74.56
86.2 74.50
87.77 74.45
89.36 74.39
90.99 74.33
92.65 74.28
94.33 74.22
96.05 74.16
97.8 74.10
99.58 74.05
101.39 73.99
103.23 73.93
105.11 73.88
107.03 73.82
108.97 73.77
110.96 73.72
112.98 73.67
115.03 73.62
117.13 73.58
119.26 73.53
121.43 73.48
123.64 73.44
125.89 73.39
128.18 73.35
130.51 73.30
132.89 73.26
135.31 73.21
137.77 73.16
140.28 73.11
142.83 73.06
145.43 73.02
148.07 72.97
150.77 72.92
153.51 72.88
156.31 72.83
159.15 72.79
162.05 72.75
165 72.71
168 72.67
171.06 72.63
174.17 72.59
177.34 72.55
180.57 72.51
183.86 72.47
187.2 72.43
190.61 72.39
194.08 72.36
197.61 72.33
201.21 72.30
204.87 72.26
208.6 72.23
212.39 72.20
216.26 72.17
220.19 72.13
224.2 72.10
228.28 72.06
232.44 72.02
236.67 71.99
240.97 71.95
245.36 71.91
249.82 71.88
254.37 71.84
259 71.81
263.71 71.77
268.51 71.74
273.4 71.70
278.38 71.67
283.44 71.63
288.6 71.59
293.85 71.56
299.2 71.52
304.65 71.49
310.19 71.45
315.84 71.42
321.59 71.38
327.44 71.34
333.4 71.31
339.47 71.27
345.64 71.23
351.93 71.19
358.34 71.16
364.86 71.11
371.5 71.07
378.26 71.03
385.15 70.98
392.16 70.94
399.29 70.89
406.56 70.84
413.96 70.79
421.49 70.75
429.16 70.71
436.97 70.67
444.93 70.62
453.02 70.58
461.27 70.54
469.66 70.50
478.21 70.46
486.91 70.42
495.78 70.38
504.8 70.35
513.99 70.31
523.34 70.28
532.87 70.25
542.56 70.23
552.44 70.20
562.49 70.19
572.73 70.18
583.15 70.18
593.77 70.18
604.57 70.20
615.57 70.22
626.78 70.25
638.18 70.30
649.8 70.35
661.63 70.42
673.67 70.51
685.93 70.61
698.41 70.73
711.12 70.87
724.06 71.03
737.24 71.19
750.66 71.36
764.32 71.53
778.23 71.70
792.39 71.86
806.82 72.01
821.5 72.17
836.45 72.34
851.67 72.53
867.17 72.74
882.96 72.97
899.02 73.21
915.39 73.47
932.05 73.76
949.01 74.06
966.28 74.37
983.87 74.70
1001.77 75.03
1020 75.38
1038.57 75.74
1057.47 76.12
1076.71 76.50
1096.31 76.89
1116.26 77.29
1136.58 77.68
1157.26 78.06
1178.32 78.43
1199.77 78.78
1221.6 79.10
1243.84 79.39
1266.47 79.65
1289.52 79.87
1312.99 80.05
1336.89 80.18
1361.22 80.27
1385.99 80.31
1411.22 80.31
1436.9 80.27
1463.05 80.18
1489.68 80.06
1516.79 79.91
1544.4 79.72
1572.5 79.52
1601.12 79.29
1630.26 79.05
1659.93 78.80
1690.14 78.54
1720.9 78.29
1752.22 78.04
1784.11 77.81
1816.58 77.57
1849.64 77.35
1883.3 77.14
1917.58 76.94
1952.48 76.77
1988.01 76.62
2024.19 76.49
2061.03 76.38
2098.54 76.30
2136.73 76.23
2175.62 76.20
2215.22 76.19
2255.53 76.22
2296.58 76.27
2338.38 76.36
2380.94 76.49
2424.27 76.65
2468.39 76.86
2513.31 77.12
2559.05 77.44
2605.63 77.83
2653.05 78.32
2701.33 78.92
2750.5 79.66
2800.55 80.54
2851.52 81.58
2903.42 82.76
2956.26 84.06
3010.06 85.39
3064.85 86.63
3120.62 87.65
3177.42 88.28
3235.25 88.45
3294.13 88.12
3354.08 87.35
3415.12 86.24
3477.27 84.93
3540.56 83.54
3605 82.18
3670.6 80.89
3737.41 79.72
3805.43 78.69
3874.68 77.79
3945.2 77.03
4017 76.41
4090.11 75.90
4164.55 75.50
4240.34 75.19
4317.51 74.95
4396.09 74.79
4476.1 74.69
4557.56 74.64
4640.5 74.62
4724.96 74.63
4810.95 74.67
4898.51 74.74
4987.66 74.88
5078.43 75.12
5170.86 75.48
5264.97 75.99
5360.79 76.67
5458.35 77.53
5557.69 78.53
5658.84 79.62
5761.82 80.73
5866.69 81.73
5973.46 82.51
6082.17 82.95
6192.87 82.95
6305.57 82.51
6420.33 81.67
6537.18 80.54
6656.15 79.23
6777.29 77.86
6900.63 76.52
7026.22 75.30
7154.1 74.23
7284.3 73.33
7416.87 72.60
7551.85 72.03
7689.29 71.64
7829.23 71.40
7971.72 71.34
8116.8 71.46
8264.53 71.76
8414.94 72.25
8568.09 72.88
8724.02 73.58
8882.79 74.27
9044.46 74.79
9209.06 75.02
9376.66 74.83
9547.31 74.20
9721.07 73.14
9897.99 71.76
10078.13 70.17
10261.55 68.52
10448.3 66.89
10638.45 65.39
10832.07 64.05
11029.21 62.90
11229.94 61.95
11434.32 61.19
11642.41 60.61
11854.3 60.19
12070.04 59.89
12289.71 59.65
12513.38 59.42
12741.12 59.17
12973 58.86
13209.1 58.47
13449.5 58.02
13694.28 57.53
13943.51 57.05
14197.27 56.63
14455.66 56.37
14718.74 56.32
14986.62 56.55
15259.37 57.07
15537.08 57.88
15819.85 58.87
16107.76 59.89
16400.92 60.76
16699.41 61.31
17003.33 61.46
17312.78 61.19
17627.86 60.55
17948.68 59.62
18275.34 58.49
18607.94 57.26
18946.6 55.96
19291.42 54.66
19642.52 53.38
20000 52.12
