20 77.02
20.36 77.07
20.73 77.12
21.11 77.17
21.5 77.22
21.89 77.26
22.29 77.31
22.69 77.36
23.1 77.41
23.52 77.46
23.95 77.51
24.39 77.56
24.83 77.60
25.28 77.65
25.74 77.70
26.21 77.74
26.69 77.79
27.18 77.83
27.67 77.88
28.17 77.92
28.69 77.97
29.21 78.01
29.74 78.06
30.28 78.10
30.83 78.14
31.39 78.19
31.97 78.23
32.55 78.27
33.14 78.31
33.74 78.35
34.36 78.39
34.98 78.42
35.62 78.46
36.27 78.49
36.93 78.53
37.6 78.56
38.28 78.59
38.98 78.62
39.69 78.65
40.41 78.68
41.15 78.71
41.9 78.73
42.66 78.75
43.44 78.78
44.23 78.79
45.03 78.81
45.85 78.83
46.68 78.84
47.53 78.85
48.4 78.86
49.28 78.87
50.18 78.87
51.09 78.88
52.02 78.89
52.97 78.89
53.93 78.89
54.91 78.90
55.91 78.90
56.93 78.91
57.97 78.91
59.02 78.92
60.09 78.92
61.19 78.93
62.3 78.94
63.44 78.94
64.59 78.95
65.77 78.95
66.96 78.95
68.18 78.95
69.42 78.95
70.69 78.95
71.97 78.94
73.28 78.93
74.62 78.92
75.97 78.90
77.36 78.88
78.76 78.86
80.2 78.85
81.66 78.83
83.14 78.81
84.66 78.80
86.2 78.78
87.77 78.77
89.36 78.75
90.99 78.74
92.65 78.73
94.33 78.71
96.05 78.70
97.8 78.68
99.58 78.66
101.39 78.63
103.23 78.60
105.11 78.57
107.03 78.54
108.97 78.51
110.96 78.48
112.98 78.44
115.03 78.41
117.13 78.37
119.26 78.33
121.43 78.30
123.64 78.26
125.89 78.22
128.18 78.17
130.51 78.13
132.89 78.09
135.31 78.05
137.77 78.01
140.28 77.97
142.83 77.93
145.43 77.90
148.07 77.86
150.77 77.83
153.51 77.79
156.31 77.76
159.15 77.72
162.05 77.68
165 77.64
168 77.59
171.06 77.54
174.17 77.49
177.34 77.44
180.57 77.38
183.86 77.33
187.2 77.27
190.61 77.21
194.08 77.16
197.61 77.10
201.21 77.05
204.87 76.99
208.6 76.94
212.39 76.89
216.26 76.84
220.19 76.79
224.2 76.74
228.28 76.69
232.44 76.64
236.67 76.59
240.97 76.54
245.36 76.48
249.82 76.43
254.37 76.38
259 76.32
263.71 76.27
268.51 76.22
273.4 76.17
278.38 76.12
283.44 76.07
288.6 76.02
293.85 75.97
299.2 75.92
304.65 75.87
310.19 75.82
315.84 75.77
321.59 75.73
327.44 75.68
333.4 75.63
339.47 75.59
345.64 75.54
351.93 75.50
358.34 75.46
364.86 75.42
371.5 75.38
378.26 75.33
385.15 75.29
392.16 75.25
399.29 75.21
406.56 75.17
413.96 75.13
421.49 75.09
429.16 75.05
436.97 75.02
444.93 74.99
453.02 74.96
461.27 74.93
469.66 74.90
478.21 74.87
486.91 74.84
495.78 74.81
504.8 74.78
513.99 74.75
523.34 74.72
532.87 74.70
542.56 74.67
552.44 74.65
562.49 74.63
572.73 74.61
583.15 74.59
593.77 74.57
604.57 74.56
615.57 74.54
626.78 74.52
638.18 74.50
649.8 74.48
661.63 74.47
673.67 74.46
685.93 74.44
698.41 74.44
711.12 74.43
724.06 74.42
737.24 74.42
750.66 74.42
764.32 74.42
778.23 74.42
792.39 74.42
806.82 74.43
821.5 74.44
836.45 74.45
851.67 74.47
867.17 74.50
882.96 74.53
899.02 74.56
915.39 74.61
932.05 74.67
949.01 74.74
966.28 74.82
983.87 74.91
1001.77 75.01
1020 75.13
1038.57 75.26
1057.47 75.40
1076.71 75.56
1096.31 75.73
1116.26 75.91
1136.58 76.09
1157.26 76.28
1178.32 76.47
1199.77 76.66
1221.6 76.84
1243.84 77.01
1266.47 77.17
1289.52 77.32
1312.99 77.45
1336.89 77.57
1361.22 77.68
1385.99 77.78
1411.22 77.86
1436.9 77.94
1463.05 78.00
1489.68 78.06
1516.79 78.11
1544.4 78.14
1572.5 78.17
1601.12 78.20
1630.26 78.21
1659.93 78.23
1690.14 78.24
1720.9 78.26
1752.22 78.28
1784.11 78.30
1816.58 78.33
1849.64 78.36
1883.3 78.39
1917.58 78.42
1952.48 78.45
1988.01 78.49
2024.19 78.53
2061.03 78.58
2098.54 78.62
2136.73 78.66
2175.62 78.70
2215.22 78.73
2255.53 78.75
2296.58 78.75
2338.38 78.75
2380.94 78.72
2424.27 78.68
2468.39 78.62
2513.31 78.54
2559.05 78.44
2605.63 78.32
2653.05 78.19
2701.33 78.03
2750.5 77.85
2800.55 77.65
2851.52 77.44
2903.42 77.21
2956.26 76.97
3010.06 76.74
3064.85 76.53
3120.62 76.36
3177.42 76.25
3235.25 76.21
3294.13 76.23
3354.08 76.30
3415.12 76.39
3477.27 76.46
3540.56 76.46
3605 76.34
3670.6 76.07
3737.41 75.65
3805.43 75.13
3874.68 74.56
3945.2 74.05
4017 73.68
4090.11 73.52
4164.55 73.60
4240.34 73.92
4317.51 74.43
4396.09 75.06
4476.1 75.76
4557.56 76.45
4640.5 77.11
4724.96 77.70
4810.95 78.24
4898.51 78.73
4987.66 79.18
5078.43 79.61
5170.86 80.05
5264.97 80.49
5360.79 80.97
5458.35 81.48
5557.69 82.01
5658.84 82.55
5761.82 83.06
5866.69 83.51
5973.46 83.87
6082.17 84.08
6192.87 84.12
6305.57 83.98
6420.33 83.66
6537.18 83.20
6656.15 82.68
6777.29 82.17
6900.63 81.73
7026.22 81.41
7154.1 81.25
7284.3 81.22
7416.87 81.28
7551.85 81.36
7689.29 81.35
7829.23 81.18
7971.72 80.77
8116.8 80.09
8264.53 79.14
8414.94 77.95
8568.09 76.58
8724.02 75.13
8882.79 73.65
9044.46 72.20
9209.06 70.82
9376.66 69.54
9547.31 68.36
9721.07 67.31
9897.99 66.37
10078.13 65.56
10261.55 64.89
10448.3 64.35
10638.45 63.96
10832.07 63.72
11029.21 63.62
11229.94 63.67
11434.32 63.84
11642.41 64.12
11854.3 64.47
12070.04 64.85
12289.71 65.22
12513.38 65.51
12741.12 65.70
12973 65.75
13209.1 65.63
13449.5 65.33
13694.28 64.87
13943.51 64.28
14197.27 63.62
14455.66 62.98
14718.74 62.41
14986.62 61.98
15259.37 61.73
15537.08 61.70
15819.85 61.91
16107.76 62.34
16400.92 62.96
16699.41 63.70
17003.33 64.48
17312.78 65.22
17627.86 65.78
17948.68 66.09
18275.34 66.05
18607.94 65.64
18946.6 64.90
19291.42 63.93
19642.52 62.85
20000 61.74
