20 83.23
20.36 83.23
20.73 83.22
21.11 83.22
21.5 83.21
21.89 83.21
22.29 83.20
22.69 83.19
23.1 83.18
23.52 83.17
23.95 83.16
24.39 83.15
24.83 83.13
25.28 83.12
25.74 83.10
26.21 83.08
26.69 83.06
27.18 83.04
27.67 83.02
28.17 82.99
28.69 82.97
29.21 82.94
29.74 82.90
30.28 82.87
30.83 82.83
31.39 82.79
31.97 82.75
32.55 82.70
33.14 82.66
33.74 82.60
34.36 82.55
34.98 82.49
35.62 82.44
36.27 82.37
36.93 82.31
37.6 82.25
38.28 82.18
38.98 82.11
39.69 82.05
40.41 81.98
41.15 81.91
41.9 81.83
42.66 81.76
43.44 81.69
44.23 81.62
45.03 81.55
45.85 81.48
46.68 81.41
47.53 81.33
48.4 81.26
49.28 81.19
50.18 81.12
51.09 81.05
52.02 80.98
52.97 80.91
53.93 80.84
54.91 80.77
55.91 80.70
56.93 80.62
57.97 80.55
59.02 80.48
60.09 80.41
61.19 80.33
62.3 80.26
63.44 80.18
64.59 80.11
65.77 80.03
66.96 79.95
68.18 79.87
69.42 79.79
70.69 79.70
71.97 79.61
73.28 79.52
74.62 79.43
75.97 79.34
77.36 79.24
78.76 79.15
80.2 79.05
81.66 78.96
83.14 78.86
84.66 78.77
86.2 78.67
87.77 78.58
89.36 78.49
90.99 78.40
92.65 78.31
94.33 78.22
96.05 78.12
97.8 78.03
99.58 77.94
101.39 77.84
103.23 77.74
105.11 77.65
107.03 77.55
108.97 77.45
110.96 77.36
112.98 77.27
115.03 77.17
117.13 77.08
119.26 77.00
121.43 76.91
123.64 76.82
125.89 76.74
128.18 76.66
130.51 76.57
132.89 76.49
135.31 76.41
137.77 76.33
140.28 76.25
142.83 76.17
145.43 76.09
148.07 76.01
150.77 75.93
153.51 75.85
156.31 75.78
159.15 75.71
162.05 75.64
165 75.58
168 75.52
171.06 75.46
174.17 75.41
177.34 75.36
180.57 75.31
183.86 75.27
187.2 75.22
190.61 75.17
194.08 75.11
197.61 75.06
201.21 75.01
204.87 74.96
208.6 74.91
212.39 74.87
216.26 74.83
220.19 74.79
224.2 74.77
228.28 74.74
232.44 74.72
236.67 74.70
240.97 74.69
245.36 74.68
249.82 74.67
254.37 74.66
259 74.65
263.71 74.65
268.51 74.64
273.4 74.64
278.38 74.63
283.44 74.61
288.6 74.59
293.85 74.56
299.2 74.52
304.65 74.48
310.19 74.43
315.84 74.39
321.59 74.34
327.44 74.31
333.4 74.28
339.47 74.27
345.64 74.26
351.93 74.24
358.34 74.21
364.86 74.17
371.5 74.10
378.26 74.00
385.15 73.86
392.16 73.67
399.29 73.43
406.56 73.18
413.96 72.94
421.49 72.78
429.16 72.72
436.97 72.77
444.93 72.92
453.02 73.14
461.27 73.38
469.66 73.62
478.21 73.83
486.91 74.01
495.78 74.15
504.8 74.27
513.99 74.36
523.34 74.43
532.87 74.48
542.56 74.53
552.44 74.56
562.49 74.60
572.73 74.63
583.15 74.65
593.77 74.67
604.57 74.69
615.57 74.70
626.78 74.71
638.18 74.72
649.8 74.72
661.63 74.72
673.67 74.72
685.93 74.71
698.41 74.70
711.12 74.70
724.06 74.71
737.24 74.72
750.66 74.73
764.32 74.75
778.23 74.76
792.39 74.77
806.82 74.78
821.5 74.78
836.45 74.77
851.67 74.77
867.17 74.76
882.96 74.76
899.02 74.77
915.39 74.78
932.05 74.81
949.01 74.85
966.28 74.89
983.87 74.94
1001.77 75.01
1020 75.08
1038.57 75.17
1057.47 75.28
1076.71 75.40
1096.31 75.53
1116.26 75.66
1136.58 75.79
1157.26 75.93
1178.32 76.07
1199.77 76.22
1221.6 76.37
1243.84 76.51
1266.47 76.65
1289.52 76.79
1312.99 76.91
1336.89 77.03
1361.22 77.13
1385.99 77.22
1411.22 77.30
1436.9 77.37
1463.05 77.44
1489.68 77.50
1516.79 77.56
1544.4 77.61
1572.5 77.66
1601.12 77.70
1630.26 77.74
1659.93 77.79
1690.14 77.84
1720.9 77.89
1752.22 77.94
1784.11 77.99
1816.58 78.04
1849.64 78.10
1883.3 78.16
1917.58 78.22
1952.48 78.27
1988.01 78.33
2024.19 78.39
2061.03 78.44
2098.54 78.49
2136.73 78.55
2175.62 78.59
2215.22 78.64
2255.53 78.68
2296.58 78.71
2338.38 78.73
2380.94 78.74
2424.27 78.75
2468.39 78.74
2513.31 78.71
2559.05 78.68
2605.63 78.63
2653.05 78.56
2701.33 78.47
2750.5 78.38
2800.55 78.26
2851.52 78.14
2903.42 78.01
2956.26 77.86
3010.06 77.71
3064.85 77.56
3120.62 77.40
3177.42 77.25
3235.25 77.12
3294.13 77.00
3354.08 76.89
3415.12 76.81
3477.27 76.75
3540.56 76.71
3605 76.70
3670.6 76.72
3737.41 76.78
3805.43 76.88
3874.68 77.02
3945.2 77.20
4017 77.41
4090.11 77.67
4164.55 77.97
4240.34 78.33
4317.51 78.74
4396.09 79.22
4476.1 79.72
4557.56 80.20
4640.5 80.62
4724.96 80.95
4810.95 81.22
4898.51 81.43
4987.66 81.65
5078.43 81.91
5170.86 82.22
5264.97 82.61
5360.79 83.06
5458.35 83.53
5557.69 83.99
5658.84 84.37
5761.82 84.65
5866.69 84.81
5973.46 84.82
6082.17 84.72
6192.87 84.51
6305.57 84.25
6420.33 83.96
6537.18 83.65
6656.15 83.33
6777.29 83.00
6900.63 82.65
7026.22 82.26
7154.1 81.82
7284.3 81.35
7416.87 80.83
7551.85 80.29
7689.29 79.72
7829.23 79.14
7971.72 78.54
8116.8 77.93
8264.53 77.30
8414.94 76.67
8568.09 76.03
8724.02 75.42
8882.79 74.83
9044.46 74.26
9209.06 73.71
9376.66 73.18
9547.31 72.65
9721.07 72.13
9897.99 71.61
10078.13 71.11
10261.55 70.65
10448.3 70.25
10638.45 69.93
10832.07 69.66
11029.21 69.42
11229.94 69.19
11434.32 68.95
11642.41 68.71
11854.3 68.48
12070.04 68.32
12289.71 68.29
12513.38 68.45
12741.12 68.84
12973 69.43
13209.1 70.15
13449.5 70.91
13694.28 71.64
13943.51 72.24
14197.27 72.67
14455.66 72.86
14718.74 72.76
14986.62 72.32
15259.37 71.48
15537.08 70.26
15819.85 68.75
16107.76 67.13
16400.92 65.62
16699.41 64.41
17003.33 63.61
17312.78 63.24
17627.86 63.19
17948.68 63.25
18275.34 63.21
18607.94 62.95
18946.6 62.41
19291.42 61.66
19642.52 60.80
20000 59.90
