20 82.44
20.36 82.46
20.73 82.48
21.11 82.50
21.5 82.52
21.89 82.54
22.29 82.56
22.69 82.58
23.1 82.60
23.52 82.62
23.95 82.63
24.39 82.65
24.83 82.66
25.28 82.68
25.74 82.69
26.21 82.70
26.69 82.71
27.18 82.72
27.67 82.73
28.17 82.73
28.69 82.73
29.21 82.74
29.74 82.74
30.28 82.73
30.83 82.73
31.39 82.72
31.97 82.72
32.55 82.70
33.14 82.69
33.74 82.68
34.36 82.66
34.98 82.64
35.62 82.62
36.27 82.60
36.93 82.57
37.6 82.55
38.28 82.52
38.98 82.49
39.69 82.46
40.41 82.43
41.15 82.40
41.9 82.37
42.66 82.34
43.44 82.31
44.23 82.28
45.03 82.24
45.85 82.21
46.68 82.18
47.53 82.15
48.4 82.11
49.28 82.08
50.18 82.05
51.09 82.02
52.02 81.98
52.97 81.95
53.93 81.91
54.91 81.87
55.91 81.84
56.93 81.80
57.97 81.76
59.02 81.71
60.09 81.67
61.19 81.62
62.3 81.58
63.44 81.53
64.59 81.48
65.77 81.43
66.96 81.38
68.18 81.33
69.42 81.27
70.69 81.21
71.97 81.16
73.28 81.10
74.62 81.04
75.97 80.97
77.36 80.91
78.76 80.85
80.2 80.78
81.66 80.71
83.14 80.64
84.66 80.57
86.2 80.49
87.77 80.41
89.36 80.33
90.99 80.25
92.65 80.17
94.33 80.09
96.05 80.01
97.8 79.92
99.58 79.84
101.39 79.75
103.23 79.67
105.11 79.58
107.03 79.50
108.97 79.42
110.96 79.34
112.98 79.27
115.03 79.19
117.13 79.11
119.26 79.04
121.43 78.96
123.64 78.88
125.89 78.79
128.18 78.71
130.51 78.62
132.89 78.53
135.31 78.43
137.77 78.34
140.28 78.25
142.83 78.16
145.43 78.07
148.07 77.98
150.77 77.89
153.51 77.81
156.31 77.72
159.15 77.63
162.05 77.53
165 77.44
168 77.34
171.06 77.25
174.17 77.15
177.34 77.05
180.57 76.95
183.86 76.86
187.2 76.76
190.61 76.67
194.08 76.57
197.61 76.47
201.21 76.38
204.87 76.29
208.6 76.20
212.39 76.12
216.26 76.03
220.19 75.95
224.2 75.88
228.28 75.80
232.44 75.72
236.67 75.64
240.97 75.56
245.36 75.47
249.82 75.39
254.37 75.31
259 75.22
263.71 75.14
268.51 75.05
273.4 74.97
278.38 74.89
283.44 74.81
288.6 74.73
293.85 74.65
299.2 74.58
304.65 74.50
310.19 74.43
315.84 74.36
321.59 74.29
327.44 74.22
333.4 74.15
339.47 74.08
345.64 74.02
351.93 73.95
358.34 73.89
364.86 73.83
371.5 73.78
378.26 73.72
385.15 73.67
392.16 73.62
399.29 73.57
406.56 73.52
413.96 73.47
421.49 73.43
429.16 73.39
436.97 73.35
444.93 73.31
453.02 73.28
461.27 73.25
469.66 73.22
478.21 73.19
486.91 73.16
495.78 73.14
504.8 73.11
513.99 73.09
523.34 73.07
532.87 73.05
542.56 73.03
552.44 73.02
562.49 73.02
572.73 73.01
583.15 73.02
593.77 73.02
604.57 73.03
615.57 73.03
626.78 73.04
638.18 73.05
649.8 73.07
661.63 73.08
673.67 73.10
685.93 73.12
698.41 73.15
711.12 73.18
724.06 73.22
737.24 73.26
750.66 73.31
764.32 73.36
778.23 73.42
792.39 73.47
806.82 73.54
821.5 73.61
836.45 73.69
851.67 73.79
867.17 73.88
882.96 73.99
899.02 74.10
915.39 74.22
932.05 74.35
949.01 74.49
966.28 74.65
983.87 74.83
1001.77 75.02
1020 75.23
1038.57 75.47
1057.47 75.73
1076.71 76.01
1096.31 76.29
1116.26 76.59
1136.58 76.89
1157.26 77.19
1178.32 77.50
1199.77 77.82
1221.6 78.14
1243.84 78.45
1266.47 78.75
1289.52 79.04
1312.99 79.33
1336.89 79.60
1361.22 79.87
1385.99 80.12
1411.22 80.36
1436.9 80.59
1463.05 80.81
1489.68 81.02
1516.79 81.22
1544.4 81.41
1572.5 81.60
1601.12 81.78
1630.26 81.95
1659.93 82.13
1690.14 82.31
1720.9 82.48
1752.22 82.66
1784.11 82.82
1816.58 82.99
1849.64 83.16
1883.3 83.32
1917.58 83.48
1952.48 83.63
1988.01 83.78
2024.19 83.92
2061.03 84.05
2098.54 84.17
2136.73 84.29
2175.62 84.39
2215.22 84.49
2255.53 84.58
2296.58 84.65
2338.38 84.72
2380.94 84.77
2424.27 84.81
2468.39 84.83
2513.31 84.85
2559.05 84.84
2605.63 84.82
2653.05 84.78
2701.33 84.73
2750.5 84.67
2800.55 84.60
2851.52 84.53
2903.42 84.46
2956.26 84.39
3010.06 84.33
3064.85 84.28
3120.62 84.23
3177.42 84.18
3235.25 84.13
3294.13 84.07
3354.08 84.01
3415.12 83.96
3477.27 83.91
3540.56 83.88
3605 83.85
3670.6 83.81
3737.41 83.78
3805.43 83.73
3874.68 83.68
3945.2 83.61
4017 83.52
4090.11 83.42
4164.55 83.28
4240.34 83.14
4317.51 82.97
4396.09 82.81
4476.1 82.67
4557.56 82.58
4640.5 82.56
4724.96 82.61
4810.95 82.74
4898.51 82.90
4987.66 83.08
5078.43 83.25
5170.86 83.37
5264.97 83.45
5360.79 83.49
5458.35 83.48
5557.69 83.44
5658.84 83.37
5761.82 83.29
5866.69 83.20
5973.46 83.13
6082.17 83.08
6192.87 83.06
6305.57 83.09
6420.33 83.18
6537.18 83.33
6656.15 83.54
6777.29 83.81
6900.63 84.14
7026.22 84.49
7154.1 84.84
7284.3 85.16
7416.87 85.40
7551.85 85.53
7689.29 85.50
7829.23 85.32
7971.72 84.99
8116.8 84.55
8264.53 84.04
8414.94 83.51
8568.09 83.05
8724.02 82.69
8882.79 82.47
9044.46 82.40
9209.06 82.44
9376.66 82.54
9547.31 82.58
9721.07 82.43
9897.99 81.97
10078.13 81.12
10261.55 79.85
10448.3 78.25
10638.45 76.45
10832.07 74.58
11029.21 72.76
11229.94 71.11
11434.32 69.71
11642.41 68.59
11854.3 67.80
12070.04 67.34
12289.71 67.20
12513.38 67.37
12741.12 67.80
12973 68.45
13209.1 69.25
13449.5 70.14
13694.28 71.06
13943.51 71.94
14197.27 72.71
14455.66 73.25
14718.74 73.46
14986.62 73.24
15259.37 72.53
15537.08 71.33
15819.85 69.68
16107.76 67.69
16400.92 65.55
16699.41 63.41
17003.33 61.43
17312.78 59.72
17627.86 58.32
17948.68 57.26
18275.34 56.47
18607.94 55.87
18946.6 55.33
19291.42 54.75
19642.52 54.10
20000 53.42
