20 81.15
20.36 81.21
20.73 81.28
21.11 81.35
21.5 81.41
21.89 81.48
22.29 81.54
22.69 81.61
23.1 81.67
23.52 81.73
23.95 81.79
24.39 81.85
24.83 81.91
25.28 81.97
25.74 82.02
26.21 82.08
26.69 82.13
27.18 82.18
27.67 82.23
28.17 82.28
28.69 82.33
29.21 82.37
29.74 82.41
30.28 82.45
30.83 82.49
31.39 82.53
31.97 82.56
32.55 82.59
33.14 82.61
33.74 82.64
34.36 82.66
34.98 82.68
35.62 82.70
36.27 82.72
36.93 82.73
37.6 82.74
38.28 82.75
38.98 82.76
39.69 82.77
40.41 82.78
41.15 82.78
41.9 82.78
42.66 82.79
43.44 82.79
44.23 82.79
45.03 82.79
45.85 82.79
46.68 82.80
47.53 82.79
48.4 82.79
49.28 82.79
50.18 82.78
51.09 82.78
52.02 82.77
52.97 82.75
53.93 82.74
54.91 82.72
55.91 82.70
56.93 82.67
57.97 82.64
59.02 82.60
60.09 82.56
61.19 82.52
62.3 82.47
63.44 82.42
64.59 82.37
65.77 82.32
66.96 82.26
68.18 82.21
69.42 82.16
70.69 82.11
71.97 82.06
73.28 82.02
74.62 81.97
75.97 81.93
77.36 81.89
78.76 81.85
80.2 81.80
81.66 81.76
83.14 81.71
84.66 81.66
86.2 81.60
87.77 81.54
89.36 81.47
90.99 81.41
92.65 81.34
94.33 81.27
96.05 81.19
97.8 81.12
99.58 81.05
101.39 80.98
103.23 80.92
105.11 80.85
107.03 80.78
108.97 80.72
110.96 80.66
112.98 80.59
115.03 80.53
117.13 80.47
119.26 80.41
121.43 80.34
123.64 80.27
125.89 80.20
128.18 80.12
130.51 80.05
132.89 79.97
135.31 79.88
137.77 79.80
140.28 79.71
142.83 79.63
145.43 79.55
148.07 79.47
150.77 79.39
153.51 79.33
156.31 79.26
159.15 79.20
162.05 79.14
165 79.08
168 79.03
171.06 78.97
174.17 78.92
177.34 78.87
180.57 78.83
183.86 78.78
187.2 78.74
190.61 78.70
194.08 78.66
197.61 78.62
201.21 78.57
204.87 78.52
208.6 78.46
212.39 78.40
216.26 78.34
220.19 78.28
224.2 78.21
228.28 78.14
232.44 78.08
236.67 78.01
240.97 77.94
245.36 77.87
249.82 77.81
254.37 77.75
259 77.70
263.71 77.66
268.51 77.61
273.4 77.57
278.38 77.53
283.44 77.48
288.6 77.44
293.85 77.40
299.2 77.35
304.65 77.30
310.19 77.25
315.84 77.20
321.59 77.14
327.44 77.09
333.4 77.04
339.47 76.99
345.64 76.94
351.93 76.89
358.34 76.85
364.86 76.80
371.5 76.75
378.26 76.71
385.15 76.66
392.16 76.61
399.29 76.57
406.56 76.52
413.96 76.48
421.49 76.43
429.16 76.38
436.97 76.33
444.93 76.28
453.02 76.23
461.27 76.18
469.66 76.13
478.21 76.08
486.91 76.03
495.78 75.99
504.8 75.94
513.99 75.90
523.34 75.86
532.87 75.81
542.56 75.77
552.44 75.73
562.49 75.68
572.73 75.63
583.15 75.59
593.77 75.54
604.57 75.49
615.57 75.44
626.78 75.39
638.18 75.35
649.8 75.30
661.63 75.26
673.67 75.22
685.93 75.18
698.41 75.14
711.12 75.11
724.06 75.07
737.24 75.03
750.66 74.99
764.32 74.95
778.23 74.91
792.39 74.87
806.82 74.84
821.5 74.80
836.45 74.78
851.67 74.75
867.17 74.74
882.96 74.74
899.02 74.74
915.39 74.76
932.05 74.78
949.01 74.82
966.28 74.87
983.87 74.93
1001.77 75.01
1020 75.10
1038.57 75.21
1057.47 75.34
1076.71 75.49
1096.31 75.66
1116.26 75.83
1136.58 76.01
1157.26 76.20
1178.32 76.40
1199.77 76.61
1221.6 76.81
1243.84 77.01
1266.47 77.20
1289.52 77.40
1312.99 77.59
1336.89 77.78
1361.22 77.96
1385.99 78.14
1411.22 78.31
1436.9 78.48
1463.05 78.65
1489.68 78.82
1516.79 79.00
1544.4 79.17
1572.5 79.35
1601.12 79.54
1630.26 79.75
1659.93 79.96
1690.14 80.19
1720.9 80.43
1752.22 80.67
1784.11 80.92
1816.58 81.18
1849.64 81.44
1883.3 81.70
1917.58 81.93
1952.48 82.14
1988.01 82.29
2024.19 82.40
2061.03 82.45
2098.54 82.45
2136.73 82.38
2175.62 82.27
2215.22 82.12
2255.53 81.93
2296.58 81.73
2338.38 81.52
2380.94 81.30
2424.27 81.08
2468.39 80.86
2513.31 80.63
2559.05 80.40
2605.63 80.17
2653.05 79.92
2701.33 79.68
2750.5 79.44
2800.55 79.21
2851.52 78.99
2903.42 78.81
2956.26 78.65
3010.06 78.53
3064.85 78.46
3120.62 78.44
3177.42 78.46
3235.25 78.52
3294.13 78.62
3354.08 78.74
3415.12 78.86
3477.27 78.98
3540.56 79.07
3605 79.13
3670.6 79.19
3737.41 79.24
3805.43 79.31
3874.68 79.41
3945.2 79.54
4017 79.72
4090.11 79.94
4164.55 80.20
4240.34 80.49
4317.51 80.80
4396.09 81.09
4476.1 81.35
4557.56 81.56
4640.5 81.69
4724.96 81.76
4810.95 81.75
4898.51 81.69
4987.66 81.61
5078.43 81.52
5170.86 81.44
5264.97 81.38
5360.79 81.34
5458.35 81.31
5557.69 81.28
5658.84 81.22
5761.82 81.16
5866.69 81.07
5973.46 80.97
6082.17 80.86
6192.87 80.76
6305.57 80.68
6420.33 80.63
6537.18 80.64
6656.15 80.71
6777.29 80.85
6900.63 81.07
7026.22 81.37
7154.1 81.73
7284.3 82.13
7416.87 82.52
7551.85 82.86
7689.29 83.07
7829.23 83.10
7971.72 82.91
8116.8 82.50
8264.53 81.87
8414.94 81.09
8568.09 80.25
8724.02 79.43
8882.79 78.72
9044.46 78.17
9209.06 77.83
9376.66 77.67
9547.31 77.66
9721.07 77.70
9897.99 77.66
10078.13 77.41
10261.55 76.82
10448.3 75.85
10638.45 74.55
10832.07 73.03
11029.21 71.42
11229.94 69.89
11434.32 68.56
11642.41 67.51
11854.3 66.77
12070.04 66.34
12289.71 66.20
12513.38 66.30
12741.12 66.56
12973 66.93
13209.1 67.34
13449.5 67.77
13694.28 68.15
13943.51 68.45
14197.27 68.61
14455.66 68.55
14718.74 68.16
14986.62 67.32
15259.37 65.93
15537.08 63.93
15819.85 61.35
16107.76 58.37
16400.92 55.25
16699.41 52.23
17003.33 49.50
17312.78 47.13
17627.86 45.13
17948.68 43.46
18275.34 42.03
18607.94 40.75
18946.6 39.51
19291.42 38.23
19642.52 36.93
20000 35.60
