20 73.71
20.36 73.79
20.73 73.86
21.11 73.94
21.5 74.01
21.89 74.09
22.29 74.16
22.69 74.23
23.1 74.31
23.52 74.38
23.95 74.45
24.39 74.52
24.83 74.59
25.28 74.66
25.74 74.73
26.21 74.80
26.69 74.86
27.18 74.93
27.67 75.00
28.17 75.06
28.69 75.12
29.21 75.18
29.74 75.24
30.28 75.30
30.83 75.36
31.39 75.42
31.97 75.47
32.55 75.52
33.14 75.57
33.74 75.62
34.36 75.67
34.98 75.72
35.62 75.76
36.27 75.81
36.93 75.85
37.6 75.89
38.28 75.94
38.98 75.98
39.69 76.02
40.41 76.06
41.15 76.10
41.9 76.14
42.66 76.18
43.44 76.22
44.23 76.25
45.03 76.29
45.85 76.33
46.68 76.37
47.53 76.41
48.4 76.45
49.28 76.49
50.18 76.53
51.09 76.56
52.02 76.60
52.97 76.64
53.93 76.67
54.91 76.71
55.91 76.74
56.93 76.77
57.97 76.80
59.02 76.83
60.09 76.85
61.19 76.87
62.3 76.90
63.44 76.92
64.59 76.94
65.77 76.95
66.96 76.97
68.18 76.99
69.42 77.01
70.69 77.02
71.97 77.04
73.28 77.05
74.62 77.07
75.97 77.08
77.36 77.09
78.76 77.11
80.2 77.12
81.66 77.13
83.14 77.14
84.66 77.15
86.2 77.16
87.77 77.17
89.36 77.17
90.99 77.18
92.65 77.18
94.33 77.19
96.05 77.19
97.8 77.19
99.58 77.20
101.39 77.20
103.23 77.21
105.11 77.21
107.03 77.22
108.97 77.23
110.96 77.24
112.98 77.25
115.03 77.26
117.13 77.27
119.26 77.28
121.43 77.29
123.64 77.29
125.89 77.29
128.18 77.29
130.51 77.29
132.89 77.28
135.31 77.27
137.77 77.27
140.28 77.25
142.83 77.25
145.43 77.23
148.07 77.23
150.77 77.22
153.51 77.22
156.31 77.22
159.15 77.22
162.05 77.22
165 77.21
168 77.21
171.06 77.21
174.17 77.22
177.34 77.22
180.57 77.22
183.86 77.22
187.2 77.22
190.61 77.21
194.08 77.21
197.61 77.20
201.21 77.19
204.87 77.17
208.6 77.16
212.39 77.14
216.26 77.12
220.19 77.10
224.2 77.08
228.28 77.07
232.44 77.05
236.67 77.03
240.97 77.01
245.36 76.99
249.82 76.97
254.37 76.95
259 76.93
263.71 76.91
268.51 76.89
273.4 76.87
278.38 76.84
283.44 76.82
288.6 76.79
293.85 76.77
299.2 76.74
304.65 76.72
310.19 76.69
315.84 76.67
321.59 76.64
327.44 76.60
333.4 76.57
339.47 76.54
345.64 76.50
351.93 76.47
358.34 76.44
364.86 76.40
371.5 76.37
378.26 76.33
385.15 76.30
392.16 76.26
399.29 76.23
406.56 76.20
413.96 76.16
421.49 76.12
429.16 76.08
436.97 76.04
444.93 76.00
453.02 75.97
461.27 75.92
469.66 75.89
478.21 75.84
486.91 75.81
495.78 75.77
504.8 75.73
513.99 75.69
523.34 75.65
532.87 75.61
542.56 75.58
552.44 75.54
562.49 75.50
572.73 75.47
583.15 75.42
593.77 75.37
604.57 75.32
615.57 75.27
626.78 75.22
638.18 75.18
649.8 75.13
661.63 75.09
673.67 75.06
685.93 75.02
698.41 74.98
711.12 74.95
724.06 74.91
737.24 74.87
750.66 74.83
764.32 74.80
778.23 74.77
792.39 74.74
806.82 74.72
821.5 74.71
836.45 74.70
851.67 74.69
867.17 74.68
882.96 74.68
899.02 74.69
915.39 74.71
932.05 74.74
949.01 74.78
966.28 74.84
983.87 74.92
1001.77 75.01
1020 75.11
1038.57 75.24
1057.47 75.37
1076.71 75.53
1096.31 75.69
1116.26 75.87
1136.58 76.05
1157.26 76.24
1178.32 76.43
1199.77 76.62
1221.6 76.80
1243.84 76.98
1266.47 77.15
1289.52 77.31
1312.99 77.46
1336.89 77.59
1361.22 77.71
1385.99 77.82
1411.22 77.91
1436.9 77.99
1463.05 78.06
1489.68 78.13
1516.79 78.18
1544.4 78.22
1572.5 78.26
1601.12 78.29
1630.26 78.31
1659.93 78.34
1690.14 78.35
1720.9 78.36
1752.22 78.37
1784.11 78.37
1816.58 78.37
1849.64 78.37
1883.3 78.36
1917.58 78.34
1952.48 78.32
1988.01 78.28
2024.19 78.23
2061.03 78.17
2098.54 78.10
2136.73 78.02
2175.62 77.93
2215.22 77.83
2255.53 77.72
2296.58 77.59
2338.38 77.46
2380.94 77.31
2424.27 77.16
2468.39 77.00
2513.31 76.83
2559.05 76.66
2605.63 76.50
2653.05 76.33
2701.33 76.16
2750.5 76.00
2800.55 75.84
2851.52 75.70
2903.42 75.57
2956.26 75.45
3010.06 75.35
3064.85 75.26
3120.62 75.19
3177.42 75.14
3235.25 75.10
3294.13 75.09
3354.08 75.11
3415.12 75.15
3477.27 75.20
3540.56 75.28
3605 75.38
3670.6 75.51
3737.41 75.66
3805.43 75.83
3874.68 76.03
3945.2 76.23
4017 76.44
4090.11 76.63
4164.55 76.79
4240.34 76.93
4317.51 77.02
4396.09 77.08
4476.1 77.09
4557.56 77.06
4640.5 77.01
4724.96 76.93
4810.95 76.83
4898.51 76.72
4987.66 76.61
5078.43 76.50
5170.86 76.42
5264.97 76.37
5360.79 76.39
5458.35 76.51
5557.69 76.74
5658.84 77.11
5761.82 77.64
5866.69 78.34
5973.46 79.21
6082.17 80.24
6192.87 81.38
6305.57 82.58
6420.33 83.74
6537.18 84.77
6656.15 85.57
6777.29 86.08
6900.63 86.26
7026.22 86.15
7154.1 85.81
7284.3 85.35
7416.87 84.81
7551.85 84.25
7689.29 83.68
7829.23 83.07
7971.72 82.40
8116.8 81.61
8264.53 80.69
8414.94 79.59
8568.09 78.34
8724.02 76.97
8882.79 75.53
9044.46 74.04
9209.06 72.57
9376.66 71.16
9547.31 69.84
9721.07 68.65
9897.99 67.59
10078.13 66.66
10261.55 65.81
10448.3 65.00
10638.45 64.25
10832.07 63.59
11029.21 63.07
11229.94 62.76
11434.32 62.68
11642.41 62.84
11854.3 63.25
12070.04 63.88
12289.71 64.70
12513.38 65.66
12741.12 66.67
12973 67.64
13209.1 68.45
13449.5 69.02
13694.28 69.27
13943.51 69.18
14197.27 68.76
14455.66 68.07
14718.74 67.23
14986.62 66.34
15259.37 65.49
15537.08 64.77
15819.85 64.23
16107.76 63.92
16400.92 63.84
16699.41 63.94
17003.33 64.17
17312.78 64.45
17627.86 64.66
17948.68 64.73
18275.34 64.61
18607.94 64.34
18946.6 63.96
19291.42 63.50
19642.52 62.98
20000 62.44
