20 79.77
20.36 79.85
20.73 79.93
21.11 80.02
21.5 80.10
21.89 80.18
22.29 80.26
22.69 80.34
23.1 80.41
23.52 80.49
23.95 80.57
24.39 80.64
24.83 80.72
25.28 80.79
25.74 80.86
26.21 80.93
26.69 81.00
27.18 81.07
27.67 81.13
28.17 81.19
28.69 81.25
29.21 81.31
29.74 81.37
30.28 81.42
30.83 81.47
31.39 81.52
31.97 81.57
32.55 81.61
33.14 81.65
33.74 81.69
34.36 81.73
34.98 81.76
35.62 81.79
36.27 81.82
36.93 81.85
37.6 81.88
38.28 81.90
38.98 81.93
39.69 81.95
40.41 81.97
41.15 82.00
41.9 82.02
42.66 82.04
43.44 82.06
44.23 82.09
45.03 82.11
45.85 82.13
46.68 82.16
47.53 82.18
48.4 82.21
49.28 82.24
50.18 82.26
51.09 82.29
52.02 82.32
52.97 82.34
53.93 82.37
54.91 82.39
55.91 82.42
56.93 82.44
57.97 82.47
59.02 82.49
60.09 82.51
61.19 82.53
62.3 82.55
63.44 82.56
64.59 82.57
65.77 82.59
66.96 82.59
68.18 82.60
69.42 82.61
70.69 82.61
71.97 82.60
73.28 82.60
74.62 82.59
75.97 82.58
77.36 82.56
78.76 82.55
80.2 82.53
81.66 82.51
83.14 82.50
84.66 82.48
86.2 82.46
87.77 82.44
89.36 82.43
90.99 82.41
92.65 82.40
94.33 82.39
96.05 82.38
97.8 82.37
99.58 82.36
101.39 82.36
103.23 82.35
105.11 82.34
107.03 82.34
108.97 82.33
110.96 82.32
112.98 82.31
115.03 82.30
117.13 82.28
119.26 82.27
121.43 82.25
123.64 82.23
125.89 82.22
128.18 82.20
130.51 82.18
132.89 82.16
135.31 82.14
137.77 82.12
140.28 82.10
142.83 82.08
145.43 82.06
148.07 82.03
150.77 82.01
153.51 81.99
156.31 81.97
159.15 81.94
162.05 81.92
165 81.89
168 81.86
171.06 81.83
174.17 81.80
177.34 81.77
180.57 81.74
183.86 81.70
187.2 81.67
190.61 81.63
194.08 81.59
197.61 81.55
201.21 81.51
204.87 81.46
208.6 81.42
212.39 81.37
216.26 81.33
220.19 81.28
224.2 81.24
228.28 81.19
232.44 81.15
236.67 81.10
240.97 81.06
245.36 81.01
249.82 80.96
254.37 80.90
259 80.85
263.71 80.79
268.51 80.73
273.4 80.67
278.38 80.61
283.44 80.54
288.6 80.47
293.85 80.40
299.2 80.33
304.65 80.26
310.19 80.18
315.84 80.11
321.59 80.04
327.44 79.97
333.4 79.89
339.47 79.83
345.64 79.76
351.93 79.69
358.34 79.62
364.86 79.55
371.5 79.47
378.26 79.40
385.15 79.31
392.16 79.23
399.29 79.15
406.56 79.06
413.96 78.97
421.49 78.88
429.16 78.79
436.97 78.70
444.93 78.61
453.02 78.51
461.27 78.41
469.66 78.32
478.21 78.22
486.91 78.13
495.78 78.04
504.8 77.95
513.99 77.85
523.34 77.76
532.87 77.66
542.56 77.56
552.44 77.46
562.49 77.36
572.73 77.27
583.15 77.17
593.77 77.07
604.57 76.97
615.57 76.86
626.78 76.77
638.18 76.67
649.8 76.57
661.63 76.47
673.67 76.37
685.93 76.27
698.41 76.17
711.12 76.07
724.06 75.98
737.24 75.88
750.66 75.79
764.32 75.69
778.23 75.60
792.39 75.51
806.82 75.43
821.5 75.34
836.45 75.27
851.67 75.19
867.17 75.12
882.96 75.07
899.02 75.02
915.39 74.98
932.05 74.96
949.01 74.95
966.28 74.95
983.87 74.97
1001.77 75.00
1020 75.06
1038.57 75.12
1057.47 75.21
1076.71 75.32
1096.31 75.44
1116.26 75.58
1136.58 75.73
1157.26 75.90
1178.32 76.07
1199.77 76.24
1221.6 76.40
1243.84 76.56
1266.47 76.71
1289.52 76.85
1312.99 76.98
1336.89 77.10
1361.22 77.21
1385.99 77.31
1411.22 77.40
1436.9 77.47
1463.05 77.53
1489.68 77.59
1516.79 77.64
1544.4 77.68
1572.5 77.72
1601.12 77.76
1630.26 77.79
1659.93 77.83
1690.14 77.86
1720.9 77.88
1752.22 77.89
1784.11 77.89
1816.58 77.87
1849.64 77.86
1883.3 77.84
1917.58 77.84
1952.48 77.84
1988.01 77.86
2024.19 77.88
2061.03 77.91
2098.54 77.95
2136.73 77.99
2175.62 78.05
2215.22 78.10
2255.53 78.16
2296.58 78.22
2338.38 78.27
2380.94 78.32
2424.27 78.37
2468.39 78.41
2513.31 78.45
2559.05 78.48
2605.63 78.52
2653.05 78.56
2701.33 78.60
2750.5 78.63
2800.55 78.66
2851.52 78.68
2903.42 78.70
2956.26 78.72
3010.06 78.73
3064.85 78.75
3120.62 78.78
3177.42 78.81
3235.25 78.84
3294.13 78.88
3354.08 78.93
3415.12 78.99
3477.27 79.06
3540.56 79.13
3605 79.21
3670.6 79.28
3737.41 79.34
3805.43 79.40
3874.68 79.44
3945.2 79.47
4017 79.48
4090.11 79.48
4164.55 79.46
4240.34 79.41
4317.51 79.33
4396.09 79.21
4476.1 79.05
4557.56 78.85
4640.5 78.60
4724.96 78.30
4810.95 77.95
4898.51 77.55
4987.66 77.12
5078.43 76.66
5170.86 76.16
5264.97 75.64
5360.79 75.09
5458.35 74.53
5557.69 73.97
5658.84 73.41
5761.82 72.87
5866.69 72.35
5973.46 71.84
6082.17 71.36
6192.87 70.89
6305.57 70.46
6420.33 70.06
6537.18 69.70
6656.15 69.36
6777.29 69.07
6900.63 68.81
7026.22 68.60
7154.1 68.43
7284.3 68.30
7416.87 68.23
7551.85 68.21
7689.29 68.25
7829.23 68.36
7971.72 68.54
8116.8 68.80
8264.53 69.15
8414.94 69.58
8568.09 70.09
8724.02 70.66
8882.79 71.28
9044.46 71.91
9209.06 72.50
9376.66 73.02
9547.31 73.39
9721.07 73.56
9897.99 73.51
10078.13 73.21
10261.55 72.67
10448.3 71.90
10638.45 70.93
10832.07 69.81
11029.21 68.59
11229.94 67.31
11434.32 66.05
11642.41 64.87
11854.3 63.83
12070.04 62.96
12289.71 62.28
12513.38 61.80
12741.12 61.51
12973 61.37
13209.1 61.35
13449.5 61.38
13694.28 61.42
13943.51 61.41
14197.27 61.30
14455.66 61.02
14718.74 60.55
14986.62 59.85
15259.37 58.93
15537.08 57.80
15819.85 56.51
16107.76 55.14
16400.92 53.75
16699.41 52.44
17003.33 51.25
17312.78 50.27
17627.86 49.56
17948.68 49.18
18275.34 49.13
18607.94 49.38
18946.6 49.85
19291.42 50.42
19642.52 51.02
20000 51.62
