20 84.67
20.36 84.69
20.73 84.70
21.11 84.72
21.5 84.73
21.89 84.74
22.29 84.76
22.69 84.77
23.1 84.78
23.52 84.79
23.95 84.80
24.39 84.81
24.83 84.82
25.28 84.83
25.74 84.84
26.21 84.84
26.69 84.85
27.18 84.85
27.67 84.85
28.17 84.85
28.69 84.85
29.21 84.85
29.74 84.84
30.28 84.84
30.83 84.83
31.39 84.82
31.97 84.81
32.55 84.80
33.14 84.78
33.74 84.77
34.36 84.75
34.98 84.73
35.62 84.70
36.27 84.68
36.93 84.66
37.6 84.63
38.28 84.60
38.98 84.57
39.69 84.54
40.41 84.51
41.15 84.48
41.9 84.45
42.66 84.42
43.44 84.39
44.23 84.35
45.03 84.32
45.85 84.29
46.68 84.25
47.53 84.22
48.4 84.19
49.28 84.16
50.18 84.12
51.09 84.09
52.02 84.06
52.97 84.02
53.93 83.99
54.91 83.96
55.91 83.92
56.93 83.89
57.97 83.86
59.02 83.82
60.09 83.79
61.19 83.75
62.3 83.72
63.44 83.68
64.59 83.65
65.77 83.61
66.96 83.57
68.18 83.52
69.42 83.48
70.69 83.43
71.97 83.38
73.28 83.32
74.62 83.27
75.97 83.21
77.36 83.14
78.76 83.08
80.2 83.02
81.66 82.95
83.14 82.88
84.66 82.81
86.2 82.74
87.77 82.67
89.36 82.60
90.99 82.53
92.65 82.46
94.33 82.39
96.05 82.31
97.8 82.24
99.58 82.16
101.39 82.08
103.23 82.00
105.11 81.92
107.03 81.83
108.97 81.75
110.96 81.67
112.98 81.58
115.03 81.49
117.13 81.40
119.26 81.31
121.43 81.22
123.64 81.13
125.89 81.05
128.18 80.95
130.51 80.86
132.89 80.78
135.31 80.69
137.77 80.59
140.28 80.50
142.83 80.41
145.43 80.32
148.07 80.23
150.77 80.14
153.51 80.06
156.31 79.97
159.15 79.89
162.05 79.80
165 79.71
168 79.62
171.06 79.53
174.17 79.45
177.34 79.36
180.57 79.26
183.86 79.17
187.2 79.08
190.61 78.98
194.08 78.89
197.61 78.79
201.21 78.69
204.87 78.59
208.6 78.49
212.39 78.40
216.26 78.31
220.19 78.22
224.2 78.13
228.28 78.04
232.44 77.95
236.67 77.86
240.97 77.77
245.36 77.68
249.82 77.59
254.37 77.51
259 77.42
263.71 77.33
268.51 77.24
273.4 77.15
278.38 77.06
283.44 76.97
288.6 76.88
293.85 76.79
299.2 76.70
304.65 76.61
310.19 76.53
315.84 76.45
321.59 76.37
327.44 76.29
333.4 76.21
339.47 76.14
345.64 76.07
351.93 76.00
358.34 75.92
364.86 75.85
371.5 75.78
378.26 75.71
385.15 75.64
392.16 75.57
399.29 75.50
406.56 75.44
413.96 75.37
421.49 75.31
429.16 75.25
436.97 75.19
444.93 75.13
453.02 75.08
461.27 75.03
469.66 74.98
478.21 74.93
486.91 74.89
495.78 74.84
504.8 74.80
513.99 74.76
523.34 74.72
532.87 74.68
542.56 74.64
552.44 74.59
562.49 74.55
572.73 74.51
583.15 74.47
593.77 74.44
604.57 74.40
615.57 74.37
626.78 74.34
638.18 74.31
649.8 74.28
661.63 74.26
673.67 74.24
685.93 74.22
698.41 74.20
711.12 74.18
724.06 74.18
737.24 74.18
750.66 74.19
764.32 74.20
778.23 74.23
792.39 74.25
806.82 74.28
821.5 74.31
836.45 74.34
851.67 74.36
867.17 74.39
882.96 74.41
899.02 74.45
915.39 74.49
932.05 74.55
949.01 74.64
966.28 74.74
983.87 74.87
1001.77 75.01
1020 75.18
1038.57 75.38
1057.47 75.59
1076.71 75.82
1096.31 76.06
1116.26 76.31
1136.58 76.57
1157.26 76.83
1178.32 77.11
1199.77 77.38
1221.6 77.66
1243.84 77.93
1266.47 78.20
1289.52 78.46
1312.99 78.72
1336.89 78.97
1361.22 79.21
1385.99 79.44
1411.22 79.66
1436.9 79.86
1463.05 80.07
1489.68 80.26
1516.79 80.45
1544.4 80.63
1572.5 80.81
1601.12 80.98
1630.26 81.14
1659.93 81.30
1690.14 81.45
1720.9 81.59
1752.22 81.71
1784.11 81.81
1816.58 81.90
1849.64 81.97
1883.3 82.02
1917.58 82.06
1952.48 82.07
1988.01 82.07
2024.19 82.05
2061.03 82.01
2098.54 81.95
2136.73 81.88
2175.62 81.80
2215.22 81.70
2255.53 81.60
2296.58 81.48
2338.38 81.37
2380.94 81.25
2424.27 81.14
2468.39 81.03
2513.31 80.94
2559.05 80.85
2605.63 80.78
2653.05 80.72
2701.33 80.67
2750.5 80.63
2800.55 80.61
2851.52 80.60
2903.42 80.61
2956.26 80.64
3010.06 80.68
3064.85 80.74
3120.62 80.82
3177.42 80.91
3235.25 81.03
3294.13 81.16
3354.08 81.30
3415.12 81.45
3477.27 81.59
3540.56 81.73
3605 81.86
3670.6 81.96
3737.41 82.02
3805.43 82.05
3874.68 82.02
3945.2 81.94
4017 81.81
4090.11 81.62
4164.55 81.37
4240.34 81.08
4317.51 80.74
4396.09 80.38
4476.1 80.01
4557.56 79.64
4640.5 79.30
4724.96 78.97
4810.95 78.68
4898.51 78.42
4987.66 78.20
5078.43 78.04
5170.86 77.92
5264.97 77.87
5360.79 77.88
5458.35 77.96
5557.69 78.11
5658.84 78.33
5761.82 78.63
5866.69 79.00
5973.46 79.44
6082.17 79.93
6192.87 80.45
6305.57 80.97
6420.33 81.47
6537.18 81.91
6656.15 82.26
6777.29 82.50
6900.63 82.62
7026.22 82.61
7154.1 82.51
7284.3 82.34
7416.87 82.15
7551.85 81.97
7689.29 81.80
7829.23 81.64
7971.72 81.47
8116.8 81.23
8264.53 80.89
8414.94 80.45
8568.09 79.89
8724.02 79.25
8882.79 78.56
9044.46 77.87
9209.06 77.20
9376.66 76.58
9547.31 76.03
9721.07 75.56
9897.99 75.16
10078.13 74.83
10261.55 74.58
10448.3 74.41
10638.45 74.33
10832.07 74.33
11029.21 74.42
11229.94 74.62
11434.32 74.92
11642.41 75.30
11854.3 75.77
12070.04 76.29
12289.71 76.85
12513.38 77.43
12741.12 78.00
12973 78.53
13209.1 79.01
13449.5 79.39
13694.28 79.66
13943.51 79.81
14197.27 79.86
14455.66 79.82
14718.74 79.77
14986.62 79.76
15259.37 79.82
15537.08 79.95
15819.85 80.17
16107.76 80.44
16400.92 80.73
16699.41 81.02
17003.33 81.27
17312.78 81.41
17627.86 81.41
17948.68 81.18
18275.34 80.69
18607.94 79.90
18946.6 78.82
19291.42 77.52
19642.52 76.09
20000 74.63
