20 79.24
20.36 79.27
20.73 79.30
21.11 79.33
21.5 79.36
21.89 79.39
22.29 79.42
22.69 79.45
23.1 79.48
23.52 79.51
23.95 79.54
24.39 79.57
24.83 79.59
25.28 79.62
25.74 79.65
26.21 79.68
26.69 79.71
27.18 79.74
27.67 79.77
28.17 79.80
28.69 79.83
29.21 79.85
29.74 79.88
30.28 79.91
30.83 79.94
31.39 79.97
31.97 79.99
32.55 80.02
33.14 80.05
33.74 80.08
34.36 80.10
34.98 80.13
35.62 80.15
36.27 80.18
36.93 80.20
37.6 80.22
38.28 80.25
38.98 80.27
39.69 80.29
40.41 80.31
41.15 80.33
41.9 80.34
42.66 80.36
43.44 80.37
44.23 80.38
45.03 80.39
45.85 80.40
46.68 80.41
47.53 80.41
48.4 80.42
49.28 80.42
50.18 80.42
51.09 80.42
52.02 80.42
52.97 80.42
53.93 80.42
54.91 80.42
55.91 80.42
56.93 80.43
57.97 80.43
59.02 80.43
60.09 80.44
61.19 80.44
62.3 80.45
63.44 80.45
64.59 80.46
65.77 80.46
66.96 80.47
68.18 80.47
69.42 80.47
70.69 80.47
71.97 80.47
73.28 80.46
74.62 80.46
75.97 80.45
77.36 80.44
78.76 80.43
80.2 80.42
81.66 80.41
83.14 80.40
84.66 80.40
86.2 80.39
87.77 80.39
89.36 80.39
90.99 80.38
92.65 80.38
94.33 80.38
96.05 80.38
97.8 80.37
99.58 80.36
101.39 80.36
103.23 80.35
105.11 80.33
107.03 80.32
108.97 80.31
110.96 80.29
112.98 80.27
115.03 80.25
117.13 80.22
119.26 80.20
121.43 80.17
123.64 80.15
125.89 80.12
128.18 80.09
130.51 80.06
132.89 80.04
135.31 80.01
137.77 79.99
140.28 79.97
142.83 79.95
145.43 79.93
148.07 79.92
150.77 79.90
153.51 79.88
156.31 79.86
159.15 79.84
162.05 79.82
165 79.79
168 79.76
171.06 79.72
174.17 79.69
177.34 79.65
180.57 79.62
183.86 79.58
187.2 79.54
190.61 79.50
194.08 79.46
197.61 79.41
201.21 79.37
204.87 79.33
208.6 79.28
212.39 79.24
216.26 79.20
220.19 79.16
224.2 79.11
228.28 79.07
232.44 79.02
236.67 78.97
240.97 78.92
245.36 78.87
249.82 78.82
254.37 78.77
259 78.72
263.71 78.67
268.51 78.61
273.4 78.56
278.38 78.50
283.44 78.45
288.6 78.39
293.85 78.33
299.2 78.27
304.65 78.21
310.19 78.14
315.84 78.08
321.59 78.02
327.44 77.95
333.4 77.89
339.47 77.83
345.64 77.76
351.93 77.70
358.34 77.64
364.86 77.58
371.5 77.51
378.26 77.45
385.15 77.38
392.16 77.31
399.29 77.25
406.56 77.18
413.96 77.11
421.49 77.04
429.16 76.97
436.97 76.90
444.93 76.83
453.02 76.76
461.27 76.69
469.66 76.61
478.21 76.54
486.91 76.47
495.78 76.40
504.8 76.32
513.99 76.25
523.34 76.18
532.87 76.11
542.56 76.03
552.44 75.96
562.49 75.89
572.73 75.82
583.15 75.75
593.77 75.68
604.57 75.61
615.57 75.54
626.78 75.47
638.18 75.40
649.8 75.34
661.63 75.27
673.67 75.21
685.93 75.15
698.41 75.09
711.12 75.04
724.06 74.98
737.24 74.93
750.66 74.88
764.32 74.83
778.23 74.78
792.39 74.74
806.82 74.70
821.5 74.68
836.45 74.66
851.67 74.64
867.17 74.64
882.96 74.64
899.02 74.65
915.39 74.67
932.05 74.71
949.01 74.76
966.28 74.83
983.87 74.91
1001.77 75.01
1020 75.13
1038.57 75.27
1057.47 75.43
1076.71 75.61
1096.31 75.80
1116.26 76.00
1136.58 76.22
1157.26 76.43
1178.32 76.65
1199.77 76.87
1221.6 77.09
1243.84 77.29
1266.47 77.49
1289.52 77.68
1312.99 77.87
1336.89 78.04
1361.22 78.21
1385.99 78.36
1411.22 78.50
1436.9 78.63
1463.05 78.75
1489.68 78.85
1516.79 78.95
1544.4 79.03
1572.5 79.09
1601.12 79.15
1630.26 79.19
1659.93 79.23
1690.14 79.26
1720.9 79.28
1752.22 79.29
1784.11 79.31
1816.58 79.32
1849.64 79.33
1883.3 79.34
1917.58 79.36
1952.48 79.37
1988.01 79.40
2024.19 79.43
2061.03 79.48
2098.54 79.53
2136.73 79.61
2175.62 79.69
2215.22 79.78
2255.53 79.88
2296.58 79.98
2338.38 80.09
2380.94 80.20
2424.27 80.30
2468.39 80.40
2513.31 80.50
2559.05 80.59
2605.63 80.68
2653.05 80.76
2701.33 80.83
2750.5 80.89
2800.55 80.94
2851.52 80.98
2903.42 81.00
2956.26 81.00
3010.06 80.99
3064.85 80.96
3120.62 80.90
3177.42 80.83
3235.25 80.73
3294.13 80.61
3354.08 80.47
3415.12 80.31
3477.27 80.14
3540.56 79.95
3605 79.76
3670.6 79.57
3737.41 79.38
3805.43 79.20
3874.68 79.02
3945.2 78.85
4017 78.70
4090.11 78.55
4164.55 78.42
4240.34 78.31
4317.51 78.21
4396.09 78.12
4476.1 78.05
4557.56 78.00
4640.5 77.97
4724.96 77.96
4810.95 77.96
4898.51 77.99
4987.66 78.03
5078.43 78.10
5170.86 78.20
5264.97 78.33
5360.79 78.51
5458.35 78.74
5557.69 78.99
5658.84 79.27
5761.82 79.54
5866.69 79.75
5973.46 79.88
6082.17 79.91
6192.87 79.84
6305.57 79.70
6420.33 79.52
6537.18 79.36
6656.15 79.26
6777.29 79.28
6900.63 79.45
7026.22 79.78
7154.1 80.24
7284.3 80.78
7416.87 81.33
7551.85 81.77
7689.29 82.00
7829.23 81.95
7971.72 81.60
8116.8 81.02
8264.53 80.34
8414.94 79.68
8568.09 79.09
8724.02 78.57
8882.79 78.06
9044.46 77.49
9209.06 76.80
9376.66 75.98
9547.31 75.06
9721.07 74.07
9897.99 73.06
10078.13 72.06
10261.55 71.09
10448.3 70.17
10638.45 69.29
10832.07 68.41
11029.21 67.52
11229.94 66.59
11434.32 65.66
11642.41 64.75
11854.3 63.91
12070.04 63.22
12289.71 62.71
12513.38 62.41
12741.12 62.29
12973 62.28
13209.1 62.33
13449.5 62.35
13694.28 62.30
13943.51 62.23
14197.27 62.18
14455.66 62.18
14718.74 62.18
14986.62 62.12
15259.37 61.96
15537.08 61.71
15819.85 61.42
16107.76 61.17
16400.92 61.03
16699.41 61.03
17003.33 61.18
17312.78 61.46
17627.86 61.85
17948.68 62.33
18275.34 62.89
18607.94 63.50
18946.6 64.13
19291.42 64.74
19642.52 65.32
20000 65.89
