20 73.16
20.36 73.27
20.73 73.38
21.11 73.50
21.5 73.61
21.89 73.72
22.29 73.83
22.69 73.94
23.1 74.05
23.52 74.15
23.95 74.26
24.39 74.36
24.83 74.47
25.28 74.57
25.74 74.67
26.21 74.77
26.69 74.87
27.18 74.97
27.67 75.06
28.17 75.16
28.69 75.25
29.21 75.34
29.74 75.42
30.28 75.51
30.83 75.59
31.39 75.67
31.97 75.75
32.55 75.83
33.14 75.90
33.74 75.97
34.36 76.03
34.98 76.10
35.62 76.16
36.27 76.22
36.93 76.28
37.6 76.33
38.28 76.39
38.98 76.44
39.69 76.49
40.41 76.54
41.15 76.59
41.9 76.64
42.66 76.68
43.44 76.73
44.23 76.77
45.03 76.82
45.85 76.86
46.68 76.90
47.53 76.94
48.4 76.98
49.28 77.02
50.18 77.06
51.09 77.10
52.02 77.13
52.97 77.17
53.93 77.20
54.91 77.23
55.91 77.27
56.93 77.29
57.97 77.32
59.02 77.35
60.09 77.37
61.19 77.39
62.3 77.41
63.44 77.43
64.59 77.45
65.77 77.47
66.96 77.48
68.18 77.50
69.42 77.51
70.69 77.52
71.97 77.53
73.28 77.55
74.62 77.56
75.97 77.57
77.36 77.58
78.76 77.59
80.2 77.60
81.66 77.61
83.14 77.61
84.66 77.62
86.2 77.62
87.77 77.63
89.36 77.63
90.99 77.63
92.65 77.63
94.33 77.63
96.05 77.63
97.8 77.63
99.58 77.63
101.39 77.64
103.23 77.64
105.11 77.64
107.03 77.65
108.97 77.65
110.96 77.66
112.98 77.67
115.03 77.67
117.13 77.68
119.26 77.69
121.43 77.69
123.64 77.70
125.89 77.70
128.18 77.70
130.51 77.70
132.89 77.69
135.31 77.69
137.77 77.68
140.28 77.68
142.83 77.67
145.43 77.67
148.07 77.67
150.77 77.66
153.51 77.66
156.31 77.66
159.15 77.66
162.05 77.66
165 77.65
168 77.65
171.06 77.65
174.17 77.65
177.34 77.64
180.57 77.64
183.86 77.64
187.2 77.64
190.61 77.64
194.08 77.64
197.61 77.64
201.21 77.63
204.87 77.62
208.6 77.61
212.39 77.60
216.26 77.59
220.19 77.57
224.2 77.56
228.28 77.55
232.44 77.54
236.67 77.53
240.97 77.52
245.36 77.52
249.82 77.51
254.37 77.51
259 77.50
263.71 77.49
268.51 77.48
273.4 77.47
278.38 77.45
283.44 77.44
288.6 77.42
293.85 77.40
299.2 77.39
304.65 77.37
310.19 77.35
315.84 77.33
321.59 77.32
327.44 77.30
333.4 77.29
339.47 77.27
345.64 77.25
351.93 77.23
358.34 77.22
364.86 77.20
371.5 77.18
378.26 77.16
385.15 77.14
392.16 77.13
399.29 77.11
406.56 77.09
413.96 77.07
421.49 77.05
429.16 77.03
436.97 77.00
444.93 76.97
453.02 76.95
461.27 76.92
469.66 76.89
478.21 76.86
486.91 76.83
495.78 76.79
504.8 76.75
513.99 76.72
523.34 76.68
532.87 76.64
542.56 76.60
552.44 76.56
562.49 76.52
572.73 76.48
583.15 76.44
593.77 76.39
604.57 76.34
615.57 76.29
626.78 76.25
638.18 76.19
649.8 76.14
661.63 76.08
673.67 76.03
685.93 75.97
698.41 75.90
711.12 75.84
724.06 75.78
737.24 75.72
750.66 75.66
764.32 75.59
778.23 75.53
792.39 75.47
806.82 75.42
821.5 75.35
836.45 75.29
851.67 75.23
867.17 75.18
882.96 75.13
899.02 75.08
915.39 75.05
932.05 75.02
949.01 75.00
966.28 74.98
983.87 74.99
1001.77 75.00
1020 75.03
1038.57 75.07
1057.47 75.12
1076.71 75.19
1096.31 75.27
1116.26 75.35
1136.58 75.44
1157.26 75.53
1178.32 75.63
1199.77 75.72
1221.6 75.81
1243.84 75.89
1266.47 75.97
1289.52 76.04
1312.99 76.10
1336.89 76.16
1361.22 76.21
1385.99 76.27
1411.22 76.33
1436.9 76.40
1463.05 76.45
1489.68 76.50
1516.79 76.54
1544.4 76.57
1572.5 76.58
1601.12 76.59
1630.26 76.60
1659.93 76.61
1690.14 76.62
1720.9 76.63
1752.22 76.65
1784.11 76.68
1816.58 76.71
1849.64 76.75
1883.3 76.80
1917.58 76.86
1952.48 76.92
1988.01 76.99
2024.19 77.06
2061.03 77.14
2098.54 77.23
2136.73 77.32
2175.62 77.42
2215.22 77.52
2255.53 77.62
2296.58 77.73
2338.38 77.83
2380.94 77.93
2424.27 78.03
2468.39 78.11
2513.31 78.18
2559.05 78.23
2605.63 78.26
2653.05 78.27
2701.33 78.24
2750.5 78.19
2800.55 78.09
2851.52 77.96
2903.42 77.79
2956.26 77.59
3010.06 77.36
3064.85 77.09
3120.62 76.81
3177.42 76.50
3235.25 76.19
3294.13 75.88
3354.08 75.55
3415.12 75.23
3477.27 74.91
3540.56 74.60
3605 74.30
3670.6 74.01
3737.41 73.74
3805.43 73.49
3874.68 73.26
3945.2 73.05
4017 72.87
4090.11 72.72
4164.55 72.61
4240.34 72.52
4317.51 72.47
4396.09 72.46
4476.1 72.48
4557.56 72.53
4640.5 72.62
4724.96 72.75
4810.95 72.92
4898.51 73.12
4987.66 73.36
5078.43 73.62
5170.86 73.89
5264.97 74.18
5360.79 74.47
5458.35 74.76
5557.69 75.07
5658.84 75.39
5761.82 75.70
5866.69 75.98
5973.46 76.19
6082.17 76.31
6192.87 76.33
6305.57 76.27
6420.33 76.15
6537.18 75.97
6656.15 75.79
6777.29 75.64
6900.63 75.55
7026.22 75.56
7154.1 75.73
7284.3 76.07
7416.87 76.60
7551.85 77.33
7689.29 78.20
7829.23 79.14
7971.72 80.00
8116.8 80.61
8264.53 80.79
8414.94 80.42
8568.09 79.49
8724.02 78.12
8882.79 76.49
9044.46 74.78
9209.06 73.15
9376.66 71.73
9547.31 70.58
9721.07 69.77
9897.99 69.29
10078.13 69.14
10261.55 69.28
10448.3 69.64
10638.45 70.09
10832.07 70.45
11029.21 70.56
11229.94 70.24
11434.32 69.45
11642.41 68.26
11854.3 66.84
12070.04 65.37
12289.71 64.02
12513.38 62.86
12741.12 61.92
12973 61.17
13209.1 60.56
13449.5 60.04
13694.28 59.58
13943.51 59.15
14197.27 58.76
14455.66 58.45
14718.74 58.25
14986.62 58.21
15259.37 58.37
15537.08 58.78
15819.85 59.48
16107.76 60.45
16400.92 61.62
16699.41 62.82
17003.33 63.79
17312.78 64.24
17627.86 63.95
17948.68 62.88
18275.34 61.21
18607.94 59.24
18946.6 57.16
19291.42 55.09
19642.52 53.06
20000 51.06
