20 76.33
20.36 76.37
20.73 76.41
21.11 76.45
21.5 76.48
21.89 76.52
22.29 76.56
22.69 76.59
23.1 76.63
23.52 76.67
23.95 76.70
24.39 76.74
24.83 76.77
25.28 76.81
25.74 76.84
26.21 76.87
26.69 76.90
27.18 76.94
27.67 76.97
28.17 77.00
28.69 77.02
29.21 77.05
29.74 77.08
30.28 77.11
30.83 77.13
31.39 77.15
31.97 77.18
32.55 77.20
33.14 77.22
33.74 77.24
34.36 77.25
34.98 77.27
35.62 77.29
36.27 77.30
36.93 77.31
37.6 77.33
38.28 77.34
38.98 77.35
39.69 77.36
40.41 77.36
41.15 77.37
41.9 77.38
42.66 77.38
43.44 77.38
44.23 77.39
45.03 77.39
45.85 77.39
46.68 77.39
47.53 77.39
48.4 77.38
49.28 77.38
50.18 77.37
51.09 77.36
52.02 77.36
52.97 77.34
53.93 77.33
54.91 77.32
55.91 77.30
56.93 77.28
57.97 77.26
59.02 77.24
60.09 77.22
61.19 77.19
62.3 77.16
63.44 77.14
64.59 77.11
65.77 77.08
66.96 77.05
68.18 77.02
69.42 77.00
70.69 76.97
71.97 76.95
73.28 76.93
74.62 76.91
75.97 76.90
77.36 76.88
78.76 76.87
80.2 76.85
81.66 76.84
83.14 76.83
84.66 76.81
86.2 76.80
87.77 76.78
89.36 76.76
90.99 76.74
92.65 76.72
94.33 76.70
96.05 76.69
97.8 76.66
99.58 76.64
101.39 76.62
103.23 76.60
105.11 76.57
107.03 76.55
108.97 76.53
110.96 76.50
112.98 76.48
115.03 76.45
117.13 76.43
119.26 76.40
121.43 76.38
123.64 76.35
125.89 76.33
128.18 76.30
130.51 76.28
132.89 76.26
135.31 76.24
137.77 76.22
140.28 76.20
142.83 76.19
145.43 76.17
148.07 76.16
150.77 76.14
153.51 76.13
156.31 76.12
159.15 76.10
162.05 76.08
165 76.06
168 76.04
171.06 76.02
174.17 76.00
177.34 75.98
180.57 75.97
183.86 75.95
187.2 75.94
190.61 75.93
194.08 75.92
197.61 75.91
201.21 75.90
204.87 75.89
208.6 75.88
212.39 75.87
216.26 75.86
220.19 75.86
224.2 75.85
228.28 75.84
232.44 75.83
236.67 75.82
240.97 75.81
245.36 75.80
249.82 75.80
254.37 75.78
259 75.77
263.71 75.76
268.51 75.74
273.4 75.73
278.38 75.72
283.44 75.70
288.6 75.69
293.85 75.68
299.2 75.67
304.65 75.66
310.19 75.65
315.84 75.64
321.59 75.62
327.44 75.61
333.4 75.60
339.47 75.59
345.64 75.58
351.93 75.57
358.34 75.56
364.86 75.55
371.5 75.53
378.26 75.52
385.15 75.51
392.16 75.50
399.29 75.49
406.56 75.49
413.96 75.48
421.49 75.47
429.16 75.46
436.97 75.45
444.93 75.44
453.02 75.42
461.27 75.41
469.66 75.39
478.21 75.38
486.91 75.36
495.78 75.35
504.8 75.33
513.99 75.32
523.34 75.31
532.87 75.30
542.56 75.29
552.44 75.27
562.49 75.26
572.73 75.25
583.15 75.23
593.77 75.21
604.57 75.19
615.57 75.17
626.78 75.15
638.18 75.13
649.8 75.11
661.63 75.09
673.67 75.07
685.93 75.05
698.41 75.03
711.12 75.02
724.06 75.00
737.24 74.98
750.66 74.95
764.32 74.93
778.23 74.90
792.39 74.88
806.82 74.86
821.5 74.85
836.45 74.83
851.67 74.83
867.17 74.82
882.96 74.82
899.02 74.82
915.39 74.83
932.05 74.85
949.01 74.87
966.28 74.91
983.87 74.95
1001.77 75.01
1020 75.08
1038.57 75.16
1057.47 75.25
1076.71 75.35
1096.31 75.45
1116.26 75.57
1136.58 75.69
1157.26 75.82
1178.32 75.95
1199.77 76.08
1221.6 76.21
1243.84 76.33
1266.47 76.45
1289.52 76.57
1312.99 76.68
1336.89 76.78
1361.22 76.87
1385.99 76.95
1411.22 77.01
1436.9 77.06
1463.05 77.10
1489.68 77.14
1516.79 77.16
1544.4 77.17
1572.5 77.18
1601.12 77.19
1630.26 77.19
1659.93 77.20
1690.14 77.21
1720.9 77.23
1752.22 77.26
1784.11 77.31
1816.58 77.39
1849.64 77.50
1883.3 77.62
1917.58 77.76
1952.48 77.90
1988.01 78.03
2024.19 78.15
2061.03 78.27
2098.54 78.37
2136.73 78.46
2175.62 78.54
2215.22 78.62
2255.53 78.69
2296.58 78.75
2338.38 78.81
2380.94 78.85
2424.27 78.89
2468.39 78.91
2513.31 78.92
2559.05 78.91
2605.63 78.87
2653.05 78.82
2701.33 78.74
2750.5 78.63
2800.55 78.51
2851.52 78.35
2903.42 78.18
2956.26 77.98
3010.06 77.76
3064.85 77.53
3120.62 77.29
3177.42 77.05
3235.25 76.81
3294.13 76.56
3354.08 76.32
3415.12 76.09
3477.27 75.85
3540.56 75.62
3605 75.39
3670.6 75.16
3737.41 74.94
3805.43 74.73
3874.68 74.53
3945.2 74.36
4017 74.20
4090.11 74.07
4164.55 73.97
4240.34 73.89
4317.51 73.85
4396.09 73.84
4476.1 73.85
4557.56 73.90
4640.5 73.98
4724.96 74.10
4810.95 74.26
4898.51 74.45
4987.66 74.68
5078.43 74.95
5170.86 75.26
5264.97 75.62
5360.79 76.03
5458.35 76.48
5557.69 76.95
5658.84 77.42
5761.82 77.87
5866.69 78.26
5973.46 78.56
6082.17 78.75
6192.87 78.81
6305.57 78.74
6420.33 78.56
6537.18 78.28
6656.15 77.94
6777.29 77.58
6900.63 77.25
7026.22 77.00
7154.1 76.87
7284.3 76.92
7416.87 77.17
7551.85 77.65
7689.29 78.33
7829.23 79.16
7971.72 80.01
8116.8 80.70
8264.53 81.02
8414.94 80.77
8568.09 79.86
8724.02 78.36
8882.79 76.42
9044.46 74.27
9209.06 72.10
9376.66 70.06
9547.31 68.20
9721.07 66.57
9897.99 65.16
10078.13 63.95
10261.55 62.92
10448.3 62.06
10638.45 61.38
10832.07 60.87
11029.21 60.53
11229.94 60.40
11434.32 60.51
11642.41 60.87
11854.3 61.51
12070.04 62.39
12289.71 63.47
12513.38 64.65
12741.12 65.78
12973 66.76
13209.1 67.52
13449.5 68.01
13694.28 68.25
13943.51 68.23
14197.27 67.91
14455.66 67.28
14718.74 66.36
14986.62 65.20
15259.37 63.91
15537.08 62.62
15819.85 61.47
16107.76 60.56
16400.92 60.00
16699.41 59.85
17003.33 60.15
17312.78 60.90
17627.86 62.06
17948.68 63.52
18275.34 65.12
18607.94 66.65
18946.6 67.93
19291.42 68.92
19642.52 69.70
20000 70.40
