20 80.07
20.36 80.11
20.73 80.14
21.11 80.17
21.5 80.20
21.89 80.23
22.29 80.27
22.69 80.30
23.1 80.33
23.52 80.36
23.95 80.39
24.39 80.41
24.83 80.44
25.28 80.47
25.74 80.50
26.21 80.52
26.69 80.55
27.18 80.57
27.67 80.59
28.17 80.61
28.69 80.63
29.21 80.65
29.74 80.67
30.28 80.69
30.83 80.70
31.39 80.72
31.97 80.73
32.55 80.74
33.14 80.75
33.74 80.76
34.36 80.76
34.98 80.77
35.62 80.77
36.27 80.77
36.93 80.78
37.6 80.78
38.28 80.78
38.98 80.78
39.69 80.77
40.41 80.77
41.15 80.77
41.9 80.77
42.66 80.76
43.44 80.76
44.23 80.75
45.03 80.75
45.85 80.75
46.68 80.74
47.53 80.74
48.4 80.74
49.28 80.73
50.18 80.73
51.09 80.73
52.02 80.72
52.97 80.72
53.93 80.72
54.91 80.72
55.91 80.72
56.93 80.72
57.97 80.72
59.02 80.72
60.09 80.72
61.19 80.72
62.3 80.72
63.44 80.72
64.59 80.72
65.77 80.72
66.96 80.72
68.18 80.72
69.42 80.71
70.69 80.70
71.97 80.69
73.28 80.68
74.62 80.67
75.97 80.66
77.36 80.64
78.76 80.63
80.2 80.61
81.66 80.60
83.14 80.59
84.66 80.58
86.2 80.57
87.77 80.56
89.36 80.56
90.99 80.56
92.65 80.56
94.33 80.56
96.05 80.55
97.8 80.55
99.58 80.55
101.39 80.54
103.23 80.53
105.11 80.53
107.03 80.52
108.97 80.51
110.96 80.49
112.98 80.47
115.03 80.46
117.13 80.44
119.26 80.42
121.43 80.40
123.64 80.38
125.89 80.35
128.18 80.33
130.51 80.31
132.89 80.29
135.31 80.27
137.77 80.25
140.28 80.23
142.83 80.22
145.43 80.20
148.07 80.19
150.77 80.18
153.51 80.16
156.31 80.15
159.15 80.13
162.05 80.11
165 80.08
168 80.05
171.06 80.02
174.17 79.99
177.34 79.96
180.57 79.93
183.86 79.90
187.2 79.87
190.61 79.83
194.08 79.80
197.61 79.76
201.21 79.73
204.87 79.69
208.6 79.65
212.39 79.62
216.26 79.58
220.19 79.54
224.2 79.50
228.28 79.46
232.44 79.42
236.67 79.38
240.97 79.33
245.36 79.29
249.82 79.24
254.37 79.20
259 79.15
263.71 79.10
268.51 79.05
273.4 78.99
278.38 78.94
283.44 78.89
288.6 78.83
293.85 78.78
299.2 78.72
304.65 78.66
310.19 78.61
315.84 78.55
321.59 78.49
327.44 78.42
333.4 78.36
339.47 78.29
345.64 78.23
351.93 78.16
358.34 78.09
364.86 78.03
371.5 77.96
378.26 77.89
385.15 77.82
392.16 77.75
399.29 77.68
406.56 77.61
413.96 77.54
421.49 77.46
429.16 77.39
436.97 77.31
444.93 77.23
453.02 77.16
461.27 77.08
469.66 77.00
478.21 76.92
486.91 76.84
495.78 76.77
504.8 76.69
513.99 76.62
523.34 76.55
532.87 76.47
542.56 76.39
552.44 76.32
562.49 76.24
572.73 76.16
583.15 76.08
593.77 76.00
604.57 75.93
615.57 75.85
626.78 75.77
638.18 75.70
649.8 75.62
661.63 75.55
673.67 75.48
685.93 75.41
698.41 75.35
711.12 75.28
724.06 75.22
737.24 75.15
750.66 75.08
764.32 75.02
778.23 74.96
792.39 74.91
806.82 74.86
821.5 74.81
836.45 74.78
851.67 74.75
867.17 74.72
882.96 74.71
899.02 74.71
915.39 74.73
932.05 74.75
949.01 74.79
966.28 74.85
983.87 74.92
1001.77 75.01
1020 75.11
1038.57 75.23
1057.47 75.37
1076.71 75.53
1096.31 75.70
1116.26 75.88
1136.58 76.08
1157.26 76.28
1178.32 76.50
1199.77 76.71
1221.6 76.92
1243.84 77.12
1266.47 77.32
1289.52 77.50
1312.99 77.67
1336.89 77.83
1361.22 77.98
1385.99 78.12
1411.22 78.24
1436.9 78.36
1463.05 78.46
1489.68 78.54
1516.79 78.62
1544.4 78.68
1572.5 78.73
1601.12 78.78
1630.26 78.82
1659.93 78.87
1690.14 78.92
1720.9 78.97
1752.22 79.02
1784.11 79.05
1816.58 79.06
1849.64 79.05
1883.3 79.00
1917.58 78.93
1952.48 78.83
1988.01 78.70
2024.19 78.55
2061.03 78.36
2098.54 78.15
2136.73 77.91
2175.62 77.64
2215.22 77.36
2255.53 77.05
2296.58 76.74
2338.38 76.42
2380.94 76.10
2424.27 75.80
2468.39 75.52
2513.31 75.26
2559.05 75.02
2605.63 74.83
2653.05 74.66
2701.33 74.54
2750.5 74.46
2800.55 74.41
2851.52 74.39
2903.42 74.40
2956.26 74.42
3010.06 74.46
3064.85 74.51
3120.62 74.57
3177.42 74.63
3235.25 74.69
3294.13 74.73
3354.08 74.75
3415.12 74.73
3477.27 74.66
3540.56 74.52
3605 74.29
3670.6 73.96
3737.41 73.53
3805.43 73.00
3874.68 72.37
3945.2 71.64
4017 70.84
4090.11 69.98
4164.55 69.09
4240.34 68.20
4317.51 67.36
4396.09 66.62
4476.1 66.04
4557.56 65.67
4640.5 65.50
4724.96 65.52
4810.95 65.69
4898.51 65.97
4987.66 66.31
5078.43 66.69
5170.86 67.09
5264.97 67.51
5360.79 67.95
5458.35 68.43
5557.69 68.94
5658.84 69.51
5761.82 70.13
5866.69 70.80
5973.46 71.50
6082.17 72.21
6192.87 72.86
6305.57 73.42
6420.33 73.83
6537.18 74.07
6656.15 74.14
6777.29 74.09
6900.63 74.03
7026.22 74.08
7154.1 74.33
7284.3 74.77
7416.87 75.37
7551.85 76.10
7689.29 76.95
7829.23 77.90
7971.72 78.88
8116.8 79.78
8264.53 80.47
8414.94 80.81
8568.09 80.67
8724.02 80.05
8882.79 79.01
9044.46 77.70
9209.06 76.28
9376.66 74.87
9547.31 73.57
9721.07 72.40
9897.99 71.36
10078.13 70.38
10261.55 69.41
10448.3 68.38
10638.45 67.26
10832.07 66.00
11029.21 64.56
11229.94 62.97
11434.32 61.32
11642.41 59.75
11854.3 58.38
12070.04 57.36
12289.71 56.76
12513.38 56.64
12741.12 56.97
12973 57.69
13209.1 58.64
13449.5 59.64
13694.28 60.48
13943.51 60.95
14197.27 60.85
14455.66 60.02
14718.74 58.43
14986.62 56.17
15259.37 53.49
15537.08 50.79
15819.85 48.47
16107.76 46.92
16400.92 46.41
16699.41 46.96
17003.33 48.43
17312.78 50.53
17627.86 52.89
17948.68 55.16
18275.34 57.07
18607.94 58.46
18946.6 59.33
19291.42 59.80
19642.52 60.03
20000 60.19
