20 83.46
20.36 83.46
20.73 83.47
21.11 83.48
21.5 83.48
21.89 83.49
22.29 83.50
22.69 83.50
23.1 83.51
23.52 83.51
23.95 83.51
24.39 83.52
24.83 83.52
25.28 83.52
25.74 83.51
26.21 83.51
26.69 83.51
27.18 83.50
27.67 83.49
28.17 83.48
28.69 83.47
29.21 83.46
29.74 83.44
30.28 83.43
30.83 83.41
31.39 83.39
31.97 83.36
32.55 83.34
33.14 83.31
33.74 83.28
34.36 83.24
34.98 83.21
35.62 83.17
36.27 83.13
36.93 83.09
37.6 83.05
38.28 83.01
38.98 82.96
39.69 82.92
40.41 82.87
41.15 82.82
41.9 82.78
42.66 82.73
43.44 82.68
44.23 82.63
45.03 82.58
45.85 82.54
46.68 82.49
47.53 82.44
48.4 82.39
49.28 82.34
50.18 82.29
51.09 82.24
52.02 82.19
52.97 82.14
53.93 82.09
54.91 82.03
55.91 81.98
56.93 81.92
57.97 81.86
59.02 81.80
60.09 81.74
61.19 81.67
62.3 81.61
63.44 81.54
64.59 81.47
65.77 81.40
66.96 81.33
68.18 81.26
69.42 81.19
70.69 81.12
71.97 81.06
73.28 80.99
74.62 80.92
75.97 80.85
77.36 80.78
78.76 80.71
80.2 80.64
81.66 80.57
83.14 80.49
84.66 80.41
86.2 80.32
87.77 80.23
89.36 80.14
90.99 80.05
92.65 79.95
94.33 79.86
96.05 79.77
97.8 79.67
99.58 79.58
101.39 79.50
103.23 79.41
105.11 79.32
107.03 79.24
108.97 79.16
110.96 79.09
112.98 79.02
115.03 78.94
117.13 78.88
119.26 78.81
121.43 78.74
123.64 78.67
125.89 78.59
128.18 78.51
130.51 78.44
132.89 78.36
135.31 78.27
137.77 78.19
140.28 78.11
142.83 78.02
145.43 77.94
148.07 77.86
150.77 77.79
153.51 77.71
156.31 77.64
159.15 77.56
162.05 77.49
165 77.42
168 77.34
171.06 77.26
174.17 77.19
177.34 77.11
180.57 77.04
183.86 76.97
187.2 76.90
190.61 76.84
194.08 76.77
197.61 76.71
201.21 76.64
204.87 76.58
208.6 76.51
212.39 76.45
216.26 76.38
220.19 76.32
224.2 76.26
228.28 76.20
232.44 76.15
236.67 76.09
240.97 76.03
245.36 75.98
249.82 75.93
254.37 75.87
259 75.82
263.71 75.76
268.51 75.71
273.4 75.66
278.38 75.60
283.44 75.55
288.6 75.50
293.85 75.45
299.2 75.40
304.65 75.35
310.19 75.30
315.84 75.25
321.59 75.19
327.44 75.14
333.4 75.10
339.47 75.05
345.64 75.01
351.93 74.97
358.34 74.93
364.86 74.89
371.5 74.85
378.26 74.82
385.15 74.78
392.16 74.75
399.29 74.72
406.56 74.68
413.96 74.65
421.49 74.62
429.16 74.59
436.97 74.57
444.93 74.54
453.02 74.51
461.27 74.49
469.66 74.46
478.21 74.44
486.91 74.41
495.78 74.38
504.8 74.36
513.99 74.34
523.34 74.32
532.87 74.30
542.56 74.28
552.44 74.27
562.49 74.25
572.73 74.23
583.15 74.21
593.77 74.19
604.57 74.17
615.57 74.14
626.78 74.13
638.18 74.11
649.8 74.11
661.63 74.10
673.67 74.09
685.93 74.09
698.41 74.09
711.12 74.09
724.06 74.09
737.24 74.09
750.66 74.10
764.32 74.10
778.23 74.11
792.39 74.13
806.82 74.15
821.5 74.18
836.45 74.21
851.67 74.25
867.17 74.30
882.96 74.35
899.02 74.41
915.39 74.47
932.05 74.56
949.01 74.65
966.28 74.75
983.87 74.88
1001.77 75.01
1020 75.17
1038.57 75.35
1057.47 75.55
1076.71 75.76
1096.31 75.99
1116.26 76.22
1136.58 76.46
1157.26 76.71
1178.32 76.97
1199.77 77.23
1221.6 77.49
1243.84 77.75
1266.47 77.99
1289.52 78.22
1312.99 78.45
1336.89 78.66
1361.22 78.86
1385.99 79.05
1411.22 79.22
1436.9 79.39
1463.05 79.54
1489.68 79.68
1516.79 79.81
1544.4 79.93
1572.5 80.04
1601.12 80.15
1630.26 80.26
1659.93 80.37
1690.14 80.47
1720.9 80.57
1752.22 80.67
1784.11 80.75
1816.58 80.84
1849.64 80.92
1883.3 81.00
1917.58 81.07
1952.48 81.13
1988.01 81.19
2024.19 81.23
2061.03 81.27
2098.54 81.29
2136.73 81.31
2175.62 81.31
2215.22 81.30
2255.53 81.29
2296.58 81.26
2338.38 81.22
2380.94 81.16
2424.27 81.10
2468.39 81.02
2513.31 80.92
2559.05 80.81
2605.63 80.69
2653.05 80.55
2701.33 80.38
2750.5 80.20
2800.55 80.01
2851.52 79.81
2903.42 79.61
2956.26 79.43
3010.06 79.26
3064.85 79.12
3120.62 79.00
3177.42 78.91
3235.25 78.84
3294.13 78.80
3354.08 78.77
3415.12 78.76
3477.27 78.77
3540.56 78.80
3605 78.85
3670.6 78.92
3737.41 79.01
3805.43 79.11
3874.68 79.24
3945.2 79.38
4017 79.53
4090.11 79.66
4164.55 79.77
4240.34 79.84
4317.51 79.85
4396.09 79.78
4476.1 79.59
4557.56 79.29
4640.5 78.85
4724.96 78.28
4810.95 77.60
4898.51 76.84
4987.66 76.05
5078.43 75.29
5170.86 74.58
5264.97 74.00
5360.79 73.59
5458.35 73.40
5557.69 73.45
5658.84 73.75
5761.82 74.25
5866.69 74.86
5973.46 75.47
6082.17 75.95
6192.87 76.20
6305.57 76.21
6420.33 76.00
6537.18 75.66
6656.15 75.27
6777.29 74.93
6900.63 74.71
7026.22 74.65
7154.1 74.77
7284.3 75.05
7416.87 75.46
7551.85 75.94
7689.29 76.40
7829.23 76.75
7971.72 76.89
8116.8 76.78
8264.53 76.37
8414.94 75.71
8568.09 74.88
8724.02 73.97
8882.79 73.08
9044.46 72.30
9209.06 71.65
9376.66 71.17
9547.31 70.83
9721.07 70.60
9897.99 70.42
10078.13 70.22
10261.55 69.94
10448.3 69.56
10638.45 69.06
10832.07 68.48
11029.21 67.92
11229.94 67.44
11434.32 67.11
11642.41 66.96
11854.3 66.96
12070.04 67.05
12289.71 67.19
12513.38 67.35
12741.12 67.49
12973 67.62
13209.1 67.72
13449.5 67.80
13694.28 67.86
13943.51 67.92
14197.27 67.98
14455.66 68.03
14718.74 68.06
14986.62 68.00
15259.37 67.84
15537.08 67.54
15819.85 67.09
16107.76 66.54
16400.92 65.90
16699.41 65.25
17003.33 64.61
17312.78 64.04
17627.86 63.55
17948.68 63.12
18275.34 62.71
18607.94 62.26
18946.6 61.72
19291.42 61.09
19642.52 60.38
20000 59.66
