20 84.03
20.36 84.05
20.73 84.07
21.11 84.09
21.5 84.11
21.89 84.13
22.29 84.15
22.69 84.17
23.1 84.19
23.52 84.21
23.95 84.22
24.39 84.24
24.83 84.25
25.28 84.27
25.74 84.28
26.21 84.29
26.69 84.30
27.18 84.31
27.67 84.32
28.17 84.33
28.69 84.33
29.21 84.34
29.74 84.34
30.28 84.34
30.83 84.34
31.39 84.33
31.97 84.33
32.55 84.32
33.14 84.31
33.74 84.30
34.36 84.29
34.98 84.27
35.62 84.25
36.27 84.23
36.93 84.22
37.6 84.19
38.28 84.17
38.98 84.14
39.69 84.12
40.41 84.09
41.15 84.06
41.9 84.03
42.66 84.00
43.44 83.97
44.23 83.94
45.03 83.91
45.85 83.87
46.68 83.84
47.53 83.80
48.4 83.77
49.28 83.73
50.18 83.69
51.09 83.66
52.02 83.62
52.97 83.58
53.93 83.54
54.91 83.50
55.91 83.46
56.93 83.42
57.97 83.37
59.02 83.33
60.09 83.29
61.19 83.24
62.3 83.20
63.44 83.15
64.59 83.10
65.77 83.06
66.96 83.01
68.18 82.95
69.42 82.90
70.69 82.84
71.97 82.79
73.28 82.73
74.62 82.67
75.97 82.61
77.36 82.54
78.76 82.48
80.2 82.41
81.66 82.34
83.14 82.28
84.66 82.21
86.2 82.14
87.77 82.07
89.36 82.00
90.99 81.93
92.65 81.85
94.33 81.78
96.05 81.70
97.8 81.62
99.58 81.54
101.39 81.46
103.23 81.38
105.11 81.29
107.03 81.21
108.97 81.12
110.96 81.04
112.98 80.96
115.03 80.88
117.13 80.80
119.26 80.71
121.43 80.63
123.64 80.55
125.89 80.47
128.18 80.38
130.51 80.29
132.89 80.21
135.31 80.12
137.77 80.03
140.28 79.95
142.83 79.86
145.43 79.78
148.07 79.69
150.77 79.61
153.51 79.52
156.31 79.44
159.15 79.35
162.05 79.27
165 79.18
168 79.09
171.06 79.01
174.17 78.93
177.34 78.84
180.57 78.75
183.86 78.67
187.2 78.58
190.61 78.50
194.08 78.41
197.61 78.33
201.21 78.24
204.87 78.15
208.6 78.06
212.39 77.97
216.26 77.89
220.19 77.80
224.2 77.72
228.28 77.63
232.44 77.55
236.67 77.47
240.97 77.38
245.36 77.30
249.82 77.22
254.37 77.13
259 77.05
263.71 76.97
268.51 76.88
273.4 76.80
278.38 76.72
283.44 76.63
288.6 76.55
293.85 76.47
299.2 76.39
304.65 76.31
310.19 76.24
315.84 76.17
321.59 76.09
327.44 76.02
333.4 75.95
339.47 75.88
345.64 75.81
351.93 75.74
358.34 75.67
364.86 75.60
371.5 75.53
378.26 75.46
385.15 75.39
392.16 75.31
399.29 75.25
406.56 75.18
413.96 75.11
421.49 75.05
429.16 74.99
436.97 74.93
444.93 74.88
453.02 74.83
461.27 74.79
469.66 74.75
478.21 74.72
486.91 74.70
495.78 74.68
504.8 74.67
513.99 74.66
523.34 74.64
532.87 74.63
542.56 74.61
552.44 74.59
562.49 74.56
572.73 74.52
583.15 74.48
593.77 74.44
604.57 74.41
615.57 74.37
626.78 74.33
638.18 74.29
649.8 74.26
661.63 74.23
673.67 74.20
685.93 74.18
698.41 74.16
711.12 74.15
724.06 74.14
737.24 74.13
750.66 74.12
764.32 74.12
778.23 74.12
792.39 74.13
806.82 74.15
821.5 74.17
836.45 74.20
851.67 74.24
867.17 74.29
882.96 74.34
899.02 74.41
915.39 74.48
932.05 74.56
949.01 74.66
966.28 74.77
983.87 74.88
1001.77 75.01
1020 75.16
1038.57 75.32
1057.47 75.49
1076.71 75.68
1096.31 75.88
1116.26 76.09
1136.58 76.31
1157.26 76.53
1178.32 76.77
1199.77 77.01
1221.6 77.25
1243.84 77.50
1266.47 77.74
1289.52 77.99
1312.99 78.23
1336.89 78.48
1361.22 78.72
1385.99 78.95
1411.22 79.19
1436.9 79.42
1463.05 79.64
1489.68 79.88
1516.79 80.11
1544.4 80.34
1572.5 80.57
1601.12 80.81
1630.26 81.05
1659.93 81.30
1690.14 81.55
1720.9 81.79
1752.22 82.03
1784.11 82.26
1816.58 82.49
1849.64 82.71
1883.3 82.93
1917.58 83.13
1952.48 83.31
1988.01 83.46
2024.19 83.58
2061.03 83.68
2098.54 83.75
2136.73 83.78
2175.62 83.78
2215.22 83.75
2255.53 83.69
2296.58 83.60
2338.38 83.48
2380.94 83.35
2424.27 83.21
2468.39 83.05
2513.31 82.88
2559.05 82.71
2605.63 82.54
2653.05 82.37
2701.33 82.21
2750.5 82.06
2800.55 81.92
2851.52 81.80
2903.42 81.70
2956.26 81.62
3010.06 81.57
3064.85 81.53
3120.62 81.52
3177.42 81.54
3235.25 81.58
3294.13 81.66
3354.08 81.78
3415.12 81.94
3477.27 82.15
3540.56 82.40
3605 82.69
3670.6 83.01
3737.41 83.35
3805.43 83.70
3874.68 84.02
3945.2 84.28
4017 84.44
4090.11 84.48
4164.55 84.36
4240.34 84.08
4317.51 83.64
4396.09 83.07
4476.1 82.39
4557.56 81.64
4640.5 80.86
4724.96 80.06
4810.95 79.29
4898.51 78.56
4987.66 77.91
5078.43 77.33
5170.86 76.87
5264.97 76.51
5360.79 76.27
5458.35 76.18
5557.69 76.23
5658.84 76.44
5761.82 76.80
5866.69 77.31
5973.46 77.92
6082.17 78.59
6192.87 79.23
6305.57 79.76
6420.33 80.12
6537.18 80.27
6656.15 80.24
6777.29 80.11
6900.63 79.95
7026.22 79.86
7154.1 79.90
7284.3 80.06
7416.87 80.33
7551.85 80.62
7689.29 80.83
7829.23 80.86
7971.72 80.64
8116.8 80.13
8264.53 79.39
8414.94 78.50
8568.09 77.57
8724.02 76.72
8882.79 76.01
9044.46 75.48
9209.06 75.11
9376.66 74.82
9547.31 74.53
9721.07 74.10
9897.99 73.45
10078.13 72.53
10261.55 71.35
10448.3 70.04
10638.45 68.74
10832.07 67.60
11029.21 66.74
11229.94 66.24
11434.32 66.11
11642.41 66.34
11854.3 66.86
12070.04 67.57
12289.71 68.37
12513.38 69.17
12741.12 69.90
12973 70.55
13209.1 71.11
13449.5 71.60
13694.28 72.06
13943.51 72.54
14197.27 73.03
14455.66 73.53
14718.74 73.94
14986.62 74.16
15259.37 74.02
15537.08 73.40
15819.85 72.24
16107.76 70.64
16400.92 68.77
16699.41 66.90
17003.33 65.31
17312.78 64.23
17627.86 63.80
17948.68 64.02
18275.34 64.72
18607.94 65.68
18946.6 66.67
19291.42 67.56
19642.52 68.34
20000 69.07
