20 80.68
20.2909066988 80.64
20.5860447329 80.59
20.8854756485 80.55
21.1892618872 80.53
21.4974667984 80.52
21.8101546533 80.51
22.1273906578 80.49
22.4492409662 80.46
22.7757726951 80.44
23.1070539374 80.42
23.4431537764 80.41
23.7841423001 80.41
24.130090616 80.40
24.4810708661 80.36
24.8371562415 80.31
25.1984209979 80.25
25.5649404712 80.19
25.936791093 80.16
26.3140504067 80.15
26.6967970834 80.15
27.0851109387 80.17
27.4790729492 80.18
27.878765269 80.18
28.2842712475 80.16
28.6956754462 80.12
29.1130636568 80.08
29.5365229188 80.05
29.9661415375 80.06
30.402009103 80.08
30.8442165082 80.10
31.2928559682 80.11
31.7480210394 80.13
32.209806639 80.16
32.6783090648 80.21
33.1536260154 80.23
33.6358566101 80.21
34.1251014105 80.18
34.6214624402 80.19
35.1250432075 80.26
35.6359487256 80.36
36.1542855356 80.46
36.6801617282 80.53
37.2136869661 80.60
37.7549725073 80.62
38.3041312279 80.63
38.8612776461 80.64
39.4265279456 80.68
40 80.78
40.5818133975 80.91
41.1720894657 81.02
41.7709512971 81.06
42.3785237744 81.03
42.9949335968 80.99
43.6203093066 80.98
44.2547813156 81.01
44.8984819324 81.04
45.5515453903 81.07
46.2141078749 81.10
46.8863075528 81.11
47.5682846001 81.11
48.260181232 81.11
48.9621417322 81.15
49.6743124829 81.22
50.3968419958 81.26
51.1298809424 81.26
51.873582186 81.25
52.6281008133 81.26
53.3935941668 81.27
54.1702218775 81.28
54.9581458983 81.28
55.757530538 81.27
56.5685424949 81.27
57.3913508924 81.26
58.2261273137 81.25
59.0730458376 81.23
59.9322830751 81.21
60.804018206 81.18
61.6884330163 81.16
62.5857119363 81.13
63.4960420787 81.10
64.419613278 81.08
65.3566181296 81.07
66.3072520307 81.05
67.2717132203 81.01
68.2502028209 80.98
69.2429248805 80.95
70.2500864149 80.91
71.2718974512 80.86
72.3085710713 80.82
73.3603234564 80.78
74.4273739322 80.74
75.5099450145 80.70
76.6082624559 80.64
77.7225552923 80.58
78.8530558912 80.53
80 80.47
81.163626795 80.40
82.3441789315 80.34
83.5419025942 80.29
84.7570475487 80.24
85.9898671937 80.18
87.2406186132 80.12
88.5095626311 80.06
89.7969638648 80.00
91.1030907805 79.93
92.4282157498 79.84
93.7726151055 79.75
95.1365692002 79.67
96.520362464 79.60
97.9242834644 79.51
99.3486249659 79.41
100.7936839916 79.34
102.2597618848 79.30
103.7471643721 79.26
105.2562016267 79.24
106.7871883336 79.24
108.340443755 79.25
109.9162917966 79.26
111.5150610759 79.25
113.1370849898 79.22
114.7827017849 79.17
116.4522546274 79.13
118.1460916752 79.08
119.8645661501 79.04
121.6080364119 78.99
123.3768660326 78.93
125.1714238726 78.87
126.9920841575 78.81
128.8392265559 78.76
130.7132362593 78.70
132.6145040614 78.64
134.5434264406 78.56
136.5004056418 78.47
138.485849761 78.38
140.5001728299 78.29
142.5437949025 78.23
144.6171421426 78.14
146.7206469127 78.07
148.8547478643 78.01
151.0198900291 77.94
153.2165249118 77.88
155.4451105846 77.83
157.7061117824 77.77
160 77.69
162.32725359 77.61
164.688357863 77.53
167.0838051884 77.47
169.5140950975 77.41
171.9797343873 77.35
174.4812372264 77.29
177.0191252622 77.25
179.5939277295 77.22
182.2061815611 77.19
184.8564314996 77.16
187.5452302111 77.14
190.2731384004 77.12
193.0407249281 77.02
195.8485669287 76.95
198.6972499318 76.97
201.5873679832 76.98
204.5195237697 76.95
207.4943287442 76.89
210.5124032534 76.80
213.5743766672 76.72
216.6808875099 76.72
219.8325835933 76.72
223.0301221518 76.69
226.2741699797 76.66
229.5654035698 76.66
232.9045092548 76.65
236.2921833503 76.64
239.7291323003 76.65
243.2160728239 76.66
246.7537320653 76.68
250.3428477452 76.71
253.9841683149 76.70
257.6784531119 76.69
261.4264725186 76.71
265.2290081229 76.74
269.0868528812 76.76
273.0008112836 76.76
276.971699522 76.77
281.0003456597 76.78
285.0875898049 76.78
289.2342842852 76.76
293.4412938255 76.73
297.7094957287 76.68
302.0397800581 76.63
306.4330498235 76.57
310.8902211692 76.49
315.4122235649 76.40
320 76.30
324.65450718 76.19
329.3767157259 76.08
334.1676103768 75.96
339.028190195 75.83
343.9594687746 75.71
348.9624744529 75.60
354.0382505244 75.47
359.187855459 75.35
364.4123631221 75.24
369.7128629991 75.12
375.0904604222 75.01
380.5462768009 74.91
386.0814498562 74.80
391.6971338575 74.70
397.3944998635 74.61
403.1747359664 74.52
409.0390475393 74.43
414.9886574883 74.35
421.0248065068 74.27
427.1487533344 74.19
433.3617750198 74.12
439.6651671866 74.05
446.0602443037 73.98
452.5483399594 73.92
459.1308071395 73.87
465.8090185095 73.81
472.5843667007 73.76
479.4582646005 73.70
486.4321456477 73.65
493.5074641306 73.60
500.6856954905 73.56
507.9683366298 73.51
515.3569062238 73.47
522.8529450372 73.43
530.4580162458 73.40
538.1737057624 73.36
546.0016225673 73.32
553.9433990439 73.28
562.0006913195 73.24
570.1751796098 73.20
578.4685685703 73.18
586.882587651 73.15
595.4189914574 73.11
604.0795601163 73.08
612.8660996471 73.05
621.7804423383 73.01
630.8244471297 72.98
640 72.97
649.30901436 72.99
658.7534314519 73.02
668.3352207536 73.01
678.05638039 73.00
687.9189375493 72.99
697.9249489058 72.98
708.0765010489 72.99
718.375710918 73.01
728.8247262443 73.02
739.4257259983 73.04
750.1809208443 73.05
761.0925536018 73.06
772.1628997124 73.08
783.394267715 73.09
794.7889997271 73.12
806.3494719327 73.14
818.0780950787 73.17
829.9773149767 73.21
842.0496130136 73.25
854.2975066688 73.29
866.7235500396 73.34
879.3303343732 73.40
892.1204886074 73.46
905.0966799188 73.53
918.2616142791 73.60
931.618037019 73.69
945.1687334013 73.77
958.9165292011 73.87
972.8642912955 73.98
987.0149282611 74.09
1001.371390981 74.20
1015.9366732597 74.33
1030.7138124476 74.46
1045.7058900743 74.60
1060.9160324916 74.74
1076.3474115248 74.89
1092.0032451345 75.04
1107.8867980879 75.19
1124.0013826389 75.35
1140.3503592197 75.51
1156.9371371406 75.66
1173.765175302 75.82
1190.8379829148 75.98
1208.1591202326 76.14
1225.7321992942 76.29
1243.5608846767 76.45
1261.6488942595 76.60
1280 76.75
1298.6180287201 76.91
1317.5068629037 77.06
1336.6704415071 77.21
1356.1127607799 77.36
1375.8378750985 77.51
1395.8498978116 77.66
1416.1530020977 77.81
1436.751421836 77.96
1457.6494524886 78.12
1478.8514519966 78.28
1500.3618416887 78.45
1522.1851072035 78.62
1544.3257994247 78.80
1566.78853543 78.98
1589.5779994541 79.16
1612.6989438655 79.35
1636.1561901574 79.54
1659.9546299533 79.73
1684.0992260271 79.93
1708.5950133377 80.13
1733.4471000793 80.33
1758.6606687464 80.54
1784.2409772148 80.75
1810.1933598376 80.95
1836.5232285581 81.15
1863.2360740381 81.35
1890.3374668026 81.53
1917.8330584022 81.71
1945.7285825909 81.88
1974.0298565222 82.03
2002.742781962 82.16
2031.8733465194 82.28
2061.4276248951 82.38
2091.4117801487 82.46
2121.8320649832 82.54
2152.6948230496 82.61
2184.0064902691 82.68
2215.7735961758 82.77
2248.0027652779 82.88
2280.7007184393 83.06
2313.8742742813 83.31
2347.530350604 83.60
2381.6759658296 83.89
2416.3182404652 84.16
2451.4643985884 84.36
2487.1217693533 84.50
2523.297788519 84.59
2560.0000000001 84.65
2597.2360574402 84.69
2635.0137258074 84.72
2673.3408830143 84.74
2712.2255215599 84.78
2751.6757501971 84.84
2791.6997956232 84.91
2832.3060041955 84.99
2873.5028436721 85.07
2915.2989049772 85.13
2957.7029039931 85.17
3000.7236833774 85.19
3044.3702144071 85.17
3088.6515988494 85.14
3133.57707086 85.10
3179.1559989082 85.05
3225.397887731 85.00
3272.3123803148 84.94
3319.9092599067 84.88
3368.1984520542 84.82
3417.1900266754 84.77
3466.8942001586 84.73
3517.3213374928 84.70
3568.4819544296 84.68
3620.3867196753 84.66
3673.0464571163 84.64
3726.4721480761 84.62
3780.6749336053 84.61
3835.6661168044 84.59
3891.4571651819 84.58
3948.0597130445 84.58
4005.4855639241 84.58
4063.7466930387 84.59
4122.8552497902 84.60
4182.8235602974 84.61
4243.6641299665 84.62
4305.3896460992 84.64
4368.0129805382 84.67
4431.5471923516 84.69
4496.0055305558 84.70
4561.4014368787 84.69
4627.7485485626 84.66
4695.0607012081 84.61
4763.3519316592 84.53
4832.6364809305 84.43
4902.9287971769 84.30
4974.2435387067 84.14
5046.595577038 83.95
5120.0000000002 83.73
5194.4721148803 83.48
5270.0274516149 83.22
5346.6817660286 82.94
5424.4510431198 82.64
5503.3515003942 82.34
5583.3995912463 82.03
5664.6120083911 81.72
5747.0056873442 81.41
5830.5978099545 81.11
5915.4058079863 80.82
6001.4473667548 80.55
6088.7404288142 80.30
6177.3031976989 80.06
6267.1541417201 79.84
6358.3119978165 79.64
6450.795775462 79.46
6544.6247606297 79.32
6639.8185198134 79.21
6736.3969041085 79.15
6834.3800533509 79.14
6933.7884003172 79.17
7034.6426749857 79.25
7136.9639088592 79.39
7240.7734393506 79.56
7346.0929142326 79.78
7452.9442961523 80.01
7561.3498672106 80.24
7671.3322336089 80.46
7782.9143303638 80.63
7896.119426089 80.72
8010.9711278481 80.71
8127.4933860775 80.56
8245.7104995805 80.27
8365.6471205948 79.84
8487.328259933 79.31
8610.7792921984 78.71
8736.0259610765 78.08
8863.0943847033 77.44
8992.0110611117 76.83
9122.8028737575 76.27
9255.4970971253 75.78
9390.1214024162 75.40
9526.7038633184 75.10
9665.272961861 74.89
9805.8575943538 74.75
9948.4870774134 74.73
10093.191154076 74.81
10240.0000000005 75.00
10388.9442297607 75.30
10540.0549032298 75.73
10693.3635320572 76.28
10848.9020862397 76.95
11006.7030007884 77.73
11166.7991824927 78.52
11329.2240167822 79.16
11494.0113746885 79.54
11661.1956199091 79.35
11830.8116159726 78.78
12002.8947335097 77.73
12177.4808576284 76.53
12354.6063953979 75.25
12534.3082834402 73.99
12716.6239956331 72.80
12901.5915509241 71.76
13089.2495212594 70.78
13279.637039627 69.93
13472.7938082171 69.23
13668.7601067018 68.65
13867.5768006344 68.16
14069.2853499715 67.74
14273.9278177184 67.36
14481.5468787012 67.01
14692.1858284653 66.66
14905.8885923047 66.29
15122.6997344212 65.89
15342.6644672179 65.48
15565.8286607277 65.05
15792.2388521781 64.57
16021.9422556964 64.04
16254.9867721551 63.48
16491.4209991611 62.94
16731.2942411897 62.49
16974.656519866 62.16
17221.5585843969 62.01
17472.0519221531 62.08
17726.1887694067 62.34
17984.0221222235 62.69
18245.605747515 62.94
18510.9941942506 62.81
18780.2428048326 62.12
19053.4077266369 60.87
19330.545923722 59.15
19611.7151887077 57.06
19896.9741548268 55.08
20186.382308152 54.45
