20 13.71
20.2 13.7
20.4 13.69
20.61 13.69
20.81 13.68
21.02 13.67
21.23 13.66
21.44 13.65
21.66 13.64
21.87 13.62
22.09 13.61
22.31 13.6
22.54 13.58
22.76 13.57
22.99 13.55
23.22 13.54
23.45 13.52
23.69 13.51
23.92 13.5
24.16 13.49
24.4 13.47
24.65 13.46
24.89 13.44
25.14 13.43
25.39 13.41
25.65 13.4
25.91 13.38
26.16 13.37
26.43 13.36
26.69 13.34
26.96 13.33
27.23 13.31
27.5 13.3
27.77 13.28
28.05 13.27
28.33 13.25
28.62 13.24
28.9 13.22
29.19 13.2
29.48 13.18
29.78 13.16
30.08 13.14
30.38 13.12
30.68 13.1
30.99 13.08
31.3 13.06
31.61 13.03
31.93 13.01
32.24 12.99
32.57 12.97
32.89 12.95
33.22 12.92
33.55 12.9
33.89 12.88
34.23 12.85
34.57 12.83
34.92 12.81
35.27 12.79
35.62 12.77
35.97 12.74
36.33 12.72
36.7 12.69
37.06 12.67
37.43 12.65
37.81 12.62
38.19 12.6
38.57 12.57
38.95 12.54
39.34 12.51
39.74 12.49
40.14 12.46
40.54 12.43
40.94 12.4
41.35 12.37
41.76 12.34
42.18 12.31
42.6 12.28
43.03 12.25
43.46 12.22
43.9 12.19
44.33 12.15
44.78 12.12
45.23 12.09
45.68 12.06
46.13 12.02
46.6 11.99
47.06 11.96
47.53 11.92
48.01 11.89
48.49 11.86
48.97 11.82
49.46 11.79
49.96 11.75
50.46 11.72
50.96 11.69
51.47 11.65
51.99 11.62
52.51 11.59
53.03 11.55
53.56 11.52
54.1 11.48
54.64 11.45
55.18 11.41
55.74 11.38
56.29 11.34
56.86 11.31
57.42 11.27
58 11.23
58.58 11.2
59.16 11.16
59.76 11.12
60.35 11.09
60.96 11.05
61.57 11.01
62.18 10.97
62.8 10.93
63.43 10.89
64.07 10.85
64.71 10.81
65.35 10.76
66.01 10.72
66.67 10.68
67.33 10.64
68.01 10.59
68.69 10.55
69.37 10.51
70.07 10.46
70.77 10.42
71.48 10.37
72.19 10.33
72.91 10.28
73.64 10.24
74.38 10.19
75.12 10.14
75.87 10.1
76.63 10.05
77.4 10
78.17 9.96
78.95 9.91
79.74 9.86
80.54 9.82
81.35 9.77
82.16 9.72
82.98 9.68
83.81 9.63
84.65 9.58
85.5 9.53
86.35 9.49
87.22 9.44
88.09 9.39
88.97 9.34
89.86 9.29
90.76 9.24
91.66 9.2
92.58 9.15
93.51 9.1
94.44 9.05
95.39 9
96.34 8.95
97.3 8.9
98.28 8.85
99.26 8.8
100.25 8.75
101.25 8.69
102.27 8.64
103.29 8.59
104.32 8.54
105.37 8.48
106.42 8.43
107.48 8.38
108.56 8.33
109.64 8.27
110.74 8.22
111.85 8.17
112.97 8.11
114.1 8.06
115.24 8
116.39 7.95
117.55 7.9
118.73 7.84
119.92 7.79
121.12 7.73
122.33 7.68
123.55 7.62
124.79 7.57
126.03 7.51
127.29 7.45
128.57 7.4
129.85 7.34
131.15 7.28
132.46 7.22
133.79 7.16
135.12 7.11
136.48 7.05
137.84 6.99
139.22 6.93
140.61 6.87
142.02 6.81
143.44 6.75
144.87 6.7
146.32 6.64
147.78 6.58
149.26 6.52
150.75 6.46
152.26 6.4
153.78 6.34
155.32 6.28
156.88 6.22
158.44 6.16
160.03 6.1
161.63 6.05
163.24 5.99
164.88 5.93
166.53 5.87
168.19 5.82
169.87 5.76
171.57 5.7
173.29 5.65
175.02 5.59
176.77 5.53
178.54 5.47
180.32 5.42
182.13 5.36
183.95 5.3
185.79 5.24
187.65 5.19
189.52 5.13
191.42 5.07
193.33 5.01
195.27 4.96
197.22 4.9
199.19 4.84
201.18 4.78
203.19 4.72
205.23 4.66
207.28 4.6
209.35 4.54
211.44 4.48
213.56 4.41
215.69 4.35
217.85 4.29
220.03 4.23
222.23 4.17
224.45 4.11
226.7 4.05
228.96 3.99
231.25 3.92
233.57 3.86
235.9 3.8
238.26 3.74
240.64 3.68
243.05 3.62
245.48 3.56
247.93 3.5
250.41 3.44
252.92 3.38
255.45 3.32
258 3.26
260.58 3.19
263.19 3.14
265.82 3.08
268.48 3.02
271.16 2.96
273.87 2.89
276.61 2.83
279.38 2.78
282.17 2.72
284.99 2.66
287.84 2.6
290.72 2.54
293.63 2.48
296.57 2.42
299.53 2.36
302.53 2.3
305.55 2.24
308.61 2.18
311.69 2.12
314.81 2.07
317.96 2.01
321.14 1.95
324.35 1.89
327.59 1.84
330.87 1.78
334.18 1.73
337.52 1.67
340.9 1.61
344.3 1.56
347.75 1.51
351.23 1.45
354.74 1.4
358.28 1.34
361.87 1.28
365.49 1.23
369.14 1.18
372.83 1.12
376.56 1.07
380.33 1.01
384.13 0.96
387.97 0.91
391.85 0.85
395.77 0.8
399.73 0.75
403.72 0.7
407.76 0.64
411.84 0.59
415.96 0.54
420.12 0.49
424.32 0.44
428.56 0.39
432.85 0.34
437.18 0.29
441.55 0.24
445.96 0.19
450.42 0.14
454.93 0.09
459.48 0.04
464.07 -0.01
468.71 -0.06
473.4 -0.1
478.13 -0.15
482.91 -0.2
487.74 -0.25
492.62 -0.29
497.55 -0.34
502.52 -0.38
507.55 -0.43
512.62 -0.47
517.75 -0.52
522.93 -0.56
528.16 -0.6
533.44 -0.65
538.77 -0.69
544.16 -0.73
549.6 -0.77
555.1 -0.81
560.65 -0.85
566.25 -0.89
571.92 -0.93
577.64 -0.96
583.41 -1
589.25 -1.04
595.14 -1.07
601.09 -1.11
607.1 -1.14
613.17 -1.18
619.3 -1.21
625.5 -1.24
631.75 -1.28
638.07 -1.3
644.45 -1.33
650.89 -1.36
657.4 -1.38
663.98 -1.41
670.62 -1.43
677.32 -1.45
684.1 -1.46
690.94 -1.48
697.85 -1.5
704.83 -1.51
711.87 -1.53
718.99 -1.54
726.18 -1.54
733.44 -1.55
740.78 -1.55
748.19 -1.54
755.67 -1.54
763.23 -1.54
770.86 -1.53
778.57 -1.51
786.35 -1.5
794.22 -1.47
802.16 -1.45
810.18 -1.43
818.28 -1.4
826.46 -1.37
834.73 -1.33
843.08 -1.29
851.51 -1.25
860.02 -1.21
868.62 -1.16
877.31 -1.11
886.08 -1.07
894.94 -1
903.89 -0.92
912.93 -0.81
922.06 -0.69
931.28 -0.59
940.59 -0.51
950 -0.43
959.5 -0.35
969.09 -0.27
978.78 -0.19
988.57 -0.1
998.46 -0.01
1008.44 0.07
1018.53 0.15
1028.71 0.23
1039 0.3
1049.39 0.38
1059.88 0.46
1070.48 0.52
1081.19 0.59
1092 0.66
1102.92 0.72
1113.95 0.78
1125.09 0.84
1136.34 0.91
1147.7 0.97
1159.18 1.02
1170.77 1.07
1182.48 1.13
1194.3 1.19
1206.25 1.24
1218.31 1.29
1230.49 1.34
1242.8 1.39
1255.22 1.44
1267.78 1.48
1280.45 1.54
1293.26 1.59
1306.19 1.64
1319.25 1.7
1332.45 1.76
1345.77 1.81
1359.23 1.85
1372.82 1.89
1386.55 1.94
1400.41 2
1414.42 2.04
1428.56 2.09
1442.85 2.14
1457.28 2.19
1471.85 2.24
1486.57 2.3
1501.43 2.36
1516.45 2.41
1531.61 2.47
1546.93 2.52
1562.4 2.57
1578.02 2.62
1593.8 2.68
1609.74 2.75
1625.84 2.82
1642.1 2.9
1658.52 2.97
1675.1 3.04
1691.85 3.11
1708.77 3.19
1725.86 3.27
1743.12 3.35
1760.55 3.43
1778.15 3.52
1795.94 3.6
1813.9 3.69
1832.03 3.78
1850.36 3.86
1868.86 3.95
1887.55 4.05
1906.42 4.15
1925.49 4.25
1944.74 4.35
1964.19 4.44
1983.83 4.55
2003.67 4.65
2023.71 4.75
2043.94 4.86
2064.38 4.97
2085.03 5.08
2105.88 5.18
2126.94 5.29
2148.2 5.4
2169.69 5.51
2191.38 5.63
2213.3 5.75
2235.43 5.86
2257.78 5.97
2280.36 6.09
2303.17 6.2
2326.2 6.31
2349.46 6.43
2372.95 6.54
2396.68 6.66
2420.65 6.77
2444.86 6.88
2469.31 6.99
2494 7.1
2518.94 7.21
2544.13 7.33
2569.57 7.44
2595.27 7.55
2621.22 7.65
2647.43 7.76
2673.9 7.86
2700.64 7.95
2727.65 8.05
2754.93 8.14
2782.48 8.22
2810.3 8.31
2838.4 8.39
2866.79 8.46
2895.46 8.53
2924.41 8.6
2953.65 8.67
2983.19 8.72
3013.02 8.78
3043.15 8.83
3073.58 8.88
3104.32 8.93
3135.36 8.98
3166.72 9.02
3198.38 9.07
3230.37 9.12
3262.67 9.16
3295.3 9.21
3328.25 9.26
3361.53 9.3
3395.15 9.35
3429.1 9.4
3463.39 9.45
3498.03 9.5
3533.01 9.55
3568.34 9.61
3604.02 9.67
3640.06 9.74
3676.46 9.81
3713.22 9.88
3750.36 9.96
3787.86 10.05
3825.74 10.14
3864 10.24
3902.64 10.35
3941.66 10.46
3981.08 10.58
4020.89 10.7
4061.1 10.82
4101.71 10.95
4142.73 11.09
4184.15 11.24
4226 11.39
4268.26 11.55
4310.94 11.72
4354.05 11.9
4397.59 12.08
4441.56 12.26
4485.98 12.44
4530.84 12.61
4576.15 12.78
4621.91 12.94
4668.13 13.07
4714.81 13.14
4761.96 13.16
4809.58 13.04
4857.67 12.92
4906.25 13.06
4955.31 13.23
5004.87 13.29
5054.91 13.23
5105.46 13.09
5156.52 12.87
5208.08 12.6
5260.16 12.28
5312.77 11.95
5365.89 11.59
5419.55 11.21
5473.75 10.83
5528.49 10.44
5583.77 10.05
5639.61 9.66
5696 9.27
5752.96 8.9
5810.49 8.54
5868.6 8.19
5927.28 7.85
5986.56 7.52
6046.42 7.21
6106.89 6.92
6167.96 6.64
6229.64 6.37
6291.93 6.12
6354.85 5.91
6418.4 5.71
6482.58 5.53
6547.41 5.37
6612.88 5.22
6679.01 5.1
6745.8 5
6813.26 4.91
6881.39 4.85
6950.21 4.81
7019.71 4.79
7089.91 4.79
7160.81 4.83
7232.41 4.89
7304.74 4.97
7377.79 5.07
7451.56 5.2
7526.08 5.34
7601.34 5.51
7677.35 5.69
7754.13 5.89
7831.67 6.1
7909.98 6.31
7989.08 6.53
8068.98 6.72
8149.67 6.89
8231.16 7.03
8313.47 7.1
8396.61 7.13
8480.57 7.08
8565.38 6.94
8651.03 6.73
8737.54 6.44
8824.92 6.08
8913.17 5.66
9002.3 5.22
9092.32 4.75
9183.25 4.27
9275.08 3.78
9367.83 3.31
9461.51 2.86
9556.12 2.44
9651.68 2.05
9748.2 1.69
9845.68 1.39
9944.14 1.12
10043.58 0.91
10144.02 0.73
10245.46 0.64
10347.91 0.59
10451.39 0.59
10555.91 0.69
10661.46 0.84
10768.08 1.06
10875.76 1.39
10984.52 1.81
11094.36 2.32
11205.31 2.96
11317.36 3.76
11430.53 4.63
11544.84 5.58
11660.29 6.51
11776.89 7.28
11894.66 7.26
12013.6 7.07
12133.74 6.33
12255.08 5.11
12377.63 3.71
12501.41 2.32
12626.42 0.95
12752.68 -0.33
12880.21 -1.45
13009.01 -2.5
13139.1 -3.55
13270.49 -4.45
13403.2 -5.32
13537.23 -6.09
13672.6 -6.83
13809.33 -7.51
13947.42 -8.14
14086.9 -8.72
14227.77 -9.26
14370.04 -9.76
14513.74 -10.21
14658.88 -10.58
14805.47 -10.91
14953.52 -11.17
15103.06 -11.37
15254.09 -11.54
15406.63 -11.63
15560.7 -11.68
15716.3 -11.69
15873.47 -11.6
16032.2 -11.46
16192.52 -11.16
16354.45 -10.82
16517.99 -10.45
16683.17 -10.1
16850.01 -9.78
17018.51 -9.49
17188.69 -9.31
17360.58 -9.2
17534.18 -9.16
17709.53 -9.21
17886.62 -9.3
18065.49 -9.42
18246.14 -9.54
18428.6 -9.6
18612.89 -9.62
18799.02 -9.61
18987.01 -9.58
19176.88 -9.58
19368.65 -9.76
19562.33 -10.26
19757.96 -11.17
19955.54 -12.08