20 -38.37
20.2 -38.24
20.4 -38.11
20.61 -37.98
20.81 -37.86
21.02 -37.7
21.23 -37.29
21.44 -36.87
21.66 -36.46
21.87 -36.05
22.09 -35.84
22.31 -35.92
22.54 -36.01
22.76 -36.09
22.99 -36.17
23.22 -36.19
23.45 -36.21
23.69 -36.23
23.92 -36.24
24.16 -35.92
24.4 -35.44
24.65 -34.96
24.89 -34.48
25.14 -34.24
25.39 -34.18
25.65 -34.11
25.91 -34.04
26.16 -33.87
26.43 -33.65
26.69 -33.42
26.96 -33.19
27.23 -33.64
27.5 -34.22
27.77 -34.8
28.05 -35.23
28.33 -34.99
28.62 -34.75
28.9 -34.5
29.19 -34.34
29.48 -34.21
29.78 -34.08
30.08 -34.01
30.38 -34.14
30.68 -34.27
30.99 -34.39
31.3 -33.96
31.61 -33.5
31.93 -33.04
32.24 -32.71
32.57 -32.43
32.89 -32.14
33.22 -31.99
33.55 -31.91
33.89 -31.82
34.23 -31.7
34.57 -31.56
34.92 -31.42
35.27 -31.16
35.62 -30.87
35.97 -30.57
36.33 -30.72
36.7 -30.9
37.06 -30.95
37.43 -30.41
37.81 -29.86
38.19 -29.66
38.57 -29.82
38.95 -29.98
39.34 -29.77
39.74 -29.51
40.14 -29.19
40.54 -28.76
40.94 -28.33
41.35 -28.28
41.76 -28.3
42.18 -28.21
42.6 -27.97
43.03 -27.72
43.46 -27.35
43.9 -26.98
44.33 -26.82
44.78 -26.72
45.23 -26.68
45.68 -26.69
46.13 -26.68
46.6 -26.61
47.06 -26.57
47.53 -26.7
48.01 -26.82
48.49 -26.45
48.97 -26.08
49.46 -25.81
49.96 -25.55
50.46 -25.32
50.96 -25.09
51.47 -25.07
51.99 -25.07
52.51 -24.95
53.03 -24.83
53.56 -24.66
54.1 -24.47
54.64 -24.16
55.18 -23.95
55.74 -23.94
56.29 -23.76
56.86 -23.43
57.42 -23.21
58 -23.02
58.58 -22.89
59.16 -22.72
59.76 -22.45
60.35 -22.26
60.96 -22.12
61.57 -22.11
62.18 -22.07
62.8 -21.92
63.43 -21.82
64.07 -21.76
64.71 -21.81
65.35 -21.77
66.01 -21.65
66.67 -21.44
67.33 -21.18
68.01 -20.87
68.69 -20.76
69.37 -20.57
70.07 -20.33
70.77 -20.26
71.48 -20.04
72.19 -19.78
72.91 -19.62
73.64 -19.45
74.38 -19.31
75.12 -19.16
75.87 -18.89
76.63 -18.63
77.4 -18.47
78.17 -18.37
78.95 -18.24
79.74 -18.03
80.54 -17.78
81.35 -17.6
82.16 -17.49
82.98 -17.23
83.81 -17.11
84.65 -16.91
85.5 -16.67
86.35 -16.47
87.22 -16.35
88.09 -16.11
88.97 -15.96
89.86 -15.8
90.76 -15.55
91.66 -15.34
92.58 -15.19
93.51 -14.99
94.44 -14.83
95.39 -14.7
96.34 -14.43
97.3 -14.21
98.28 -14.08
99.26 -13.87
100.25 -13.67
101.25 -13.6
102.27 -13.41
103.29 -13.26
104.32 -13.08
105.37 -12.79
106.42 -12.57
107.48 -12.44
108.56 -12.32
109.64 -12.16
110.74 -12.07
111.85 -11.88
112.97 -11.83
114.1 -11.58
115.24 -11.32
116.39 -11.07
117.55 -10.93
118.73 -10.77
119.92 -10.7
121.12 -10.48
122.33 -10.34
123.55 -10.16
124.79 -9.9
126.03 -9.65
127.29 -9.53
128.57 -9.35
129.85 -9.14
131.15 -9.07
132.46 -8.94
133.79 -8.75
135.12 -8.64
136.48 -8.44
137.84 -8.23
139.22 -8.09
140.61 -7.99
142.02 -7.87
143.44 -7.77
144.87 -7.56
146.32 -7.37
147.78 -7.24
149.26 -7.13
150.75 -6.96
152.26 -6.87
153.78 -6.84
155.32 -6.79
156.88 -6.61
158.44 -6.44
160.03 -6.32
161.63 -6.18
163.24 -6.01
164.88 -5.93
166.53 -5.75
168.19 -5.7
169.87 -5.65
171.57 -5.51
173.29 -5.33
175.02 -5.24
176.77 -5.24
178.54 -5.06
180.32 -4.94
182.13 -4.84
183.95 -4.79
185.79 -4.79
187.65 -4.62
189.52 -4.56
191.42 -4.5
193.33 -4.38
195.27 -4.33
197.22 -4.33
199.19 -4.32
201.18 -4.19
203.19 -4.1
205.23 -4.1
207.28 -4.02
209.35 -3.9
211.44 -3.87
213.56 -3.87
215.69 -3.87
217.85 -3.67
220.03 -3.65
222.23 -3.65
224.45 -3.65
226.7 -3.65
228.96 -3.49
231.25 -3.44
233.57 -3.42
235.9 -3.42
238.26 -3.42
240.64 -3.42
243.05 -3.26
245.48 -3.19
247.93 -3.19
250.41 -3.19
252.92 -3.19
255.45 -3.19
258 -3.05
260.58 -2.96
263.19 -2.96
265.82 -2.96
268.48 -2.96
271.16 -2.96
273.87 -2.96
276.61 -2.96
279.38 -2.96
282.17 -2.8
284.99 -2.74
287.84 -2.74
290.72 -2.74
293.63 -2.74
296.57 -2.74
299.53 -2.74
302.53 -2.74
305.55 -2.74
308.61 -2.74
311.69 -2.74
314.81 -2.59
317.96 -2.52
321.14 -2.51
324.35 -2.51
327.59 -2.51
330.87 -2.51
334.18 -2.51
337.52 -2.51
340.9 -2.51
344.3 -2.51
347.75 -2.51
351.23 -2.51
354.74 -2.51
358.28 -2.4
361.87 -2.31
365.49 -2.28
369.14 -2.28
372.83 -2.28
376.56 -2.28
380.33 -2.28
384.13 -2.28
387.97 -2.28
391.85 -2.28
395.77 -2.28
399.73 -2.28
403.72 -2.28
407.76 -2.28
411.84 -2.28
415.96 -2.28
420.12 -2.28
424.32 -2.3
428.56 -2.45
432.85 -2.51
437.18 -2.61
441.55 -2.71
445.96 -2.74
450.42 -2.74
454.93 -2.51
459.48 -2.25
464.07 -2.08
468.71 -2.05
473.4 -2.05
478.13 -2.05
482.91 -2.05
487.74 -2.05
492.62 -2.05
497.55 -2.05
502.52 -2.05
507.55 -2.05
512.62 -2.05
517.75 -2.05
522.93 -2.05
528.16 -2.05
533.44 -2.05
538.77 -2.05
544.16 -2.05
549.6 -2.03
555.1 -1.86
560.65 -1.82
566.25 -1.72
571.92 -1.62
577.64 -1.6
583.41 -1.59
589.25 -1.43
595.14 -1.37
601.09 -1.37
607.1 -1.37
613.17 -1.24
619.3 -1.15
625.5 -1.14
631.75 -1.14
638.07 -1.14
644.45 -1.14
650.89 -1.14
657.4 -1.14
663.98 -0.98
670.62 -0.92
677.32 -0.91
684.1 -0.91
690.94 -0.91
697.85 -0.91
704.83 -0.91
711.87 -0.91
718.99 -0.74
726.18 -0.68
733.44 -0.68
740.78 -0.68
748.19 -0.68
755.67 -0.68
763.23 -0.68
770.86 -0.68
778.57 -0.64
786.35 -0.49
794.22 -0.46
802.16 -0.46
810.18 -0.46
818.28 -0.46
826.46 -0.46
834.73 -0.46
843.08 -0.46
851.51 -0.46
860.02 -0.31
868.62 -0.24
877.31 -0.23
886.08 -0.23
894.94 -0.23
903.89 -0.23
912.93 -0.23
922.06 -0.23
931.28 -0.05
940.59 0
950 0
959.5 0
969.09 0
978.78 0
988.57 0
998.46 0
1008.44 0.04
1018.53 0.19
1028.71 0.23
1039 0.23
1049.39 0.23
1059.88 0.23
1070.48 0.23
1081.19 0.23
1092 0.23
1102.92 0.23
1113.95 0.34
1125.09 0.44
1136.34 0.46
1147.7 0.46
1159.18 0.46
1170.77 0.46
1182.48 0.46
1194.3 0.46
1206.25 0.46
1218.31 0.63
1230.49 0.68
1242.8 0.68
1255.22 0.68
1267.78 0.68
1280.45 0.68
1293.26 0.85
1306.19 0.91
1319.25 0.91
1332.45 0.91
1345.77 0.91
1359.23 0.91
1372.82 1.06
1386.55 1.13
1400.41 1.14
1414.42 1.19
1428.56 1.33
1442.85 1.37
1457.28 1.37
1471.85 1.37
1486.57 1.55
1501.43 1.6
1516.45 1.6
1531.61 1.68
1546.93 1.8
1562.4 1.82
1578.02 1.99
1593.8 2.06
1609.74 2.24
1625.84 2.28
1642.1 2.28
1658.52 2.39
1675.1 2.63
1691.85 2.73
1708.77 2.91
1725.86 2.96
1743.12 2.96
1760.55 3.06
1778.15 3.29
1795.94 3.4
1813.9 3.6
1832.03 3.67
1850.36 3.89
1868.86 4.14
1887.55 4.41
1906.42 4.54
1925.49 4.72
1944.74 4.79
1964.19 4.98
1983.83 5.2
2003.67 5.51
2023.71 5.78
2043.94 6.05
2064.38 6.31
2085.03 6.56
2105.88 6.76
2126.94 7.08
2148.2 7.41
2169.69 7.72
2191.38 8.07
2213.3 8.37
2235.43 8.64
2257.78 9.01
2280.36 9.41
2303.17 9.8
2326.2 10.19
2349.46 10.5
2372.95 10.95
2396.68 11.37
2420.65 11.79
2444.86 12.21
2469.31 12.62
2494 12.98
2518.94 13.42
2544.13 13.84
2569.57 14.24
2595.27 14.59
2621.22 14.92
2647.43 15.24
2673.9 15.59
2700.64 15.97
2727.65 16.27
2754.93 16.62
2782.48 16.91
2810.3 17.17
2838.4 17.3
2866.79 17.48
2895.46 17.72
2924.41 17.98
2953.65 18.19
2983.19 18.23
3013.02 18.23
3043.15 18.37
3073.58 18.45
3104.32 18.28
3135.36 18.23
3166.72 18.23
3198.38 18.23
3230.37 18.12
3262.67 18.03
3295.3 17.83
3328.25 17.76
3361.53 17.55
3395.15 17.36
3429.1 17.22
3463.39 16.99
3498.03 16.73
3533.01 16.47
3568.34 16.21
3604.02 15.95
3640.06 15.68
3676.46 15.42
3713.22 15.16
3750.36 14.89
3787.86 14.63
3825.74 14.37
3864 14.11
3902.64 13.93
3941.66 13.79
3981.08 13.55
4020.89 13.29
4061.1 13.04
4101.71 12.94
4142.73 12.8
4184.15 12.67
4226 12.44
4268.26 12.33
4310.94 12.13
4354.05 12.06
4397.59 11.89
4441.56 11.77
4485.98 11.65
4530.84 11.49
4576.15 11.41
4621.91 11.22
4668.13 11.17
4714.81 11.17
4761.96 11.17
4809.58 11.17
4857.67 11.17
4906.25 11.01
4955.31 10.94
5004.87 10.9
5054.91 10.75
5105.46 10.8
5156.52 10.92
5208.08 10.94
5260.16 10.94
5312.77 10.94
5365.89 10.94
5419.55 11.02
5473.75 11.14
5528.49 11.17
5583.77 11.33
5639.61 11.39
5696 11.4
5752.96 11.45
5810.49 11.59
5868.6 11.51
5927.28 11.42
5986.56 11.4
6046.42 11.4
6106.89 11.4
6167.96 11.33
6229.64 11.06
6291.93 10.63
6354.85 10.33
6418.4 10.09
6482.58 10.01
6547.41 9.8
6612.88 9.5
6679.01 9.13
6745.8 8.79
6813.26 8.52
6881.39 8.44
6950.21 8.23
7019.71 7.91
7089.91 7.43
7160.81 6.9
7232.41 6.45
7304.74 6.2
7377.79 5.97
7451.56 5.69
7526.08 5.32
7601.34 4.97
7677.35 4.7
7754.13 4.44
7831.67 4.17
7909.98 4.09
7989.08 3.88
8068.98 3.61
8149.67 3.35
8231.16 3.21
8313.47 3.19
8396.61 3.19
8480.57 3.37
8565.38 3.47
8651.03 3.61
8737.54 3.65
8824.92 3.78
8913.17 3.86
9002.3 3.6
9092.32 3.2
9183.25 2.69
9275.08 2.17
9367.83 1.7
9461.51 1.44
9556.12 1.2
9651.68 0.94
9748.2 0.58
9845.68 0.22
9944.14 -0.06
10043.58 -0.21
10144.02 -0.38
10245.46 -0.45
10347.91 -0.46
10451.39 -0.41
10555.91 -0.19
10661.46 -0.03
10768.08 0.13
10875.76 0.22
10984.52 0.41
11094.36 0.46
11205.31 0.4
11317.36 0.26
11430.53 0.23
11544.84 0.23
11660.29 0.07
11776.89 0
11894.66 0.04
12013.6 0.19
12133.74 0.37
12255.08 0.71
12377.63 1.1
12501.41 1.59
12626.42 1.92
12752.68 2.21
12880.21 2.2
13009.01 2.08
13139.1 1.93
13270.49 1.84
13403.2 1.65
13537.23 1.62
13672.6 1.84
13809.33 2.02
13947.42 2.16
14086.9 2.33
14227.77 2.63
14370.04 3.1
14513.74 3.52
14658.88 3.75
14805.47 3.49
14953.52 3.01
15103.06 2.26
15254.09 1.29
15406.63 -0.03
15560.7 -1.24
15716.3 -2.24
15873.47 -3.06
16032.2 -4.1
16192.52 -5.59
16354.45 -7.27
16517.99 -8.91
16683.17 -10.02
16850.01 -10.77
17018.51 -11.28
17188.69 -11.55
17360.58 -11.62
17534.18 -11.23
17709.53 -10.43
17886.62 -9.65
18065.49 -9.06
18246.14 -8.64
18428.6 -8.53
18612.89 -8.88
18799.02 -9.67
18987.01 -10.48
19176.88 -11.16
19368.65 -11.66
19562.33 -12.23
19757.96 -12.87
19955.54 -13.44