20 -8.21
20.2 -8.16
20.4 -8.12
20.61 -8.07
20.81 -8.02
21.02 -7.97
21.23 -7.87
21.44 -7.77
21.66 -7.68
21.87 -7.58
22.09 -7.49
22.31 -7.43
22.54 -7.37
22.76 -7.31
22.99 -7.25
23.22 -7.16
23.45 -7.06
23.69 -6.97
23.92 -6.87
24.16 -6.8
24.4 -6.75
24.65 -6.69
24.89 -6.63
25.14 -6.56
25.39 -6.49
25.65 -6.41
25.91 -6.33
26.16 -6.28
26.43 -6.26
26.69 -6.24
26.96 -6.21
27.23 -6.1
27.5 -5.96
27.77 -5.82
28.05 -5.7
28.33 -5.63
28.62 -5.56
28.9 -5.49
29.19 -5.43
29.48 -5.36
29.78 -5.29
30.08 -5.22
30.38 -5.15
30.68 -5.08
30.99 -5.01
31.3 -4.94
31.61 -4.88
31.93 -4.81
32.24 -4.73
32.57 -4.66
32.89 -4.58
33.22 -4.51
33.55 -4.43
33.89 -4.36
34.23 -4.29
34.57 -4.24
34.92 -4.18
35.27 -4.09
35.62 -3.99
35.97 -3.89
36.33 -3.87
36.7 -3.86
37.06 -3.82
37.43 -3.66
37.81 -3.5
38.19 -3.42
38.57 -3.42
38.95 -3.42
39.34 -3.34
39.74 -3.25
40.14 -3.16
40.54 -3.07
40.94 -2.98
41.35 -2.91
41.76 -2.83
42.18 -2.78
42.6 -2.76
43.03 -2.73
43.46 -2.63
43.9 -2.53
44.33 -2.51
44.78 -2.51
45.23 -2.46
45.68 -2.35
46.13 -2.28
46.6 -2.28
47.06 -2.27
47.53 -2.16
48.01 -2.05
48.49 -1.99
48.97 -1.92
49.46 -1.87
49.96 -1.82
50.46 -1.72
50.96 -1.61
51.47 -1.55
51.99 -1.49
52.51 -1.43
53.03 -1.36
53.56 -1.24
54.1 -1.14
54.64 -1.14
55.18 -1.1
55.74 -0.97
56.29 -0.84
56.86 -0.71
57.42 -0.68
58 -0.68
58.58 -0.68
59.16 -0.64
59.76 -0.51
60.35 -0.54
60.96 -0.67
61.57 -0.68
62.18 -0.72
62.8 -0.87
63.43 -1.05
64.07 -1.25
64.71 -1.37
65.35 -1.56
66.01 -1.82
66.67 -2.08
67.33 -2.31
68.01 -2.51
68.69 -2.49
69.37 -2.4
70.07 -2.26
70.77 -2.1
71.48 -1.94
72.19 -1.78
72.91 -1.62
73.64 -1.45
74.38 -1.31
75.12 -1.19
75.87 -1.15
76.63 -1.03
77.4 -0.94
78.17 -0.91
78.95 -0.91
79.74 -0.74
80.54 -0.68
81.35 -0.68
82.16 -0.66
82.98 -0.58
83.81 -0.48
84.65 -0.46
85.5 -0.46
86.35 -0.46
87.22 -0.41
88.09 -0.23
88.97 -0.23
89.86 -0.23
90.76 -0.23
91.66 -0.23
92.58 -0.23
93.51 -0.33
94.44 -0.44
95.39 -0.55
96.34 -0.72
97.3 -0.83
98.28 -0.91
99.26 -0.91
100.25 -0.91
101.25 -0.91
102.27 -0.91
103.29 -0.91
104.32 -0.86
105.37 -0.74
106.42 -0.68
107.48 -0.78
108.56 -0.9
109.64 -0.91
110.74 -0.91
111.85 -0.91
112.97 -0.91
114.1 -0.96
115.24 -1.14
116.39 -1.14
117.55 -1.14
118.73 -1.14
119.92 -1.15
121.12 -1.38
122.33 -1.52
123.55 -1.6
124.79 -1.6
126.03 -1.75
127.29 -1.8
128.57 -1.87
129.85 -2.03
131.15 -2.05
132.46 -2.05
133.79 -2.19
135.12 -2.29
136.48 -2.34
137.84 -2.49
139.22 -2.63
140.61 -2.72
142.02 -2.85
143.44 -3.11
144.87 -3.38
146.32 -3.57
147.78 -3.7
149.26 -3.81
150.75 -3.98
152.26 -4.24
153.78 -4.65
155.32 -5.07
156.88 -5.46
158.44 -5.73
160.03 -5.99
161.63 -6.12
163.24 -6.15
164.88 -6.15
166.53 -5.98
168.19 -5.93
169.87 -5.87
171.57 -5.73
173.29 -5.56
175.02 -5.47
176.77 -5.28
178.54 -5.03
180.32 -4.77
182.13 -4.46
183.95 -4.09
185.79 -3.7
187.65 -3.3
189.52 -3.01
191.42 -2.74
193.33 -2.48
195.27 -2.22
197.22 -2.02
199.19 -1.74
201.18 -1.46
203.19 -1.32
205.23 -1.2
207.28 -1.14
209.35 -1.14
211.44 -1.01
213.56 -0.92
215.69 -0.91
217.85 -0.91
220.03 -0.82
222.23 -0.72
224.45 -0.58
226.7 -0.47
228.96 -0.46
231.25 -0.63
233.57 -0.68
235.9 -0.68
238.26 -0.57
240.64 -0.47
243.05 -0.3
245.48 -0.06
247.93 0.19
250.41 0.41
252.92 0.5
255.45 0.65
258 0.68
260.58 0.82
263.19 1.09
265.82 1.34
268.48 1.42
271.16 1.6
273.87 1.84
276.61 2.16
279.38 2.43
282.17 2.67
284.99 2.79
287.84 2.99
290.72 3.25
293.63 3.51
296.57 3.63
299.53 3.65
302.53 3.65
305.55 3.65
308.61 3.65
311.69 3.65
314.81 3.65
317.96 3.65
321.14 3.65
324.35 3.65
327.59 3.65
330.87 3.65
334.18 3.65
337.52 3.52
340.9 3.44
344.3 3.42
347.75 3.42
351.23 3.42
354.74 3.42
358.28 3.42
361.87 3.42
365.49 3.42
369.14 3.4
372.83 3.25
376.56 3.19
380.33 3.19
384.13 3.19
387.97 3.04
391.85 2.97
395.77 2.96
399.73 2.96
403.72 2.96
407.76 2.96
411.84 2.96
415.96 2.96
420.12 2.96
424.32 2.96
428.56 2.96
432.85 2.96
437.18 2.96
441.55 2.96
445.96 2.96
450.42 2.96
454.93 2.79
459.48 2.74
464.07 2.74
468.71 2.74
473.4 2.74
478.13 2.74
482.91 2.56
487.74 2.51
492.62 2.51
497.55 2.51
502.52 2.51
507.55 2.51
512.62 2.51
517.75 2.47
522.93 2.32
528.16 2.28
533.44 2.28
538.77 2.28
544.16 2.28
549.6 2.28
555.1 2.28
560.65 2.28
566.25 2.28
571.92 2.28
577.64 2.13
583.41 2.06
589.25 2.05
595.14 2.05
601.09 2.05
607.1 2.05
613.17 2.05
619.3 2.05
625.5 2.05
631.75 2.03
638.07 1.85
644.45 1.82
650.89 1.82
657.4 1.82
663.98 1.82
670.62 1.81
677.32 1.65
684.1 1.6
690.94 1.48
697.85 1.12
704.83 0.73
711.87 0.25
718.99 0.04
726.18 0
733.44 0
740.78 0
748.19 0.13
755.67 0.22
763.23 0.41
770.86 0.46
778.57 0.46
786.35 0.46
794.22 0.46
802.16 0.46
810.18 0.3
818.28 0.42
826.46 0.46
834.73 0.46
843.08 0.46
851.51 0.46
860.02 0.46
868.62 0.46
877.31 0.28
886.08 0.23
894.94 0.23
903.89 0.23
912.93 0.23
922.06 0.23
931.28 0.23
940.59 0.23
950 0.23
959.5 0.23
969.09 0.13
978.78 0.02
988.57 0
998.46 0
1008.44 0
1018.53 0
1028.71 0
1039 0
1049.39 0
1059.88 -0.17
1070.48 -0.23
1081.19 -0.23
1092 -0.23
1102.92 -0.23
1113.95 -0.23
1125.09 -0.23
1136.34 -0.23
1147.7 -0.23
1159.18 -0.23
1170.77 -0.23
1182.48 -0.23
1194.3 -0.23
1206.25 -0.23
1218.31 -0.23
1230.49 -0.23
1242.8 -0.23
1255.22 -0.31
1267.78 -0.43
1280.45 -0.46
1293.26 -0.46
1306.19 -0.44
1319.25 -0.27
1332.45 -0.23
1345.77 -0.23
1359.23 -0.23
1372.82 -0.23
1386.55 -0.23
1400.41 -0.23
1414.42 -0.23
1428.56 -0.23
1442.85 -0.23
1457.28 -0.23
1471.85 -0.23
1486.57 -0.23
1501.43 -0.23
1516.45 -0.23
1531.61 -0.14
1546.93 -0.02
1562.4 0
1578.02 0
1593.8 0.01
1609.74 0.19
1625.84 0.23
1642.1 0.23
1658.52 0.23
1675.1 0.37
1691.85 0.45
1708.77 0.46
1725.86 0.51
1743.12 0.64
1760.55 0.68
1778.15 0.81
1795.94 0.89
1813.9 0.91
1832.03 0.93
1850.36 1.1
1868.86 1.14
1887.55 1.14
1906.42 1.14
1925.49 1.3
1944.74 1.37
1964.19 1.37
1983.83 1.37
2003.67 1.37
2023.71 1.37
2043.94 1.37
2064.38 1.37
2085.03 1.37
2105.88 1.37
2126.94 1.37
2148.2 1.37
2169.69 1.37
2191.38 1.37
2213.3 1.37
2235.43 1.39
2257.78 1.55
2280.36 1.6
2303.17 1.6
2326.2 1.6
2349.46 1.6
2372.95 1.6
2396.68 1.6
2420.65 1.6
2444.86 1.6
2469.31 1.6
2494 1.74
2518.94 1.81
2544.13 1.82
2569.57 1.86
2595.27 2.01
2621.22 2.05
2647.43 2.17
2673.9 2.26
2700.64 2.45
2727.65 2.53
2754.93 2.7
2782.48 2.74
2810.3 2.84
2838.4 2.94
2866.79 3.12
2895.46 3.18
2924.41 3.22
2953.65 3.38
2983.19 3.42
3013.02 3.42
3043.15 3.55
3073.58 3.64
3104.32 3.65
3135.36 3.65
3166.72 3.71
3198.38 3.84
3230.37 3.87
3262.67 3.87
3295.3 3.87
3328.25 3.87
3361.53 3.87
3395.15 3.87
3429.1 3.87
3463.39 3.87
3498.03 3.87
3533.01 3.87
3568.34 3.85
3604.02 3.69
3640.06 3.56
3676.46 3.45
3713.22 3.29
3750.36 3.04
3787.86 2.78
3825.74 2.52
3864 2.26
3902.64 2
3941.66 1.62
3981.08 1.19
4020.89 0.79
4061.1 0.4
4101.71 0
4142.73 -0.42
4184.15 -0.83
4226 -1.25
4268.26 -1.67
4310.94 -2.08
4354.05 -2.55
4397.59 -2.91
4441.56 -3.31
4485.98 -3.56
4530.84 -3.9
4576.15 -4.31
4621.91 -4.7
4668.13 -5
4714.81 -5.26
4761.96 -5.52
4809.58 -5.78
4857.67 -6.04
4906.25 -6.31
4955.31 -6.38
5004.87 -6.34
5054.91 -6.09
5105.46 -5.67
5156.52 -5.1
5208.08 -4.46
5260.16 -3.81
5312.77 -3.25
5365.89 -2.73
5419.55 -2.16
5473.75 -1.53
5528.49 -0.87
5583.77 -0.29
5639.61 0.24
5696 0.58
5752.96 1
5810.49 1.34
5868.6 1.67
5927.28 1.94
5986.56 2.04
6046.42 2.05
6106.89 2.05
6167.96 2.05
6229.64 1.96
6291.93 1.84
6354.85 1.82
6418.4 1.82
6482.58 1.8
6547.41 1.64
6612.88 1.52
6679.01 1.3
6745.8 1.04
6813.26 0.62
6881.39 0.19
6950.21 -0.49
7019.71 -1.2
7089.91 -1.96
7160.81 -2.43
7232.41 -2.1
7304.74 -1.14
7377.79 0.03
7451.56 1.35
7526.08 2.84
7601.34 4.26
7677.35 5.47
7754.13 6.33
7831.67 6.84
7909.98 7.23
7989.08 7.45
8068.98 7.32
8149.67 6.96
8231.16 6.69
8313.47 6.47
8396.61 6.21
8480.57 5.85
8565.38 5.48
8651.03 5.2
8737.54 4.94
8824.92 4.67
8913.17 4.41
9002.3 4.15
9092.32 3.89
9183.25 3.69
9275.08 3.56
9367.83 3.33
9461.51 3.21
9556.12 3.36
9651.68 3.43
9748.2 3.64
9845.68 3.91
9944.14 4.17
10043.58 4.31
10144.02 4.11
10245.46 3.74
10347.91 3.18
10451.39 2.76
10555.91 2.02
10661.46 0.76
10768.08 -0.77
10875.76 -2.42
10984.52 -4.21
11094.36 -5.92
11205.31 -7.48
11317.36 -8.82
11430.53 -9.92
11544.84 -10.96
11660.29 -11.93
11776.89 -12.8
11894.66 -12.83
12013.6 -11.83
12133.74 -10.29
12255.08 -8.43
12377.63 -6.58
12501.41 -4.94
12626.42 -3.72
12752.68 -3.03
12880.21 -2.88
13009.01 -3.08
13139.1 -3.31
13270.49 -3.56
13403.2 -4
13537.23 -4.49
13672.6 -4.69
13809.33 -4.51
13947.42 -4.57
14086.9 -5.09
14227.77 -6.3
14370.04 -7.83
14513.74 -9.26
14658.88 -10.03
14805.47 -9.56
14953.52 -8.56
15103.06 -7.48
15254.09 -6.59
15406.63 -5.97
15560.7 -6.07
15716.3 -6.58
15873.47 -7.42
16032.2 -8.41
16192.52 -9.29
16354.45 -9.55
16517.99 -9.01
16683.17 -8.1
16850.01 -7.18
17018.51 -6.28
17188.69 -5.33
17360.58 -4.3
17534.18 -3.07
17709.53 -1.75
17886.62 -0.33
18065.49 0.98
18246.14 2.01
18428.6 2.09
18612.89 1.03
18799.02 -0.95
18987.01 -2.89
19176.88 -4.05
19368.65 -4.73
19562.33 -5.22
19757.96 -5.59
19955.54 -5.69