20 -4.79
20.2 -4.65
20.4 -4.51
20.61 -4.37
20.81 -4.23
21.02 -4.09
21.23 -3.99
21.44 -3.89
21.66 -3.79
21.87 -3.69
22.09 -3.56
22.31 -3.4
22.54 -3.24
22.76 -3.08
22.99 -2.92
23.22 -2.82
23.45 -2.73
23.69 -2.63
23.92 -2.54
24.16 -2.4
24.4 -2.24
24.65 -2.09
24.89 -1.93
25.14 -1.81
25.39 -1.72
25.65 -1.63
25.91 -1.54
26.16 -1.46
26.43 -1.38
26.69 -1.29
26.96 -1.21
27.23 -1.13
27.5 -1.05
27.77 -0.97
28.05 -0.89
28.33 -0.76
28.62 -0.63
28.9 -0.5
29.19 -0.42
29.48 -0.35
29.78 -0.28
30.08 -0.21
30.38 -0.14
30.68 -0.07
30.99 0
31.3 0.07
31.61 0.14
31.93 0.21
32.24 0.29
32.57 0.36
32.89 0.44
33.22 0.51
33.55 0.58
33.89 0.66
34.23 0.68
34.57 0.68
34.92 0.68
35.27 0.68
35.62 0.68
35.97 0.68
36.33 0.68
36.7 0.68
37.06 0.68
37.43 0.68
37.81 0.68
38.19 0.72
38.57 0.81
38.95 0.9
39.34 0.92
39.74 0.93
40.14 0.97
40.54 1.05
40.94 1.13
41.35 1.14
41.76 1.14
42.18 1.18
42.6 1.28
43.03 1.37
43.46 1.37
43.9 1.37
44.33 1.37
44.78 1.37
45.23 1.37
45.68 1.37
46.13 1.37
46.6 1.37
47.06 1.37
47.53 1.37
48.01 1.37
48.49 1.37
48.97 1.37
49.46 1.26
49.96 1.15
50.46 1.14
50.96 1.14
51.47 1.14
51.99 1.14
52.51 1.02
53.03 0.9
53.56 0.78
54.1 0.68
54.64 0.68
55.18 0.64
55.74 0.52
56.29 0.46
56.86 0.46
57.42 0.46
58 0.46
58.58 0.46
59.16 0.46
59.76 0.46
60.35 0.54
60.96 0.67
61.57 0.68
62.18 0.68
62.8 0.68
63.43 0.68
64.07 0.68
64.71 0.64
65.35 0.57
66.01 0.46
66.67 0.46
67.33 0.46
68.01 0.46
68.69 0.46
69.37 0.46
70.07 0.46
70.77 0.46
71.48 0.46
72.19 0.46
72.91 0.46
73.64 0.31
74.38 0.23
75.12 0.23
75.87 0.23
76.63 0.23
77.4 0.23
78.17 0.23
78.95 0.23
79.74 0.23
80.54 0.23
81.35 0.23
82.16 0.18
82.98 0
83.81 0
84.65 0
85.5 0
86.35 0
87.22 -0.05
88.09 -0.23
88.97 -0.23
89.86 -0.23
90.76 -0.23
91.66 -0.23
92.58 -0.31
93.51 -0.41
94.44 -0.46
95.39 -0.46
96.34 -0.46
97.3 -0.46
98.28 -0.46
99.26 -0.52
100.25 -0.68
101.25 -0.68
102.27 -0.68
103.29 -0.68
104.32 -0.68
105.37 -0.68
106.42 -0.68
107.48 -0.68
108.56 -0.68
109.64 -0.68
110.74 -0.69
111.85 -0.88
112.97 -0.91
114.1 -0.91
115.24 -0.91
116.39 -0.91
117.55 -0.91
118.73 -0.91
119.92 -0.92
121.12 -1.14
122.33 -1.14
123.55 -1.14
124.79 -1.14
126.03 -1.29
127.29 -1.34
128.57 -1.37
129.85 -1.37
131.15 -1.37
132.46 -1.37
133.79 -1.37
135.12 -1.38
136.48 -1.43
137.84 -1.58
139.22 -1.6
140.61 -1.6
142.02 -1.6
143.44 -1.6
144.87 -1.6
146.32 -1.6
147.78 -1.65
149.26 -1.76
150.75 -1.82
152.26 -1.82
153.78 -1.82
155.32 -1.87
156.88 -2.03
158.44 -2.05
160.03 -2.11
161.63 -2.25
163.24 -2.28
164.88 -2.28
166.53 -2.46
168.19 -2.51
169.87 -2.51
171.57 -2.51
173.29 -2.51
175.02 -2.51
176.77 -2.51
178.54 -2.51
180.32 -2.51
182.13 -2.51
183.95 -2.51
185.79 -2.51
187.65 -2.51
189.52 -2.51
191.42 -2.56
193.33 -2.69
195.27 -2.74
197.22 -2.74
199.19 -2.74
201.18 -2.74
203.19 -2.78
205.23 -2.9
207.28 -2.96
209.35 -2.96
211.44 -2.96
213.56 -2.96
215.69 -2.96
217.85 -2.96
220.03 -3.05
222.23 -3.15
224.45 -3.19
226.7 -3.19
228.96 -3.19
231.25 -3.19
233.57 -3.19
235.9 -3.19
238.26 -3.3
240.64 -3.4
243.05 -3.42
245.48 -3.42
247.93 -3.42
250.41 -3.42
252.92 -3.42
255.45 -3.42
258 -3.42
260.58 -3.56
263.19 -3.64
265.82 -3.65
268.48 -3.65
271.16 -3.65
273.87 -3.65
276.61 -3.78
279.38 -3.86
282.17 -3.87
284.99 -3.87
287.84 -3.87
290.72 -3.87
293.63 -3.87
296.57 -3.87
299.53 -4.05
302.53 -4.1
305.55 -4.1
308.61 -4.1
311.69 -4.1
314.81 -4.1
317.96 -4.1
321.14 -4.11
324.35 -4.28
327.59 -4.33
330.87 -4.33
334.18 -4.33
337.52 -4.33
340.9 -4.33
344.3 -4.33
347.75 -4.39
351.23 -4.52
354.74 -4.46
358.28 -4.46
361.87 -4.53
365.49 -4.56
369.14 -4.58
372.83 -4.73
376.56 -4.79
380.33 -4.69
384.13 -4.58
387.97 -4.71
391.85 -4.77
395.77 -4.62
399.73 -4.56
403.72 -4.56
407.76 -4.56
411.84 -4.56
415.96 -4.56
420.12 -4.38
424.32 -4.33
428.56 -4.33
432.85 -4.33
437.18 -4.22
441.55 -4.13
445.96 -3.94
450.42 -3.87
454.93 -3.87
459.48 -3.83
464.07 -3.58
468.71 -3.45
473.4 -3.42
478.13 -3.42
482.91 -3.24
487.74 -3.19
492.62 -3.11
497.55 -2.99
502.52 -2.96
507.55 -2.96
512.62 -2.8
517.75 -2.74
522.93 -2.68
528.16 -2.54
533.44 -2.51
538.77 -2.51
544.16 -2.35
549.6 -2.27
555.1 -2.06
560.65 -1.86
566.25 -1.82
571.92 -1.82
577.64 -1.67
583.41 -1.6
589.25 -1.43
595.14 -1.34
601.09 -1.17
607.1 -1.14
613.17 -1.01
619.3 -0.92
625.5 -0.91
631.75 -0.89
638.07 -0.71
644.45 -0.68
650.89 -0.68
657.4 -0.68
663.98 -0.68
670.62 -0.67
677.32 -0.51
684.1 -0.46
690.94 -0.46
697.85 -0.46
704.83 -0.32
711.87 -0.24
718.99 -0.2
726.18 -0.05
733.44 0
740.78 0
748.19 0.13
755.67 0.22
763.23 0.23
770.86 0.4
778.57 0.46
786.35 0.46
794.22 0.56
802.16 0.66
810.18 0.68
818.28 0.68
826.46 0.68
834.73 0.68
843.08 0.68
851.51 0.68
860.02 0.47
868.62 0.11
877.31 -0.47
886.08 -1.11
894.94 -1.62
903.89 -1.94
912.93 -1.92
922.06 -1.69
931.28 -1.25
940.59 -0.84
950 -0.47
959.5 -0.27
969.09 -0.13
978.78 -0.02
988.57 0
998.46 0
1008.44 0
1018.53 0
1028.71 0
1039 0
1049.39 0
1059.88 0
1070.48 0
1081.19 0
1092 0
1102.92 0
1113.95 0
1125.09 -0.15
1136.34 -0.22
1147.7 -0.23
1159.18 -0.23
1170.77 -0.23
1182.48 -0.33
1194.3 -0.44
1206.25 -0.46
1218.31 -0.46
1230.49 -0.48
1242.8 -0.63
1255.22 -0.68
1267.78 -0.68
1280.45 -0.68
1293.26 -0.85
1306.19 -0.91
1319.25 -0.91
1332.45 -0.97
1345.77 -1.11
1359.23 -1.14
1372.82 -1.14
1386.55 -1.14
1400.41 -1.31
1414.42 -1.37
1428.56 -1.37
1442.85 -1.37
1457.28 -1.37
1471.85 -1.37
1486.57 -1.37
1501.43 -1.37
1516.45 -1.37
1531.61 -1.37
1546.93 -1.47
1562.4 -1.58
1578.02 -1.6
1593.8 -1.6
1609.74 -1.6
1625.84 -1.54
1642.1 -1.4
1658.52 -1.37
1675.1 -1.37
1691.85 -1.37
1708.77 -1.37
1725.86 -1.42
1743.12 -1.56
1760.55 -1.5
1778.15 -1.27
1795.94 -1.16
1813.9 -1.14
1832.03 -1.12
1850.36 -0.95
1868.86 -0.91
1887.55 -0.8
1906.42 -0.7
1925.49 -0.53
1944.74 -0.46
1964.19 -0.28
1983.83 -0.17
2003.67 -0.03
2023.71 0
2043.94 0.14
2064.38 0.38
2085.03 0.46
2105.88 0.51
2126.94 0.64
2148.2 0.68
2169.69 0.81
2191.38 0.9
2213.3 0.91
2235.43 0.91
2257.78 0.91
2280.36 0.99
2303.17 1.22
2326.2 1.35
2349.46 1.52
2372.95 1.59
2396.68 1.77
2420.65 1.88
2444.86 2.1
2469.31 2.25
2494 2.42
2518.94 2.66
2544.13 2.9
2569.57 3
2595.27 3.22
2621.22 3.39
2647.43 3.54
2673.9 3.63
2700.64 3.82
2727.65 3.9
2754.93 4.1
2782.48 4.37
2810.3 4.63
2838.4 4.77
2866.79 5.02
2895.46 5.3
2924.41 5.65
2953.65 5.94
2983.19 6.2
3013.02 6.46
3043.15 6.79
3073.58 7.1
3104.32 7.45
3135.36 7.74
3166.72 8.03
3198.38 8.41
3230.37 8.8
3262.67 9.19
3295.3 9.5
3328.25 9.77
3361.53 10.03
3395.15 10.22
3429.1 10.36
3463.39 10.46
3498.03 10.63
3533.01 10.7
3568.34 10.71
3604.02 10.71
3640.06 10.63
3676.46 10.51
3713.22 10.35
3750.36 10.11
3787.86 9.85
3825.74 9.62
3864 9.48
3902.64 9.15
3941.66 8.75
3981.08 8.29
4020.89 8.03
4061.1 7.79
4101.71 7.51
4142.73 7.13
4184.15 6.74
4226 6.28
4268.26 5.99
4310.94 5.76
4354.05 5.72
4397.59 5.91
4441.56 6.1
4485.98 6.4
4530.84 6.71
4576.15 6.83
4621.91 6.65
4668.13 6.4
4714.81 6.14
4761.96 5.87
4809.58 5.55
4857.67 5.17
4906.25 4.86
4955.31 4.6
5004.87 4.34
5054.91 4.14
5105.46 4.01
5156.52 3.89
5208.08 3.87
5260.16 3.7
5312.77 3.62
5365.89 3.46
5419.55 3.42
5473.75 3.42
5528.49 3.29
5583.77 3.2
5639.61 3.19
5696 3.19
5752.96 3.25
5810.49 3.39
5868.6 3.53
5927.28 3.76
5986.56 4.03
6046.42 4.29
6106.89 4.55
6167.96 4.75
6229.64 4.88
6291.93 5.11
6354.85 5.22
6418.4 5.24
6482.58 5.22
6547.41 5.01
6612.88 4.71
6679.01 4.34
6745.8 4.01
6813.26 3.74
6881.39 3.65
6950.21 3.47
7019.71 3.37
7089.91 3.23
7160.81 3.19
7232.41 3.06
7304.74 2.97
7377.79 2.96
7451.56 2.93
7526.08 2.71
7601.34 2.36
7677.35 1.81
7754.13 1.24
7831.67 0.62
7909.98 0.07
7989.08 -0.48
8068.98 -1.14
8149.67 -2.11
8231.16 -3.74
8313.47 -6.44
8396.61 -10.62
8480.57 -14
8565.38 -11.99
8651.03 -7.7
8737.54 -4.55
8824.92 -3.16
8913.17 -2.3
9002.3 -1.51
9092.32 -0.71
9183.25 0.18
9275.08 1.06
9367.83 1.81
9461.51 2.4
9556.12 2.77
9651.68 3.1
9748.2 2.99
9845.68 2.29
9944.14 1.04
10043.58 -0.6
10144.02 -2.34
10245.46 -3.96
10347.91 -5.29
10451.39 -6.13
10555.91 -6.46
10661.46 -6.41
10768.08 -6.25
10875.76 -5.93
10984.52 -5.45
11094.36 -4.72
11205.31 -3.9
11317.36 -3.01
11430.53 -2.15
11544.84 -1.21
11660.29 -0.18
11776.89 0.87
11894.66 1.89
12013.6 2.77
12133.74 3.42
12255.08 3.71
12377.63 3.54
12501.41 3
12626.42 2.04
12752.68 0.87
12880.21 -0.39
13009.01 -1.43
13139.1 -2.13
13270.49 -2.44
13403.2 -2.96
13537.23 -3.82
13672.6 -4.93
13809.33 -6.27
13947.42 -7.65
14086.9 -9.14
14227.77 -10.87
14370.04 -12.68
14513.74 -14.42
14658.88 -16.05
14805.47 -17.63
14953.52 -19.54
15103.06 -22.07
15254.09 -24.74
15406.63 -26.06
15560.7 -24.85
15716.3 -22.79
15873.47 -20.84
16032.2 -18.67
16192.52 -16.31
16354.45 -13.77
16517.99 -11.42
16683.17 -9.57
16850.01 -8.11
17018.51 -6.89
17188.69 -5.95
17360.58 -5.22
17534.18 -5.05
17709.53 -5.48
17886.62 -6.19
18065.49 -6.86
18246.14 -7.34
18428.6 -7.5
18612.89 -7.52
18799.02 -7.33
18987.01 -7.15
19176.88 -7.43
19368.65 -8.03
19562.33 -8.68
19757.96 -8.67
19955.54 -7.59