20 2.51
20.2 2.56
20.4 2.6
20.61 2.65
20.81 2.7
21.02 2.75
21.23 2.85
21.44 2.94
21.66 3.04
21.87 3.13
22.09 3.21
22.31 3.26
22.54 3.31
22.76 3.37
22.99 3.42
23.22 3.47
23.45 3.53
23.69 3.58
23.92 3.63
24.16 3.69
24.4 3.74
24.65 3.79
24.89 3.85
25.14 3.92
25.39 4
25.65 4.08
25.91 4.16
26.16 4.21
26.43 4.25
26.69 4.29
26.96 4.32
27.23 4.38
27.5 4.45
27.77 4.51
28.05 4.57
28.33 4.64
28.62 4.7
28.9 4.77
29.19 4.83
29.48 4.9
29.78 4.96
30.08 5.02
30.38 5.07
30.68 5.12
30.99 5.17
31.3 5.19
31.61 5.21
31.93 5.23
32.24 5.3
32.57 5.37
32.89 5.45
33.22 5.52
33.55 5.6
33.89 5.67
34.23 5.7
34.57 5.7
34.92 5.7
35.27 5.76
35.62 5.84
35.97 5.92
36.33 5.94
36.7 5.95
37.06 5.97
37.43 6.04
37.81 6.11
38.19 6.19
38.57 6.28
38.95 6.37
39.34 6.38
39.74 6.38
40.14 6.38
40.54 6.38
40.94 6.38
41.35 6.46
41.76 6.56
42.18 6.61
42.6 6.61
43.03 6.62
43.46 6.72
43.9 6.82
44.33 6.84
44.78 6.84
45.23 6.85
45.68 6.88
46.13 6.92
46.6 7
47.06 7.07
47.53 7.07
48.01 7.07
48.49 7.07
48.97 7.07
49.46 7.17
49.96 7.28
50.46 7.29
50.96 7.29
51.47 7.29
51.99 7.29
52.51 7.29
53.03 7.3
53.56 7.42
54.1 7.52
54.64 7.52
55.18 7.52
55.74 7.52
56.29 7.52
56.86 7.52
57.42 7.52
58 7.52
58.58 7.65
59.16 7.75
59.76 7.75
60.35 7.75
60.96 7.75
61.57 7.75
62.18 7.75
62.8 7.75
63.43 7.75
64.07 7.75
64.71 7.79
65.35 7.86
66.01 7.98
66.67 7.98
67.33 7.98
68.01 7.98
68.69 7.98
69.37 7.98
70.07 7.98
70.77 7.98
71.48 7.98
72.19 7.98
72.91 7.98
73.64 7.98
74.38 7.98
75.12 7.99
75.87 8.03
76.63 8.15
77.4 8.21
78.17 8.21
78.95 8.21
79.74 8.21
80.54 8.21
81.35 8.21
82.16 8.21
82.98 8.21
83.81 8.21
84.65 8.21
85.5 8.21
86.35 8.21
87.22 8.21
88.09 8.21
88.97 8.21
89.86 8.21
90.76 8.21
91.66 8.21
92.58 8.21
93.51 8.21
94.44 8.21
95.39 8.21
96.34 8.21
97.3 8.21
98.28 8.21
99.26 8.21
100.25 8.21
101.25 8.21
102.27 8.21
103.29 8.21
104.32 8.21
105.37 8.21
106.42 8.21
107.48 8.21
108.56 8.21
109.64 8.21
110.74 8.21
111.85 8.21
112.97 8.21
114.1 8.21
115.24 8.21
116.39 8.21
117.55 8.21
118.73 8.21
119.92 8.2
121.12 7.98
122.33 7.98
123.55 7.98
124.79 7.98
126.03 7.98
127.29 7.98
128.57 7.98
129.85 7.98
131.15 7.98
132.46 7.98
133.79 7.98
135.12 7.98
136.48 7.98
137.84 7.98
139.22 7.86
140.61 7.76
142.02 7.75
143.44 7.75
144.87 7.75
146.32 7.75
147.78 7.75
149.26 7.75
150.75 7.75
152.26 7.75
153.78 7.75
155.32 7.7
156.88 7.54
158.44 7.52
160.03 7.52
161.63 7.52
163.24 7.52
164.88 7.52
166.53 7.48
168.19 7.36
169.87 7.29
171.57 7.29
173.29 7.29
175.02 7.29
176.77 7.29
178.54 7.29
180.32 7.22
182.13 7.12
183.95 7.07
185.79 7.07
187.65 7.07
189.52 7.07
191.42 7.01
193.33 6.89
195.27 6.84
197.22 6.84
199.19 6.83
201.18 6.7
203.19 6.61
205.23 6.61
207.28 6.61
209.35 6.61
211.44 6.61
213.56 6.45
215.69 6.38
217.85 6.38
220.03 6.38
222.23 6.38
224.45 6.27
226.7 6.16
228.96 6.15
231.25 6.15
233.57 6.12
235.9 5.94
238.26 5.93
240.64 5.93
243.05 5.77
245.48 5.7
247.93 5.7
250.41 5.7
252.92 5.65
255.45 5.5
258 5.47
260.58 5.47
263.19 5.47
265.82 5.47
268.48 5.47
271.16 5.47
273.87 5.55
276.61 5.68
279.38 5.7
282.17 5.7
284.99 5.7
287.84 5.7
290.72 5.7
293.63 5.59
296.57 5.48
299.53 5.47
302.53 5.47
305.55 5.47
308.61 5.47
311.69 5.47
314.81 5.33
317.96 5.25
321.14 5.24
324.35 5.24
327.59 5.21
330.87 5.06
334.18 5.01
337.52 5.01
340.9 5.01
344.3 4.84
347.75 4.79
351.23 4.79
354.74 4.69
358.28 4.58
361.87 4.56
365.49 4.39
369.14 4.34
372.83 4.33
376.56 4.33
380.33 4.24
384.13 4.13
387.97 4.1
391.85 4.09
395.77 3.94
399.73 3.87
403.72 3.87
407.76 3.87
411.84 3.74
415.96 3.66
420.12 3.65
424.32 3.63
428.56 3.48
432.85 3.42
437.18 3.42
441.55 3.42
445.96 3.26
450.42 3.19
454.93 3.19
459.48 3.19
464.07 3.1
468.71 2.99
473.4 2.96
478.13 2.96
482.91 2.79
487.74 2.74
492.62 2.65
497.55 2.54
502.52 2.51
507.55 2.51
512.62 2.51
517.75 2.47
522.93 2.32
528.16 2.28
533.44 2.16
538.77 2.07
544.16 2.05
549.6 2.05
555.1 2.03
560.65 1.86
566.25 1.82
571.92 1.82
577.64 1.82
583.41 1.82
589.25 1.66
595.14 1.6
601.09 1.53
607.1 1.39
613.17 1.37
619.3 1.37
625.5 1.37
631.75 1.35
638.07 1.17
644.45 1.14
650.89 1.14
657.4 1.14
663.98 0.98
670.62 0.92
677.32 0.91
684.1 0.91
690.94 0.83
697.85 0.7
704.83 0.68
711.87 0.68
718.99 0.68
726.18 0.68
733.44 0.61
740.78 0.48
748.19 0.46
755.67 0.46
763.23 0.46
770.86 0.46
778.57 0.41
786.35 0.26
794.22 0.23
802.16 0.23
810.18 0.23
818.28 0.23
826.46 0.23
834.73 0.23
843.08 0.23
851.51 0.23
860.02 0.09
868.62 0.01
877.31 0
886.08 0
894.94 0
903.89 0
912.93 0
922.06 0
931.28 0
940.59 0
950 0
959.5 0
969.09 0
978.78 0
988.57 0
998.46 0
1008.44 0
1018.53 0
1028.71 0
1039 0
1049.39 0
1059.88 0
1070.48 0
1081.19 0
1092 0
1102.92 0
1113.95 0
1125.09 -0.15
1136.34 -0.22
1147.7 -0.23
1159.18 -0.18
1170.77 -0.03
1182.48 0.1
1194.3 0.21
1206.25 0.23
1218.31 0.23
1230.49 0.23
1242.8 0.23
1255.22 0.23
1267.78 0.23
1280.45 0.23
1293.26 0.23
1306.19 0.23
1319.25 0.23
1332.45 0.23
1345.77 0.23
1359.23 0.23
1372.82 0.23
1386.55 0.23
1400.41 0.23
1414.42 0.23
1428.56 0.23
1442.85 0.32
1457.28 0.43
1471.85 0.46
1486.57 0.63
1501.43 0.68
1516.45 0.68
1531.61 0.77
1546.93 0.99
1562.4 1.12
1578.02 1.14
1593.8 1.15
1609.74 1.33
1625.84 1.37
1642.1 1.37
1658.52 1.48
1675.1 1.58
1691.85 1.6
1708.77 1.77
1725.86 1.82
1743.12 1.82
1760.55 1.82
1778.15 1.95
1795.94 2.03
1813.9 2.05
1832.03 2.07
1850.36 2.24
1868.86 2.28
1887.55 2.28
1906.42 2.28
1925.49 2.44
1944.74 2.51
1964.19 2.51
1983.83 2.56
2003.67 2.71
2023.71 2.74
2043.94 2.88
2064.38 2.95
2085.03 2.96
2105.88 3.01
2126.94 3.15
2148.2 3.19
2169.69 3.31
2191.38 3.4
2213.3 3.42
2235.43 3.44
2257.78 3.6
2280.36 3.72
2303.17 3.84
2326.2 3.87
2349.46 4.03
2372.95 4.1
2396.68 4.28
2420.65 4.33
2444.86 4.42
2469.31 4.53
2494 4.7
2518.94 4.78
2544.13 4.96
2569.57 5.05
2595.27 5.27
2621.22 5.44
2647.43 5.59
2673.9 5.68
2700.64 5.87
2727.65 5.95
2754.93 6.16
2782.48 6.34
2810.3 6.38
2838.4 6.38
2866.79 6.54
2895.46 6.6
2924.41 6.82
2953.65 7.03
2983.19 7.07
3013.02 7.07
3043.15 7.2
3073.58 7.28
3104.32 7.31
3135.36 7.48
3166.72 7.52
3198.38 7.52
3230.37 7.64
3262.67 7.73
3295.3 7.75
3328.25 7.75
3361.53 7.75
3395.15 7.75
3429.1 7.75
3463.39 7.75
3498.03 7.75
3533.01 7.75
3568.34 7.75
3604.02 7.75
3640.06 7.75
3676.46 7.75
3713.22 7.62
3750.36 7.53
3787.86 7.52
3825.74 7.52
3864 7.52
3902.64 7.52
3941.66 7.41
3981.08 7.31
4020.89 7.29
4061.1 7.29
4101.71 7.29
4142.73 7.29
4184.15 7.29
4226 7.29
4268.26 7.14
4310.94 7.08
4354.05 7.09
4397.59 7.25
4441.56 7.29
4485.98 7.29
4530.84 7.29
4576.15 7.29
4621.91 7.3
4668.13 7.47
4714.81 7.52
4761.96 7.52
4809.58 7.64
4857.67 7.73
4906.25 7.91
4955.31 8.16
5004.87 8.25
5054.91 8.46
5105.46 8.72
5156.52 8.93
5208.08 9.22
5260.16 9.51
5312.77 9.77
5365.89 10.06
5419.55 10.43
5473.75 10.88
5528.49 11.38
5583.77 11.83
5639.61 12.32
5696 12.66
5752.96 13.11
5810.49 13.56
5868.6 14.02
5927.28 14.42
5986.56 14.57
6046.42 14.4
6106.89 14.12
6167.96 13.72
6229.64 13.21
6291.93 12.57
6354.85 11.81
6418.4 11.02
6482.58 10.34
6547.41 9.7
6612.88 9.04
6679.01 8.29
6745.8 7.54
6813.26 6.84
6881.39 6.27
6950.21 5.83
7019.71 5.36
7089.91 4.9
7160.81 4.4
7232.41 3.94
7304.74 3.7
7377.79 3.47
7451.56 3.18
7526.08 2.82
7601.34 2.47
7677.35 2.19
7754.13 2.07
7831.67 1.88
7909.98 1.81
7989.08 1.65
8068.98 1.6
8149.67 1.6
8231.16 1.6
8313.47 1.6
8396.61 1.6
8480.57 1.77
8565.38 1.87
8651.03 2.09
8737.54 2.41
8824.92 2.72
8913.17 3.15
9002.3 3.58
9092.32 4.11
9183.25 4.85
9275.08 5.73
9367.83 6.68
9461.51 7.68
9556.12 8.47
9651.68 9.21
9748.2 9.51
9845.68 8.93
9944.14 7.85
10043.58 6.51
10144.02 5.16
10245.46 3.75
10347.91 2.31
10451.39 0.9
10555.91 -0.43
10661.46 -1.59
10768.08 -2.55
10875.76 -3.39
10984.52 -4.27
11094.36 -5.17
11205.31 -5.98
11317.36 -6.68
11430.53 -7.23
11544.84 -7.76
11660.29 -8.37
11776.89 -8.93
11894.66 -9.52
12013.6 -9.99
12133.74 -10.4
12255.08 -10.64
12377.63 -10.85
12501.41 -11.1
12626.42 -11.37
12752.68 -11.63
12880.21 -11.89
13009.01 -12.05
13139.1 -12.2
13270.49 -12.29
13403.2 -12.31
13537.23 -12.31
13672.6 -12.31
13809.33 -12.31
13947.42 -12.2
14086.9 -12.1
14227.77 -11.84
14370.04 -11.54
14513.74 -11.09
14658.88 -10.64
14805.47 -10.14
14953.52 -9.55
15103.06 -8.77
15254.09 -7.7
15406.63 -6.41
15560.7 -4.91
15716.3 -3.38
15873.47 -1.71
16032.2 -0.14
16192.52 1.1
16354.45 0.73
16517.99 -0.71
16683.17 -2.54
16850.01 -4.29
17018.51 -5.83
17188.69 -7.18
17360.58 -8.41
17534.18 -9.59
17709.53 -10.65
17886.62 -11.53
18065.49 -12.18
18246.14 -12.72
18428.6 -13.17
18612.89 -13.4
18799.02 -13.64
18987.01 -13.86
19176.88 -13.83
19368.65 -13.71
19562.33 -13.49
19757.96 -13.06
19955.54 -12.54