20 0
20.2 0.05
20.4 0.09
20.61 0.14
20.81 0.19
21.02 0.23
21.23 0.28
21.44 0.33
21.66 0.38
21.87 0.43
22.09 0.48
22.31 0.53
22.54 0.58
22.76 0.63
22.99 0.68
23.22 0.68
23.45 0.68
23.69 0.68
23.92 0.68
24.16 0.72
24.4 0.77
24.65 0.83
24.89 0.89
25.14 0.94
25.39 1
25.65 1.06
25.91 1.12
26.16 1.17
26.43 1.21
26.69 1.26
26.96 1.3
27.23 1.32
27.5 1.34
27.77 1.36
28.05 1.38
28.33 1.45
28.62 1.51
28.9 1.58
29.19 1.6
29.48 1.6
29.78 1.6
30.08 1.61
30.38 1.66
30.68 1.7
30.99 1.75
31.3 1.77
31.61 1.79
31.93 1.81
32.24 1.87
32.57 1.94
32.89 2.01
33.22 2.03
33.55 2.04
33.89 2.05
34.23 2.05
34.57 2.05
34.92 2.05
35.27 2.11
35.62 2.19
35.97 2.27
36.33 2.28
36.7 2.28
37.06 2.28
37.43 2.28
37.81 2.28
38.19 2.32
38.57 2.41
38.95 2.5
39.34 2.51
39.74 2.51
40.14 2.51
40.54 2.51
40.94 2.51
41.35 2.51
41.76 2.51
42.18 2.55
42.6 2.65
43.03 2.74
43.46 2.74
43.9 2.74
44.33 2.74
44.78 2.74
45.23 2.74
45.68 2.74
46.13 2.74
46.6 2.74
47.06 2.75
47.53 2.86
48.01 2.96
48.49 2.96
48.97 2.96
49.46 2.96
49.96 2.96
50.46 2.96
50.96 2.96
51.47 2.96
51.99 2.96
52.51 3.08
53.03 3.19
53.56 3.19
54.1 3.19
54.64 3.19
55.18 3.19
55.74 3.19
56.29 3.19
56.86 3.19
57.42 3.19
58 3.19
58.58 3.19
59.16 3.19
59.76 3.19
60.35 3.27
60.96 3.41
61.57 3.42
62.18 3.42
62.8 3.42
63.43 3.42
64.07 3.42
64.71 3.42
65.35 3.42
66.01 3.42
66.67 3.42
67.33 3.42
68.01 3.42
68.69 3.44
69.37 3.53
70.07 3.65
70.77 3.65
71.48 3.65
72.19 3.65
72.91 3.65
73.64 3.65
74.38 3.65
75.12 3.65
75.87 3.65
76.63 3.65
77.4 3.65
78.17 3.65
78.95 3.65
79.74 3.65
80.54 3.73
81.35 3.82
82.16 3.87
82.98 3.87
83.81 3.87
84.65 3.87
85.5 3.87
86.35 3.87
87.22 3.87
88.09 3.87
88.97 3.87
89.86 3.87
90.76 3.87
91.66 3.87
92.58 3.87
93.51 3.87
94.44 3.88
95.39 3.97
96.34 4.1
97.3 4.1
98.28 4.1
99.26 4.1
100.25 4.1
101.25 4.1
102.27 4.1
103.29 4.1
104.32 4.1
105.37 4.1
106.42 4.1
107.48 4.1
108.56 4.1
109.64 4.1
110.74 4.1
111.85 4.1
112.97 4.12
114.1 4.33
115.24 4.33
116.39 4.33
117.55 4.33
118.73 4.33
119.92 4.33
121.12 4.33
122.33 4.33
123.55 4.33
124.79 4.33
126.03 4.33
127.29 4.33
128.57 4.33
129.85 4.33
131.15 4.33
132.46 4.33
133.79 4.47
135.12 4.56
136.48 4.56
137.84 4.56
139.22 4.56
140.61 4.56
142.02 4.56
143.44 4.56
144.87 4.56
146.32 4.56
147.78 4.56
149.26 4.56
150.75 4.56
152.26 4.56
153.78 4.56
155.32 4.56
156.88 4.56
158.44 4.56
160.03 4.56
161.63 4.56
163.24 4.7
164.88 4.79
166.53 4.79
168.19 4.79
169.87 4.79
171.57 4.79
173.29 4.79
175.02 4.79
176.77 4.79
178.54 4.79
180.32 4.79
182.13 4.79
183.95 4.79
185.79 4.79
187.65 4.79
189.52 4.79
191.42 4.79
193.33 4.79
195.27 4.79
197.22 4.79
199.19 4.79
201.18 4.79
203.19 4.79
205.23 4.79
207.28 4.79
209.35 4.79
211.44 4.79
213.56 4.79
215.69 4.79
217.85 4.79
220.03 4.79
222.23 4.79
224.45 4.79
226.7 4.79
228.96 4.79
231.25 4.79
233.57 4.79
235.9 4.79
238.26 4.79
240.64 4.79
243.05 4.79
245.48 4.79
247.93 4.79
250.41 4.79
252.92 4.74
255.45 4.59
258 4.56
260.58 4.56
263.19 4.56
265.82 4.56
268.48 4.56
271.16 4.56
273.87 4.56
276.61 4.56
279.38 4.56
282.17 4.56
284.99 4.51
287.84 4.34
290.72 4.33
293.63 4.33
296.57 4.33
299.53 4.33
302.53 4.33
305.55 4.33
308.61 4.27
311.69 4.12
314.81 4.1
317.96 4.1
321.14 4.1
324.35 4.1
327.59 4.07
330.87 3.92
334.18 3.87
337.52 3.87
340.9 3.87
344.3 3.7
347.75 3.65
351.23 3.65
354.74 3.65
358.28 3.65
361.87 3.65
365.49 3.48
369.14 3.43
372.83 3.42
376.56 3.42
380.33 3.33
384.13 3.22
387.97 3.19
391.85 3.19
395.77 3.19
399.73 3.13
403.72 3
407.76 2.96
411.84 2.96
415.96 2.96
420.12 2.79
424.32 2.74
428.56 2.74
432.85 2.74
437.18 2.63
441.55 2.54
445.96 2.51
450.42 2.51
454.93 2.51
459.48 2.46
464.07 2.31
468.71 2.28
473.4 2.28
478.13 2.28
482.91 2.1
487.74 2.05
492.62 1.97
497.55 1.85
502.52 1.82
507.55 1.82
512.62 1.82
517.75 1.79
522.93 1.64
528.16 1.6
533.44 1.48
538.77 1.39
544.16 1.37
549.6 1.35
555.1 1.18
560.65 1.14
566.25 1.14
571.92 1.14
577.64 1.14
583.41 1.14
589.25 1.14
595.14 1.11
601.09 0.94
607.1 0.91
613.17 0.91
619.3 0.91
625.5 0.74
631.75 0.66
638.07 0.49
644.45 0.46
650.89 0.35
657.4 0.25
663.98 0.07
670.62 0
677.32 -0.22
684.1 -0.41
690.94 -0.46
697.85 -0.46
704.83 -0.59
711.87 -0.67
718.99 -0.68
726.18 -0.68
733.44 -0.68
740.78 -0.68
748.19 -0.68
755.67 -0.68
763.23 -0.68
770.86 -0.68
778.57 -0.68
786.35 -0.68
794.22 -0.68
802.16 -0.68
810.18 -0.68
818.28 -0.68
826.46 -0.68
834.73 -0.68
843.08 -0.68
851.51 -0.68
860.02 -0.54
868.62 -0.47
877.31 -0.46
886.08 -0.46
894.94 -0.46
903.89 -0.46
912.93 -0.46
922.06 -0.46
931.28 -0.28
940.59 -0.23
950 -0.23
959.5 -0.23
969.09 -0.13
978.78 -0.02
988.57 0
998.46 0
1008.44 0.04
1018.53 0.19
1028.71 0.23
1039 0.23
1049.39 0.37
1059.88 0.45
1070.48 0.46
1081.19 0.46
1092 0.52
1102.92 0.65
1113.95 0.68
1125.09 0.83
1136.34 0.9
1147.7 0.91
1159.18 0.96
1170.77 1.11
1182.48 1.14
1194.3 1.14
1206.25 1.29
1218.31 1.36
1230.49 1.39
1242.8 1.55
1255.22 1.6
1267.78 1.6
1280.45 1.73
1293.26 1.81
1306.19 1.84
1319.25 2.01
1332.45 2.05
1345.77 2.05
1359.23 2.17
1372.82 2.26
1386.55 2.28
1400.41 2.45
1414.42 2.51
1428.56 2.51
1442.85 2.6
1457.28 2.71
1471.85 2.74
1486.57 2.91
1501.43 2.99
1516.45 3.15
1531.61 3.19
1546.93 3.29
1562.4 3.4
1578.02 3.42
1593.8 3.43
1609.74 3.61
1625.84 3.71
1642.1 3.84
1658.52 3.87
1675.1 4.02
1691.85 4.09
1708.77 4.27
1725.86 4.38
1743.12 4.52
1760.55 4.56
1778.15 4.69
1795.94 4.77
1813.9 4.96
1832.03 5.04
1850.36 5.2
1868.86 5.32
1887.55 5.55
1906.42 5.68
1925.49 5.85
1944.74 5.92
1964.19 6.1
1983.83 6.15
2003.67 6.24
2023.71 6.46
2043.94 6.73
2064.38 6.83
2085.03 7.02
2105.88 7.12
2126.94 7.33
2148.2 7.49
2169.69 7.64
2191.38 7.73
2213.3 7.92
2235.43 7.99
2257.78 8.16
2280.36 8.28
2303.17 8.51
2326.2 8.64
2349.46 8.82
2372.95 8.89
2396.68 9.07
2420.65 9.17
2444.86 9.39
2469.31 9.54
2494 9.57
2518.94 9.57
2544.13 9.75
2569.57 9.8
2595.27 9.87
2621.22 10
2647.43 10.03
2673.9 10.03
2700.64 10.03
2727.65 10.03
2754.93 10.03
2782.48 10.03
2810.3 10.03
2838.4 10.03
2866.79 10.03
2895.46 10.02
2924.41 9.85
2953.65 9.8
2983.19 9.71
3013.02 9.6
3043.15 9.57
3073.58 9.57
3104.32 9.38
3135.36 9.16
3166.72 9.12
3198.38 9.12
3230.37 9
3262.67 8.91
3295.3 8.72
3328.25 8.64
3361.53 8.43
3395.15 8.25
3429.1 8.21
3463.39 8.21
3498.03 8.06
3533.01 7.98
3568.34 7.8
3604.02 7.75
3640.06 7.67
3676.46 7.55
3713.22 7.52
3750.36 7.52
3787.86 7.34
3825.74 7.29
3864 7.29
3902.64 7.29
3941.66 7.29
3981.08 7.29
4020.89 7.29
4061.1 7.29
4101.71 7.29
4142.73 7.29
4184.15 7.38
4226 7.5
4268.26 7.52
4310.94 7.7
4354.05 7.77
4397.59 7.94
4441.56 8.06
4485.98 8.18
4530.84 8.33
4576.15 8.57
4621.91 8.84
4668.13 9.1
4714.81 9.36
4761.96 9.63
4809.58 9.95
4857.67 10.26
4906.25 10.61
4955.31 10.9
5004.87 11.16
5054.91 11.36
5105.46 11.4
5156.52 11.4
5208.08 11.4
5260.16 11.14
5312.77 10.75
5365.89 10.41
5419.55 10.12
5473.75 9.66
5528.49 9.07
5583.77 8.35
5639.61 7.74
5696 7.13
5752.96 6.55
5810.49 5.91
5868.6 5.26
5927.28 4.6
5986.56 4.03
6046.42 3.5
6106.89 3
6167.96 2.55
6229.64 2.04
6291.93 1.52
6354.85 0.93
6418.4 0.45
6482.58 0.23
6547.41 -0.12
6612.88 -0.51
6679.01 -0.96
6745.8 -1.28
6813.26 -1.51
6881.39 -1.77
6950.21 -2.03
7019.71 -2.32
7089.91 -2.69
7160.81 -3.03
7232.41 -3.31
7304.74 -3.41
7377.79 -3.6
7451.56 -3.68
7526.08 -3.83
7601.34 -3.96
7677.35 -4.19
7754.13 -4.31
7831.67 -4.33
7909.98 -4.35
7989.08 -4.51
8068.98 -4.56
8149.67 -4.46
8231.16 -4.35
8313.47 -4.33
8396.61 -4.33
8480.57 -4.15
8565.38 -4.05
8651.03 -3.83
8737.54 -3.57
8824.92 -3.31
8913.17 -2.96
9002.3 -2.66
9092.32 -2.19
9183.25 -1.64
9275.08 -1
9367.83 -0.35
9461.51 0.24
9556.12 0.85
9651.68 1.52
9748.2 2.36
9845.68 3.13
9944.14 3.76
10043.58 4.18
10144.02 4.01
10245.46 3.63
10347.91 2.74
10451.39 1.74
10555.91 0.61
10661.46 -0.51
10768.08 -1.51
10875.76 -2.44
10984.52 -3.36
11094.36 -4.26
11205.31 -5.07
11317.36 -5.77
11430.53 -6.39
11544.84 -6.95
11660.29 -7.66
11776.89 -8.22
11894.66 -8.33
12013.6 -7.96
12133.74 -7.73
12255.08 -7.74
12377.63 -7.9
12501.41 -7.97
12626.42 -8.16
12752.68 -8.21
12880.21 -8.13
13009.01 -8.01
13139.1 -7.85
13270.49 -7.61
13403.2 -7.25
13537.23 -6.95
13672.6 -6.62
13809.33 -6.42
13947.42 -6.38
14086.9 -6.52
14227.77 -7
14370.04 -7.74
14513.74 -8.54
14658.88 -9.43
14805.47 -10.3
14953.52 -11.17
15103.06 -12.07
15254.09 -13.07
15406.63 -14.03
15560.7 -14.98
15716.3 -15.73
15873.47 -16.4
16032.2 -17.09
16192.52 -17.77
16354.45 -18.43
16517.99 -18.94
16683.17 -19.18
16850.01 -19.34
17018.51 -19.37
17188.69 -19.37
17360.58 -19.21
17534.18 -19.14
17709.53 -18.93
17886.62 -18.67
18065.49 -18.36
18246.14 -17.99
18428.6 -17.45
18612.89 -16.89
18799.02 -16.29
18987.01 -15.84
19176.88 -15.56
19368.65 -15.59
19562.33 -16.02
19757.96 -16.63
19955.54 -17.29