20 4.56
20.2 4.61
20.4 4.65
20.61 4.7
20.81 4.75
21.02 4.79
21.23 4.84
21.44 4.89
21.66 4.94
21.87 4.98
22.09 5.01
22.31 5.03
22.54 5.04
22.76 5.05
22.99 5.06
23.22 5.1
23.45 5.14
23.69 5.18
23.92 5.23
24.16 5.27
24.4 5.32
24.65 5.36
24.89 5.41
25.14 5.44
25.39 5.45
25.65 5.46
25.91 5.47
26.16 5.5
26.43 5.54
26.69 5.59
26.96 5.63
27.23 5.65
27.5 5.67
27.77 5.69
28.05 5.7
28.33 5.7
28.62 5.7
28.9 5.7
29.19 5.74
29.48 5.81
29.78 5.88
30.08 5.93
30.38 5.93
30.68 5.93
30.99 5.93
31.3 5.93
31.61 5.93
31.93 5.93
32.24 5.98
32.57 6.04
32.89 6.11
33.22 6.13
33.55 6.14
33.89 6.15
34.23 6.15
34.57 6.15
34.92 6.15
35.27 6.15
35.62 6.15
35.97 6.15
36.33 6.16
36.7 6.17
37.06 6.19
37.43 6.27
37.81 6.34
38.19 6.38
38.57 6.38
38.95 6.38
39.34 6.38
39.74 6.38
40.14 6.38
40.54 6.38
40.94 6.38
41.35 6.38
41.76 6.38
42.18 6.38
42.6 6.38
43.03 6.39
43.46 6.49
43.9 6.59
44.33 6.61
44.78 6.61
45.23 6.61
45.68 6.61
46.13 6.61
46.6 6.61
47.06 6.61
47.53 6.61
48.01 6.61
48.49 6.61
48.97 6.61
49.46 6.61
49.96 6.61
50.46 6.61
50.96 6.61
51.47 6.61
51.99 6.61
52.51 6.61
53.03 6.61
53.56 6.61
54.1 6.61
54.64 6.61
55.18 6.61
55.74 6.61
56.29 6.61
56.86 6.61
57.42 6.61
58 6.61
58.58 6.61
59.16 6.61
59.76 6.61
60.35 6.61
60.96 6.61
61.57 6.61
62.18 6.61
62.8 6.61
63.43 6.61
64.07 6.61
64.71 6.61
65.35 6.61
66.01 6.61
66.67 6.61
67.33 6.61
68.01 6.61
68.69 6.61
69.37 6.61
70.07 6.61
70.77 6.61
71.48 6.61
72.19 6.61
72.91 6.61
73.64 6.61
74.38 6.61
75.12 6.61
75.87 6.61
76.63 6.61
77.4 6.61
78.17 6.61
78.95 6.61
79.74 6.61
80.54 6.61
81.35 6.61
82.16 6.61
82.98 6.61
83.81 6.61
84.65 6.61
85.5 6.61
86.35 6.61
87.22 6.61
88.09 6.61
88.97 6.61
89.86 6.61
90.76 6.61
91.66 6.61
92.58 6.53
93.51 6.42
94.44 6.38
95.39 6.38
96.34 6.38
97.3 6.38
98.28 6.38
99.26 6.38
100.25 6.38
101.25 6.38
102.27 6.38
103.29 6.38
104.32 6.38
105.37 6.38
106.42 6.38
107.48 6.38
108.56 6.38
109.64 6.38
110.74 6.37
111.85 6.18
112.97 6.15
114.1 6.15
115.24 6.15
116.39 6.15
117.55 6.15
118.73 6.15
119.92 6.15
121.12 6.15
122.33 6.15
123.55 6.15
124.79 6.15
126.03 6
127.29 5.95
128.57 5.93
129.85 5.93
131.15 5.93
132.46 5.93
133.79 5.93
135.12 5.92
136.48 5.87
137.84 5.72
139.22 5.7
140.61 5.7
142.02 5.7
143.44 5.7
144.87 5.7
146.32 5.7
147.78 5.7
149.26 5.7
150.75 5.6
152.26 5.51
153.78 5.47
155.32 5.47
156.88 5.47
158.44 5.47
160.03 5.47
161.63 5.47
163.24 5.33
164.88 5.24
166.53 5.24
168.19 5.24
169.87 5.24
171.57 5.24
173.29 5.24
175.02 5.24
176.77 5.24
178.54 5.06
180.32 5.01
182.13 5.01
183.95 5.01
185.79 5.01
187.65 5.01
189.52 4.84
191.42 4.79
193.33 4.79
195.27 4.79
197.22 4.79
199.19 4.79
201.18 4.79
203.19 4.74
205.23 4.62
207.28 4.56
209.35 4.56
211.44 4.56
213.56 4.56
215.69 4.56
217.85 4.35
220.03 4.33
222.23 4.33
224.45 4.33
226.7 4.33
228.96 4.17
231.25 4.12
233.57 4.1
235.9 4.1
238.26 4.1
240.64 4.1
243.05 3.94
245.48 3.87
247.93 3.87
250.41 3.87
252.92 3.83
255.45 3.68
258 3.65
260.58 3.65
263.19 3.63
265.82 3.44
268.48 3.42
271.16 3.42
273.87 3.42
276.61 3.29
279.38 3.21
282.17 3.19
284.99 3.19
287.84 3.19
290.72 3.12
293.63 2.98
296.57 2.96
299.53 2.79
302.53 2.74
305.55 2.74
308.61 2.74
311.69 2.74
314.81 2.59
317.96 2.52
321.14 2.51
324.35 2.51
327.59 2.51
330.87 2.51
334.18 2.51
337.52 2.51
340.9 2.51
344.3 2.51
347.75 2.51
351.23 2.51
354.74 2.51
358.28 2.51
361.87 2.51
365.49 2.34
369.14 2.29
372.83 2.28
376.56 2.28
380.33 2.28
384.13 2.28
387.97 2.13
391.85 2.06
395.77 2.05
399.73 2.05
403.72 1.97
407.76 1.85
411.84 1.82
415.96 1.82
420.12 1.82
424.32 1.8
428.56 1.66
432.85 1.6
437.18 1.6
441.55 1.6
445.96 1.44
450.42 1.37
454.93 1.37
459.48 1.37
464.07 1.37
468.71 1.37
473.4 1.23
478.13 1.15
482.91 1.14
487.74 1.14
492.62 1.06
497.55 0.94
502.52 0.91
507.55 0.91
512.62 0.91
517.75 0.91
522.93 0.85
528.16 0.71
533.44 0.68
538.77 0.68
544.16 0.68
549.6 0.68
555.1 0.66
560.65 0.5
566.25 0.46
571.92 0.46
577.64 0.46
583.41 0.45
589.25 0.29
595.14 0.23
601.09 0.23
607.1 0.23
613.17 0.23
619.3 0.23
625.5 0.23
631.75 0.21
638.07 0.03
644.45 0
650.89 0
657.4 0
663.98 0
670.62 -0.01
677.32 -0.18
684.1 -0.23
690.94 -0.23
697.85 -0.23
704.83 -0.37
711.87 -0.45
718.99 -0.46
726.18 -0.46
733.44 -0.46
740.78 -0.46
748.19 -0.46
755.67 -0.46
763.23 -0.46
770.86 -0.46
778.57 -0.46
786.35 -0.46
794.22 -0.46
802.16 -0.46
810.18 -0.46
818.28 -0.46
826.46 -0.46
834.73 -0.46
843.08 -0.46
851.51 -0.46
860.02 -0.46
868.62 -0.46
877.31 -0.46
886.08 -0.46
894.94 -0.38
903.89 -0.26
912.93 -0.23
922.06 -0.23
931.28 -0.23
940.59 -0.23
950 -0.23
959.5 -0.23
969.09 -0.13
978.78 -0.02
988.57 0
998.46 0
1008.44 0
1018.53 0
1028.71 0.08
1039 0.21
1049.39 0.23
1059.88 0.23
1070.48 0.23
1081.19 0.23
1092 0.29
1102.92 0.43
1113.95 0.46
1125.09 0.46
1136.34 0.46
1147.7 0.63
1159.18 0.68
1170.77 0.68
1182.48 0.68
1194.3 0.68
1206.25 0.83
1218.31 0.9
1230.49 0.91
1242.8 0.91
1255.22 0.99
1267.78 1.11
1280.45 1.14
1293.26 1.14
1306.19 1.14
1319.25 1.14
1332.45 1.2
1345.77 1.33
1359.23 1.37
1372.82 1.37
1386.55 1.37
1400.41 1.54
1414.42 1.6
1428.56 1.6
1442.85 1.6
1457.28 1.73
1471.85 1.81
1486.57 1.82
1501.43 1.82
1516.45 1.82
1531.61 1.91
1546.93 2.03
1562.4 2.05
1578.02 2.22
1593.8 2.29
1609.74 2.47
1625.84 2.51
1642.1 2.51
1658.52 2.62
1675.1 2.86
1691.85 2.95
1708.77 3.13
1725.86 3.19
1743.12 3.19
1760.55 3.19
1778.15 3.32
1795.94 3.4
1813.9 3.42
1832.03 3.42
1850.36 3.42
1868.86 3.42
1887.55 3.42
1906.42 3.42
1925.49 3.42
1944.74 3.42
1964.19 3.42
1983.83 3.42
2003.67 3.42
2023.71 3.42
2043.94 3.42
2064.38 3.42
2085.03 3.42
2105.88 3.42
2126.94 3.42
2148.2 3.42
2169.69 3.54
2191.38 3.63
2213.3 3.65
2235.43 3.65
2257.78 3.65
2280.36 3.65
2303.17 3.75
2326.2 3.85
2349.46 3.87
2372.95 3.88
2396.68 4.05
2420.65 4.1
2444.86 4.1
2469.31 4.1
2494 4.24
2518.94 4.32
2544.13 4.33
2569.57 4.37
2595.27 4.52
2621.22 4.56
2647.43 4.68
2673.9 4.77
2700.64 4.96
2727.65 5.01
2754.93 5.06
2782.48 5.2
2810.3 5.24
2838.4 5.24
2866.79 5.4
2895.46 5.47
2924.41 5.65
2953.65 5.7
2983.19 5.79
3013.02 5.9
3043.15 6.06
3073.58 6.14
3104.32 6.17
3135.36 6.34
3166.72 6.45
3198.38 6.58
3230.37 6.72
3262.67 6.82
3295.3 6.84
3328.25 6.86
3361.53 7.06
3395.15 7.25
3429.1 7.39
3463.39 7.5
3498.03 7.52
3533.01 7.52
3568.34 7.72
3604.02 7.94
3640.06 8.06
3676.46 8.18
3713.22 8.34
3750.36 8.42
3787.86 8.44
3825.74 8.61
3864 8.72
3902.64 8.86
3941.66 9
3981.08 9.1
4020.89 9.12
4061.1 9.29
4101.71 9.39
4142.73 9.53
4184.15 9.57
4226 9.57
4268.26 9.72
4310.94 9.79
4354.05 9.8
4397.59 9.8
4441.56 9.88
4485.98 10
4530.84 10.03
4576.15 10.03
4621.91 10.03
4668.13 10.03
4714.81 9.97
4761.96 9.83
4809.58 9.8
4857.67 9.8
4906.25 9.64
4955.31 9.39
5004.87 9.3
5054.91 9.16
5105.46 9.02
5156.52 8.79
5208.08 8.53
5260.16 8.27
5312.77 8.01
5365.89 7.8
5419.55 7.63
5473.75 7.3
5528.49 6.97
5583.77 6.7
5639.61 6.61
5696 6.4
5752.96 6.14
5810.49 5.88
5868.6 5.61
5927.28 5.35
5986.56 5.09
6046.42 4.84
6106.89 4.75
6167.96 4.53
6229.64 4.27
6291.93 4.12
6354.85 3.96
6418.4 3.71
6482.58 3.47
6547.41 3.42
6612.88 3.34
6679.01 3.22
6745.8 3.07
6813.26 2.83
6881.39 2.75
6950.21 2.74
7019.71 2.74
7089.91 2.74
7160.81 2.74
7232.41 2.74
7304.74 2.74
7377.79 2.74
7451.56 2.77
7526.08 2.92
7601.34 2.96
7677.35 3.08
7754.13 3.17
7831.67 3.36
7909.98 3.43
7989.08 3.63
8068.98 3.85
8149.67 4.16
8231.16 4.43
8313.47 4.69
8396.61 5.05
8480.57 5.43
8565.38 5.82
8651.03 6.18
8737.54 6.46
8824.92 6.46
8913.17 6.24
9002.3 5.79
9092.32 5.23
9183.25 4.5
9275.08 3.67
9367.83 2.77
9461.51 1.92
9556.12 1.12
9651.68 0.42
9748.2 -0.42
9845.68 -1.23
9944.14 -2.02
10043.58 -2.68
10144.02 -3.23
10245.46 -3.75
10347.91 -4.37
10451.39 -5.03
10555.91 -5.65
10661.46 -6.19
10768.08 -6.58
10875.76 -6.78
10984.52 -7.2
11094.36 -7.61
11205.31 -7.97
11317.36 -8.26
11430.53 -8.52
11544.84 -8.78
11660.29 -9.04
11776.89 -9.3
11894.66 -9.57
12013.6 -9.83
12133.74 -10.09
12255.08 -10.24
12377.63 -10.26
12501.41 -10.26
12626.42 -10.43
12752.68 -10.53
12880.21 -10.67
13009.01 -10.71
13139.1 -10.71
13270.49 -10.71
13403.2 -10.53
13537.23 -10.28
13672.6 -10.01
13809.33 -9.75
13947.42 -9.49
14086.9 -9.16
14227.77 -8.78
14370.04 -8.29
14513.74 -7.77
14658.88 -7.24
14805.47 -6.72
14953.52 -6.2
15103.06 -5.45
15254.09 -4.65
15406.63 -3.59
15560.7 -2.59
15716.3 -1.6
15873.47 -0.62
16032.2 0.61
16192.52 2.02
16354.45 3.45
16517.99 4.63
16683.17 5.2
16850.01 5
17018.51 4.41
17188.69 3.51
17360.58 2.41
17534.18 1.23
17709.53 0.07
17886.62 -0.94
18065.49 -1.76
18246.14 -2.49
18428.6 -3.3
18612.89 -4.03
18799.02 -4.8
18987.01 -5.54
19176.88 -6.18
19368.65 -6.83
19562.33 -7.57
19757.96 -8.3
19955.54 -9.06