20 -15.04
20.2 -14.95
20.4 -14.86
20.61 -14.76
20.81 -14.67
21.02 -14.58
21.23 -14.43
21.44 -14.28
21.66 -14.13
21.87 -13.99
22.09 -13.85
22.31 -13.74
22.54 -13.63
22.76 -13.52
22.99 -13.41
23.22 -13.26
23.45 -13.11
23.69 -12.96
23.92 -12.81
24.16 -12.69
24.4 -12.59
24.65 -12.49
24.89 -12.38
25.14 -12.29
25.39 -12.2
25.65 -12.11
25.91 -12.02
26.16 -11.9
26.43 -11.76
26.69 -11.62
26.96 -11.48
27.23 -11.4
27.5 -11.32
27.77 -11.24
28.05 -11.17
28.33 -11.1
28.62 -11.03
28.9 -10.96
29.19 -10.85
29.48 -10.72
29.78 -10.58
30.08 -10.45
30.38 -10.34
30.68 -10.22
30.99 -10.11
31.3 -10.01
31.61 -9.92
31.93 -9.82
32.24 -9.75
32.57 -9.68
32.89 -9.61
33.22 -9.53
33.55 -9.45
33.89 -9.37
34.23 -9.25
34.57 -9.12
34.92 -8.99
35.27 -8.88
35.62 -8.78
35.97 -8.68
36.33 -8.59
36.7 -8.5
37.06 -8.41
37.43 -8.31
37.81 -8.21
38.19 -8.13
38.57 -8.06
38.95 -7.99
39.34 -7.97
39.74 -7.96
40.14 -7.92
40.54 -7.84
40.94 -7.76
41.35 -7.67
41.76 -7.57
42.18 -7.52
42.6 -7.52
43.03 -7.51
43.46 -7.41
43.9 -7.31
44.33 -7.22
44.78 -7.12
45.23 -7.05
45.68 -7.02
46.13 -6.98
46.6 -6.9
47.06 -6.83
47.53 -6.72
48.01 -6.61
48.49 -6.61
48.97 -6.61
49.46 -6.61
49.96 -6.61
50.46 -6.59
50.96 -6.56
51.47 -6.47
51.99 -6.38
52.51 -6.38
53.03 -6.37
53.56 -6.25
54.1 -6.15
54.64 -6.15
55.18 -6.15
55.74 -6.15
56.29 -6.09
56.86 -5.96
57.42 -5.83
58 -5.7
58.58 -5.7
59.16 -5.66
59.76 -5.53
60.35 -5.48
60.96 -5.47
61.57 -5.47
62.18 -5.47
62.8 -5.47
63.43 -5.47
64.07 -5.47
64.71 -5.47
65.35 -5.47
66.01 -5.47
66.67 -5.32
67.33 -5.21
68.01 -5.14
68.69 -5.05
69.37 -5.01
70.07 -4.99
70.77 -4.84
71.48 -4.68
72.19 -4.56
72.91 -4.56
73.64 -4.41
74.38 -4.33
75.12 -4.33
75.87 -4.33
76.63 -4.33
77.4 -4.33
78.17 -4.33
78.95 -4.33
79.74 -4.33
80.54 -4.33
81.35 -4.33
82.16 -4.33
82.98 -4.33
83.81 -4.33
84.65 -4.33
85.5 -4.33
86.35 -4.33
87.22 -4.33
88.09 -4.33
88.97 -4.33
89.86 -4.18
90.76 -4.11
91.66 -4.1
92.58 -4.1
93.51 -4.1
94.44 -4.1
95.39 -4.1
96.34 -4.07
97.3 -3.96
98.28 -3.87
99.26 -3.87
100.25 -3.87
101.25 -3.87
102.27 -3.87
103.29 -3.87
104.32 -3.87
105.37 -3.87
106.42 -3.87
107.48 -3.78
108.56 -3.66
109.64 -3.65
110.74 -3.65
111.85 -3.65
112.97 -3.65
114.1 -3.65
115.24 -3.65
116.39 -3.65
117.55 -3.65
118.73 -3.65
119.92 -3.65
121.12 -3.65
122.33 -3.65
123.55 -3.65
124.79 -3.65
126.03 -3.65
127.29 -3.65
128.57 -3.65
129.85 -3.65
131.15 -3.65
132.46 -3.65
133.79 -3.51
135.12 -3.42
136.48 -3.42
137.84 -3.42
139.22 -3.42
140.61 -3.42
142.02 -3.42
143.44 -3.42
144.87 -3.42
146.32 -3.42
147.78 -3.42
149.26 -3.42
150.75 -3.42
152.26 -3.43
153.78 -3.57
155.32 -3.64
156.88 -3.65
158.44 -3.65
160.03 -3.65
161.63 -3.65
163.24 -3.65
164.88 -3.65
166.53 -3.69
168.19 -3.8
169.87 -3.93
171.57 -4.07
173.29 -4.24
175.02 -4.33
176.77 -4.52
178.54 -4.56
180.32 -4.56
182.13 -4.56
183.95 -4.47
185.79 -4.34
187.65 -4.33
189.52 -4.15
191.42 -4.1
193.33 -4.1
195.27 -4.1
197.22 -4.1
199.19 -4.1
201.18 -4.1
203.19 -4.06
205.23 -3.93
207.28 -3.87
209.35 -3.87
211.44 -3.87
213.56 -3.87
215.69 -3.87
217.85 -3.87
220.03 -3.87
222.23 -3.87
224.45 -3.87
226.7 -3.87
228.96 -4.03
231.25 -4.08
233.57 -4.1
235.9 -4.1
238.26 -3.99
240.64 -3.89
243.05 -3.87
245.48 -3.87
247.93 -3.87
250.41 -3.87
252.92 -3.87
255.45 -3.87
258 -3.87
260.58 -3.87
263.19 -3.87
265.82 -3.87
268.48 -3.87
271.16 -3.87
273.87 -3.87
276.61 -3.87
279.38 -3.87
282.17 -3.87
284.99 -3.93
287.84 -4.09
290.72 -4.1
293.63 -4.1
296.57 -4.1
299.53 -4.1
302.53 -4.1
305.55 -4.1
308.61 -4.1
311.69 -4.1
314.81 -4.1
317.96 -4.1
321.14 -4.11
324.35 -4.28
327.59 -4.33
330.87 -4.33
334.18 -4.33
337.52 -4.33
340.9 -4.33
344.3 -4.33
347.75 -4.33
351.23 -4.33
354.74 -4.33
358.28 -4.33
361.87 -4.33
365.49 -4.17
369.14 -4.11
372.83 -4.1
376.56 -4.1
380.33 -4.1
384.13 -4.1
387.97 -4.1
391.85 -4.1
395.77 -4.1
399.73 -4.1
403.72 -4.1
407.76 -4.1
411.84 -4.1
415.96 -4.1
420.12 -4.1
424.32 -4.08
428.56 -3.93
432.85 -3.87
437.18 -3.87
441.55 -3.87
445.96 -3.87
450.42 -3.87
454.93 -3.87
459.48 -3.87
464.07 -3.87
468.71 -3.87
473.4 -3.73
478.13 -3.66
482.91 -3.65
487.74 -3.65
492.62 -3.65
497.55 -3.65
502.52 -3.52
507.55 -3.43
512.62 -3.42
517.75 -3.38
522.93 -3.23
528.16 -3.19
533.44 -3.07
538.77 -2.98
544.16 -2.96
549.6 -2.96
555.1 -2.94
560.65 -2.78
566.25 -2.74
571.92 -2.74
577.64 -2.74
583.41 -2.74
589.25 -2.74
595.14 -2.77
601.09 -3
607.1 -3.17
613.17 -3.06
619.3 -2.97
625.5 -2.96
631.75 -2.94
638.07 -2.72
644.45 -2.55
650.89 -2.51
657.4 -2.51
663.98 -2.35
670.62 -2.29
677.32 -2.28
684.1 -2.28
690.94 -2.2
697.85 -2.07
704.83 -2.05
711.87 -2.05
718.99 -2.05
726.18 -2.05
733.44 -1.98
740.78 -1.84
748.19 -1.82
755.67 -1.82
763.23 -1.65
770.86 -1.6
778.57 -1.55
786.35 -1.4
794.22 -1.37
802.16 -1.37
810.18 -1.21
818.28 -1.14
826.46 -1.11
834.73 -0.96
843.08 -0.91
851.51 -0.91
860.02 -0.91
868.62 -0.91
877.31 -0.9
886.08 -0.73
894.94 -0.68
903.89 -0.68
912.93 -0.56
922.06 -0.48
931.28 -0.46
940.59 -0.29
950 -0.23
959.5 -0.23
969.09 -0.13
978.78 -0.02
988.57 0
998.46 0
1008.44 0.04
1018.53 0.19
1028.71 0.23
1039 0.23
1049.39 0.37
1059.88 0.45
1070.48 0.46
1081.19 0.46
1092 0.52
1102.92 0.65
1113.95 0.68
1125.09 0.83
1136.34 0.9
1147.7 0.91
1159.18 0.96
1170.77 1.11
1182.48 1.24
1194.3 1.35
1206.25 1.37
1218.31 1.55
1230.49 1.62
1242.8 1.77
1255.22 1.82
1267.78 1.82
1280.45 1.95
1293.26 2.2
1306.19 2.28
1319.25 2.28
1332.45 2.34
1345.77 2.47
1359.23 2.62
1372.82 2.86
1386.55 2.95
1400.41 3.13
1414.42 3.19
1428.56 3.19
1442.85 3.29
1457.28 3.4
1471.85 3.42
1486.57 3.6
1501.43 3.65
1516.45 3.65
1531.61 3.73
1546.93 3.85
1562.4 3.87
1578.02 4.04
1593.8 4.1
1609.74 4.1
1625.84 4.1
1642.1 4.1
1658.52 4.1
1675.1 4.1
1691.85 4.1
1708.77 4.1
1725.86 4.15
1743.12 4.36
1760.55 4.63
1778.15 4.88
1795.94 5.15
1813.9 5.41
1832.03 5.67
1850.36 5.91
1868.86 6.14
1887.55 6.44
1906.42 6.59
1925.49 6.77
1944.74 6.84
1964.19 7.02
1983.83 7.12
2003.67 7.34
2023.71 7.49
2043.94 7.66
2064.38 7.74
2085.03 7.76
2105.88 7.9
2126.94 8.22
2148.2 8.4
2169.69 8.56
2191.38 8.65
2213.3 8.83
2235.43 8.9
2257.78 9.07
2280.36 9.19
2303.17 9.42
2326.2 9.55
2349.46 9.73
2372.95 9.98
2396.68 10.22
2420.65 10.44
2444.86 10.66
2469.31 10.71
2494 10.71
2518.94 10.71
2544.13 10.71
2569.57 10.71
2595.27 10.78
2621.22 10.91
2647.43 10.94
2673.9 10.94
2700.64 11.12
2727.65 11.19
2754.93 11.4
2782.48 11.58
2810.3 11.62
2838.4 11.62
2866.79 11.78
2895.46 11.84
2924.41 11.85
2953.65 11.85
2983.19 11.85
3013.02 11.85
3043.15 11.85
3073.58 11.85
3104.32 11.85
3135.36 11.85
3166.72 11.85
3198.38 11.85
3230.37 11.85
3262.67 11.85
3295.3 11.85
3328.25 11.83
3361.53 11.62
3395.15 11.44
3429.1 11.3
3463.39 11.07
3498.03 10.8
3533.01 10.55
3568.34 10.64
3604.02 10.52
3640.06 10.4
3676.46 10.18
3713.22 9.92
3750.36 9.65
3787.86 9.4
3825.74 9.52
3864 9.51
3902.64 9.37
3941.66 9.23
3981.08 9.14
4020.89 9.12
4061.1 8.94
4101.71 8.84
4142.73 8.7
4184.15 8.57
4226 8.45
4268.26 8.28
4310.94 8.04
4354.05 7.98
4397.59 7.98
4441.56 8.09
4485.98 8.43
4530.84 9.02
4576.15 9.62
4621.91 10.24
4668.13 10.67
4714.81 10.84
4761.96 10.66
4809.58 10.17
4857.67 9.51
4906.25 8.76
4955.31 8.1
5004.87 7.76
5054.91 7.49
5105.46 7.23
5156.52 7.15
5208.08 7.46
5260.16 7.79
5312.77 8.25
5365.89 8.69
5419.55 9.2
5473.75 9.72
5528.49 10.18
5583.77 10.58
5639.61 10.7
5696 10.53
5752.96 10.43
5810.49 10.17
5868.6 9.79
5927.28 9.4
5986.56 9.17
6046.42 8.84
6106.89 8.44
6167.96 8.02
6229.64 7.56
6291.93 6.97
6354.85 6.37
6418.4 5.58
6482.58 4.95
6547.41 4.25
6612.88 3.57
6679.01 2.76
6745.8 1.97
6813.26 1.18
6881.39 0.75
6950.21 0.53
7019.71 0.69
7089.91 1.34
7160.81 2.28
7232.41 3.31
7304.74 4.28
7377.79 5.11
7451.56 6.01
7526.08 6.92
7601.34 7.75
7677.35 8.37
7754.13 8.77
7831.67 9.05
7909.98 9.13
7989.08 9.29
8068.98 9.27
8149.67 9.15
8231.16 9.12
8313.47 8.97
8396.61 8.9
8480.57 8.71
8565.38 8.66
8651.03 8.66
8737.54 8.66
8824.92 8.53
8913.17 8.44
9002.3 8.26
9092.32 8.17
9183.25 7.96
9275.08 7.7
9367.83 7.43
9461.51 7.31
9556.12 7.46
9651.68 7.68
9748.2 7.57
9845.68 7.52
9944.14 7.61
10043.58 7.85
10144.02 7.96
10245.46 7.8
10347.91 7.14
10451.39 6.36
10555.91 5.57
10661.46 4.89
10768.08 4.41
10875.76 3.92
10984.52 3.41
11094.36 2.93
11205.31 2.85
11317.36 3.15
11430.53 3.49
11544.84 3.63
11660.29 3.07
11776.89 2.08
11894.66 0.72
12013.6 -0.66
12133.74 -2.01
12255.08 -3.66
12377.63 -5.91
12501.41 -8.83
12626.42 -10.35
12752.68 -7.44
12880.21 -3.05
13009.01 -0.01
13139.1 1.09
13270.49 1.42
13403.2 1.84
13537.23 2.46
13672.6 3.08
13809.33 3.59
13947.42 3.67
14086.9 3.36
14227.77 2.8
14370.04 2.25
14513.74 1.66
14658.88 1.28
14805.47 1.16
14953.52 1.14
15103.06 0.64
15254.09 -0.82
15406.63 -3.44
15560.7 -6.45
15716.3 -8.97
15873.47 -10.42
16032.2 -11.01
16192.52 -11.91
16354.45 -13.06
16517.99 -12.29
16683.17 -10.92
16850.01 -9.91
17018.51 -9.68
17188.69 -10.17
17360.58 -10.77
17534.18 -10.07
17709.53 -8.49
17886.62 -6.83
18065.49 -5.51
18246.14 -4.33
18428.6 -3.19
18612.89 -2.19
18799.02 -1.79
18987.01 -1.87
19176.88 -1.73
19368.65 -1.38
19562.33 -1.55
19757.96 -2.23
19955.54 -3.37