20 7.42
20.2 7.46
20.4 7.5
20.61 7.54
20.81 7.57
21.02 7.61
21.23 7.65
21.44 7.68
21.66 7.72
21.87 7.75
22.09 7.78
22.31 7.82
22.54 7.85
22.76 7.88
22.99 7.91
23.22 7.95
23.45 7.98
23.69 8.01
23.92 8.04
24.16 8.07
24.4 8.1
24.65 8.12
24.89 8.15
25.14 8.18
25.39 8.21
25.65 8.23
25.91 8.26
26.16 8.29
26.43 8.31
26.69 8.34
26.96 8.36
27.23 8.38
27.5 8.41
27.77 8.43
28.05 8.45
28.33 8.47
28.62 8.5
28.9 8.52
29.19 8.54
29.48 8.56
29.78 8.58
30.08 8.6
30.38 8.61
30.68 8.63
30.99 8.65
31.3 8.67
31.61 8.68
31.93 8.7
32.24 8.71
32.57 8.73
32.89 8.74
33.22 8.76
33.55 8.77
33.89 8.78
34.23 8.8
34.57 8.81
34.92 8.82
35.27 8.83
35.62 8.84
35.97 8.85
36.33 8.86
36.7 8.87
37.06 8.88
37.43 8.89
37.81 8.9
38.19 8.9
38.57 8.91
38.95 8.92
39.34 8.92
39.74 8.93
40.14 8.93
40.54 8.94
40.94 8.94
41.35 8.94
41.76 8.95
42.18 8.95
42.6 8.95
43.03 8.95
43.46 8.95
43.9 8.95
44.33 8.95
44.78 8.95
45.23 8.95
45.68 8.95
46.13 8.95
46.6 8.94
47.06 8.94
47.53 8.94
48.01 8.93
48.49 8.93
48.97 8.92
49.46 8.92
49.96 8.91
50.46 8.91
50.96 8.9
51.47 8.89
51.99 8.88
52.51 8.88
53.03 8.87
53.56 8.86
54.1 8.85
54.64 8.84
55.18 8.83
55.74 8.82
56.29 8.8
56.86 8.79
57.42 8.78
58 8.77
58.58 8.75
59.16 8.74
59.76 8.72
60.35 8.71
60.96 8.69
61.57 8.68
62.18 8.66
62.8 8.64
63.43 8.62
64.07 8.6
64.71 8.59
65.35 8.57
66.01 8.55
66.67 8.53
67.33 8.51
68.01 8.49
68.69 8.47
69.37 8.44
70.07 8.42
70.77 8.4
71.48 8.37
72.19 8.35
72.91 8.32
73.64 8.3
74.38 8.27
75.12 8.25
75.87 8.22
76.63 8.19
77.4 8.17
78.17 8.14
78.95 8.11
79.74 8.08
80.54 8.05
81.35 8.02
82.16 7.99
82.98 7.96
83.81 7.93
84.65 7.9
85.5 7.87
86.35 7.84
87.22 7.81
88.09 7.78
88.97 7.75
89.86 7.72
90.76 7.68
91.66 7.65
92.58 7.62
93.51 7.58
94.44 7.55
95.39 7.51
96.34 7.47
97.3 7.44
98.28 7.4
99.26 7.36
100.25 7.33
101.25 7.29
102.27 7.25
103.29 7.22
104.32 7.18
105.37 7.14
106.42 7.1
107.48 7.06
108.56 7.03
109.64 6.99
110.74 6.94
111.85 6.9
112.97 6.86
114.1 6.82
115.24 6.78
116.39 6.73
117.55 6.69
118.73 6.64
119.92 6.59
121.12 6.55
122.33 6.5
123.55 6.45
124.79 6.4
126.03 6.35
127.29 6.31
128.57 6.26
129.85 6.21
131.15 6.16
132.46 6.11
133.79 6.06
135.12 6.01
136.48 5.96
137.84 5.91
139.22 5.86
140.61 5.81
142.02 5.75
143.44 5.7
144.87 5.65
146.32 5.59
147.78 5.54
149.26 5.48
150.75 5.42
152.26 5.36
153.78 5.31
155.32 5.25
156.88 5.19
158.44 5.13
160.03 5.07
161.63 5.01
163.24 4.95
164.88 4.89
166.53 4.83
168.19 4.77
169.87 4.71
171.57 4.65
173.29 4.59
175.02 4.52
176.77 4.46
178.54 4.4
180.32 4.33
182.13 4.27
183.95 4.2
185.79 4.14
187.65 4.08
189.52 4.01
191.42 3.95
193.33 3.89
195.27 3.83
197.22 3.77
199.19 3.71
201.18 3.65
203.19 3.6
205.23 3.55
207.28 3.51
209.35 3.47
211.44 3.43
213.56 3.39
215.69 3.36
217.85 3.33
220.03 3.3
222.23 3.28
224.45 3.26
226.7 3.23
228.96 3.21
231.25 3.19
233.57 3.16
235.9 3.13
238.26 3.1
240.64 3.07
243.05 3.03
245.48 3
247.93 2.95
250.41 2.91
252.92 2.86
255.45 2.81
258 2.76
260.58 2.71
263.19 2.65
265.82 2.59
268.48 2.54
271.16 2.47
273.87 2.41
276.61 2.35
279.38 2.29
282.17 2.22
284.99 2.16
287.84 2.09
290.72 2.02
293.63 1.96
296.57 1.89
299.53 1.82
302.53 1.76
305.55 1.69
308.61 1.62
311.69 1.55
314.81 1.49
317.96 1.42
321.14 1.35
324.35 1.28
327.59 1.22
330.87 1.15
334.18 1.08
337.52 1.01
340.9 0.95
344.3 0.88
347.75 0.81
351.23 0.74
354.74 0.67
358.28 0.61
361.87 0.54
365.49 0.47
369.14 0.4
372.83 0.33
376.56 0.26
380.33 0.19
384.13 0.12
387.97 0.05
391.85 -0.01
395.77 -0.08
399.73 -0.15
403.72 -0.22
407.76 -0.29
411.84 -0.36
415.96 -0.43
420.12 -0.5
424.32 -0.57
428.56 -0.64
432.85 -0.71
437.18 -0.78
441.55 -0.85
445.96 -0.92
450.42 -0.99
454.93 -1.07
459.48 -1.14
464.07 -1.21
468.71 -1.28
473.4 -1.35
478.13 -1.41
482.91 -1.48
487.74 -1.55
492.62 -1.62
497.55 -1.69
502.52 -1.75
507.55 -1.82
512.62 -1.88
517.75 -1.94
522.93 -2
528.16 -2.06
533.44 -2.11
538.77 -2.17
544.16 -2.22
549.6 -2.27
555.1 -2.32
560.65 -2.36
566.25 -2.4
571.92 -2.45
577.64 -2.49
583.41 -2.52
589.25 -2.56
595.14 -2.59
601.09 -2.62
607.1 -2.64
613.17 -2.67
619.3 -2.68
625.5 -2.7
631.75 -2.71
638.07 -2.71
644.45 -2.71
650.89 -2.71
657.4 -2.7
663.98 -2.69
670.62 -2.67
677.32 -2.64
684.1 -2.62
690.94 -2.59
697.85 -2.55
704.83 -2.51
711.87 -2.47
718.99 -2.42
726.18 -2.38
733.44 -2.33
740.78 -2.27
748.19 -2.22
755.67 -2.17
763.23 -2.11
770.86 -2.05
778.57 -1.99
786.35 -1.93
794.22 -1.86
802.16 -1.8
810.18 -1.73
818.28 -1.66
826.46 -1.58
834.73 -1.5
843.08 -1.42
851.51 -1.34
860.02 -1.25
868.62 -1.16
877.31 -1.07
886.08 -0.98
894.94 -0.89
903.89 -0.8
912.93 -0.71
922.06 -0.62
931.28 -0.54
940.59 -0.46
950 -0.38
959.5 -0.3
969.09 -0.23
978.78 -0.15
988.57 -0.08
998.46 -0.01
1008.44 0.06
1018.53 0.13
1028.71 0.2
1039 0.27
1049.39 0.34
1059.88 0.4
1070.48 0.47
1081.19 0.53
1092 0.59
1102.92 0.65
1113.95 0.7
1125.09 0.76
1136.34 0.82
1147.7 0.87
1159.18 0.93
1170.77 0.99
1182.48 1.04
1194.3 1.1
1206.25 1.16
1218.31 1.22
1230.49 1.28
1242.8 1.35
1255.22 1.41
1267.78 1.48
1280.45 1.54
1293.26 1.61
1306.19 1.68
1319.25 1.76
1332.45 1.83
1345.77 1.91
1359.23 1.99
1372.82 2.06
1386.55 2.14
1400.41 2.23
1414.42 2.31
1428.56 2.39
1442.85 2.48
1457.28 2.56
1471.85 2.65
1486.57 2.74
1501.43 2.84
1516.45 2.93
1531.61 3.03
1546.93 3.13
1562.4 3.23
1578.02 3.33
1593.8 3.44
1609.74 3.55
1625.84 3.66
1642.1 3.77
1658.52 3.89
1675.1 4.01
1691.85 4.13
1708.77 4.26
1725.86 4.39
1743.12 4.52
1760.55 4.65
1778.15 4.79
1795.94 4.93
1813.9 5.08
1832.03 5.22
1850.36 5.38
1868.86 5.53
1887.55 5.69
1906.42 5.85
1925.49 6.01
1944.74 6.18
1964.19 6.34
1983.83 6.52
2003.67 6.69
2023.71 6.86
2043.94 7.04
2064.38 7.21
2085.03 7.39
2105.88 7.57
2126.94 7.75
2148.2 7.93
2169.69 8.1
2191.38 8.27
2213.3 8.45
2235.43 8.61
2257.78 8.77
2280.36 8.93
2303.17 9.08
2326.2 9.23
2349.46 9.37
2372.95 9.5
2396.68 9.62
2420.65 9.73
2444.86 9.83
2469.31 9.92
2494 10
2518.94 10.07
2544.13 10.12
2569.57 10.16
2595.27 10.19
2621.22 10.21
2647.43 10.21
2673.9 10.2
2700.64 10.18
2727.65 10.15
2754.93 10.11
2782.48 10.06
2810.3 10
2838.4 9.94
2866.79 9.87
2895.46 9.8
2924.41 9.73
2953.65 9.65
2983.19 9.58
3013.02 9.5
3043.15 9.43
3073.58 9.37
3104.32 9.3
3135.36 9.24
3166.72 9.19
3198.38 9.15
3230.37 9.11
3262.67 9.08
3295.3 9.06
3328.25 9.04
3361.53 9.03
3395.15 9.03
3429.1 9.04
3463.39 9.05
3498.03 9.07
3533.01 9.1
3568.34 9.13
3604.02 9.18
3640.06 9.24
3676.46 9.31
3713.22 9.39
3750.36 9.48
3787.86 9.58
3825.74 9.7
3864 9.83
3902.64 9.96
3941.66 10.11
3981.08 10.27
4020.89 10.43
4061.1 10.59
4101.71 10.75
4142.73 10.89
4184.15 11.02
4226 11.12
4268.26 11.18
4310.94 11.22
4354.05 11.21
4397.59 11.16
4441.56 11.07
4485.98 10.92
4530.84 10.72
4576.15 10.46
4621.91 10.14
4668.13 9.74
4714.81 9.28
4761.96 8.76
4809.58 8.17
4857.67 7.54
4906.25 6.89
4955.31 6.21
5004.87 5.55
5054.91 4.89
5105.46 4.25
5156.52 3.66
5208.08 3.1
5260.16 2.59
5312.77 2.15
5365.89 1.74
5419.55 1.39
5473.75 1.09
5528.49 0.83
5583.77 0.6
5639.61 0.41
5696 0.23
5752.96 0.07
5810.49 -0.09
5868.6 -0.24
5927.28 -0.39
5986.56 -0.53
6046.42 -0.67
6106.89 -0.8
6167.96 -0.92
6229.64 -1.03
6291.93 -1.13
6354.85 -1.21
6418.4 -1.27
6482.58 -1.31
6547.41 -1.34
6612.88 -1.33
6679.01 -1.31
6745.8 -1.26
6813.26 -1.18
6881.39 -1.06
6950.21 -0.92
7019.71 -0.74
7089.91 -0.52
7160.81 -0.27
7232.41 0.03
7304.74 0.38
7377.79 0.77
7451.56 1.2
7526.08 1.7
7601.34 2.24
7677.35 2.81
7754.13 3.41
7831.67 4.01
7909.98 4.61
7989.08 5.16
8068.98 5.64
8149.67 6.05
8231.16 6.36
8313.47 6.52
8396.61 6.59
8480.57 6.54
8565.38 6.33
8651.03 6.02
8737.54 5.64
8824.92 5.13
8913.17 4.58
9002.3 3.99
9092.32 3.37
9183.25 2.75
9275.08 2.16
9367.83 1.6
9461.51 1.1
9556.12 0.64
9651.68 0.24
9748.2 -0.09
9845.68 -0.36
9944.14 -0.58
10043.58 -0.73
10144.02 -0.84
10245.46 -0.9
10347.91 -0.9
10451.39 -0.86
10555.91 -0.78
10661.46 -0.66
10768.08 -0.51
10875.76 -0.34
10984.52 -0.16
11094.36 0.04
11205.31 0.22
11317.36 0.4
11430.53 0.54
11544.84 0.64
11660.29 0.72
11776.89 0.72
11894.66 0.68
12013.6 0.6
12133.74 0.45
12255.08 0.27
12377.63 0.07
12501.41 -0.16
12626.42 -0.38
12752.68 -0.57
12880.21 -0.72
13009.01 -0.82
13139.1 -0.89
13270.49 -0.91
13403.2 -0.88
13537.23 -0.81
13672.6 -0.72
13809.33 -0.58
13947.42 -0.39
14086.9 -0.17
14227.77 0.1
14370.04 0.43
14513.74 0.8
14658.88 1.22
14805.47 1.64
14953.52 2.05
15103.06 2.42
15254.09 2.68
15406.63 2.87
15560.7 2.97
15716.3 2.88
15873.47 2.71
16032.2 2.46
16192.52 2.16
16354.45 1.86
16517.99 1.56
16683.17 1.26
16850.01 0.99
17018.51 0.75
17188.69 0.53
17360.58 0.36
17534.18 0.22
17709.53 0.13
17886.62 0.14
18065.49 0.2
18246.14 0.34
18428.6 0.64
18612.89 0.99
18799.02 1.39
18987.01 1.76
19176.88 2.06
19368.65 2.26
19562.33 2.27
19757.96 2.02
19955.54 1.58