20 8.21
20.2 8.22
20.4 8.24
20.61 8.25
20.81 8.26
21.02 8.27
21.23 8.28
21.44 8.29
21.66 8.3
21.87 8.31
22.09 8.32
22.31 8.33
22.54 8.33
22.76 8.33
22.99 8.34
23.22 8.34
23.45 8.34
23.69 8.34
23.92 8.33
24.16 8.33
24.4 8.33
24.65 8.33
24.89 8.32
25.14 8.32
25.39 8.31
25.65 8.3
25.91 8.29
26.16 8.28
26.43 8.27
26.69 8.26
26.96 8.25
27.23 8.23
27.5 8.22
27.77 8.2
28.05 8.19
28.33 8.17
28.62 8.15
28.9 8.14
29.19 8.12
29.48 8.11
29.78 8.1
30.08 8.08
30.38 8.07
30.68 8.05
30.99 8.04
31.3 8.02
31.61 8.01
31.93 7.99
32.24 7.98
32.57 7.96
32.89 7.94
33.22 7.93
33.55 7.91
33.89 7.89
34.23 7.88
34.57 7.86
34.92 7.84
35.27 7.82
35.62 7.8
35.97 7.77
36.33 7.75
36.7 7.72
37.06 7.69
37.43 7.67
37.81 7.64
38.19 7.61
38.57 7.58
38.95 7.55
39.34 7.52
39.74 7.49
40.14 7.46
40.54 7.43
40.94 7.39
41.35 7.36
41.76 7.32
42.18 7.28
42.6 7.24
43.03 7.2
43.46 7.16
43.9 7.12
44.33 7.07
44.78 7.03
45.23 6.98
45.68 6.93
46.13 6.89
46.6 6.84
47.06 6.79
47.53 6.74
48.01 6.69
48.49 6.64
48.97 6.59
49.46 6.53
49.96 6.48
50.46 6.42
50.96 6.36
51.47 6.3
51.99 6.25
52.51 6.19
53.03 6.12
53.56 6.06
54.1 6
54.64 5.94
55.18 5.88
55.74 5.82
56.29 5.77
56.86 5.71
57.42 5.65
58 5.59
58.58 5.53
59.16 5.47
59.76 5.41
60.35 5.35
60.96 5.29
61.57 5.23
62.18 5.17
62.8 5.11
63.43 5.05
64.07 4.99
64.71 4.93
65.35 4.87
66.01 4.82
66.67 4.76
67.33 4.7
68.01 4.64
68.69 4.59
69.37 4.53
70.07 4.47
70.77 4.42
71.48 4.36
72.19 4.31
72.91 4.25
73.64 4.2
74.38 4.14
75.12 4.09
75.87 4.04
76.63 3.99
77.4 3.94
78.17 3.89
78.95 3.84
79.74 3.79
80.54 3.74
81.35 3.7
82.16 3.65
82.98 3.61
83.81 3.56
84.65 3.52
85.5 3.48
86.35 3.44
87.22 3.41
88.09 3.37
88.97 3.33
89.86 3.3
90.76 3.26
91.66 3.23
92.58 3.2
93.51 3.17
94.44 3.14
95.39 3.11
96.34 3.08
97.3 3.06
98.28 3.03
99.26 3.01
100.25 2.99
101.25 2.96
102.27 2.94
103.29 2.92
104.32 2.9
105.37 2.87
106.42 2.85
107.48 2.82
108.56 2.8
109.64 2.77
110.74 2.74
111.85 2.71
112.97 2.67
114.1 2.64
115.24 2.6
116.39 2.56
117.55 2.52
118.73 2.48
119.92 2.44
121.12 2.39
122.33 2.35
123.55 2.31
124.79 2.27
126.03 2.23
127.29 2.19
128.57 2.15
129.85 2.11
131.15 2.08
132.46 2.05
133.79 2.03
135.12 2.01
136.48 1.99
137.84 1.98
139.22 1.96
140.61 1.95
142.02 1.93
143.44 1.92
144.87 1.9
146.32 1.88
147.78 1.87
149.26 1.85
150.75 1.82
152.26 1.8
153.78 1.78
155.32 1.75
156.88 1.72
158.44 1.69
160.03 1.66
161.63 1.63
163.24 1.6
164.88 1.57
166.53 1.54
168.19 1.51
169.87 1.48
171.57 1.45
173.29 1.42
175.02 1.4
176.77 1.37
178.54 1.35
180.32 1.33
182.13 1.3
183.95 1.28
185.79 1.25
187.65 1.23
189.52 1.2
191.42 1.17
193.33 1.14
195.27 1.1
197.22 1.06
199.19 1.03
201.18 0.99
203.19 0.95
205.23 0.91
207.28 0.87
209.35 0.82
211.44 0.78
213.56 0.74
215.69 0.7
217.85 0.66
220.03 0.62
222.23 0.58
224.45 0.54
226.7 0.5
228.96 0.46
231.25 0.42
233.57 0.39
235.9 0.35
238.26 0.32
240.64 0.29
243.05 0.26
245.48 0.23
247.93 0.2
250.41 0.18
252.92 0.16
255.45 0.15
258 0.14
260.58 0.15
263.19 0.17
265.82 0.21
268.48 0.25
271.16 0.3
273.87 0.36
276.61 0.41
279.38 0.46
282.17 0.49
284.99 0.52
287.84 0.53
290.72 0.53
293.63 0.52
296.57 0.51
299.53 0.49
302.53 0.49
305.55 0.48
308.61 0.49
311.69 0.51
314.81 0.54
317.96 0.57
321.14 0.61
324.35 0.66
327.59 0.71
330.87 0.76
334.18 0.82
337.52 0.88
340.9 0.94
344.3 1
347.75 1.06
351.23 1.12
354.74 1.18
358.28 1.24
361.87 1.29
365.49 1.35
369.14 1.42
372.83 1.48
376.56 1.55
380.33 1.62
384.13 1.7
387.97 1.77
391.85 1.85
395.77 1.93
399.73 2.01
403.72 2.1
407.76 2.18
411.84 2.27
415.96 2.36
420.12 2.44
424.32 2.53
428.56 2.61
432.85 2.69
437.18 2.76
441.55 2.84
445.96 2.91
450.42 2.97
454.93 3.03
459.48 3.08
464.07 3.13
468.71 3.18
473.4 3.23
478.13 3.27
482.91 3.3
487.74 3.33
492.62 3.35
497.55 3.36
502.52 3.37
507.55 3.37
512.62 3.38
517.75 3.38
522.93 3.38
528.16 3.38
533.44 3.38
538.77 3.37
544.16 3.35
549.6 3.32
555.1 3.29
560.65 3.24
566.25 3.19
571.92 3.13
577.64 3.07
583.41 3.01
589.25 2.94
595.14 2.87
601.09 2.79
607.1 2.71
613.17 2.63
619.3 2.53
625.5 2.43
631.75 2.32
638.07 2.21
644.45 2.09
650.89 1.97
657.4 1.86
663.98 1.73
670.62 1.61
677.32 1.49
684.1 1.37
690.94 1.25
697.85 1.13
704.83 1.01
711.87 0.9
718.99 0.79
726.18 0.69
733.44 0.59
740.78 0.5
748.19 0.42
755.67 0.35
763.23 0.28
770.86 0.22
778.57 0.17
786.35 0.13
794.22 0.09
802.16 0.05
810.18 0.03
818.28 0.01
826.46 -0.01
834.73 -0.02
843.08 -0.03
851.51 -0.03
860.02 -0.03
868.62 -0.03
877.31 -0.03
886.08 -0.02
894.94 -0.01
903.89 0
912.93 0.01
922.06 0.03
931.28 0.05
940.59 0.07
950 0.09
959.5 0.11
969.09 0.11
978.78 0.09
988.57 0.07
998.46 0.01
1008.44 -0.06
1018.53 -0.15
1028.71 -0.24
1039 -0.34
1049.39 -0.43
1059.88 -0.51
1070.48 -0.57
1081.19 -0.61
1092 -0.64
1102.92 -0.64
1113.95 -0.64
1125.09 -0.63
1136.34 -0.62
1147.7 -0.6
1159.18 -0.59
1170.77 -0.59
1182.48 -0.59
1194.3 -0.59
1206.25 -0.6
1218.31 -0.59
1230.49 -0.58
1242.8 -0.54
1255.22 -0.47
1267.78 -0.38
1280.45 -0.26
1293.26 -0.11
1306.19 0.05
1319.25 0.23
1332.45 0.42
1345.77 0.62
1359.23 0.81
1372.82 1.02
1386.55 1.22
1400.41 1.43
1414.42 1.64
1428.56 1.84
1442.85 2.03
1457.28 2.21
1471.85 2.37
1486.57 2.51
1501.43 2.63
1516.45 2.72
1531.61 2.78
1546.93 2.82
1562.4 2.85
1578.02 2.86
1593.8 2.87
1609.74 2.88
1625.84 2.9
1642.1 2.93
1658.52 2.99
1675.1 3.1
1691.85 3.23
1708.77 3.39
1725.86 3.57
1743.12 3.75
1760.55 3.93
1778.15 4.08
1795.94 4.19
1813.9 4.27
1832.03 4.31
1850.36 4.3
1868.86 4.27
1887.55 4.22
1906.42 4.17
1925.49 4.12
1944.74 4.08
1964.19 4.07
1983.83 4.06
2003.67 4.08
2023.71 4.12
2043.94 4.17
2064.38 4.23
2085.03 4.3
2105.88 4.39
2126.94 4.5
2148.2 4.62
2169.69 4.76
2191.38 4.92
2213.3 5.09
2235.43 5.28
2257.78 5.49
2280.36 5.7
2303.17 5.92
2326.2 6.14
2349.46 6.36
2372.95 6.59
2396.68 6.8
2420.65 7.02
2444.86 7.22
2469.31 7.43
2494 7.63
2518.94 7.82
2544.13 8.01
2569.57 8.18
2595.27 8.34
2621.22 8.47
2647.43 8.57
2673.9 8.65
2700.64 8.68
2727.65 8.68
2754.93 8.64
2782.48 8.56
2810.3 8.45
2838.4 8.31
2866.79 8.16
2895.46 8.01
2924.41 7.85
2953.65 7.69
2983.19 7.53
3013.02 7.38
3043.15 7.23
3073.58 7.1
3104.32 6.98
3135.36 6.87
3166.72 6.79
3198.38 6.73
3230.37 6.68
3262.67 6.66
3295.3 6.65
3328.25 6.66
3361.53 6.67
3395.15 6.69
3429.1 6.7
3463.39 6.72
3498.03 6.72
3533.01 6.72
3568.34 6.72
3604.02 6.68
3640.06 6.6
3676.46 6.5
3713.22 6.33
3750.36 6.13
3787.86 5.91
3825.74 5.66
3864 5.42
3902.64 5.2
3941.66 5.02
3981.08 4.89
4020.89 4.8
4061.1 4.76
4101.71 4.77
4142.73 4.79
4184.15 4.82
4226 4.83
4268.26 4.82
4310.94 4.8
4354.05 4.75
4397.59 4.68
4441.56 4.6
4485.98 4.5
4530.84 4.39
4576.15 4.27
4621.91 4.13
4668.13 3.96
4714.81 3.8
4761.96 3.66
4809.58 3.58
4857.67 3.57
4906.25 3.62
4955.31 3.78
5004.87 4.01
5054.91 4.3
5105.46 4.64
5156.52 5.01
5208.08 5.38
5260.16 5.72
5312.77 6
5365.89 6.26
5419.55 6.47
5473.75 6.66
5528.49 6.82
5583.77 6.97
5639.61 7.09
5696 7.18
5752.96 7.26
5810.49 7.31
5868.6 7.33
5927.28 7.34
5986.56 7.33
6046.42 7.3
6106.89 7.27
6167.96 7.24
6229.64 7.21
6291.93 7.21
6354.85 7.21
6418.4 7.26
6482.58 7.33
6547.41 7.43
6612.88 7.57
6679.01 7.74
6745.8 7.93
6813.26 8.14
6881.39 8.39
6950.21 8.65
7019.71 8.93
7089.91 9.24
7160.81 9.56
7232.41 9.88
7304.74 10.18
7377.79 10.44
7451.56 10.68
7526.08 10.82
7601.34 10.92
7677.35 10.98
7754.13 10.99
7831.67 11
7909.98 11.01
7989.08 11.05
8068.98 11.14
8149.67 11.27
8231.16 11.47
8313.47 11.71
8396.61 11.97
8480.57 12.22
8565.38 12.38
8651.03 12.45
8737.54 12.4
8824.92 12.08
8913.17 11.58
9002.3 10.91
9092.32 9.95
9183.25 8.83
9275.08 7.6
9367.83 6.24
9461.51 4.88
9556.12 3.56
9651.68 2.33
9748.2 1.32
9845.68 0.48
9944.14 -0.16
10043.58 -0.47
10144.02 -0.59
10245.46 -0.54
10347.91 -0.25
10451.39 0.15
10555.91 0.63
10661.46 1.18
10768.08 1.76
10875.76 2.33
10984.52 2.89
11094.36 3.41
11205.31 3.92
11317.36 4.4
11430.53 4.83
11544.84 5.21
11660.29 5.54
11776.89 5.67
11894.66 5.66
12013.6 5.5
12133.74 5.06
12255.08 4.42
12377.63 3.63
12501.41 2.63
12626.42 1.52
12752.68 0.36
12880.21 -0.79
13009.01 -1.81
13139.1 -2.7
13270.49 -3.39
13403.2 -3.78
13537.23 -4
13672.6 -4.06
13809.33 -3.9
13947.42 -3.66
14086.9 -3.36
14227.77 -3.03
14370.04 -2.74
14513.74 -2.51
14658.88 -2.4
14805.47 -2.45
14953.52 -2.62
15103.06 -2.94
15254.09 -3.44
15406.63 -4.04
15560.7 -4.75
15716.3 -5.6
15873.47 -6.48
16032.2 -7.41
16192.52 -8.38
16354.45 -9.37
16517.99 -10.38
16683.17 -11.42
16850.01 -12.49
17018.51 -13.59
17188.69 -14.73
17360.58 -15.92
17534.18 -17.08
17709.53 -18.18
17886.62 -19.12
18065.49 -19.92
18246.14 -20.57
18428.6 -20.86
18612.89 -21.01
18799.02 -21
18987.01 -20.83
19176.88 -20.69
19368.65 -20.6
19562.33 -20.66
19757.96 -20.93
19955.54 -21.37