20 4.67
20.2 4.79
20.4 4.9
20.61 5.02
20.81 5.13
21.02 5.24
21.23 5.35
21.44 5.45
21.66 5.55
21.87 5.65
22.09 5.74
22.31 5.83
22.54 5.91
22.76 5.98
22.99 6.06
23.22 6.13
23.45 6.2
23.69 6.28
23.92 6.36
24.16 6.44
24.4 6.52
24.65 6.6
24.89 6.69
25.14 6.77
25.39 6.84
25.65 6.92
25.91 6.99
26.16 7.05
26.43 7.11
26.69 7.16
26.96 7.22
27.23 7.27
27.5 7.33
27.77 7.4
28.05 7.47
28.33 7.54
28.62 7.61
28.9 7.67
29.19 7.73
29.48 7.77
29.78 7.79
30.08 7.8
30.38 7.81
30.68 7.8
30.99 7.8
31.3 7.8
31.61 7.81
31.93 7.82
32.24 7.83
32.57 7.85
32.89 7.87
33.22 7.89
33.55 7.9
33.89 7.9
34.23 7.91
34.57 7.92
34.92 7.92
35.27 7.92
35.62 7.93
35.97 7.93
36.33 7.93
36.7 7.92
37.06 7.91
37.43 7.91
37.81 7.9
38.19 7.88
38.57 7.87
38.95 7.86
39.34 7.84
39.74 7.82
40.14 7.81
40.54 7.79
40.94 7.77
41.35 7.75
41.76 7.73
42.18 7.71
42.6 7.68
43.03 7.66
43.46 7.63
43.9 7.61
44.33 7.58
44.78 7.55
45.23 7.52
45.68 7.49
46.13 7.45
46.6 7.42
47.06 7.38
47.53 7.35
48.01 7.31
48.49 7.27
48.97 7.23
49.46 7.19
49.96 7.14
50.46 7.1
50.96 7.05
51.47 7
51.99 6.96
52.51 6.9
53.03 6.85
53.56 6.8
54.1 6.75
54.64 6.69
55.18 6.64
55.74 6.58
56.29 6.53
56.86 6.47
57.42 6.41
58 6.36
58.58 6.3
59.16 6.24
59.76 6.18
60.35 6.11
60.96 6.05
61.57 5.99
62.18 5.93
62.8 5.86
63.43 5.8
64.07 5.73
64.71 5.67
65.35 5.6
66.01 5.54
66.67 5.47
67.33 5.4
68.01 5.33
68.69 5.26
69.37 5.19
70.07 5.12
70.77 5.05
71.48 4.98
72.19 4.9
72.91 4.83
73.64 4.75
74.38 4.68
75.12 4.6
75.87 4.53
76.63 4.45
77.4 4.37
78.17 4.29
78.95 4.2
79.74 4.12
80.54 4.04
81.35 3.95
82.16 3.86
82.98 3.78
83.81 3.69
84.65 3.6
85.5 3.51
86.35 3.42
87.22 3.33
88.09 3.24
88.97 3.15
89.86 3.06
90.76 2.97
91.66 2.88
92.58 2.79
93.51 2.69
94.44 2.6
95.39 2.51
96.34 2.42
97.3 2.33
98.28 2.23
99.26 2.14
100.25 2.05
101.25 1.95
102.27 1.86
103.29 1.76
104.32 1.67
105.37 1.57
106.42 1.48
107.48 1.38
108.56 1.29
109.64 1.19
110.74 1.1
111.85 1
112.97 0.91
114.1 0.82
115.24 0.74
116.39 0.65
117.55 0.58
118.73 0.51
119.92 0.44
121.12 0.36
122.33 0.28
123.55 0.2
124.79 0.12
126.03 0.04
127.29 -0.04
128.57 -0.12
129.85 -0.18
131.15 -0.25
132.46 -0.31
133.79 -0.35
135.12 -0.4
136.48 -0.45
137.84 -0.49
139.22 -0.54
140.61 -0.58
142.02 -0.63
143.44 -0.68
144.87 -0.73
146.32 -0.78
147.78 -0.83
149.26 -0.89
150.75 -0.95
152.26 -1.01
153.78 -1.07
155.32 -1.13
156.88 -1.2
158.44 -1.26
160.03 -1.33
161.63 -1.39
163.24 -1.45
164.88 -1.51
166.53 -1.58
168.19 -1.64
169.87 -1.7
171.57 -1.75
173.29 -1.81
175.02 -1.87
176.77 -1.92
178.54 -1.97
180.32 -2.03
182.13 -2.08
183.95 -2.13
185.79 -2.17
187.65 -2.22
189.52 -2.26
191.42 -2.31
193.33 -2.35
195.27 -2.39
197.22 -2.42
199.19 -2.46
201.18 -2.5
203.19 -2.53
205.23 -2.56
207.28 -2.6
209.35 -2.63
211.44 -2.66
213.56 -2.69
215.69 -2.72
217.85 -2.75
220.03 -2.78
222.23 -2.81
224.45 -2.83
226.7 -2.86
228.96 -2.88
231.25 -2.9
233.57 -2.93
235.9 -2.95
238.26 -2.97
240.64 -2.99
243.05 -3.02
245.48 -3.04
247.93 -3.06
250.41 -3.08
252.92 -3.1
255.45 -3.11
258 -3.13
260.58 -3.15
263.19 -3.17
265.82 -3.18
268.48 -3.2
271.16 -3.22
273.87 -3.24
276.61 -3.25
279.38 -3.27
282.17 -3.29
284.99 -3.31
287.84 -3.34
290.72 -3.36
293.63 -3.38
296.57 -3.4
299.53 -3.43
302.53 -3.45
305.55 -3.47
308.61 -3.49
311.69 -3.51
314.81 -3.53
317.96 -3.55
321.14 -3.57
324.35 -3.58
327.59 -3.6
330.87 -3.61
334.18 -3.62
337.52 -3.63
340.9 -3.64
344.3 -3.65
347.75 -3.66
351.23 -3.66
354.74 -3.67
358.28 -3.67
361.87 -3.67
365.49 -3.67
369.14 -3.67
372.83 -3.67
376.56 -3.66
380.33 -3.65
384.13 -3.64
387.97 -3.63
391.85 -3.62
395.77 -3.61
399.73 -3.59
403.72 -3.57
407.76 -3.55
411.84 -3.53
415.96 -3.51
420.12 -3.49
424.32 -3.47
428.56 -3.44
432.85 -3.42
437.18 -3.39
441.55 -3.37
445.96 -3.33
450.42 -3.3
454.93 -3.26
459.48 -3.21
464.07 -3.16
468.71 -3.11
473.4 -3.05
478.13 -2.99
482.91 -2.92
487.74 -2.85
492.62 -2.78
497.55 -2.72
502.52 -2.65
507.55 -2.58
512.62 -2.51
517.75 -2.45
522.93 -2.38
528.16 -2.32
533.44 -2.25
538.77 -2.19
544.16 -2.12
549.6 -2.06
555.1 -1.99
560.65 -1.93
566.25 -1.87
571.92 -1.81
577.64 -1.75
583.41 -1.7
589.25 -1.65
595.14 -1.6
601.09 -1.55
607.1 -1.51
613.17 -1.47
619.3 -1.42
625.5 -1.39
631.75 -1.35
638.07 -1.31
644.45 -1.28
650.89 -1.25
657.4 -1.22
663.98 -1.19
670.62 -1.16
677.32 -1.14
684.1 -1.11
690.94 -1.09
697.85 -1.06
704.83 -1.04
711.87 -1.02
718.99 -1
726.18 -0.98
733.44 -0.96
740.78 -0.95
748.19 -0.93
755.67 -0.92
763.23 -0.9
770.86 -0.89
778.57 -0.88
786.35 -0.87
794.22 -0.86
802.16 -0.85
810.18 -0.85
818.28 -0.84
826.46 -0.84
834.73 -0.83
843.08 -0.82
851.51 -0.82
860.02 -0.81
868.62 -0.8
877.31 -0.79
886.08 -0.77
894.94 -0.75
903.89 -0.73
912.93 -0.69
922.06 -0.66
931.28 -0.61
940.59 -0.55
950 -0.49
959.5 -0.42
969.09 -0.33
978.78 -0.24
988.57 -0.13
998.46 -0.02
1008.44 0.1
1018.53 0.23
1028.71 0.36
1039 0.5
1049.39 0.64
1059.88 0.79
1070.48 0.93
1081.19 1.07
1092 1.21
1102.92 1.35
1113.95 1.48
1125.09 1.61
1136.34 1.73
1147.7 1.85
1159.18 1.96
1170.77 2.07
1182.48 2.17
1194.3 2.27
1206.25 2.37
1218.31 2.46
1230.49 2.55
1242.8 2.64
1255.22 2.72
1267.78 2.81
1280.45 2.89
1293.26 2.97
1306.19 3.05
1319.25 3.12
1332.45 3.2
1345.77 3.28
1359.23 3.36
1372.82 3.44
1386.55 3.51
1400.41 3.59
1414.42 3.67
1428.56 3.75
1442.85 3.83
1457.28 3.91
1471.85 4
1486.57 4.08
1501.43 4.16
1516.45 4.25
1531.61 4.33
1546.93 4.42
1562.4 4.5
1578.02 4.59
1593.8 4.68
1609.74 4.77
1625.84 4.86
1642.1 4.95
1658.52 5.04
1675.1 5.14
1691.85 5.23
1708.77 5.33
1725.86 5.43
1743.12 5.53
1760.55 5.63
1778.15 5.73
1795.94 5.84
1813.9 5.95
1832.03 6.07
1850.36 6.19
1868.86 6.31
1887.55 6.44
1906.42 6.58
1925.49 6.71
1944.74 6.86
1964.19 7.01
1983.83 7.16
2003.67 7.32
2023.71 7.49
2043.94 7.66
2064.38 7.84
2085.03 8.02
2105.88 8.21
2126.94 8.41
2148.2 8.61
2169.69 8.82
2191.38 9.03
2213.3 9.25
2235.43 9.47
2257.78 9.69
2280.36 9.91
2303.17 10.12
2326.2 10.34
2349.46 10.54
2372.95 10.74
2396.68 10.93
2420.65 11.1
2444.86 11.25
2469.31 11.39
2494 11.51
2518.94 11.61
2544.13 11.68
2569.57 11.74
2595.27 11.78
2621.22 11.8
2647.43 11.8
2673.9 11.79
2700.64 11.77
2727.65 11.74
2754.93 11.7
2782.48 11.65
2810.3 11.6
2838.4 11.54
2866.79 11.48
2895.46 11.41
2924.41 11.33
2953.65 11.25
2983.19 11.17
3013.02 11.07
3043.15 10.97
3073.58 10.86
3104.32 10.74
3135.36 10.61
3166.72 10.47
3198.38 10.32
3230.37 10.16
3262.67 10
3295.3 9.82
3328.25 9.64
3361.53 9.46
3395.15 9.27
3429.1 9.09
3463.39 8.9
3498.03 8.72
3533.01 8.54
3568.34 8.36
3604.02 8.19
3640.06 8.03
3676.46 7.88
3713.22 7.73
3750.36 7.6
3787.86 7.47
3825.74 7.36
3864 7.26
3902.64 7.17
3941.66 7.1
3981.08 7.03
4020.89 6.98
4061.1 6.95
4101.71 6.93
4142.73 6.92
4184.15 6.92
4226 6.94
4268.26 6.97
4310.94 7.02
4354.05 7.08
4397.59 7.16
4441.56 7.25
4485.98 7.35
4530.84 7.47
4576.15 7.59
4621.91 7.73
4668.13 7.88
4714.81 8.04
4761.96 8.2
4809.58 8.37
4857.67 8.53
4906.25 8.69
4955.31 8.84
5004.87 8.98
5054.91 9.11
5105.46 9.21
5156.52 9.29
5208.08 9.34
5260.16 9.37
5312.77 9.36
5365.89 9.33
5419.55 9.28
5473.75 9.2
5528.49 9.1
5583.77 8.99
5639.61 8.86
5696 8.73
5752.96 8.59
5810.49 8.43
5868.6 8.28
5927.28 8.11
5986.56 7.95
6046.42 7.77
6106.89 7.59
6167.96 7.41
6229.64 7.22
6291.93 7.04
6354.85 6.85
6418.4 6.68
6482.58 6.51
6547.41 6.36
6612.88 6.23
6679.01 6.13
6745.8 6.05
6813.26 6.01
6881.39 6.02
6950.21 6.06
7019.71 6.16
7089.91 6.31
7160.81 6.51
7232.41 6.75
7304.74 7.03
7377.79 7.31
7451.56 7.59
7526.08 7.79
7601.34 7.91
7677.35 7.92
7754.13 7.73
7831.67 7.37
7909.98 6.88
7989.08 6.19
8068.98 5.37
8149.67 4.46
8231.16 3.48
8313.47 2.48
8396.61 1.49
8480.57 0.52
8565.38 -0.39
8651.03 -1.27
8737.54 -2.1
8824.92 -2.87
8913.17 -3.6
9002.3 -4.3
9092.32 -4.96
9183.25 -5.57
9275.08 -6.16
9367.83 -6.72
9461.51 -7.23
9556.12 -7.72
9651.68 -8.18
9748.2 -8.6
9845.68 -8.99
9944.14 -9.35
10043.58 -9.67
10144.02 -9.96
10245.46 -10.23
10347.91 -10.45
10451.39 -10.65
10555.91 -10.81
10661.46 -10.94
10768.08 -11.03
10875.76 -11.09
10984.52 -11.12
11094.36 -11.09
11205.31 -11.04
11317.36 -10.94
11430.53 -10.78
11544.84 -10.58
11660.29 -10.33
11776.89 -9.99
11894.66 -9.6
12013.6 -9.14
12133.74 -8.58
12255.08 -7.96
12377.63 -7.29
12501.41 -6.56
12626.42 -5.82
12752.68 -5.07
12880.21 -4.33
13009.01 -3.64
13139.1 -3.05
13270.49 -2.57
13403.2 -2.37
13537.23 -2.37
13672.6 -2.57
13809.33 -3.13
13947.42 -3.85
14086.9 -4.73
14227.77 -5.76
14370.04 -6.83
14513.74 -7.88
14658.88 -8.85
14805.47 -9.66
14953.52 -10.34
15103.06 -10.86
15254.09 -11.18
15406.63 -11.38
15560.7 -11.45
15716.3 -11.3
15873.47 -11.02
16032.2 -10.62
16192.52 -10.04
16354.45 -9.39
16517.99 -8.71
16683.17 -8.03
16850.01 -7.45
17018.51 -7
17188.69 -6.76
17360.58 -6.84
17534.18 -7.14
17709.53 -7.71
17886.62 -8.62
18065.49 -9.69
18246.14 -10.9
18428.6 -12.23
18612.89 -13.55
18799.02 -14.84
18987.01 -16.03
19176.88 -17.09
19368.65 -18.04
19562.33 -18.81
19757.96 -19.43
19955.54 -19.99