20 -5.56
20.2 -5.5
20.4 -5.44
20.61 -5.37
20.81 -5.29
21.02 -5.21
21.23 -5.14
21.44 -5.07
21.66 -5
21.87 -4.94
22.09 -4.88
22.31 -4.83
22.54 -4.77
22.76 -4.7
22.99 -4.63
23.22 -4.56
23.45 -4.49
23.69 -4.42
23.92 -4.35
24.16 -4.28
24.4 -4.21
24.65 -4.15
24.89 -4.07
25.14 -4
25.39 -3.91
25.65 -3.82
25.91 -3.73
26.16 -3.63
26.43 -3.53
26.69 -3.44
26.96 -3.35
27.23 -3.26
27.5 -3.18
27.77 -3.1
28.05 -3.02
28.33 -2.93
28.62 -2.84
28.9 -2.74
29.19 -2.64
29.48 -2.53
29.78 -2.43
30.08 -2.33
30.38 -2.23
30.68 -2.14
30.99 -2.05
31.3 -1.96
31.61 -1.88
31.93 -1.8
32.24 -1.72
32.57 -1.64
32.89 -1.56
33.22 -1.48
33.55 -1.4
33.89 -1.31
34.23 -1.23
34.57 -1.15
34.92 -1.07
35.27 -0.99
35.62 -0.91
35.97 -0.83
36.33 -0.75
36.7 -0.67
37.06 -0.58
37.43 -0.5
37.81 -0.41
38.19 -0.32
38.57 -0.24
38.95 -0.15
39.34 -0.07
39.74 0.02
40.14 0.11
40.54 0.2
40.94 0.29
41.35 0.39
41.76 0.49
42.18 0.59
42.6 0.69
43.03 0.79
43.46 0.89
43.9 0.99
44.33 1.08
44.78 1.18
45.23 1.28
45.68 1.38
46.13 1.48
46.6 1.58
47.06 1.67
47.53 1.77
48.01 1.87
48.49 1.97
48.97 2.07
49.46 2.16
49.96 2.26
50.46 2.35
50.96 2.44
51.47 2.53
51.99 2.62
52.51 2.71
53.03 2.8
53.56 2.89
54.1 2.98
54.64 3.06
55.18 3.15
55.74 3.23
56.29 3.31
56.86 3.4
57.42 3.47
58 3.55
58.58 3.63
59.16 3.7
59.76 3.78
60.35 3.85
60.96 3.92
61.57 3.99
62.18 4.05
62.8 4.12
63.43 4.18
64.07 4.24
64.71 4.3
65.35 4.36
66.01 4.42
66.67 4.47
67.33 4.52
68.01 4.57
68.69 4.62
69.37 4.67
70.07 4.71
70.77 4.75
71.48 4.79
72.19 4.83
72.91 4.86
73.64 4.9
74.38 4.93
75.12 4.96
75.87 4.99
76.63 5.02
77.4 5.05
78.17 5.08
78.95 5.1
79.74 5.12
80.54 5.14
81.35 5.16
82.16 5.18
82.98 5.19
83.81 5.21
84.65 5.22
85.5 5.23
86.35 5.23
87.22 5.24
88.09 5.25
88.97 5.25
89.86 5.25
90.76 5.25
91.66 5.25
92.58 5.25
93.51 5.25
94.44 5.25
95.39 5.25
96.34 5.24
97.3 5.24
98.28 5.23
99.26 5.22
100.25 5.22
101.25 5.21
102.27 5.2
103.29 5.19
104.32 5.18
105.37 5.17
106.42 5.15
107.48 5.14
108.56 5.13
109.64 5.11
110.74 5.1
111.85 5.08
112.97 5.07
114.1 5.05
115.24 5.04
116.39 5.02
117.55 5.01
118.73 4.99
119.92 4.97
121.12 4.95
122.33 4.94
123.55 4.92
124.79 4.9
126.03 4.88
127.29 4.86
128.57 4.83
129.85 4.81
131.15 4.79
132.46 4.77
133.79 4.75
135.12 4.73
136.48 4.7
137.84 4.68
139.22 4.66
140.61 4.64
142.02 4.61
143.44 4.59
144.87 4.57
146.32 4.54
147.78 4.52
149.26 4.49
150.75 4.47
152.26 4.44
153.78 4.42
155.32 4.39
156.88 4.37
158.44 4.34
160.03 4.31
161.63 4.29
163.24 4.26
164.88 4.23
166.53 4.2
168.19 4.17
169.87 4.14
171.57 4.11
173.29 4.08
175.02 4.05
176.77 4.01
178.54 3.98
180.32 3.94
182.13 3.91
183.95 3.87
185.79 3.83
187.65 3.79
189.52 3.75
191.42 3.71
193.33 3.67
195.27 3.62
197.22 3.58
199.19 3.53
201.18 3.48
203.19 3.43
205.23 3.38
207.28 3.33
209.35 3.28
211.44 3.22
213.56 3.17
215.69 3.11
217.85 3.05
220.03 2.99
222.23 2.93
224.45 2.86
226.7 2.79
228.96 2.72
231.25 2.65
233.57 2.57
235.9 2.49
238.26 2.4
240.64 2.31
243.05 2.22
245.48 2.12
247.93 2.01
250.41 1.9
252.92 1.77
255.45 1.65
258 1.52
260.58 1.4
263.19 1.29
265.82 1.19
268.48 1.12
271.16 1.11
273.87 1.16
276.61 1.27
279.38 1.49
282.17 1.76
284.99 2.08
287.84 2.46
290.72 2.84
293.63 3.21
296.57 3.54
299.53 3.81
302.53 4.03
305.55 4.17
308.61 4.24
311.69 4.27
314.81 4.26
317.96 4.2
321.14 4.13
324.35 4.04
327.59 3.94
330.87 3.84
334.18 3.73
337.52 3.63
340.9 3.52
344.3 3.42
347.75 3.32
351.23 3.22
354.74 3.13
358.28 3.04
361.87 2.95
365.49 2.86
369.14 2.78
372.83 2.7
376.56 2.61
380.33 2.53
384.13 2.45
387.97 2.37
391.85 2.3
395.77 2.22
399.73 2.15
403.72 2.08
407.76 2.01
411.84 1.95
415.96 1.88
420.12 1.83
424.32 1.77
428.56 1.72
432.85 1.67
437.18 1.62
441.55 1.58
445.96 1.55
450.42 1.53
454.93 1.5
459.48 1.49
464.07 1.48
468.71 1.47
473.4 1.46
478.13 1.46
482.91 1.47
487.74 1.47
492.62 1.48
497.55 1.49
502.52 1.51
507.55 1.52
512.62 1.54
517.75 1.54
522.93 1.54
528.16 1.53
533.44 1.5
538.77 1.46
544.16 1.41
549.6 1.36
555.1 1.3
560.65 1.23
566.25 1.16
571.92 1.09
577.64 1.03
583.41 0.97
589.25 0.94
595.14 0.92
601.09 0.93
607.1 0.96
613.17 1.01
619.3 1.06
625.5 1.12
631.75 1.17
638.07 1.2
644.45 1.21
650.89 1.2
657.4 1.16
663.98 1.11
670.62 1.05
677.32 0.97
684.1 0.88
690.94 0.79
697.85 0.68
704.83 0.56
711.87 0.43
718.99 0.31
726.18 0.19
733.44 0.1
740.78 0.04
748.19 0.01
755.67 0.03
763.23 0.07
770.86 0.16
778.57 0.28
786.35 0.43
794.22 0.59
802.16 0.75
810.18 0.89
818.28 1.02
826.46 1.1
834.73 1.16
843.08 1.19
851.51 1.18
860.02 1.17
868.62 1.14
877.31 1.11
886.08 1.07
894.94 1.03
903.89 0.98
912.93 0.91
922.06 0.83
931.28 0.74
940.59 0.61
950 0.48
959.5 0.34
969.09 0.22
978.78 0.13
988.57 0.05
998.46 0.01
1008.44 -0.04
1018.53 -0.09
1028.71 -0.16
1039 -0.25
1049.39 -0.34
1059.88 -0.44
1070.48 -0.56
1081.19 -0.67
1092 -0.79
1102.92 -0.91
1113.95 -1.04
1125.09 -1.17
1136.34 -1.3
1147.7 -1.44
1159.18 -1.57
1170.77 -1.7
1182.48 -1.82
1194.3 -1.94
1206.25 -2.05
1218.31 -2.15
1230.49 -2.24
1242.8 -2.32
1255.22 -2.39
1267.78 -2.46
1280.45 -2.52
1293.26 -2.57
1306.19 -2.62
1319.25 -2.67
1332.45 -2.72
1345.77 -2.76
1359.23 -2.79
1372.82 -2.8
1386.55 -2.78
1400.41 -2.75
1414.42 -2.69
1428.56 -2.6
1442.85 -2.49
1457.28 -2.37
1471.85 -2.24
1486.57 -2.1
1501.43 -1.96
1516.45 -1.84
1531.61 -1.74
1546.93 -1.65
1562.4 -1.6
1578.02 -1.56
1593.8 -1.54
1609.74 -1.54
1625.84 -1.54
1642.1 -1.56
1658.52 -1.58
1675.1 -1.6
1691.85 -1.63
1708.77 -1.66
1725.86 -1.67
1743.12 -1.65
1760.55 -1.61
1778.15 -1.51
1795.94 -1.38
1813.9 -1.21
1832.03 -1.02
1850.36 -0.83
1868.86 -0.63
1887.55 -0.42
1906.42 -0.22
1925.49 -0.01
1944.74 0.2
1964.19 0.4
1983.83 0.58
2003.67 0.74
2023.71 0.86
2043.94 0.95
2064.38 1.02
2085.03 1.08
2105.88 1.12
2126.94 1.16
2148.2 1.19
2169.69 1.19
2191.38 1.18
2213.3 1.14
2235.43 1.08
2257.78 1.03
2280.36 0.99
2303.17 0.99
2326.2 1
2349.46 1.02
2372.95 1.04
2396.68 1.07
2420.65 1.1
2444.86 1.16
2469.31 1.25
2494 1.37
2518.94 1.51
2544.13 1.66
2569.57 1.8
2595.27 1.92
2621.22 2
2647.43 2.06
2673.9 2.09
2700.64 2.09
2727.65 2.08
2754.93 2.06
2782.48 2.01
2810.3 1.93
2838.4 1.82
2866.79 1.66
2895.46 1.45
2924.41 1.23
2953.65 1
2983.19 0.85
3013.02 0.79
3043.15 0.82
3073.58 1.05
3104.32 1.34
3135.36 1.7
3166.72 2.07
3198.38 2.39
3230.37 2.66
3262.67 2.83
3295.3 2.94
3328.25 3
3361.53 3.02
3395.15 3.02
3429.1 3.01
3463.39 3
3498.03 2.99
3533.01 2.98
3568.34 2.96
3604.02 2.91
3640.06 2.84
3676.46 2.74
3713.22 2.59
3750.36 2.4
3787.86 2.19
3825.74 1.94
3864 1.69
3902.64 1.43
3941.66 1.17
3981.08 0.88
4020.89 0.56
4061.1 0.2
4101.71 -0.22
4142.73 -0.65
4184.15 -1.09
4226 -1.48
4268.26 -1.79
4310.94 -2.03
4354.05 -2.17
4397.59 -2.22
4441.56 -2.21
4485.98 -2.13
4530.84 -2.03
4576.15 -1.93
4621.91 -1.83
4668.13 -1.73
4714.81 -1.63
4761.96 -1.51
4809.58 -1.37
4857.67 -1.24
4906.25 -1.11
4955.31 -1.04
5004.87 -1.03
5054.91 -1.05
5105.46 -1.13
5156.52 -1.21
5208.08 -1.29
5260.16 -1.34
5312.77 -1.33
5365.89 -1.3
5419.55 -1.22
5473.75 -1.11
5528.49 -0.98
5583.77 -0.84
5639.61 -0.69
5696 -0.55
5752.96 -0.41
5810.49 -0.29
5868.6 -0.21
5927.28 -0.17
5986.56 -0.2
6046.42 -0.33
6106.89 -0.52
6167.96 -0.8
6229.64 -1.15
6291.93 -1.54
6354.85 -1.93
6418.4 -2.28
6482.58 -2.56
6547.41 -2.76
6612.88 -2.78
6679.01 -2.7
6745.8 -2.52
6813.26 -2.25
6881.39 -1.95
6950.21 -1.63
7019.71 -1.3
7089.91 -0.93
7160.81 -0.52
7232.41 -0.07
7304.74 0.45
7377.79 1
7451.56 1.56
7526.08 2.1
7601.34 2.6
7677.35 3.05
7754.13 3.4
7831.67 3.69
7909.98 3.95
7989.08 4.18
8068.98 4.45
8149.67 4.76
8231.16 5.16
8313.47 5.66
8396.61 6.21
8480.57 6.82
8565.38 7.42
8651.03 7.98
8737.54 8.46
8824.92 8.74
8913.17 8.83
9002.3 8.75
9092.32 8.35
9183.25 7.74
9275.08 6.98
9367.83 6.06
9461.51 5.07
9556.12 4.07
9651.68 3.09
9748.2 2.18
9845.68 1.33
9944.14 0.55
10043.58 -0.1
10144.02 -0.67
10245.46 -1.17
10347.91 -1.58
10451.39 -1.96
10555.91 -2.34
10661.46 -2.74
10768.08 -3.17
10875.76 -3.63
10984.52 -4.1
11094.36 -4.48
11205.31 -4.75
11317.36 -4.85
11430.53 -4.73
11544.84 -4.56
11660.29 -4.36
11776.89 -4.43
11894.66 -4.79
12013.6 -5.43
12133.74 -6.52
12255.08 -7.68
12377.63 -8.85
12501.41 -9.8
12626.42 -10.36
12752.68 -10.59
12880.21 -10.38
13009.01 -9.8
13139.1 -9.11
13270.49 -8.36
13403.2 -7.77
13537.23 -7.29
13672.6 -6.9
13809.33 -6.59
13947.42 -6.26
14086.9 -5.9
14227.77 -5.47
14370.04 -5.03
14513.74 -4.62
14658.88 -4.31
14805.47 -4.25
14953.52 -4.39
15103.06 -4.81
15254.09 -5.48
15406.63 -6.23
15560.7 -7.02
15716.3 -7.75
15873.47 -8.41
16032.2 -9
16192.52 -9.41
16354.45 -9.66
16517.99 -9.76
16683.17 -9.61
16850.01 -9.34
17018.51 -9.04
17188.69 -8.8
17360.58 -8.86
17534.18 -9.17
17709.53 -9.81
17886.62 -10.9
18065.49 -12.16
18246.14 -13.56
18428.6 -14.82
18612.89 -15.77
18799.02 -16.4
18987.01 -16.4
19176.88 -16.13
19368.65 -15.72
19562.33 -15.33
19757.96 -15.26
19955.54 -15.41