20 8.24
20.2 8.27
20.4 8.3
20.61 8.34
20.81 8.37
21.02 8.4
21.23 8.44
21.44 8.47
21.66 8.51
21.87 8.54
22.09 8.58
22.31 8.61
22.54 8.64
22.76 8.67
22.99 8.7
23.22 8.73
23.45 8.76
23.69 8.79
23.92 8.81
24.16 8.84
24.4 8.86
24.65 8.88
24.89 8.91
25.14 8.93
25.39 8.95
25.65 8.98
25.91 9
26.16 9.02
26.43 9.05
26.69 9.07
26.96 9.09
27.23 9.11
27.5 9.14
27.77 9.16
28.05 9.18
28.33 9.2
28.62 9.22
28.9 9.25
29.19 9.27
29.48 9.29
29.78 9.3
30.08 9.32
30.38 9.34
30.68 9.36
30.99 9.37
31.3 9.39
31.61 9.4
31.93 9.42
32.24 9.43
32.57 9.44
32.89 9.45
33.22 9.46
33.55 9.47
33.89 9.48
34.23 9.49
34.57 9.5
34.92 9.51
35.27 9.52
35.62 9.52
35.97 9.53
36.33 9.54
36.7 9.55
37.06 9.55
37.43 9.56
37.81 9.57
38.19 9.57
38.57 9.58
38.95 9.58
39.34 9.58
39.74 9.58
40.14 9.59
40.54 9.59
40.94 9.59
41.35 9.59
41.76 9.59
42.18 9.59
42.6 9.58
43.03 9.58
43.46 9.58
43.9 9.57
44.33 9.57
44.78 9.56
45.23 9.56
45.68 9.55
46.13 9.55
46.6 9.54
47.06 9.54
47.53 9.53
48.01 9.52
48.49 9.51
48.97 9.51
49.46 9.5
49.96 9.49
50.46 9.48
50.96 9.47
51.47 9.46
51.99 9.44
52.51 9.43
53.03 9.42
53.56 9.4
54.1 9.39
54.64 9.37
55.18 9.36
55.74 9.34
56.29 9.32
56.86 9.31
57.42 9.29
58 9.27
58.58 9.25
59.16 9.23
59.76 9.21
60.35 9.19
60.96 9.17
61.57 9.15
62.18 9.13
62.8 9.11
63.43 9.09
64.07 9.07
64.71 9.04
65.35 9.02
66.01 8.99
66.67 8.97
67.33 8.94
68.01 8.92
68.69 8.89
69.37 8.86
70.07 8.84
70.77 8.81
71.48 8.78
72.19 8.75
72.91 8.72
73.64 8.69
74.38 8.66
75.12 8.63
75.87 8.6
76.63 8.57
77.4 8.54
78.17 8.51
78.95 8.47
79.74 8.44
80.54 8.41
81.35 8.37
82.16 8.34
82.98 8.3
83.81 8.27
84.65 8.23
85.5 8.2
86.35 8.16
87.22 8.12
88.09 8.09
88.97 8.05
89.86 8.01
90.76 7.97
91.66 7.93
92.58 7.89
93.51 7.85
94.44 7.81
95.39 7.77
96.34 7.73
97.3 7.68
98.28 7.64
99.26 7.6
100.25 7.56
101.25 7.51
102.27 7.47
103.29 7.43
104.32 7.39
105.37 7.34
106.42 7.3
107.48 7.26
108.56 7.21
109.64 7.17
110.74 7.12
111.85 7.08
112.97 7.03
114.1 6.99
115.24 6.95
116.39 6.9
117.55 6.86
118.73 6.81
119.92 6.76
121.12 6.71
122.33 6.66
123.55 6.61
124.79 6.56
126.03 6.51
127.29 6.45
128.57 6.4
129.85 6.35
131.15 6.3
132.46 6.25
133.79 6.2
135.12 6.16
136.48 6.11
137.84 6.06
139.22 6.02
140.61 5.97
142.02 5.93
143.44 5.89
144.87 5.84
146.32 5.8
147.78 5.76
149.26 5.72
150.75 5.68
152.26 5.64
153.78 5.6
155.32 5.56
156.88 5.52
158.44 5.47
160.03 5.43
161.63 5.39
163.24 5.34
164.88 5.3
166.53 5.26
168.19 5.21
169.87 5.17
171.57 5.12
173.29 5.07
175.02 5.03
176.77 4.98
178.54 4.93
180.32 4.89
182.13 4.84
183.95 4.79
185.79 4.75
187.65 4.7
189.52 4.66
191.42 4.61
193.33 4.57
195.27 4.52
197.22 4.48
199.19 4.43
201.18 4.38
203.19 4.34
205.23 4.29
207.28 4.24
209.35 4.2
211.44 4.15
213.56 4.1
215.69 4.06
217.85 4.01
220.03 3.97
222.23 3.92
224.45 3.88
226.7 3.83
228.96 3.79
231.25 3.74
233.57 3.7
235.9 3.66
238.26 3.61
240.64 3.57
243.05 3.52
245.48 3.48
247.93 3.44
250.41 3.39
252.92 3.35
255.45 3.3
258 3.26
260.58 3.21
263.19 3.17
265.82 3.12
268.48 3.08
271.16 3.04
273.87 2.99
276.61 2.95
279.38 2.91
282.17 2.87
284.99 2.83
287.84 2.79
290.72 2.75
293.63 2.71
296.57 2.67
299.53 2.63
302.53 2.59
305.55 2.54
308.61 2.5
311.69 2.46
314.81 2.42
317.96 2.37
321.14 2.33
324.35 2.28
327.59 2.24
330.87 2.19
334.18 2.14
337.52 2.1
340.9 2.05
344.3 2
347.75 1.95
351.23 1.9
354.74 1.86
358.28 1.81
361.87 1.76
365.49 1.71
369.14 1.66
372.83 1.61
376.56 1.56
380.33 1.52
384.13 1.47
387.97 1.42
391.85 1.37
395.77 1.32
399.73 1.27
403.72 1.22
407.76 1.17
411.84 1.12
415.96 1.07
420.12 1.03
424.32 0.98
428.56 0.93
432.85 0.88
437.18 0.83
441.55 0.78
445.96 0.73
450.42 0.68
454.93 0.63
459.48 0.58
464.07 0.53
468.71 0.48
473.4 0.43
478.13 0.38
482.91 0.33
487.74 0.28
492.62 0.23
497.55 0.18
502.52 0.13
507.55 0.09
512.62 0.04
517.75 -0.01
522.93 -0.06
528.16 -0.11
533.44 -0.16
538.77 -0.21
544.16 -0.26
549.6 -0.31
555.1 -0.36
560.65 -0.41
566.25 -0.46
571.92 -0.51
577.64 -0.56
583.41 -0.61
589.25 -0.66
595.14 -0.71
601.09 -0.76
607.1 -0.81
613.17 -0.85
619.3 -0.9
625.5 -0.95
631.75 -1
638.07 -1.05
644.45 -1.1
650.89 -1.15
657.4 -1.19
663.98 -1.24
670.62 -1.29
677.32 -1.33
684.1 -1.38
690.94 -1.42
697.85 -1.47
704.83 -1.51
711.87 -1.55
718.99 -1.59
726.18 -1.63
733.44 -1.67
740.78 -1.7
748.19 -1.73
755.67 -1.76
763.23 -1.79
770.86 -1.81
778.57 -1.83
786.35 -1.84
794.22 -1.84
802.16 -1.84
810.18 -1.84
818.28 -1.83
826.46 -1.8
834.73 -1.77
843.08 -1.74
851.51 -1.7
860.02 -1.65
868.62 -1.59
877.31 -1.52
886.08 -1.45
894.94 -1.37
903.89 -1.28
912.93 -1.18
922.06 -1.08
931.28 -0.97
940.59 -0.85
950 -0.72
959.5 -0.59
969.09 -0.45
978.78 -0.31
988.57 -0.17
998.46 -0.02
1008.44 0.12
1018.53 0.27
1028.71 0.41
1039 0.56
1049.39 0.7
1059.88 0.84
1070.48 0.97
1081.19 1.1
1092 1.23
1102.92 1.36
1113.95 1.48
1125.09 1.6
1136.34 1.72
1147.7 1.82
1159.18 1.93
1170.77 2.02
1182.48 2.11
1194.3 2.2
1206.25 2.28
1218.31 2.35
1230.49 2.42
1242.8 2.48
1255.22 2.53
1267.78 2.58
1280.45 2.63
1293.26 2.67
1306.19 2.7
1319.25 2.73
1332.45 2.76
1345.77 2.78
1359.23 2.8
1372.82 2.81
1386.55 2.82
1400.41 2.83
1414.42 2.83
1428.56 2.83
1442.85 2.83
1457.28 2.83
1471.85 2.82
1486.57 2.81
1501.43 2.8
1516.45 2.79
1531.61 2.77
1546.93 2.76
1562.4 2.74
1578.02 2.73
1593.8 2.71
1609.74 2.69
1625.84 2.67
1642.1 2.65
1658.52 2.63
1675.1 2.61
1691.85 2.59
1708.77 2.56
1725.86 2.54
1743.12 2.52
1760.55 2.5
1778.15 2.47
1795.94 2.45
1813.9 2.43
1832.03 2.41
1850.36 2.39
1868.86 2.37
1887.55 2.35
1906.42 2.33
1925.49 2.32
1944.74 2.3
1964.19 2.29
1983.83 2.27
2003.67 2.26
2023.71 2.25
2043.94 2.24
2064.38 2.23
2085.03 2.22
2105.88 2.22
2126.94 2.21
2148.2 2.21
2169.69 2.21
2191.38 2.2
2213.3 2.2
2235.43 2.21
2257.78 2.21
2280.36 2.21
2303.17 2.22
2326.2 2.23
2349.46 2.23
2372.95 2.24
2396.68 2.25
2420.65 2.26
2444.86 2.27
2469.31 2.29
2494 2.3
2518.94 2.31
2544.13 2.33
2569.57 2.34
2595.27 2.36
2621.22 2.37
2647.43 2.39
2673.9 2.41
2700.64 2.44
2727.65 2.46
2754.93 2.48
2782.48 2.51
2810.3 2.53
2838.4 2.56
2866.79 2.59
2895.46 2.61
2924.41 2.64
2953.65 2.67
2983.19 2.69
3013.02 2.72
3043.15 2.75
3073.58 2.78
3104.32 2.81
3135.36 2.83
3166.72 2.86
3198.38 2.89
3230.37 2.91
3262.67 2.94
3295.3 2.96
3328.25 2.99
3361.53 3.01
3395.15 3.03
3429.1 3.06
3463.39 3.08
3498.03 3.09
3533.01 3.11
3568.34 3.13
3604.02 3.14
3640.06 3.15
3676.46 3.17
3713.22 3.18
3750.36 3.18
3787.86 3.19
3825.74 3.19
3864 3.19
3902.64 3.19
3941.66 3.19
3981.08 3.18
4020.89 3.16
4061.1 3.15
4101.71 3.13
4142.73 3.1
4184.15 3.07
4226 3.03
4268.26 2.99
4310.94 2.94
4354.05 2.88
4397.59 2.82
4441.56 2.76
4485.98 2.69
4530.84 2.61
4576.15 2.53
4621.91 2.45
4668.13 2.36
4714.81 2.27
4761.96 2.19
4809.58 2.11
4857.67 2.03
4906.25 1.96
4955.31 1.89
5004.87 1.84
5054.91 1.79
5105.46 1.75
5156.52 1.73
5208.08 1.71
5260.16 1.7
5312.77 1.71
5365.89 1.73
5419.55 1.76
5473.75 1.81
5528.49 1.87
5583.77 1.94
5639.61 2.04
5696 2.15
5752.96 2.27
5810.49 2.42
5868.6 2.6
5927.28 2.79
5986.56 3
6046.42 3.25
6106.89 3.51
6167.96 3.8
6229.64 4.11
6291.93 4.44
6354.85 4.79
6418.4 5.15
6482.58 5.53
6547.41 5.9
6612.88 6.27
6679.01 6.63
6745.8 6.97
6813.26 7.27
6881.39 7.52
6950.21 7.73
7019.71 7.88
7089.91 7.96
7160.81 7.98
7232.41 7.94
7304.74 7.82
7377.79 7.66
7451.56 7.45
7526.08 7.19
7601.34 6.91
7677.35 6.62
7754.13 6.31
7831.67 6
7909.98 5.7
7989.08 5.42
8068.98 5.16
8149.67 4.92
8231.16 4.71
8313.47 4.53
8396.61 4.39
8480.57 4.27
8565.38 4.21
8651.03 4.17
8737.54 4.16
8824.92 4.22
8913.17 4.3
9002.3 4.42
9092.32 4.59
9183.25 4.81
9275.08 5.07
9367.83 5.37
9461.51 5.73
9556.12 6.11
9651.68 6.52
9748.2 6.96
9845.68 7.39
9944.14 7.8
10043.58 8.14
10144.02 8.41
10245.46 8.59
10347.91 8.6
10451.39 8.49
10555.91 8.27
10661.46 7.88
10768.08 7.38
10875.76 6.82
10984.52 6.17
11094.36 5.5
11205.31 4.83
11317.36 4.16
11430.53 3.53
11544.84 2.95
11660.29 2.4
11776.89 1.92
11894.66 1.49
12013.6 1.11
12133.74 0.79
12255.08 0.52
12377.63 0.29
12501.41 0.11
12626.42 -0.03
12752.68 -0.15
12880.21 -0.23
13009.01 -0.31
13139.1 -0.38
13270.49 -0.47
13403.2 -0.6
13537.23 -0.77
13672.6 -0.98
13809.33 -1.3
13947.42 -1.69
14086.9 -2.14
14227.77 -2.69
14370.04 -3.3
14513.74 -3.96
14658.88 -4.67
14805.47 -5.41
14953.52 -6.14
15103.06 -6.88
15254.09 -7.58
15406.63 -8.26
15560.7 -8.9
15716.3 -9.48
15873.47 -10.01
16032.2 -10.49
16192.52 -10.87
16354.45 -11.18
16517.99 -11.44
16683.17 -11.59
16850.01 -11.66
17018.51 -11.65
17188.69 -11.54
17360.58 -11.3
17534.18 -10.99
17709.53 -10.6
17886.62 -10.15
18065.49 -9.7
18246.14 -9.27
18428.6 -9.01
18612.89 -8.91
18799.02 -8.99
18987.01 -9.42
19176.88 -10.14
19368.65 -11.08
19562.33 -12.35
19757.96 -13.87
19955.54 -15.56