20 3.68
20.2 3.72
20.4 3.76
20.61 3.8
20.81 3.83
21.02 3.87
21.23 3.91
21.44 3.94
21.66 3.97
21.87 4.01
22.09 4.03
22.31 4.06
22.54 4.09
22.76 4.11
22.99 4.13
23.22 4.15
23.45 4.16
23.69 4.18
23.92 4.2
24.16 4.21
24.4 4.23
24.65 4.24
24.89 4.25
25.14 4.26
25.39 4.27
25.65 4.28
25.91 4.29
26.16 4.31
26.43 4.32
26.69 4.33
26.96 4.35
27.23 4.36
27.5 4.38
27.77 4.4
28.05 4.42
28.33 4.44
28.62 4.47
28.9 4.49
29.19 4.52
29.48 4.56
29.78 4.59
30.08 4.63
30.38 4.67
30.68 4.71
30.99 4.76
31.3 4.8
31.61 4.85
31.93 4.9
32.24 4.95
32.57 5
32.89 5.06
33.22 5.11
33.55 5.16
33.89 5.22
34.23 5.28
34.57 5.34
34.92 5.4
35.27 5.46
35.62 5.52
35.97 5.58
36.33 5.64
36.7 5.7
37.06 5.77
37.43 5.83
37.81 5.89
38.19 5.95
38.57 6.02
38.95 6.08
39.34 6.14
39.74 6.2
40.14 6.26
40.54 6.32
40.94 6.38
41.35 6.44
41.76 6.49
42.18 6.55
42.6 6.6
43.03 6.65
43.46 6.7
43.9 6.75
44.33 6.79
44.78 6.84
45.23 6.88
45.68 6.92
46.13 6.96
46.6 7
47.06 7.03
47.53 7.06
48.01 7.1
48.49 7.13
48.97 7.15
49.46 7.18
49.96 7.21
50.46 7.23
50.96 7.26
51.47 7.28
51.99 7.31
52.51 7.33
53.03 7.36
53.56 7.38
54.1 7.41
54.64 7.43
55.18 7.45
55.74 7.48
56.29 7.5
56.86 7.52
57.42 7.54
58 7.57
58.58 7.59
59.16 7.61
59.76 7.63
60.35 7.65
60.96 7.67
61.57 7.68
62.18 7.7
62.8 7.72
63.43 7.73
64.07 7.75
64.71 7.76
65.35 7.77
66.01 7.78
66.67 7.79
67.33 7.8
68.01 7.8
68.69 7.8
69.37 7.81
70.07 7.81
70.77 7.81
71.48 7.8
72.19 7.8
72.91 7.8
73.64 7.79
74.38 7.78
75.12 7.78
75.87 7.77
76.63 7.76
77.4 7.74
78.17 7.73
78.95 7.72
79.74 7.7
80.54 7.68
81.35 7.66
82.16 7.65
82.98 7.62
83.81 7.6
84.65 7.58
85.5 7.55
86.35 7.53
87.22 7.5
88.09 7.47
88.97 7.44
89.86 7.41
90.76 7.38
91.66 7.34
92.58 7.31
93.51 7.27
94.44 7.24
95.39 7.2
96.34 7.16
97.3 7.12
98.28 7.08
99.26 7.04
100.25 6.99
101.25 6.95
102.27 6.91
103.29 6.86
104.32 6.82
105.37 6.77
106.42 6.72
107.48 6.67
108.56 6.62
109.64 6.57
110.74 6.52
111.85 6.46
112.97 6.41
114.1 6.35
115.24 6.3
116.39 6.24
117.55 6.18
118.73 6.13
119.92 6.07
121.12 6.01
122.33 5.95
123.55 5.89
124.79 5.83
126.03 5.77
127.29 5.7
128.57 5.64
129.85 5.58
131.15 5.51
132.46 5.45
133.79 5.38
135.12 5.32
136.48 5.25
137.84 5.19
139.22 5.12
140.61 5.05
142.02 4.99
143.44 4.92
144.87 4.85
146.32 4.78
147.78 4.71
149.26 4.63
150.75 4.56
152.26 4.49
153.78 4.41
155.32 4.34
156.88 4.26
158.44 4.18
160.03 4.1
161.63 4.02
163.24 3.94
164.88 3.85
166.53 3.77
168.19 3.68
169.87 3.6
171.57 3.51
173.29 3.42
175.02 3.33
176.77 3.23
178.54 3.14
180.32 3.04
182.13 2.95
183.95 2.84
185.79 2.74
187.65 2.64
189.52 2.53
191.42 2.42
193.33 2.31
195.27 2.2
197.22 2.08
199.19 1.97
201.18 1.85
203.19 1.73
205.23 1.61
207.28 1.49
209.35 1.37
211.44 1.25
213.56 1.13
215.69 1.01
217.85 0.89
220.03 0.77
222.23 0.65
224.45 0.53
226.7 0.41
228.96 0.29
231.25 0.17
233.57 0.04
235.9 -0.08
238.26 -0.2
240.64 -0.32
243.05 -0.45
245.48 -0.57
247.93 -0.69
250.41 -0.82
252.92 -0.94
255.45 -1.06
258 -1.19
260.58 -1.31
263.19 -1.44
265.82 -1.56
268.48 -1.69
271.16 -1.81
273.87 -1.94
276.61 -2.06
279.38 -2.18
282.17 -2.31
284.99 -2.43
287.84 -2.56
290.72 -2.68
293.63 -2.81
296.57 -2.93
299.53 -3.06
302.53 -3.18
305.55 -3.3
308.61 -3.43
311.69 -3.55
314.81 -3.67
317.96 -3.79
321.14 -3.91
324.35 -4.03
327.59 -4.15
330.87 -4.27
334.18 -4.39
337.52 -4.51
340.9 -4.63
344.3 -4.74
347.75 -4.86
351.23 -4.98
354.74 -5.09
358.28 -5.19
361.87 -5.27
365.49 -5.36
369.14 -5.45
372.83 -5.53
376.56 -5.61
380.33 -5.68
384.13 -5.76
387.97 -5.83
391.85 -5.9
395.77 -5.96
399.73 -6.03
403.72 -6.09
407.76 -6.16
411.84 -6.23
415.96 -6.29
420.12 -6.36
424.32 -6.43
428.56 -6.5
432.85 -6.58
437.18 -6.65
441.55 -6.73
445.96 -6.81
450.42 -6.92
454.93 -7.04
459.48 -7.16
464.07 -7.27
468.71 -7.38
473.4 -7.49
478.13 -7.58
482.91 -7.66
487.74 -7.74
492.62 -7.8
497.55 -7.84
502.52 -7.87
507.55 -7.89
512.62 -7.88
517.75 -7.87
522.93 -7.84
528.16 -7.79
533.44 -7.73
538.77 -7.66
544.16 -7.59
549.6 -7.5
555.1 -7.41
560.65 -7.31
566.25 -7.21
571.92 -7.1
577.64 -6.99
583.41 -6.87
589.25 -6.74
595.14 -6.61
601.09 -6.46
607.1 -6.31
613.17 -6.15
619.3 -5.98
625.5 -5.79
631.75 -5.61
638.07 -5.4
644.45 -5.2
650.89 -4.98
657.4 -4.77
663.98 -4.54
670.62 -4.32
677.32 -4.1
684.1 -3.88
690.94 -3.66
697.85 -3.44
704.83 -3.23
711.87 -3.01
718.99 -2.81
726.18 -2.6
733.44 -2.41
740.78 -2.22
748.19 -2.04
755.67 -1.87
763.23 -1.7
770.86 -1.55
778.57 -1.41
786.35 -1.27
794.22 -1.15
802.16 -1.03
810.18 -0.93
818.28 -0.83
826.46 -0.74
834.73 -0.65
843.08 -0.58
851.51 -0.51
860.02 -0.45
868.62 -0.39
877.31 -0.34
886.08 -0.3
894.94 -0.25
903.89 -0.21
912.93 -0.18
922.06 -0.15
931.28 -0.12
940.59 -0.1
950 -0.08
959.5 -0.07
969.09 -0.05
978.78 -0.04
988.57 -0.02
998.46 0
1008.44 0.02
1018.53 0.04
1028.71 0.06
1039 0.09
1049.39 0.11
1059.88 0.14
1070.48 0.16
1081.19 0.18
1092 0.2
1102.92 0.22
1113.95 0.24
1125.09 0.26
1136.34 0.28
1147.7 0.29
1159.18 0.31
1170.77 0.32
1182.48 0.34
1194.3 0.35
1206.25 0.37
1218.31 0.4
1230.49 0.44
1242.8 0.49
1255.22 0.56
1267.78 0.64
1280.45 0.73
1293.26 0.83
1306.19 0.93
1319.25 1.04
1332.45 1.14
1345.77 1.22
1359.23 1.3
1372.82 1.37
1386.55 1.42
1400.41 1.47
1414.42 1.5
1428.56 1.54
1442.85 1.57
1457.28 1.6
1471.85 1.64
1486.57 1.68
1501.43 1.72
1516.45 1.77
1531.61 1.82
1546.93 1.87
1562.4 1.92
1578.02 1.98
1593.8 2.04
1609.74 2.1
1625.84 2.17
1642.1 2.24
1658.52 2.31
1675.1 2.38
1691.85 2.46
1708.77 2.54
1725.86 2.61
1743.12 2.69
1760.55 2.76
1778.15 2.83
1795.94 2.9
1813.9 2.97
1832.03 3.03
1850.36 3.1
1868.86 3.18
1887.55 3.25
1906.42 3.34
1925.49 3.42
1944.74 3.51
1964.19 3.61
1983.83 3.72
2003.67 3.82
2023.71 3.94
2043.94 4.06
2064.38 4.19
2085.03 4.32
2105.88 4.45
2126.94 4.58
2148.2 4.71
2169.69 4.84
2191.38 4.97
2213.3 5.1
2235.43 5.22
2257.78 5.35
2280.36 5.48
2303.17 5.61
2326.2 5.75
2349.46 5.88
2372.95 6.02
2396.68 6.17
2420.65 6.31
2444.86 6.46
2469.31 6.6
2494 6.74
2518.94 6.88
2544.13 7.01
2569.57 7.13
2595.27 7.24
2621.22 7.34
2647.43 7.43
2673.9 7.51
2700.64 7.57
2727.65 7.62
2754.93 7.67
2782.48 7.69
2810.3 7.71
2838.4 7.72
2866.79 7.71
2895.46 7.7
2924.41 7.68
2953.65 7.64
2983.19 7.59
3013.02 7.54
3043.15 7.47
3073.58 7.38
3104.32 7.28
3135.36 7.17
3166.72 7.05
3198.38 6.92
3230.37 6.79
3262.67 6.67
3295.3 6.56
3328.25 6.45
3361.53 6.35
3395.15 6.25
3429.1 6.15
3463.39 6.05
3498.03 5.94
3533.01 5.82
3568.34 5.68
3604.02 5.53
3640.06 5.38
3676.46 5.22
3713.22 5.06
3750.36 4.91
3787.86 4.76
3825.74 4.62
3864 4.5
3902.64 4.4
3941.66 4.32
3981.08 4.27
4020.89 4.25
4061.1 4.24
4101.71 4.27
4142.73 4.31
4184.15 4.36
4226 4.42
4268.26 4.47
4310.94 4.52
4354.05 4.57
4397.59 4.61
4441.56 4.64
4485.98 4.68
4530.84 4.72
4576.15 4.77
4621.91 4.82
4668.13 4.9
4714.81 4.99
4761.96 5.08
4809.58 5.2
4857.67 5.33
4906.25 5.46
4955.31 5.59
5004.87 5.71
5054.91 5.81
5105.46 5.88
5156.52 5.92
5208.08 5.94
5260.16 5.94
5312.77 5.95
5365.89 5.95
5419.55 5.98
5473.75 6.03
5528.49 6.12
5583.77 6.23
5639.61 6.38
5696 6.54
5752.96 6.72
5810.49 6.89
5868.6 7.07
5927.28 7.24
5986.56 7.41
6046.42 7.58
6106.89 7.76
6167.96 7.93
6229.64 8.11
6291.93 8.29
6354.85 8.47
6418.4 8.64
6482.58 8.8
6547.41 8.94
6612.88 9.05
6679.01 9.13
6745.8 9.18
6813.26 9.18
6881.39 9.14
6950.21 9.08
7019.71 9
7089.91 8.96
7160.81 8.95
7232.41 9.02
7304.74 9.2
7377.79 9.46
7451.56 9.8
7526.08 10.27
7601.34 10.79
7677.35 11.36
7754.13 11.95
7831.67 12.54
7909.98 13.11
7989.08 13.66
8068.98 14.19
8149.67 14.71
8231.16 15.22
8313.47 15.7
8396.61 16.15
8480.57 16.57
8565.38 16.89
8651.03 17.12
8737.54 17.26
8824.92 17.18
8913.17 16.95
9002.3 16.59
9092.32 16
9183.25 15.27
9275.08 14.45
9367.83 13.51
9461.51 12.53
9556.12 11.54
9651.68 10.57
9748.2 9.67
9845.68 8.84
9944.14 8.08
10043.58 7.46
10144.02 6.92
10245.46 6.46
10347.91 6.13
10451.39 5.88
10555.91 5.69
10661.46 5.58
10768.08 5.52
10875.76 5.49
10984.52 5.48
11094.36 5.44
11205.31 5.38
11317.36 5.26
11430.53 5.02
11544.84 4.67
11660.29 4.22
11776.89 3.52
11894.66 2.67
12013.6 1.66
12133.74 0.41
12255.08 -1.01
12377.63 -2.55
12501.41 -4.27
12626.42 -5.95
12752.68 -7.53
12880.21 -8.86
13009.01 -9.72
13139.1 -10.24
13270.49 -10.34
13403.2 -9.9
13537.23 -9.22
13672.6 -8.34
13809.33 -7.33
13947.42 -6.38
14086.9 -5.5
14227.77 -4.88
14370.04 -4.43
14513.74 -4.1
14658.88 -3.9
14805.47 -3.81
14953.52 -3.84
15103.06 -4.04
15254.09 -4.54
15406.63 -5.22
15560.7 -6.06
15716.3 -7.06
15873.47 -8.06
16032.2 -9.03
16192.52 -9.74
16354.45 -10.18
16517.99 -10.38
16683.17 -10.22
16850.01 -9.85
17018.51 -9.39
17188.69 -8.91
17360.58 -8.63
17534.18 -8.5
17709.53 -8.56
17886.62 -8.86
18065.49 -9.29
18246.14 -9.84
18428.6 -10.48
18612.89 -11.09
18799.02 -11.68
18987.01 -12.21
19176.88 -12.68
19368.65 -13.13
19562.33 -13.57
19757.96 -14.04
19955.54 -14.56