20 -14.85
20.2 -14.62
20.4 -14.39
20.61 -14.16
20.81 -13.95
21.02 -13.75
21.23 -13.55
21.44 -13.35
21.66 -13.14
21.87 -12.93
22.09 -12.7
22.31 -12.46
22.54 -12.21
22.76 -11.96
22.99 -11.7
23.22 -11.44
23.45 -11.19
23.69 -10.93
23.92 -10.69
24.16 -10.44
24.4 -10.21
24.65 -9.98
24.89 -9.75
25.14 -9.52
25.39 -9.3
25.65 -9.08
25.91 -8.86
26.16 -8.63
26.43 -8.4
26.69 -8.16
26.96 -7.92
27.23 -7.68
27.5 -7.44
27.77 -7.2
28.05 -6.96
28.33 -6.73
28.62 -6.49
28.9 -6.26
29.19 -6.03
29.48 -5.8
29.78 -5.56
30.08 -5.33
30.38 -5.09
30.68 -4.85
30.99 -4.61
31.3 -4.38
31.61 -4.16
31.93 -3.94
32.24 -3.72
32.57 -3.5
32.89 -3.28
33.22 -3.07
33.55 -2.86
33.89 -2.65
34.23 -2.44
34.57 -2.23
34.92 -2.02
35.27 -1.81
35.62 -1.6
35.97 -1.39
36.33 -1.18
36.7 -0.97
37.06 -0.77
37.43 -0.56
37.81 -0.37
38.19 -0.17
38.57 0.02
38.95 0.21
39.34 0.4
39.74 0.59
40.14 0.77
40.54 0.95
40.94 1.12
41.35 1.3
41.76 1.47
42.18 1.64
42.6 1.81
43.03 1.97
43.46 2.13
43.9 2.29
44.33 2.45
44.78 2.6
45.23 2.74
45.68 2.89
46.13 3.03
46.6 3.16
47.06 3.3
47.53 3.43
48.01 3.55
48.49 3.67
48.97 3.8
49.46 3.91
49.96 4.03
50.46 4.14
50.96 4.25
51.47 4.35
51.99 4.45
52.51 4.55
53.03 4.64
53.56 4.74
54.1 4.83
54.64 4.92
55.18 5
55.74 5.08
56.29 5.16
56.86 5.24
57.42 5.32
58 5.39
58.58 5.46
59.16 5.53
59.76 5.59
60.35 5.65
60.96 5.71
61.57 5.76
62.18 5.81
62.8 5.85
63.43 5.9
64.07 5.93
64.71 5.97
65.35 6
66.01 6.02
66.67 6.04
67.33 6.06
68.01 6.07
68.69 6.08
69.37 6.08
70.07 6.08
70.77 6.07
71.48 6.06
72.19 6.05
72.91 6.03
73.64 6.01
74.38 5.99
75.12 5.96
75.87 5.93
76.63 5.89
77.4 5.85
78.17 5.81
78.95 5.76
79.74 5.71
80.54 5.65
81.35 5.6
82.16 5.54
82.98 5.47
83.81 5.41
84.65 5.34
85.5 5.27
86.35 5.2
87.22 5.12
88.09 5.04
88.97 4.97
89.86 4.89
90.76 4.81
91.66 4.73
92.58 4.65
93.51 4.56
94.44 4.48
95.39 4.39
96.34 4.3
97.3 4.22
98.28 4.13
99.26 4.04
100.25 3.94
101.25 3.85
102.27 3.76
103.29 3.66
104.32 3.57
105.37 3.47
106.42 3.38
107.48 3.28
108.56 3.18
109.64 3.08
110.74 2.98
111.85 2.88
112.97 2.78
114.1 2.68
115.24 2.58
116.39 2.48
117.55 2.37
118.73 2.27
119.92 2.17
121.12 2.07
122.33 1.97
123.55 1.87
124.79 1.76
126.03 1.66
127.29 1.56
128.57 1.46
129.85 1.36
131.15 1.27
132.46 1.17
133.79 1.07
135.12 0.98
136.48 0.88
137.84 0.78
139.22 0.69
140.61 0.6
142.02 0.5
143.44 0.41
144.87 0.32
146.32 0.23
147.78 0.14
149.26 0.05
150.75 -0.03
152.26 -0.12
153.78 -0.21
155.32 -0.29
156.88 -0.37
158.44 -0.45
160.03 -0.53
161.63 -0.61
163.24 -0.69
164.88 -0.76
166.53 -0.83
168.19 -0.9
169.87 -0.97
171.57 -1.04
173.29 -1.11
175.02 -1.17
176.77 -1.23
178.54 -1.3
180.32 -1.35
182.13 -1.41
183.95 -1.47
185.79 -1.52
187.65 -1.57
189.52 -1.62
191.42 -1.67
193.33 -1.72
195.27 -1.77
197.22 -1.81
199.19 -1.86
201.18 -1.9
203.19 -1.94
205.23 -1.98
207.28 -2.02
209.35 -2.06
211.44 -2.1
213.56 -2.14
215.69 -2.17
217.85 -2.21
220.03 -2.24
222.23 -2.28
224.45 -2.31
226.7 -2.35
228.96 -2.38
231.25 -2.41
233.57 -2.44
235.9 -2.47
238.26 -2.5
240.64 -2.53
243.05 -2.56
245.48 -2.59
247.93 -2.61
250.41 -2.64
252.92 -2.66
255.45 -2.68
258 -2.7
260.58 -2.72
263.19 -2.74
265.82 -2.76
268.48 -2.78
271.16 -2.8
273.87 -2.81
276.61 -2.83
279.38 -2.85
282.17 -2.86
284.99 -2.88
287.84 -2.89
290.72 -2.9
293.63 -2.91
296.57 -2.92
299.53 -2.93
302.53 -2.94
305.55 -2.95
308.61 -2.96
311.69 -2.96
314.81 -2.97
317.96 -2.97
321.14 -2.98
324.35 -2.98
327.59 -2.98
330.87 -2.98
334.18 -2.98
337.52 -2.98
340.9 -2.98
344.3 -2.98
347.75 -2.98
351.23 -2.98
354.74 -2.99
358.28 -3.08
361.87 -3.16
365.49 -3.24
369.14 -3.31
372.83 -3.38
376.56 -3.44
380.33 -3.5
384.13 -3.55
387.97 -3.59
391.85 -3.64
395.77 -3.67
399.73 -3.7
403.72 -3.72
407.76 -3.73
411.84 -3.74
415.96 -3.74
420.12 -3.73
424.32 -3.72
428.56 -3.7
432.85 -3.68
437.18 -3.64
441.55 -3.6
445.96 -3.56
450.42 -3.49
454.93 -3.42
459.48 -3.35
464.07 -3.28
468.71 -3.21
473.4 -3.14
478.13 -3.07
482.91 -3
487.74 -2.93
492.62 -2.86
497.55 -2.78
502.52 -2.71
507.55 -2.64
512.62 -2.58
517.75 -2.51
522.93 -2.44
528.16 -2.38
533.44 -2.32
538.77 -2.26
544.16 -2.21
549.6 -2.16
555.1 -2.11
560.65 -2.07
566.25 -2.03
571.92 -1.99
577.64 -1.96
583.41 -1.93
589.25 -1.91
595.14 -1.89
601.09 -1.88
607.1 -1.87
613.17 -1.86
619.3 -1.86
625.5 -1.86
631.75 -1.87
638.07 -1.88
644.45 -1.88
650.89 -1.89
657.4 -1.89
663.98 -1.89
670.62 -1.89
677.32 -1.87
684.1 -1.85
690.94 -1.83
697.85 -1.8
704.83 -1.76
711.87 -1.72
718.99 -1.68
726.18 -1.63
733.44 -1.58
740.78 -1.53
748.19 -1.49
755.67 -1.44
763.23 -1.4
770.86 -1.36
778.57 -1.32
786.35 -1.28
794.22 -1.25
802.16 -1.21
810.18 -1.17
818.28 -1.13
826.46 -1.08
834.73 -1.03
843.08 -0.98
851.51 -0.92
860.02 -0.86
868.62 -0.8
877.31 -0.73
886.08 -0.67
894.94 -0.6
903.89 -0.53
912.93 -0.47
922.06 -0.4
931.28 -0.34
940.59 -0.28
950 -0.23
959.5 -0.17
969.09 -0.13
978.78 -0.08
988.57 -0.04
998.46 0
1008.44 0.03
1018.53 0.05
1028.71 0.07
1039 0.09
1049.39 0.11
1059.88 0.12
1070.48 0.14
1081.19 0.16
1092 0.18
1102.92 0.2
1113.95 0.22
1125.09 0.25
1136.34 0.28
1147.7 0.33
1159.18 0.37
1170.77 0.43
1182.48 0.51
1194.3 0.58
1206.25 0.67
1218.31 0.76
1230.49 0.85
1242.8 0.94
1255.22 1.03
1267.78 1.1
1280.45 1.17
1293.26 1.23
1306.19 1.29
1319.25 1.34
1332.45 1.4
1345.77 1.45
1359.23 1.5
1372.82 1.55
1386.55 1.6
1400.41 1.65
1414.42 1.7
1428.56 1.75
1442.85 1.79
1457.28 1.83
1471.85 1.87
1486.57 1.91
1501.43 1.94
1516.45 1.98
1531.61 2.01
1546.93 2.04
1562.4 2.07
1578.02 2.11
1593.8 2.14
1609.74 2.17
1625.84 2.21
1642.1 2.24
1658.52 2.27
1675.1 2.31
1691.85 2.34
1708.77 2.38
1725.86 2.41
1743.12 2.43
1760.55 2.46
1778.15 2.49
1795.94 2.52
1813.9 2.55
1832.03 2.6
1850.36 2.65
1868.86 2.71
1887.55 2.78
1906.42 2.85
1925.49 2.93
1944.74 3.01
1964.19 3.08
1983.83 3.15
2003.67 3.23
2023.71 3.3
2043.94 3.37
2064.38 3.45
2085.03 3.53
2105.88 3.61
2126.94 3.7
2148.2 3.79
2169.69 3.89
2191.38 3.99
2213.3 4.09
2235.43 4.2
2257.78 4.31
2280.36 4.42
2303.17 4.53
2326.2 4.65
2349.46 4.77
2372.95 4.89
2396.68 5.02
2420.65 5.15
2444.86 5.28
2469.31 5.43
2494 5.57
2518.94 5.73
2544.13 5.89
2569.57 6.06
2595.27 6.22
2621.22 6.39
2647.43 6.56
2673.9 6.72
2700.64 6.88
2727.65 7.03
2754.93 7.17
2782.48 7.3
2810.3 7.42
2838.4 7.53
2866.79 7.63
2895.46 7.72
2924.41 7.8
2953.65 7.86
2983.19 7.91
3013.02 7.94
3043.15 7.96
3073.58 7.94
3104.32 7.91
3135.36 7.85
3166.72 7.76
3198.38 7.65
3230.37 7.54
3262.67 7.41
3295.3 7.28
3328.25 7.15
3361.53 7.02
3395.15 6.89
3429.1 6.76
3463.39 6.62
3498.03 6.46
3533.01 6.29
3568.34 6.09
3604.02 5.86
3640.06 5.6
3676.46 5.31
3713.22 4.99
3750.36 4.63
3787.86 4.26
3825.74 3.86
3864 3.43
3902.64 2.99
3941.66 2.53
3981.08 2.04
4020.89 1.55
4061.1 1.05
4101.71 0.56
4142.73 0.09
4184.15 -0.36
4226 -0.79
4268.26 -1.19
4310.94 -1.59
4354.05 -1.98
4397.59 -2.39
4441.56 -2.81
4485.98 -3.26
4530.84 -3.74
4576.15 -4.24
4621.91 -4.74
4668.13 -5.17
4714.81 -5.52
4761.96 -5.78
4809.58 -5.83
4857.67 -5.73
4906.25 -5.48
4955.31 -4.98
5004.87 -4.37
5054.91 -3.68
5105.46 -2.94
5156.52 -2.28
5208.08 -1.7
5260.16 -1.27
5312.77 -1.05
5365.89 -0.95
5419.55 -1
5473.75 -1.17
5528.49 -1.37
5583.77 -1.59
5639.61 -1.78
5696 -1.91
5752.96 -2.01
5810.49 -2.03
5868.6 -2.02
5927.28 -1.98
5986.56 -1.9
6046.42 -1.78
6106.89 -1.63
6167.96 -1.44
6229.64 -1.21
6291.93 -0.95
6354.85 -0.66
6418.4 -0.36
6482.58 -0.06
6547.41 0.23
6612.88 0.48
6679.01 0.7
6745.8 0.9
6813.26 1.06
6881.39 1.22
6950.21 1.37
7019.71 1.53
7089.91 1.74
7160.81 1.99
7232.41 2.3
7304.74 2.69
7377.79 3.14
7451.56 3.65
7526.08 4.22
7601.34 4.81
7677.35 5.4
7754.13 5.95
7831.67 6.44
7909.98 6.86
7989.08 7.16
8068.98 7.32
8149.67 7.4
8231.16 7.35
8313.47 7.18
8396.61 6.96
8480.57 6.69
8565.38 6.39
8651.03 6.09
8737.54 5.81
8824.92 5.6
8913.17 5.43
9002.3 5.32
9092.32 5.3
9183.25 5.37
9275.08 5.48
9367.83 5.66
9461.51 5.86
9556.12 6.04
9651.68 6.18
9748.2 6.21
9845.68 6.13
9944.14 5.93
10043.58 5.51
10144.02 4.97
10245.46 4.3
10347.91 3.44
10451.39 2.49
10555.91 1.46
10661.46 0.34
10768.08 -0.81
10875.76 -1.98
10984.52 -3.13
11094.36 -4.22
11205.31 -5.26
11317.36 -6.21
11430.53 -7.02
11544.84 -7.72
11660.29 -8.31
11776.89 -8.67
11894.66 -8.87
12013.6 -8.93
12133.74 -8.75
12255.08 -8.42
12377.63 -7.98
12501.41 -7.44
12626.42 -6.88
12752.68 -6.33
12880.21 -5.84
13009.01 -5.49
13139.1 -5.24
13270.49 -5.11
13403.2 -5.13
13537.23 -5.24
13672.6 -5.42
13809.33 -5.72
13947.42 -6.08
14086.9 -6.51
14227.77 -7.05
14370.04 -7.7
14513.74 -8.43
14658.88 -9.24
14805.47 -10.07
14953.52 -10.89
15103.06 -11.67
15254.09 -12.36
15406.63 -13
15560.7 -13.57
15716.3 -14
15873.47 -14.34
16032.2 -14.57
16192.52 -14.67
16354.45 -14.7
16517.99 -14.65
16683.17 -14.5
16850.01 -14.28
17018.51 -14.02
17188.69 -13.71
17360.58 -13.44
17534.18 -13.25
17709.53 -13.19
17886.62 -13.29
18065.49 -13.49
18246.14 -13.77
18428.6 -14.24
18612.89 -14.76
18799.02 -15.33
18987.01 -15.96
19176.88 -16.57
19368.65 -17.14
19562.33 -17.61
19757.96 -18.04
19955.54 -18.46