20 14.56
20.2 14.57
20.4 14.57
20.61 14.57
20.81 14.57
21.02 14.57
21.23 14.57
21.44 14.57
21.66 14.57
21.87 14.57
22.09 14.57
22.31 14.57
22.54 14.57
22.76 14.53
22.99 14.53
23.22 14.5
23.45 14.49
23.69 14.49
23.92 14.47
24.16 14.47
24.4 14.47
24.65 14.47
24.89 14.47
25.14 14.47
25.39 14.47
25.65 14.47
25.91 14.47
26.16 14.44
26.43 14.44
26.69 14.44
26.96 14.4
27.23 14.4
27.5 14.4
27.77 14.39
28.05 14.36
28.33 14.36
28.62 14.36
28.9 14.36
29.19 14.36
29.48 14.34
29.78 14.34
30.08 14.33
30.38 14.31
30.68 14.31
30.99 14.29
31.3 14.27
31.61 14.27
31.93 14.27
32.24 14.27
32.57 14.27
32.89 14.27
33.22 14.27
33.55 14.23
33.89 14.23
34.23 14.2
34.57 14.18
34.92 14.16
35.27 14.14
35.62 14.14
35.97 14.14
36.33 14.12
36.7 14.1
37.06 14.07
37.43 14.05
37.81 14.01
38.19 14.01
38.57 14.01
38.95 13.97
39.34 13.97
39.74 13.95
40.14 13.92
40.54 13.89
40.94 13.88
41.35 13.85
41.76 13.84
42.18 13.81
42.6 13.79
43.03 13.75
43.46 13.74
43.9 13.71
44.33 13.68
44.78 13.66
45.23 13.62
45.68 13.61
46.13 13.58
46.6 13.53
47.06 13.5
47.53 13.47
48.01 13.44
48.49 13.41
48.97 13.36
49.46 13.34
49.96 13.3
50.46 13.27
50.96 13.22
51.47 13.19
51.99 13.16
52.51 13.12
53.03 13.08
53.56 13.05
54.1 13.02
54.64 12.97
55.18 12.92
55.74 12.87
56.29 12.82
56.86 12.78
57.42 12.73
58 12.69
58.58 12.65
59.16 12.59
59.76 12.55
60.35 12.47
60.96 12.43
61.57 12.39
62.18 12.34
62.8 12.28
63.43 12.22
64.07 12.16
64.71 12.1
65.35 12.04
66.01 11.98
66.67 11.92
67.33 11.86
68.01 11.8
68.69 11.74
69.37 11.68
70.07 11.61
70.77 11.56
71.48 11.49
72.19 11.42
72.91 11.34
73.64 11.28
74.38 11.22
75.12 11.14
75.87 11.07
76.63 11
77.4 10.92
78.17 10.86
78.95 10.8
79.74 10.69
80.54 10.63
81.35 10.53
82.16 10.45
82.98 10.37
83.81 10.26
84.65 10.16
85.5 10.08
86.35 9.98
87.22 9.87
88.09 9.77
88.97 9.67
89.86 9.56
90.76 9.46
91.66 9.36
92.58 9.23
93.51 9.11
94.44 8.98
95.39 8.86
96.34 8.73
97.3 8.59
98.28 8.45
99.26 8.32
100.25 8.17
101.25 8.03
102.27 7.87
103.29 7.72
104.32 7.56
105.37 7.37
106.42 7.2
107.48 7.01
108.56 6.82
109.64 6.64
110.74 6.46
111.85 6.32
112.97 6.17
114.1 6.07
115.24 6
116.39 5.97
117.55 6.02
118.73 6.21
119.92 6.54
121.12 6.96
122.33 7.46
123.55 7.95
124.79 8.4
126.03 8.82
127.29 9.17
128.57 9.46
129.85 9.72
131.15 9.95
132.46 10.11
133.79 10.24
135.12 10.23
136.48 10.13
137.84 10.01
139.22 9.84
140.61 9.63
142.02 9.45
143.44 9.27
144.87 9.06
146.32 8.85
147.78 8.67
149.26 8.51
150.75 8.34
152.26 8.18
153.78 8
155.32 7.83
156.88 7.67
158.44 7.52
160.03 7.37
161.63 7.26
163.24 7.12
164.88 6.98
166.53 6.84
168.19 6.7
169.87 6.57
171.57 6.44
173.29 6.29
175.02 6.17
176.77 6.06
178.54 5.96
180.32 5.83
182.13 5.71
183.95 5.6
185.79 5.48
187.65 5.37
189.52 5.24
191.42 5.13
193.33 5
195.27 4.9
197.22 4.8
199.19 4.67
201.18 4.55
203.19 4.44
205.23 4.34
207.28 4.24
209.35 4.12
211.44 4.01
213.56 3.88
215.69 3.78
217.85 3.68
220.03 3.58
222.23 3.47
224.45 3.37
226.7 3.27
228.96 3.16
231.25 3.06
233.57 2.98
235.9 2.88
238.26 2.77
240.64 2.69
243.05 2.61
245.48 2.52
247.93 2.45
250.41 2.37
252.92 2.3
255.45 2.22
258 2.15
260.58 2.08
263.19 2.01
265.82 1.94
268.48 1.86
271.16 1.81
273.87 1.77
276.61 1.72
279.38 1.66
282.17 1.6
284.99 1.55
287.84 1.51
290.72 1.47
293.63 1.41
296.57 1.35
299.53 1.29
302.53 1.26
305.55 1.21
308.61 1.16
311.69 1.12
314.81 1.08
317.96 1.03
321.14 0.97
324.35 0.93
327.59 0.89
330.87 0.86
334.18 0.84
337.52 0.8
340.9 0.79
344.3 0.75
347.75 0.73
351.23 0.71
354.74 0.67
358.28 0.64
361.87 0.62
365.49 0.61
369.14 0.58
372.83 0.58
376.56 0.54
380.33 0.54
384.13 0.49
387.97 0.49
391.85 0.49
395.77 0.45
399.73 0.45
403.72 0.44
407.76 0.41
411.84 0.41
415.96 0.38
420.12 0.36
424.32 0.36
428.56 0.32
432.85 0.32
437.18 0.32
441.55 0.32
445.96 0.31
450.42 0.28
454.93 0.27
459.48 0.23
464.07 0.23
468.71 0.23
473.4 0.2
478.13 0.19
482.91 0.22
487.74 0.23
492.62 0.23
497.55 0.24
502.52 0.28
507.55 0.28
512.62 0.28
517.75 0.28
522.93 0.28
528.16 0.28
533.44 0.32
538.77 0.32
544.16 0.32
549.6 0.32
555.1 0.32
560.65 0.32
566.25 0.28
571.92 0.28
577.64 0.28
583.41 0.28
589.25 0.28
595.14 0.27
601.09 0.23
607.1 0.23
613.17 0.19
619.3 0.19
625.5 0.16
631.75 0.15
638.07 0.15
644.45 0.15
650.89 0.1
657.4 0.1
663.98 0.1
670.62 0.1
677.32 0.06
684.1 0.06
690.94 0.06
697.85 0.04
704.83 0.02
711.87 0.02
718.99 0.02
726.18 -0.03
733.44 -0.03
740.78 -0.03
748.19 -0.03
755.67 -0.03
763.23 -0.03
770.86 -0.07
778.57 -0.07
786.35 -0.07
794.22 -0.07
802.16 -0.09
810.18 -0.11
818.28 -0.11
826.46 -0.11
834.73 -0.11
843.08 -0.11
851.51 -0.11
860.02 -0.11
868.62 -0.11
877.31 -0.11
886.08 -0.11
894.94 -0.11
903.89 -0.09
912.93 -0.07
922.06 -0.07
931.28 -0.07
940.59 -0.07
950 -0.03
959.5 -0.03
969.09 -0.05
978.78 -0.04
988.57 -0.03
998.46 0
1008.44 0.02
1018.53 0.06
1028.71 0.09
1039 0.12
1049.39 0.15
1059.88 0.18
1070.48 0.24
1081.19 0.3
1092 0.35
1102.92 0.42
1113.95 0.48
1125.09 0.55
1136.34 0.62
1147.7 0.7
1159.18 0.77
1170.77 0.85
1182.48 0.92
1194.3 0.99
1206.25 1.05
1218.31 1.11
1230.49 1.17
1242.8 1.24
1255.22 1.31
1267.78 1.38
1280.45 1.42
1293.26 1.49
1306.19 1.55
1319.25 1.6
1332.45 1.65
1345.77 1.71
1359.23 1.77
1372.82 1.81
1386.55 1.86
1400.41 1.9
1414.42 1.95
1428.56 2
1442.85 2.06
1457.28 2.1
1471.85 2.16
1486.57 2.2
1501.43 2.25
1516.45 2.29
1531.61 2.34
1546.93 2.4
1562.4 2.43
1578.02 2.49
1593.8 2.55
1609.74 2.59
1625.84 2.64
1642.1 2.69
1658.52 2.76
1675.1 2.81
1691.85 2.88
1708.77 2.95
1725.86 3.03
1743.12 3.1
1760.55 3.17
1778.15 3.25
1795.94 3.33
1813.9 3.39
1832.03 3.49
1850.36 3.56
1868.86 3.66
1887.55 3.76
1906.42 3.84
1925.49 3.95
1944.74 4.05
1964.19 4.15
1983.83 4.28
2003.67 4.4
2023.71 4.51
2043.94 4.63
2064.38 4.77
2085.03 4.88
2105.88 5.03
2126.94 5.15
2148.2 5.28
2169.69 5.42
2191.38 5.57
2213.3 5.7
2235.43 5.84
2257.78 6
2280.36 6.15
2303.17 6.32
2326.2 6.48
2349.46 6.63
2372.95 6.79
2396.68 6.96
2420.65 7.12
2444.86 7.28
2469.31 7.45
2494 7.6
2518.94 7.78
2544.13 7.94
2569.57 8.13
2595.27 8.3
2621.22 8.48
2647.43 8.66
2673.9 8.84
2700.64 8.99
2727.65 9.17
2754.93 9.34
2782.48 9.49
2810.3 9.64
2838.4 9.79
2866.79 9.92
2895.46 10.06
2924.41 10.2
2953.65 10.32
2983.19 10.43
3013.02 10.56
3043.15 10.66
3073.58 10.72
3104.32 10.82
3135.36 10.91
3166.72 10.98
3198.38 11.03
3230.37 11.09
3262.67 11.16
3295.3 11.21
3328.25 11.26
3361.53 11.29
3395.15 11.32
3429.1 11.37
3463.39 11.4
3498.03 11.43
3533.01 11.48
3568.34 11.51
3604.02 11.59
3640.06 11.65
3676.46 11.71
3713.22 11.79
3750.36 11.85
3787.86 11.91
3825.74 11.97
3864 12.03
3902.64 12.08
3941.66 12.13
3981.08 12.15
4020.89 12.15
4061.1 12.15
4101.71 12.15
4142.73 12.1
4184.15 12.05
4226 11.99
4268.26 11.91
4310.94 11.83
4354.05 11.72
4397.59 11.6
4441.56 11.47
4485.98 11.37
4530.84 11.24
4576.15 11.12
4621.91 11
4668.13 10.89
4714.81 10.77
4761.96 10.64
4809.58 10.51
4857.67 10.39
4906.25 10.25
4955.31 10.12
5004.87 9.98
5054.91 9.85
5105.46 9.73
5156.52 9.62
5208.08 9.52
5260.16 9.39
5312.77 9.31
5365.89 9.21
5419.55 9.11
5473.75 9
5528.49 8.92
5583.77 8.82
5639.61 8.76
5696 8.68
5752.96 8.62
5810.49 8.57
5868.6 8.5
5927.28 8.46
5986.56 8.41
6046.42 8.36
6106.89 8.31
6167.96 8.27
6229.64 8.23
6291.93 8.14
6354.85 8.08
6418.4 7.98
6482.58 7.87
6547.41 7.75
6612.88 7.61
6679.01 7.45
6745.8 7.25
6813.26 7.01
6881.39 6.73
6950.21 6.45
7019.71 6.12
7089.91 5.76
7160.81 5.42
7232.41 5.04
7304.74 4.68
7377.79 4.38
7451.56 4.12
7526.08 4.04
7601.34 4.24
7677.35 4.52
7754.13 4.94
7831.67 5.38
7909.98 5.83
7989.08 6.23
8068.98 6.59
8149.67 6.94
8231.16 7.23
8313.47 7.51
8396.61 7.72
8480.57 7.87
8565.38 7.88
8651.03 7.83
8737.54 7.73
8824.92 7.62
8913.17 7.45
9002.3 7.24
9092.32 6.98
9183.25 6.69
9275.08 6.38
9367.83 6.09
9461.51 5.83
9556.12 5.57
9651.68 5.35
9748.2 5.14
9845.68 4.95
9944.14 4.79
10043.58 4.64
10144.02 4.52
10245.46 4.41
10347.91 4.32
10451.39 4.23
10555.91 4.17
10661.46 4.09
10768.08 4.01
10875.76 3.95
10984.52 3.84
11094.36 3.74
11205.31 3.52
11317.36 3.33
11430.53 3.09
11544.84 2.72
11660.29 2.41
11776.89 2.05
11894.66 1.7
12013.6 1.41
12133.74 1.13
12255.08 0.9
12377.63 0.68
12501.41 0.47
12626.42 0.32
12752.68 0.22
12880.21 0.17
13009.01 0.12
13139.1 0.07
13270.49 0.06
13403.2 0.02
13537.23 0.02
13672.6 -0.03
13809.33 -0.03
13947.42 -0.06
14086.9 -0.07
14227.77 -0.07
14370.04 -0.07
14513.74 -0.04
14658.88 -0.03
14805.47 -0.07
14953.52 -0.11
15103.06 -0.23
15254.09 -0.37
15406.63 -0.53
15560.7 -0.76
15716.3 -1.08
15873.47 -1.51
16032.2 -2.02
16192.52 -2.63
16354.45 -3.3
16517.99 -3.95
16683.17 -4.55
16850.01 -5.05
17018.51 -5.47
17188.69 -5.8
17360.58 -6.07
17534.18 -6.32
17709.53 -6.58
17886.62 -6.76
18065.49 -6.85
18246.14 -6.79
18428.6 -6.69
18612.89 -6.62
18799.02 -6.62
18987.01 -6.73
19176.88 -6.93
19368.65 -7.23
19562.33 -7.56
19757.96 -7.86
19955.54 -8.1