20 -3.11
20.2 -3.1
20.4 -3.03
20.61 -2.96
20.81 -2.88
21.02 -2.81
21.23 -2.74
21.44 -2.67
21.66 -2.59
21.87 -2.52
22.09 -2.45
22.31 -2.37
22.54 -2.3
22.76 -2.23
22.99 -2.15
23.22 -2.09
23.45 -2.03
23.69 -1.95
23.92 -1.88
24.16 -1.81
24.4 -1.73
24.65 -1.66
24.89 -1.59
25.14 -1.53
25.39 -1.46
25.65 -1.39
25.91 -1.32
26.16 -1.25
26.43 -1.19
26.69 -1.12
26.96 -1.07
27.23 -1
27.5 -0.94
27.77 -0.88
28.05 -0.82
28.33 -0.76
28.62 -0.7
28.9 -0.64
29.19 -0.59
29.48 -0.53
29.78 -0.47
30.08 -0.42
30.38 -0.38
30.68 -0.31
30.99 -0.25
31.3 -0.21
31.61 -0.15
31.93 -0.09
32.24 -0.03
32.57 0.01
32.89 0.05
33.22 0.11
33.55 0.16
33.89 0.22
34.23 0.27
34.57 0.31
34.92 0.36
35.27 0.41
35.62 0.46
35.97 0.5
36.33 0.56
36.7 0.6
37.06 0.65
37.43 0.7
37.81 0.75
38.19 0.78
38.57 0.83
38.95 0.86
39.34 0.91
39.74 0.94
40.14 0.99
40.54 1.02
40.94 1.07
41.35 1.11
41.76 1.14
42.18 1.19
42.6 1.22
43.03 1.27
43.46 1.3
43.9 1.33
44.33 1.38
44.78 1.41
45.23 1.44
45.68 1.47
46.13 1.52
46.6 1.55
47.06 1.58
47.53 1.61
48.01 1.64
48.49 1.68
48.97 1.72
49.46 1.75
49.96 1.78
50.46 1.81
50.96 1.85
51.47 1.87
51.99 1.9
52.51 1.94
53.03 1.96
53.56 1.99
54.1 2.03
54.64 2.05
55.18 2.07
55.74 2.11
56.29 2.12
56.86 2.16
57.42 2.18
58 2.2
58.58 2.24
59.16 2.24
59.76 2.29
60.35 2.29
60.96 2.33
61.57 2.33
62.18 2.37
62.8 2.37
63.43 2.41
64.07 2.42
64.71 2.44
65.35 2.46
66.01 2.47
66.67 2.5
67.33 2.5
68.01 2.54
68.69 2.55
69.37 2.55
70.07 2.59
70.77 2.59
71.48 2.61
72.19 2.63
72.91 2.63
73.64 2.66
74.38 2.68
75.12 2.68
75.87 2.68
76.63 2.72
77.4 2.72
78.17 2.72
78.95 2.76
79.74 2.76
80.54 2.76
81.35 2.76
82.16 2.81
82.98 2.81
83.81 2.81
84.65 2.81
85.5 2.83
86.35 2.85
87.22 2.85
88.09 2.85
88.97 2.85
89.86 2.89
90.76 2.89
91.66 2.89
92.58 2.89
93.51 2.89
94.44 2.89
95.39 2.89
96.34 2.89
97.3 2.89
98.28 2.89
99.26 2.89
100.25 2.89
101.25 2.89
102.27 2.89
103.29 2.91
104.32 2.91
105.37 2.91
106.42 2.91
107.48 2.91
108.56 2.91
109.64 2.94
110.74 2.94
111.85 2.94
112.97 2.94
114.1 2.94
115.24 2.94
116.39 2.94
117.55 2.94
118.73 2.94
119.92 2.94
121.12 2.95
122.33 2.96
123.55 2.96
124.79 2.96
126.03 2.94
127.29 2.94
128.57 2.94
129.85 2.94
131.15 2.94
132.46 2.94
133.79 2.94
135.12 2.94
136.48 2.91
137.84 2.89
139.22 2.89
140.61 2.89
142.02 2.89
143.44 2.89
144.87 2.85
146.32 2.85
147.78 2.85
149.26 2.85
150.75 2.85
152.26 2.81
153.78 2.81
155.32 2.81
156.88 2.81
158.44 2.79
160.03 2.76
161.63 2.76
163.24 2.76
164.88 2.76
166.53 2.72
168.19 2.72
169.87 2.72
171.57 2.72
173.29 2.68
175.02 2.68
176.77 2.68
178.54 2.66
180.32 2.63
182.13 2.63
183.95 2.63
185.79 2.61
187.65 2.59
189.52 2.59
191.42 2.59
193.33 2.55
195.27 2.55
197.22 2.55
199.19 2.55
201.18 2.5
203.19 2.5
205.23 2.5
207.28 2.5
209.35 2.46
211.44 2.46
213.56 2.45
215.69 2.42
217.85 2.42
220.03 2.42
222.23 2.37
224.45 2.37
226.7 2.36
228.96 2.33
231.25 2.33
233.57 2.3
235.9 2.29
238.26 2.29
240.64 2.25
243.05 2.24
245.48 2.23
247.93 2.2
250.41 2.2
252.92 2.16
255.45 2.16
258 2.13
260.58 2.11
263.19 2.09
265.82 2.07
268.48 2.05
271.16 2.03
273.87 1.99
276.61 1.98
279.38 1.94
282.17 1.9
284.99 1.87
287.84 1.84
290.72 1.81
293.63 1.77
296.57 1.73
299.53 1.7
302.53 1.67
305.55 1.64
308.61 1.59
311.69 1.56
314.81 1.55
317.96 1.51
321.14 1.49
324.35 1.46
327.59 1.45
330.87 1.42
334.18 1.42
337.52 1.39
340.9 1.38
344.3 1.38
347.75 1.38
351.23 1.33
354.74 1.33
358.28 1.33
361.87 1.33
365.49 1.33
369.14 1.33
372.83 1.31
376.56 1.29
380.33 1.29
384.13 1.29
387.97 1.25
391.85 1.25
395.77 1.21
399.73 1.2
403.72 1.19
407.76 1.16
411.84 1.15
415.96 1.12
420.12 1.12
424.32 1.07
428.56 1.06
432.85 1.03
437.18 1.02
441.55 0.99
445.96 0.96
450.42 0.94
454.93 0.9
459.48 0.89
464.07 0.86
468.71 0.83
473.4 0.81
478.13 0.77
482.91 0.76
487.74 0.73
492.62 0.7
497.55 0.67
502.52 0.64
507.55 0.61
512.62 0.58
517.75 0.55
522.93 0.52
528.16 0.51
533.44 0.47
538.77 0.43
544.16 0.42
549.6 0.38
555.1 0.36
560.65 0.34
566.25 0.3
571.92 0.29
577.64 0.25
583.41 0.24
589.25 0.21
595.14 0.18
601.09 0.16
607.1 0.14
613.17 0.12
619.3 0.12
625.5 0.08
631.75 0.08
638.07 0.03
644.45 0.03
650.89 -0.01
657.4 -0.01
663.98 -0.04
670.62 -0.05
677.32 -0.08
684.1 -0.1
690.94 -0.14
697.85 -0.15
704.83 -0.18
711.87 -0.23
718.99 -0.26
726.18 -0.27
733.44 -0.31
740.78 -0.35
748.19 -0.36
755.67 -0.4
763.23 -0.42
770.86 -0.47
778.57 -0.5
786.35 -0.53
794.22 -0.57
802.16 -0.61
810.18 -0.62
818.28 -0.66
826.46 -0.66
834.73 -0.66
843.08 -0.66
851.51 -0.66
860.02 -0.66
868.62 -0.63
877.31 -0.62
886.08 -0.59
894.94 -0.57
903.89 -0.55
912.93 -0.52
922.06 -0.47
931.28 -0.42
940.59 -0.38
950 -0.33
959.5 -0.27
969.09 -0.21
978.78 -0.15
988.57 -0.08
998.46 -0.01
1008.44 0.04
1018.53 0.12
1028.71 0.18
1039 0.24
1049.39 0.31
1059.88 0.36
1070.48 0.42
1081.19 0.49
1092 0.53
1102.92 0.57
1113.95 0.63
1125.09 0.69
1136.34 0.75
1147.7 0.78
1159.18 0.83
1170.77 0.88
1182.48 0.91
1194.3 0.96
1206.25 1.01
1218.31 1.04
1230.49 1.07
1242.8 1.13
1255.22 1.16
1267.78 1.2
1280.45 1.24
1293.26 1.27
1306.19 1.32
1319.25 1.35
1332.45 1.4
1345.77 1.44
1359.23 1.48
1372.82 1.53
1386.55 1.57
1400.41 1.62
1414.42 1.67
1428.56 1.72
1442.85 1.77
1457.28 1.82
1471.85 1.87
1486.57 1.92
1501.43 1.98
1516.45 2.03
1531.61 2.08
1546.93 2.13
1562.4 2.19
1578.02 2.25
1593.8 2.31
1609.74 2.35
1625.84 2.39
1642.1 2.46
1658.52 2.52
1675.1 2.57
1691.85 2.62
1708.77 2.69
1725.86 2.74
1743.12 2.8
1760.55 2.86
1778.15 2.92
1795.94 2.98
1813.9 3.04
1832.03 3.1
1850.36 3.16
1868.86 3.22
1887.55 3.28
1906.42 3.34
1925.49 3.4
1944.74 3.47
1964.19 3.54
1983.83 3.61
2003.67 3.69
2023.71 3.76
2043.94 3.82
2064.38 3.91
2085.03 3.99
2105.88 4.05
2126.94 4.15
2148.2 4.21
2169.69 4.31
2191.38 4.37
2213.3 4.47
2235.43 4.54
2257.78 4.64
2280.36 4.74
2303.17 4.82
2326.2 4.9
2349.46 5.01
2372.95 5.07
2396.68 5.17
2420.65 5.27
2444.86 5.33
2469.31 5.42
2494 5.49
2518.94 5.57
2544.13 5.66
2569.57 5.73
2595.27 5.82
2621.22 5.92
2647.43 6.01
2673.9 6.11
2700.64 6.21
2727.65 6.31
2754.93 6.42
2782.48 6.52
2810.3 6.61
2838.4 6.71
2866.79 6.81
2895.46 6.87
2924.41 6.97
2953.65 7.06
2983.19 7.13
3013.02 7.21
3043.15 7.28
3073.58 7.34
3104.32 7.4
3135.36 7.45
3166.72 7.49
3198.38 7.53
3230.37 7.53
3262.67 7.53
3295.3 7.53
3328.25 7.53
3361.53 7.52
3395.15 7.49
3429.1 7.46
3463.39 7.42
3498.03 7.38
3533.01 7.33
3568.34 7.29
3604.02 7.24
3640.06 7.18
3676.46 7.12
3713.22 7.07
3750.36 7
3787.86 6.94
3825.74 6.88
3864 6.82
3902.64 6.75
3941.66 6.68
3981.08 6.62
4020.89 6.54
4061.1 6.46
4101.71 6.4
4142.73 6.3
4184.15 6.24
4226 6.14
4268.26 6.07
4310.94 5.97
4354.05 5.91
4397.59 5.82
4441.56 5.75
4485.98 5.68
4530.84 5.6
4576.15 5.53
4621.91 5.46
4668.13 5.38
4714.81 5.32
4761.96 5.26
4809.58 5.21
4857.67 5.17
4906.25 5.13
4955.31 5.08
5004.87 5.06
5054.91 5.02
5105.46 5.01
5156.52 4.97
5208.08 4.97
5260.16 4.93
5312.77 4.93
5365.89 4.93
5419.55 4.91
5473.75 4.89
5528.49 4.89
5583.77 4.87
5639.61 4.84
5696 4.83
5752.96 4.8
5810.49 4.77
5868.6 4.73
5927.28 4.69
5986.56 4.64
6046.42 4.57
6106.89 4.51
6167.96 4.46
6229.64 4.37
6291.93 4.28
6354.85 4.18
6418.4 4.08
6482.58 3.97
6547.41 3.85
6612.88 3.72
6679.01 3.59
6745.8 3.43
6813.26 3.29
6881.39 3.14
6950.21 2.99
7019.71 2.82
7089.91 2.66
7160.81 2.5
7232.41 2.35
7304.74 2.17
7377.79 2.02
7451.56 1.86
7526.08 1.71
7601.34 1.56
7677.35 1.4
7754.13 1.25
7831.67 1.11
7909.98 0.98
7989.08 0.86
8068.98 0.75
8149.67 0.65
8231.16 0.56
8313.47 0.46
8396.61 0.39
8480.57 0.32
8565.38 0.27
8651.03 0.22
8737.54 0.19
8824.92 0.16
8913.17 0.13
9002.3 0.12
9092.32 0.13
9183.25 0.16
9275.08 0.19
9367.83 0.26
9461.51 0.34
9556.12 0.4
9651.68 0.44
9748.2 0.49
9845.68 0.51
9944.14 0.51
10043.58 0.5
10144.02 0.46
10245.46 0.38
10347.91 0.3
10451.39 0.16
10555.91 0
10661.46 -0.2
10768.08 -0.43
10875.76 -0.7
10984.52 -1.01
11094.36 -1.36
11205.31 -1.73
11317.36 -2.14
11430.53 -2.58
11544.84 -3.02
11660.29 -3.51
11776.89 -3.97
11894.66 -4.42
12013.6 -4.88
12133.74 -5.34
12255.08 -5.79
12377.63 -6.22
12501.41 -6.62
12626.42 -7.01
12752.68 -7.36
12880.21 -7.69
13009.01 -8.02
13139.1 -8.3
13270.49 -8.58
13403.2 -8.83
13537.23 -9.06
13672.6 -9.28
13809.33 -9.51
13947.42 -9.74
14086.9 -9.95
14227.77 -10.15
14370.04 -10.38
14513.74 -10.61
14658.88 -10.87
14805.47 -11.13
14953.52 -11.41
15103.06 -11.71
15254.09 -12.04
15406.63 -12.36
15560.7 -12.72
15716.3 -13.1
15873.47 -13.5
16032.2 -13.94
16192.52 -14.36
16354.45 -14.8
16517.99 -15.27
16683.17 -15.75
16850.01 -16.24
17018.51 -16.73
17188.69 -17.25
17360.58 -17.72
17534.18 -18.22
17709.53 -18.73
17886.62 -19.2
18065.49 -19.52
18246.14 -19.75
18428.6 -20.01
18612.89 -20.27
18799.02 -20.52
18987.01 -20.78
19176.88 -21.04
19368.65 -21.3
19562.33 -21.56
19757.96 -21.81
19955.54 -22.07