20 6.14
20.2 6.16
20.4 6.16
20.61 6.21
20.81 6.21
21.02 6.24
21.23 6.25
21.44 6.25
21.66 6.29
21.87 6.29
22.09 6.29
22.31 6.34
22.54 6.34
22.76 6.34
22.99 6.38
23.22 6.38
23.45 6.38
23.69 6.39
23.92 6.42
24.16 6.42
24.4 6.42
24.65 6.46
24.89 6.47
25.14 6.47
25.39 6.51
25.65 6.51
25.91 6.51
26.16 6.51
26.43 6.51
26.69 6.55
26.96 6.55
27.23 6.55
27.5 6.59
27.77 6.6
28.05 6.6
28.33 6.64
28.62 6.64
28.9 6.64
29.19 6.64
29.48 6.66
29.78 6.68
30.08 6.68
30.38 6.68
30.68 6.68
30.99 6.68
31.3 6.68
31.61 6.71
31.93 6.73
32.24 6.73
32.57 6.73
32.89 6.73
33.22 6.73
33.55 6.73
33.89 6.73
34.23 6.76
34.57 6.77
34.92 6.77
35.27 6.77
35.62 6.77
35.97 6.81
36.33 6.81
36.7 6.81
37.06 6.81
37.43 6.81
37.81 6.81
38.19 6.81
38.57 6.81
38.95 6.81
39.34 6.81
39.74 6.81
40.14 6.81
40.54 6.81
40.94 6.81
41.35 6.81
41.76 6.81
42.18 6.81
42.6 6.81
43.03 6.81
43.46 6.86
43.9 6.86
44.33 6.86
44.78 6.86
45.23 6.86
45.68 6.86
46.13 6.86
46.6 6.86
47.06 6.86
47.53 6.86
48.01 6.86
48.49 6.86
48.97 6.86
49.46 6.86
49.96 6.86
50.46 6.86
50.96 6.86
51.47 6.86
51.99 6.86
52.51 6.86
53.03 6.86
53.56 6.86
54.1 6.86
54.64 6.86
55.18 6.86
55.74 6.86
56.29 6.86
56.86 6.86
57.42 6.86
58 6.86
58.58 6.86
59.16 6.86
59.76 6.86
60.35 6.86
60.96 6.84
61.57 6.81
62.18 6.81
62.8 6.81
63.43 6.81
64.07 6.81
64.71 6.81
65.35 6.81
66.01 6.81
66.67 6.81
67.33 6.77
68.01 6.77
68.69 6.77
69.37 6.77
70.07 6.73
70.77 6.73
71.48 6.73
72.19 6.73
72.91 6.73
73.64 6.73
74.38 6.73
75.12 6.68
75.87 6.68
76.63 6.68
77.4 6.68
78.17 6.68
78.95 6.66
79.74 6.64
80.54 6.64
81.35 6.64
82.16 6.64
82.98 6.64
83.81 6.6
84.65 6.6
85.5 6.6
86.35 6.55
87.22 6.55
88.09 6.55
88.97 6.52
89.86 6.51
90.76 6.51
91.66 6.51
92.58 6.5
93.51 6.47
94.44 6.47
95.39 6.45
96.34 6.42
97.3 6.42
98.28 6.42
99.26 6.38
100.25 6.38
101.25 6.36
102.27 6.34
103.29 6.34
104.32 6.29
105.37 6.29
106.42 6.25
107.48 6.25
108.56 6.21
109.64 6.21
110.74 6.16
111.85 6.16
112.97 6.12
114.1 6.12
115.24 6.11
116.39 6.08
117.55 6.08
118.73 6.04
119.92 6.03
121.12 5.99
122.33 5.99
123.55 5.95
124.79 5.93
126.03 5.9
127.29 5.88
128.57 5.86
129.85 5.83
131.15 5.82
132.46 5.77
133.79 5.77
135.12 5.74
136.48 5.73
137.84 5.69
139.22 5.67
140.61 5.64
142.02 5.6
143.44 5.58
144.87 5.56
146.32 5.52
147.78 5.49
149.26 5.47
150.75 5.43
152.26 5.42
153.78 5.38
155.32 5.36
156.88 5.33
158.44 5.3
160.03 5.27
161.63 5.23
163.24 5.21
164.88 5.17
166.53 5.13
168.19 5.1
169.87 5.07
171.57 5.04
173.29 4.99
175.02 4.96
176.77 4.93
178.54 4.9
180.32 4.86
182.13 4.82
183.95 4.79
185.79 4.76
187.65 4.73
189.52 4.68
191.42 4.65
193.33 4.6
195.27 4.57
197.22 4.54
199.19 4.48
201.18 4.45
203.19 4.4
205.23 4.37
207.28 4.32
209.35 4.29
211.44 4.26
213.56 4.21
215.69 4.18
217.85 4.15
220.03 4.12
222.23 4.08
224.45 4.04
226.7 4.01
228.96 3.98
231.25 3.93
233.57 3.9
235.9 3.85
238.26 3.82
240.64 3.78
243.05 3.73
245.48 3.7
247.93 3.65
250.41 3.62
252.92 3.57
255.45 3.54
258 3.5
260.58 3.46
263.19 3.41
265.82 3.38
268.48 3.33
271.16 3.28
273.87 3.25
276.61 3.2
279.38 3.16
282.17 3.11
284.99 3.08
287.84 3.03
290.72 2.98
293.63 2.95
296.57 2.9
299.53 2.87
302.53 2.82
305.55 2.77
308.61 2.74
311.69 2.68
314.81 2.63
317.96 2.6
321.14 2.55
324.35 2.5
327.59 2.46
330.87 2.42
334.18 2.37
337.52 2.31
340.9 2.26
344.3 2.22
347.75 2.16
351.23 2.13
354.74 2.08
358.28 2.03
361.87 1.98
365.49 1.95
369.14 1.9
372.83 1.85
376.56 1.81
380.33 1.77
384.13 1.73
387.97 1.68
391.85 1.64
395.77 1.59
399.73 1.55
403.72 1.51
407.76 1.46
411.84 1.41
415.96 1.38
420.12 1.33
424.32 1.28
428.56 1.25
432.85 1.2
437.18 1.16
441.55 1.12
445.96 1.07
450.42 1.04
454.93 0.99
459.48 0.95
464.07 0.9
468.71 0.87
473.4 0.83
478.13 0.79
482.91 0.76
487.74 0.71
492.62 0.68
497.55 0.64
502.52 0.6
507.55 0.57
512.62 0.52
517.75 0.49
522.93 0.44
528.16 0.41
533.44 0.38
538.77 0.32
544.16 0.29
549.6 0.25
555.1 0.21
560.65 0.18
566.25 0.14
571.92 0.1
577.64 0.07
583.41 0.04
589.25 0.01
595.14 -0.03
601.09 -0.05
607.1 -0.08
613.17 -0.12
619.3 -0.14
625.5 -0.17
631.75 -0.21
638.07 -0.23
644.45 -0.25
650.89 -0.29
657.4 -0.3
663.98 -0.34
670.62 -0.35
677.32 -0.38
684.1 -0.41
690.94 -0.42
697.85 -0.47
704.83 -0.47
711.87 -0.49
718.99 -0.51
726.18 -0.51
733.44 -0.55
740.78 -0.55
748.19 -0.58
755.67 -0.6
763.23 -0.6
770.86 -0.6
778.57 -0.64
786.35 -0.64
794.22 -0.64
802.16 -0.64
810.18 -0.64
818.28 -0.64
826.46 -0.62
834.73 -0.6
843.08 -0.6
851.51 -0.59
860.02 -0.55
868.62 -0.55
877.31 -0.51
886.08 -0.51
894.94 -0.47
903.89 -0.44
912.93 -0.41
922.06 -0.38
931.28 -0.35
940.59 -0.3
950 -0.26
959.5 -0.2
969.09 -0.14
978.78 -0.11
988.57 -0.06
998.46 -0.01
1008.44 0.04
1018.53 0.11
1028.71 0.16
1039 0.21
1049.39 0.25
1059.88 0.32
1070.48 0.38
1081.19 0.45
1092 0.5
1102.92 0.57
1113.95 0.62
1125.09 0.7
1136.34 0.77
1147.7 0.82
1159.18 0.89
1170.77 0.95
1182.48 1.01
1194.3 1.07
1206.25 1.13
1218.31 1.21
1230.49 1.31
1242.8 1.37
1255.22 1.46
1267.78 1.53
1280.45 1.58
1293.26 1.61
1306.19 1.66
1319.25 1.67
1332.45 1.7
1345.77 1.74
1359.23 1.8
1372.82 1.86
1386.55 1.95
1400.41 2.03
1414.42 2.11
1428.56 2.21
1442.85 2.27
1457.28 2.37
1471.85 2.44
1486.57 2.53
1501.43 2.6
1516.45 2.7
1531.61 2.76
1546.93 2.85
1562.4 2.92
1578.02 3.01
1593.8 3.09
1609.74 3.19
1625.84 3.25
1642.1 3.35
1658.52 3.46
1675.1 3.54
1691.85 3.64
1708.77 3.74
1725.86 3.85
1743.12 3.95
1760.55 4.05
1778.15 4.16
1795.94 4.26
1813.9 4.36
1832.03 4.49
1850.36 4.61
1868.86 4.74
1887.55 4.85
1906.42 4.99
1925.49 5.11
1944.74 5.25
1964.19 5.38
1983.83 5.53
2003.67 5.67
2023.71 5.8
2043.94 5.97
2064.38 6.13
2085.03 6.28
2105.88 6.42
2126.94 6.57
2148.2 6.74
2169.69 6.91
2191.38 7.06
2213.3 7.21
2235.43 7.39
2257.78 7.55
2280.36 7.7
2303.17 7.88
2326.2 8.03
2349.46 8.19
2372.95 8.34
2396.68 8.51
2420.65 8.65
2444.86 8.8
2469.31 8.94
2494 9.09
2518.94 9.25
2544.13 9.36
2569.57 9.51
2595.27 9.62
2621.22 9.74
2647.43 9.84
2673.9 9.94
2700.64 10.05
2727.65 10.14
2754.93 10.23
2782.48 10.33
2810.3 10.39
2838.4 10.45
2866.79 10.53
2895.46 10.59
2924.41 10.65
2953.65 10.71
2983.19 10.77
3013.02 10.82
3043.15 10.86
3073.58 10.93
3104.32 10.99
3135.36 11.06
3166.72 11.13
3198.38 11.2
3230.37 11.27
3262.67 11.38
3295.3 11.46
3328.25 11.56
3361.53 11.67
3395.15 11.79
3429.1 11.92
3463.39 12.04
3498.03 12.19
3533.01 12.3
3568.34 12.44
3604.02 12.56
3640.06 12.66
3676.46 12.77
3713.22 12.84
3750.36 12.89
3787.86 12.92
3825.74 12.86
3864 12.76
3902.64 12.61
3941.66 12.41
3981.08 12.15
4020.89 11.83
4061.1 11.43
4101.71 10.98
4142.73 10.48
4184.15 9.93
4226 9.35
4268.26 8.74
4310.94 8.15
4354.05 7.55
4397.59 6.93
4441.56 6.33
4485.98 5.73
4530.84 5.16
4576.15 4.57
4621.91 4.02
4668.13 3.44
4714.81 2.91
4761.96 2.37
4809.58 1.84
4857.67 1.3
4906.25 0.77
4955.31 0.23
5004.87 -0.28
5054.91 -0.78
5105.46 -1.29
5156.52 -1.79
5208.08 -2.28
5260.16 -2.72
5312.77 -3.18
5365.89 -3.57
5419.55 -4.01
5473.75 -4.4
5528.49 -4.76
5583.77 -5.1
5639.61 -5.44
5696 -5.76
5752.96 -6.07
5810.49 -6.35
5868.6 -6.63
5927.28 -6.91
5986.56 -7.17
6046.42 -7.43
6106.89 -7.69
6167.96 -7.93
6229.64 -8.16
6291.93 -8.39
6354.85 -8.59
6418.4 -8.8
6482.58 -8.98
6547.41 -9.17
6612.88 -9.34
6679.01 -9.48
6745.8 -9.65
6813.26 -9.77
6881.39 -9.9
6950.21 -10.02
7019.71 -10.11
7089.91 -10.19
7160.81 -10.25
7232.41 -10.29
7304.74 -10.34
7377.79 -10.34
7451.56 -10.34
7526.08 -10.3
7601.34 -10.28
7677.35 -10.24
7754.13 -10.15
7831.67 -10.07
7909.98 -9.97
7989.08 -9.86
8068.98 -9.72
8149.67 -9.57
8231.16 -9.39
8313.47 -9.19
8396.61 -8.99
8480.57 -8.76
8565.38 -8.51
8651.03 -8.23
8737.54 -7.93
8824.92 -7.62
8913.17 -7.29
9002.3 -6.95
9092.32 -6.6
9183.25 -6.23
9275.08 -5.87
9367.83 -5.52
9461.51 -5.17
9556.12 -4.85
9651.68 -4.55
9748.2 -4.31
9845.68 -4.09
9944.14 -3.94
10043.58 -3.81
10144.02 -3.74
10245.46 -3.71
10347.91 -3.71
10451.39 -3.75
10555.91 -3.8
10661.46 -3.85
10768.08 -3.89
10875.76 -3.93
10984.52 -3.93
11094.36 -3.89
11205.31 -3.83
11317.36 -3.72
11430.53 -3.57
11544.84 -3.45
11660.29 -3.31
11776.89 -3.2
11894.66 -3.17
12013.6 -3.27
12133.74 -3.51
12255.08 -3.88
12377.63 -4.38
12501.41 -5
12626.42 -5.77
12752.68 -6.6
12880.21 -7.48
13009.01 -8.38
13139.1 -9.28
13270.49 -10.15
13403.2 -10.98
13537.23 -11.77
13672.6 -12.52
13809.33 -13.21
13947.42 -13.86
14086.9 -14.46
14227.77 -14.99
14370.04 -15.47
14513.74 -15.89
14658.88 -16.26
14805.47 -16.57
14953.52 -16.8
15103.06 -16.98
15254.09 -17.09
15406.63 -17.18
15560.7 -17.17
15716.3 -17.1
15873.47 -16.95
16032.2 -16.76
16192.52 -16.48
16354.45 -16.13
16517.99 -15.67
16683.17 -15.16
16850.01 -14.54
17018.51 -13.81
17188.69 -13.01
17360.58 -12.17
17534.18 -11.31
17709.53 -10.46
17886.62 -9.71
18065.49 -9.1
18246.14 -8.65
18428.6 -8.35
18612.89 -8.26
18799.02 -8.53
18987.01 -8.88
19176.88 -9.36
19368.65 -9.78
19562.33 -10.24
19757.96 -10.64
19955.54 -10.86