20 13.98
20.2 14
20.4 14.01
20.61 14.03
20.81 14.06
21.02 14.1
21.23 14.14
21.44 14.18
21.66 14.22
21.87 14.26
22.09 14.3
22.31 14.34
22.54 14.38
22.76 14.42
22.99 14.46
23.22 14.5
23.45 14.54
23.69 14.57
23.92 14.61
24.16 14.64
24.4 14.67
24.65 14.7
24.89 14.73
25.14 14.76
25.39 14.79
25.65 14.81
25.91 14.84
26.16 14.87
26.43 14.9
26.69 14.92
26.96 14.95
27.23 14.97
27.5 14.99
27.77 15.02
28.05 15.04
28.33 15.06
28.62 15.08
28.9 15.1
29.19 15.12
29.48 15.14
29.78 15.16
30.08 15.18
30.38 15.2
30.68 15.22
30.99 15.24
31.3 15.26
31.61 15.27
31.93 15.29
32.24 15.3
32.57 15.32
32.89 15.33
33.22 15.34
33.55 15.35
33.89 15.36
34.23 15.37
34.57 15.38
34.92 15.39
35.27 15.4
35.62 15.4
35.97 15.41
36.33 15.42
36.7 15.42
37.06 15.43
37.43 15.43
37.81 15.43
38.19 15.44
38.57 15.44
38.95 15.44
39.34 15.44
39.74 15.44
40.14 15.44
40.54 15.44
40.94 15.43
41.35 15.43
41.76 15.43
42.18 15.42
42.6 15.42
43.03 15.41
43.46 15.4
43.9 15.39
44.33 15.39
44.78 15.38
45.23 15.37
45.68 15.36
46.13 15.35
46.6 15.33
47.06 15.32
47.53 15.3
48.01 15.28
48.49 15.26
48.97 15.24
49.46 15.22
49.96 15.2
50.46 15.18
50.96 15.16
51.47 15.14
51.99 15.12
52.51 15.1
53.03 15.07
53.56 15.04
54.1 15.02
54.64 14.99
55.18 14.96
55.74 14.93
56.29 14.9
56.86 14.87
57.42 14.84
58 14.8
58.58 14.77
59.16 14.73
59.76 14.69
60.35 14.66
60.96 14.62
61.57 14.58
62.18 14.54
62.8 14.5
63.43 14.46
64.07 14.42
64.71 14.37
65.35 14.33
66.01 14.28
66.67 14.23
67.33 14.18
68.01 14.13
68.69 14.08
69.37 14.03
70.07 13.98
70.77 13.92
71.48 13.86
72.19 13.8
72.91 13.75
73.64 13.69
74.38 13.63
75.12 13.57
75.87 13.51
76.63 13.44
77.4 13.38
78.17 13.31
78.95 13.25
79.74 13.18
80.54 13.11
81.35 13.04
82.16 12.96
82.98 12.89
83.81 12.81
84.65 12.74
85.5 12.66
86.35 12.58
87.22 12.51
88.09 12.43
88.97 12.34
89.86 12.26
90.76 12.18
91.66 12.09
92.58 12.01
93.51 11.92
94.44 11.83
95.39 11.74
96.34 11.65
97.3 11.55
98.28 11.46
99.26 11.37
100.25 11.27
101.25 11.17
102.27 11.07
103.29 10.96
104.32 10.86
105.37 10.75
106.42 10.64
107.48 10.54
108.56 10.43
109.64 10.32
110.74 10.21
111.85 10.09
112.97 9.98
114.1 9.86
115.24 9.75
116.39 9.63
117.55 9.51
118.73 9.39
119.92 9.26
121.12 9.14
122.33 9.01
123.55 8.88
124.79 8.76
126.03 8.63
127.29 8.5
128.57 8.37
129.85 8.23
131.15 8.1
132.46 7.96
133.79 7.82
135.12 7.68
136.48 7.54
137.84 7.4
139.22 7.26
140.61 7.11
142.02 6.96
143.44 6.82
144.87 6.67
146.32 6.52
147.78 6.36
149.26 6.21
150.75 6.06
152.26 5.9
153.78 5.75
155.32 5.59
156.88 5.44
158.44 5.28
160.03 5.12
161.63 4.96
163.24 4.8
164.88 4.63
166.53 4.47
168.19 4.31
169.87 4.14
171.57 3.98
173.29 3.82
175.02 3.65
176.77 3.49
178.54 3.33
180.32 3.17
182.13 3
183.95 2.84
185.79 2.68
187.65 2.52
189.52 2.36
191.42 2.2
193.33 2.05
195.27 1.89
197.22 1.73
199.19 1.58
201.18 1.43
203.19 1.29
205.23 1.15
207.28 1.01
209.35 0.87
211.44 0.73
213.56 0.6
215.69 0.47
217.85 0.34
220.03 0.22
222.23 0.1
224.45 -0.01
226.7 -0.12
228.96 -0.22
231.25 -0.32
233.57 -0.42
235.9 -0.51
238.26 -0.6
240.64 -0.68
243.05 -0.76
245.48 -0.83
247.93 -0.9
250.41 -0.96
252.92 -1.02
255.45 -1.07
258 -1.11
260.58 -1.15
263.19 -1.19
265.82 -1.22
268.48 -1.25
271.16 -1.28
273.87 -1.3
276.61 -1.33
279.38 -1.34
282.17 -1.35
284.99 -1.36
287.84 -1.37
290.72 -1.37
293.63 -1.37
296.57 -1.37
299.53 -1.37
302.53 -1.36
305.55 -1.36
308.61 -1.35
311.69 -1.34
314.81 -1.33
317.96 -1.32
321.14 -1.3
324.35 -1.29
327.59 -1.28
330.87 -1.26
334.18 -1.24
337.52 -1.23
340.9 -1.21
344.3 -1.19
347.75 -1.18
351.23 -1.16
354.74 -1.14
358.28 -1.12
361.87 -1.1
365.49 -1.08
369.14 -1.06
372.83 -1.05
376.56 -1.03
380.33 -1.01
384.13 -1
387.97 -0.99
391.85 -0.97
395.77 -0.96
399.73 -0.94
403.72 -0.93
407.76 -0.92
411.84 -0.91
415.96 -0.9
420.12 -0.88
424.32 -0.87
428.56 -0.86
432.85 -0.85
437.18 -0.84
441.55 -0.83
445.96 -0.83
450.42 -0.82
454.93 -0.81
459.48 -0.81
464.07 -0.81
468.71 -0.8
473.4 -0.8
478.13 -0.8
482.91 -0.79
487.74 -0.79
492.62 -0.79
497.55 -0.79
502.52 -0.79
507.55 -0.79
512.62 -0.79
517.75 -0.79
522.93 -0.79
528.16 -0.79
533.44 -0.8
538.77 -0.8
544.16 -0.8
549.6 -0.8
555.1 -0.81
560.65 -0.81
566.25 -0.82
571.92 -0.82
577.64 -0.83
583.41 -0.83
589.25 -0.84
595.14 -0.84
601.09 -0.85
607.1 -0.85
613.17 -0.86
619.3 -0.86
625.5 -0.86
631.75 -0.87
638.07 -0.87
644.45 -0.88
650.89 -0.88
657.4 -0.88
663.98 -0.89
670.62 -0.89
677.32 -0.89
684.1 -0.89
690.94 -0.89
697.85 -0.89
704.83 -0.89
711.87 -0.89
718.99 -0.89
726.18 -0.88
733.44 -0.88
740.78 -0.88
748.19 -0.88
755.67 -0.88
763.23 -0.87
770.86 -0.87
778.57 -0.87
786.35 -0.87
794.22 -0.87
802.16 -0.87
810.18 -0.88
818.28 -0.88
826.46 -0.87
834.73 -0.85
843.08 -0.83
851.51 -0.8
860.02 -0.76
868.62 -0.72
877.31 -0.69
886.08 -0.65
894.94 -0.61
903.89 -0.57
912.93 -0.53
922.06 -0.48
931.28 -0.44
940.59 -0.39
950 -0.34
959.5 -0.28
969.09 -0.22
978.78 -0.16
988.57 -0.09
998.46 -0.01
1008.44 0.07
1018.53 0.14
1028.71 0.23
1039 0.31
1049.39 0.4
1059.88 0.48
1070.48 0.57
1081.19 0.66
1092 0.75
1102.92 0.85
1113.95 0.94
1125.09 1.03
1136.34 1.13
1147.7 1.22
1159.18 1.32
1170.77 1.41
1182.48 1.5
1194.3 1.59
1206.25 1.68
1218.31 1.77
1230.49 1.86
1242.8 1.95
1255.22 2.03
1267.78 2.12
1280.45 2.2
1293.26 2.28
1306.19 2.36
1319.25 2.44
1332.45 2.52
1345.77 2.6
1359.23 2.67
1372.82 2.75
1386.55 2.82
1400.41 2.9
1414.42 2.97
1428.56 3.04
1442.85 3.12
1457.28 3.19
1471.85 3.26
1486.57 3.33
1501.43 3.41
1516.45 3.48
1531.61 3.55
1546.93 3.63
1562.4 3.71
1578.02 3.79
1593.8 3.87
1609.74 3.95
1625.84 4.03
1642.1 4.11
1658.52 4.2
1675.1 4.29
1691.85 4.38
1708.77 4.47
1725.86 4.56
1743.12 4.66
1760.55 4.76
1778.15 4.86
1795.94 4.96
1813.9 5.07
1832.03 5.17
1850.36 5.28
1868.86 5.4
1887.55 5.51
1906.42 5.63
1925.49 5.75
1944.74 5.88
1964.19 6.01
1983.83 6.14
2003.67 6.27
2023.71 6.4
2043.94 6.54
2064.38 6.68
2085.03 6.82
2105.88 6.97
2126.94 7.12
2148.2 7.27
2169.69 7.42
2191.38 7.57
2213.3 7.72
2235.43 7.87
2257.78 8.03
2280.36 8.18
2303.17 8.33
2326.2 8.49
2349.46 8.64
2372.95 8.78
2396.68 8.93
2420.65 9.07
2444.86 9.21
2469.31 9.35
2494 9.47
2518.94 9.59
2544.13 9.71
2569.57 9.81
2595.27 9.9
2621.22 9.99
2647.43 10.06
2673.9 10.12
2700.64 10.17
2727.65 10.2
2754.93 10.23
2782.48 10.23
2810.3 10.23
2838.4 10.21
2866.79 10.17
2895.46 10.13
2924.41 10.07
2953.65 10
2983.19 9.92
3013.02 9.83
3043.15 9.74
3073.58 9.63
3104.32 9.52
3135.36 9.4
3166.72 9.27
3198.38 9.14
3230.37 9.01
3262.67 8.88
3295.3 8.75
3328.25 8.61
3361.53 8.48
3395.15 8.34
3429.1 8.21
3463.39 8.08
3498.03 7.95
3533.01 7.83
3568.34 7.7
3604.02 7.58
3640.06 7.47
3676.46 7.36
3713.22 7.25
3750.36 7.15
3787.86 7.05
3825.74 6.96
3864 6.87
3902.64 6.79
3941.66 6.71
3981.08 6.64
4020.89 6.58
4061.1 6.51
4101.71 6.46
4142.73 6.41
4184.15 6.37
4226 6.34
4268.26 6.31
4310.94 6.28
4354.05 6.27
4397.59 6.26
4441.56 6.26
4485.98 6.26
4530.84 6.27
4576.15 6.29
4621.91 6.31
4668.13 6.34
4714.81 6.38
4761.96 6.41
4809.58 6.46
4857.67 6.51
4906.25 6.56
4955.31 6.61
5004.87 6.67
5054.91 6.72
5105.46 6.77
5156.52 6.82
5208.08 6.86
5260.16 6.89
5312.77 6.92
5365.89 6.93
5419.55 6.94
5473.75 6.92
5528.49 6.9
5583.77 6.85
5639.61 6.79
5696 6.72
5752.96 6.62
5810.49 6.51
5868.6 6.38
5927.28 6.24
5986.56 6.08
6046.42 5.91
6106.89 5.73
6167.96 5.54
6229.64 5.34
6291.93 5.14
6354.85 4.93
6418.4 4.72
6482.58 4.51
6547.41 4.31
6612.88 4.11
6679.01 3.91
6745.8 3.73
6813.26 3.55
6881.39 3.38
6950.21 3.22
7019.71 3.08
7089.91 2.95
7160.81 2.85
7232.41 2.76
7304.74 2.69
7377.79 2.64
7451.56 2.6
7526.08 2.59
7601.34 2.6
7677.35 2.64
7754.13 2.69
7831.67 2.79
7909.98 2.9
7989.08 3.05
8068.98 3.24
8149.67 3.46
8231.16 3.71
8313.47 4.01
8396.61 4.34
8480.57 4.71
8565.38 5.12
8651.03 5.56
8737.54 6.01
8824.92 6.48
8913.17 6.92
9002.3 7.35
9092.32 7.68
9183.25 7.92
9275.08 8.06
9367.83 8.07
9461.51 7.9
9556.12 7.6
9651.68 7.18
9748.2 6.66
9845.68 6.02
9944.14 5.34
10043.58 4.63
10144.02 3.92
10245.46 3.23
10347.91 2.57
10451.39 1.94
10555.91 1.38
10661.46 0.86
10768.08 0.39
10875.76 -0.02
10984.52 -0.37
11094.36 -0.69
11205.31 -0.96
11317.36 -1.18
11430.53 -1.37
11544.84 -1.53
11660.29 -1.67
11776.89 -1.8
11894.66 -1.89
12013.6 -1.99
12133.74 -2.07
12255.08 -2.12
12377.63 -2.16
12501.41 -2.16
12626.42 -2.11
12752.68 -2
12880.21 -1.81
13009.01 -1.57
13139.1 -1.33
13270.49 -1.03
13403.2 -0.73
13537.23 -0.5
13672.6 -0.35
13809.33 -0.29
13947.42 -0.41
14086.9 -0.68
14227.77 -1.06
14370.04 -1.53
14513.74 -2.11
14658.88 -2.78
14805.47 -3.47
14953.52 -4.16
15103.06 -4.82
15254.09 -5.46
15406.63 -6
15560.7 -6.49
15716.3 -6.91
15873.47 -7.22
16032.2 -7.48
16192.52 -7.63
16354.45 -7.7
16517.99 -7.7
16683.17 -7.61
16850.01 -7.47
17018.51 -7.3
17188.69 -7.12
17360.58 -7
17534.18 -6.94
17709.53 -7.01
17886.62 -7.27
18065.49 -7.68
18246.14 -8.25
18428.6 -9.05
18612.89 -9.95
18799.02 -10.95
18987.01 -12.01
19176.88 -13.08
19368.65 -14.1
19562.33 -15.05
19757.96 -15.89
19955.54 -16.73