20 9.2
20.2 9.19
20.4 9.19
20.61 9.18
20.81 9.18
21.02 9.17
21.23 9.16
21.44 9.16
21.66 9.15
21.87 9.14
22.09 9.13
22.31 9.12
22.54 9.11
22.76 9.1
22.99 9.1
23.22 9.09
23.45 9.08
23.69 9.07
23.92 9.06
24.16 9.05
24.4 9.04
24.65 9.02
24.89 9.01
25.14 9
25.39 8.99
25.65 8.98
25.91 8.98
26.16 8.97
26.43 8.97
26.69 8.95
26.96 8.93
27.23 8.91
27.5 8.89
27.77 8.87
28.05 8.85
28.33 8.84
28.62 8.83
28.9 8.82
29.19 8.82
29.48 8.81
29.78 8.79
30.08 8.77
30.38 8.75
30.68 8.72
30.99 8.7
31.3 8.69
31.61 8.67
31.93 8.66
32.24 8.64
32.57 8.63
32.89 8.61
33.22 8.59
33.55 8.57
33.89 8.55
34.23 8.53
34.57 8.51
34.92 8.48
35.27 8.46
35.62 8.44
35.97 8.43
36.33 8.42
36.7 8.4
37.06 8.38
37.43 8.35
37.81 8.32
38.19 8.29
38.57 8.26
38.95 8.23
39.34 8.21
39.74 8.19
40.14 8.17
40.54 8.15
40.94 8.12
41.35 8.1
41.76 8.08
42.18 8.06
42.6 8.03
43.03 8
43.46 7.95
43.9 7.91
44.33 7.89
44.78 7.88
45.23 7.87
45.68 7.85
46.13 7.81
46.6 7.77
47.06 7.75
47.53 7.74
48.01 7.71
48.49 7.68
48.97 7.65
49.46 7.62
49.96 7.59
50.46 7.55
50.96 7.51
51.47 7.48
51.99 7.45
52.51 7.42
53.03 7.39
53.56 7.35
54.1 7.33
54.64 7.3
55.18 7.27
55.74 7.23
56.29 7.19
56.86 7.15
57.42 7.12
58 7.09
58.58 7.06
59.16 7.02
59.76 6.98
60.35 6.95
60.96 6.91
61.57 6.88
62.18 6.84
62.8 6.8
63.43 6.76
64.07 6.73
64.71 6.69
65.35 6.65
66.01 6.62
66.67 6.58
67.33 6.54
68.01 6.5
68.69 6.46
69.37 6.41
70.07 6.37
70.77 6.34
71.48 6.3
72.19 6.25
72.91 6.21
73.64 6.17
74.38 6.13
75.12 6.08
75.87 6.04
76.63 6
77.4 5.96
78.17 5.91
78.95 5.86
79.74 5.82
80.54 5.78
81.35 5.73
82.16 5.69
82.98 5.64
83.81 5.59
84.65 5.54
85.5 5.5
86.35 5.46
87.22 5.41
88.09 5.36
88.97 5.32
89.86 5.27
90.76 5.22
91.66 5.17
92.58 5.12
93.51 5.07
94.44 5.03
95.39 4.99
96.34 4.94
97.3 4.91
98.28 4.83
99.26 4.82
100.25 4.86
101.25 4.73
102.27 4.65
103.29 4.61
104.32 4.54
105.37 4.49
106.42 4.44
107.48 4.39
108.56 4.34
109.64 4.29
110.74 4.24
111.85 4.19
112.97 4.13
114.1 4.09
115.24 4.04
116.39 3.98
117.55 3.94
118.73 3.88
119.92 3.83
121.12 3.78
122.33 3.73
123.55 3.68
124.79 3.62
126.03 3.58
127.29 3.52
128.57 3.48
129.85 3.42
131.15 3.37
132.46 3.32
133.79 3.25
135.12 3.2
136.48 3.16
137.84 3.11
139.22 3.06
140.61 3.02
142.02 2.96
143.44 2.91
144.87 2.86
146.32 2.81
147.78 2.75
149.26 2.7
150.75 2.66
152.26 2.6
153.78 2.55
155.32 2.49
156.88 2.45
158.44 2.39
160.03 2.34
161.63 2.29
163.24 2.24
164.88 2.19
166.53 2.14
168.19 2.09
169.87 2.04
171.57 1.99
173.29 1.94
175.02 1.89
176.77 1.84
178.54 1.79
180.32 1.74
182.13 1.69
183.95 1.64
185.79 1.6
187.65 1.54
189.52 1.5
191.42 1.44
193.33 1.41
195.27 1.35
197.22 1.3
199.19 1.25
201.18 1.21
203.19 1.16
205.23 1.12
207.28 1.07
209.35 1.02
211.44 0.98
213.56 0.93
215.69 0.89
217.85 0.84
220.03 0.79
222.23 0.75
224.45 0.71
226.7 0.66
228.96 0.62
231.25 0.57
233.57 0.53
235.9 0.49
238.26 0.45
240.64 0.4
243.05 0.36
245.48 0.31
247.93 0.27
250.41 0.23
252.92 0.19
255.45 0.14
258 0.1
260.58 0.06
263.19 0.03
265.82 -0.02
268.48 -0.05
271.16 -0.1
273.87 -0.14
276.61 -0.18
279.38 -0.22
282.17 -0.26
284.99 -0.29
287.84 -0.33
290.72 -0.37
293.63 -0.41
296.57 -0.44
299.53 -0.47
302.53 -0.52
305.55 -0.56
308.61 -0.59
311.69 -0.63
314.81 -0.67
317.96 -0.7
321.14 -0.74
324.35 -0.78
327.59 -0.82
330.87 -0.86
334.18 -0.9
337.52 -0.94
340.9 -0.97
344.3 -1
347.75 -1.04
351.23 -1.06
354.74 -1.09
358.28 -1.15
361.87 -1.16
365.49 -1.18
369.14 -1.2
372.83 -1.21
376.56 -1.23
380.33 -1.24
384.13 -1.25
387.97 -1.27
391.85 -1.28
395.77 -1.3
399.73 -1.33
403.72 -1.35
407.76 -1.38
411.84 -1.4
415.96 -1.42
420.12 -1.45
424.32 -1.47
428.56 -1.49
432.85 -1.52
437.18 -1.53
441.55 -1.55
445.96 -1.57
450.42 -1.58
454.93 -1.59
459.48 -1.6
464.07 -1.61
468.71 -1.63
473.4 -1.63
478.13 -1.63
482.91 -1.63
487.74 -1.62
492.62 -1.63
497.55 -1.62
502.52 -1.61
507.55 -1.6
512.62 -1.59
517.75 -1.57
522.93 -1.56
528.16 -1.55
533.44 -1.53
538.77 -1.51
544.16 -1.5
549.6 -1.5
555.1 -1.47
560.65 -1.46
566.25 -1.44
571.92 -1.44
577.64 -1.42
583.41 -1.41
589.25 -1.38
595.14 -1.39
601.09 -1.37
607.1 -1.37
613.17 -1.36
619.3 -1.36
625.5 -1.35
631.75 -1.34
638.07 -1.34
644.45 -1.34
650.89 -1.33
657.4 -1.32
663.98 -1.33
670.62 -1.33
677.32 -1.3
684.1 -1.31
690.94 -1.29
697.85 -1.29
704.83 -1.28
711.87 -1.27
718.99 -1.26
726.18 -1.24
733.44 -1.24
740.78 -1.23
748.19 -1.21
755.67 -1.2
763.23 -1.18
770.86 -1.17
778.57 -1.14
786.35 -1.12
794.22 -1.11
802.16 -1.07
810.18 -1.05
818.28 -1.03
826.46 -0.99
834.73 -0.96
843.08 -0.92
851.51 -0.89
860.02 -0.85
868.62 -0.81
877.31 -0.77
886.08 -0.73
894.94 -0.67
903.89 -0.63
912.93 -0.57
922.06 -0.53
931.28 -0.47
940.59 -0.41
950 -0.34
959.5 -0.3
969.09 -0.23
978.78 -0.15
988.57 -0.08
998.46 -0.01
1008.44 0.06
1018.53 0.14
1028.71 0.22
1039 0.3
1049.39 0.38
1059.88 0.46
1070.48 0.54
1081.19 0.63
1092 0.7
1102.92 0.77
1113.95 0.86
1125.09 0.94
1136.34 1.02
1147.7 1.12
1159.18 1.19
1170.77 1.27
1182.48 1.35
1194.3 1.43
1206.25 1.5
1218.31 1.58
1230.49 1.64
1242.8 1.71
1255.22 1.78
1267.78 1.85
1280.45 1.92
1293.26 1.98
1306.19 2.05
1319.25 2.1
1332.45 2.16
1345.77 2.22
1359.23 2.27
1372.82 2.33
1386.55 2.39
1400.41 2.43
1414.42 2.49
1428.56 2.54
1442.85 2.58
1457.28 2.64
1471.85 2.68
1486.57 2.74
1501.43 2.79
1516.45 2.83
1531.61 2.87
1546.93 2.93
1562.4 2.98
1578.02 3.02
1593.8 3.07
1609.74 3.13
1625.84 3.17
1642.1 3.22
1658.52 3.27
1675.1 3.32
1691.85 3.38
1708.77 3.43
1725.86 3.48
1743.12 3.54
1760.55 3.59
1778.15 3.65
1795.94 3.71
1813.9 3.77
1832.03 3.82
1850.36 3.88
1868.86 3.94
1887.55 4
1906.42 4.07
1925.49 4.13
1944.74 4.2
1964.19 4.26
1983.83 4.32
2003.67 4.39
2023.71 4.45
2043.94 4.52
2064.38 4.59
2085.03 4.66
2105.88 4.71
2126.94 4.78
2148.2 4.84
2169.69 4.91
2191.38 4.97
2213.3 5.03
2235.43 5.09
2257.78 5.15
2280.36 5.2
2303.17 5.26
2326.2 5.31
2349.46 5.36
2372.95 5.4
2396.68 5.45
2420.65 5.48
2444.86 5.52
2469.31 5.55
2494 5.58
2518.94 5.6
2544.13 5.62
2569.57 5.64
2595.27 5.64
2621.22 5.65
2647.43 5.65
2673.9 5.64
2700.64 5.63
2727.65 5.63
2754.93 5.61
2782.48 5.59
2810.3 5.58
2838.4 5.56
2866.79 5.53
2895.46 5.5
2924.41 5.47
2953.65 5.43
2983.19 5.41
3013.02 5.37
3043.15 5.33
3073.58 5.29
3104.32 5.25
3135.36 5.22
3166.72 5.18
3198.38 5.14
3230.37 5.11
3262.67 5.08
3295.3 5.05
3328.25 5.01
3361.53 4.99
3395.15 4.98
3429.1 4.97
3463.39 4.95
3498.03 4.96
3533.01 4.95
3568.34 4.97
3604.02 4.98
3640.06 5.01
3676.46 5.02
3713.22 5.05
3750.36 5.07
3787.86 5.09
3825.74 5.1
3864 5.11
3902.64 5.12
3941.66 5.11
3981.08 5.11
4020.89 5.1
4061.1 5.08
4101.71 5.03
4142.73 4.98
4184.15 4.91
4226 4.82
4268.26 4.72
4310.94 4.63
4354.05 4.52
4397.59 4.39
4441.56 4.26
4485.98 4.11
4530.84 3.93
4576.15 3.76
4621.91 3.55
4668.13 3.32
4714.81 3.09
4761.96 2.83
4809.58 2.58
4857.67 2.29
4906.25 1.99
4955.31 1.71
5004.87 1.42
5054.91 1.1
5105.46 0.83
5156.52 0.55
5208.08 0.29
5260.16 0.07
5312.77 -0.16
5365.89 -0.36
5419.55 -0.54
5473.75 -0.69
5528.49 -0.84
5583.77 -0.94
5639.61 -1.06
5696 -1.13
5752.96 -1.2
5810.49 -1.23
5868.6 -1.25
5927.28 -1.23
5986.56 -1.18
6046.42 -1.12
6106.89 -1.03
6167.96 -0.92
6229.64 -0.76
6291.93 -0.6
6354.85 -0.41
6418.4 -0.2
6482.58 0.06
6547.41 0.34
6612.88 0.67
6679.01 0.96
6745.8 1.31
6813.26 1.67
6881.39 2.05
6950.21 2.44
7019.71 2.83
7089.91 3.21
7160.81 3.55
7232.41 3.88
7304.74 4.15
7377.79 4.37
7451.56 4.52
7526.08 4.62
7601.34 4.67
7677.35 4.62
7754.13 4.56
7831.67 4.41
7909.98 4.24
7989.08 4.04
8068.98 3.81
8149.67 3.55
8231.16 3.27
8313.47 2.97
8396.61 2.66
8480.57 2.26
8565.38 1.86
8651.03 1.43
8737.54 0.98
8824.92 0.52
8913.17 0.06
9002.3 -0.38
9092.32 -0.72
9183.25 -0.98
9275.08 -1.19
9367.83 -1.23
9461.51 -1.2
9556.12 -1.06
9651.68 -0.82
9748.2 -0.61
9845.68 -0.4
9944.14 -0.25
10043.58 -0.14
10144.02 -0.11
10245.46 -0.15
10347.91 -0.27
10451.39 -0.47
10555.91 -0.69
10661.46 -0.91
10768.08 -1.15
10875.76 -1.36
10984.52 -1.57
11094.36 -1.74
11205.31 -1.87
11317.36 -1.99
11430.53 -2.02
11544.84 -1.99
11660.29 -1.84
11776.89 -1.76
11894.66 -1.54
12013.6 -1.24
12133.74 -0.86
12255.08 -0.38
12377.63 0.16
12501.41 0.85
12626.42 1.5
12752.68 2.19
12880.21 3.01
13009.01 3.74
13139.1 4.35
13270.49 4.58
13403.2 4.35
13537.23 3.78
13672.6 3.32
13809.33 2.96
13947.42 2.64
14086.9 2.31
14227.77 2.01
14370.04 1.74
14513.74 1.42
14658.88 1.15
14805.47 0.82
14953.52 0.51
15103.06 0.17
15254.09 -0.19
15406.63 -0.62
15560.7 -1.09
15716.3 -1.67
15873.47 -2.4
16032.2 -3.23
16192.52 -4.19
16354.45 -5.18
16517.99 -6.18
16683.17 -6.74
16850.01 -7.3
17018.51 -7.89
17188.69 -8.29
17360.58 -8.67
17534.18 -8.69
17709.53 -8.9
17886.62 -8.82
18065.49 -8.83
18246.14 -8.4
18428.6 -7.77
18612.89 -6.93
18799.02 -6.46
18987.01 -6.9
19176.88 -7.96
19368.65 -9.63
19562.33 -11.37
19757.96 -12.57
19955.54 -14.03