20 -2.04
20.2 -2.12
20.4 -2.2
20.61 -2.27
20.81 -2.33
21.02 -2.38
21.23 -2.42
21.44 -2.45
21.66 -2.46
21.87 -2.46
22.09 -2.43
22.31 -2.38
22.54 -2.31
22.76 -2.21
22.99 -2.1
23.22 -1.99
23.45 -1.88
23.69 -1.79
23.92 -1.72
24.16 -1.67
24.4 -1.64
24.65 -1.63
24.89 -1.61
25.14 -1.59
25.39 -1.56
25.65 -1.51
25.91 -1.44
26.16 -1.37
26.43 -1.29
26.69 -1.23
26.96 -1.2
27.23 -1.2
27.5 -1.26
27.77 -1.34
28.05 -1.42
28.33 -1.48
28.62 -1.5
28.9 -1.47
29.19 -1.4
29.48 -1.31
29.78 -1.26
30.08 -1.23
30.38 -1.25
30.68 -1.31
30.99 -1.36
31.3 -1.38
31.61 -1.35
31.93 -1.29
32.24 -1.23
32.57 -1.18
32.89 -1.17
33.22 -1.17
33.55 -1.17
33.89 -1.15
34.23 -1.1
34.57 -1.05
34.92 -1
35.27 -1
35.62 -1.03
35.97 -1.09
36.33 -1.14
36.7 -1.17
37.06 -1.17
37.43 -1.15
37.81 -1.14
38.19 -1.14
38.57 -1.17
38.95 -1.19
39.34 -1.21
39.74 -1.21
40.14 -1.21
40.54 -1.22
40.94 -1.23
41.35 -1.24
41.76 -1.24
42.18 -1.25
42.6 -1.25
43.03 -1.27
43.46 -1.26
43.9 -1.22
44.33 -1.17
44.78 -1.16
45.23 -1.16
45.68 -1.19
46.13 -1.21
46.6 -1.2
47.06 -1.19
47.53 -1.19
48.01 -1.19
48.49 -1.17
48.97 -1.12
49.46 -1.07
49.96 -1.05
50.46 -1.04
50.96 -1.01
51.47 -0.96
51.99 -0.95
52.51 -0.95
53.03 -0.96
53.56 -0.93
54.1 -0.92
54.64 -0.93
55.18 -0.99
55.74 -0.98
56.29 -0.96
56.86 -0.92
57.42 -0.91
58 -0.91
58.58 -0.92
59.16 -0.93
59.76 -0.97
60.35 -0.97
60.96 -0.95
61.57 -0.95
62.18 -0.98
62.8 -0.92
63.43 -0.86
64.07 -0.82
64.71 -0.86
65.35 -0.88
66.01 -0.88
66.67 -0.91
67.33 -0.94
68.01 -0.96
68.69 -0.95
69.37 -0.97
70.07 -0.99
70.77 -1.03
71.48 -1.04
72.19 -1.03
72.91 -1.05
73.64 -1.07
74.38 -1.1
75.12 -1.13
75.87 -1.14
76.63 -1.15
77.4 -1.17
78.17 -1.2
78.95 -1.22
79.74 -1.21
80.54 -1.22
81.35 -1.23
82.16 -1.24
82.98 -1.24
83.81 -1.24
84.65 -1.27
85.5 -1.27
86.35 -1.25
87.22 -1.26
88.09 -1.28
88.97 -1.29
89.86 -1.28
90.76 -1.25
91.66 -1.24
92.58 -1.26
93.51 -1.29
94.44 -1.27
95.39 -1.25
96.34 -1.28
97.3 -1.27
98.28 -1.29
99.26 -1.33
100.25 -1.38
101.25 -1.38
102.27 -1.39
103.29 -1.41
104.32 -1.42
105.37 -1.43
106.42 -1.44
107.48 -1.46
108.56 -1.42
109.64 -1.42
110.74 -1.45
111.85 -1.45
112.97 -1.42
114.1 -1.4
115.24 -1.4
116.39 -1.41
117.55 -1.4
118.73 -1.39
119.92 -1.4
121.12 -1.45
122.33 -1.51
123.55 -1.52
124.79 -1.52
126.03 -1.53
127.29 -1.49
128.57 -1.47
129.85 -1.48
131.15 -1.5
132.46 -1.47
133.79 -1.44
135.12 -1.53
136.48 -1.57
137.84 -1.48
139.22 -1.47
140.61 -1.48
142.02 -1.52
143.44 -1.54
144.87 -1.53
146.32 -1.55
147.78 -1.55
149.26 -1.5
150.75 -1.49
152.26 -1.53
153.78 -1.51
155.32 -1.49
156.88 -1.48
158.44 -1.48
160.03 -1.49
161.63 -1.47
163.24 -1.46
164.88 -1.44
166.53 -1.42
168.19 -1.4
169.87 -1.4
171.57 -1.4
173.29 -1.38
175.02 -1.34
176.77 -1.37
178.54 -1.38
180.32 -1.39
182.13 -1.46
183.95 -1.47
185.79 -1.45
187.65 -1.44
189.52 -1.48
191.42 -1.52
193.33 -1.5
195.27 -1.42
197.22 -1.41
199.19 -1.5
201.18 -1.52
203.19 -1.5
205.23 -1.52
207.28 -1.55
209.35 -1.57
211.44 -1.63
213.56 -1.66
215.69 -1.68
217.85 -1.7
220.03 -1.78
222.23 -1.83
224.45 -1.91
226.7 -2.08
228.96 -2.16
231.25 -2.19
233.57 -2.21
235.9 -2.24
238.26 -2.3
240.64 -2.37
243.05 -2.46
245.48 -2.48
247.93 -2.5
250.41 -2.5
252.92 -2.44
255.45 -2.42
258 -2.42
260.58 -2.42
263.19 -2.38
265.82 -2.34
268.48 -2.4
271.16 -2.31
273.87 -2.29
276.61 -2.3
279.38 -2.23
282.17 -2.2
284.99 -2.19
287.84 -2.13
290.72 -2.09
293.63 -2.14
296.57 -2.14
299.53 -2.1
302.53 -1.92
305.55 -1.81
308.61 -1.81
311.69 -1.82
314.81 -1.75
317.96 -1.74
321.14 -1.76
324.35 -1.84
327.59 -1.62
330.87 -1.45
334.18 -1.63
337.52 -1.63
340.9 -1.55
344.3 -1.44
347.75 -1.46
351.23 -1.49
354.74 -1.46
358.28 -1.38
361.87 -1.35
365.49 -1.35
369.14 -1.28
372.83 -1.36
376.56 -1.39
380.33 -1.31
384.13 -1.3
387.97 -1.35
391.85 -1.45
395.77 -1.48
399.73 -1.24
403.72 -1.2
407.76 -1.19
411.84 -1.2
415.96 -1.15
420.12 -1.11
424.32 -1.06
428.56 -1.1
432.85 -1.13
437.18 -1.11
441.55 -1.15
445.96 -1.24
450.42 -1.37
454.93 -1.39
459.48 -1.49
464.07 -1.59
468.71 -1.69
473.4 -1.86
478.13 -1.91
482.91 -1.95
487.74 -2.11
492.62 -2.28
497.55 -2.49
502.52 -2.65
507.55 -2.75
512.62 -2.88
517.75 -2.94
522.93 -2.93
528.16 -2.83
533.44 -2.77
538.77 -2.75
544.16 -2.72
549.6 -2.64
555.1 -2.53
560.65 -2.39
566.25 -2.26
571.92 -2.2
577.64 -2.26
583.41 -2.18
589.25 -2.01
595.14 -1.99
601.09 -1.98
607.1 -1.83
613.17 -1.69
619.3 -1.54
625.5 -1.32
631.75 -1.1
638.07 -1.01
644.45 -1.01
650.89 -1
657.4 -0.75
663.98 -0.62
670.62 -0.57
677.32 -0.46
684.1 -0.42
690.94 -0.44
697.85 -0.46
704.83 -0.51
711.87 -0.55
718.99 -0.52
726.18 -0.63
733.44 -0.79
740.78 -0.99
748.19 -1.17
755.67 -1.32
763.23 -1.47
770.86 -1.65
778.57 -1.9
786.35 -2.23
794.22 -2.45
802.16 -2.6
810.18 -2.67
818.28 -2.51
826.46 -2.29
834.73 -2.11
843.08 -1.88
851.51 -1.63
860.02 -1.4
868.62 -1.25
877.31 -1.09
886.08 -0.89
894.94 -0.67
903.89 -0.48
912.93 -0.33
922.06 -0.28
931.28 -0.18
940.59 -0.04
950 0.07
959.5 0.16
969.09 0.21
978.78 0.17
988.57 0.02
998.46 0.01
1008.44 -0.03
1018.53 -0.15
1028.71 -0.42
1039 -0.65
1049.39 -1.02
1059.88 -1.53
1070.48 -2.03
1081.19 -2.33
1092 -2.46
1102.92 -2.44
1113.95 -2.56
1125.09 -2.7
1136.34 -2.76
1147.7 -2.84
1159.18 -2.84
1170.77 -2.83
1182.48 -2.87
1194.3 -3
1206.25 -3.14
1218.31 -3.2
1230.49 -3.11
1242.8 -3.01
1255.22 -2.95
1267.78 -2.97
1280.45 -3.22
1293.26 -3.22
1306.19 -3.23
1319.25 -3.21
1332.45 -3.37
1345.77 -3.49
1359.23 -3.56
1372.82 -3.43
1386.55 -3.42
1400.41 -3.54
1414.42 -3.36
1428.56 -3.19
1442.85 -3.35
1457.28 -3.5
1471.85 -3.6
1486.57 -3.43
1501.43 -3.21
1516.45 -3.08
1531.61 -3.04
1546.93 -3.12
1562.4 -2.99
1578.02 -2.8
1593.8 -2.54
1609.74 -2.39
1625.84 -2.3
1642.1 -2.12
1658.52 -1.97
1675.1 -1.85
1691.85 -2.02
1708.77 -2.12
1725.86 -2.15
1743.12 -1.97
1760.55 -1.83
1778.15 -1.71
1795.94 -1.57
1813.9 -1.32
1832.03 -1.08
1850.36 -0.93
1868.86 -0.73
1887.55 -0.55
1906.42 -0.42
1925.49 -0.34
1944.74 -0.09
1964.19 0.11
1983.83 0.21
2003.67 0.2
2023.71 0.12
2043.94 0.26
2064.38 0.44
2085.03 0.45
2105.88 0.59
2126.94 0.79
2148.2 1.09
2169.69 1.45
2191.38 1.84
2213.3 2.22
2235.43 2.6
2257.78 2.87
2280.36 3.22
2303.17 3.65
2326.2 3.9
2349.46 4.27
2372.95 4.56
2396.68 4.78
2420.65 5.05
2444.86 5.38
2469.31 5.75
2494 5.9
2518.94 6.29
2544.13 6.71
2569.57 6.85
2595.27 7.05
2621.22 7.32
2647.43 7.8
2673.9 8.05
2700.64 8.39
2727.65 8.83
2754.93 9.08
2782.48 9.23
2810.3 9.4
2838.4 9.66
2866.79 9.79
2895.46 9.83
2924.41 9.99
2953.65 10.17
2983.19 10.31
3013.02 10.4
3043.15 10.42
3073.58 10.57
3104.32 10.81
3135.36 10.95
3166.72 11.02
3198.38 11.07
3230.37 10.92
3262.67 10.76
3295.3 10.6
3328.25 10.62
3361.53 10.63
3395.15 10.57
3429.1 10.45
3463.39 10.33
3498.03 10.21
3533.01 10.13
3568.34 9.99
3604.02 9.8
3640.06 9.68
3676.46 9.38
3713.22 9.12
3750.36 9
3787.86 8.95
3825.74 8.86
3864 8.57
3902.64 8.48
3941.66 8.42
3981.08 8.16
4020.89 8.09
4061.1 8.2
4101.71 7.76
4142.73 7.51
4184.15 7.42
4226 7.3
4268.26 7.23
4310.94 7.2
4354.05 6.95
4397.59 6.77
4441.56 6.63
4485.98 6.49
4530.84 6.26
4576.15 6.01
4621.91 5.77
4668.13 5.64
4714.81 5.74
4761.96 5.82
4809.58 5.59
4857.67 5.06
4906.25 4.56
4955.31 4.24
5004.87 4.23
5054.91 4.27
5105.46 4.6
5156.52 5
5208.08 3.97
5260.16 4.11
5312.77 4.09
5365.89 2.46
5419.55 2.13
5473.75 2.16
5528.49 2.17
5583.77 2.87
5639.61 3.21
5696 3.41
5752.96 4.9
5810.49 6.16
5868.6 5.93
5927.28 6.04
5986.56 6.55
6046.42 7.75
6106.89 8.42
6167.96 8.16
6229.64 7.84
6291.93 7.44
6354.85 8.3
6418.4 8.82
6482.58 8.01
6547.41 7.39
6612.88 6.79
6679.01 6
6745.8 5.57
6813.26 5.26
6881.39 4.73
6950.21 4.49
7019.71 4.3
7089.91 4.01
7160.81 3.85
7232.41 3.77
7304.74 3.76
7377.79 3.65
7451.56 3.72
7526.08 3.87
7601.34 4.02
7677.35 4.19
7754.13 4.39
7831.67 4.82
7909.98 5.11
7989.08 5.17
8068.98 5.13
8149.67 4.92
8231.16 4.43
8313.47 3.77
8396.61 3.1
8480.57 2.57
8565.38 2.31
8651.03 1.98
8737.54 1.41
8824.92 0.96
8913.17 0.01
9002.3 -1.17
9092.32 -2.93
9183.25 -5.23
9275.08 -7.96
9367.83 -11.19
9461.51 -13.6
9556.12 -15.2
9651.68 -15.9
9748.2 -15.76
9845.68 -14.86
9944.14 -13.22
10043.58 -11.53
10144.02 -10.27
10245.46 -8.36
10347.91 -6.44
10451.39 -4.53
10555.91 -2.39
10661.46 -0.65
10768.08 0.67
10875.76 1.4
10984.52 1.62
11094.36 1.69
11205.31 1.78
11317.36 2
11430.53 2.17
11544.84 2.4
11660.29 2.81
11776.89 3.11
11894.66 3.58
12013.6 4.12
12133.74 4.71
12255.08 5.22
12377.63 5.6
12501.41 6.16
12626.42 6.56
12752.68 6.71
12880.21 6.39
13009.01 5.84
13139.1 5.28
13270.49 3.68
13403.2 2.3
13537.23 1.2
13672.6 0.27
13809.33 -0.51
13947.42 -1.39
14086.9 -2.05
14227.77 -2.58
14370.04 -2.98
14513.74 -3.31
14658.88 -4.19
14805.47 -5.25
14953.52 -6.61
15103.06 -8.19
15254.09 -9.85
15406.63 -10.55
15560.7 -10.94
15716.3 -10.84
15873.47 -10.39
16032.2 -9.86
16192.52 -9.35
16354.45 -8.78
16517.99 -7.94
16683.17 -5.13
16850.01 -3.07
17018.51 -1.65
17188.69 -1.34
17360.58 -2.21
17534.18 -3.97
17709.53 -6.64
17886.62 -9.89
18065.49 -12.74
18246.14 -14.59
18428.6 -15.84
18612.89 -16.8
18799.02 -16.83
18987.01 -14.78
19176.88 -12.11
19368.65 -9.7
19562.33 -7.93
19757.96 -7.1
19955.54 -6.26