20 -4.02
20.2 -3.94
20.4 -3.86
20.61 -3.78
20.81 -3.71
21.02 -3.65
21.23 -3.6
21.44 -3.58
21.66 -3.57
21.87 -3.57
22.09 -3.58
22.31 -3.6
22.54 -3.61
22.76 -3.63
22.99 -3.66
23.22 -3.69
23.45 -3.73
23.69 -3.78
23.92 -3.82
24.16 -3.86
24.4 -3.9
24.65 -3.92
24.89 -3.92
25.14 -3.92
25.39 -3.92
25.65 -3.9
25.91 -3.89
26.16 -3.86
26.43 -3.83
26.69 -3.78
26.96 -3.73
27.23 -3.67
27.5 -3.61
27.77 -3.56
28.05 -3.51
28.33 -3.46
28.62 -3.42
28.9 -3.38
29.19 -3.35
29.48 -3.33
29.78 -3.33
30.08 -3.33
30.38 -3.34
30.68 -3.34
30.99 -3.34
31.3 -3.34
31.61 -3.33
31.93 -3.33
32.24 -3.34
32.57 -3.36
32.89 -3.39
33.22 -3.41
33.55 -3.44
33.89 -3.45
34.23 -3.44
34.57 -3.43
34.92 -3.41
35.27 -3.38
35.62 -3.37
35.97 -3.36
36.33 -3.35
36.7 -3.34
37.06 -3.33
37.43 -3.3
37.81 -3.27
38.19 -3.24
38.57 -3.21
38.95 -3.2
39.34 -3.19
39.74 -3.18
40.14 -3.19
40.54 -3.2
40.94 -3.23
41.35 -3.25
41.76 -3.26
42.18 -3.26
42.6 -3.26
43.03 -3.25
43.46 -3.25
43.9 -3.26
44.33 -3.27
44.78 -3.26
45.23 -3.24
45.68 -3.21
46.13 -3.18
46.6 -3.16
47.06 -3.16
47.53 -3.17
48.01 -3.19
48.49 -3.2
48.97 -3.18
49.46 -3.16
49.96 -3.15
50.46 -3.15
50.96 -3.14
51.47 -3.13
51.99 -3.13
52.51 -3.14
53.03 -3.15
53.56 -3.12
54.1 -3.1
54.64 -3.09
55.18 -3.1
55.74 -3.11
56.29 -3.11
56.86 -3.1
57.42 -3.1
58 -3.11
58.58 -3.09
59.16 -3.07
59.76 -3.07
60.35 -3.07
60.96 -3.08
61.57 -3.06
62.18 -3.04
62.8 -3.05
63.43 -3.06
64.07 -3.07
64.71 -3.03
65.35 -3.01
66.01 -3
66.67 -3.02
67.33 -3.01
68.01 -2.98
68.69 -2.97
69.37 -2.97
70.07 -2.98
70.77 -2.97
71.48 -2.97
72.19 -2.96
72.91 -2.95
73.64 -2.96
74.38 -2.97
75.12 -2.98
75.87 -2.96
76.63 -2.97
77.4 -2.98
78.17 -2.97
78.95 -2.96
79.74 -2.96
80.54 -2.97
81.35 -2.97
82.16 -2.97
82.98 -2.97
83.81 -2.97
84.65 -2.96
85.5 -2.96
86.35 -2.96
87.22 -2.98
88.09 -3
88.97 -3
89.86 -3
90.76 -3
91.66 -3.01
92.58 -3.01
93.51 -3.02
94.44 -3.02
95.39 -3.02
96.34 -3.02
97.3 -3.03
98.28 -3.03
99.26 -3.04
100.25 -3.05
101.25 -3.04
102.27 -3.03
103.29 -3.04
104.32 -3.06
105.37 -3.05
106.42 -3.04
107.48 -3.05
108.56 -3.04
109.64 -3.03
110.74 -3.03
111.85 -3.04
112.97 -3.04
114.1 -3.04
115.24 -3.03
116.39 -3.02
117.55 -3.02
118.73 -3.02
119.92 -3.03
121.12 -3.03
122.33 -3.03
123.55 -3.02
124.79 -3.03
126.03 -3.03
127.29 -3.04
128.57 -3.05
129.85 -3.06
131.15 -3.07
132.46 -3.08
133.79 -3.08
135.12 -3.08
136.48 -3.07
137.84 -3.08
139.22 -3.08
140.61 -3.09
142.02 -3.11
143.44 -3.13
144.87 -3.14
146.32 -3.14
147.78 -3.14
149.26 -3.13
150.75 -3.14
152.26 -3.15
153.78 -3.16
155.32 -3.16
156.88 -3.17
158.44 -3.17
160.03 -3.17
161.63 -3.17
163.24 -3.17
164.88 -3.18
166.53 -3.18
168.19 -3.18
169.87 -3.18
171.57 -3.16
173.29 -3.14
175.02 -3.13
176.77 -3.14
178.54 -3.15
180.32 -3.16
182.13 -3.14
183.95 -3.15
185.79 -3.15
187.65 -3.15
189.52 -3.15
191.42 -3.16
193.33 -3.16
195.27 -3.15
197.22 -3.16
199.19 -3.16
201.18 -3.16
203.19 -3.16
205.23 -3.17
207.28 -3.17
209.35 -3.16
211.44 -3.15
213.56 -3.15
215.69 -3.16
217.85 -3.16
220.03 -3.16
222.23 -3.17
224.45 -3.19
226.7 -3.2
228.96 -3.22
231.25 -3.23
233.57 -3.24
235.9 -3.27
238.26 -3.29
240.64 -3.32
243.05 -3.35
245.48 -3.38
247.93 -3.4
250.41 -3.44
252.92 -3.47
255.45 -3.51
258 -3.56
260.58 -3.57
263.19 -3.6
265.82 -3.62
268.48 -3.6
271.16 -3.6
273.87 -3.6
276.61 -3.6
279.38 -3.59
282.17 -3.58
284.99 -3.57
287.84 -3.56
290.72 -3.54
293.63 -3.53
296.57 -3.51
299.53 -3.5
302.53 -3.47
305.55 -3.46
308.61 -3.44
311.69 -3.42
314.81 -3.43
317.96 -3.41
321.14 -3.39
324.35 -3.36
327.59 -3.35
330.87 -3.33
334.18 -3.3
337.52 -3.26
340.9 -3.23
344.3 -3.2
347.75 -3.2
351.23 -3.19
354.74 -3.18
358.28 -3.17
361.87 -3.15
365.49 -3.13
369.14 -3.12
372.83 -3.08
376.56 -3.04
380.33 -3.01
384.13 -2.99
387.97 -2.97
391.85 -2.93
395.77 -2.89
399.73 -2.87
403.72 -2.86
407.76 -2.83
411.84 -2.77
415.96 -2.72
420.12 -2.68
424.32 -2.65
428.56 -2.59
432.85 -2.53
437.18 -2.48
441.55 -2.42
445.96 -2.38
450.42 -2.33
454.93 -2.28
459.48 -2.23
464.07 -2.2
468.71 -2.18
473.4 -2.14
478.13 -2.12
482.91 -2.1
487.74 -2.07
492.62 -2.05
497.55 -2.02
502.52 -2
507.55 -1.98
512.62 -1.96
517.75 -1.93
522.93 -1.9
528.16 -1.87
533.44 -1.85
538.77 -1.82
544.16 -1.79
549.6 -1.78
555.1 -1.78
560.65 -1.79
566.25 -1.81
571.92 -1.83
577.64 -1.84
583.41 -1.86
589.25 -1.89
595.14 -1.88
601.09 -1.87
607.1 -1.84
613.17 -1.85
619.3 -1.84
625.5 -1.82
631.75 -1.79
638.07 -1.73
644.45 -1.7
650.89 -1.66
657.4 -1.59
663.98 -1.52
670.62 -1.45
677.32 -1.41
684.1 -1.35
690.94 -1.3
697.85 -1.23
704.83 -1.18
711.87 -1.12
718.99 -1.05
726.18 -0.97
733.44 -0.88
740.78 -0.79
748.19 -0.69
755.67 -0.63
763.23 -0.56
770.86 -0.49
778.57 -0.41
786.35 -0.34
794.22 -0.26
802.16 -0.2
810.18 -0.17
818.28 -0.12
826.46 -0.08
834.73 -0.04
843.08 0
851.51 0.07
860.02 0.13
868.62 0.19
877.31 0.24
886.08 0.31
894.94 0.31
903.89 0.34
912.93 0.4
922.06 0.48
931.28 0.5
940.59 0.48
950 0.47
959.5 0.42
969.09 0.38
978.78 0.32
988.57 0.23
998.46 0
1008.44 -0.01
1018.53 0.01
1028.71 0
1039 -0.04
1049.39 -0.12
1059.88 -0.24
1070.48 -0.31
1081.19 -0.3
1092 -0.24
1102.92 -0.21
1113.95 -0.32
1125.09 -0.45
1136.34 -0.53
1147.7 -0.64
1159.18 -0.63
1170.77 -0.59
1182.48 -0.67
1194.3 -0.92
1206.25 -1.16
1218.31 -1.42
1230.49 -1.52
1242.8 -1.6
1255.22 -1.61
1267.78 -1.44
1280.45 -1.33
1293.26 -1.39
1306.19 -1.44
1319.25 -1.35
1332.45 -1.2
1345.77 -1.13
1359.23 -1.12
1372.82 -1.06
1386.55 -1.11
1400.41 -1.28
1414.42 -1.22
1428.56 -1.16
1442.85 -1.09
1457.28 -1.07
1471.85 -1.09
1486.57 -1.21
1501.43 -1.34
1516.45 -1.3
1531.61 -1.38
1546.93 -1.61
1562.4 -1.57
1578.02 -1.47
1593.8 -1.34
1609.74 -1.2
1625.84 -1.06
1642.1 -0.95
1658.52 -0.96
1675.1 -1.09
1691.85 -1.01
1708.77 -1.01
1725.86 -1.09
1743.12 -1.25
1760.55 -1.29
1778.15 -1.27
1795.94 -1.35
1813.9 -1.14
1832.03 -0.89
1850.36 -0.71
1868.86 -0.24
1887.55 -0.25
1906.42 -0.38
1925.49 -0.28
1944.74 -0.03
1964.19 0.29
1983.83 0.48
2003.67 0.48
2023.71 0.58
2043.94 0.75
2064.38 0.86
2085.03 0.65
2105.88 0.91
2126.94 1.25
2148.2 1.47
2169.69 1.78
2191.38 2.03
2213.3 2.28
2235.43 2.57
2257.78 2.75
2280.36 2.93
2303.17 3.15
2326.2 3.31
2349.46 3.39
2372.95 3.69
2396.68 4.21
2420.65 4.39
2444.86 4.63
2469.31 4.94
2494 5.03
2518.94 5.23
2544.13 5.44
2569.57 5.49
2595.27 5.51
2621.22 5.51
2647.43 5.64
2673.9 5.82
2700.64 6.11
2727.65 6.52
2754.93 6.83
2782.48 7.03
2810.3 7.19
2838.4 7.31
2866.79 7.32
2895.46 7.27
2924.41 7.29
2953.65 7.33
2983.19 7.53
3013.02 7.69
3043.15 7.8
3073.58 7.7
3104.32 7.5
3135.36 7.37
3166.72 7.32
3198.38 7.32
3230.37 7.11
3262.67 6.94
3295.3 6.84
3328.25 6.6
3361.53 6.35
3395.15 6.09
3429.1 5.91
3463.39 5.78
3498.03 5.71
3533.01 5.9
3568.34 6.25
3604.02 6.64
3640.06 6.43
3676.46 6.08
3713.22 5.8
3750.36 5.71
3787.86 5.8
3825.74 5.81
3864 5.4
3902.64 5.14
3941.66 4.91
3981.08 4.45
4020.89 3.81
4061.1 3.07
4101.71 3.03
4142.73 3.23
4184.15 3.59
4226 3.45
4268.26 3.24
4310.94 2.94
4354.05 2.5
4397.59 2.24
4441.56 2.12
4485.98 3.25
4530.84 3.43
4576.15 2.8
4621.91 1.88
4668.13 1.07
4714.81 2.21
4761.96 3.75
4809.58 4.53
4857.67 3.99
4906.25 3.35
4955.31 2.69
5004.87 1.92
5054.91 2.2
5105.46 2.97
5156.52 3.97
5208.08 3.31
5260.16 2.6
5312.77 1.95
5365.89 1.56
5419.55 2.12
5473.75 2.65
5528.49 2.67
5583.77 2.59
5639.61 2.5
5696 2.42
5752.96 2.35
5810.49 2.35
5868.6 2.65
5927.28 2.92
5986.56 3.15
6046.42 2.94
6106.89 2.92
6167.96 3.21
6229.64 3.26
6291.93 3.12
6354.85 3.03
6418.4 2.93
6482.58 2.81
6547.41 2.58
6612.88 2.27
6679.01 1.82
6745.8 1.51
6813.26 1.16
6881.39 0.39
6950.21 -0.29
7019.71 -0.82
7089.91 -1.04
7160.81 -1.19
7232.41 -1.36
7304.74 -1.57
7377.79 -1.56
7451.56 -1.73
7526.08 -1.76
7601.34 -1.4
7677.35 -1.19
7754.13 -1.03
7831.67 -0.62
7909.98 -0.02
7989.08 0.89
8068.98 1.55
8149.67 2.33
8231.16 3.39
8313.47 4.14
8396.61 4.77
8480.57 5.28
8565.38 5.09
8651.03 4.33
8737.54 2.94
8824.92 1.31
8913.17 -0.72
9002.3 -2.89
9092.32 -4.41
9183.25 -6.17
9275.08 -7.74
9367.83 -8.53
9461.51 -8.59
9556.12 -8.04
9651.68 -7
9748.2 -5.68
9845.68 -4.46
9944.14 -3.19
10043.58 -2.38
10144.02 -2.18
10245.46 -1.82
10347.91 -1.75
10451.39 -2.07
10555.91 -2.46
10661.46 -2.78
10768.08 -3.02
10875.76 -3.19
10984.52 -3.07
11094.36 -2.94
11205.31 -2.98
11317.36 -2.33
11430.53 -1.6
11544.84 -0.86
11660.29 -0.25
11776.89 0.25
11894.66 0.39
12013.6 0.48
12133.74 0.26
12255.08 -0.38
12377.63 -1.28
12501.41 -2.21
12626.42 -3.6
12752.68 -5.16
12880.21 -6.46
13009.01 -7.58
13139.1 -8.7
13270.49 -9.59
13403.2 -10.38
13537.23 -11.11
13672.6 -11.7
13809.33 -12.15
13947.42 -12.61
14086.9 -13.19
14227.77 -13.84
14370.04 -14.32
14513.74 -14.64
14658.88 -15.22
14805.47 -15.57
14953.52 -15.54
15103.06 -14.98
15254.09 -14.18
15406.63 -13.29
15560.7 -12.16
15716.3 -10.62
15873.47 -9.01
16032.2 -7.43
16192.52 -6.03
16354.45 -4.91
16517.99 -4.01
16683.17 -3.72
16850.01 -4.08
17018.51 -4.97
17188.69 -6.54
17360.58 -8.15
17534.18 -9.68
17709.53 -10.87
17886.62 -11.96
18065.49 -13.08
18246.14 -14.31
18428.6 -15.03
18612.89 -15.42
18799.02 -15.59
18987.01 -15.71
19176.88 -15.74
19368.65 -15.75
19562.33 -15.8
19757.96 -15.96
19955.54 -16.12