20 -1.42
20.2 -1.38
20.4 -1.33
20.61 -1.25
20.81 -1.14
21.02 -1.03
21.23 -0.92
21.44 -0.84
21.66 -0.8
21.87 -0.78
22.09 -0.8
22.31 -0.84
22.54 -0.88
22.76 -0.9
22.99 -0.89
23.22 -0.8
23.45 -0.68
23.69 -0.53
23.92 -0.36
24.16 -0.21
24.4 -0.09
24.65 0.01
24.89 0.08
25.14 0.1
25.39 0.11
25.65 0.08
25.91 0.05
26.16 0.03
26.43 0.06
26.69 0.16
26.96 0.29
27.23 0.47
27.5 0.65
27.77 0.81
28.05 0.93
28.33 0.99
28.62 1.03
28.9 1.03
29.19 1.05
29.48 1.06
29.78 1.09
30.08 1.11
30.38 1.1
30.68 1.07
30.99 1.04
31.3 1.06
31.61 1.15
31.93 1.31
32.24 1.47
32.57 1.62
32.89 1.67
33.22 1.65
33.55 1.59
33.89 1.56
34.23 1.59
34.57 1.67
34.92 1.77
35.27 1.81
35.62 1.8
35.97 1.76
36.33 1.74
36.7 1.77
37.06 1.84
37.43 1.89
37.81 1.91
38.19 1.91
38.57 1.96
38.95 2.07
39.34 2.19
39.74 2.26
40.14 2.25
40.54 2.15
40.94 2.1
41.35 2.12
41.76 2.22
42.18 2.34
42.6 2.43
43.03 2.44
43.46 2.41
43.9 2.39
44.33 2.38
44.78 2.4
45.23 2.43
45.68 2.46
46.13 2.51
46.6 2.54
47.06 2.55
47.53 2.55
48.01 2.59
48.49 2.65
48.97 2.68
49.46 2.69
49.96 2.64
50.46 2.63
50.96 2.65
51.47 2.73
51.99 2.78
52.51 2.77
53.03 2.73
53.56 2.66
54.1 2.62
54.64 2.62
55.18 2.64
55.74 2.62
56.29 2.59
56.86 2.57
57.42 2.55
58 2.52
58.58 2.47
59.16 2.45
59.76 2.51
60.35 2.5
60.96 2.42
61.57 2.32
62.18 2.4
62.8 2.57
63.43 2.56
64.07 2.47
64.71 2.42
65.35 2.43
66.01 2.5
66.67 2.45
67.33 2.47
68.01 2.54
68.69 2.51
69.37 2.5
70.07 2.5
70.77 2.52
71.48 2.52
72.19 2.55
72.91 2.63
73.64 2.6
74.38 2.6
75.12 2.64
75.87 2.7
76.63 2.72
77.4 2.7
78.17 2.74
78.95 2.79
79.74 2.78
80.54 2.82
81.35 2.88
82.16 2.91
82.98 2.92
83.81 2.91
84.65 2.95
85.5 2.99
86.35 3.03
87.22 3.03
88.09 3.03
88.97 3.03
89.86 3.03
90.76 3.04
91.66 3.04
92.58 3.04
93.51 3.01
94.44 3.02
95.39 3.04
96.34 3
97.3 2.94
98.28 2.94
99.26 2.92
100.25 2.89
101.25 2.87
102.27 2.84
103.29 2.81
104.32 2.77
105.37 2.74
106.42 2.7
107.48 2.66
108.56 2.62
109.64 2.59
110.74 2.56
111.85 2.5
112.97 2.45
114.1 2.4
115.24 2.34
116.39 2.32
117.55 2.29
118.73 2.25
119.92 2.19
121.12 2.13
122.33 2.07
123.55 2.04
124.79 1.98
126.03 1.9
127.29 1.84
128.57 1.79
129.85 1.72
131.15 1.65
132.46 1.59
133.79 1.53
135.12 1.47
136.48 1.4
137.84 1.32
139.22 1.25
140.61 1.17
142.02 1.1
143.44 1.04
144.87 0.98
146.32 0.9
147.78 0.81
149.26 0.75
150.75 0.68
152.26 0.61
153.78 0.55
155.32 0.48
156.88 0.4
158.44 0.34
160.03 0.29
161.63 0.22
163.24 0.15
164.88 0.09
166.53 0.04
168.19 -0.01
169.87 -0.05
171.57 -0.11
173.29 -0.16
175.02 -0.2
176.77 -0.25
178.54 -0.29
180.32 -0.32
182.13 -0.34
183.95 -0.37
185.79 -0.4
187.65 -0.43
189.52 -0.46
191.42 -0.47
193.33 -0.49
195.27 -0.5
197.22 -0.49
199.19 -0.5
201.18 -0.52
203.19 -0.52
205.23 -0.51
207.28 -0.5
209.35 -0.49
211.44 -0.49
213.56 -0.47
215.69 -0.48
217.85 -0.49
220.03 -0.46
222.23 -0.44
224.45 -0.43
226.7 -0.41
228.96 -0.39
231.25 -0.37
233.57 -0.34
235.9 -0.3
238.26 -0.27
240.64 -0.23
243.05 -0.19
245.48 -0.16
247.93 -0.12
250.41 -0.06
252.92 -0.01
255.45 0.04
258 0.08
260.58 0.15
263.19 0.21
265.82 0.27
268.48 0.31
271.16 0.37
273.87 0.43
276.61 0.49
279.38 0.54
282.17 0.59
284.99 0.64
287.84 0.68
290.72 0.73
293.63 0.76
296.57 0.8
299.53 0.84
302.53 0.89
305.55 0.94
308.61 0.98
311.69 1.03
314.81 1.09
317.96 1.13
321.14 1.17
324.35 1.21
327.59 1.23
330.87 1.25
334.18 1.26
337.52 1.28
340.9 1.3
344.3 1.3
347.75 1.31
351.23 1.32
354.74 1.33
358.28 1.34
361.87 1.34
365.49 1.33
369.14 1.33
372.83 1.39
376.56 1.46
380.33 1.52
384.13 1.54
387.97 1.54
391.85 1.55
395.77 1.56
399.73 1.56
403.72 1.57
407.76 1.59
411.84 1.62
415.96 1.64
420.12 1.65
424.32 1.65
428.56 1.65
432.85 1.65
437.18 1.65
441.55 1.64
445.96 1.63
450.42 1.62
454.93 1.6
459.48 1.6
464.07 1.59
468.71 1.58
473.4 1.57
478.13 1.56
482.91 1.56
487.74 1.55
492.62 1.53
497.55 1.52
502.52 1.51
507.55 1.5
512.62 1.49
517.75 1.47
522.93 1.46
528.16 1.44
533.44 1.43
538.77 1.42
544.16 1.4
549.6 1.39
555.1 1.38
560.65 1.37
566.25 1.36
571.92 1.34
577.64 1.32
583.41 1.3
589.25 1.27
595.14 1.25
601.09 1.23
607.1 1.21
613.17 1.19
619.3 1.17
625.5 1.15
631.75 1.13
638.07 1.11
644.45 1.08
650.89 1.05
657.4 1.02
663.98 1
670.62 0.97
677.32 0.95
684.1 0.92
690.94 0.9
697.85 0.87
704.83 0.85
711.87 0.83
718.99 0.8
726.18 0.79
733.44 0.77
740.78 0.75
748.19 0.74
755.67 0.72
763.23 0.71
770.86 0.7
778.57 0.69
786.35 0.69
794.22 0.68
802.16 0.66
810.18 0.64
818.28 0.62
826.46 0.6
834.73 0.58
843.08 0.56
851.51 0.54
860.02 0.52
868.62 0.49
877.31 0.47
886.08 0.44
894.94 0.4
903.89 0.36
912.93 0.33
922.06 0.29
931.28 0.26
940.59 0.22
950 0.19
959.5 0.15
969.09 0.1
978.78 0.06
988.57 0.03
998.46 0
1008.44 0
1018.53 0
1028.71 0.02
1039 0.06
1049.39 0.1
1059.88 0.12
1070.48 0.13
1081.19 0.12
1092 0.1
1102.92 0.05
1113.95 0
1125.09 -0.06
1136.34 -0.12
1147.7 -0.18
1159.18 -0.24
1170.77 -0.28
1182.48 -0.32
1194.3 -0.35
1206.25 -0.38
1218.31 -0.4
1230.49 -0.42
1242.8 -0.43
1255.22 -0.45
1267.78 -0.47
1280.45 -0.47
1293.26 -0.48
1306.19 -0.49
1319.25 -0.52
1332.45 -0.51
1345.77 -0.5
1359.23 -0.49
1372.82 -0.48
1386.55 -0.47
1400.41 -0.46
1414.42 -0.44
1428.56 -0.42
1442.85 -0.4
1457.28 -0.37
1471.85 -0.33
1486.57 -0.3
1501.43 -0.26
1516.45 -0.22
1531.61 -0.18
1546.93 -0.14
1562.4 -0.09
1578.02 -0.04
1593.8 0.01
1609.74 0.06
1625.84 0.11
1642.1 0.18
1658.52 0.25
1675.1 0.32
1691.85 0.4
1708.77 0.48
1725.86 0.55
1743.12 0.63
1760.55 0.71
1778.15 0.8
1795.94 0.88
1813.9 0.98
1832.03 1.07
1850.36 1.16
1868.86 1.27
1887.55 1.36
1906.42 1.46
1925.49 1.58
1944.74 1.69
1964.19 1.8
1983.83 1.9
2003.67 2
2023.71 2.12
2043.94 2.23
2064.38 2.33
2085.03 2.45
2105.88 2.6
2126.94 2.76
2148.2 2.94
2169.69 3.13
2191.38 3.32
2213.3 3.51
2235.43 3.7
2257.78 3.88
2280.36 4.07
2303.17 4.28
2326.2 4.52
2349.46 4.82
2372.95 5.13
2396.68 5.44
2420.65 5.7
2444.86 5.9
2469.31 6.08
2494 6.25
2518.94 6.42
2544.13 6.59
2569.57 6.76
2595.27 6.94
2621.22 7.13
2647.43 7.32
2673.9 7.51
2700.64 7.7
2727.65 7.89
2754.93 8.09
2782.48 8.29
2810.3 8.48
2838.4 8.68
2866.79 8.87
2895.46 9.05
2924.41 9.23
2953.65 9.39
2983.19 9.53
3013.02 9.67
3043.15 9.8
3073.58 9.91
3104.32 10.01
3135.36 10.09
3166.72 10.17
3198.38 10.24
3230.37 10.29
3262.67 10.34
3295.3 10.38
3328.25 10.39
3361.53 10.38
3395.15 10.33
3429.1 10.24
3463.39 10.12
3498.03 10
3533.01 9.84
3568.34 9.66
3604.02 9.47
3640.06 9.25
3676.46 9.02
3713.22 8.81
3750.36 8.64
3787.86 8.5
3825.74 8.36
3864 8.22
3902.64 8.17
3941.66 8.13
3981.08 8.16
4020.89 8.22
4061.1 8.31
4101.71 8.6
4142.73 8.97
4184.15 9.39
4226 9.7
4268.26 9.86
4310.94 9.8
4354.05 9.56
4397.59 9.33
4441.56 9.11
4485.98 8.93
4530.84 8.77
4576.15 8.61
4621.91 8.44
4668.13 8.27
4714.81 8.13
4761.96 8.01
4809.58 7.92
4857.67 7.84
4906.25 7.76
4955.31 7.68
5004.87 7.6
5054.91 7.51
5105.46 7.42
5156.52 7.32
5208.08 7.21
5260.16 7.11
5312.77 7.02
5365.89 6.95
5419.55 6.86
5473.75 6.75
5528.49 6.62
5583.77 6.52
5639.61 6.42
5696 6.32
5752.96 6.23
5810.49 6.12
5868.6 5.96
5927.28 5.74
5986.56 5.46
6046.42 5.11
6106.89 4.72
6167.96 4.29
6229.64 3.84
6291.93 3.37
6354.85 2.9
6418.4 2.42
6482.58 1.9
6547.41 1.36
6612.88 0.81
6679.01 0.24
6745.8 -0.38
6813.26 -1.04
6881.39 -1.78
6950.21 -2.54
7019.71 -3.28
7089.91 -3.98
7160.81 -4.48
7232.41 -4.82
7304.74 -5
7377.79 -5.21
7451.56 -5.52
7526.08 -5.91
7601.34 -6.37
7677.35 -6.84
7754.13 -7.3
7831.67 -7.65
7909.98 -7.89
7989.08 -7.97
8068.98 -7.96
8149.67 -7.86
8231.16 -7.64
8313.47 -7.34
8396.61 -7.01
8480.57 -6.64
8565.38 -6.31
8651.03 -5.96
8737.54 -5.59
8824.92 -5.22
8913.17 -4.97
9002.3 -4.77
9092.32 -4.65
9183.25 -4.61
9275.08 -4.64
9367.83 -4.81
9461.51 -5.08
9556.12 -5.29
9651.68 -5.45
9748.2 -5.62
9845.68 -5.73
9944.14 -5.78
10043.58 -5.78
10144.02 -5.73
10245.46 -5.7
10347.91 -5.6
10451.39 -5.4
10555.91 -5.01
10661.46 -4.56
10768.08 -4.05
10875.76 -3.47
10984.52 -2.84
11094.36 -2.28
11205.31 -1.91
11317.36 -2.14
11430.53 -2.56
11544.84 -3.31
11660.29 -4.23
11776.89 -5.06
11894.66 -5.38
12013.6 -5.59
12133.74 -5.53
12255.08 -5.11
12377.63 -4.45
12501.41 -3.56
12626.42 -2.36
12752.68 -1.34
12880.21 -1.27
13009.01 -1.75
13139.1 -2.23
13270.49 -3.33
13403.2 -4.3
13537.23 -4.89
13672.6 -5.3
13809.33 -5.54
13947.42 -5.61
14086.9 -5.48
14227.77 -5.22
14370.04 -4.88
14513.74 -4.51
14658.88 -4.5
14805.47 -4.9
14953.52 -6
15103.06 -7.84
15254.09 -10.01
15406.63 -12.15
15560.7 -14.04
15716.3 -15.51
15873.47 -16.6
16032.2 -17.48
16192.52 -17.95
16354.45 -18.05
16517.99 -17.91
16683.17 -17.62
16850.01 -17.69
17018.51 -18.07
17188.69 -19.11
17360.58 -20.1
17534.18 -21.29
17709.53 -23.36
17886.62 -25.26
18065.49 -26.44
18246.14 -26.47
18428.6 -25.81
18612.89 -24.59
18799.02 -23.13
18987.01 -21.91
19176.88 -20.62
19368.65 -19.32
19562.33 -18.15
19757.96 -17.27
19955.54 -16.38