20 89.483
20.36 89.466
20.73 89.449
21.11 89.432
21.5 89.415
21.89 89.397
22.29 89.378
22.69 89.361
23.1 89.342
23.52 89.324
23.95 89.305
24.39 89.285
24.83 89.265
25.28 89.245
25.74 89.224
26.21 89.202
26.69 89.18
27.18 89.157
27.67 89.134
28.17 89.109
28.69 89.084
29.21 89.058
29.74 89.031
30.28 89.003
30.83 88.974
31.39 88.943
31.97 88.913
32.55 88.881
33.14 88.847
33.74 88.813
34.36 88.778
34.98 88.74
35.62 88.702
36.27 88.663
36.93 88.623
37.6 88.582
38.28 88.539
38.98 88.495
39.69 88.451
40.41 88.405
41.15 88.359
41.9 88.31
42.66 88.261
43.44 88.211
44.23 88.16
45.03 88.109
45.85 88.056
46.68 88.002
47.53 87.948
48.4 87.892
49.28 87.835
50.18 87.778
51.09 87.719
52.02 87.658
52.97 87.598
53.93 87.535
54.91 87.472
55.91 87.407
56.93 87.342
57.97 87.275
59.02 87.207
60.09 87.137
61.19 87.066
62.3 86.994
63.44 86.921
64.59 86.845
65.77 86.77
66.96 86.692
68.18 86.613
69.42 86.533
70.69 86.451
71.97 86.369
73.28 86.284
74.62 86.198
75.97 86.111
77.36 86.024
78.76 85.934
80.2 85.844
81.66 85.753
83.14 85.662
84.66 85.569
86.2 85.477
87.77 85.384
89.36 85.29
90.99 85.195
92.65 85.099
94.33 85.004
96.05 84.907
97.8 84.81
99.58 84.712
101.39 84.613
103.23 84.514
105.11 84.414
107.03 84.313
108.97 84.211
110.96 84.108
112.98 84.004
115.03 83.899
117.13 83.794
119.26 83.689
121.43 83.582
123.64 83.477
125.89 83.371
128.18 83.265
130.51 83.158
132.89 83.052
135.31 82.943
137.77 82.834
140.28 82.722
142.83 82.609
145.43 82.495
148.07 82.378
150.77 82.261
153.51 82.144
156.31 82.024
159.15 81.906
162.05 81.785
165 81.666
168 81.547
171.06 81.428
174.17 81.309
177.34 81.192
180.57 81.077
183.86 80.961
187.2 80.848
190.61 80.735
194.08 80.622
197.61 80.509
201.21 80.395
204.87 80.28
208.6 80.164
212.39 80.047
216.26 79.928
220.19 79.808
224.2 79.688
228.28 79.567
232.44 79.448
236.67 79.33
240.97 79.212
245.36 79.097
249.82 78.983
254.37 78.87
259 78.759
263.71 78.648
268.51 78.538
273.4 78.427
278.38 78.317
283.44 78.207
288.6 78.097
293.85 77.989
299.2 77.881
304.65 77.772
310.19 77.664
315.84 77.557
321.59 77.45
327.44 77.341
333.4 77.234
339.47 77.127
345.64 77.021
351.93 76.915
358.34 76.813
364.86 76.712
371.5 76.612
378.26 76.515
385.15 76.418
392.16 76.323
399.29 76.229
406.56 76.136
413.96 76.045
421.49 75.956
429.16 75.868
436.97 75.781
444.93 75.697
453.02 75.614
461.27 75.532
469.66 75.451
478.21 75.371
486.91 75.291
495.78 75.212
504.8 75.134
513.99 75.055
523.34 74.978
532.87 74.899
542.56 74.823
552.44 74.745
562.49 74.668
572.73 74.591
583.15 74.516
593.77 74.442
604.57 74.372
615.57 74.308
626.78 74.25
638.18 74.203
649.8 74.168
661.63 74.147
673.67 74.141
685.93 74.149
698.41 74.167
711.12 74.192
724.06 74.217
737.24 74.24
750.66 74.259
764.32 74.274
778.23 74.287
792.39 74.299
806.82 74.312
821.5 74.328
836.45 74.351
851.67 74.38
867.17 74.415
882.96 74.459
899.02 74.51
915.39 74.572
932.05 74.641
949.01 74.721
966.28 74.809
983.87 74.906
1001.77 75.01
1020 75.12
1038.57 75.237
1057.47 75.358
1076.71 75.484
1096.31 75.613
1116.26 75.747
1136.58 75.882
1157.26 76.019
1178.32 76.156
1199.77 76.294
1221.6 76.432
1243.84 76.57
1266.47 76.709
1289.52 76.851
1312.99 76.995
1336.89 77.145
1361.22 77.307
1385.99 77.485
1411.22 77.683
1436.9 77.908
1463.05 78.163
1489.68 78.451
1516.79 78.774
1544.4 79.13
1572.5 79.514
1601.12 79.913
1630.26 80.315
1659.93 80.709
1690.14 81.093
1720.9 81.46
1752.22 81.808
1784.11 82.14
1816.58 82.458
1849.64 82.767
1883.3 83.07
1917.58 83.368
1952.48 83.665
1988.01 83.959
2024.19 84.25
2061.03 84.535
2098.54 84.811
2136.73 85.069
2175.62 85.304
2215.22 85.509
2255.53 85.68
2296.58 85.816
2338.38 85.912
2380.94 85.971
2424.27 85.995
2468.39 85.984
2513.31 85.94
2559.05 85.868
2605.63 85.767
2653.05 85.642
2701.33 85.493
2750.5 85.328
2800.55 85.147
2851.52 84.956
2903.42 84.76
2956.26 84.565
3010.06 84.375
3064.85 84.193
3120.62 84.025
3177.42 83.877
3235.25 83.749
3294.13 83.645
3354.08 83.567
3415.12 83.518
3477.27 83.5
3540.56 83.518
3605 83.571
3670.6 83.664
3737.41 83.801
3805.43 83.984
3874.68 84.22
3945.2 84.511
4017 84.859
4090.11 85.267
4164.55 85.733
4240.34 86.248
4317.51 86.793
4396.09 87.343
4476.1 87.859
4557.56 88.297
4640.5 88.609
4724.96 88.751
4810.95 88.69
4898.51 88.413
4987.66 87.926
5078.43 87.256
5170.86 86.448
5264.97 85.55
5360.79 84.611
5458.35 83.676
5557.69 82.78
5658.84 81.95
5761.82 81.203
5866.69 80.547
5973.46 79.987
6082.17 79.523
6192.87 79.154
6305.57 78.883
6420.33 78.716
6537.18 78.661
6656.15 78.738
6777.29 78.968
6900.63 79.371
7026.22 79.967
7154.1 80.763
7284.3 81.74
7416.87 82.849
7551.85 83.997
7689.29 85.055
7829.23 85.871
7971.72 86.303
8116.8 86.258
8264.53 85.716
8414.94 84.742
8568.09 83.472
8724.02 82.075
8882.79 80.718
9044.46 79.541
9209.06 78.646
9376.66 78.097
9547.31 77.915
9721.07 78.078
9897.99 78.519
10078.13 79.115
10261.55 79.692
10448.3 80.05
10638.45 80.001
10832.07 79.424
11029.21 78.301
11229.94 76.733
11434.32 74.914
11642.41 73.071
11854.3 71.414
12070.04 70.084
12289.71 69.141
12513.38 68.576
12741.12 68.348
12973 68.4
13209.1 68.669
13449.5 69.076
13694.28 69.501
13943.51 69.78
14197.27 69.728
14455.66 69.195
14718.74 68.123
14986.62 66.575
15259.37 64.729
15537.08 62.824
15819.85 61.099
16107.76 59.733
16400.92 58.806
16699.41 58.278
17003.33 57.998
17312.78 57.716
17627.86 57.131
17948.68 55.946
18275.34 53.942
18607.94 51.045
18946.6 47.346
19291.42 43.071
19642.52 38.49
20000 33.821