20 89.465
20.36 89.432
20.73 89.399
21.11 89.366
21.5 89.332
21.89 89.298
22.29 89.264
22.69 89.23
23.1 89.195
23.52 89.16
23.95 89.125
24.39 89.089
24.83 89.052
25.28 89.015
25.74 88.978
26.21 88.94
26.69 88.901
27.18 88.861
27.67 88.821
28.17 88.78
28.69 88.738
29.21 88.695
29.74 88.651
30.28 88.607
30.83 88.56
31.39 88.514
31.97 88.465
32.55 88.416
33.14 88.365
33.74 88.313
34.36 88.26
34.98 88.206
35.62 88.15
36.27 88.093
36.93 88.035
37.6 87.977
38.28 87.917
38.98 87.856
39.69 87.793
40.41 87.729
41.15 87.665
41.9 87.599
42.66 87.533
43.44 87.466
44.23 87.397
45.03 87.328
45.85 87.257
46.68 87.186
47.53 87.114
48.4 87.042
49.28 86.968
50.18 86.893
51.09 86.817
52.02 86.74
52.97 86.662
53.93 86.584
54.91 86.503
55.91 86.421
56.93 86.339
57.97 86.255
59.02 86.171
60.09 86.085
61.19 85.997
62.3 85.909
63.44 85.819
64.59 85.728
65.77 85.637
66.96 85.544
68.18 85.449
69.42 85.353
70.69 85.257
71.97 85.158
73.28 85.06
74.62 84.96
75.97 84.859
77.36 84.757
78.76 84.654
80.2 84.552
81.66 84.448
83.14 84.344
84.66 84.24
86.2 84.135
87.77 84.031
89.36 83.926
90.99 83.82
92.65 83.716
94.33 83.609
96.05 83.503
97.8 83.397
99.58 83.29
101.39 83.183
103.23 83.075
105.11 82.967
107.03 82.857
108.97 82.749
110.96 82.638
112.98 82.529
115.03 82.417
117.13 82.307
119.26 82.196
121.43 82.084
123.64 81.974
125.89 81.863
128.18 81.755
130.51 81.644
132.89 81.534
135.31 81.424
137.77 81.311
140.28 81.198
142.83 81.084
145.43 80.968
148.07 80.852
150.77 80.734
153.51 80.617
156.31 80.498
159.15 80.38
162.05 80.261
165 80.143
168 80.025
171.06 79.908
174.17 79.793
177.34 79.68
180.57 79.567
183.86 79.457
187.2 79.348
190.61 79.24
194.08 79.133
197.61 79.025
201.21 78.919
204.87 78.811
208.6 78.702
212.39 78.593
216.26 78.483
220.19 78.373
224.2 78.262
228.28 78.151
232.44 78.042
236.67 77.934
240.97 77.828
245.36 77.725
249.82 77.623
254.37 77.522
259 77.423
263.71 77.325
268.51 77.228
273.4 77.132
278.38 77.037
283.44 76.942
288.6 76.85
293.85 76.757
299.2 76.666
304.65 76.576
310.19 76.486
315.84 76.396
321.59 76.305
327.44 76.214
333.4 76.123
339.47 76.032
345.64 75.941
351.93 75.852
358.34 75.763
364.86 75.675
371.5 75.589
378.26 75.505
385.15 75.422
392.16 75.341
399.29 75.262
406.56 75.183
413.96 75.107
421.49 75.033
429.16 74.962
436.97 74.892
444.93 74.825
453.02 74.758
461.27 74.693
469.66 74.628
478.21 74.564
486.91 74.502
495.78 74.44
504.8 74.378
513.99 74.319
523.34 74.26
532.87 74.204
542.56 74.151
552.44 74.1
562.49 74.051
572.73 74.006
583.15 73.965
593.77 73.927
604.57 73.893
615.57 73.863
626.78 73.838
638.18 73.817
649.8 73.799
661.63 73.786
673.67 73.777
685.93 73.772
698.41 73.771
711.12 73.774
724.06 73.783
737.24 73.794
750.66 73.81
764.32 73.831
778.23 73.857
792.39 73.887
806.82 73.924
821.5 73.967
836.45 74.017
851.67 74.074
867.17 74.137
882.96 74.21
899.02 74.29
915.39 74.38
932.05 74.481
949.01 74.594
966.28 74.72
983.87 74.86
1001.77 75.015
1020 75.183
1038.57 75.366
1057.47 75.56
1076.71 75.768
1096.31 75.985
1116.26 76.21
1136.58 76.441
1157.26 76.677
1178.32 76.917
1199.77 77.164
1221.6 77.418
1243.84 77.678
1266.47 77.942
1289.52 78.206
1312.99 78.464
1336.89 78.707
1361.22 78.936
1385.99 79.15
1411.22 79.35
1436.9 79.539
1463.05 79.72
1489.68 79.899
1516.79 80.08
1544.4 80.266
1572.5 80.46
1601.12 80.662
1630.26 80.87
1659.93 81.086
1690.14 81.309
1720.9 81.54
1752.22 81.776
1784.11 82.018
1816.58 82.263
1849.64 82.509
1883.3 82.755
1917.58 82.998
1952.48 83.234
1988.01 83.462
2024.19 83.68
2061.03 83.886
2098.54 84.076
2136.73 84.247
2175.62 84.395
2215.22 84.518
2255.53 84.616
2296.58 84.686
2338.38 84.729
2380.94 84.745
2424.27 84.737
2468.39 84.706
2513.31 84.654
2559.05 84.584
2605.63 84.501
2653.05 84.407
2701.33 84.306
2750.5 84.201
2800.55 84.099
2851.52 84.001
2903.42 83.911
2956.26 83.833
3010.06 83.772
3064.85 83.728
3120.62 83.705
3177.42 83.705
3235.25 83.728
3294.13 83.776
3354.08 83.849
3415.12 83.944
3477.27 84.061
3540.56 84.196
3605 84.345
3670.6 84.499
3737.41 84.65
3805.43 84.786
3874.68 84.892
3945.2 84.951
4017 84.949
4090.11 84.869
4164.55 84.701
4240.34 84.435
4317.51 84.072
4396.09 83.614
4476.1 83.071
4557.56 82.457
4640.5 81.788
4724.96 81.085
4810.95 80.369
4898.51 79.66
4987.66 78.975
5078.43 78.326
5170.86 77.719
5264.97 77.148
5360.79 76.609
5458.35 76.1
5557.69 75.621
5658.84 75.176
5761.82 74.771
5866.69 74.412
5973.46 74.105
6082.17 73.856
6192.87 73.673
6305.57 73.563
6420.33 73.537
6537.18 73.609
6656.15 73.793
6777.29 74.109
6900.63 74.575
7026.22 75.204
7154.1 75.997
7284.3 76.933
7416.87 77.963
7551.85 79.002
7689.29 79.936
7829.23 80.632
7971.72 80.971
8116.8 80.873
8264.53 80.322
8414.94 79.37
8568.09 78.127
8724.02 76.726
8882.79 75.297
9044.46 73.949
9209.06 72.753
9376.66 71.756
9547.31 70.98
9721.07 70.433
9897.99 70.117
10078.13 70.028
10261.55 70.159
10448.3 70.497
10638.45 71.014
10832.07 71.66
11029.21 72.364
11229.94 73.033
11434.32 73.563
11642.41 73.867
11854.3 73.892
12070.04 73.649
12289.71 73.197
12513.38 72.638
12741.12 72.084
12973 71.632
13209.1 71.343
13449.5 71.227
13694.28 71.227
13943.51 71.231
14197.27 71.089
14455.66 70.661
14718.74 69.868
14986.62 68.726
15259.37 67.35
15537.08 65.918
15819.85 64.617
16107.76 63.589
16400.92 62.878
16699.41 62.415
17003.33 62.013
17312.78 61.413
17627.86 60.333
17948.68 58.541
18275.34 55.913
18607.94 52.463
18946.6 48.328
19291.42 43.734
19642.52 38.912
20000 34.03