20 81.331
20.36 81.322
20.73 81.313
21.11 81.303
21.5 81.295
21.89 81.285
22.29 81.276
22.69 81.266
23.1 81.256
23.52 81.246
23.95 81.236
24.39 81.226
24.83 81.215
25.28 81.204
25.74 81.193
26.21 81.181
26.69 81.169
27.18 81.156
27.67 81.143
28.17 81.129
28.69 81.116
29.21 81.101
29.74 81.086
30.28 81.07
30.83 81.054
31.39 81.036
31.97 81.02
32.55 81
33.14 80.982
33.74 80.962
34.36 80.942
34.98 80.921
35.62 80.898
36.27 80.876
36.93 80.852
37.6 80.829
38.28 80.804
38.98 80.779
39.69 80.753
40.41 80.727
41.15 80.7
41.9 80.673
42.66 80.645
43.44 80.616
44.23 80.586
45.03 80.557
45.85 80.527
46.68 80.497
47.53 80.466
48.4 80.434
49.28 80.402
50.18 80.37
51.09 80.337
52.02 80.303
52.97 80.269
53.93 80.233
54.91 80.197
55.91 80.16
56.93 80.123
57.97 80.085
59.02 80.045
60.09 80.006
61.19 79.966
62.3 79.924
63.44 79.881
64.59 79.838
65.77 79.795
66.96 79.749
68.18 79.703
69.42 79.657
70.69 79.609
71.97 79.561
73.28 79.512
74.62 79.463
75.97 79.412
77.36 79.362
78.76 79.31
80.2 79.259
81.66 79.206
83.14 79.154
84.66 79.101
86.2 79.048
87.77 78.994
89.36 78.94
90.99 78.887
92.65 78.832
94.33 78.777
96.05 78.723
97.8 78.668
99.58 78.613
101.39 78.557
103.23 78.501
105.11 78.444
107.03 78.388
108.97 78.331
110.96 78.273
112.98 78.216
115.03 78.158
117.13 78.101
119.26 78.043
121.43 77.986
123.64 77.928
125.89 77.87
128.18 77.813
130.51 77.755
132.89 77.698
135.31 77.64
137.77 77.581
140.28 77.523
142.83 77.462
145.43 77.403
148.07 77.342
150.77 77.282
153.51 77.222
156.31 77.162
159.15 77.102
162.05 77.043
165 76.984
168 76.926
171.06 76.869
174.17 76.813
177.34 76.758
180.57 76.703
183.86 76.65
187.2 76.598
190.61 76.546
194.08 76.495
197.61 76.444
201.21 76.394
204.87 76.342
208.6 76.29
212.39 76.239
216.26 76.187
220.19 76.135
224.2 76.083
228.28 76.031
232.44 75.981
236.67 75.931
240.97 75.883
245.36 75.836
249.82 75.789
254.37 75.743
259 75.699
263.71 75.655
268.51 75.612
273.4 75.569
278.38 75.526
283.44 75.484
288.6 75.443
293.85 75.402
299.2 75.362
304.65 75.323
310.19 75.284
315.84 75.245
321.59 75.206
327.44 75.167
333.4 75.129
339.47 75.09
345.64 75.052
351.93 75.015
358.34 74.978
364.86 74.943
371.5 74.907
378.26 74.872
385.15 74.837
392.16 74.801
399.29 74.767
406.56 74.732
413.96 74.697
421.49 74.663
429.16 74.628
436.97 74.594
444.93 74.56
453.02 74.527
461.27 74.492
469.66 74.459
478.21 74.425
486.91 74.393
495.78 74.361
504.8 74.331
513.99 74.302
523.34 74.273
532.87 74.246
542.56 74.222
552.44 74.199
562.49 74.177
572.73 74.157
583.15 74.139
593.77 74.122
604.57 74.106
615.57 74.093
626.78 74.08
638.18 74.071
649.8 74.062
661.63 74.057
673.67 74.052
685.93 74.05
698.41 74.051
711.12 74.054
724.06 74.061
737.24 74.069
750.66 74.082
764.32 74.098
778.23 74.117
792.39 74.141
806.82 74.169
821.5 74.203
836.45 74.243
851.67 74.288
867.17 74.339
882.96 74.397
899.02 74.463
915.39 74.536
932.05 74.616
949.01 74.705
966.28 74.799
983.87 74.903
1001.77 75.011
1020 75.123
1038.57 75.238
1057.47 75.357
1076.71 75.478
1096.31 75.602
1116.26 75.728
1136.58 75.855
1157.26 75.984
1178.32 76.114
1199.77 76.245
1221.6 76.377
1243.84 76.509
1266.47 76.642
1289.52 76.777
1312.99 76.913
1336.89 77.05
1361.22 77.19
1385.99 77.335
1411.22 77.484
1436.9 77.638
1463.05 77.797
1489.68 77.962
1516.79 78.136
1544.4 78.316
1572.5 78.507
1601.12 78.705
1630.26 78.912
1659.93 79.127
1690.14 79.353
1720.9 79.59
1752.22 79.837
1784.11 80.096
1816.58 80.365
1849.64 80.645
1883.3 80.935
1917.58 81.235
1952.48 81.542
1988.01 81.858
2024.19 82.179
2061.03 82.505
2098.54 82.833
2136.73 83.156
2175.62 83.469
2215.22 83.763
2255.53 84.034
2296.58 84.273
2338.38 84.474
2380.94 84.63
2424.27 84.737
2468.39 84.792
2513.31 84.792
2559.05 84.738
2605.63 84.635
2653.05 84.487
2701.33 84.301
2750.5 84.083
2800.55 83.84
2851.52 83.58
2903.42 83.311
2956.26 83.038
3010.06 82.767
3064.85 82.505
3120.62 82.255
3177.42 82.021
3235.25 81.808
3294.13 81.615
3354.08 81.446
3415.12 81.303
3477.27 81.189
3540.56 81.103
3605 81.049
3670.6 81.028
3737.41 81.043
3805.43 81.096
3874.68 81.189
3945.2 81.328
4017 81.518
4090.11 81.765
4164.55 82.08
4240.34 82.469
4317.51 82.941
4396.09 83.495
4476.1 84.126
4557.56 84.816
4640.5 85.532
4724.96 86.223
4810.95 86.826
4898.51 87.275
4987.66 87.505
5078.43 87.47
5170.86 87.154
5264.97 86.568
5360.79 85.757
5458.35 84.783
5557.69 83.714
5658.84 82.617
5761.82 81.544
5866.69 80.537
5973.46 79.622
6082.17 78.813
6192.87 78.123
6305.57 77.556
6420.33 77.118
6537.18 76.817
6656.15 76.667
6777.29 76.685
6900.63 76.891
7026.22 77.305
7154.1 77.936
7284.3 78.768
7416.87 79.75
7551.85 80.787
7689.29 81.737
7829.23 82.433
7971.72 82.714
8116.8 82.468
8264.53 81.661
8414.94 80.356
8568.09 78.686
8724.02 76.82
8882.79 74.922
9044.46 73.117
9209.06 71.486
9376.66 70.073
9547.31 68.882
9721.07 67.904
9897.99 67.114
10078.13 66.491
10261.55 66.005
10448.3 65.639
10638.45 65.378
10832.07 65.212
11029.21 65.145
11229.94 65.185
11434.32 65.348
11642.41 65.648
11854.3 66.087
12070.04 66.652
12289.71 67.302
12513.38 67.963
12741.12 68.529
12973 68.875
13209.1 68.882
13449.5 68.481
13694.28 67.683
13943.51 66.601
14197.27 65.413
14455.66 64.312
14718.74 63.442
14986.62 62.876
15259.37 62.618
15537.08 62.637
15819.85 62.876
16107.76 63.238
16400.92 63.556
16699.41 63.605
17003.33 63.144
17312.78 61.966
17627.86 59.942
17948.68 57.048
18275.34 53.368
18607.94 49.073
18946.6 44.387
19291.42 39.525
19642.52 34.634
20000 29.754