20 84.183
20.36 84.118
20.73 84.052
21.11 83.986
21.5 83.921
21.89 83.855
22.29 83.789
22.69 83.722
23.1 83.656
23.52 83.589
23.95 83.522
24.39 83.455
24.83 83.386
25.28 83.318
25.74 83.249
26.21 83.179
26.69 83.109
27.18 83.038
27.67 82.967
28.17 82.894
28.69 82.821
29.21 82.748
29.74 82.673
30.28 82.597
30.83 82.521
31.39 82.443
31.97 82.365
32.55 82.286
33.14 82.205
33.74 82.123
34.36 82.041
34.98 81.957
35.62 81.872
36.27 81.787
36.93 81.7
37.6 81.612
38.28 81.524
38.98 81.434
39.69 81.345
40.41 81.254
41.15 81.162
41.9 81.07
42.66 80.978
43.44 80.884
44.23 80.79
45.03 80.696
45.85 80.601
46.68 80.506
47.53 80.41
48.4 80.313
49.28 80.217
50.18 80.12
51.09 80.023
52.02 79.925
52.97 79.828
53.93 79.73
54.91 79.632
55.91 79.534
56.93 79.436
57.97 79.338
59.02 79.24
60.09 79.142
61.19 79.044
62.3 78.947
63.44 78.85
64.59 78.753
65.77 78.656
66.96 78.561
68.18 78.465
69.42 78.371
70.69 78.277
71.97 78.184
73.28 78.092
74.62 78
75.97 77.91
77.36 77.82
78.76 77.73
80.2 77.641
81.66 77.553
83.14 77.464
84.66 77.377
86.2 77.289
87.77 77.202
89.36 77.115
90.99 77.029
92.65 76.943
94.33 76.857
96.05 76.771
97.8 76.686
99.58 76.602
101.39 76.518
103.23 76.435
105.11 76.353
107.03 76.272
108.97 76.193
110.96 76.116
112.98 76.04
115.03 75.966
117.13 75.894
119.26 75.822
121.43 75.751
123.64 75.68
125.89 75.609
128.18 75.539
130.51 75.469
132.89 75.4
135.31 75.331
137.77 75.262
140.28 75.195
142.83 75.128
145.43 75.062
148.07 74.997
150.77 74.934
153.51 74.871
156.31 74.81
159.15 74.751
162.05 74.694
165 74.638
168 74.583
171.06 74.53
174.17 74.479
177.34 74.428
180.57 74.378
183.86 74.329
187.2 74.28
190.61 74.232
194.08 74.184
197.61 74.137
201.21 74.091
204.87 74.046
208.6 74.001
212.39 73.957
216.26 73.914
220.19 73.872
224.2 73.831
228.28 73.792
232.44 73.753
236.67 73.716
240.97 73.68
245.36 73.644
249.82 73.61
254.37 73.576
259 73.544
263.71 73.513
268.51 73.483
273.4 73.454
278.38 73.425
283.44 73.398
288.6 73.372
293.85 73.347
299.2 73.323
304.65 73.3
310.19 73.278
315.84 73.257
321.59 73.236
327.44 73.217
333.4 73.198
339.47 73.18
345.64 73.163
351.93 73.146
358.34 73.131
364.86 73.116
371.5 73.101
378.26 73.088
385.15 73.075
392.16 73.064
399.29 73.054
406.56 73.045
413.96 73.037
421.49 73.03
429.16 73.024
436.97 73.019
444.93 73.015
453.02 73.012
461.27 73.01
469.66 73.009
478.21 73.01
486.91 73.012
495.78 73.015
504.8 73.019
513.99 73.025
523.34 73.032
532.87 73.041
542.56 73.05
552.44 73.062
562.49 73.074
572.73 73.088
583.15 73.104
593.77 73.121
604.57 73.14
615.57 73.161
626.78 73.184
638.18 73.208
649.8 73.235
661.63 73.263
673.67 73.293
685.93 73.327
698.41 73.363
711.12 73.403
724.06 73.446
737.24 73.493
750.66 73.543
764.32 73.597
778.23 73.654
792.39 73.715
806.82 73.779
821.5 73.847
836.45 73.92
851.67 73.999
867.17 74.085
882.96 74.178
899.02 74.279
915.39 74.387
932.05 74.502
949.01 74.623
966.28 74.749
983.87 74.879
1001.77 75.013
1020 75.151
1038.57 75.29
1057.47 75.432
1076.71 75.574
1096.31 75.718
1116.26 75.861
1136.58 76.004
1157.26 76.144
1178.32 76.283
1199.77 76.42
1221.6 76.556
1243.84 76.692
1266.47 76.83
1289.52 76.973
1312.99 77.124
1336.89 77.283
1361.22 77.45
1385.99 77.623
1411.22 77.798
1436.9 77.972
1463.05 78.14
1489.68 78.294
1516.79 78.425
1544.4 78.526
1572.5 78.591
1601.12 78.622
1630.26 78.63
1659.93 78.634
1690.14 78.657
1720.9 78.718
1752.22 78.822
1784.11 78.968
1816.58 79.144
1849.64 79.338
1883.3 79.537
1917.58 79.733
1952.48 79.922
1988.01 80.105
2024.19 80.28
2061.03 80.448
2098.54 80.609
2136.73 80.759
2175.62 80.892
2215.22 81.004
2255.53 81.087
2296.58 81.136
2338.38 81.142
2380.94 81.104
2424.27 81.025
2468.39 80.914
2513.31 80.784
2559.05 80.652
2605.63 80.539
2653.05 80.465
2701.33 80.438
2750.5 80.457
2800.55 80.507
2851.52 80.568
2903.42 80.618
2956.26 80.64
3010.06 80.625
3064.85 80.577
3120.62 80.505
3177.42 80.422
3235.25 80.33
3294.13 80.215
3354.08 80.057
3415.12 79.832
3477.27 79.522
3540.56 79.128
3605 78.686
3670.6 78.258
3737.41 77.907
3805.43 77.676
3874.68 77.572
3945.2 77.578
4017 77.659
4090.11 77.777
4164.55 77.9
4240.34 78.007
4317.51 78.092
4396.09 78.159
4476.1 78.212
4557.56 78.251
4640.5 78.264
4724.96 78.235
4810.95 78.155
4898.51 78.019
4987.66 77.833
5078.43 77.607
5170.86 77.357
5264.97 77.104
5360.79 76.873
5458.35 76.687
5557.69 76.56
5658.84 76.497
5761.82 76.496
5866.69 76.543
5973.46 76.625
6082.17 76.724
6192.87 76.829
6305.57 76.935
6420.33 77.047
6537.18 77.184
6656.15 77.381
6777.29 77.692
6900.63 78.185
7026.22 78.912
7154.1 79.877
7284.3 81.032
7416.87 82.277
7551.85 83.487
7689.29 84.526
7829.23 85.268
7971.72 85.621
8116.8 85.545
8264.53 85.062
8414.94 84.251
8568.09 83.22
8724.02 82.085
8882.79 80.949
9044.46 79.886
9209.06 78.936
9376.66 78.1
9547.31 77.362
9721.07 76.697
9897.99 76.088
10078.13 75.527
10261.55 75.013
10448.3 74.558
10638.45 74.191
10832.07 73.955
11029.21 73.896
11229.94 74.044
11434.32 74.403
11642.41 74.95
11854.3 75.642
12070.04 76.412
12289.71 77.174
12513.38 77.825
12741.12 78.255
12973 78.366
13209.1 78.095
13449.5 77.441
13694.28 76.474
13943.51 75.329
14197.27 74.166
14455.66 73.132
14718.74 72.337
14986.62 71.832
15259.37 71.609
15537.08 71.615
15819.85 71.762
16107.76 71.951
16400.92 72.09
16699.41 72.113
17003.33 71.981
17312.78 71.665
17627.86 71.13
17948.68 70.318
18275.34 69.162
18607.94 67.614
18946.6 65.689
19291.42 63.487
19642.52 61.157
20000 58.821