20 85.464
20.36 85.435
20.73 85.407
21.11 85.378
21.5 85.349
21.89 85.32
22.29 85.29
22.69 85.26
23.1 85.231
23.52 85.2
23.95 85.169
24.39 85.138
24.83 85.106
25.28 85.074
25.74 85.041
26.21 85.007
26.69 84.973
27.18 84.937
27.67 84.901
28.17 84.865
28.69 84.826
29.21 84.787
29.74 84.747
30.28 84.707
30.83 84.664
31.39 84.621
31.97 84.576
32.55 84.53
33.14 84.483
33.74 84.435
34.36 84.385
34.98 84.333
35.62 84.281
36.27 84.227
36.93 84.172
37.6 84.115
38.28 84.058
38.98 83.999
39.69 83.94
40.41 83.878
41.15 83.816
41.9 83.753
42.66 83.688
43.44 83.623
44.23 83.556
45.03 83.489
45.85 83.421
46.68 83.351
47.53 83.281
48.4 83.209
49.28 83.136
50.18 83.063
51.09 82.989
52.02 82.913
52.97 82.837
53.93 82.759
54.91 82.681
55.91 82.602
56.93 82.522
57.97 82.441
59.02 82.359
60.09 82.276
61.19 82.192
62.3 82.108
63.44 82.022
64.59 81.937
65.77 81.851
66.96 81.764
68.18 81.678
69.42 81.59
70.69 81.503
71.97 81.415
73.28 81.328
74.62 81.24
75.97 81.152
77.36 81.064
78.76 80.975
80.2 80.887
81.66 80.797
83.14 80.707
84.66 80.617
86.2 80.525
87.77 80.433
89.36 80.341
90.99 80.248
92.65 80.153
94.33 80.059
96.05 79.964
97.8 79.868
99.58 79.772
101.39 79.675
103.23 79.579
105.11 79.483
107.03 79.387
108.97 79.292
110.96 79.198
112.98 79.105
115.03 79.014
117.13 78.922
119.26 78.831
121.43 78.74
123.64 78.648
125.89 78.556
128.18 78.463
130.51 78.37
132.89 78.277
135.31 78.183
137.77 78.09
140.28 77.996
142.83 77.903
145.43 77.81
148.07 77.718
150.77 77.626
153.51 77.535
156.31 77.446
159.15 77.357
162.05 77.27
165 77.185
168 77.101
171.06 77.018
174.17 76.936
177.34 76.854
180.57 76.773
183.86 76.692
187.2 76.611
190.61 76.53
194.08 76.449
197.61 76.369
201.21 76.29
204.87 76.211
208.6 76.132
212.39 76.055
216.26 75.979
220.19 75.903
224.2 75.829
228.28 75.756
232.44 75.685
236.67 75.615
240.97 75.545
245.36 75.477
249.82 75.409
254.37 75.343
259 75.279
263.71 75.215
268.51 75.154
273.4 75.093
278.38 75.034
283.44 74.976
288.6 74.919
293.85 74.865
299.2 74.811
304.65 74.76
310.19 74.709
315.84 74.66
321.59 74.611
327.44 74.564
333.4 74.518
339.47 74.474
345.64 74.429
351.93 74.386
358.34 74.344
364.86 74.303
371.5 74.262
378.26 74.223
385.15 74.186
392.16 74.15
399.29 74.116
406.56 74.084
413.96 74.053
421.49 74.023
429.16 73.995
436.97 73.968
444.93 73.943
453.02 73.917
461.27 73.894
469.66 73.871
478.21 73.85
486.91 73.831
495.78 73.812
504.8 73.796
513.99 73.78
523.34 73.766
532.87 73.753
542.56 73.741
552.44 73.73
562.49 73.721
572.73 73.713
583.15 73.706
593.77 73.7
604.57 73.695
615.57 73.692
626.78 73.691
638.18 73.692
649.8 73.694
661.63 73.698
673.67 73.705
685.93 73.713
698.41 73.725
711.12 73.74
724.06 73.759
737.24 73.781
750.66 73.808
764.32 73.84
778.23 73.875
792.39 73.916
806.82 73.961
821.5 74.012
836.45 74.068
851.67 74.13
867.17 74.2
882.96 74.277
899.02 74.363
915.39 74.455
932.05 74.556
949.01 74.662
966.28 74.774
983.87 74.891
1001.77 75.012
1020 75.137
1038.57 75.265
1057.47 75.397
1076.71 75.53
1096.31 75.667
1116.26 75.807
1136.58 75.947
1157.26 76.088
1178.32 76.229
1199.77 76.369
1221.6 76.509
1243.84 76.649
1266.47 76.787
1289.52 76.925
1312.99 77.064
1336.89 77.202
1361.22 77.339
1385.99 77.475
1411.22 77.607
1436.9 77.737
1463.05 77.864
1489.68 77.989
1516.79 78.115
1544.4 78.241
1572.5 78.369
1601.12 78.502
1630.26 78.639
1659.93 78.78
1690.14 78.924
1720.9 79.071
1752.22 79.221
1784.11 79.373
1816.58 79.528
1849.64 79.686
1883.3 79.846
1917.58 80.009
1952.48 80.175
1988.01 80.344
2024.19 80.516
2061.03 80.689
2098.54 80.864
2136.73 81.038
2175.62 81.211
2215.22 81.382
2255.53 81.55
2296.58 81.713
2338.38 81.872
2380.94 82.024
2424.27 82.168
2468.39 82.303
2513.31 82.427
2559.05 82.541
2605.63 82.642
2653.05 82.73
2701.33 82.806
2750.5 82.867
2800.55 82.914
2851.52 82.947
2903.42 82.966
2956.26 82.97
3010.06 82.961
3064.85 82.939
3120.62 82.905
3177.42 82.859
3235.25 82.803
3294.13 82.738
3354.08 82.665
3415.12 82.584
3477.27 82.497
3540.56 82.404
3605 82.306
3670.6 82.203
3737.41 82.096
3805.43 81.982
3874.68 81.862
3945.2 81.734
4017 81.598
4090.11 81.453
4164.55 81.299
4240.34 81.137
4317.51 80.968
4396.09 80.794
4476.1 80.615
4557.56 80.433
4640.5 80.248
4724.96 80.061
4810.95 79.869
4898.51 79.675
4987.66 79.475
5078.43 79.271
5170.86 79.063
5264.97 78.855
5360.79 78.651
5458.35 78.452
5557.69 78.264
5658.84 78.09
5761.82 77.933
5866.69 77.799
5973.46 77.693
6082.17 77.62
6192.87 77.588
6305.57 77.604
6420.33 77.676
6537.18 77.811
6656.15 78.019
6777.29 78.306
6900.63 78.676
7026.22 79.13
7154.1 79.657
7284.3 80.234
7416.87 80.822
7551.85 81.366
7689.29 81.799
7829.23 82.053
7971.72 82.068
8116.8 81.809
8264.53 81.268
8414.94 80.475
8568.09 79.48
8724.02 78.351
8882.79 77.158
9044.46 75.961
9209.06 74.812
9376.66 73.75
9547.31 72.8
9721.07 71.979
9897.99 71.3
10078.13 70.771
10261.55 70.402
10448.3 70.207
10638.45 70.205
10832.07 70.414
11029.21 70.839
11229.94 71.453
11434.32 72.19
11642.41 72.947
11854.3 73.601
12070.04 74.038
12289.71 74.172
12513.38 73.962
12741.12 73.419
12973 72.593
13209.1 71.565
13449.5 70.424
13694.28 69.259
13943.51 68.143
14197.27 67.134
14455.66 66.267
14718.74 65.559
14986.62 65.011
15259.37 64.613
15537.08 64.346
15819.85 64.182
16107.76 64.085
16400.92 64.005
16699.41 63.887
17003.33 63.682
17312.78 63.356
17627.86 62.898
17948.68 62.296
18275.34 61.526
18607.94 60.567
18946.6 59.423
19291.42 58.138
19642.52 56.787
20000 55.433