20 83.585
20.36 83.567
20.73 83.549
21.11 83.531
21.5 83.512
21.89 83.494
22.29 83.475
22.69 83.456
23.1 83.436
23.52 83.416
23.95 83.396
24.39 83.375
24.83 83.353
25.28 83.331
25.74 83.308
26.21 83.284
26.69 83.259
27.18 83.233
27.67 83.207
28.17 83.179
28.69 83.151
29.21 83.121
29.74 83.09
30.28 83.058
30.83 83.025
31.39 82.99
31.97 82.954
32.55 82.916
33.14 82.877
33.74 82.836
34.36 82.794
34.98 82.75
35.62 82.705
36.27 82.658
36.93 82.61
37.6 82.561
38.28 82.511
38.98 82.459
39.69 82.406
40.41 82.351
41.15 82.296
41.9 82.239
42.66 82.182
43.44 82.123
44.23 82.063
45.03 82.002
45.85 81.941
46.68 81.878
47.53 81.814
48.4 81.75
49.28 81.684
50.18 81.618
51.09 81.551
52.02 81.482
52.97 81.413
53.93 81.342
54.91 81.271
55.91 81.198
56.93 81.125
57.97 81.05
59.02 80.975
60.09 80.898
61.19 80.82
62.3 80.741
63.44 80.661
64.59 80.58
65.77 80.498
66.96 80.415
68.18 80.331
69.42 80.246
70.69 80.16
71.97 80.073
73.28 79.985
74.62 79.896
75.97 79.806
77.36 79.716
78.76 79.625
80.2 79.533
81.66 79.442
83.14 79.35
84.66 79.258
86.2 79.166
87.77 79.074
89.36 78.982
90.99 78.89
92.65 78.798
94.33 78.706
96.05 78.614
97.8 78.522
99.58 78.43
101.39 78.338
103.23 78.245
105.11 78.153
107.03 78.06
108.97 77.967
110.96 77.874
112.98 77.781
115.03 77.688
117.13 77.594
119.26 77.501
121.43 77.409
123.64 77.318
125.89 77.227
128.18 77.137
130.51 77.048
132.89 76.958
135.31 76.869
137.77 76.778
140.28 76.687
142.83 76.595
145.43 76.503
148.07 76.411
150.77 76.318
153.51 76.226
156.31 76.135
159.15 76.044
162.05 75.954
165 75.865
168 75.777
171.06 75.692
174.17 75.608
177.34 75.525
180.57 75.445
183.86 75.366
187.2 75.29
190.61 75.214
194.08 75.141
197.61 75.068
201.21 74.996
204.87 74.925
208.6 74.854
212.39 74.783
216.26 74.713
220.19 74.644
224.2 74.576
228.28 74.509
232.44 74.445
236.67 74.382
240.97 74.322
245.36 74.265
249.82 74.21
254.37 74.157
259 74.107
263.71 74.058
268.51 74.012
273.4 73.967
278.38 73.924
283.44 73.883
288.6 73.843
293.85 73.805
299.2 73.769
304.65 73.735
310.19 73.703
315.84 73.672
321.59 73.643
327.44 73.616
333.4 73.591
339.47 73.568
345.64 73.547
351.93 73.528
358.34 73.511
364.86 73.497
371.5 73.486
378.26 73.476
385.15 73.47
392.16 73.465
399.29 73.464
406.56 73.464
413.96 73.467
421.49 73.473
429.16 73.48
436.97 73.49
444.93 73.501
453.02 73.514
461.27 73.529
469.66 73.545
478.21 73.562
486.91 73.581
495.78 73.6
504.8 73.62
513.99 73.642
523.34 73.664
532.87 73.686
542.56 73.709
552.44 73.732
562.49 73.755
572.73 73.778
583.15 73.801
593.77 73.824
604.57 73.846
615.57 73.869
626.78 73.891
638.18 73.914
649.8 73.937
661.63 73.961
673.67 73.985
685.93 74.009
698.41 74.034
711.12 74.059
724.06 74.084
737.24 74.11
750.66 74.137
764.32 74.165
778.23 74.195
792.39 74.227
806.82 74.261
821.5 74.299
836.45 74.34
851.67 74.385
867.17 74.435
882.96 74.489
899.02 74.548
915.39 74.613
932.05 74.683
949.01 74.759
966.28 74.839
983.87 74.922
1001.77 75.008
1020 75.095
1038.57 75.183
1057.47 75.269
1076.71 75.354
1096.31 75.437
1116.26 75.517
1136.58 75.595
1157.26 75.67
1178.32 75.74
1199.77 75.807
1221.6 75.871
1243.84 75.93
1266.47 75.986
1289.52 76.04
1312.99 76.09
1336.89 76.139
1361.22 76.185
1385.99 76.23
1411.22 76.275
1436.9 76.32
1463.05 76.366
1489.68 76.416
1516.79 76.469
1544.4 76.527
1572.5 76.593
1601.12 76.666
1630.26 76.748
1659.93 76.839
1690.14 76.942
1720.9 77.056
1752.22 77.182
1784.11 77.319
1816.58 77.466
1849.64 77.621
1883.3 77.782
1917.58 77.945
1952.48 78.105
1988.01 78.259
2024.19 78.402
2061.03 78.53
2098.54 78.639
2136.73 78.727
2175.62 78.793
2215.22 78.839
2255.53 78.869
2296.58 78.887
2338.38 78.899
2380.94 78.912
2424.27 78.931
2468.39 78.959
2513.31 79
2559.05 79.053
2605.63 79.118
2653.05 79.192
2701.33 79.271
2750.5 79.351
2800.55 79.43
2851.52 79.504
2903.42 79.573
2956.26 79.635
3010.06 79.691
3064.85 79.741
3120.62 79.787
3177.42 79.829
3235.25 79.869
3294.13 79.906
3354.08 79.939
3415.12 79.967
3477.27 79.987
3540.56 79.996
3605 79.99
3670.6 79.968
3737.41 79.927
3805.43 79.864
3874.68 79.781
3945.2 79.678
4017 79.559
4090.11 79.425
4164.55 79.284
4240.34 79.14
4317.51 78.998
4396.09 78.866
4476.1 78.746
4557.56 78.644
4640.5 78.564
4724.96 78.508
4810.95 78.479
4898.51 78.476
4987.66 78.499
5078.43 78.545
5170.86 78.611
5264.97 78.691
5360.79 78.78
5458.35 78.871
5557.69 78.958
5658.84 79.032
5761.82 79.089
5866.69 79.124
5973.46 79.135
6082.17 79.126
6192.87 79.102
6305.57 79.074
6420.33 79.052
6537.18 79.047
6656.15 79.069
6777.29 79.126
6900.63 79.225
7026.22 79.366
7154.1 79.545
7284.3 79.748
7416.87 79.953
7551.85 80.126
7689.29 80.228
7829.23 80.22
7971.72 80.068
8116.8 79.752
8264.53 79.269
8414.94 78.633
8568.09 77.875
8724.02 77.037
8882.79 76.169
9044.46 75.317
9209.06 74.526
9376.66 73.829
9547.31 73.247
9721.07 72.79
9897.99 72.453
10078.13 72.219
10261.55 72.059
10448.3 71.938
10638.45 71.815
10832.07 71.657
11029.21 71.438
11229.94 71.156
11434.32 70.829
11642.41 70.498
11854.3 70.22
12070.04 70.058
12289.71 70.066
12513.38 70.282
12741.12 70.716
12973 71.344
13209.1 72.112
13449.5 72.946
13694.28 73.757
13943.51 74.462
14197.27 74.987
14455.66 75.282
14718.74 75.325
14986.62 75.122
15259.37 74.714
15537.08 74.169
15819.85 73.577
16107.76 73.04
16400.92 72.648
16699.41 72.463
17003.33 72.498
17312.78 72.694
17627.86 72.917
17948.68 72.979
18275.34 72.692
18607.94 71.929
18946.6 70.675
19291.42 69.024
19642.52 67.137
20000 65.174