20 82.189
20.36 82.176
20.73 82.164
21.11 82.151
21.5 82.138
21.89 82.124
22.29 82.111
22.69 82.097
23.1 82.083
23.52 82.068
23.95 82.053
24.39 82.037
24.83 82.021
25.28 82.004
25.74 81.986
26.21 81.968
26.69 81.948
27.18 81.928
27.67 81.907
28.17 81.885
28.69 81.862
29.21 81.837
29.74 81.812
30.28 81.785
30.83 81.757
31.39 81.728
31.97 81.697
32.55 81.665
33.14 81.631
33.74 81.595
34.36 81.558
34.98 81.52
35.62 81.48
36.27 81.439
36.93 81.397
37.6 81.353
38.28 81.308
38.98 81.261
39.69 81.213
40.41 81.164
41.15 81.114
41.9 81.062
42.66 81.01
43.44 80.956
44.23 80.901
45.03 80.845
45.85 80.788
46.68 80.73
47.53 80.671
48.4 80.612
49.28 80.55
50.18 80.488
51.09 80.425
52.02 80.361
52.97 80.296
53.93 80.229
54.91 80.161
55.91 80.092
56.93 80.022
57.97 79.951
59.02 79.878
60.09 79.804
61.19 79.729
62.3 79.652
63.44 79.574
64.59 79.496
65.77 79.415
66.96 79.334
68.18 79.251
69.42 79.168
70.69 79.083
71.97 78.997
73.28 78.91
74.62 78.821
75.97 78.732
77.36 78.642
78.76 78.552
80.2 78.46
81.66 78.369
83.14 78.277
84.66 78.184
86.2 78.092
87.77 77.999
89.36 77.906
90.99 77.813
92.65 77.72
94.33 77.626
96.05 77.533
97.8 77.439
99.58 77.345
101.39 77.25
103.23 77.156
105.11 77.061
107.03 76.967
108.97 76.871
110.96 76.776
112.98 76.68
115.03 76.584
117.13 76.489
119.26 76.393
121.43 76.298
123.64 76.204
125.89 76.11
128.18 76.017
130.51 75.924
132.89 75.832
135.31 75.739
137.77 75.646
140.28 75.552
142.83 75.458
145.43 75.363
148.07 75.269
150.77 75.174
153.51 75.081
156.31 74.987
159.15 74.894
162.05 74.802
165 74.711
168 74.622
171.06 74.534
174.17 74.449
177.34 74.365
180.57 74.284
183.86 74.204
187.2 74.127
190.61 74.052
194.08 73.978
197.61 73.906
201.21 73.834
204.87 73.764
208.6 73.694
212.39 73.624
216.26 73.556
220.19 73.488
224.2 73.422
228.28 73.357
232.44 73.295
236.67 73.234
240.97 73.176
245.36 73.121
249.82 73.068
254.37 73.018
259 72.97
263.71 72.925
268.51 72.881
273.4 72.84
278.38 72.8
283.44 72.763
288.6 72.727
293.85 72.694
299.2 72.663
304.65 72.634
310.19 72.607
315.84 72.581
321.59 72.558
327.44 72.537
333.4 72.517
339.47 72.5
345.64 72.484
351.93 72.471
358.34 72.46
364.86 72.45
371.5 72.443
378.26 72.438
385.15 72.435
392.16 72.433
399.29 72.434
406.56 72.437
413.96 72.441
421.49 72.447
429.16 72.455
436.97 72.464
444.93 72.475
453.02 72.488
461.27 72.502
469.66 72.519
478.21 72.537
486.91 72.557
495.78 72.578
504.8 72.603
513.99 72.629
523.34 72.656
532.87 72.685
542.56 72.716
552.44 72.749
562.49 72.782
572.73 72.816
583.15 72.852
593.77 72.889
604.57 72.927
615.57 72.967
626.78 73.008
638.18 73.051
649.8 73.096
661.63 73.144
673.67 73.194
685.93 73.246
698.41 73.301
711.12 73.358
724.06 73.417
737.24 73.477
750.66 73.54
764.32 73.605
778.23 73.672
792.39 73.744
806.82 73.818
821.5 73.897
836.45 73.979
851.67 74.066
867.17 74.157
882.96 74.251
899.02 74.35
915.39 74.453
932.05 74.559
949.01 74.669
966.28 74.782
983.87 74.897
1001.77 75.011
1020 75.125
1038.57 75.238
1057.47 75.349
1076.71 75.46
1096.31 75.571
1116.26 75.681
1136.58 75.79
1157.26 75.897
1178.32 76.001
1199.77 76.1
1221.6 76.193
1243.84 76.278
1266.47 76.355
1289.52 76.423
1312.99 76.481
1336.89 76.528
1361.22 76.566
1385.99 76.595
1411.22 76.616
1436.9 76.63
1463.05 76.64
1489.68 76.649
1516.79 76.658
1544.4 76.672
1572.5 76.693
1601.12 76.725
1630.26 76.77
1659.93 76.828
1690.14 76.902
1720.9 76.99
1752.22 77.091
1784.11 77.201
1816.58 77.319
1849.64 77.44
1883.3 77.561
1917.58 77.678
1952.48 77.79
1988.01 77.894
2024.19 77.991
2061.03 78.081
2098.54 78.164
2136.73 78.241
2175.62 78.314
2215.22 78.382
2255.53 78.449
2296.58 78.514
2338.38 78.577
2380.94 78.639
2424.27 78.698
2468.39 78.753
2513.31 78.801
2559.05 78.839
2605.63 78.866
2653.05 78.882
2701.33 78.888
2750.5 78.887
2800.55 78.884
2851.52 78.885
2903.42 78.897
2956.26 78.92
3010.06 78.957
3064.85 79.005
3120.62 79.055
3177.42 79.1
3235.25 79.13
3294.13 79.138
3354.08 79.119
3415.12 79.067
3477.27 78.985
3540.56 78.877
3605 78.751
3670.6 78.614
3737.41 78.476
3805.43 78.343
3874.68 78.221
3945.2 78.113
4017 78.022
4090.11 77.948
4164.55 77.895
4240.34 77.865
4317.51 77.86
4396.09 77.884
4476.1 77.938
4557.56 78.022
4640.5 78.134
4724.96 78.266
4810.95 78.409
4898.51 78.55
4987.66 78.68
5078.43 78.792
5170.86 78.887
5264.97 78.969
5360.79 79.045
5458.35 79.123
5557.69 79.212
5658.84 79.315
5761.82 79.432
5866.69 79.561
5973.46 79.694
6082.17 79.821
6192.87 79.933
6305.57 80.022
6420.33 80.084
6537.18 80.124
6656.15 80.156
6777.29 80.201
6900.63 80.288
7026.22 80.447
7154.1 80.706
7284.3 81.078
7416.87 81.552
7551.85 82.092
7689.29 82.624
7829.23 83.046
7971.72 83.236
8116.8 83.077
8264.53 82.488
8414.94 81.447
8568.09 79.998
8724.02 78.242
8882.79 76.305
9044.46 74.315
9209.06 72.382
9376.66 70.594
9547.31 69.013
9721.07 67.682
9897.99 66.629
10078.13 65.868
10261.55 65.402
10448.3 65.217
10638.45 65.285
10832.07 65.566
11029.21 66.015
11229.94 66.586
11434.32 67.235
11642.41 67.929
11854.3 68.64
12070.04 69.348
12289.71 70.038
12513.38 70.694
12741.12 71.305
12973 71.868
13209.1 72.386
13449.5 72.869
13694.28 73.34
13943.51 73.826
14197.27 74.354
14455.66 74.94
14718.74 75.57
14986.62 76.192
15259.37 76.707
15537.08 76.995
15819.85 76.942
16107.76 76.492
16400.92 75.666
16699.41 74.561
17003.33 73.304
17312.78 72
17627.86 70.691
17948.68 69.345
18275.34 67.887
18607.94 66.244
18946.6 64.384
19291.42 62.336
19642.52 60.171
20000 57.968