20 88.862
20.36 88.839
20.73 88.816
21.11 88.792
21.5 88.768
21.89 88.744
22.29 88.719
22.69 88.693
23.1 88.666
23.52 88.639
23.95 88.609
24.39 88.579
24.83 88.548
25.28 88.514
25.74 88.48
26.21 88.443
26.69 88.405
27.18 88.364
27.67 88.321
28.17 88.276
28.69 88.229
29.21 88.179
29.74 88.125
30.28 88.07
30.83 88.011
31.39 87.95
31.97 87.884
32.55 87.816
33.14 87.744
33.74 87.669
34.36 87.59
34.98 87.508
35.62 87.422
36.27 87.333
36.93 87.241
37.6 87.145
38.28 87.046
38.98 86.945
39.69 86.841
40.41 86.733
41.15 86.623
41.9 86.51
42.66 86.395
43.44 86.277
44.23 86.156
45.03 86.032
45.85 85.907
46.68 85.779
47.53 85.649
48.4 85.516
49.28 85.38
50.18 85.242
51.09 85.102
52.02 84.959
52.97 84.814
53.93 84.665
54.91 84.514
55.91 84.36
56.93 84.204
57.97 84.045
59.02 83.882
60.09 83.717
61.19 83.549
62.3 83.377
63.44 83.204
64.59 83.027
65.77 82.847
66.96 82.665
68.18 82.48
69.42 82.292
70.69 82.102
71.97 81.909
73.28 81.713
74.62 81.516
75.97 81.316
77.36 81.114
78.76 80.911
80.2 80.706
81.66 80.501
83.14 80.294
84.66 80.087
86.2 79.88
87.77 79.673
89.36 79.466
90.99 79.259
92.65 79.054
94.33 78.848
96.05 78.644
97.8 78.442
99.58 78.24
101.39 78.04
103.23 77.842
105.11 77.646
107.03 77.452
108.97 77.261
110.96 77.072
112.98 76.886
115.03 76.703
117.13 76.525
119.26 76.352
121.43 76.184
123.64 76.024
125.89 75.871
128.18 75.726
130.51 75.588
132.89 75.46
135.31 75.34
137.77 75.229
140.28 75.127
142.83 75.034
145.43 74.95
148.07 74.876
150.77 74.812
153.51 74.756
156.31 74.71
159.15 74.673
162.05 74.645
165 74.627
168 74.617
171.06 74.615
174.17 74.62
177.34 74.632
180.57 74.649
183.86 74.672
187.2 74.698
190.61 74.728
194.08 74.76
197.61 74.795
201.21 74.832
204.87 74.871
208.6 74.91
212.39 74.95
216.26 74.99
220.19 75.03
224.2 75.07
228.28 75.108
232.44 75.145
236.67 75.179
240.97 75.211
245.36 75.24
249.82 75.265
254.37 75.288
259 75.307
263.71 75.324
268.51 75.338
273.4 75.349
278.38 75.359
283.44 75.366
288.6 75.371
293.85 75.373
299.2 75.372
304.65 75.368
310.19 75.361
315.84 75.351
321.59 75.338
327.44 75.321
333.4 75.303
339.47 75.282
345.64 75.259
351.93 75.234
358.34 75.207
364.86 75.179
371.5 75.149
378.26 75.118
385.15 75.085
392.16 75.05
399.29 75.014
406.56 74.977
413.96 74.94
421.49 74.901
429.16 74.862
436.97 74.822
444.93 74.781
453.02 74.741
461.27 74.7
469.66 74.659
478.21 74.618
486.91 74.577
495.78 74.536
504.8 74.496
513.99 74.455
523.34 74.415
532.87 74.376
542.56 74.337
552.44 74.299
562.49 74.263
572.73 74.227
583.15 74.193
593.77 74.161
604.57 74.13
615.57 74.102
626.78 74.076
638.18 74.052
649.8 74.032
661.63 74.014
673.67 73.998
685.93 73.986
698.41 73.978
711.12 73.972
724.06 73.971
737.24 73.973
750.66 73.98
764.32 73.991
778.23 74.008
792.39 74.03
806.82 74.058
821.5 74.093
836.45 74.134
851.67 74.184
867.17 74.24
882.96 74.306
899.02 74.38
915.39 74.463
932.05 74.555
949.01 74.657
966.28 74.768
983.87 74.887
1001.77 75.012
1020 75.142
1038.57 75.276
1057.47 75.413
1076.71 75.553
1096.31 75.694
1116.26 75.837
1136.58 75.979
1157.26 76.121
1178.32 76.262
1199.77 76.401
1221.6 76.539
1243.84 76.674
1266.47 76.807
1289.52 76.937
1312.99 77.064
1336.89 77.188
1361.22 77.31
1385.99 77.431
1411.22 77.552
1436.9 77.673
1463.05 77.793
1489.68 77.915
1516.79 78.039
1544.4 78.165
1572.5 78.295
1601.12 78.429
1630.26 78.565
1659.93 78.706
1690.14 78.851
1720.9 79.002
1752.22 79.158
1784.11 79.321
1816.58 79.49
1849.64 79.664
1883.3 79.845
1917.58 80.031
1952.48 80.224
1988.01 80.422
2024.19 80.626
2061.03 80.837
2098.54 81.053
2136.73 81.275
2175.62 81.499
2215.22 81.726
2255.53 81.954
2296.58 82.182
2338.38 82.411
2380.94 82.638
2424.27 82.862
2468.39 83.081
2513.31 83.294
2559.05 83.498
2605.63 83.692
2653.05 83.875
2701.33 84.044
2750.5 84.197
2800.55 84.334
2851.52 84.453
2903.42 84.555
2956.26 84.637
3010.06 84.7
3064.85 84.746
3120.62 84.773
3177.42 84.784
3235.25 84.781
3294.13 84.765
3354.08 84.74
3415.12 84.708
3477.27 84.671
3540.56 84.63
3605 84.59
3670.6 84.551
3737.41 84.514
3805.43 84.48
3874.68 84.449
3945.2 84.422
4017 84.398
4090.11 84.379
4164.55 84.363
4240.34 84.353
4317.51 84.347
4396.09 84.346
4476.1 84.347
4557.56 84.35
4640.5 84.351
4724.96 84.344
4810.95 84.327
4898.51 84.293
4987.66 84.239
5078.43 84.159
5170.86 84.05
5264.97 83.913
5360.79 83.745
5458.35 83.55
5557.69 83.332
5658.84 83.094
5761.82 82.843
5866.69 82.586
5973.46 82.333
6082.17 82.093
6192.87 81.876
6305.57 81.695
6420.33 81.562
6537.18 81.491
6656.15 81.495
6777.29 81.59
6900.63 81.791
7026.22 82.111
7154.1 82.554
7284.3 83.111
7416.87 83.756
7551.85 84.434
7689.29 85.065
7829.23 85.549
7971.72 85.775
8116.8 85.654
8264.53 85.133
8414.94 84.214
8568.09 82.962
8724.02 81.481
8882.79 79.891
9044.46 78.305
9209.06 76.81
9376.66 75.46
9547.31 74.284
9721.07 73.288
9897.99 72.466
10078.13 71.807
10261.55 71.3
10448.3 70.938
10638.45 70.718
10832.07 70.647
11029.21 70.734
11229.94 70.988
11434.32 71.416
11642.41 72.01
11854.3 72.744
12070.04 73.569
12289.71 74.413
12513.38 75.183
12741.12 75.783
12973 76.127
13209.1 76.147
13449.5 75.807
13694.28 75.113
13943.51 74.124
14197.27 72.944
14455.66 71.706
14718.74 70.546
14986.62 69.578
15259.37 68.886
15537.08 68.509
15819.85 68.44
16107.76 68.621
16400.92 68.952
16699.41 69.299
17003.33 69.519
17312.78 69.483
17627.86 69.091
17948.68 68.279
18275.34 67.021
18607.94 65.33
18946.6 63.258
19291.42 60.899
19642.52 58.371
20000 55.789