20 85.143
20.36 85.115
20.73 85.087
21.11 85.059
21.5 85.03
21.89 85.002
22.29 84.973
22.69 84.943
23.1 84.914
23.52 84.883
23.95 84.853
24.39 84.822
24.83 84.79
25.28 84.757
25.74 84.723
26.21 84.689
26.69 84.654
27.18 84.618
27.67 84.581
28.17 84.543
28.69 84.503
29.21 84.462
29.74 84.421
30.28 84.377
30.83 84.333
31.39 84.287
31.97 84.239
32.55 84.19
33.14 84.139
33.74 84.087
34.36 84.033
34.98 83.977
35.62 83.92
36.27 83.861
36.93 83.801
37.6 83.739
38.28 83.676
38.98 83.611
39.69 83.545
40.41 83.478
41.15 83.41
41.9 83.34
42.66 83.268
43.44 83.196
44.23 83.122
45.03 83.047
45.85 82.971
46.68 82.894
47.53 82.816
48.4 82.737
49.28 82.656
50.18 82.575
51.09 82.492
52.02 82.409
52.97 82.324
53.93 82.238
54.91 82.151
55.91 82.064
56.93 81.975
57.97 81.885
59.02 81.794
60.09 81.702
61.19 81.609
62.3 81.516
63.44 81.421
64.59 81.327
65.77 81.232
66.96 81.136
68.18 81.04
69.42 80.944
70.69 80.848
71.97 80.752
73.28 80.656
74.62 80.56
75.97 80.464
77.36 80.367
78.76 80.271
80.2 80.174
81.66 80.077
83.14 79.979
84.66 79.88
86.2 79.781
87.77 79.682
89.36 79.581
90.99 79.48
92.65 79.379
94.33 79.277
96.05 79.175
97.8 79.072
99.58 78.969
101.39 78.866
103.23 78.763
105.11 78.66
107.03 78.558
108.97 78.458
110.96 78.359
112.98 78.26
115.03 78.163
117.13 78.067
119.26 77.971
121.43 77.875
123.64 77.779
125.89 77.682
128.18 77.585
130.51 77.488
132.89 77.39
135.31 77.293
137.77 77.195
140.28 77.098
142.83 77.001
145.43 76.905
148.07 76.809
150.77 76.714
153.51 76.62
156.31 76.528
159.15 76.437
162.05 76.348
165 76.261
168 76.175
171.06 76.09
174.17 76.006
177.34 75.923
180.57 75.841
183.86 75.759
187.2 75.678
190.61 75.597
194.08 75.515
197.61 75.435
201.21 75.355
204.87 75.276
208.6 75.197
212.39 75.12
216.26 75.044
220.19 74.969
224.2 74.895
228.28 74.823
232.44 74.753
236.67 74.683
240.97 74.615
245.36 74.548
249.82 74.482
254.37 74.417
259 74.354
263.71 74.292
268.51 74.232
273.4 74.172
278.38 74.115
283.44 74.059
288.6 74.004
293.85 73.952
299.2 73.901
304.65 73.851
310.19 73.803
315.84 73.756
321.59 73.71
327.44 73.666
333.4 73.623
339.47 73.581
345.64 73.54
351.93 73.5
358.34 73.46
364.86 73.422
371.5 73.385
378.26 73.349
385.15 73.315
392.16 73.283
399.29 73.253
406.56 73.224
413.96 73.197
421.49 73.172
429.16 73.148
436.97 73.126
444.93 73.105
453.02 73.085
461.27 73.066
469.66 73.05
478.21 73.035
486.91 73.022
495.78 73.01
504.8 73.001
513.99 72.993
523.34 72.988
532.87 72.984
542.56 72.982
552.44 72.982
562.49 72.984
572.73 72.989
583.15 72.995
593.77 73.004
604.57 73.015
615.57 73.028
626.78 73.045
638.18 73.064
649.8 73.085
661.63 73.11
673.67 73.138
685.93 73.17
698.41 73.205
711.12 73.245
724.06 73.289
737.24 73.337
750.66 73.39
764.32 73.447
778.23 73.508
792.39 73.573
806.82 73.642
821.5 73.717
836.45 73.798
851.67 73.885
867.17 73.98
882.96 74.084
899.02 74.196
915.39 74.317
932.05 74.445
949.01 74.58
966.28 74.72
983.87 74.865
1001.77 75.015
1020 75.167
1038.57 75.322
1057.47 75.478
1076.71 75.637
1096.31 75.797
1116.26 75.961
1136.58 76.126
1157.26 76.292
1178.32 76.46
1199.77 76.63
1221.6 76.802
1243.84 76.976
1266.47 77.153
1289.52 77.335
1312.99 77.522
1336.89 77.713
1361.22 77.909
1385.99 78.109
1411.22 78.311
1436.9 78.517
1463.05 78.728
1489.68 78.945
1516.79 79.171
1544.4 79.409
1572.5 79.659
1601.12 79.922
1630.26 80.194
1659.93 80.471
1690.14 80.748
1720.9 81.023
1752.22 81.295
1784.11 81.565
1816.58 81.834
1849.64 82.103
1883.3 82.372
1917.58 82.639
1952.48 82.903
1988.01 83.161
2024.19 83.409
2061.03 83.645
2098.54 83.866
2136.73 84.07
2175.62 84.251
2215.22 84.406
2255.53 84.529
2296.58 84.617
2338.38 84.666
2380.94 84.673
2424.27 84.634
2468.39 84.544
2513.31 84.398
2559.05 84.193
2605.63 83.932
2653.05 83.622
2701.33 83.278
2750.5 82.917
2800.55 82.555
2851.52 82.209
2903.42 81.886
2956.26 81.594
3010.06 81.339
3064.85 81.129
3120.62 80.967
3177.42 80.85
3235.25 80.767
3294.13 80.701
3354.08 80.635
3415.12 80.559
3477.27 80.47
3540.56 80.374
3605 80.279
3670.6 80.197
3737.41 80.132
3805.43 80.084
3874.68 80.051
3945.2 80.029
4017 80.02
4090.11 80.03
4164.55 80.068
4240.34 80.136
4317.51 80.23
4396.09 80.34
4476.1 80.454
4557.56 80.562
4640.5 80.659
4724.96 80.739
4810.95 80.794
4898.51 80.816
4987.66 80.792
5078.43 80.709
5170.86 80.556
5264.97 80.332
5360.79 80.05
5458.35 79.738
5557.69 79.444
5658.84 79.211
5761.82 79.06
5866.69 78.983
5973.46 78.95
6082.17 78.933
6192.87 78.913
6305.57 78.887
6420.33 78.864
6537.18 78.866
6656.15 78.921
6777.29 79.057
6900.63 79.298
7026.22 79.659
7154.1 80.138
7284.3 80.72
7416.87 81.372
7551.85 82.042
7689.29 82.661
7829.23 83.152
7971.72 83.435
8116.8 83.445
8264.53 83.147
8414.94 82.546
8568.09 81.7
8724.02 80.708
8882.79 79.688
9044.46 78.745
9209.06 77.945
9376.66 77.314
9547.31 76.84
9721.07 76.488
9897.99 76.209
10078.13 75.949
10261.55 75.658
10448.3 75.308
10638.45 74.902
10832.07 74.479
11029.21 74.096
11229.94 73.802
11434.32 73.616
11642.41 73.522
11854.3 73.481
12070.04 73.451
12289.71 73.389
12513.38 73.257
12741.12 73.033
12973 72.717
13209.1 72.358
13449.5 72.034
13694.28 71.815
13943.51 71.706
14197.27 71.63
14455.66 71.472
14718.74 71.142
14986.62 70.622
15259.37 69.968
15537.08 69.309
15819.85 68.817
16107.76 68.665
16400.92 68.966
16699.41 69.711
17003.33 70.756
17312.78 71.853
17627.86 72.715
17948.68 73.108
18275.34 72.908
18607.94 72.126
18946.6 70.89
19291.42 69.379
19642.52 67.763
20000 66.142