20 89.197
20.36 89.194
20.73 89.192
21.11 89.19
21.5 89.188
21.89 89.186
22.29 89.184
22.69 89.181
23.1 89.178
23.52 89.176
23.95 89.172
24.39 89.169
24.83 89.165
25.28 89.161
25.74 89.157
26.21 89.152
26.69 89.147
27.18 89.141
27.67 89.135
28.17 89.129
28.69 89.122
29.21 89.114
29.74 89.106
30.28 89.097
30.83 89.088
31.39 89.078
31.97 89.068
32.55 89.056
33.14 89.044
33.74 89.031
34.36 89.018
34.98 89.004
35.62 88.988
36.27 88.973
36.93 88.956
37.6 88.939
38.28 88.921
38.98 88.902
39.69 88.882
40.41 88.863
41.15 88.842
41.9 88.819
42.66 88.797
43.44 88.774
44.23 88.75
45.03 88.725
45.85 88.699
46.68 88.673
47.53 88.645
48.4 88.618
49.28 88.589
50.18 88.559
51.09 88.529
52.02 88.497
52.97 88.465
53.93 88.431
54.91 88.397
55.91 88.362
56.93 88.325
57.97 88.288
59.02 88.249
60.09 88.21
61.19 88.169
62.3 88.127
63.44 88.084
64.59 88.04
65.77 87.995
66.96 87.948
68.18 87.9
69.42 87.851
70.69 87.801
71.97 87.749
73.28 87.696
74.62 87.642
75.97 87.586
77.36 87.53
78.76 87.472
80.2 87.413
81.66 87.353
83.14 87.292
84.66 87.231
86.2 87.168
87.77 87.104
89.36 87.039
90.99 86.973
92.65 86.907
94.33 86.838
96.05 86.769
97.8 86.699
99.58 86.627
101.39 86.554
103.23 86.479
105.11 86.404
107.03 86.327
108.97 86.248
110.96 86.169
112.98 86.088
115.03 86.006
117.13 85.923
119.26 85.84
121.43 85.756
123.64 85.671
125.89 85.586
128.18 85.501
130.51 85.415
132.89 85.328
135.31 85.24
137.77 85.15
140.28 85.058
142.83 84.964
145.43 84.868
148.07 84.77
150.77 84.671
153.51 84.57
156.31 84.467
159.15 84.362
162.05 84.257
165 84.15
168 84.043
171.06 83.934
174.17 83.826
177.34 83.718
180.57 83.61
183.86 83.503
187.2 83.395
190.61 83.288
194.08 83.181
197.61 83.073
201.21 82.964
204.87 82.854
208.6 82.741
212.39 82.627
216.26 82.511
220.19 82.394
224.2 82.276
228.28 82.156
232.44 82.037
236.67 81.918
240.97 81.799
245.36 81.681
249.82 81.563
254.37 81.446
259 81.329
263.71 81.213
268.51 81.095
273.4 80.977
278.38 80.858
283.44 80.738
288.6 80.619
293.85 80.5
299.2 80.381
304.65 80.26
310.19 80.14
315.84 80.019
321.59 79.896
327.44 79.772
333.4 79.646
339.47 79.521
345.64 79.396
351.93 79.271
358.34 79.148
364.86 79.026
371.5 78.905
378.26 78.785
385.15 78.667
392.16 78.549
399.29 78.431
406.56 78.314
413.96 78.198
421.49 78.082
429.16 77.968
436.97 77.855
444.93 77.742
453.02 77.63
461.27 77.518
469.66 77.407
478.21 77.295
486.91 77.184
495.78 77.075
504.8 76.965
513.99 76.857
523.34 76.75
532.87 76.643
542.56 76.537
552.44 76.43
562.49 76.321
572.73 76.209
583.15 76.092
593.77 75.972
604.57 75.85
615.57 75.728
626.78 75.612
638.18 75.505
649.8 75.406
661.63 75.313
673.67 75.22
685.93 75.121
698.41 75.014
711.12 74.9
724.06 74.786
737.24 74.68
750.66 74.588
764.32 74.52
778.23 74.477
792.39 74.459
806.82 74.461
821.5 74.477
836.45 74.501
851.67 74.53
867.17 74.562
882.96 74.595
899.02 74.633
915.39 74.674
932.05 74.723
949.01 74.78
966.28 74.846
983.87 74.922
1001.77 75.008
1020 75.103
1038.57 75.206
1057.47 75.316
1076.71 75.431
1096.31 75.552
1116.26 75.676
1136.58 75.804
1157.26 75.934
1178.32 76.066
1199.77 76.198
1221.6 76.331
1243.84 76.463
1266.47 76.594
1289.52 76.726
1312.99 76.857
1336.89 76.988
1361.22 77.12
1385.99 77.255
1411.22 77.393
1436.9 77.534
1463.05 77.676
1489.68 77.82
1516.79 77.967
1544.4 78.115
1572.5 78.264
1601.12 78.413
1630.26 78.557
1659.93 78.698
1690.14 78.833
1720.9 78.962
1752.22 79.081
1784.11 79.189
1816.58 79.283
1849.64 79.362
1883.3 79.423
1917.58 79.464
1952.48 79.485
1988.01 79.485
2024.19 79.463
2061.03 79.42
2098.54 79.357
2136.73 79.276
2175.62 79.18
2215.22 79.07
2255.53 78.95
2296.58 78.823
2338.38 78.691
2380.94 78.559
2424.27 78.429
2468.39 78.305
2513.31 78.189
2559.05 78.086
2605.63 77.996
2653.05 77.923
2701.33 77.868
2750.5 77.837
2800.55 77.832
2851.52 77.859
2903.42 77.923
2956.26 78.031
3010.06 78.192
3064.85 78.413
3120.62 78.698
3177.42 79.048
3235.25 79.456
3294.13 79.906
3354.08 80.371
3415.12 80.815
3477.27 81.195
3540.56 81.477
3605 81.632
3670.6 81.654
3737.41 81.558
3805.43 81.38
3874.68 81.168
3945.2 80.972
4017 80.833
4090.11 80.777
4164.55 80.813
4240.34 80.93
4317.51 81.106
4396.09 81.313
4476.1 81.521
4557.56 81.701
4640.5 81.835
4724.96 81.91
4810.95 81.923
4898.51 81.881
4987.66 81.793
5078.43 81.676
5170.86 81.544
5264.97 81.412
5360.79 81.294
5458.35 81.201
5557.69 81.14
5658.84 81.118
5761.82 81.137
5866.69 81.199
5973.46 81.308
6082.17 81.466
6192.87 81.678
6305.57 81.951
6420.33 82.298
6537.18 82.736
6656.15 83.287
6777.29 83.974
6900.63 84.818
7026.22 85.829
7154.1 86.997
7284.3 88.28
7416.87 89.598
7551.85 90.827
7689.29 91.817
7829.23 92.422
7971.72 92.531
8116.8 92.109
8264.53 91.202
8414.94 89.93
8568.09 88.451
8724.02 86.927
8882.79 85.49
9044.46 84.232
9209.06 83.206
9376.66 82.429
9547.31 81.9
9721.07 81.599
9897.99 81.494
10078.13 81.548
10261.55 81.715
10448.3 81.943
10638.45 82.182
10832.07 82.384
11029.21 82.519
11229.94 82.571
11434.32 82.546
11642.41 82.453
11854.3 82.296
12070.04 82.04
12289.71 81.603
12513.38 80.853
12741.12 79.643
12973 77.875
13209.1 75.557
13449.5 72.847
13694.28 70.051
13943.51 67.579
14197.27 65.841
14455.66 65.116
14718.74 65.446
14986.62 66.618
15259.37 68.261
15537.08 69.953
15819.85 71.327
16107.76 72.139
16400.92 72.323
16699.41 71.99
17003.33 71.358
17312.78 70.664
17627.86 70.062
17948.68 69.587
18275.34 69.153
18607.94 68.613
18946.6 67.835
19291.42 66.773
19642.52 65.498
20000 64.142