20 77.943
20.36 77.995
20.73 78.047
21.11 78.098
21.5 78.15
21.89 78.201
22.29 78.253
22.69 78.305
23.1 78.356
23.52 78.408
23.95 78.459
24.39 78.51
24.83 78.561
25.28 78.612
25.74 78.663
26.21 78.714
26.69 78.764
27.18 78.815
27.67 78.865
28.17 78.915
28.69 78.965
29.21 79.014
29.74 79.064
30.28 79.113
30.83 79.162
31.39 79.211
31.97 79.259
32.55 79.308
33.14 79.355
33.74 79.403
34.36 79.451
34.98 79.498
35.62 79.544
36.27 79.59
36.93 79.636
37.6 79.681
38.28 79.725
38.98 79.769
39.69 79.813
40.41 79.855
41.15 79.897
41.9 79.938
42.66 79.978
43.44 80.017
44.23 80.056
45.03 80.093
45.85 80.13
46.68 80.165
47.53 80.199
48.4 80.232
49.28 80.264
50.18 80.295
51.09 80.325
52.02 80.353
52.97 80.38
53.93 80.406
54.91 80.43
55.91 80.453
56.93 80.475
57.97 80.495
59.02 80.513
60.09 80.53
61.19 80.545
62.3 80.559
63.44 80.571
64.59 80.581
65.77 80.589
66.96 80.596
68.18 80.6
69.42 80.602
70.69 80.603
71.97 80.601
73.28 80.597
74.62 80.591
75.97 80.582
77.36 80.572
78.76 80.558
80.2 80.543
81.66 80.524
83.14 80.504
84.66 80.481
86.2 80.455
87.77 80.427
89.36 80.396
90.99 80.362
92.65 80.326
94.33 80.287
96.05 80.245
97.8 80.2
99.58 80.153
101.39 80.103
103.23 80.05
105.11 79.993
107.03 79.933
108.97 79.87
110.96 79.803
112.98 79.733
115.03 79.66
117.13 79.583
119.26 79.503
121.43 79.419
123.64 79.333
125.89 79.245
128.18 79.152
130.51 79.056
132.89 78.957
135.31 78.852
137.77 78.742
140.28 78.627
142.83 78.507
145.43 78.381
148.07 78.249
150.77 78.112
153.51 77.97
156.31 77.822
159.15 77.669
162.05 77.511
165 77.348
168 77.18
171.06 77.009
174.17 76.835
177.34 76.658
180.57 76.477
183.86 76.295
187.2 76.108
190.61 75.919
194.08 75.726
197.61 75.528
201.21 75.324
204.87 75.113
208.6 74.895
212.39 74.67
216.26 74.438
220.19 74.197
224.2 73.952
228.28 73.701
232.44 73.447
236.67 73.189
240.97 72.93
245.36 72.669
249.82 72.408
254.37 72.145
259 71.88
263.71 71.615
268.51 71.348
273.4 71.079
278.38 70.811
283.44 70.544
288.6 70.28
293.85 70.02
299.2 69.765
304.65 69.517
310.19 69.278
315.84 69.047
321.59 68.826
327.44 68.616
333.4 68.42
339.47 68.241
345.64 68.079
351.93 67.939
358.34 67.819
364.86 67.722
371.5 67.646
378.26 67.593
385.15 67.562
392.16 67.551
399.29 67.559
406.56 67.586
413.96 67.63
421.49 67.689
429.16 67.763
436.97 67.849
444.93 67.947
453.02 68.055
461.27 68.173
469.66 68.299
478.21 68.432
486.91 68.571
495.78 68.714
504.8 68.862
513.99 69.012
523.34 69.164
532.87 69.317
542.56 69.468
552.44 69.62
562.49 69.77
572.73 69.918
583.15 70.066
593.77 70.213
604.57 70.359
615.57 70.504
626.78 70.649
638.18 70.794
649.8 70.939
661.63 71.086
673.67 71.234
685.93 71.382
698.41 71.53
711.12 71.677
724.06 71.824
737.24 71.971
750.66 72.117
764.32 72.264
778.23 72.414
792.39 72.566
806.82 72.722
821.5 72.884
836.45 73.051
851.67 73.223
867.17 73.399
882.96 73.58
899.02 73.767
915.39 73.959
932.05 74.158
949.01 74.365
966.28 74.578
983.87 74.798
1001.77 75.022
1020 75.249
1038.57 75.477
1057.47 75.705
1076.71 75.934
1096.31 76.162
1116.26 76.389
1136.58 76.614
1157.26 76.837
1178.32 77.058
1199.77 77.274
1221.6 77.487
1243.84 77.694
1266.47 77.897
1289.52 78.096
1312.99 78.288
1336.89 78.474
1361.22 78.657
1385.99 78.837
1411.22 79.014
1436.9 79.19
1463.05 79.363
1489.68 79.534
1516.79 79.705
1544.4 79.877
1572.5 80.051
1601.12 80.225
1630.26 80.4
1659.93 80.576
1690.14 80.755
1720.9 80.938
1752.22 81.124
1784.11 81.314
1816.58 81.508
1849.64 81.708
1883.3 81.91
1917.58 82.116
1952.48 82.326
1988.01 82.54
2024.19 82.759
2061.03 82.983
2098.54 83.21
2136.73 83.44
2175.62 83.671
2215.22 83.9
2255.53 84.128
2296.58 84.352
2338.38 84.57
2380.94 84.781
2424.27 84.983
2468.39 85.173
2513.31 85.349
2559.05 85.509
2605.63 85.653
2653.05 85.779
2701.33 85.886
2750.5 85.973
2800.55 86.042
2851.52 86.09
2903.42 86.12
2956.26 86.132
3010.06 86.126
3064.85 86.104
3120.62 86.067
3177.42 86.018
3235.25 85.956
3294.13 85.886
3354.08 85.808
3415.12 85.726
3477.27 85.64
3540.56 85.554
3605 85.467
3670.6 85.382
3737.41 85.299
3805.43 85.218
3874.68 85.138
3945.2 85.061
4017 84.985
4090.11 84.91
4164.55 84.836
4240.34 84.762
4317.51 84.69
4396.09 84.619
4476.1 84.547
4557.56 84.473
4640.5 84.397
4724.96 84.315
4810.95 84.227
4898.51 84.13
4987.66 84.022
5078.43 83.902
5170.86 83.77
5264.97 83.626
5360.79 83.472
5458.35 83.309
5557.69 83.141
5658.84 82.969
5761.82 82.797
5866.69 82.63
5973.46 82.473
6082.17 82.331
6192.87 82.213
6305.57 82.127
6420.33 82.082
6537.18 82.093
6656.15 82.172
6777.29 82.332
6900.63 82.587
7026.22 82.94
7154.1 83.39
7284.3 83.917
7416.87 84.483
7551.85 85.031
7689.29 85.489
7829.23 85.777
7971.72 85.824
8116.8 85.581
8264.53 85.031
8414.94 84.197
8568.09 83.133
8724.02 81.916
8882.79 80.625
9044.46 79.334
9209.06 78.1
9376.66 76.962
9547.31 75.944
9721.07 75.058
9897.99 74.308
10078.13 73.69
10261.55 73.201
10448.3 72.837
10638.45 72.594
10832.07 72.47
11029.21 72.461
11229.94 72.57
11434.32 72.794
11642.41 73.135
11854.3 73.597
12070.04 74.19
12289.71 74.922
12513.38 75.797
12741.12 76.796
12973 77.863
13209.1 78.887
13449.5 79.719
13694.28 80.206
13943.51 80.24
14197.27 79.809
14455.66 79.005
14718.74 77.989
14986.62 76.942
15259.37 76.007
15537.08 75.256
15819.85 74.685
16107.76 74.226
16400.92 73.78
16699.41 73.243
17003.33 72.53
17312.78 71.594
17627.86 70.415
17948.68 68.993
18275.34 67.324
18607.94 65.403
18946.6 63.225
19291.42 60.822
19642.52 58.268
20000 55.66