20 77.926
20.36 77.976
20.73 78.026
21.11 78.076
21.5 78.126
21.89 78.176
22.29 78.226
22.69 78.276
23.1 78.325
23.52 78.376
23.95 78.425
24.39 78.474
24.83 78.524
25.28 78.573
25.74 78.622
26.21 78.671
26.69 78.72
27.18 78.769
27.67 78.817
28.17 78.866
28.69 78.914
29.21 78.962
29.74 79.009
30.28 79.057
30.83 79.104
31.39 79.151
31.97 79.198
32.55 79.244
33.14 79.291
33.74 79.337
34.36 79.383
34.98 79.428
35.62 79.472
36.27 79.517
36.93 79.562
37.6 79.606
38.28 79.65
38.98 79.693
39.69 79.736
40.41 79.779
41.15 79.822
41.9 79.864
42.66 79.906
43.44 79.947
44.23 79.989
45.03 80.029
45.85 80.069
46.68 80.11
47.53 80.149
48.4 80.188
49.28 80.226
50.18 80.263
51.09 80.299
52.02 80.333
52.97 80.367
53.93 80.398
54.91 80.428
55.91 80.456
56.93 80.482
57.97 80.506
59.02 80.528
60.09 80.547
61.19 80.563
62.3 80.577
63.44 80.589
64.59 80.598
65.77 80.606
66.96 80.61
68.18 80.613
69.42 80.614
70.69 80.612
71.97 80.608
73.28 80.602
74.62 80.594
75.97 80.585
77.36 80.573
78.76 80.558
80.2 80.541
81.66 80.522
83.14 80.501
84.66 80.477
86.2 80.451
87.77 80.422
89.36 80.39
90.99 80.356
92.65 80.32
94.33 80.281
96.05 80.238
97.8 80.194
99.58 80.147
101.39 80.097
103.23 80.044
105.11 79.989
107.03 79.93
108.97 79.867
110.96 79.801
112.98 79.731
115.03 79.658
117.13 79.581
119.26 79.501
121.43 79.418
123.64 79.332
125.89 79.242
128.18 79.149
130.51 79.053
132.89 78.952
135.31 78.847
137.77 78.737
140.28 78.621
142.83 78.5
145.43 78.374
148.07 78.242
150.77 78.105
153.51 77.963
156.31 77.815
159.15 77.663
162.05 77.506
165 77.344
168 77.178
171.06 77.008
174.17 76.836
177.34 76.66
180.57 76.481
183.86 76.299
187.2 76.114
190.61 75.926
194.08 75.732
197.61 75.534
201.21 75.33
204.87 75.119
208.6 74.901
212.39 74.674
216.26 74.441
220.19 74.2
224.2 73.953
228.28 73.702
232.44 73.447
236.67 73.19
240.97 72.93
245.36 72.67
249.82 72.408
254.37 72.146
259 71.881
263.71 71.616
268.51 71.349
273.4 71.08
278.38 70.811
283.44 70.543
288.6 70.278
293.85 70.017
299.2 69.761
304.65 69.512
310.19 69.27
315.84 69.037
321.59 68.814
327.44 68.603
333.4 68.405
339.47 68.224
345.64 68.06
351.93 67.918
358.34 67.796
364.86 67.697
371.5 67.619
378.26 67.564
385.15 67.531
392.16 67.518
399.29 67.526
406.56 67.552
413.96 67.595
421.49 67.654
429.16 67.728
436.97 67.815
444.93 67.913
453.02 68.022
461.27 68.14
469.66 68.267
478.21 68.401
486.91 68.54
495.78 68.685
504.8 68.832
513.99 68.983
523.34 69.136
532.87 69.29
542.56 69.442
552.44 69.594
562.49 69.745
572.73 69.896
583.15 70.044
593.77 70.192
604.57 70.339
615.57 70.486
626.78 70.632
638.18 70.778
649.8 70.924
661.63 71.071
673.67 71.219
685.93 71.368
698.41 71.517
711.12 71.666
724.06 71.813
737.24 71.96
750.66 72.107
764.32 72.255
778.23 72.405
792.39 72.558
806.82 72.715
821.5 72.877
836.45 73.045
851.67 73.218
867.17 73.395
882.96 73.577
899.02 73.764
915.39 73.957
932.05 74.157
949.01 74.364
966.28 74.577
983.87 74.797
1001.77 75.022
1020 75.249
1038.57 75.478
1057.47 75.707
1076.71 75.936
1096.31 76.165
1116.26 76.393
1136.58 76.619
1157.26 76.843
1178.32 77.063
1199.77 77.28
1221.6 77.492
1243.84 77.7
1266.47 77.903
1289.52 78.102
1312.99 78.294
1336.89 78.48
1361.22 78.663
1385.99 78.844
1411.22 79.021
1436.9 79.197
1463.05 79.371
1489.68 79.543
1516.79 79.715
1544.4 79.887
1572.5 80.061
1601.12 80.236
1630.26 80.411
1659.93 80.587
1690.14 80.766
1720.9 80.949
1752.22 81.135
1784.11 81.325
1816.58 81.52
1849.64 81.719
1883.3 81.922
1917.58 82.128
1952.48 82.338
1988.01 82.553
2024.19 82.771
2061.03 82.995
2098.54 83.222
2136.73 83.452
2175.62 83.683
2215.22 83.913
2255.53 84.14
2296.58 84.365
2338.38 84.583
2380.94 84.796
2424.27 84.998
2468.39 85.188
2513.31 85.364
2559.05 85.525
2605.63 85.67
2653.05 85.796
2701.33 85.903
2750.5 85.991
2800.55 86.059
2851.52 86.109
2903.42 86.139
2956.26 86.151
3010.06 86.145
3064.85 86.123
3120.62 86.087
3177.42 86.037
3235.25 85.977
3294.13 85.907
3354.08 85.831
3415.12 85.749
3477.27 85.664
3540.56 85.578
3605 85.493
3670.6 85.408
3737.41 85.325
3805.43 85.245
3874.68 85.166
3945.2 85.089
4017 85.013
4090.11 84.939
4164.55 84.865
4240.34 84.792
4317.51 84.719
4396.09 84.647
4476.1 84.576
4557.56 84.503
4640.5 84.426
4724.96 84.345
4810.95 84.257
4898.51 84.16
4987.66 84.052
5078.43 83.932
5170.86 83.8
5264.97 83.656
5360.79 83.502
5458.35 83.339
5557.69 83.17
5658.84 82.997
5761.82 82.825
5866.69 82.658
5973.46 82.499
6082.17 82.357
6192.87 82.237
6305.57 82.151
6420.33 82.106
6537.18 82.117
6656.15 82.195
6777.29 82.355
6900.63 82.609
7026.22 82.962
7154.1 83.412
7284.3 83.939
7416.87 84.506
7551.85 85.055
7689.29 85.514
7829.23 85.805
7971.72 85.855
8116.8 85.615
8264.53 85.068
8414.94 84.236
8568.09 83.173
8724.02 81.956
8882.79 80.666
9044.46 79.374
9209.06 78.139
9376.66 77.001
9547.31 75.983
9721.07 75.097
9897.99 74.345
10078.13 73.727
10261.55 73.239
10448.3 72.875
10638.45 72.632
10832.07 72.509
11029.21 72.503
11229.94 72.612
11434.32 72.838
11642.41 73.182
11854.3 73.647
12070.04 74.242
12289.71 74.977
12513.38 75.854
12741.12 76.855
12973 77.92
13209.1 78.94
13449.5 79.764
13694.28 80.24
13943.51 80.262
14197.27 79.821
14455.66 79.008
14718.74 77.987
14986.62 76.939
15259.37 76.007
15537.08 75.262
15819.85 74.697
16107.76 74.245
16400.92 73.806
16699.41 73.274
17003.33 72.568
17312.78 71.638
17627.86 70.464
17948.68 69.045
18275.34 67.378
18607.94 65.457
18946.6 63.278
19291.42 60.873
19642.52 58.317
20000 55.704