20 87.65
20.36 87.655
20.73 87.66
21.11 87.664
21.5 87.668
21.89 87.672
22.29 87.676
22.69 87.679
23.1 87.683
23.52 87.686
23.95 87.689
24.39 87.691
24.83 87.693
25.28 87.694
25.74 87.695
26.21 87.694
26.69 87.694
27.18 87.693
27.67 87.691
28.17 87.689
28.69 87.685
29.21 87.681
29.74 87.676
30.28 87.67
30.83 87.663
31.39 87.655
31.97 87.646
32.55 87.635
33.14 87.624
33.74 87.612
34.36 87.598
34.98 87.584
35.62 87.568
36.27 87.55
36.93 87.533
37.6 87.514
38.28 87.494
38.98 87.472
39.69 87.45
40.41 87.427
41.15 87.403
41.9 87.378
42.66 87.352
43.44 87.326
44.23 87.297
45.03 87.269
45.85 87.239
46.68 87.209
47.53 87.178
48.4 87.146
49.28 87.112
50.18 87.078
51.09 87.043
52.02 87.007
52.97 86.97
53.93 86.932
54.91 86.893
55.91 86.852
56.93 86.81
57.97 86.766
59.02 86.722
60.09 86.676
61.19 86.629
62.3 86.58
63.44 86.531
64.59 86.479
65.77 86.426
66.96 86.372
68.18 86.317
69.42 86.26
70.69 86.201
71.97 86.142
73.28 86.08
74.62 86.017
75.97 85.953
77.36 85.888
78.76 85.822
80.2 85.754
81.66 85.686
83.14 85.616
84.66 85.546
86.2 85.475
87.77 85.402
89.36 85.33
90.99 85.257
92.65 85.182
94.33 85.106
96.05 85.03
97.8 84.953
99.58 84.875
101.39 84.795
103.23 84.715
105.11 84.633
107.03 84.55
108.97 84.466
110.96 84.38
112.98 84.293
115.03 84.204
117.13 84.115
119.26 84.024
121.43 83.933
123.64 83.842
125.89 83.75
128.18 83.657
130.51 83.564
132.89 83.469
135.31 83.373
137.77 83.275
140.28 83.175
142.83 83.074
145.43 82.971
148.07 82.866
150.77 82.759
153.51 82.651
156.31 82.541
159.15 82.431
162.05 82.32
165 82.209
168 82.096
171.06 81.985
174.17 81.872
177.34 81.761
180.57 81.651
183.86 81.54
187.2 81.431
190.61 81.321
194.08 81.211
197.61 81.102
201.21 80.99
204.87 80.877
208.6 80.762
212.39 80.645
216.26 80.527
220.19 80.407
224.2 80.286
228.28 80.163
232.44 80.042
236.67 79.921
240.97 79.801
245.36 79.682
249.82 79.564
254.37 79.446
259 79.329
263.71 79.213
268.51 79.095
273.4 78.978
278.38 78.86
283.44 78.742
288.6 78.624
293.85 78.507
299.2 78.39
304.65 78.272
310.19 78.155
315.84 78.036
321.59 77.918
327.44 77.798
333.4 77.678
339.47 77.557
345.64 77.437
351.93 77.318
358.34 77.201
364.86 77.086
371.5 76.971
378.26 76.859
385.15 76.746
392.16 76.636
399.29 76.526
406.56 76.418
413.96 76.31
421.49 76.204
429.16 76.1
436.97 75.996
444.93 75.894
453.02 75.793
461.27 75.692
469.66 75.591
478.21 75.491
486.91 75.392
495.78 75.294
504.8 75.197
513.99 75.102
523.34 75.008
532.87 74.917
542.56 74.829
552.44 74.743
562.49 74.66
572.73 74.58
583.15 74.503
593.77 74.429
604.57 74.359
615.57 74.292
626.78 74.229
638.18 74.171
649.8 74.117
661.63 74.067
673.67 74.022
685.93 73.982
698.41 73.949
711.12 73.921
724.06 73.899
737.24 73.885
750.66 73.878
764.32 73.878
778.23 73.886
792.39 73.902
806.82 73.927
821.5 73.961
836.45 74.004
851.67 74.057
867.17 74.12
882.96 74.194
899.02 74.278
915.39 74.374
932.05 74.482
949.01 74.6
966.28 74.73
983.87 74.868
1001.77 75.014
1020 75.167
1038.57 75.326
1057.47 75.49
1076.71 75.658
1096.31 75.83
1116.26 76.002
1136.58 76.174
1157.26 76.344
1178.32 76.51
1199.77 76.671
1221.6 76.828
1243.84 76.98
1266.47 77.129
1289.52 77.276
1312.99 77.42
1336.89 77.563
1361.22 77.707
1385.99 77.853
1411.22 78.003
1436.9 78.157
1463.05 78.316
1489.68 78.479
1516.79 78.65
1544.4 78.829
1572.5 79.018
1601.12 79.214
1630.26 79.42
1659.93 79.634
1690.14 79.86
1720.9 80.098
1752.22 80.348
1784.11 80.612
1816.58 80.889
1849.64 81.181
1883.3 81.487
1917.58 81.806
1952.48 82.139
1988.01 82.486
2024.19 82.847
2061.03 83.222
2098.54 83.609
2136.73 84.005
2175.62 84.405
2215.22 84.804
2255.53 85.196
2296.58 85.577
2338.38 85.938
2380.94 86.272
2424.27 86.571
2468.39 86.825
2513.31 87.028
2559.05 87.174
2605.63 87.262
2653.05 87.289
2701.33 87.26
2750.5 87.176
2800.55 87.045
2851.52 86.873
2903.42 86.672
2956.26 86.448
3010.06 86.212
3064.85 85.972
3120.62 85.737
3177.42 85.513
3235.25 85.307
3294.13 85.122
3354.08 84.963
3415.12 84.834
3477.27 84.739
3540.56 84.679
3605 84.66
3670.6 84.685
3737.41 84.758
3805.43 84.884
3874.68 85.069
3945.2 85.315
4017 85.625
4090.11 85.997
4164.55 86.422
4240.34 86.881
4317.51 87.343
4396.09 87.765
4476.1 88.093
4557.56 88.274
4640.5 88.261
4724.96 88.028
4810.95 87.582
4898.51 86.96
4987.66 86.232
5078.43 85.481
5170.86 84.77
5264.97 84.124
5360.79 83.523
5458.35 82.924
5557.69 82.29
5658.84 81.606
5761.82 80.879
5866.69 80.128
5973.46 79.383
6082.17 78.672
6192.87 78.021
6305.57 77.451
6420.33 76.975
6537.18 76.604
6656.15 76.347
6777.29 76.218
6900.63 76.236
7026.22 76.424
7154.1 76.814
7284.3 77.432
7416.87 78.292
7551.85 79.386
7689.29 80.66
7829.23 82.006
7971.72 83.264
8116.8 84.234
8264.53 84.723
8414.94 84.594
8568.09 83.813
8724.02 82.462
8882.79 80.706
9044.46 78.747
9209.06 76.774
9376.66 74.931
9547.31 73.308
9721.07 71.943
9897.99 70.845
10078.13 70.005
10261.55 69.408
10448.3 69.05
10638.45 68.939
10832.07 69.098
11029.21 69.557
11229.94 70.348
11434.32 71.478
11642.41 72.905
11854.3 74.517
12070.04 76.115
12289.71 77.429
12513.38 78.177
12741.12 78.142
12973 77.257
13209.1 75.628
13449.5 73.495
13694.28 71.17
13943.51 68.961
14197.27 67.127
14455.66 65.845
14718.74 65.22
14986.62 65.283
15259.37 65.989
15537.08 67.201
15819.85 68.69
16107.76 70.147
16400.92 71.242
16699.41 71.72
17003.33 71.471
17312.78 70.559
17627.86 69.163
17948.68 67.483
18275.34 65.657
18607.94 63.724
18946.6 61.654
19291.42 59.415
19642.52 57.037
20000 54.603