20 81.678
20.36 81.7
20.73 81.722
21.11 81.744
21.5 81.766
21.89 81.787
22.29 81.809
22.69 81.83
23.1 81.85
23.52 81.87
23.95 81.889
24.39 81.908
24.83 81.926
25.28 81.943
25.74 81.959
26.21 81.975
26.69 81.99
27.18 82.003
27.67 82.016
28.17 82.027
28.69 82.037
29.21 82.046
29.74 82.053
30.28 82.059
30.83 82.064
31.39 82.066
31.97 82.068
32.55 82.067
33.14 82.065
33.74 82.062
34.36 82.056
34.98 82.048
35.62 82.039
36.27 82.028
36.93 82.015
37.6 82
38.28 81.984
38.98 81.965
39.69 81.945
40.41 81.923
41.15 81.9
41.9 81.874
42.66 81.846
43.44 81.817
44.23 81.786
45.03 81.753
45.85 81.718
46.68 81.682
47.53 81.643
48.4 81.603
49.28 81.561
50.18 81.517
51.09 81.471
52.02 81.422
52.97 81.372
53.93 81.32
54.91 81.265
55.91 81.208
56.93 81.149
57.97 81.088
59.02 81.025
60.09 80.959
61.19 80.891
62.3 80.821
63.44 80.748
64.59 80.673
65.77 80.596
66.96 80.516
68.18 80.433
69.42 80.349
70.69 80.262
71.97 80.172
73.28 80.079
74.62 79.985
75.97 79.887
77.36 79.788
78.76 79.687
80.2 79.583
81.66 79.478
83.14 79.37
84.66 79.261
86.2 79.151
87.77 79.039
89.36 78.925
90.99 78.809
92.65 78.692
94.33 78.574
96.05 78.454
97.8 78.332
99.58 78.208
101.39 78.083
103.23 77.956
105.11 77.828
107.03 77.698
108.97 77.569
110.96 77.438
112.98 77.306
115.03 77.174
117.13 77.042
119.26 76.91
121.43 76.779
123.64 76.649
125.89 76.52
128.18 76.393
130.51 76.266
132.89 76.14
135.31 76.015
137.77 75.891
140.28 75.767
142.83 75.643
145.43 75.521
148.07 75.399
150.77 75.28
153.51 75.161
156.31 75.046
159.15 74.932
162.05 74.822
165 74.715
168 74.612
171.06 74.514
174.17 74.42
177.34 74.331
180.57 74.248
183.86 74.17
187.2 74.097
190.61 74.029
194.08 73.966
197.61 73.907
201.21 73.853
204.87 73.803
208.6 73.757
212.39 73.714
216.26 73.676
220.19 73.643
224.2 73.614
228.28 73.589
232.44 73.57
236.67 73.553
240.97 73.541
245.36 73.532
249.82 73.526
254.37 73.522
259 73.521
263.71 73.523
268.51 73.526
273.4 73.532
278.38 73.54
283.44 73.549
288.6 73.561
293.85 73.574
299.2 73.588
304.65 73.604
310.19 73.621
315.84 73.638
321.59 73.657
327.44 73.676
333.4 73.696
339.47 73.716
345.64 73.737
351.93 73.757
358.34 73.777
364.86 73.797
371.5 73.816
378.26 73.835
385.15 73.854
392.16 73.873
399.29 73.891
406.56 73.909
413.96 73.926
421.49 73.943
429.16 73.959
436.97 73.974
444.93 73.988
453.02 74.002
461.27 74.015
469.66 74.027
478.21 74.038
486.91 74.048
495.78 74.058
504.8 74.066
513.99 74.074
523.34 74.081
532.87 74.087
542.56 74.091
552.44 74.095
562.49 74.097
572.73 74.099
583.15 74.099
593.77 74.098
604.57 74.097
615.57 74.094
626.78 74.091
638.18 74.087
649.8 74.083
661.63 74.079
673.67 74.074
685.93 74.068
698.41 74.063
711.12 74.058
724.06 74.055
737.24 74.053
750.66 74.054
764.32 74.057
778.23 74.064
792.39 74.075
806.82 74.093
821.5 74.117
836.45 74.148
851.67 74.187
867.17 74.235
882.96 74.293
899.02 74.361
915.39 74.44
932.05 74.531
949.01 74.634
966.28 74.749
983.87 74.876
1001.77 75.013
1020 75.159
1038.57 75.313
1057.47 75.473
1076.71 75.639
1096.31 75.807
1116.26 75.979
1136.58 76.151
1157.26 76.322
1178.32 76.491
1199.77 76.656
1221.6 76.817
1243.84 76.972
1266.47 77.121
1289.52 77.265
1312.99 77.402
1336.89 77.533
1361.22 77.661
1385.99 77.787
1411.22 77.911
1436.9 78.034
1463.05 78.157
1489.68 78.28
1516.79 78.404
1544.4 78.532
1572.5 78.662
1601.12 78.795
1630.26 78.932
1659.93 79.072
1690.14 79.218
1720.9 79.369
1752.22 79.528
1784.11 79.695
1816.58 79.869
1849.64 80.051
1883.3 80.241
1917.58 80.439
1952.48 80.644
1988.01 80.858
2024.19 81.08
2061.03 81.31
2098.54 81.549
2136.73 81.795
2175.62 82.045
2215.22 82.3
2255.53 82.557
2296.58 82.815
2338.38 83.07
2380.94 83.322
2424.27 83.564
2468.39 83.793
2513.31 84.004
2559.05 84.193
2605.63 84.355
2653.05 84.486
2701.33 84.583
2750.5 84.641
2800.55 84.66
2851.52 84.639
2903.42 84.58
2956.26 84.485
3010.06 84.357
3064.85 84.201
3120.62 84.023
3177.42 83.829
3235.25 83.622
3294.13 83.409
3354.08 83.192
3415.12 82.977
3477.27 82.765
3540.56 82.559
3605 82.361
3670.6 82.172
3737.41 81.994
3805.43 81.827
3874.68 81.673
3945.2 81.532
4017 81.404
4090.11 81.291
4164.55 81.191
4240.34 81.105
4317.51 81.029
4396.09 80.959
4476.1 80.891
4557.56 80.815
4640.5 80.726
4724.96 80.612
4810.95 80.467
4898.51 80.286
4987.66 80.067
5078.43 79.815
5170.86 79.535
5264.97 79.236
5360.79 78.929
5458.35 78.626
5557.69 78.338
5658.84 78.082
5761.82 77.869
5866.69 77.717
5973.46 77.642
6082.17 77.656
6192.87 77.772
6305.57 77.99
6420.33 78.302
6537.18 78.685
6656.15 79.096
6777.29 79.484
6900.63 79.787
7026.22 79.951
7154.1 79.947
7284.3 79.777
7416.87 79.482
7551.85 79.13
7689.29 78.803
7829.23 78.573
7971.72 78.484
8116.8 78.539
8264.53 78.698
8414.94 78.882
8568.09 78.995
8724.02 78.944
8882.79 78.665
9044.46 78.142
9209.06 77.408
9376.66 76.536
9547.31 75.616
9721.07 74.732
9897.99 73.949
10078.13 73.303
10261.55 72.802
10448.3 72.429
10638.45 72.154
10832.07 71.944
11029.21 71.768
11229.94 71.608
11434.32 71.458
11642.41 71.321
11854.3 71.203
12070.04 71.106
12289.71 71.028
12513.38 70.969
12741.12 70.941
12973 70.969
13209.1 71.086
13449.5 71.32
13694.28 71.667
13943.51 72.066
14197.27 72.404
14455.66 72.529
14718.74 72.304
14986.62 71.654
15259.37 70.606
15537.08 69.285
15819.85 67.875
16107.76 66.559
16400.92 65.465
16699.41 64.635
17003.33 64.027
17312.78 63.541
17627.86 63.052
17948.68 62.433
18275.34 61.57
18607.94 60.38
18946.6 58.844
19291.42 57.013
19642.52 55.001
20000 52.928