20 90.363
20.36 90.357
20.73 90.351
21.11 90.344
21.5 90.337
21.89 90.33
22.29 90.323
22.69 90.315
23.1 90.307
23.52 90.298
23.95 90.289
24.39 90.278
24.83 90.267
25.28 90.255
25.74 90.242
26.21 90.228
26.69 90.213
27.18 90.197
27.67 90.179
28.17 90.16
28.69 90.14
29.21 90.119
29.74 90.095
30.28 90.07
30.83 90.044
31.39 90.015
31.97 89.985
32.55 89.953
33.14 89.919
33.74 89.882
34.36 89.844
34.98 89.804
35.62 89.761
36.27 89.717
36.93 89.671
37.6 89.623
38.28 89.573
38.98 89.521
39.69 89.467
40.41 89.412
41.15 89.354
41.9 89.295
42.66 89.234
43.44 89.171
44.23 89.107
45.03 89.04
45.85 88.973
46.68 88.903
47.53 88.832
48.4 88.759
49.28 88.684
50.18 88.607
51.09 88.528
52.02 88.447
52.97 88.364
53.93 88.279
54.91 88.191
55.91 88.102
56.93 88.01
57.97 87.915
59.02 87.818
60.09 87.718
61.19 87.616
62.3 87.511
63.44 87.404
64.59 87.294
65.77 87.181
66.96 87.065
68.18 86.947
69.42 86.826
70.69 86.703
71.97 86.576
73.28 86.447
74.62 86.315
75.97 86.18
77.36 86.043
78.76 85.903
80.2 85.762
81.66 85.618
83.14 85.472
84.66 85.325
86.2 85.175
87.77 85.024
89.36 84.872
90.99 84.717
92.65 84.56
94.33 84.401
96.05 84.241
97.8 84.078
99.58 83.913
101.39 83.746
103.23 83.577
105.11 83.405
107.03 83.232
108.97 83.057
110.96 82.879
112.98 82.7
115.03 82.519
117.13 82.337
119.26 82.154
121.43 81.97
123.64 81.786
125.89 81.602
128.18 81.418
130.51 81.233
132.89 81.047
135.31 80.858
137.77 80.667
140.28 80.473
142.83 80.276
145.43 80.077
148.07 79.876
150.77 79.673
153.51 79.469
156.31 79.265
159.15 79.06
162.05 78.855
165 78.652
168 78.449
171.06 78.248
174.17 78.05
177.34 77.855
180.57 77.664
183.86 77.475
187.2 77.29
190.61 77.108
194.08 76.928
197.61 76.75
201.21 76.574
204.87 76.399
208.6 76.225
212.39 76.052
216.26 75.88
220.19 75.71
224.2 75.542
228.28 75.378
232.44 75.219
236.67 75.065
240.97 74.916
245.36 74.774
249.82 74.637
254.37 74.506
259 74.38
263.71 74.259
268.51 74.143
273.4 74.031
278.38 73.924
283.44 73.822
288.6 73.725
293.85 73.633
299.2 73.547
304.65 73.466
310.19 73.389
315.84 73.318
321.59 73.25
327.44 73.185
333.4 73.124
339.47 73.068
345.64 73.016
351.93 72.968
358.34 72.924
364.86 72.885
371.5 72.85
378.26 72.819
385.15 72.791
392.16 72.767
399.29 72.746
406.56 72.727
413.96 72.711
421.49 72.697
429.16 72.686
436.97 72.677
444.93 72.671
453.02 72.667
461.27 72.667
469.66 72.668
478.21 72.671
486.91 72.678
495.78 72.686
504.8 72.696
513.99 72.708
523.34 72.723
532.87 72.739
542.56 72.758
552.44 72.777
562.49 72.799
572.73 72.82
583.15 72.842
593.77 72.865
604.57 72.888
615.57 72.912
626.78 72.938
638.18 72.965
649.8 72.995
661.63 73.027
673.67 73.062
685.93 73.099
698.41 73.139
711.12 73.182
724.06 73.229
737.24 73.278
750.66 73.331
764.32 73.388
778.23 73.45
792.39 73.516
806.82 73.589
821.5 73.666
836.45 73.751
851.67 73.842
867.17 73.94
882.96 74.045
899.02 74.157
915.39 74.278
932.05 74.408
949.01 74.547
966.28 74.695
983.87 74.852
1001.77 75.016
1020 75.185
1038.57 75.359
1057.47 75.536
1076.71 75.717
1096.31 75.899
1116.26 76.083
1136.58 76.267
1157.26 76.449
1178.32 76.629
1199.77 76.806
1221.6 76.981
1243.84 77.152
1266.47 77.32
1289.52 77.485
1312.99 77.647
1336.89 77.805
1361.22 77.961
1385.99 78.115
1411.22 78.27
1436.9 78.423
1463.05 78.575
1489.68 78.728
1516.79 78.881
1544.4 79.037
1572.5 79.195
1601.12 79.355
1630.26 79.518
1659.93 79.684
1690.14 79.856
1720.9 80.033
1752.22 80.218
1784.11 80.41
1816.58 80.611
1849.64 80.822
1883.3 81.044
1917.58 81.276
1952.48 81.519
1988.01 81.775
2024.19 82.045
2061.03 82.33
2098.54 82.63
2136.73 82.944
2175.62 83.27
2215.22 83.607
2255.53 83.953
2296.58 84.307
2338.38 84.667
2380.94 85.027
2424.27 85.383
2468.39 85.728
2513.31 86.056
2559.05 86.36
2605.63 86.635
2653.05 86.874
2701.33 87.072
2750.5 87.223
2800.55 87.323
2851.52 87.37
2903.42 87.36
2956.26 87.293
3010.06 87.17
3064.85 86.993
3120.62 86.77
3177.42 86.506
3235.25 86.211
3294.13 85.892
3354.08 85.559
3415.12 85.221
3477.27 84.884
3540.56 84.555
3605 84.238
3670.6 83.937
3737.41 83.654
3805.43 83.394
3874.68 83.155
3945.2 82.941
4017 82.75
4090.11 82.583
4164.55 82.442
4240.34 82.327
4317.51 82.238
4396.09 82.175
4476.1 82.139
4557.56 82.13
4640.5 82.146
4724.96 82.189
4810.95 82.258
4898.51 82.353
4987.66 82.474
5078.43 82.619
5170.86 82.784
5264.97 82.963
5360.79 83.143
5458.35 83.308
5557.69 83.437
5658.84 83.509
5761.82 83.509
5866.69 83.431
5973.46 83.28
6082.17 83.072
6192.87 82.835
6305.57 82.6
6420.33 82.4
6537.18 82.265
6656.15 82.219
6777.29 82.284
6900.63 82.47
7026.22 82.778
7154.1 83.199
7284.3 83.705
7416.87 84.247
7551.85 84.758
7689.29 85.151
7829.23 85.341
7971.72 85.258
8116.8 84.872
8264.53 84.191
8414.94 83.265
8568.09 82.171
8724.02 80.997
8882.79 79.824
9044.46 78.714
9209.06 77.713
9376.66 76.844
9547.31 76.118
9721.07 75.535
9897.99 75.089
10078.13 74.766
10261.55 74.548
10448.3 74.41
10638.45 74.328
10832.07 74.281
11029.21 74.253
11229.94 74.234
11434.32 74.219
11642.41 74.204
11854.3 74.189
12070.04 74.182
12289.71 74.194
12513.38 74.243
12741.12 74.351
12973 74.529
13209.1 74.776
13449.5 75.066
13694.28 75.349
13943.51 75.555
14197.27 75.611
14455.66 75.456
14718.74 75.055
14986.62 74.415
15259.37 73.578
15537.08 72.613
15819.85 71.598
16107.76 70.597
16400.92 69.646
16699.41 68.747
17003.33 67.885
17312.78 67.041
17627.86 66.198
17948.68 65.329
18275.34 64.382
18607.94 63.277
18946.6 61.941
19291.42 60.36
19642.52 58.604
20000 56.781