20 84.031
20.36 84.034
20.73 84.038
21.11 84.041
21.5 84.044
21.89 84.047
22.29 84.05
22.69 84.052
23.1 84.055
23.52 84.057
23.95 84.058
24.39 84.059
24.83 84.06
25.28 84.06
25.74 84.06
26.21 84.059
26.69 84.057
27.18 84.055
27.67 84.053
28.17 84.049
28.69 84.045
29.21 84.039
29.74 84.033
30.28 84.026
30.83 84.019
31.39 84.01
31.97 83.999
32.55 83.989
33.14 83.977
33.74 83.963
34.36 83.949
34.98 83.933
35.62 83.917
36.27 83.899
36.93 83.88
37.6 83.86
38.28 83.839
38.98 83.817
39.69 83.794
40.41 83.769
41.15 83.744
41.9 83.718
42.66 83.69
43.44 83.662
44.23 83.633
45.03 83.602
45.85 83.571
46.68 83.538
47.53 83.505
48.4 83.47
49.28 83.435
50.18 83.398
51.09 83.36
52.02 83.321
52.97 83.281
53.93 83.239
54.91 83.197
55.91 83.153
56.93 83.108
57.97 83.062
59.02 83.014
60.09 82.964
61.19 82.914
62.3 82.862
63.44 82.809
64.59 82.754
65.77 82.698
66.96 82.64
68.18 82.581
69.42 82.521
70.69 82.459
71.97 82.396
73.28 82.331
74.62 82.264
75.97 82.196
77.36 82.128
78.76 82.058
80.2 81.986
81.66 81.914
83.14 81.841
84.66 81.767
86.2 81.692
87.77 81.617
89.36 81.54
90.99 81.463
92.65 81.385
94.33 81.306
96.05 81.227
97.8 81.146
99.58 81.065
101.39 80.983
103.23 80.9
105.11 80.817
107.03 80.732
108.97 80.647
110.96 80.56
112.98 80.473
115.03 80.385
117.13 80.297
119.26 80.207
121.43 80.118
123.64 80.029
125.89 79.939
128.18 79.849
130.51 79.758
132.89 79.667
135.31 79.574
137.77 79.481
140.28 79.385
142.83 79.289
145.43 79.191
148.07 79.093
150.77 78.993
153.51 78.892
156.31 78.791
159.15 78.69
162.05 78.588
165 78.487
168 78.386
171.06 78.286
174.17 78.186
177.34 78.088
180.57 77.991
183.86 77.896
187.2 77.801
190.61 77.707
194.08 77.614
197.61 77.522
201.21 77.429
204.87 77.336
208.6 77.242
212.39 77.148
216.26 77.052
220.19 76.956
224.2 76.86
228.28 76.765
232.44 76.67
236.67 76.578
240.97 76.487
245.36 76.398
249.82 76.311
254.37 76.226
259 76.143
263.71 76.062
268.51 75.982
273.4 75.903
278.38 75.825
283.44 75.749
288.6 75.674
293.85 75.6
299.2 75.527
304.65 75.455
310.19 75.384
315.84 75.313
321.59 75.242
327.44 75.172
333.4 75.102
339.47 75.033
345.64 74.965
351.93 74.899
358.34 74.835
364.86 74.773
371.5 74.713
378.26 74.656
385.15 74.6
392.16 74.546
399.29 74.493
406.56 74.443
413.96 74.394
421.49 74.347
429.16 74.302
436.97 74.259
444.93 74.217
453.02 74.177
461.27 74.138
469.66 74.101
478.21 74.064
486.91 74.03
495.78 73.997
504.8 73.966
513.99 73.937
523.34 73.909
532.87 73.883
542.56 73.86
552.44 73.839
562.49 73.82
572.73 73.804
583.15 73.79
593.77 73.778
604.57 73.769
615.57 73.762
626.78 73.758
638.18 73.756
649.8 73.758
661.63 73.761
673.67 73.768
685.93 73.778
698.41 73.79
711.12 73.806
724.06 73.825
737.24 73.847
750.66 73.872
764.32 73.901
778.23 73.933
792.39 73.971
806.82 74.012
821.5 74.06
836.45 74.113
851.67 74.172
867.17 74.238
882.96 74.311
899.02 74.391
915.39 74.477
932.05 74.571
949.01 74.672
966.28 74.78
983.87 74.894
1001.77 75.012
1020 75.132
1038.57 75.255
1057.47 75.379
1076.71 75.505
1096.31 75.631
1116.26 75.759
1136.58 75.887
1157.26 76.016
1178.32 76.145
1199.77 76.273
1221.6 76.401
1243.84 76.527
1266.47 76.652
1289.52 76.775
1312.99 76.895
1336.89 77.011
1361.22 77.126
1385.99 77.24
1411.22 77.352
1436.9 77.463
1463.05 77.573
1489.68 77.683
1516.79 77.792
1544.4 77.903
1572.5 78.015
1601.12 78.129
1630.26 78.244
1659.93 78.359
1690.14 78.477
1720.9 78.597
1752.22 78.719
1784.11 78.843
1816.58 78.968
1849.64 79.094
1883.3 79.221
1917.58 79.348
1952.48 79.475
1988.01 79.601
2024.19 79.726
2061.03 79.85
2098.54 79.972
2136.73 80.09
2175.62 80.203
2215.22 80.31
2255.53 80.408
2296.58 80.5
2338.38 80.581
2380.94 80.654
2424.27 80.716
2468.39 80.769
2513.31 80.811
2559.05 80.844
2605.63 80.868
2653.05 80.884
2701.33 80.891
2750.5 80.89
2800.55 80.882
2851.52 80.867
2903.42 80.847
2956.26 80.822
3010.06 80.794
3064.85 80.765
3120.62 80.736
3177.42 80.71
3235.25 80.686
3294.13 80.665
3354.08 80.648
3415.12 80.635
3477.27 80.624
3540.56 80.615
3605 80.605
3670.6 80.593
3737.41 80.578
3805.43 80.554
3874.68 80.523
3945.2 80.479
4017 80.42
4090.11 80.345
4164.55 80.252
4240.34 80.139
4317.51 80.007
4396.09 79.854
4476.1 79.682
4557.56 79.49
4640.5 79.281
4724.96 79.06
4810.95 78.83
4898.51 78.598
4987.66 78.373
5078.43 78.164
5170.86 77.981
5264.97 77.833
5360.79 77.729
5458.35 77.674
5557.69 77.674
5658.84 77.729
5761.82 77.839
5866.69 78.003
5973.46 78.224
6082.17 78.504
6192.87 78.843
6305.57 79.233
6420.33 79.655
6537.18 80.086
6656.15 80.503
6777.29 80.886
6900.63 81.222
7026.22 81.505
7154.1 81.739
7284.3 81.926
7416.87 82.067
7551.85 82.155
7689.29 82.175
7829.23 82.1
7971.72 81.898
8116.8 81.536
8264.53 80.99
8414.94 80.25
8568.09 79.326
8724.02 78.245
8882.79 77.049
9044.46 75.787
9209.06 74.516
9376.66 73.292
9547.31 72.172
9721.07 71.213
9897.99 70.468
10078.13 69.975
10261.55 69.756
10448.3 69.807
10638.45 70.096
10832.07 70.577
11029.21 71.195
11229.94 71.898
11434.32 72.639
11642.41 73.372
11854.3 74.045
12070.04 74.605
12289.71 74.997
12513.38 75.178
12741.12 75.135
12973 74.895
13209.1 74.52
13449.5 74.101
13694.28 73.73
13943.51 73.48
14197.27 73.378
14455.66 73.393
14718.74 73.435
14986.62 73.38
15259.37 73.112
15537.08 72.563
15819.85 71.746
16107.76 70.745
16400.92 69.688
16699.41 68.702
17003.33 67.878
17312.78 67.24
17627.86 66.739
17948.68 66.26
18275.34 65.654
18607.94 64.788
18946.6 63.593
19291.42 62.09
19642.52 60.386
20000 58.609