20 83.374
20.36 83.427
20.73 83.48
21.11 83.532
21.5 83.585
21.89 83.637
22.29 83.689
22.69 83.74
23.1 83.791
23.52 83.841
23.95 83.891
24.39 83.939
24.83 83.987
25.28 84.035
25.74 84.081
26.21 84.127
26.69 84.17
27.18 84.214
27.67 84.255
28.17 84.296
28.69 84.335
29.21 84.373
29.74 84.409
30.28 84.443
30.83 84.476
31.39 84.507
31.97 84.536
32.55 84.564
33.14 84.589
33.74 84.612
34.36 84.634
34.98 84.653
35.62 84.671
36.27 84.687
36.93 84.701
37.6 84.713
38.28 84.723
38.98 84.733
39.69 84.739
40.41 84.745
41.15 84.749
41.9 84.752
42.66 84.753
43.44 84.753
44.23 84.752
45.03 84.749
45.85 84.745
46.68 84.739
47.53 84.733
48.4 84.726
49.28 84.717
50.18 84.707
51.09 84.696
52.02 84.683
52.97 84.669
53.93 84.653
54.91 84.636
55.91 84.619
56.93 84.599
57.97 84.577
59.02 84.556
60.09 84.532
61.19 84.506
62.3 84.48
63.44 84.452
64.59 84.423
65.77 84.391
66.96 84.359
68.18 84.325
69.42 84.29
70.69 84.253
71.97 84.216
73.28 84.176
74.62 84.135
75.97 84.093
77.36 84.049
78.76 84.005
80.2 83.958
81.66 83.912
83.14 83.863
84.66 83.814
86.2 83.764
87.77 83.713
89.36 83.66
90.99 83.607
92.65 83.552
94.33 83.497
96.05 83.44
97.8 83.383
99.58 83.324
101.39 83.265
103.23 83.205
105.11 83.143
107.03 83.081
108.97 83.017
110.96 82.952
112.98 82.885
115.03 82.818
117.13 82.75
119.26 82.68
121.43 82.61
123.64 82.539
125.89 82.467
128.18 82.395
130.51 82.32
132.89 82.246
135.31 82.169
137.77 82.091
140.28 82.012
142.83 81.93
145.43 81.846
148.07 81.762
150.77 81.675
153.51 81.588
156.31 81.499
159.15 81.409
162.05 81.319
165 81.228
168 81.137
171.06 81.045
174.17 80.953
177.34 80.862
180.57 80.772
183.86 80.681
187.2 80.591
190.61 80.5
194.08 80.41
197.61 80.318
201.21 80.226
204.87 80.132
208.6 80.037
212.39 79.941
216.26 79.844
220.19 79.745
224.2 79.645
228.28 79.546
232.44 79.446
236.67 79.347
240.97 79.248
245.36 79.15
249.82 79.052
254.37 78.955
259 78.858
263.71 78.76
268.51 78.662
273.4 78.563
278.38 78.465
283.44 78.365
288.6 78.266
293.85 78.167
299.2 78.068
304.65 77.97
310.19 77.871
315.84 77.772
321.59 77.672
327.44 77.571
333.4 77.47
339.47 77.37
345.64 77.27
351.93 77.17
358.34 77.072
364.86 76.976
371.5 76.881
378.26 76.787
385.15 76.694
392.16 76.603
399.29 76.513
406.56 76.423
413.96 76.336
421.49 76.249
429.16 76.165
436.97 76.082
444.93 76
453.02 75.919
461.27 75.839
469.66 75.76
478.21 75.683
486.91 75.605
495.78 75.529
504.8 75.455
513.99 75.381
523.34 75.31
532.87 75.24
542.56 75.173
552.44 75.106
562.49 75.042
572.73 74.98
583.15 74.92
593.77 74.862
604.57 74.806
615.57 74.753
626.78 74.701
638.18 74.654
649.8 74.608
661.63 74.566
673.67 74.526
685.93 74.491
698.41 74.459
711.12 74.431
724.06 74.407
737.24 74.389
750.66 74.376
764.32 74.368
778.23 74.366
792.39 74.368
806.82 74.378
821.5 74.391
836.45 74.411
851.67 74.435
867.17 74.464
882.96 74.497
899.02 74.534
915.39 74.579
932.05 74.633
949.01 74.7
966.28 74.785
983.87 74.89
1001.77 75.012
1020 75.151
1038.57 75.303
1057.47 75.466
1076.71 75.637
1096.31 75.816
1116.26 76
1136.58 76.188
1157.26 76.377
1178.32 76.566
1199.77 76.754
1221.6 76.939
1243.84 77.12
1266.47 77.297
1289.52 77.472
1312.99 77.642
1336.89 77.808
1361.22 77.972
1385.99 78.136
1411.22 78.301
1436.9 78.467
1463.05 78.634
1489.68 78.803
1516.79 78.975
1544.4 79.152
1572.5 79.332
1601.12 79.515
1630.26 79.702
1659.93 79.89
1690.14 80.081
1720.9 80.274
1752.22 80.469
1784.11 80.666
1816.58 80.863
1849.64 81.059
1883.3 81.252
1917.58 81.443
1952.48 81.628
1988.01 81.808
2024.19 81.98
2061.03 82.143
2098.54 82.298
2136.73 82.441
2175.62 82.569
2215.22 82.683
2255.53 82.781
2296.58 82.861
2338.38 82.926
2380.94 82.974
2424.27 83.005
2468.39 83.021
2513.31 83.021
2559.05 83.005
2605.63 82.975
2653.05 82.932
2701.33 82.876
2750.5 82.808
2800.55 82.731
2851.52 82.645
2903.42 82.553
2956.26 82.456
3010.06 82.358
3064.85 82.262
3120.62 82.172
3177.42 82.089
3235.25 82.017
3294.13 81.958
3354.08 81.915
3415.12 81.891
3477.27 81.886
3540.56 81.903
3605 81.943
3670.6 82.009
3737.41 82.098
3805.43 82.21
3874.68 82.344
3945.2 82.495
4017 82.66
4090.11 82.83
4164.55 82.999
4240.34 83.154
4317.51 83.285
4396.09 83.376
4476.1 83.413
4557.56 83.382
4640.5 83.273
4724.96 83.081
4810.95 82.804
4898.51 82.45
4987.66 82.031
5078.43 81.566
5170.86 81.079
5264.97 80.592
5360.79 80.123
5458.35 79.686
5557.69 79.294
5658.84 78.958
5761.82 78.691
5866.69 78.506
5973.46 78.414
6082.17 78.423
6192.87 78.534
6305.57 78.743
6420.33 79.042
6537.18 79.42
6656.15 79.867
6777.29 80.38
6900.63 80.956
7026.22 81.601
7154.1 82.318
7284.3 83.102
7416.87 83.931
7551.85 84.754
7689.29 85.49
7829.23 86.034
7971.72 86.277
8116.8 86.132
8264.53 85.559
8414.94 84.576
8568.09 83.266
8724.02 81.744
8882.79 80.136
9044.46 78.555
9209.06 77.087
9376.66 75.784
9547.31 74.678
9721.07 73.784
9897.99 73.107
10078.13 72.657
10261.55 72.447
10448.3 72.496
10638.45 72.831
10832.07 73.47
11029.21 74.418
11229.94 75.637
11434.32 77.036
11642.41 78.459
11854.3 79.692
12070.04 80.513
12289.71 80.748
12513.38 80.329
12741.12 79.331
12973 77.956
13209.1 76.478
13449.5 75.164
13694.28 74.217
13943.51 73.738
14197.27 73.708
14455.66 74.005
14718.74 74.423
14986.62 74.735
15259.37 74.759
15537.08 74.421
15819.85 73.777
16107.76 72.974
16400.92 72.159
16699.41 71.388
17003.33 70.575
17312.78 69.505
17627.86 67.922
17948.68 65.618
18275.34 62.507
18607.94 58.646
18946.6 54.198
19291.42 49.377
19642.52 44.383
20000 39.343