20 73.041
20.36 73.187
20.73 73.333
21.11 73.479
21.5 73.626
21.89 73.772
22.29 73.918
22.69 74.064
23.1 74.21
23.52 74.355
23.95 74.501
24.39 74.647
24.83 74.793
25.28 74.938
25.74 75.084
26.21 75.229
26.69 75.374
27.18 75.519
27.67 75.664
28.17 75.809
28.69 75.954
29.21 76.099
29.74 76.242
30.28 76.386
30.83 76.53
31.39 76.674
31.97 76.818
32.55 76.961
33.14 77.104
33.74 77.247
34.36 77.389
34.98 77.531
35.62 77.673
36.27 77.812
36.93 77.951
37.6 78.089
38.28 78.226
38.98 78.361
39.69 78.495
40.41 78.627
41.15 78.758
41.9 78.886
42.66 79.012
43.44 79.135
44.23 79.256
45.03 79.376
45.85 79.491
46.68 79.605
47.53 79.715
48.4 79.823
49.28 79.926
50.18 80.028
51.09 80.126
52.02 80.221
52.97 80.314
53.93 80.402
54.91 80.488
55.91 80.571
56.93 80.651
57.97 80.727
59.02 80.8
60.09 80.87
61.19 80.936
62.3 80.999
63.44 81.058
64.59 81.113
65.77 81.165
66.96 81.212
68.18 81.255
69.42 81.294
70.69 81.328
71.97 81.358
73.28 81.383
74.62 81.403
75.97 81.419
77.36 81.43
78.76 81.437
80.2 81.439
81.66 81.437
83.14 81.431
84.66 81.421
86.2 81.407
87.77 81.389
89.36 81.367
90.99 81.341
92.65 81.312
94.33 81.28
96.05 81.243
97.8 81.203
99.58 81.161
101.39 81.115
103.23 81.065
105.11 81.013
107.03 80.958
108.97 80.9
110.96 80.839
112.98 80.776
115.03 80.71
117.13 80.642
119.26 80.571
121.43 80.498
123.64 80.424
125.89 80.348
128.18 80.271
130.51 80.192
132.89 80.111
135.31 80.029
137.77 79.944
140.28 79.859
142.83 79.77
145.43 79.68
148.07 79.589
150.77 79.496
153.51 79.403
156.31 79.307
159.15 79.212
162.05 79.116
165 79.019
168 78.924
171.06 78.828
174.17 78.733
177.34 78.639
180.57 78.544
183.86 78.452
187.2 78.36
190.61 78.268
194.08 78.177
197.61 78.086
201.21 77.994
204.87 77.902
208.6 77.81
212.39 77.716
216.26 77.622
220.19 77.529
224.2 77.434
228.28 77.341
232.44 77.249
236.67 77.157
240.97 77.067
245.36 76.977
249.82 76.89
254.37 76.803
259 76.717
263.71 76.631
268.51 76.547
273.4 76.463
278.38 76.38
283.44 76.296
288.6 76.216
293.85 76.135
299.2 76.056
304.65 75.98
310.19 75.904
315.84 75.831
321.59 75.761
327.44 75.692
333.4 75.626
339.47 75.563
345.64 75.502
351.93 75.443
358.34 75.383
364.86 75.324
371.5 75.261
378.26 75.194
385.15 75.127
392.16 75.058
399.29 74.991
406.56 74.925
413.96 74.863
421.49 74.805
429.16 74.751
436.97 74.701
444.93 74.654
453.02 74.611
461.27 74.571
469.66 74.533
478.21 74.497
486.91 74.463
495.78 74.432
504.8 74.401
513.99 74.373
523.34 74.347
532.87 74.323
542.56 74.301
552.44 74.281
562.49 74.264
572.73 74.25
583.15 74.237
593.77 74.227
604.57 74.22
615.57 74.216
626.78 74.216
638.18 74.218
649.8 74.224
661.63 74.232
673.67 74.243
685.93 74.257
698.41 74.273
711.12 74.291
724.06 74.311
737.24 74.334
750.66 74.359
764.32 74.384
778.23 74.414
792.39 74.444
806.82 74.478
821.5 74.514
836.45 74.551
851.67 74.592
867.17 74.636
882.96 74.682
899.02 74.729
915.39 74.776
932.05 74.824
949.01 74.87
966.28 74.915
983.87 74.958
1001.77 75.005
1020 75.057
1038.57 75.118
1057.47 75.192
1076.71 75.279
1096.31 75.379
1116.26 75.494
1136.58 75.626
1157.26 75.776
1178.32 75.945
1199.77 76.134
1221.6 76.34
1243.84 76.562
1266.47 76.797
1289.52 77.046
1312.99 77.301
1336.89 77.562
1361.22 77.833
1385.99 78.113
1411.22 78.4
1436.9 78.695
1463.05 78.996
1489.68 79.303
1516.79 79.614
1544.4 79.932
1572.5 80.255
1601.12 80.581
1630.26 80.906
1659.93 81.228
1690.14 81.552
1720.9 81.874
1752.22 82.193
1784.11 82.51
1816.58 82.822
1849.64 83.128
1883.3 83.424
1917.58 83.71
1952.48 83.98
1988.01 84.235
2024.19 84.473
2061.03 84.692
2098.54 84.89
2136.73 85.064
2175.62 85.213
2215.22 85.331
2255.53 85.417
2296.58 85.469
2338.38 85.486
2380.94 85.468
2424.27 85.414
2468.39 85.328
2513.31 85.216
2559.05 85.085
2605.63 84.942
2653.05 84.794
2701.33 84.643
2750.5 84.482
2800.55 84.305
2851.52 84.108
2903.42 83.893
2956.26 83.662
3010.06 83.42
3064.85 83.173
3120.62 82.924
3177.42 82.678
3235.25 82.439
3294.13 82.206
3354.08 81.983
3415.12 81.768
3477.27 81.561
3540.56 81.361
3605 81.166
3670.6 80.98
3737.41 80.801
3805.43 80.635
3874.68 80.484
3945.2 80.353
4017 80.242
4090.11 80.151
4164.55 80.084
4240.34 80.044
4317.51 80.034
4396.09 80.056
4476.1 80.114
4557.56 80.209
4640.5 80.347
4724.96 80.539
4810.95 80.791
4898.51 81.103
4987.66 81.47
5078.43 81.876
5170.86 82.309
5264.97 82.75
5360.79 83.182
5458.35 83.585
5557.69 83.935
5658.84 84.209
5761.82 84.38
5866.69 84.425
5973.46 84.33
6082.17 84.081
6192.87 83.687
6305.57 83.168
6420.33 82.568
6537.18 81.951
6656.15 81.394
6777.29 80.964
6900.63 80.697
7026.22 80.576
7154.1 80.551
7284.3 80.554
7416.87 80.537
7551.85 80.465
7689.29 80.319
7829.23 80.084
7971.72 79.747
8116.8 79.296
8264.53 78.72
8414.94 78.012
8568.09 77.172
8724.02 76.208
8882.79 75.14
9044.46 74.005
9209.06 72.848
9376.66 71.73
9547.31 70.711
9721.07 69.84
9897.99 69.144
10078.13 68.613
10261.55 68.206
10448.3 67.862
10638.45 67.518
10832.07 67.131
11029.21 66.693
11229.94 66.238
11434.32 65.832
11642.41 65.558
11854.3 65.491
12070.04 65.682
12289.71 66.139
12513.38 66.822
12741.12 67.635
12973 68.436
13209.1 69.047
13449.5 69.289
13694.28 69.025
13943.51 68.192
14197.27 66.81
14455.66 64.944
14718.74 62.68
14986.62 60.1
15259.37 57.282
15537.08 54.305
15819.85 51.264
16107.76 48.288
16400.92 45.541
16699.41 43.195
17003.33 41.398
17312.78 40.227
17627.86 39.698
17948.68 39.761
18275.34 40.317
18607.94 41.228
18946.6 42.34
19291.42 43.521
19642.52 44.696
20000 45.858