20 84.753
20.36 84.76
20.73 84.769
21.11 84.777
21.5 84.785
21.89 84.793
22.29 84.801
22.69 84.808
23.1 84.816
23.52 84.823
23.95 84.829
24.39 84.836
24.83 84.842
25.28 84.848
25.74 84.853
26.21 84.858
26.69 84.863
27.18 84.866
27.67 84.87
28.17 84.873
28.69 84.875
29.21 84.876
29.74 84.877
30.28 84.877
30.83 84.876
31.39 84.875
31.97 84.873
32.55 84.87
33.14 84.866
33.74 84.861
34.36 84.855
34.98 84.848
35.62 84.841
36.27 84.833
36.93 84.823
37.6 84.814
38.28 84.803
38.98 84.791
39.69 84.779
40.41 84.766
41.15 84.753
41.9 84.739
42.66 84.724
43.44 84.708
44.23 84.692
45.03 84.676
45.85 84.658
46.68 84.64
47.53 84.622
48.4 84.603
49.28 84.584
50.18 84.563
51.09 84.542
52.02 84.521
52.97 84.498
53.93 84.474
54.91 84.45
55.91 84.425
56.93 84.4
57.97 84.372
59.02 84.345
60.09 84.316
61.19 84.286
62.3 84.255
63.44 84.223
64.59 84.19
65.77 84.156
66.96 84.121
68.18 84.085
69.42 84.047
70.69 84.008
71.97 83.969
73.28 83.927
74.62 83.885
75.97 83.842
77.36 83.797
78.76 83.752
80.2 83.706
81.66 83.659
83.14 83.611
84.66 83.562
86.2 83.513
87.77 83.463
89.36 83.413
90.99 83.362
92.65 83.31
94.33 83.257
96.05 83.203
97.8 83.148
99.58 83.093
101.39 83.036
103.23 82.978
105.11 82.919
107.03 82.859
108.97 82.797
110.96 82.734
112.98 82.67
115.03 82.605
117.13 82.539
119.26 82.471
121.43 82.403
123.64 82.334
125.89 82.264
128.18 82.192
130.51 82.121
132.89 82.047
135.31 81.972
137.77 81.895
140.28 81.816
142.83 81.736
145.43 81.653
148.07 81.569
150.77 81.483
153.51 81.395
156.31 81.306
159.15 81.216
162.05 81.125
165 81.033
168 80.94
171.06 80.847
174.17 80.754
177.34 80.662
180.57 80.571
183.86 80.481
187.2 80.393
190.61 80.306
194.08 80.223
197.61 80.143
201.21 80.066
204.87 79.993
208.6 79.925
212.39 79.862
216.26 79.804
220.19 79.751
224.2 79.7
228.28 79.648
232.44 79.593
236.67 79.527
240.97 79.445
245.36 79.34
249.82 79.215
254.37 79.07
259 78.909
263.71 78.737
268.51 78.561
273.4 78.389
278.38 78.223
283.44 78.067
288.6 77.921
293.85 77.786
299.2 77.66
304.65 77.541
310.19 77.43
315.84 77.323
321.59 77.219
327.44 77.117
333.4 77.016
339.47 76.915
345.64 76.813
351.93 76.712
358.34 76.61
364.86 76.509
371.5 76.408
378.26 76.309
385.15 76.21
392.16 76.113
399.29 76.016
406.56 75.92
413.96 75.826
421.49 75.733
429.16 75.642
436.97 75.552
444.93 75.464
453.02 75.377
461.27 75.29
469.66 75.204
478.21 75.117
486.91 75.033
495.78 74.948
504.8 74.866
513.99 74.784
523.34 74.704
532.87 74.626
542.56 74.55
552.44 74.477
562.49 74.407
572.73 74.339
583.15 74.275
593.77 74.215
604.57 74.159
615.57 74.106
626.78 74.058
638.18 74.013
649.8 73.972
661.63 73.933
673.67 73.895
685.93 73.858
698.41 73.821
711.12 73.785
724.06 73.752
737.24 73.727
750.66 73.715
764.32 73.721
778.23 73.746
792.39 73.792
806.82 73.856
821.5 73.932
836.45 74.017
851.67 74.105
867.17 74.197
882.96 74.289
899.02 74.382
915.39 74.477
932.05 74.575
949.01 74.677
966.28 74.783
983.87 74.896
1001.77 75.011
1020 75.133
1038.57 75.258
1057.47 75.389
1076.71 75.525
1096.31 75.669
1116.26 75.821
1136.58 75.983
1157.26 76.157
1178.32 76.346
1199.77 76.55
1221.6 76.771
1243.84 77.011
1266.47 77.269
1289.52 77.544
1312.99 77.83
1336.89 78.123
1361.22 78.421
1385.99 78.718
1411.22 79.009
1436.9 79.286
1463.05 79.546
1489.68 79.787
1516.79 80.013
1544.4 80.225
1572.5 80.428
1601.12 80.627
1630.26 80.823
1659.93 81.022
1690.14 81.227
1720.9 81.439
1752.22 81.66
1784.11 81.888
1816.58 82.121
1849.64 82.359
1883.3 82.599
1917.58 82.835
1952.48 83.067
1988.01 83.29
2024.19 83.503
2061.03 83.701
2098.54 83.881
2136.73 84.038
2175.62 84.171
2215.22 84.276
2255.53 84.351
2296.58 84.397
2338.38 84.413
2380.94 84.401
2424.27 84.365
2468.39 84.305
2513.31 84.227
2559.05 84.135
2605.63 84.033
2653.05 83.924
2701.33 83.815
2750.5 83.709
2800.55 83.61
2851.52 83.521
2903.42 83.446
2956.26 83.391
3010.06 83.356
3064.85 83.347
3120.62 83.368
3177.42 83.419
3235.25 83.507
3294.13 83.631
3354.08 83.793
3415.12 83.99
3477.27 84.218
3540.56 84.467
3605 84.722
3670.6 84.963
3737.41 85.164
3805.43 85.292
3874.68 85.317
3945.2 85.207
4017 84.937
4090.11 84.492
4164.55 83.864
4240.34 83.061
4317.51 82.1
4396.09 81.007
4476.1 79.816
4557.56 78.566
4640.5 77.313
4724.96 76.128
4810.95 75.097
4898.51 74.317
4987.66 73.883
5078.43 73.858
5170.86 74.247
5264.97 74.975
5360.79 75.904
5458.35 76.862
5557.69 77.694
5658.84 78.291
5761.82 78.613
5866.69 78.675
5973.46 78.534
6082.17 78.262
6192.87 77.933
6305.57 77.612
6420.33 77.355
6537.18 77.207
6656.15 77.207
6777.29 77.384
6900.63 77.763
7026.22 78.364
7154.1 79.19
7284.3 80.226
7416.87 81.422
7551.85 82.689
7689.29 83.895
7829.23 84.88
7971.72 85.494
8116.8 85.623
8264.53 85.24
8414.94 84.401
8568.09 83.247
8724.02 81.957
8882.79 80.714
9044.46 79.671
9209.06 78.934
9376.66 78.555
9547.31 78.532
9721.07 78.809
9897.99 79.276
10078.13 79.782
10261.55 80.158
10448.3 80.254
10638.45 79.988
10832.07 79.365
11029.21 78.486
11229.94 77.515
11434.32 76.627
11642.41 75.951
11854.3 75.536
12070.04 75.345
12289.71 75.288
12513.38 75.259
12741.12 75.166
12973 74.94
13209.1 74.546
13449.5 73.975
13694.28 73.235
13943.51 72.329
14197.27 71.253
14455.66 69.997
14718.74 68.574
14986.62 67.04
15259.37 65.506
15537.08 64.117
15819.85 63.021
16107.76 62.322
16400.92 62.034
16699.41 62.061
17003.33 62.213
17312.78 62.25
17627.86 61.961
17948.68 61.206
18275.34 59.953
18607.94 58.258
18946.6 56.236
19291.42 54.011
19642.52 51.69
20000 49.341