20 83.694
20.36 83.692
20.73 83.688
21.11 83.684
21.5 83.682
21.89 83.677
22.29 83.673
22.69 83.668
23.1 83.664
23.52 83.659
23.95 83.652
24.39 83.646
24.83 83.638
25.28 83.631
25.74 83.622
26.21 83.611
26.69 83.601
27.18 83.589
27.67 83.576
28.17 83.562
28.69 83.547
29.21 83.53
29.74 83.513
30.28 83.493
30.83 83.473
31.39 83.45
31.97 83.426
32.55 83.4
33.14 83.373
33.74 83.344
34.36 83.313
34.98 83.281
35.62 83.247
36.27 83.211
36.93 83.173
37.6 83.134
38.28 83.094
38.98 83.052
39.69 83.009
40.41 82.964
41.15 82.919
41.9 82.872
42.66 82.823
43.44 82.773
44.23 82.723
45.03 82.671
45.85 82.618
46.68 82.565
47.53 82.509
48.4 82.453
49.28 82.396
50.18 82.338
51.09 82.278
52.02 82.218
52.97 82.157
53.93 82.094
54.91 82.03
55.91 81.966
56.93 81.9
57.97 81.833
59.02 81.764
60.09 81.695
61.19 81.624
62.3 81.553
63.44 81.48
64.59 81.406
65.77 81.33
66.96 81.254
68.18 81.177
69.42 81.099
70.69 81.019
71.97 80.939
73.28 80.857
74.62 80.775
75.97 80.692
77.36 80.608
78.76 80.523
80.2 80.438
81.66 80.353
83.14 80.267
84.66 80.181
86.2 80.095
87.77 80.008
89.36 79.922
90.99 79.836
92.65 79.75
94.33 79.663
96.05 79.576
97.8 79.489
99.58 79.403
101.39 79.316
103.23 79.228
105.11 79.141
107.03 79.053
108.97 78.965
110.96 78.877
112.98 78.788
115.03 78.699
117.13 78.61
119.26 78.521
121.43 78.433
123.64 78.345
125.89 78.258
128.18 78.17
130.51 78.084
132.89 77.997
135.31 77.91
137.77 77.822
140.28 77.734
142.83 77.644
145.43 77.555
148.07 77.465
150.77 77.374
153.51 77.284
156.31 77.193
159.15 77.104
162.05 77.014
165 76.926
168 76.838
171.06 76.752
174.17 76.667
177.34 76.584
180.57 76.501
183.86 76.421
187.2 76.343
190.61 76.264
194.08 76.188
197.61 76.111
201.21 76.035
204.87 75.959
208.6 75.883
212.39 75.806
216.26 75.729
220.19 75.653
224.2 75.577
228.28 75.501
232.44 75.427
236.67 75.355
240.97 75.284
245.36 75.214
249.82 75.146
254.37 75.08
259 75.016
263.71 74.952
268.51 74.89
273.4 74.829
278.38 74.768
283.44 74.708
288.6 74.649
293.85 74.592
299.2 74.536
304.65 74.481
310.19 74.426
315.84 74.372
321.59 74.319
327.44 74.266
333.4 74.215
339.47 74.164
345.64 74.114
351.93 74.066
358.34 74.019
364.86 73.974
371.5 73.93
378.26 73.888
385.15 73.846
392.16 73.807
399.29 73.769
406.56 73.732
413.96 73.697
421.49 73.663
429.16 73.631
436.97 73.599
444.93 73.57
453.02 73.542
461.27 73.515
469.66 73.489
478.21 73.464
486.91 73.44
495.78 73.418
504.8 73.397
513.99 73.377
523.34 73.359
532.87 73.343
542.56 73.327
552.44 73.313
562.49 73.301
572.73 73.289
583.15 73.279
593.77 73.269
604.57 73.262
615.57 73.256
626.78 73.252
638.18 73.252
649.8 73.257
661.63 73.268
673.67 73.285
685.93 73.31
698.41 73.341
711.12 73.377
724.06 73.416
737.24 73.458
750.66 73.501
764.32 73.546
778.23 73.594
792.39 73.646
806.82 73.703
821.5 73.766
836.45 73.837
851.67 73.914
867.17 74.001
882.96 74.096
899.02 74.199
915.39 74.312
932.05 74.434
949.01 74.566
966.28 74.708
983.87 74.858
1001.77 75.015
1020 75.179
1038.57 75.346
1057.47 75.516
1076.71 75.69
1096.31 75.866
1116.26 76.044
1136.58 76.222
1157.26 76.401
1178.32 76.579
1199.77 76.756
1221.6 76.93
1243.84 77.103
1266.47 77.274
1289.52 77.443
1312.99 77.609
1336.89 77.772
1361.22 77.935
1385.99 78.098
1411.22 78.262
1436.9 78.427
1463.05 78.592
1489.68 78.757
1516.79 78.927
1544.4 79.097
1572.5 79.272
1601.12 79.449
1630.26 79.627
1659.93 79.808
1690.14 79.991
1720.9 80.177
1752.22 80.365
1784.11 80.555
1816.58 80.746
1849.64 80.936
1883.3 81.126
1917.58 81.313
1952.48 81.496
1988.01 81.674
2024.19 81.847
2061.03 82.012
2098.54 82.169
2136.73 82.315
2175.62 82.448
2215.22 82.566
2255.53 82.667
2296.58 82.752
2338.38 82.817
2380.94 82.866
2424.27 82.894
2468.39 82.905
2513.31 82.898
2559.05 82.874
2605.63 82.835
2653.05 82.781
2701.33 82.716
2750.5 82.64
2800.55 82.556
2851.52 82.465
2903.42 82.371
2956.26 82.273
3010.06 82.175
3064.85 82.078
3120.62 81.985
3177.42 81.898
3235.25 81.816
3294.13 81.742
3354.08 81.677
3415.12 81.621
3477.27 81.574
3540.56 81.537
3605 81.509
3670.6 81.488
3737.41 81.474
3805.43 81.464
3874.68 81.454
3945.2 81.44
4017 81.421
4090.11 81.389
4164.55 81.34
4240.34 81.272
4317.51 81.178
4396.09 81.054
4476.1 80.898
4557.56 80.705
4640.5 80.473
4724.96 80.204
4810.95 79.897
4898.51 79.555
4987.66 79.183
5078.43 78.785
5170.86 78.369
5264.97 77.942
5360.79 77.511
5458.35 77.084
5557.69 76.668
5658.84 76.274
5761.82 75.911
5866.69 75.588
5973.46 75.316
6082.17 75.109
6192.87 74.978
6305.57 74.934
6420.33 74.986
6537.18 75.141
6656.15 75.4
6777.29 75.765
6900.63 76.233
7026.22 76.8
7154.1 77.458
7284.3 78.191
7416.87 78.974
7551.85 79.77
7689.29 80.52
7829.23 81.157
7971.72 81.607
8116.8 81.806
8264.53 81.708
8414.94 81.304
8568.09 80.627
8724.02 79.738
8882.79 78.724
9044.46 77.678
9209.06 76.683
9376.66 75.809
9547.31 75.107
9721.07 74.61
9897.99 74.331
10078.13 74.271
10261.55 74.413
10448.3 74.725
10638.45 75.15
10832.07 75.609
11029.21 76.006
11229.94 76.243
11434.32 76.241
11642.41 75.965
11854.3 75.428
12070.04 74.676
12289.71 73.758
12513.38 72.709
12741.12 71.572
12973 70.403
13209.1 69.273
13449.5 68.239
13694.28 67.332
13943.51 66.549
14197.27 65.852
14455.66 65.192
14718.74 64.511
14986.62 63.776
15259.37 62.981
15537.08 62.162
15819.85 61.384
16107.76 60.718
16400.92 60.208
16699.41 59.841
17003.33 59.541
17312.78 59.19
17627.86 58.639
17948.68 57.737
18275.34 56.36
18607.94 54.444
18946.6 52.014
19291.42 49.182
19642.52 46.115
20000 42.971