20 82.819
20.36 82.803
20.73 82.787
21.11 82.771
21.5 82.755
21.89 82.739
22.29 82.722
22.69 82.705
23.1 82.687
23.52 82.669
23.95 82.65
24.39 82.631
24.83 82.611
25.28 82.59
25.74 82.568
26.21 82.545
26.69 82.521
27.18 82.496
27.67 82.47
28.17 82.443
28.69 82.414
29.21 82.385
29.74 82.353
30.28 82.32
30.83 82.285
31.39 82.25
31.97 82.212
32.55 82.172
33.14 82.13
33.74 82.087
34.36 82.041
34.98 81.994
35.62 81.946
36.27 81.895
36.93 81.842
37.6 81.788
38.28 81.733
38.98 81.675
39.69 81.616
40.41 81.555
41.15 81.493
41.9 81.429
42.66 81.364
43.44 81.297
44.23 81.229
45.03 81.159
45.85 81.088
46.68 81.016
47.53 80.942
48.4 80.867
49.28 80.791
50.18 80.713
51.09 80.634
52.02 80.554
52.97 80.472
53.93 80.389
54.91 80.305
55.91 80.219
56.93 80.132
57.97 80.045
59.02 79.955
60.09 79.864
61.19 79.772
62.3 79.679
63.44 79.584
64.59 79.489
65.77 79.391
66.96 79.293
68.18 79.193
69.42 79.091
70.69 78.988
71.97 78.884
73.28 78.778
74.62 78.671
75.97 78.562
77.36 78.453
78.76 78.342
80.2 78.231
81.66 78.119
83.14 78.007
84.66 77.895
86.2 77.783
87.77 77.67
89.36 77.557
90.99 77.444
92.65 77.331
94.33 77.217
96.05 77.104
97.8 76.99
99.58 76.876
101.39 76.761
103.23 76.646
105.11 76.531
107.03 76.416
108.97 76.3
110.96 76.184
112.98 76.068
115.03 75.951
117.13 75.835
119.26 75.719
121.43 75.604
123.64 75.489
125.89 75.375
128.18 75.263
130.51 75.151
132.89 75.039
135.31 74.926
137.77 74.814
140.28 74.701
142.83 74.587
145.43 74.473
148.07 74.359
150.77 74.245
153.51 74.131
156.31 74.018
159.15 73.906
162.05 73.795
165 73.686
168 73.578
171.06 73.473
174.17 73.371
177.34 73.271
180.57 73.174
183.86 73.08
187.2 72.989
190.61 72.901
194.08 72.815
197.61 72.731
201.21 72.648
204.87 72.568
208.6 72.488
212.39 72.411
216.26 72.335
220.19 72.26
224.2 72.188
228.28 72.119
232.44 72.052
236.67 71.989
240.97 71.929
245.36 71.872
249.82 71.819
254.37 71.77
259 71.724
263.71 71.681
268.51 71.641
273.4 71.604
278.38 71.57
283.44 71.539
288.6 71.511
293.85 71.485
299.2 71.463
304.65 71.444
310.19 71.428
315.84 71.415
321.59 71.404
327.44 71.395
333.4 71.39
339.47 71.386
345.64 71.385
351.93 71.386
358.34 71.39
364.86 71.396
371.5 71.403
378.26 71.413
385.15 71.424
392.16 71.438
399.29 71.453
406.56 71.47
413.96 71.488
421.49 71.509
429.16 71.53
436.97 71.553
444.93 71.577
453.02 71.603
461.27 71.63
469.66 71.659
478.21 71.69
486.91 71.721
495.78 71.754
504.8 71.788
513.99 71.824
523.34 71.862
532.87 71.9
542.56 71.94
552.44 71.98
562.49 72.021
572.73 72.065
583.15 72.109
593.77 72.154
604.57 72.201
615.57 72.25
626.78 72.302
638.18 72.356
649.8 72.412
661.63 72.471
673.67 72.532
685.93 72.597
698.41 72.664
711.12 72.732
724.06 72.803
737.24 72.876
750.66 72.952
764.32 73.031
778.23 73.114
792.39 73.203
806.82 73.297
821.5 73.398
836.45 73.506
851.67 73.621
867.17 73.742
882.96 73.872
899.02 74.009
915.39 74.155
932.05 74.309
949.01 74.473
966.28 74.647
983.87 74.829
1001.77 75.019
1020 75.213
1038.57 75.41
1057.47 75.611
1076.71 75.815
1096.31 76.02
1116.26 76.226
1136.58 76.432
1157.26 76.638
1178.32 76.842
1199.77 77.045
1221.6 77.244
1243.84 77.44
1266.47 77.634
1289.52 77.824
1312.99 78.01
1336.89 78.193
1361.22 78.374
1385.99 78.555
1411.22 78.738
1436.9 78.92
1463.05 79.104
1489.68 79.29
1516.79 79.479
1544.4 79.674
1572.5 79.874
1601.12 80.08
1630.26 80.29
1659.93 80.506
1690.14 80.727
1720.9 80.957
1752.22 81.195
1784.11 81.44
1816.58 81.693
1849.64 81.954
1883.3 82.222
1917.58 82.497
1952.48 82.778
1988.01 83.065
2024.19 83.359
2061.03 83.658
2098.54 83.962
2136.73 84.268
2175.62 84.571
2215.22 84.867
2255.53 85.155
2296.58 85.426
2338.38 85.679
2380.94 85.905
2424.27 86.1
2468.39 86.256
2513.31 86.37
2559.05 86.439
2605.63 86.462
2653.05 86.439
2701.33 86.372
2750.5 86.265
2800.55 86.12
2851.52 85.945
2903.42 85.743
2956.26 85.521
3010.06 85.284
3064.85 85.036
3120.62 84.783
3177.42 84.525
3235.25 84.267
3294.13 84.01
3354.08 83.755
3415.12 83.507
3477.27 83.268
3540.56 83.041
3605 82.833
3670.6 82.655
3737.41 82.515
3805.43 82.421
3874.68 82.376
3945.2 82.377
4017 82.421
4090.11 82.5
4164.55 82.609
4240.34 82.746
4317.51 82.909
4396.09 83.094
4476.1 83.3
4557.56 83.521
4640.5 83.751
4724.96 83.982
4810.95 84.2
4898.51 84.393
4987.66 84.546
5078.43 84.647
5170.86 84.686
5264.97 84.656
5360.79 84.559
5458.35 84.4
5557.69 84.193
5658.84 83.949
5761.82 83.682
5866.69 83.403
5973.46 83.12
6082.17 82.841
6192.87 82.577
6305.57 82.34
6420.33 82.145
6537.18 82.009
6656.15 81.948
6777.29 81.976
6900.63 82.103
7026.22 82.329
7154.1 82.639
7284.3 83.004
7416.87 83.377
7551.85 83.699
7689.29 83.905
7829.23 83.932
7971.72 83.733
8116.8 83.286
8264.53 82.601
8414.94 81.72
8568.09 80.71
8724.02 79.646
8882.79 78.605
9044.46 77.65
9209.06 76.829
9376.66 76.178
9547.31 75.722
9721.07 75.474
9897.99 75.437
10078.13 75.6
10261.55 75.933
10448.3 76.386
10638.45 76.886
10832.07 77.344
11029.21 77.655
11229.94 77.716
11434.32 77.445
11642.41 76.802
11854.3 75.802
12070.04 74.515
12289.71 73.057
12513.38 71.57
12741.12 70.196
12973 69.054
13209.1 68.213
13449.5 67.694
13694.28 67.475
13943.51 67.508
14197.27 67.742
14455.66 68.131
14718.74 68.626
14986.62 69.167
15259.37 69.665
15537.08 70.004
15819.85 70.053
16107.76 69.689
16400.92 68.822
16699.41 67.435
17003.33 65.599
17312.78 63.474
17627.86 61.27
17948.68 59.186
18275.34 57.345
18607.94 55.772
18946.6 54.413
19291.42 53.18
19642.52 51.994
20000 50.816