20 86.617
20.36 86.598
20.73 86.58
21.11 86.561
21.5 86.543
21.89 86.524
22.29 86.504
22.69 86.485
23.1 86.465
23.52 86.444
23.95 86.423
24.39 86.401
24.83 86.378
25.28 86.355
25.74 86.33
26.21 86.305
26.69 86.278
27.18 86.251
27.67 86.222
28.17 86.192
28.69 86.161
29.21 86.129
29.74 86.095
30.28 86.059
30.83 86.022
31.39 85.983
31.97 85.943
32.55 85.901
33.14 85.856
33.74 85.81
34.36 85.763
34.98 85.713
35.62 85.661
36.27 85.608
36.93 85.552
37.6 85.495
38.28 85.436
38.98 85.376
39.69 85.313
40.41 85.249
41.15 85.183
41.9 85.115
42.66 85.046
43.44 84.975
44.23 84.902
45.03 84.828
45.85 84.752
46.68 84.674
47.53 84.595
48.4 84.514
49.28 84.432
50.18 84.348
51.09 84.262
52.02 84.174
52.97 84.084
53.93 83.993
54.91 83.9
55.91 83.805
56.93 83.708
57.97 83.609
59.02 83.508
60.09 83.405
61.19 83.3
62.3 83.193
63.44 83.084
64.59 82.973
65.77 82.86
66.96 82.744
68.18 82.627
69.42 82.508
70.69 82.386
71.97 82.262
73.28 82.136
74.62 82.008
75.97 81.877
77.36 81.745
78.76 81.612
80.2 81.477
81.66 81.342
83.14 81.205
84.66 81.067
86.2 80.929
87.77 80.79
89.36 80.651
90.99 80.511
92.65 80.372
94.33 80.231
96.05 80.09
97.8 79.949
99.58 79.807
101.39 79.665
103.23 79.523
105.11 79.381
107.03 79.238
108.97 79.095
110.96 78.952
112.98 78.808
115.03 78.665
117.13 78.521
119.26 78.379
121.43 78.237
123.64 78.097
125.89 77.959
128.18 77.822
130.51 77.686
132.89 77.55
135.31 77.415
137.77 77.28
140.28 77.145
142.83 77.01
145.43 76.874
148.07 76.74
150.77 76.606
153.51 76.472
156.31 76.34
159.15 76.21
162.05 76.081
165 75.955
168 75.831
171.06 75.71
174.17 75.592
177.34 75.477
180.57 75.366
183.86 75.258
187.2 75.154
190.61 75.052
194.08 74.954
197.61 74.857
201.21 74.762
204.87 74.669
208.6 74.577
212.39 74.487
216.26 74.398
220.19 74.31
224.2 74.225
228.28 74.142
232.44 74.061
236.67 73.983
240.97 73.908
245.36 73.836
249.82 73.767
254.37 73.701
259 73.637
263.71 73.576
268.51 73.516
273.4 73.459
278.38 73.404
283.44 73.35
288.6 73.299
293.85 73.25
299.2 73.203
304.65 73.157
310.19 73.114
315.84 73.071
321.59 73.03
327.44 72.99
333.4 72.952
339.47 72.914
345.64 72.879
351.93 72.845
358.34 72.813
364.86 72.783
371.5 72.754
378.26 72.727
385.15 72.702
392.16 72.678
399.29 72.656
406.56 72.635
413.96 72.616
421.49 72.597
429.16 72.581
436.97 72.565
444.93 72.55
453.02 72.537
461.27 72.524
469.66 72.513
478.21 72.503
486.91 72.495
495.78 72.489
504.8 72.484
513.99 72.482
523.34 72.481
532.87 72.483
542.56 72.487
552.44 72.493
562.49 72.501
572.73 72.511
583.15 72.523
593.77 72.539
604.57 72.556
615.57 72.576
626.78 72.599
638.18 72.626
649.8 72.657
661.63 72.692
673.67 72.73
685.93 72.773
698.41 72.82
711.12 72.871
724.06 72.926
737.24 72.985
750.66 73.048
764.32 73.115
778.23 73.189
792.39 73.268
806.82 73.354
821.5 73.448
836.45 73.549
851.67 73.658
867.17 73.774
882.96 73.898
899.02 74.031
915.39 74.172
932.05 74.324
949.01 74.484
966.28 74.654
983.87 74.833
1001.77 75.018
1020 75.208
1038.57 75.401
1057.47 75.597
1076.71 75.794
1096.31 75.991
1116.26 76.188
1136.58 76.384
1157.26 76.577
1178.32 76.766
1199.77 76.951
1221.6 77.131
1243.84 77.305
1266.47 77.474
1289.52 77.636
1312.99 77.793
1336.89 77.943
1361.22 78.09
1385.99 78.233
1411.22 78.374
1436.9 78.514
1463.05 78.651
1489.68 78.787
1516.79 78.923
1544.4 79.059
1572.5 79.198
1601.12 79.337
1630.26 79.476
1659.93 79.616
1690.14 79.757
1720.9 79.898
1752.22 80.039
1784.11 80.18
1816.58 80.32
1849.64 80.457
1883.3 80.59
1917.58 80.718
1952.48 80.84
1988.01 80.955
2024.19 81.063
2061.03 81.163
2098.54 81.253
2136.73 81.332
2175.62 81.399
2215.22 81.452
2255.53 81.491
2296.58 81.514
2338.38 81.523
2380.94 81.515
2424.27 81.494
2468.39 81.46
2513.31 81.414
2559.05 81.361
2605.63 81.301
2653.05 81.239
2701.33 81.176
2750.5 81.115
2800.55 81.057
2851.52 81.003
2903.42 80.955
2956.26 80.914
3010.06 80.883
3064.85 80.861
3120.62 80.849
3177.42 80.849
3235.25 80.86
3294.13 80.882
3354.08 80.912
3415.12 80.949
3477.27 80.99
3540.56 81.029
3605 81.062
3670.6 81.079
3737.41 81.071
3805.43 81.026
3874.68 80.931
3945.2 80.775
4017 80.547
4090.11 80.24
4164.55 79.855
4240.34 79.401
4317.51 78.894
4396.09 78.356
4476.1 77.812
4557.56 77.284
4640.5 76.788
4724.96 76.33
4810.95 75.908
4898.51 75.515
4987.66 75.144
5078.43 74.792
5170.86 74.458
5264.97 74.148
5360.79 73.872
5458.35 73.645
5557.69 73.483
5658.84 73.406
5761.82 73.431
5866.69 73.574
5973.46 73.844
6082.17 74.236
6192.87 74.729
6305.57 75.275
6420.33 75.802
6537.18 76.22
6656.15 76.432
6777.29 76.359
6900.63 75.961
7026.22 75.248
7154.1 74.284
7284.3 73.174
7416.87 72.04
7551.85 70.995
7689.29 70.13
7829.23 69.5
7971.72 69.121
8116.8 68.979
8264.53 69.032
8414.94 69.219
8568.09 69.464
8724.02 69.685
8882.79 69.798
9044.46 69.73
9209.06 69.427
9376.66 68.871
9547.31 68.084
9721.07 67.127
9897.99 66.088
10078.13 65.059
10261.55 64.126
10448.3 63.354
10638.45 62.784
10832.07 62.438
11029.21 62.318
11229.94 62.414
11434.32 62.704
11642.41 63.153
11854.3 63.72
12070.04 64.353
12289.71 65
12513.38 65.616
12741.12 66.168
12973 66.637
13209.1 67.014
13449.5 67.288
13694.28 67.44
13943.51 67.434
14197.27 67.23
14455.66 66.796
14718.74 66.124
14986.62 65.233
15259.37 64.157
15537.08 62.947
15819.85 61.664
16107.76 60.397
16400.92 59.256
16699.41 58.356
17003.33 57.78
17312.78 57.543
17627.86 57.559
17948.68 57.672
18275.34 57.707
18607.94 57.519
18946.6 57.03
19291.42 56.251
19642.52 55.273
20000 54.221