20 84.631
20.36 84.689
20.73 84.747
21.11 84.805
21.5 84.862
21.89 84.919
22.29 84.975
22.69 85.03
23.1 85.085
23.52 85.138
23.95 85.191
24.39 85.242
24.83 85.291
25.28 85.34
25.74 85.387
26.21 85.432
26.69 85.475
27.18 85.515
27.67 85.554
28.17 85.591
28.69 85.625
29.21 85.657
29.74 85.686
30.28 85.712
30.83 85.736
31.39 85.755
31.97 85.773
32.55 85.787
33.14 85.797
33.74 85.804
34.36 85.807
34.98 85.808
35.62 85.804
36.27 85.799
36.93 85.791
37.6 85.78
38.28 85.766
38.98 85.751
39.69 85.732
40.41 85.711
41.15 85.69
41.9 85.665
42.66 85.639
43.44 85.612
44.23 85.583
45.03 85.553
45.85 85.522
46.68 85.49
47.53 85.456
48.4 85.421
49.28 85.386
50.18 85.349
51.09 85.311
52.02 85.272
52.97 85.232
53.93 85.191
54.91 85.148
55.91 85.104
56.93 85.059
57.97 85.013
59.02 84.965
60.09 84.916
61.19 84.866
62.3 84.814
63.44 84.762
64.59 84.708
65.77 84.654
66.96 84.597
68.18 84.541
69.42 84.483
70.69 84.424
71.97 84.364
73.28 84.304
74.62 84.242
75.97 84.18
77.36 84.117
78.76 84.052
80.2 83.987
81.66 83.92
83.14 83.852
84.66 83.783
86.2 83.713
87.77 83.641
89.36 83.568
90.99 83.494
92.65 83.418
94.33 83.342
96.05 83.263
97.8 83.183
99.58 83.102
101.39 83.02
103.23 82.937
105.11 82.853
107.03 82.769
108.97 82.685
110.96 82.601
112.98 82.517
115.03 82.433
117.13 82.349
119.26 82.264
121.43 82.178
123.64 82.092
125.89 82.003
128.18 81.913
130.51 81.822
132.89 81.73
135.31 81.636
137.77 81.541
140.28 81.446
142.83 81.348
145.43 81.25
148.07 81.152
150.77 81.053
153.51 80.955
156.31 80.856
159.15 80.757
162.05 80.66
165 80.563
168 80.466
171.06 80.369
174.17 80.272
177.34 80.174
180.57 80.076
183.86 79.976
187.2 79.876
190.61 79.775
194.08 79.673
197.61 79.571
201.21 79.467
204.87 79.363
208.6 79.26
212.39 79.155
216.26 79.051
220.19 78.947
224.2 78.844
228.28 78.741
232.44 78.639
236.67 78.537
240.97 78.435
245.36 78.332
249.82 78.229
254.37 78.128
259 78.026
263.71 77.925
268.51 77.824
273.4 77.724
278.38 77.625
283.44 77.527
288.6 77.43
293.85 77.334
299.2 77.239
304.65 77.146
310.19 77.053
315.84 76.96
321.59 76.868
327.44 76.777
333.4 76.686
339.47 76.596
345.64 76.506
351.93 76.415
358.34 76.324
364.86 76.234
371.5 76.144
378.26 76.055
385.15 75.968
392.16 75.882
399.29 75.798
406.56 75.716
413.96 75.635
421.49 75.555
429.16 75.476
436.97 75.399
444.93 75.322
453.02 75.246
461.27 75.171
469.66 75.098
478.21 75.027
486.91 74.958
495.78 74.891
504.8 74.826
513.99 74.763
523.34 74.703
532.87 74.644
542.56 74.587
552.44 74.533
562.49 74.48
572.73 74.43
583.15 74.382
593.77 74.336
604.57 74.293
615.57 74.252
626.78 74.216
638.18 74.182
649.8 74.152
661.63 74.126
673.67 74.103
685.93 74.085
698.41 74.071
711.12 74.061
724.06 74.055
737.24 74.054
750.66 74.059
764.32 74.07
778.23 74.086
792.39 74.108
806.82 74.138
821.5 74.174
836.45 74.218
851.67 74.268
867.17 74.326
882.96 74.391
899.02 74.463
915.39 74.539
932.05 74.62
949.01 74.706
966.28 74.799
983.87 74.901
1001.77 75.011
1020 75.128
1038.57 75.25
1057.47 75.375
1076.71 75.503
1096.31 75.635
1116.26 75.775
1136.58 75.923
1157.26 76.079
1178.32 76.244
1199.77 76.415
1221.6 76.592
1243.84 76.772
1266.47 76.954
1289.52 77.141
1312.99 77.332
1336.89 77.528
1361.22 77.727
1385.99 77.928
1411.22 78.13
1436.9 78.334
1463.05 78.541
1489.68 78.752
1516.79 78.968
1544.4 79.192
1572.5 79.428
1601.12 79.677
1630.26 79.939
1659.93 80.214
1690.14 80.5
1720.9 80.799
1752.22 81.11
1784.11 81.434
1816.58 81.77
1849.64 82.117
1883.3 82.475
1917.58 82.843
1952.48 83.223
1988.01 83.611
2024.19 84.003
2061.03 84.396
2098.54 84.782
2136.73 85.155
2175.62 85.506
2215.22 85.825
2255.53 86.103
2296.58 86.331
2338.38 86.5
2380.94 86.605
2424.27 86.642
2468.39 86.61
2513.31 86.515
2559.05 86.364
2605.63 86.167
2653.05 85.934
2701.33 85.678
2750.5 85.409
2800.55 85.137
2851.52 84.871
2903.42 84.62
2956.26 84.389
3010.06 84.181
3064.85 83.999
3120.62 83.847
3177.42 83.729
3235.25 83.646
3294.13 83.601
3354.08 83.597
3415.12 83.632
3477.27 83.707
3540.56 83.815
3605 83.947
3670.6 84.087
3737.41 84.216
3805.43 84.306
3874.68 84.332
3945.2 84.265
4017 84.082
4090.11 83.766
4164.55 83.311
4240.34 82.726
4317.51 82.024
4396.09 81.231
4476.1 80.373
4557.56 79.477
4640.5 78.569
4724.96 77.673
4810.95 76.806
4898.51 75.979
4987.66 75.201
5078.43 74.475
5170.86 73.807
5264.97 73.199
5360.79 72.65
5458.35 72.157
5557.69 71.719
5658.84 71.333
5761.82 71.001
5866.69 70.726
5973.46 70.509
6082.17 70.357
6192.87 70.275
6305.57 70.27
6420.33 70.352
6537.18 70.534
6656.15 70.834
6777.29 71.277
6900.63 71.887
7026.22 72.691
7154.1 73.712
7284.3 74.95
7416.87 76.379
7551.85 77.925
7689.29 79.466
7829.23 80.836
7971.72 81.852
8116.8 82.353
8264.53 82.237
8414.94 81.493
8568.09 80.194
8724.02 78.463
8882.79 76.431
9044.46 74.203
9209.06 71.846
9376.66 69.385
9547.31 66.828
9721.07 64.176
9897.99 61.45
10078.13 58.705
10261.55 56.04
10448.3 53.607
10638.45 51.602
10832.07 50.213
11029.21 49.553
11229.94 49.601
11434.32 50.243
11642.41 51.355
11854.3 52.874
12070.04 54.802
12289.71 57.159
12513.38 59.935
12741.12 63.048
12973 66.337
13209.1 69.569
13449.5 72.453
13694.28 74.67
13943.51 75.961
14197.27 76.208
14455.66 75.481
14718.74 74.012
14986.62 72.141
15259.37 70.219
15537.08 68.516
15819.85 67.157
16107.76 66.135
16400.92 65.367
16699.41 64.786
17003.33 64.386
17312.78 64.204
17627.86 64.251
17948.68 64.456
18275.34 64.667
18607.94 64.726
18946.6 64.539
19291.42 64.121
19642.52 63.579
20000 63.03