20 81.59
20.36 81.605
20.73 81.621
21.11 81.637
21.5 81.653
21.89 81.668
22.29 81.684
22.69 81.699
23.1 81.714
23.52 81.728
23.95 81.742
24.39 81.755
24.83 81.767
25.28 81.779
25.74 81.791
26.21 81.802
26.69 81.811
27.18 81.821
27.67 81.828
28.17 81.836
28.69 81.841
29.21 81.846
29.74 81.851
30.28 81.853
30.83 81.855
31.39 81.854
31.97 81.854
32.55 81.851
33.14 81.847
33.74 81.842
34.36 81.835
34.98 81.827
35.62 81.816
36.27 81.806
36.93 81.793
37.6 81.78
38.28 81.765
38.98 81.749
39.69 81.731
40.41 81.713
41.15 81.693
41.9 81.672
42.66 81.651
43.44 81.627
44.23 81.603
45.03 81.579
45.85 81.552
46.68 81.525
47.53 81.498
48.4 81.468
49.28 81.438
50.18 81.408
51.09 81.376
52.02 81.343
52.97 81.309
53.93 81.274
54.91 81.238
55.91 81.201
56.93 81.164
57.97 81.124
59.02 81.084
60.09 81.043
61.19 81.001
62.3 80.958
63.44 80.914
64.59 80.869
65.77 80.822
66.96 80.774
68.18 80.725
69.42 80.675
70.69 80.623
71.97 80.571
73.28 80.517
74.62 80.462
75.97 80.406
77.36 80.348
78.76 80.29
80.2 80.231
81.66 80.171
83.14 80.11
84.66 80.049
86.2 79.986
87.77 79.924
89.36 79.86
90.99 79.797
92.65 79.733
94.33 79.667
96.05 79.601
97.8 79.534
99.58 79.466
101.39 79.397
103.23 79.328
105.11 79.258
107.03 79.187
108.97 79.115
110.96 79.043
112.98 78.97
115.03 78.897
117.13 78.824
119.26 78.75
121.43 78.677
123.64 78.604
125.89 78.531
128.18 78.459
130.51 78.387
132.89 78.314
135.31 78.241
137.77 78.168
140.28 78.093
142.83 78.018
145.43 77.942
148.07 77.865
150.77 77.787
153.51 77.708
156.31 77.629
159.15 77.549
162.05 77.469
165 77.388
168 77.308
171.06 77.228
174.17 77.149
177.34 77.071
180.57 76.994
183.86 76.918
187.2 76.843
190.61 76.769
194.08 76.696
197.61 76.624
201.21 76.552
204.87 76.48
208.6 76.408
212.39 76.336
216.26 76.263
220.19 76.19
224.2 76.118
228.28 76.046
232.44 75.974
236.67 75.905
240.97 75.836
245.36 75.768
249.82 75.702
254.37 75.637
259 75.572
263.71 75.509
268.51 75.446
273.4 75.384
278.38 75.322
283.44 75.261
288.6 75.201
293.85 75.141
299.2 75.082
304.65 75.024
310.19 74.966
315.84 74.909
321.59 74.852
327.44 74.796
333.4 74.74
339.47 74.686
345.64 74.632
351.93 74.581
358.34 74.531
364.86 74.483
371.5 74.437
378.26 74.391
385.15 74.348
392.16 74.304
399.29 74.263
406.56 74.222
413.96 74.182
421.49 74.143
429.16 74.106
436.97 74.07
444.93 74.035
453.02 74.001
461.27 73.967
469.66 73.935
478.21 73.905
486.91 73.875
495.78 73.846
504.8 73.819
513.99 73.793
523.34 73.768
532.87 73.746
542.56 73.724
552.44 73.705
562.49 73.687
572.73 73.671
583.15 73.657
593.77 73.645
604.57 73.634
615.57 73.625
626.78 73.618
638.18 73.613
649.8 73.61
661.63 73.609
673.67 73.612
685.93 73.617
698.41 73.625
711.12 73.636
724.06 73.651
737.24 73.67
750.66 73.692
764.32 73.719
778.23 73.752
792.39 73.791
806.82 73.836
821.5 73.888
836.45 73.947
851.67 74.015
867.17 74.09
882.96 74.172
899.02 74.264
915.39 74.364
932.05 74.474
949.01 74.594
966.28 74.725
983.87 74.865
1001.77 75.015
1020 75.172
1038.57 75.336
1057.47 75.506
1076.71 75.68
1096.31 75.858
1116.26 76.039
1136.58 76.222
1157.26 76.406
1178.32 76.591
1199.77 76.775
1221.6 76.959
1243.84 77.141
1266.47 77.321
1289.52 77.501
1312.99 77.677
1336.89 77.853
1361.22 78.03
1385.99 78.21
1411.22 78.392
1436.9 78.578
1463.05 78.768
1489.68 78.96
1516.79 79.157
1544.4 79.359
1572.5 79.565
1601.12 79.774
1630.26 79.984
1659.93 80.192
1690.14 80.401
1720.9 80.608
1752.22 80.811
1784.11 81.008
1816.58 81.199
1849.64 81.381
1883.3 81.553
1917.58 81.714
1952.48 81.864
1988.01 82.004
2024.19 82.134
2061.03 82.258
2098.54 82.375
2136.73 82.488
2175.62 82.598
2215.22 82.705
2255.53 82.81
2296.58 82.916
2338.38 83.019
2380.94 83.12
2424.27 83.216
2468.39 83.303
2513.31 83.375
2559.05 83.429
2605.63 83.46
2653.05 83.466
2701.33 83.447
2750.5 83.405
2800.55 83.342
2851.52 83.263
2903.42 83.173
2956.26 83.075
3010.06 82.972
3064.85 82.869
3120.62 82.767
3177.42 82.667
3235.25 82.569
3294.13 82.47
3354.08 82.367
3415.12 82.255
3477.27 82.134
3540.56 81.999
3605 81.857
3670.6 81.711
3737.41 81.571
3805.43 81.446
3874.68 81.343
3945.2 81.27
4017 81.231
4090.11 81.23
4164.55 81.269
4240.34 81.35
4317.51 81.472
4396.09 81.634
4476.1 81.831
4557.56 82.052
4640.5 82.282
4724.96 82.505
4810.95 82.701
4898.51 82.853
4987.66 82.949
5078.43 82.978
5170.86 82.937
5264.97 82.826
5360.79 82.642
5458.35 82.39
5557.69 82.076
5658.84 81.706
5761.82 81.295
5866.69 80.861
5973.46 80.426
6082.17 80.016
6192.87 79.656
6305.57 79.367
6420.33 79.169
6537.18 79.072
6656.15 79.088
6777.29 79.225
6900.63 79.489
7026.22 79.882
7154.1 80.395
7284.3 81.005
7416.87 81.669
7551.85 82.332
7689.29 82.924
7829.23 83.376
7971.72 83.635
8116.8 83.673
8264.53 83.495
8414.94 83.135
8568.09 82.638
8724.02 82.055
8882.79 81.434
9044.46 80.813
9209.06 80.229
9376.66 79.716
9547.31 79.294
9721.07 78.958
9897.99 78.673
10078.13 78.389
10261.55 78.056
10448.3 77.646
10638.45 77.16
10832.07 76.617
11029.21 76.046
11229.94 75.469
11434.32 74.903
11642.41 74.359
11854.3 73.843
12070.04 73.36
12289.71 72.911
12513.38 72.503
12741.12 72.153
12973 71.889
13209.1 71.751
13449.5 71.775
13694.28 71.979
13943.51 72.343
14197.27 72.795
14455.66 73.216
14718.74 73.457
14986.62 73.363
15259.37 72.815
15537.08 71.751
15819.85 70.193
16107.76 68.243
16400.92 66.068
16699.41 63.862
17003.33 61.798
17312.78 59.969
17627.86 58.349
17948.68 56.792
18275.34 55.108
18607.94 53.148
18946.6 50.861
19291.42 48.301
19642.52 45.582
20000 42.815