20 87.559
20.36 87.55
20.73 87.54
21.11 87.53
21.5 87.521
21.89 87.51
22.29 87.5
22.69 87.488
23.1 87.478
23.52 87.465
23.95 87.453
24.39 87.439
24.83 87.424
25.28 87.409
25.74 87.393
26.21 87.376
26.69 87.357
27.18 87.338
27.67 87.316
28.17 87.294
28.69 87.27
29.21 87.245
29.74 87.218
30.28 87.189
30.83 87.158
31.39 87.126
31.97 87.092
32.55 87.055
33.14 87.017
33.74 86.976
34.36 86.933
34.98 86.889
35.62 86.842
36.27 86.793
36.93 86.743
37.6 86.689
38.28 86.635
38.98 86.579
39.69 86.52
40.41 86.461
41.15 86.4
41.9 86.337
42.66 86.272
43.44 86.207
44.23 86.139
45.03 86.07
45.85 86.001
46.68 85.929
47.53 85.857
48.4 85.783
49.28 85.708
50.18 85.632
51.09 85.556
52.02 85.478
52.97 85.399
53.93 85.32
54.91 85.239
55.91 85.158
56.93 85.077
57.97 84.995
59.02 84.912
60.09 84.828
61.19 84.745
62.3 84.659
63.44 84.573
64.59 84.487
65.77 84.399
66.96 84.309
68.18 84.218
69.42 84.125
70.69 84.03
71.97 83.934
73.28 83.835
74.62 83.734
75.97 83.631
77.36 83.526
78.76 83.419
80.2 83.312
81.66 83.203
83.14 83.092
84.66 82.981
86.2 82.87
87.77 82.759
89.36 82.646
90.99 82.533
92.65 82.42
94.33 82.305
96.05 82.19
97.8 82.075
99.58 81.959
101.39 81.842
103.23 81.725
105.11 81.607
107.03 81.487
108.97 81.367
110.96 81.247
112.98 81.124
115.03 81.001
117.13 80.878
119.26 80.752
121.43 80.627
123.64 80.5
125.89 80.374
128.18 80.247
130.51 80.119
132.89 79.992
135.31 79.865
137.77 79.738
140.28 79.611
142.83 79.485
145.43 79.358
148.07 79.234
150.77 79.109
153.51 78.986
156.31 78.863
159.15 78.743
162.05 78.625
165 78.508
168 78.393
171.06 78.28
174.17 78.169
177.34 78.058
180.57 77.949
183.86 77.84
187.2 77.733
190.61 77.626
194.08 77.52
197.61 77.414
201.21 77.31
204.87 77.208
208.6 77.107
212.39 77.009
216.26 76.913
220.19 76.818
224.2 76.726
228.28 76.635
232.44 76.545
236.67 76.457
240.97 76.37
245.36 76.284
249.82 76.2
254.37 76.117
259 76.036
263.71 75.957
268.51 75.881
273.4 75.805
278.38 75.732
283.44 75.661
288.6 75.592
293.85 75.523
299.2 75.457
304.65 75.392
310.19 75.33
315.84 75.27
321.59 75.214
327.44 75.16
333.4 75.107
339.47 75.058
345.64 75.009
351.93 74.964
358.34 74.921
364.86 74.88
371.5 74.842
378.26 74.808
385.15 74.776
392.16 74.749
399.29 74.726
406.56 74.706
413.96 74.691
421.49 74.68
429.16 74.672
436.97 74.67
444.93 74.669
453.02 74.672
461.27 74.677
469.66 74.685
478.21 74.694
486.91 74.705
495.78 74.717
504.8 74.73
513.99 74.745
523.34 74.761
532.87 74.778
542.56 74.795
552.44 74.812
562.49 74.828
572.73 74.844
583.15 74.859
593.77 74.872
604.57 74.882
615.57 74.89
626.78 74.894
638.18 74.896
649.8 74.893
661.63 74.888
673.67 74.879
685.93 74.866
698.41 74.85
711.12 74.832
724.06 74.81
737.24 74.788
750.66 74.765
764.32 74.742
778.23 74.72
792.39 74.7
806.82 74.683
821.5 74.67
836.45 74.662
851.67 74.661
867.17 74.665
882.96 74.679
899.02 74.7
915.39 74.73
932.05 74.77
949.01 74.817
966.28 74.873
983.87 74.937
1001.77 75.007
1020 75.084
1038.57 75.167
1057.47 75.255
1076.71 75.346
1096.31 75.442
1116.26 75.539
1136.58 75.64
1157.26 75.742
1178.32 75.845
1199.77 75.95
1221.6 76.056
1243.84 76.163
1266.47 76.271
1289.52 76.38
1312.99 76.491
1336.89 76.603
1361.22 76.716
1385.99 76.83
1411.22 76.944
1436.9 77.057
1463.05 77.17
1489.68 77.283
1516.79 77.397
1544.4 77.514
1572.5 77.634
1601.12 77.76
1630.26 77.892
1659.93 78.03
1690.14 78.173
1720.9 78.323
1752.22 78.476
1784.11 78.633
1816.58 78.797
1849.64 78.965
1883.3 79.138
1917.58 79.315
1952.48 79.497
1988.01 79.685
2024.19 79.877
2061.03 80.073
2098.54 80.272
2136.73 80.472
2175.62 80.672
2215.22 80.869
2255.53 81.062
2296.58 81.252
2338.38 81.435
2380.94 81.613
2424.27 81.781
2468.39 81.938
2513.31 82.083
2559.05 82.213
2605.63 82.326
2653.05 82.42
2701.33 82.496
2750.5 82.549
2800.55 82.581
2851.52 82.591
2903.42 82.579
2956.26 82.546
3010.06 82.492
3064.85 82.421
3120.62 82.332
3177.42 82.231
3235.25 82.119
3294.13 81.998
3354.08 81.87
3415.12 81.736
3477.27 81.597
3540.56 81.451
3605 81.3
3670.6 81.144
3737.41 80.988
3805.43 80.834
3874.68 80.687
3945.2 80.553
4017 80.438
4090.11 80.348
4164.55 80.285
4240.34 80.248
4317.51 80.23
4396.09 80.216
4476.1 80.183
4557.56 80.108
4640.5 79.969
4724.96 79.746
4810.95 79.433
4898.51 79.035
4987.66 78.569
5078.43 78.06
5170.86 77.538
5264.97 77.03
5360.79 76.559
5458.35 76.141
5557.69 75.782
5658.84 75.485
5761.82 75.243
5866.69 75.05
5973.46 74.901
6082.17 74.788
6192.87 74.71
6305.57 74.665
6420.33 74.651
6537.18 74.673
6656.15 74.729
6777.29 74.824
6900.63 74.957
7026.22 75.126
7154.1 75.324
7284.3 75.536
7416.87 75.742
7551.85 75.914
7689.29 76.026
7829.23 76.053
7971.72 75.983
8116.8 75.816
8264.53 75.565
8414.94 75.252
8568.09 74.906
8724.02 74.549
8882.79 74.196
9044.46 73.852
9209.06 73.511
9376.66 73.161
9547.31 72.785
9721.07 72.369
9897.99 71.914
10078.13 71.43
10261.55 70.952
10448.3 70.532
10638.45 70.233
10832.07 70.124
11029.21 70.251
11229.94 70.62
11434.32 71.175
11642.41 71.798
11854.3 72.326
12070.04 72.597
12289.71 72.502
12513.38 72.015
12741.12 71.195
12973 70.156
13209.1 69.033
13449.5 67.949
13694.28 66.997
13943.51 66.231
14197.27 65.668
14455.66 65.3
14718.74 65.101
14986.62 65.029
15259.37 65.031
15537.08 65.049
15819.85 65.019
16107.76 64.879
16400.92 64.564
16699.41 64.012
17003.33 63.169
17312.78 61.976
17627.86 60.374
17948.68 58.302
18275.34 55.716
18607.94 52.605
18946.6 49.023
19291.42 45.089
19642.52 40.959
20000 36.767