20 83.021
20.36 83.035
20.73 83.049
21.11 83.063
21.5 83.077
21.89 83.091
22.29 83.104
22.69 83.117
23.1 83.129
23.52 83.142
23.95 83.153
24.39 83.165
24.83 83.175
25.28 83.185
25.74 83.194
26.21 83.203
26.69 83.21
27.18 83.217
27.67 83.223
28.17 83.228
28.69 83.232
29.21 83.234
29.74 83.236
30.28 83.236
30.83 83.236
31.39 83.233
31.97 83.23
32.55 83.225
33.14 83.218
33.74 83.21
34.36 83.201
34.98 83.19
35.62 83.178
36.27 83.164
36.93 83.149
37.6 83.132
38.28 83.114
38.98 83.095
39.69 83.074
40.41 83.052
41.15 83.028
41.9 83.003
42.66 82.977
43.44 82.95
44.23 82.922
45.03 82.892
45.85 82.86
46.68 82.828
47.53 82.795
48.4 82.76
49.28 82.724
50.18 82.687
51.09 82.649
52.02 82.609
52.97 82.568
53.93 82.527
54.91 82.484
55.91 82.44
56.93 82.394
57.97 82.348
59.02 82.3
60.09 82.252
61.19 82.202
62.3 82.151
63.44 82.1
64.59 82.047
65.77 81.993
66.96 81.938
68.18 81.883
69.42 81.826
70.69 81.768
71.97 81.71
73.28 81.65
74.62 81.59
75.97 81.528
77.36 81.466
78.76 81.403
80.2 81.338
81.66 81.272
83.14 81.206
84.66 81.138
86.2 81.069
87.77 80.999
89.36 80.928
90.99 80.856
92.65 80.783
94.33 80.708
96.05 80.632
97.8 80.555
99.58 80.477
101.39 80.398
103.23 80.318
105.11 80.238
107.03 80.158
108.97 80.078
110.96 79.998
112.98 79.918
115.03 79.839
117.13 79.759
119.26 79.679
121.43 79.597
123.64 79.515
125.89 79.431
128.18 79.346
130.51 79.261
132.89 79.174
135.31 79.086
137.77 78.997
140.28 78.908
142.83 78.819
145.43 78.729
148.07 78.639
150.77 78.55
153.51 78.46
156.31 78.371
159.15 78.282
162.05 78.195
165 78.109
168 78.022
171.06 77.937
174.17 77.851
177.34 77.766
180.57 77.68
183.86 77.594
187.2 77.507
190.61 77.42
194.08 77.332
197.61 77.244
201.21 77.156
204.87 77.068
208.6 76.981
212.39 76.894
216.26 76.807
220.19 76.72
224.2 76.635
228.28 76.551
232.44 76.467
236.67 76.384
240.97 76.301
245.36 76.219
249.82 76.137
254.37 76.056
259 75.976
263.71 75.898
268.51 75.819
273.4 75.742
278.38 75.666
283.44 75.591
288.6 75.518
293.85 75.445
299.2 75.374
304.65 75.305
310.19 75.236
315.84 75.169
321.59 75.102
327.44 75.036
333.4 74.971
339.47 74.907
345.64 74.844
351.93 74.781
358.34 74.718
364.86 74.656
371.5 74.595
378.26 74.536
385.15 74.478
392.16 74.422
399.29 74.367
406.56 74.315
413.96 74.264
421.49 74.215
429.16 74.167
436.97 74.12
444.93 74.074
453.02 74.03
461.27 73.987
469.66 73.946
478.21 73.907
486.91 73.87
495.78 73.836
504.8 73.803
513.99 73.771
523.34 73.742
532.87 73.715
542.56 73.69
552.44 73.667
562.49 73.645
572.73 73.626
583.15 73.609
593.77 73.595
604.57 73.582
615.57 73.573
626.78 73.567
638.18 73.564
649.8 73.564
661.63 73.567
673.67 73.575
685.93 73.586
698.41 73.601
711.12 73.62
724.06 73.644
737.24 73.673
750.66 73.706
764.32 73.743
778.23 73.785
792.39 73.832
806.82 73.883
821.5 73.94
836.45 74.002
851.67 74.071
867.17 74.146
882.96 74.231
899.02 74.323
915.39 74.422
932.05 74.53
949.01 74.643
966.28 74.762
983.87 74.885
1001.77 75.013
1020 75.143
1038.57 75.277
1057.47 75.414
1076.71 75.553
1096.31 75.694
1116.26 75.837
1136.58 75.981
1157.26 76.124
1178.32 76.268
1199.77 76.411
1221.6 76.553
1243.84 76.695
1266.47 76.836
1289.52 76.978
1312.99 77.12
1336.89 77.261
1361.22 77.402
1385.99 77.539
1411.22 77.674
1436.9 77.805
1463.05 77.933
1489.68 78.057
1516.79 78.18
1544.4 78.302
1572.5 78.424
1601.12 78.548
1630.26 78.673
1659.93 78.799
1690.14 78.923
1720.9 79.047
1752.22 79.168
1784.11 79.288
1816.58 79.403
1849.64 79.516
1883.3 79.623
1917.58 79.727
1952.48 79.827
1988.01 79.922
2024.19 80.014
2061.03 80.102
2098.54 80.187
2136.73 80.269
2175.62 80.348
2215.22 80.426
2255.53 80.503
2296.58 80.579
2338.38 80.655
2380.94 80.731
2424.27 80.804
2468.39 80.875
2513.31 80.942
2559.05 81.002
2605.63 81.055
2653.05 81.099
2701.33 81.132
2750.5 81.154
2800.55 81.164
2851.52 81.162
2903.42 81.15
2956.26 81.126
3010.06 81.094
3064.85 81.052
3120.62 81.004
3177.42 80.949
3235.25 80.888
3294.13 80.823
3354.08 80.755
3415.12 80.686
3477.27 80.617
3540.56 80.552
3605 80.49
3670.6 80.433
3737.41 80.379
3805.43 80.325
3874.68 80.265
3945.2 80.196
4017 80.111
4090.11 80.006
4164.55 79.877
4240.34 79.722
4317.51 79.544
4396.09 79.344
4476.1 79.126
4557.56 78.898
4640.5 78.664
4724.96 78.431
4810.95 78.201
4898.51 77.977
4987.66 77.762
5078.43 77.557
5170.86 77.366
5264.97 77.193
5360.79 77.04
5458.35 76.907
5557.69 76.79
5658.84 76.683
5761.82 76.577
5866.69 76.464
5973.46 76.341
6082.17 76.212
6192.87 76.089
6305.57 75.995
6420.33 75.962
6537.18 76.022
6656.15 76.208
6777.29 76.546
6900.63 77.05
7026.22 77.709
7154.1 78.485
7284.3 79.31
7416.87 80.095
7551.85 80.741
7689.29 81.163
7829.23 81.306
7971.72 81.164
8116.8 80.774
8264.53 80.207
8414.94 79.544
8568.09 78.862
8724.02 78.212
8882.79 77.625
9044.46 77.11
9209.06 76.666
9376.66 76.281
9547.31 75.932
9721.07 75.59
9897.99 75.225
10078.13 74.818
10261.55 74.373
10448.3 73.912
10638.45 73.466
10832.07 73.058
11029.21 72.7
11229.94 72.399
11434.32 72.165
11642.41 72.016
11854.3 71.968
12070.04 72.032
12289.71 72.209
12513.38 72.492
12741.12 72.875
12973 73.357
13209.1 73.94
13449.5 74.631
13694.28 75.438
13943.51 76.357
14197.27 77.361
14455.66 78.387
14718.74 79.325
14986.62 80.031
15259.37 80.351
15537.08 80.165
15819.85 79.423
16107.76 78.163
16400.92 76.506
16699.41 74.62
17003.33 72.675
17312.78 70.806
17627.86 69.1
17948.68 67.604
18275.34 66.333
18607.94 65.264
18946.6 64.335
19291.42 63.472
19642.52 62.626
20000 61.781