20 87.863
20.36 87.85
20.73 87.836
21.11 87.821
21.5 87.807
21.89 87.792
22.29 87.778
22.69 87.763
23.1 87.748
23.52 87.733
23.95 87.717
24.39 87.7
24.83 87.684
25.28 87.668
25.74 87.65
26.21 87.632
26.69 87.614
27.18 87.595
27.67 87.575
28.17 87.554
28.69 87.534
29.21 87.512
29.74 87.49
30.28 87.467
30.83 87.442
31.39 87.417
31.97 87.391
32.55 87.364
33.14 87.336
33.74 87.308
34.36 87.278
34.98 87.248
35.62 87.216
36.27 87.182
36.93 87.149
37.6 87.114
38.28 87.079
38.98 87.042
39.69 87.005
40.41 86.966
41.15 86.927
41.9 86.887
42.66 86.846
43.44 86.804
44.23 86.761
45.03 86.717
45.85 86.673
46.68 86.627
47.53 86.581
48.4 86.534
49.28 86.486
50.18 86.437
51.09 86.387
52.02 86.336
52.97 86.284
53.93 86.23
54.91 86.176
55.91 86.121
56.93 86.065
57.97 86.007
59.02 85.948
60.09 85.888
61.19 85.827
62.3 85.764
63.44 85.7
64.59 85.635
65.77 85.569
66.96 85.501
68.18 85.432
69.42 85.362
70.69 85.289
71.97 85.216
73.28 85.142
74.62 85.065
75.97 84.989
77.36 84.91
78.76 84.83
80.2 84.75
81.66 84.669
83.14 84.587
84.66 84.505
86.2 84.422
87.77 84.337
89.36 84.253
90.99 84.169
92.65 84.082
94.33 83.996
96.05 83.909
97.8 83.821
99.58 83.732
101.39 83.643
103.23 83.553
105.11 83.461
107.03 83.369
108.97 83.277
110.96 83.183
112.98 83.088
115.03 82.992
117.13 82.896
119.26 82.799
121.43 82.702
123.64 82.605
125.89 82.507
128.18 82.41
130.51 82.312
132.89 82.213
135.31 82.113
137.77 82.012
140.28 81.909
142.83 81.805
145.43 81.699
148.07 81.592
150.77 81.483
153.51 81.374
156.31 81.264
159.15 81.153
162.05 81.042
165 80.931
168 80.82
171.06 80.71
174.17 80.601
177.34 80.493
180.57 80.386
183.86 80.28
187.2 80.175
190.61 80.07
194.08 79.966
197.61 79.862
201.21 79.758
204.87 79.651
208.6 79.544
212.39 79.436
216.26 79.328
220.19 79.217
224.2 79.106
228.28 78.995
232.44 78.886
236.67 78.776
240.97 78.668
245.36 78.561
249.82 78.455
254.37 78.351
259 78.246
263.71 78.143
268.51 78.039
273.4 77.935
278.38 77.831
283.44 77.729
288.6 77.626
293.85 77.524
299.2 77.423
304.65 77.322
310.19 77.222
315.84 77.122
321.59 77.021
327.44 76.921
333.4 76.82
339.47 76.721
345.64 76.623
351.93 76.525
358.34 76.431
364.86 76.339
371.5 76.248
378.26 76.16
385.15 76.075
392.16 75.991
399.29 75.911
406.56 75.832
413.96 75.757
421.49 75.684
429.16 75.613
436.97 75.545
444.93 75.478
453.02 75.412
461.27 75.348
469.66 75.282
478.21 75.218
486.91 75.153
495.78 75.09
504.8 75.026
513.99 74.965
523.34 74.903
532.87 74.845
542.56 74.788
552.44 74.733
562.49 74.68
572.73 74.629
583.15 74.581
593.77 74.537
604.57 74.493
615.57 74.453
626.78 74.416
638.18 74.382
649.8 74.351
661.63 74.324
673.67 74.299
685.93 74.278
698.41 74.261
711.12 74.247
724.06 74.237
737.24 74.231
750.66 74.23
764.32 74.233
778.23 74.241
792.39 74.253
806.82 74.271
821.5 74.294
836.45 74.323
851.67 74.359
867.17 74.401
882.96 74.451
899.02 74.508
915.39 74.573
932.05 74.645
949.01 74.726
966.28 74.813
983.87 74.909
1001.77 75.01
1020 75.114
1038.57 75.224
1057.47 75.336
1076.71 75.451
1096.31 75.568
1116.26 75.688
1136.58 75.809
1157.26 75.929
1178.32 76.05
1199.77 76.171
1221.6 76.291
1243.84 76.411
1266.47 76.529
1289.52 76.646
1312.99 76.762
1336.89 76.876
1361.22 76.99
1385.99 77.104
1411.22 77.219
1436.9 77.333
1463.05 77.45
1489.68 77.566
1516.79 77.686
1544.4 77.808
1572.5 77.934
1601.12 78.064
1630.26 78.196
1659.93 78.332
1690.14 78.472
1720.9 78.617
1752.22 78.767
1784.11 78.921
1816.58 79.079
1849.64 79.242
1883.3 79.41
1917.58 79.581
1952.48 79.756
1988.01 79.935
2024.19 80.117
2061.03 80.303
2098.54 80.491
2136.73 80.681
2175.62 80.87
2215.22 81.057
2255.53 81.239
2296.58 81.418
2338.38 81.59
2380.94 81.755
2424.27 81.91
2468.39 82.053
2513.31 82.183
2559.05 82.297
2605.63 82.395
2653.05 82.476
2701.33 82.536
2750.5 82.576
2800.55 82.595
2851.52 82.592
2903.42 82.568
2956.26 82.522
3010.06 82.458
3064.85 82.375
3120.62 82.279
3177.42 82.17
3235.25 82.053
3294.13 81.932
3354.08 81.808
3415.12 81.683
3477.27 81.558
3540.56 81.432
3605 81.308
3670.6 81.187
3737.41 81.072
3805.43 80.967
3874.68 80.876
3945.2 80.803
4017 80.753
4090.11 80.726
4164.55 80.72
4240.34 80.727
4317.51 80.732
4396.09 80.713
4476.1 80.645
4557.56 80.496
4640.5 80.245
4724.96 79.872
4810.95 79.377
4898.51 78.769
4987.66 78.076
5078.43 77.333
5170.86 76.576
5264.97 75.841
5360.79 75.155
5458.35 74.539
5557.69 74.002
5658.84 73.547
5761.82 73.171
5866.69 72.872
5973.46 72.643
6082.17 72.485
6192.87 72.393
6305.57 72.372
6420.33 72.427
6537.18 72.561
6656.15 72.783
6777.29 73.098
6900.63 73.512
7026.22 74.019
7154.1 74.606
7284.3 75.246
7416.87 75.893
7551.85 76.488
7689.29 76.963
7829.23 77.248
7971.72 77.291
8116.8 77.063
8264.53 76.57
8414.94 75.849
8568.09 74.96
8724.02 73.975
8882.79 72.962
9044.46 71.981
9209.06 71.075
9376.66 70.275
9547.31 69.604
9721.07 69.08
9897.99 68.721
10078.13 68.544
10261.55 68.571
10448.3 68.82
10638.45 69.3
10832.07 69.999
11029.21 70.869
11229.94 71.818
11434.32 72.703
11642.41 73.352
11854.3 73.591
12070.04 73.293
12289.71 72.414
12513.38 71.005
12741.12 69.201
12973 67.18
13209.1 65.124
13449.5 63.184
13694.28 61.468
13943.51 60.039
14197.27 58.923
14455.66 58.116
14718.74 57.596
14986.62 57.326
15259.37 57.254
15537.08 57.319
15819.85 57.451
16107.76 57.577
16400.92 57.617
16699.41 57.494
17003.33 57.131
17312.78 56.456
17627.86 55.394
17948.68 53.868
18275.34 51.822
18607.94 49.236
18946.6 46.158
19291.42 42.707
19642.52 39.044
20000 35.315