20 87.772
20.36 87.769
20.73 87.766
21.11 87.763
21.5 87.76
21.89 87.756
22.29 87.753
22.69 87.749
23.1 87.745
23.52 87.74
23.95 87.735
24.39 87.729
24.83 87.723
25.28 87.716
25.74 87.708
26.21 87.7
26.69 87.69
27.18 87.68
27.67 87.669
28.17 87.657
28.69 87.644
29.21 87.63
29.74 87.614
30.28 87.598
30.83 87.58
31.39 87.56
31.97 87.54
32.55 87.518
33.14 87.495
33.74 87.47
34.36 87.444
34.98 87.416
35.62 87.386
36.27 87.355
36.93 87.323
37.6 87.291
38.28 87.256
38.98 87.22
39.69 87.184
40.41 87.146
41.15 87.107
41.9 87.067
42.66 87.026
43.44 86.984
44.23 86.941
45.03 86.898
45.85 86.853
46.68 86.808
47.53 86.762
48.4 86.715
49.28 86.667
50.18 86.618
51.09 86.568
52.02 86.517
52.97 86.465
53.93 86.411
54.91 86.356
55.91 86.299
56.93 86.241
57.97 86.183
59.02 86.122
60.09 86.059
61.19 85.995
62.3 85.929
63.44 85.862
64.59 85.794
65.77 85.724
66.96 85.653
68.18 85.58
69.42 85.506
70.69 85.431
71.97 85.355
73.28 85.277
74.62 85.199
75.97 85.119
77.36 85.039
78.76 84.958
80.2 84.876
81.66 84.793
83.14 84.709
84.66 84.625
86.2 84.541
87.77 84.456
89.36 84.37
90.99 84.283
92.65 84.196
94.33 84.109
96.05 84.021
97.8 83.932
99.58 83.842
101.39 83.752
103.23 83.66
105.11 83.568
107.03 83.475
108.97 83.381
110.96 83.286
112.98 83.191
115.03 83.094
117.13 82.997
119.26 82.9
121.43 82.802
123.64 82.705
125.89 82.609
128.18 82.512
130.51 82.416
132.89 82.319
135.31 82.221
137.77 82.123
140.28 82.023
142.83 81.922
145.43 81.82
148.07 81.717
150.77 81.614
153.51 81.509
156.31 81.404
159.15 81.299
162.05 81.193
165 81.088
168 80.982
171.06 80.878
174.17 80.774
177.34 80.671
180.57 80.569
183.86 80.469
187.2 80.37
190.61 80.271
194.08 80.173
197.61 80.076
201.21 79.979
204.87 79.879
208.6 79.78
212.39 79.678
216.26 79.577
220.19 79.474
224.2 79.371
228.28 79.268
232.44 79.167
236.67 79.066
240.97 78.967
245.36 78.87
249.82 78.774
254.37 78.68
259 78.587
263.71 78.494
268.51 78.402
273.4 78.311
278.38 78.219
283.44 78.128
288.6 78.038
293.85 77.949
299.2 77.861
304.65 77.773
310.19 77.686
315.84 77.599
321.59 77.512
327.44 77.426
333.4 77.339
339.47 77.252
345.64 77.167
351.93 77.082
358.34 77
364.86 76.919
371.5 76.839
378.26 76.761
385.15 76.684
392.16 76.609
399.29 76.535
406.56 76.461
413.96 76.389
421.49 76.319
429.16 76.249
436.97 76.18
444.93 76.112
453.02 76.045
461.27 75.978
469.66 75.911
478.21 75.845
486.91 75.778
495.78 75.712
504.8 75.648
513.99 75.585
523.34 75.524
532.87 75.465
542.56 75.407
552.44 75.35
562.49 75.295
572.73 75.241
583.15 75.188
593.77 75.135
604.57 75.084
615.57 75.035
626.78 74.987
638.18 74.941
649.8 74.897
661.63 74.855
673.67 74.815
685.93 74.778
698.41 74.743
711.12 74.711
724.06 74.683
737.24 74.658
750.66 74.636
764.32 74.617
778.23 74.602
792.39 74.591
806.82 74.584
821.5 74.582
836.45 74.585
851.67 74.594
867.17 74.61
882.96 74.632
899.02 74.663
915.39 74.701
932.05 74.747
949.01 74.801
966.28 74.864
983.87 74.932
1001.77 75.007
1020 75.087
1038.57 75.171
1057.47 75.257
1076.71 75.346
1096.31 75.435
1116.26 75.525
1136.58 75.615
1157.26 75.703
1178.32 75.789
1199.77 75.872
1221.6 75.953
1243.84 76.03
1266.47 76.104
1289.52 76.174
1312.99 76.24
1336.89 76.301
1361.22 76.359
1385.99 76.413
1411.22 76.463
1436.9 76.51
1463.05 76.553
1489.68 76.595
1516.79 76.633
1544.4 76.672
1572.5 76.709
1601.12 76.746
1630.26 76.782
1659.93 76.816
1690.14 76.849
1720.9 76.877
1752.22 76.899
1784.11 76.913
1816.58 76.918
1849.64 76.913
1883.3 76.901
1917.58 76.885
1952.48 76.871
1988.01 76.862
2024.19 76.865
2061.03 76.883
2098.54 76.915
2136.73 76.962
2175.62 77.021
2215.22 77.087
2255.53 77.159
2296.58 77.236
2338.38 77.313
2380.94 77.391
2424.27 77.465
2468.39 77.532
2513.31 77.586
2559.05 77.624
2605.63 77.641
2653.05 77.636
2701.33 77.612
2750.5 77.581
2800.55 77.556
2851.52 77.551
2903.42 77.575
2956.26 77.63
3010.06 77.713
3064.85 77.816
3120.62 77.93
3177.42 78.046
3235.25 78.159
3294.13 78.268
3354.08 78.372
3415.12 78.472
3477.27 78.57
3540.56 78.667
3605 78.764
3670.6 78.857
3737.41 78.946
3805.43 79.027
3874.68 79.098
3945.2 79.155
4017 79.193
4090.11 79.211
4164.55 79.204
4240.34 79.174
4317.51 79.125
4396.09 79.06
4476.1 78.985
4557.56 78.906
4640.5 78.825
4724.96 78.745
4810.95 78.675
4898.51 78.628
4987.66 78.622
5078.43 78.672
5170.86 78.782
5264.97 78.946
5360.79 79.15
5458.35 79.377
5557.69 79.617
5658.84 79.866
5761.82 80.124
5866.69 80.39
5973.46 80.665
6082.17 80.947
6192.87 81.233
6305.57 81.523
6420.33 81.815
6537.18 82.109
6656.15 82.408
6777.29 82.713
6900.63 83.026
7026.22 83.336
7154.1 83.631
7284.3 83.882
7416.87 84.06
7551.85 84.138
7689.29 84.095
7829.23 83.917
7971.72 83.601
8116.8 83.151
8264.53 82.578
8414.94 81.899
8568.09 81.135
8724.02 80.307
8882.79 79.433
9044.46 78.527
9209.06 77.606
9376.66 76.689
9547.31 75.799
9721.07 74.962
9897.99 74.194
10078.13 73.507
10261.55 72.898
10448.3 72.359
10638.45 71.871
10832.07 71.417
11029.21 70.985
11229.94 70.578
11434.32 70.214
11642.41 69.928
11854.3 69.765
12070.04 69.765
12289.71 69.957
12513.38 70.35
12741.12 70.93
12973 71.669
13209.1 72.529
13449.5 73.474
13694.28 74.472
13943.51 75.485
14197.27 76.461
14455.66 77.331
14718.74 78.017
14986.62 78.461
15259.37 78.641
15537.08 78.585
15819.85 78.352
16107.76 78.008
16400.92 77.604
16699.41 77.151
17003.33 76.618
17312.78 75.939
17627.86 75.014
17948.68 73.728
18275.34 71.967
18607.94 69.661
18946.6 66.82
19291.42 63.547
19642.52 60.013
20000 56.394