20 82.421
20.36 82.471
20.73 82.522
21.11 82.572
21.5 82.623
21.89 82.673
22.29 82.723
22.69 82.773
23.1 82.823
23.52 82.872
23.95 82.921
24.39 82.97
24.83 83.018
25.28 83.066
25.74 83.113
26.21 83.16
26.69 83.206
27.18 83.252
27.67 83.297
28.17 83.341
28.69 83.385
29.21 83.428
29.74 83.47
30.28 83.511
30.83 83.552
31.39 83.591
31.97 83.631
32.55 83.668
33.14 83.705
33.74 83.74
34.36 83.775
34.98 83.809
35.62 83.842
36.27 83.874
36.93 83.905
37.6 83.936
38.28 83.966
38.98 83.994
39.69 84.022
40.41 84.05
41.15 84.078
41.9 84.105
42.66 84.13
43.44 84.157
44.23 84.182
45.03 84.206
45.85 84.23
46.68 84.255
47.53 84.279
48.4 84.302
49.28 84.326
50.18 84.349
51.09 84.373
52.02 84.396
52.97 84.419
53.93 84.442
54.91 84.465
55.91 84.489
56.93 84.512
57.97 84.536
59.02 84.559
60.09 84.583
61.19 84.607
62.3 84.631
63.44 84.655
64.59 84.68
65.77 84.704
66.96 84.728
68.18 84.751
69.42 84.774
70.69 84.797
71.97 84.819
73.28 84.84
74.62 84.861
75.97 84.881
77.36 84.9
78.76 84.918
80.2 84.933
81.66 84.948
83.14 84.961
84.66 84.972
86.2 84.981
87.77 84.988
89.36 84.992
90.99 84.995
92.65 84.995
94.33 84.993
96.05 84.988
97.8 84.981
99.58 84.971
101.39 84.96
103.23 84.945
105.11 84.928
107.03 84.909
108.97 84.887
110.96 84.863
112.98 84.837
115.03 84.809
117.13 84.779
119.26 84.748
121.43 84.714
123.64 84.681
125.89 84.645
128.18 84.61
130.51 84.574
132.89 84.536
135.31 84.497
137.77 84.458
140.28 84.418
142.83 84.376
145.43 84.334
148.07 84.291
150.77 84.246
153.51 84.2
156.31 84.153
159.15 84.105
162.05 84.054
165 84.002
168 83.947
171.06 83.89
174.17 83.83
177.34 83.767
180.57 83.701
183.86 83.631
187.2 83.557
190.61 83.479
194.08 83.397
197.61 83.309
201.21 83.215
204.87 83.114
208.6 83.007
212.39 82.895
216.26 82.775
220.19 82.65
224.2 82.519
228.28 82.384
232.44 82.247
236.67 82.107
240.97 81.964
245.36 81.821
249.82 81.676
254.37 81.53
259 81.384
263.71 81.237
268.51 81.089
273.4 80.939
278.38 80.789
283.44 80.64
288.6 80.49
293.85 80.342
299.2 80.195
304.65 80.049
310.19 79.903
315.84 79.758
321.59 79.611
327.44 79.466
333.4 79.32
339.47 79.175
345.64 79.033
351.93 78.892
358.34 78.755
364.86 78.619
371.5 78.487
378.26 78.358
385.15 78.23
392.16 78.104
399.29 77.979
406.56 77.857
413.96 77.737
421.49 77.618
429.16 77.501
436.97 77.387
444.93 77.273
453.02 77.162
461.27 77.05
469.66 76.94
478.21 76.83
486.91 76.721
495.78 76.613
504.8 76.506
513.99 76.4
523.34 76.297
532.87 76.195
542.56 76.095
552.44 75.998
562.49 75.903
572.73 75.81
583.15 75.719
593.77 75.631
604.57 75.545
615.57 75.462
626.78 75.381
638.18 75.303
649.8 75.227
661.63 75.155
673.67 75.085
685.93 75.018
698.41 74.956
711.12 74.898
724.06 74.844
737.24 74.795
750.66 74.751
764.32 74.713
778.23 74.679
792.39 74.651
806.82 74.628
821.5 74.61
836.45 74.599
851.67 74.596
867.17 74.601
882.96 74.615
899.02 74.64
915.39 74.674
932.05 74.721
949.01 74.778
966.28 74.846
983.87 74.923
1001.77 75.008
1020 75.099
1038.57 75.194
1057.47 75.292
1076.71 75.39
1096.31 75.488
1116.26 75.586
1136.58 75.681
1157.26 75.773
1178.32 75.862
1199.77 75.948
1221.6 76.033
1243.84 76.115
1266.47 76.197
1289.52 76.279
1312.99 76.36
1336.89 76.44
1361.22 76.522
1385.99 76.603
1411.22 76.685
1436.9 76.769
1463.05 76.853
1489.68 76.939
1516.79 77.026
1544.4 77.117
1572.5 77.209
1601.12 77.305
1630.26 77.404
1659.93 77.507
1690.14 77.615
1720.9 77.727
1752.22 77.845
1784.11 77.969
1816.58 78.098
1849.64 78.234
1883.3 78.376
1917.58 78.526
1952.48 78.684
1988.01 78.849
2024.19 79.024
2061.03 79.209
2098.54 79.405
2136.73 79.612
2175.62 79.829
2215.22 80.054
2255.53 80.29
2296.58 80.536
2338.38 80.789
2380.94 81.051
2424.27 81.316
2468.39 81.584
2513.31 81.849
2559.05 82.109
2605.63 82.357
2653.05 82.589
2701.33 82.797
2750.5 82.974
2800.55 83.115
2851.52 83.213
2903.42 83.264
2956.26 83.265
3010.06 83.213
3064.85 83.112
3120.62 82.966
3177.42 82.783
3235.25 82.569
3294.13 82.335
3354.08 82.091
3415.12 81.848
3477.27 81.614
3540.56 81.397
3605 81.204
3670.6 81.042
3737.41 80.913
3805.43 80.823
3874.68 80.772
3945.2 80.765
4017 80.802
4090.11 80.884
4164.55 81.016
4240.34 81.197
4317.51 81.428
4396.09 81.708
4476.1 82.032
4557.56 82.396
4640.5 82.786
4724.96 83.185
4810.95 83.572
4898.51 83.921
4987.66 84.208
5078.43 84.408
5170.86 84.501
5264.97 84.476
5360.79 84.328
5458.35 84.066
5557.69 83.704
5658.84 83.265
5761.82 82.777
5866.69 82.267
5973.46 81.762
6082.17 81.289
6192.87 80.873
6305.57 80.536
6420.33 80.3
6537.18 80.187
6656.15 80.221
6777.29 80.424
6900.63 80.818
7026.22 81.417
7154.1 82.213
7284.3 83.178
7416.87 84.242
7551.85 85.297
7689.29 86.201
7829.23 86.797
7971.72 86.954
8116.8 86.593
8264.53 85.711
8414.94 84.384
8568.09 82.739
8724.02 80.926
8882.79 79.074
9044.46 77.283
9209.06 75.61
9376.66 74.085
9547.31 72.715
9721.07 71.496
9897.99 70.427
10078.13 69.512
10261.55 68.771
10448.3 68.235
10638.45 67.947
10832.07 67.957
11029.21 68.312
11229.94 69.044
11434.32 70.154
11642.41 71.599
11854.3 73.27
12070.04 74.997
12289.71 76.555
12513.38 77.697
12741.12 78.211
12973 77.976
13209.1 76.995
13449.5 75.371
13694.28 73.281
13943.51 70.928
14197.27 68.497
14455.66 66.145
14718.74 64.003
14986.62 62.185
15259.37 60.796
15537.08 59.921
15819.85 59.607
16107.76 59.829
16400.92 60.468
16699.41 61.299
17003.33 62.024
17312.78 62.334
17627.86 61.966
17948.68 60.765
18275.34 58.688
18607.94 55.783
18946.6 52.171
19291.42 48.029
19642.52 43.58
20000 39.03