20 83.524
20.36 83.503
20.73 83.483
21.11 83.462
21.5 83.441
21.89 83.419
22.29 83.398
22.69 83.376
23.1 83.354
23.52 83.331
23.95 83.308
24.39 83.285
24.83 83.261
25.28 83.236
25.74 83.21
26.21 83.184
26.69 83.157
27.18 83.129
27.67 83.101
28.17 83.071
28.69 83.041
29.21 83.009
29.74 82.976
30.28 82.942
30.83 82.907
31.39 82.871
31.97 82.833
32.55 82.794
33.14 82.753
33.74 82.711
34.36 82.668
34.98 82.623
35.62 82.577
36.27 82.529
36.93 82.48
37.6 82.429
38.28 82.377
38.98 82.324
39.69 82.269
40.41 82.212
41.15 82.155
41.9 82.095
42.66 82.035
43.44 81.973
44.23 81.909
45.03 81.844
45.85 81.777
46.68 81.709
47.53 81.641
48.4 81.57
49.28 81.497
50.18 81.424
51.09 81.349
52.02 81.272
52.97 81.193
53.93 81.113
54.91 81.031
55.91 80.948
56.93 80.862
57.97 80.775
59.02 80.686
60.09 80.595
61.19 80.503
62.3 80.409
63.44 80.312
64.59 80.215
65.77 80.115
66.96 80.013
68.18 79.91
69.42 79.806
70.69 79.699
71.97 79.591
73.28 79.481
74.62 79.369
75.97 79.257
77.36 79.143
78.76 79.028
80.2 78.913
81.66 78.797
83.14 78.681
84.66 78.564
86.2 78.448
87.77 78.331
89.36 78.215
90.99 78.1
92.65 77.985
94.33 77.87
96.05 77.757
97.8 77.644
99.58 77.531
101.39 77.421
103.23 77.311
105.11 77.202
107.03 77.095
108.97 76.99
110.96 76.887
112.98 76.786
115.03 76.686
117.13 76.589
119.26 76.496
121.43 76.404
123.64 76.317
125.89 76.233
128.18 76.153
130.51 76.075
132.89 76.002
135.31 75.932
137.77 75.864
140.28 75.801
142.83 75.74
145.43 75.682
148.07 75.629
150.77 75.578
153.51 75.532
156.31 75.49
159.15 75.451
162.05 75.416
165 75.386
168 75.359
171.06 75.337
174.17 75.318
177.34 75.302
180.57 75.289
183.86 75.279
187.2 75.272
190.61 75.267
194.08 75.265
197.61 75.263
201.21 75.264
204.87 75.265
208.6 75.268
212.39 75.271
216.26 75.276
220.19 75.281
224.2 75.287
228.28 75.293
232.44 75.299
236.67 75.305
240.97 75.312
245.36 75.319
249.82 75.325
254.37 75.332
259 75.339
263.71 75.345
268.51 75.351
273.4 75.356
278.38 75.36
283.44 75.364
288.6 75.367
293.85 75.368
299.2 75.368
304.65 75.367
310.19 75.366
315.84 75.362
321.59 75.358
327.44 75.352
333.4 75.345
339.47 75.336
345.64 75.327
351.93 75.316
358.34 75.303
364.86 75.289
371.5 75.275
378.26 75.259
385.15 75.243
392.16 75.225
399.29 75.205
406.56 75.185
413.96 75.163
421.49 75.142
429.16 75.118
436.97 75.094
444.93 75.068
453.02 75.042
461.27 75.014
469.66 74.985
478.21 74.954
486.91 74.923
495.78 74.891
504.8 74.858
513.99 74.824
523.34 74.79
532.87 74.755
542.56 74.721
552.44 74.686
562.49 74.65
572.73 74.615
583.15 74.58
593.77 74.544
604.57 74.508
615.57 74.473
626.78 74.438
638.18 74.404
649.8 74.37
661.63 74.337
673.67 74.307
685.93 74.278
698.41 74.251
711.12 74.228
724.06 74.209
737.24 74.195
750.66 74.187
764.32 74.185
778.23 74.191
792.39 74.206
806.82 74.23
821.5 74.263
836.45 74.306
851.67 74.357
867.17 74.415
882.96 74.48
899.02 74.549
915.39 74.621
932.05 74.696
949.01 74.773
966.28 74.85
983.87 74.929
1001.77 75.008
1020 75.087
1038.57 75.168
1057.47 75.25
1076.71 75.335
1096.31 75.422
1116.26 75.512
1136.58 75.603
1157.26 75.695
1178.32 75.787
1199.77 75.878
1221.6 75.967
1243.84 76.054
1266.47 76.139
1289.52 76.223
1312.99 76.302
1336.89 76.379
1361.22 76.453
1385.99 76.525
1411.22 76.597
1436.9 76.667
1463.05 76.737
1489.68 76.807
1516.79 76.877
1544.4 76.951
1572.5 77.027
1601.12 77.107
1630.26 77.19
1659.93 77.277
1690.14 77.37
1720.9 77.468
1752.22 77.573
1784.11 77.685
1816.58 77.805
1849.64 77.933
1883.3 78.069
1917.58 78.214
1952.48 78.37
1988.01 78.537
2024.19 78.718
2061.03 78.911
2098.54 79.121
2136.73 79.346
2175.62 79.586
2215.22 79.842
2255.53 80.114
2296.58 80.401
2338.38 80.702
2380.94 81.013
2424.27 81.326
2468.39 81.633
2513.31 81.924
2559.05 82.189
2605.63 82.418
2653.05 82.603
2701.33 82.738
2750.5 82.824
2800.55 82.863
2851.52 82.859
2903.42 82.82
2956.26 82.749
3010.06 82.653
3064.85 82.534
3120.62 82.394
3177.42 82.235
3235.25 82.061
3294.13 81.872
3354.08 81.674
3415.12 81.47
3477.27 81.263
3540.56 81.061
3605 80.867
3670.6 80.685
3737.41 80.521
3805.43 80.379
3874.68 80.26
3945.2 80.166
4017 80.095
4090.11 80.047
4164.55 80.015
4240.34 79.995
4317.51 79.981
4396.09 79.966
4476.1 79.942
4557.56 79.903
4640.5 79.844
4724.96 79.759
4810.95 79.647
4898.51 79.503
4987.66 79.329
5078.43 79.129
5170.86 78.909
5264.97 78.678
5360.79 78.45
5458.35 78.238
5557.69 78.058
5658.84 77.923
5761.82 77.844
5866.69 77.826
5973.46 77.863
6082.17 77.941
6192.87 78.037
6305.57 78.123
6420.33 78.176
6537.18 78.19
6656.15 78.175
6777.29 78.166
6900.63 78.203
7026.22 78.32
7154.1 78.531
7284.3 78.825
7416.87 79.17
7551.85 79.524
7689.29 79.835
7829.23 80.053
7971.72 80.134
8116.8 80.045
8264.53 79.773
8414.94 79.321
8568.09 78.719
8724.02 78.011
8882.79 77.251
9044.46 76.493
9209.06 75.789
9376.66 75.176
9547.31 74.68
9721.07 74.312
9897.99 74.07
10078.13 73.952
10261.55 73.95
10448.3 74.052
10638.45 74.24
10832.07 74.494
11029.21 74.795
11229.94 75.128
11434.32 75.488
11642.41 75.864
11854.3 76.236
12070.04 76.566
12289.71 76.803
12513.38 76.899
12741.12 76.84
12973 76.658
13209.1 76.432
13449.5 76.265
13694.28 76.242
13943.51 76.4
14197.27 76.7
14455.66 77.033
14718.74 77.247
14986.62 77.177
15259.37 76.679
15537.08 75.654
15819.85 74.06
16107.76 71.936
16400.92 69.405
16699.41 66.667
17003.33 63.968
17312.78 61.52
17627.86 59.412
17948.68 57.561
18275.34 55.777
18607.94 53.873
18946.6 51.745
19291.42 49.396
19642.52 46.908
20000 44.376