20 83.097
20.36 83.108
20.73 83.119
21.11 83.129
21.5 83.14
21.89 83.15
22.29 83.16
22.69 83.169
23.1 83.178
23.52 83.186
23.95 83.194
24.39 83.201
24.83 83.207
25.28 83.212
25.74 83.217
26.21 83.22
26.69 83.223
27.18 83.224
27.67 83.223
28.17 83.222
28.69 83.219
29.21 83.215
29.74 83.21
30.28 83.203
30.83 83.194
31.39 83.183
31.97 83.171
32.55 83.157
33.14 83.141
33.74 83.122
34.36 83.102
34.98 83.081
35.62 83.057
36.27 83.032
36.93 83.004
37.6 82.975
38.28 82.945
38.98 82.913
39.69 82.88
40.41 82.846
41.15 82.809
41.9 82.772
42.66 82.734
43.44 82.694
44.23 82.653
45.03 82.611
45.85 82.568
46.68 82.525
47.53 82.48
48.4 82.434
49.28 82.387
50.18 82.338
51.09 82.288
52.02 82.237
52.97 82.184
53.93 82.129
54.91 82.072
55.91 82.014
56.93 81.952
57.97 81.889
59.02 81.824
60.09 81.757
61.19 81.687
62.3 81.615
63.44 81.541
64.59 81.465
65.77 81.387
66.96 81.308
68.18 81.227
69.42 81.144
70.69 81.06
71.97 80.975
73.28 80.889
74.62 80.802
75.97 80.714
77.36 80.624
78.76 80.533
80.2 80.441
81.66 80.348
83.14 80.253
84.66 80.157
86.2 80.059
87.77 79.96
89.36 79.86
90.99 79.758
92.65 79.656
94.33 79.552
96.05 79.447
97.8 79.341
99.58 79.234
101.39 79.126
103.23 79.017
105.11 78.907
107.03 78.797
108.97 78.686
110.96 78.573
112.98 78.46
115.03 78.347
117.13 78.234
119.26 78.12
121.43 78.007
123.64 77.894
125.89 77.782
128.18 77.671
130.51 77.56
132.89 77.449
135.31 77.337
137.77 77.226
140.28 77.113
142.83 77.001
145.43 76.888
148.07 76.775
150.77 76.663
153.51 76.552
156.31 76.442
159.15 76.333
162.05 76.227
165 76.122
168 76.021
171.06 75.923
174.17 75.83
177.34 75.74
180.57 75.655
183.86 75.574
187.2 75.494
190.61 75.416
194.08 75.34
197.61 75.265
201.21 75.191
204.87 75.12
208.6 75.05
212.39 74.982
216.26 74.915
220.19 74.85
224.2 74.787
228.28 74.727
232.44 74.672
236.67 74.62
240.97 74.572
245.36 74.529
249.82 74.489
254.37 74.453
259 74.42
263.71 74.39
268.51 74.363
273.4 74.338
278.38 74.316
283.44 74.297
288.6 74.28
293.85 74.264
299.2 74.251
304.65 74.24
310.19 74.231
315.84 74.223
321.59 74.217
327.44 74.212
333.4 74.209
339.47 74.207
345.64 74.207
351.93 74.207
358.34 74.209
364.86 74.211
371.5 74.214
378.26 74.218
385.15 74.222
392.16 74.228
399.29 74.233
406.56 74.239
413.96 74.246
421.49 74.252
429.16 74.258
436.97 74.265
444.93 74.272
453.02 74.278
461.27 74.284
469.66 74.29
478.21 74.295
486.91 74.3
495.78 74.305
504.8 74.31
513.99 74.314
523.34 74.317
532.87 74.32
542.56 74.322
552.44 74.323
562.49 74.324
572.73 74.324
583.15 74.323
593.77 74.323
604.57 74.321
615.57 74.32
626.78 74.318
638.18 74.317
649.8 74.316
661.63 74.315
673.67 74.314
685.93 74.314
698.41 74.314
711.12 74.315
724.06 74.316
737.24 74.317
750.66 74.319
764.32 74.322
778.23 74.325
792.39 74.328
806.82 74.333
821.5 74.339
836.45 74.349
851.67 74.364
867.17 74.386
882.96 74.417
899.02 74.46
915.39 74.517
932.05 74.588
949.01 74.675
966.28 74.777
983.87 74.89
1001.77 75.012
1020 75.138
1038.57 75.266
1057.47 75.393
1076.71 75.518
1096.31 75.639
1116.26 75.756
1136.58 75.868
1157.26 75.975
1178.32 76.077
1199.77 76.174
1221.6 76.264
1243.84 76.349
1266.47 76.428
1289.52 76.503
1312.99 76.572
1336.89 76.636
1361.22 76.695
1385.99 76.751
1411.22 76.805
1436.9 76.856
1463.05 76.906
1489.68 76.954
1516.79 77.003
1544.4 77.054
1572.5 77.107
1601.12 77.163
1630.26 77.222
1659.93 77.285
1690.14 77.354
1720.9 77.428
1752.22 77.508
1784.11 77.594
1816.58 77.687
1849.64 77.788
1883.3 77.897
1917.58 78.013
1952.48 78.138
1988.01 78.272
2024.19 78.416
2061.03 78.571
2098.54 78.737
2136.73 78.913
2175.62 79.101
2215.22 79.298
2255.53 79.507
2296.58 79.727
2338.38 79.96
2380.94 80.204
2424.27 80.459
2468.39 80.722
2513.31 80.993
2559.05 81.267
2605.63 81.542
2653.05 81.814
2701.33 82.077
2750.5 82.324
2800.55 82.551
2851.52 82.752
2903.42 82.92
2956.26 83.05
3010.06 83.135
3064.85 83.172
3120.62 83.16
3177.42 83.1
3235.25 82.993
3294.13 82.845
3354.08 82.662
3415.12 82.453
3477.27 82.225
3540.56 81.988
3605 81.75
3670.6 81.518
3737.41 81.298
3805.43 81.094
3874.68 80.91
3945.2 80.745
4017 80.596
4090.11 80.462
4164.55 80.337
4240.34 80.218
4317.51 80.098
4396.09 79.975
4476.1 79.846
4557.56 79.713
4640.5 79.579
4724.96 79.454
4810.95 79.353
4898.51 79.288
4987.66 79.273
5078.43 79.318
5170.86 79.426
5264.97 79.593
5360.79 79.803
5458.35 80.035
5557.69 80.264
5658.84 80.461
5761.82 80.602
5866.69 80.667
5973.46 80.645
6082.17 80.539
6192.87 80.361
6305.57 80.131
6420.33 79.88
6537.18 79.637
6656.15 79.435
6777.29 79.299
6900.63 79.251
7026.22 79.305
7154.1 79.46
7284.3 79.702
7416.87 79.998
7551.85 80.302
7689.29 80.556
7829.23 80.7
7971.72 80.68
8116.8 80.463
8264.53 80.043
8414.94 79.444
8568.09 78.712
8724.02 77.915
8882.79 77.121
9044.46 76.394
9209.06 75.782
9376.66 75.321
9547.31 75.026
9721.07 74.897
9897.99 74.919
10078.13 75.063
10261.55 75.29
10448.3 75.55
10638.45 75.791
10832.07 75.957
11029.21 75.996
11229.94 75.87
11434.32 75.551
11642.41 75.034
11854.3 74.328
12070.04 73.465
12289.71 72.493
12513.38 71.479
12741.12 70.507
12973 69.671
13209.1 69.065
13449.5 68.773
13694.28 68.849
13943.51 69.299
14197.27 70.06
14455.66 71
14718.74 71.928
14986.62 72.641
15259.37 72.985
15537.08 72.904
15819.85 72.463
16107.76 71.809
16400.92 71.116
16699.41 70.515
17003.33 70.058
17312.78 69.704
17627.86 69.344
17948.68 68.829
18275.34 68.008
18607.94 66.773
18946.6 65.083
19291.42 62.995
19642.52 60.647
20000 58.208