20 89.038
20.36 89.024
20.73 89.01
21.11 88.995
21.5 88.981
21.89 88.966
22.29 88.951
22.69 88.936
23.1 88.92
23.52 88.904
23.95 88.888
24.39 88.871
24.83 88.854
25.28 88.836
25.74 88.818
26.21 88.799
26.69 88.778
27.18 88.758
27.67 88.737
28.17 88.714
28.69 88.691
29.21 88.667
29.74 88.642
30.28 88.615
30.83 88.588
31.39 88.56
31.97 88.53
32.55 88.499
33.14 88.467
33.74 88.434
34.36 88.399
34.98 88.363
35.62 88.326
36.27 88.287
36.93 88.247
37.6 88.207
38.28 88.164
38.98 88.121
39.69 88.077
40.41 88.031
41.15 87.985
41.9 87.937
42.66 87.888
43.44 87.839
44.23 87.788
45.03 87.736
45.85 87.683
46.68 87.63
47.53 87.575
48.4 87.52
49.28 87.463
50.18 87.405
51.09 87.346
52.02 87.286
52.97 87.225
53.93 87.163
54.91 87.1
55.91 87.035
56.93 86.969
57.97 86.902
59.02 86.833
60.09 86.763
61.19 86.692
62.3 86.619
63.44 86.545
64.59 86.47
65.77 86.393
66.96 86.315
68.18 86.235
69.42 86.154
70.69 86.072
71.97 85.988
73.28 85.903
74.62 85.817
75.97 85.729
77.36 85.641
78.76 85.552
80.2 85.461
81.66 85.37
83.14 85.278
84.66 85.185
86.2 85.093
87.77 84.999
89.36 84.905
90.99 84.811
92.65 84.715
94.33 84.62
96.05 84.524
97.8 84.427
99.58 84.33
101.39 84.231
103.23 84.132
105.11 84.032
107.03 83.932
108.97 83.83
110.96 83.728
112.98 83.624
115.03 83.52
117.13 83.415
119.26 83.31
121.43 83.204
123.64 83.099
125.89 82.994
128.18 82.888
130.51 82.782
132.89 82.676
135.31 82.569
137.77 82.459
140.28 82.349
142.83 82.236
145.43 82.123
148.07 82.008
150.77 81.892
153.51 81.774
156.31 81.656
159.15 81.537
162.05 81.418
165 81.299
168 81.18
171.06 81.062
174.17 80.945
177.34 80.828
180.57 80.713
183.86 80.599
187.2 80.486
190.61 80.373
194.08 80.261
197.61 80.149
201.21 80.036
204.87 79.922
208.6 79.806
212.39 79.689
216.26 79.572
220.19 79.453
224.2 79.333
228.28 79.214
232.44 79.095
236.67 78.977
240.97 78.861
245.36 78.746
249.82 78.633
254.37 78.521
259 78.41
263.71 78.299
268.51 78.189
273.4 78.079
278.38 77.969
283.44 77.859
288.6 77.75
293.85 77.641
299.2 77.533
304.65 77.426
310.19 77.319
315.84 77.212
321.59 77.104
327.44 76.997
333.4 76.889
339.47 76.782
345.64 76.676
351.93 76.572
358.34 76.469
364.86 76.368
371.5 76.27
378.26 76.173
385.15 76.078
392.16 75.984
399.29 75.892
406.56 75.802
413.96 75.713
421.49 75.626
429.16 75.541
436.97 75.458
444.93 75.377
453.02 75.296
461.27 75.216
469.66 75.137
478.21 75.06
486.91 74.983
495.78 74.908
504.8 74.835
513.99 74.764
523.34 74.695
532.87 74.628
542.56 74.564
552.44 74.503
562.49 74.445
572.73 74.389
583.15 74.336
593.77 74.286
604.57 74.238
615.57 74.193
626.78 74.149
638.18 74.107
649.8 74.066
661.63 74.026
673.67 73.988
685.93 73.953
698.41 73.925
711.12 73.905
724.06 73.896
737.24 73.898
750.66 73.911
764.32 73.931
778.23 73.957
792.39 73.989
806.82 74.026
821.5 74.068
836.45 74.115
851.67 74.168
867.17 74.228
882.96 74.296
899.02 74.371
915.39 74.456
932.05 74.55
949.01 74.653
966.28 74.765
983.87 74.886
1001.77 75.012
1020 75.145
1038.57 75.282
1057.47 75.423
1076.71 75.568
1096.31 75.715
1116.26 75.864
1136.58 76.017
1157.26 76.171
1178.32 76.329
1199.77 76.494
1221.6 76.666
1243.84 76.852
1266.47 77.058
1289.52 77.291
1312.99 77.556
1336.89 77.862
1361.22 78.214
1385.99 78.618
1411.22 79.064
1436.9 79.541
1463.05 80.028
1489.68 80.508
1516.79 80.964
1544.4 81.39
1572.5 81.78
1601.12 82.138
1630.26 82.471
1659.93 82.791
1690.14 83.11
1720.9 83.438
1752.22 83.782
1784.11 84.144
1816.58 84.525
1849.64 84.921
1883.3 85.323
1917.58 85.722
1952.48 86.105
1988.01 86.46
2024.19 86.773
2061.03 87.03
2098.54 87.218
2136.73 87.325
2175.62 87.344
2215.22 87.272
2255.53 87.113
2296.58 86.871
2338.38 86.558
2380.94 86.188
2424.27 85.776
2468.39 85.336
2513.31 84.881
2559.05 84.421
2605.63 83.966
2653.05 83.523
2701.33 83.098
2750.5 82.697
2800.55 82.32
2851.52 81.968
2903.42 81.642
2956.26 81.344
3010.06 81.072
3064.85 80.828
3120.62 80.612
3177.42 80.426
3235.25 80.27
3294.13 80.144
3354.08 80.05
3415.12 79.987
3477.27 79.958
3540.56 79.965
3605 80.008
3670.6 80.09
3737.41 80.216
3805.43 80.39
3874.68 80.615
3945.2 80.899
4017 81.247
4090.11 81.667
4164.55 82.162
4240.34 82.733
4317.51 83.368
4396.09 84.047
4476.1 84.736
4557.56 85.388
4640.5 85.944
4724.96 86.342
4810.95 86.526
4898.51 86.459
4987.66 86.131
5078.43 85.558
5170.86 84.781
5264.97 83.857
5360.79 82.848
5458.35 81.816
5557.69 80.809
5658.84 79.865
5761.82 79.006
5866.69 78.247
5973.46 77.594
6082.17 77.051
6192.87 76.62
6305.57 76.305
6420.33 76.115
6537.18 76.064
6656.15 76.172
6777.29 76.462
6900.63 76.958
7026.22 77.674
7154.1 78.607
7284.3 79.721
7416.87 80.936
7551.85 82.131
7689.29 83.142
7829.23 83.804
7971.72 83.982
8116.8 83.616
8264.53 82.738
8414.94 81.464
8568.09 79.963
8724.02 78.411
8882.79 76.959
9044.46 75.711
9209.06 74.728
9376.66 74.031
9547.31 73.614
9721.07 73.452
9897.99 73.509
10078.13 73.737
10261.55 74.086
10448.3 74.498
10638.45 74.921
10832.07 75.313
11029.21 75.651
11229.94 75.929
11434.32 76.161
11642.41 76.368
11854.3 76.551
12070.04 76.68
12289.71 76.679
12513.38 76.437
12741.12 75.844
12973 74.83
13209.1 73.403
13449.5 71.652
13694.28 69.736
13943.51 67.84
14197.27 66.143
14455.66 64.784
14718.74 63.855
14986.62 63.402
15259.37 63.427
15537.08 63.896
15819.85 64.728
16107.76 65.793
16400.92 66.918
16699.41 67.911
17003.33 68.601
17312.78 68.868
17627.86 68.657
17948.68 67.968
18275.34 66.836
18607.94 65.315
18946.6 63.471
19291.42 61.393
19642.52 59.181
20000 56.928