20 110.595
20.290906698750476 110.57075769429645
20.586044732869844 110.54568619375209
20.885475648548283 110.51928298437824
21.189261887185914 110.49244861846984
21.49746679841394 110.46361879719964
21.810154653305165 110.43353521775992
22.12739065777668 110.4033978875112
22.449240966187475 110.37274005580169
22.77577269513385 110.34155423812686
23.107053937445478 110.31100826586598
23.44315377638505 110.27963893207429
23.784142300054445 110.24796683724496
24.130090616010463 110.21520771345135
24.481070866093134 110.18084558132801
24.837156241469714 110.14601302296555
25.1984209978975 110.110653952705
25.56494047120865 110.07471208774837
25.936791093020236 110.03782085909367
26.3140504066728 110.00009502131613
26.69679708340074 109.96132829895143
27.08511093873791 109.92137193342397
27.47907294916184 109.88054621289
27.878765268980047 109.83907810334333
28.284271247461966 109.7966515190165
28.695675446220072 109.75345407814689
29.11306365684382 109.70974137968824
29.536522918790062 109.66573813936463
29.966141537533712 109.62148742163403
30.402009102982383 109.57578904489003
30.844216508158908 109.52935733378666
31.29285596815558 109.48176798342328
31.74802103936409 109.43271372774868
32.20980663898519 109.38305068962859
32.67830906482211 109.33309923912886
33.153626015361866 109.282869268387
33.63585661014871 109.23209919932424
34.125101410453844 109.1802392504919
34.62146244024586 109.12726059401321
35.12504320746613 109.07212020397127
35.635948725613716 109.01540969145688
36.15428553564419 108.95802859107914
36.68016172818701 108.90018220989944
37.21368696608603 108.84128074676445
37.754972507267915 108.78072457243039
38.30413122794313 108.71873328424243
38.86127764614443 108.65575555659936
39.4265279456077 108.59181153654255
40.000000000000206 108.52799999999996
40.58181339750116 108.46400031294257
41.1720894657399 108.39907025341734
41.77095129709678 108.33224367096976
42.37852377437204 108.26453590294724
42.9949335968281 108.19531978475612
43.62030930661056 108.12496527067995
44.25478131555359 108.05338916811729
44.89848193237519 107.98133622200551
45.55154539026795 107.90821956092059
46.21410787489121 107.8339247270529
46.88630755277036 107.75882112612342
47.56828460010916 107.68229360613967
48.260181232021196 107.60425981401363
48.962141732186545 107.52560283131504
49.674312482939705 107.44586856063361
50.39684199579528 107.36485521966705
51.129880942417586 107.28297740855032
51.873582186040764 107.20010548612902
52.628100813345895 107.11640896166816
53.393594166801776 107.03146659754731
54.17022187747612 106.94474665258602
54.95814589832399 106.85694952997315
55.75753053796041 106.76936858695754
56.56854249492426 106.68102886805326
57.39135089244048 106.59114707727777
58.226127313687975 106.49939986818063
59.073045837580466 106.40546495786614
59.932283075067765 106.31094886174255
60.804018205965114 106.21556075883274
61.68843301631817 106.1190415874546
62.58571193631152 106.02203602251655
63.49604207872855 105.92367943445795
64.41961327797075 105.82410137925713
65.35661812964459 105.72384186012803
66.3072520307241 105.62243128474324
67.27171322029778 105.52006254203829
68.25020282090806 105.4161036023942
69.2429248804921 105.31149288754833
70.25008641493265 105.20561588322461
71.27189745122783 105.09822266507231
72.30857107128878 104.99040860858597
73.36032345637442 104.88138668399344
74.42737393217246 104.77190785891841
75.50994501453623 104.66165546057746
76.60826245588666 104.5502024741873
77.72255529228926 104.43765892413806
78.85305589121582 104.32419469761517
80.00000000000082 104.2094999999999
81.16362679500274 104.09410672101237
82.34417893148023 103.97828241568386
83.541902594194 103.86161509691475
84.75704754874454 103.74358669277612
85.98986719365665 103.6251374901183
87.24061861322157 103.5061411748797
88.50956263110764 103.38660748776329
89.79696386475084 103.26645003928992
91.10309078053635 103.14546384771
92.42821574978288 103.02407100466371
93.77261510554118 102.90198597237556
95.13656920021877 102.77987945317922
96.52036246404286 102.65728326078255
97.92428346437356 102.53412006089661
99.34862496587989 102.41068123714595
100.79368399159105 102.28677229938424
102.25976188483567 102.16242674771219
103.74716437208203 102.03809218332438
105.25620162669229 101.91363100522
106.78718833360406 101.78900014108928
108.34044375495276 101.66510494335873
109.9162917966485 101.5414146139051
111.51506107592134 101.4170827129265
113.13708498984903 101.29263948582073
114.78270178488147 101.1687068657281
116.45225462737648 101.04622122098003
118.14609167516147 100.92416119657412
119.86456615013608 100.80254598633343
121.60803641193078 100.68101745158128
123.3768660326369 100.56220884373738
125.17142387262359 100.44391458957034
126.99208415745765 100.32634258587022
128.83922655594208 100.2094679535316
130.71323625928977 100.09327935192402
132.61450406144883 99.97774426037452
134.5434264405962 99.86434540983527
136.50040564181674 99.75122708123735
138.48584976098482 99.63977826314584
140.50017282986593 99.5299908400171
142.5437949024563 99.42167887016981
144.61714214257822 99.31543003626416
146.7206469127495 99.21134417189273
148.8547478643456 99.10878495123
151.01989002907314 99.00819699268008
153.216524911774 98.90961620886429
155.4451105845792 98.81289437756459
157.70611178243232 98.71871430634623
160.00000000000236 98.62649999999991
162.3272535900062 98.53759891286177
164.6883578629612 98.45090610221561
167.08380518838874 98.3665668184064
169.51409509748981 98.28432640472434
171.97973438731407 98.20504444648341
174.4812372264439 98.12866663576139
177.01912526221608 98.05444536739574
179.5939277295025 97.98228880911982
182.20618156107355 97.91231557047544
184.85643149956664 97.84558921251083
187.54523021108326 97.7814687511873
190.27313840043846 97.71954558287044
193.04072492808663 97.65986106648143
195.84856692874806 97.60303780158229
198.69724993176072 97.5489706012556
201.58736798318304 97.4972210602943
204.5195237696723 97.44793436572363
207.49432874416505 97.40108695925613
210.5124032533856 97.35581808561702
213.57437666720915 97.31235232082588
216.68088750990657 97.27231868424869
219.83258359329807 97.2330508509821
223.03012215184378 97.19691112579176
226.2741699796992 97.16212121521315
229.5654035697641 97.12927353156398
232.90450925475412 97.09885941670721
236.2921833503241 97.07016253319742
239.72913230027333 97.04266694159782
243.21607282386276 97.0175685175419
246.75373206527502 96.99413152506756
250.34284774524843 96.97211433740114
253.9841683149166 96.95208707426795
257.67845311188546 96.9322283145236
261.42647251858085 96.91379594647192
265.22900812289896 96.89652671547768
269.08685288119375 96.88016706395543
273.0008112836349 96.86549716050727
276.97169952197106 96.8518419765536
281.00034565973334 96.83889892845482
285.0875898049141 96.82626350752673
289.23428428515797 96.81506743243008
293.44129382550057 96.80508502420136
297.7094957286928 96.79553910939688
302.0397800581479 96.78667541239096
306.4330498235497 96.77894491696074
310.89022116916016 96.77167839060012
315.41222356486645 96.76542288700918
320.00000000000654 96.75899999999999
324.6545071800142 96.75294914066598
329.3767157259242 96.74724794112888
334.16761037677935 96.74233238962321
339.02819019498156 96.73706899078553
343.95946877463007 96.7316445843479
348.9624744528898 96.72534878321125
354.03825052443415 96.71875027431824
359.187855459007 96.71247457344919
364.4123631221491 96.70620516425342
369.71286299913527 96.70078713700087
375.0904604221685 96.69541600103656
380.54627680087896 96.69034988582776
386.08144985617537 96.68491855014382
391.6971338574982 96.6793028661425
397.3944998635236 96.67384495012283
403.1747359663683 96.66885438669469
409.0390475393468 96.66396746038387
414.9886574883323 96.65900945209306
421.0248065067734 96.65369125110085
427.1487533344206 96.64820937222132
433.3617750198154 96.64303185415015
439.6651671865984 96.63752520189816
446.06024430368984 96.6316114427216
452.54833995940066 96.6254516600406
459.13080713953053 96.61886919286047
465.8090185095106 96.6125083996996
472.58436670065066 96.60558817853502
479.45826460054917 96.59822328792798
486.432145647728 96.5906246397875
493.50746413055253 96.58349253586945
500.6856954904994 96.5758143045095
507.9683366298358 96.56853166337017
515.3569062237735 96.56169408037962
522.8529450371643 96.55525367309247
530.4580162458005 96.54862786180028
538.1737057623901 96.54233870179206
546.0016225672724 96.5351414663709
553.9433990439449 96.52829952583656
562.0006913194694 96.52139944694443
570.1751796098309 96.51485985631214
578.4685685703187 96.50822514514375
586.8825876510039 96.50183805926176
595.4189914573883 96.49570670597983
604.0795601162986 96.48944032991278
612.8660996471021 96.483371793084
621.780442338323 96.47764114421108
630.8244471297356 96.47304655407865
640.0000000000159 96.46799999999999
649.3090143600314 96.46427639425599
658.7534314518515 96.46049862741926
668.3352207535618 96.45749943377393
678.0563803899662 96.455388723922
687.9189375492632 96.45460405312252
697.9249489057827 96.4545
708.0765010488715 96.45571147515733
718.3757109180171 96.4580939277295
728.8247262443015 96.46291236312214
739.425725998274 96.46915543559896
750.1809208443404 96.47818092084434
761.0925536017613 96.48909255360175
772.1628997123541 96.50211730350318
783.3942677149998 96.51776854512192
794.7889997270506 96.53581499954508
806.34947193274 96.55666982120442
818.0780950786972 96.58105882748325
829.9773149766683 96.60894328744166
842.0496130135506 96.6404739035384
854.2975066688449 96.67642970834015
866.7235500396347 96.7168507501372
879.3303343732008 96.76173875389951
892.1204886073838 96.81219400329027
905.0966799188055 96.86722269797133
918.2616142790653 96.9281039148032
931.6180370190256 96.99435380475117
945.1687334013056 97.06553194203201
958.9165292011028 97.14239852085629
972.8642912954606 97.22435003305772
987.0149282611097 97.31093802006836
1001.3713909810035 97.40250546744193
1015.9366732596762 97.49827571083983
1030.7138124475518 97.59739471392606
1045.7058900743334 97.7003879214555
1060.916032491606 97.80638169302486
1076.3474115247852 97.913886966956
1092.0032451345498 98.02277231030003
1107.8867980878947 98.13187065838528
1124.0013826389438 98.24117588425963
1140.350359219667 98.34977733492784
1156.9371371406426 98.4561724315445
1173.765175302013 98.56181169872482
1190.837982914782 98.66356893825017
1208.1591202326028 98.76452938415306
1225.73219929421 98.86093524863355
1243.5608846766518 98.95494669475418
1261.648894259477 99.04419128539612
1280.0000000000375 99.13050000000015
1298.6180287200684 99.21082349533515
1317.5068629037087 99.2917781379052
1336.6704415071292 99.36784824395316
1356.112760779938 99.44102003390527
1375.8378750985323 99.51132850972232
1395.8498978115715 99.58028590000463
1416.153002097749 99.64645882341443
1436.7514218360407 99.71209819323764
1457.6494524886093 99.7766013465156
1478.8514519965543 99.84040029790981
1500.3618416886875 99.90405657773097
1522.1851072035295 99.96778051303431
1544.3257994247153 100.03320436629716
1566.788535430007 100.09935829416422
1589.5779994541087 100.16694243837324
1612.6989438654878 100.23635081047377
1636.156190157402 100.30808418948794
1659.9546299533442 100.3822575380535
1684.099226027109 100.45861752328673
1708.5950133376978 100.53734784321415
1733.4471000792773 100.61803754625845
1758.6606687464096 100.70006056673836
1784.2409772147755 100.7825711270873
1810.193359837619 100.86521101708686
1836.5232285581387 100.94749154395907
1863.2360740380593 101.02897294359494
1890.3374668026197 101.1095921523997
1917.833058402214 101.18935920819837
1945.7285825909298 101.26845460290642
1974.0298565222283 101.34682240400136
2002.7427819620161 101.42595122433013
2031.8733465193618 101.50508925804426
2061.4276248951132 101.58537838096505
2091.411780148677 101.66683533607058
2121.832064983222 101.7494465754547
2152.694823049581 101.8330933928101
2184.0064902691106 101.9183175237266
2215.7735961758003 102.00408870967466
2248.002765277899 102.09097408682902
2280.7007184393456 102.17835690386426
2313.874274281297 102.26580435103605
2347.530350604038 102.35299456655036
2381.6759658295764 102.43973181371967
2416.318240465218 102.52570771846537
2451.4643985884327 102.60997794664752
2487.1217693533167 102.69280934386751
2523.2977885189675 102.77267269002876
2560.0000000000887 102.85000000000018
2597.236057440151 102.92374850913629
2635.0137258074315 102.99377447768993
2673.340883014273 103.05959597904891
2712.225521559891 103.1215791330585
2751.6757501970797 103.1790338909083
2791.699795623158 103.2326059817554
2832.3060041955137 103.2816210849507
2873.502843672097 103.32647290054554
2915.2989049772345 103.36681004733019
2957.7029039931244 103.40239203279518
3000.723683377391 103.43240707189977
3044.370214407075 103.45646659648318
3088.6515988494466 103.4745280595973
3133.57707086003 103.48759955432925
3179.1559989082334 103.49441559989083
3225.3978877309914 103.4965
3272.3123803148205 103.49382251436222
3319.9092599067053 103.48592087022146
3368.198452054235 103.47317649534264
3417.190026675413 103.45595208906309
3466.8942001585724 103.4342218419223
3517.3213374928373 103.40812683762908
3568.4819544295697 103.37748672962078
3620.386719675257 103.34211769463707
3673.0464571162966 103.30229329887813
3726.472148076138 103.257704509693
3780.6749336052594 103.20654417306335
3835.6661168044484 103.14995394917902
3891.45716518188 103.08360568526356
3948.059713044477 103.01002237304218
4005.4855639240527 102.9217174110021
4063.746693038744 102.81647583240868
4122.855249790247 102.68862393804186
4182.823560297375 102.53206544848759
4243.664129966465 102.33954850303468
4305.389646099183 102.10855776443894
4368.012980538242 101.8367097686407
4431.5471923516225 101.52861687148962
4496.00553055582 101.2046720706931
4561.401436878714 100.8910779942382
4627.748548562617 100.60544294289019
4695.060701208099 100.3608754503853
4763.351931659176 100.14678218793728
4832.63648093046 99.9607988105762
4902.928797176889 99.80234952592853
4974.243538706657 99.65943727645735
5046.595577037959 99.52488062719274
5120.000000000202 99.38949999999963
5194.472114880326 99.24918532376395
5270.027451614888 99.10232112620578
5346.6817660285715 98.94984470690517
5424.451043119808 98.79409791376038
5503.351500394186 98.63705916350298
5583.399591246343 98.47997454962434
5664.612008391055 98.32344494388917
5747.005687344222 98.16548410873581
5830.597809954497 98.00418128153896
5915.405807986278 97.83745729690764
6001.447366754812 97.66402385211043
6088.740428814181 97.48476941583408
6177.303197698925 97.30803885584993
6267.154141720092 97.1467220992331
6358.3119978165005 97.02006780267479
6450.795775462017 96.94284017563706
6544.624760629676 96.9331186662204
6639.818519813445 97.00267133496494
6736.396904108505 97.15511548314839
6834.380053350861 97.38543604964917
6933.788400317181 97.68201537305622
7034.642674985712 98.02842612357306
7136.963908859177 98.40572357548768
7240.773439350552 98.7989390695321
7346.092914232631 99.19592657008772
7452.944296152315 99.58177559357158
7561.349867210557 99.93516209056588
7671.332233608935 100.2441331523546
7782.914330363799 100.49974579465484
7896.119426088994 100.69189554732105
8010.971127848146 100.80870844236816
8127.49338607753 100.85408778493155
8245.710499580537 100.83180840584828
8365.647120594791 100.74337506631856
8487.328259932974 100.60057568049905
8610.77929219841 100.40544523056175
8736.025961076528 100.16246436111497
8863.094384703289 99.87933146157893
8992.011061111683 99.56262615986896
9122.802873757471 99.22037833943642
9255.497097125279 98.85934069754299
9390.121402416245 98.48812397084527
9526.7038633184 98.11284323855452
9665.272961860968 97.73867839751566
9805.857594353829 97.37041862369367
9948.487077413367 97.0129920231598
10093.19115407597 96.67203907126475
10240.000000000457 96.34059999999897
10388.944229760706 96.0036989034041
10540.05490322983 95.6378007566432
10693.363532057198 95.23112786329565
10848.902086239672 94.78356851921376
11006.703000788428 94.31389133826711
11166.799182492743 93.85431801206504
11329.224016782166 93.45840042736843
11494.0113746885 93.14948104218583
11661.195619909053 93.02922754183496
11830.811615972614 93.0492588352262
12002.894733509682 93.27131224266344
12177.48085762842 93.62317788788445
12354.606395397908 94.14620895363745
12534.308283440243 94.74165079676484
12716.62399563306 95.37990734483216
12901.591550924093 95.96875968286497
13089.249521259411 96.52154644690987
13279.637039626952 96.9523738933565
13472.793808217073 97.20240239328643
13668.760106701786 97.2055051898304
13867.576800634426 96.85797778800949
14069.285349971487 96.03925926316595
14273.927817718419 94.8482401008788
14481.54687870117 93.37483872305549
14692.18582846533 91.94478314448675
14905.888592304698 90.73346711855424
15122.699734421185 89.70326535633016
15342.664467217943 88.74776285694631
15565.828660727671 87.75170734440027
15792.238852178061 86.64730303886499
16021.942255696367 85.42267517922438
16254.986772155136 84.1015667479559
16491.42099916115 82.729775362867
16731.294241189662 81.35930988280703
16974.65651986603 80.01599051465737
17221.558584396902 78.68008364425674
17472.051922153143 77.33052834728318
17726.188769406665 76.03955622465159
17984.022122223458 75.04893770532874
18245.605747515034 74.72964911912908
18510.99419425065 75.24347873652366
18780.242804832582 76.12021208377658
19053.40772663689 76.78521900568838
19330.545923722028 76.90862132085465
19611.71518870775 76.426251838602
19896.974154826825 75.6925891139129
20186.382308152035 75.441