20 82.693
20.36 82.689
20.73 82.684
21.11 82.68
21.5 82.675
21.89 82.67
22.29 82.665
22.69 82.659
23.1 82.653
23.52 82.646
23.95 82.639
24.39 82.63
24.83 82.622
25.28 82.612
25.74 82.601
26.21 82.589
26.69 82.576
27.18 82.562
27.67 82.547
28.17 82.53
28.69 82.512
29.21 82.493
29.74 82.472
30.28 82.449
30.83 82.425
31.39 82.399
31.97 82.371
32.55 82.341
33.14 82.309
33.74 82.275
34.36 82.24
34.98 82.202
35.62 82.162
36.27 82.121
36.93 82.078
37.6 82.034
38.28 81.988
38.98 81.94
39.69 81.891
40.41 81.841
41.15 81.789
41.9 81.736
42.66 81.682
43.44 81.627
44.23 81.571
45.03 81.514
45.85 81.456
46.68 81.397
47.53 81.337
48.4 81.276
49.28 81.215
50.18 81.152
51.09 81.089
52.02 81.025
52.97 80.959
53.93 80.893
54.91 80.826
55.91 80.758
56.93 80.688
57.97 80.618
59.02 80.546
60.09 80.474
61.19 80.401
62.3 80.326
63.44 80.25
64.59 80.173
65.77 80.096
66.96 80.018
68.18 79.939
69.42 79.859
70.69 79.778
71.97 79.697
73.28 79.615
74.62 79.533
75.97 79.45
77.36 79.366
78.76 79.283
80.2 79.199
81.66 79.115
83.14 79.032
84.66 78.948
86.2 78.864
87.77 78.781
89.36 78.698
90.99 78.615
92.65 78.533
94.33 78.451
96.05 78.368
97.8 78.286
99.58 78.205
101.39 78.123
103.23 78.043
105.11 77.962
107.03 77.881
108.97 77.801
110.96 77.72
112.98 77.64
115.03 77.559
117.13 77.48
119.26 77.4
121.43 77.321
123.64 77.243
125.89 77.166
128.18 77.089
130.51 77.013
132.89 76.937
135.31 76.861
137.77 76.785
140.28 76.709
142.83 76.632
145.43 76.556
148.07 76.479
150.77 76.403
153.51 76.327
156.31 76.252
159.15 76.177
162.05 76.103
165 76.031
168 75.959
171.06 75.889
174.17 75.82
177.34 75.752
180.57 75.687
183.86 75.622
187.2 75.56
190.61 75.499
194.08 75.439
197.61 75.379
201.21 75.321
204.87 75.262
208.6 75.204
212.39 75.146
216.26 75.089
220.19 75.032
224.2 74.975
228.28 74.919
232.44 74.864
236.67 74.811
240.97 74.759
245.36 74.708
249.82 74.659
254.37 74.612
259 74.566
263.71 74.52
268.51 74.476
273.4 74.433
278.38 74.39
283.44 74.348
288.6 74.307
293.85 74.267
299.2 74.227
304.65 74.189
310.19 74.151
315.84 74.114
321.59 74.077
327.44 74.041
333.4 74.006
339.47 73.972
345.64 73.939
351.93 73.907
358.34 73.876
364.86 73.846
371.5 73.817
378.26 73.79
385.15 73.764
392.16 73.738
399.29 73.714
406.56 73.69
413.96 73.668
421.49 73.646
429.16 73.626
436.97 73.607
444.93 73.588
453.02 73.571
461.27 73.554
469.66 73.539
478.21 73.524
486.91 73.511
495.78 73.498
504.8 73.488
513.99 73.478
523.34 73.469
532.87 73.462
542.56 73.457
552.44 73.454
562.49 73.451
572.73 73.45
583.15 73.452
593.77 73.454
604.57 73.457
615.57 73.463
626.78 73.471
638.18 73.48
649.8 73.492
661.63 73.506
673.67 73.522
685.93 73.541
698.41 73.563
711.12 73.587
724.06 73.615
737.24 73.645
750.66 73.678
764.32 73.716
778.23 73.757
792.39 73.804
806.82 73.855
821.5 73.913
836.45 73.977
851.67 74.047
867.17 74.124
882.96 74.209
899.02 74.3
915.39 74.399
932.05 74.507
949.01 74.622
966.28 74.746
983.87 74.877
1001.77 75.013
1020 75.154
1038.57 75.297
1057.47 75.443
1076.71 75.591
1096.31 75.74
1116.26 75.89
1136.58 76.039
1157.26 76.189
1178.32 76.338
1199.77 76.487
1221.6 76.637
1243.84 76.785
1266.47 76.932
1289.52 77.079
1312.99 77.22
1336.89 77.356
1361.22 77.489
1385.99 77.619
1411.22 77.746
1436.9 77.872
1463.05 77.997
1489.68 78.123
1516.79 78.25
1544.4 78.379
1572.5 78.512
1601.12 78.647
1630.26 78.785
1659.93 78.925
1690.14 79.07
1720.9 79.219
1752.22 79.371
1784.11 79.528
1816.58 79.69
1849.64 79.855
1883.3 80.024
1917.58 80.198
1952.48 80.375
1988.01 80.555
2024.19 80.74
2061.03 80.928
2098.54 81.121
2136.73 81.315
2175.62 81.511
2215.22 81.706
2255.53 81.901
2296.58 82.094
2338.38 82.286
2380.94 82.474
2424.27 82.658
2468.39 82.836
2513.31 83.007
2559.05 83.17
2605.63 83.323
2653.05 83.466
2701.33 83.597
2750.5 83.716
2800.55 83.821
2851.52 83.913
2903.42 83.992
2956.26 84.056
3010.06 84.106
3064.85 84.142
3120.62 84.165
3177.42 84.174
3235.25 84.173
3294.13 84.161
3354.08 84.139
3415.12 84.109
3477.27 84.073
3540.56 84.031
3605 83.984
3670.6 83.934
3737.41 83.879
3805.43 83.821
3874.68 83.759
3945.2 83.692
4017 83.619
4090.11 83.539
4164.55 83.452
4240.34 83.357
4317.51 83.254
4396.09 83.143
4476.1 83.024
4557.56 82.897
4640.5 82.763
4724.96 82.623
4810.95 82.479
4898.51 82.335
4987.66 82.191
5078.43 82.049
5170.86 81.908
5264.97 81.766
5360.79 81.614
5458.35 81.442
5557.69 81.232
5658.84 80.972
5761.82 80.647
5866.69 80.254
5973.46 79.798
6082.17 79.297
6192.87 78.782
6305.57 78.289
6420.33 77.853
6537.18 77.508
6656.15 77.276
6777.29 77.172
6900.63 77.202
7026.22 77.365
7154.1 77.651
7284.3 78.042
7416.87 78.509
7551.85 79.006
7689.29 79.478
7829.23 79.857
7971.72 80.073
8116.8 80.066
8264.53 79.793
8414.94 79.242
8568.09 78.432
8724.02 77.41
8882.79 76.237
9044.46 74.979
9209.06 73.696
9376.66 72.436
9547.31 71.232
9721.07 70.109
9897.99 69.088
10078.13 68.19
10261.55 67.446
10448.3 66.894
10638.45 66.587
10832.07 66.574
11029.21 66.894
11229.94 67.544
11434.32 68.483
11642.41 69.632
11854.3 70.917
12070.04 72.291
12289.71 73.743
12513.38 75.267
12741.12 76.83
12973 78.34
13209.1 79.632
13449.5 80.508
13694.28 80.796
13943.51 80.414
14197.27 79.419
14455.66 77.995
14718.74 76.394
14986.62 74.865
15259.37 73.598
15537.08 72.687
15819.85 72.133
16107.76 71.855
16400.92 71.721
16699.41 71.574
17003.33 71.27
17312.78 70.698
17627.86 69.787
17948.68 68.507
18275.34 66.863
18607.94 64.883
18946.6 62.619
19291.42 60.143
19642.52 57.545
20000 54.907