20 77.742
20.36 77.752
20.73 77.763
21.11 77.773
21.5 77.783
21.89 77.793
22.29 77.804
22.69 77.814
23.1 77.824
23.52 77.833
23.95 77.843
24.39 77.852
24.83 77.861
25.28 77.87
25.74 77.879
26.21 77.887
26.69 77.895
27.18 77.903
27.67 77.911
28.17 77.917
28.69 77.924
29.21 77.931
29.74 77.937
30.28 77.942
30.83 77.947
31.39 77.951
31.97 77.955
32.55 77.959
33.14 77.961
33.74 77.964
34.36 77.966
34.98 77.967
35.62 77.968
36.27 77.969
36.93 77.968
37.6 77.967
38.28 77.966
38.98 77.965
39.69 77.963
40.41 77.96
41.15 77.957
41.9 77.954
42.66 77.951
43.44 77.946
44.23 77.942
45.03 77.937
45.85 77.932
46.68 77.927
47.53 77.921
48.4 77.915
49.28 77.909
50.18 77.902
51.09 77.894
52.02 77.887
52.97 77.879
53.93 77.871
54.91 77.863
55.91 77.854
56.93 77.845
57.97 77.835
59.02 77.826
60.09 77.816
61.19 77.805
62.3 77.794
63.44 77.783
64.59 77.772
65.77 77.76
66.96 77.748
68.18 77.735
69.42 77.722
70.69 77.709
71.97 77.695
73.28 77.681
74.62 77.666
75.97 77.651
77.36 77.635
78.76 77.619
80.2 77.602
81.66 77.585
83.14 77.567
84.66 77.548
86.2 77.529
87.77 77.509
89.36 77.489
90.99 77.468
92.65 77.446
94.33 77.424
96.05 77.401
97.8 77.378
99.58 77.354
101.39 77.329
103.23 77.305
105.11 77.279
107.03 77.254
108.97 77.228
110.96 77.202
112.98 77.176
115.03 77.148
117.13 77.12
119.26 77.092
121.43 77.062
123.64 77.031
125.89 76.999
128.18 76.965
130.51 76.93
132.89 76.894
135.31 76.857
137.77 76.819
140.28 76.78
142.83 76.74
145.43 76.699
148.07 76.658
150.77 76.616
153.51 76.574
156.31 76.531
159.15 76.488
162.05 76.446
165 76.403
168 76.36
171.06 76.316
174.17 76.272
177.34 76.228
180.57 76.182
183.86 76.135
187.2 76.087
190.61 76.038
194.08 75.988
197.61 75.937
201.21 75.885
204.87 75.832
208.6 75.778
212.39 75.723
216.26 75.668
220.19 75.612
224.2 75.556
228.28 75.5
232.44 75.443
236.67 75.386
240.97 75.329
245.36 75.271
249.82 75.213
254.37 75.155
259 75.097
263.71 75.039
268.51 74.981
273.4 74.923
278.38 74.865
283.44 74.807
288.6 74.75
293.85 74.693
299.2 74.637
304.65 74.581
310.19 74.525
315.84 74.47
321.59 74.415
327.44 74.36
333.4 74.305
339.47 74.251
345.64 74.197
351.93 74.143
358.34 74.088
364.86 74.035
371.5 73.981
378.26 73.928
385.15 73.877
392.16 73.827
399.29 73.778
406.56 73.731
413.96 73.685
421.49 73.64
429.16 73.596
436.97 73.554
444.93 73.512
453.02 73.471
461.27 73.432
469.66 73.394
478.21 73.359
486.91 73.325
495.78 73.292
504.8 73.262
513.99 73.234
523.34 73.208
532.87 73.183
542.56 73.161
552.44 73.14
562.49 73.122
572.73 73.105
583.15 73.09
593.77 73.078
604.57 73.068
615.57 73.061
626.78 73.056
638.18 73.055
649.8 73.057
661.63 73.062
673.67 73.072
685.93 73.086
698.41 73.104
711.12 73.128
724.06 73.158
737.24 73.194
750.66 73.236
764.32 73.285
778.23 73.34
792.39 73.401
806.82 73.469
821.5 73.545
836.45 73.627
851.67 73.719
867.17 73.82
882.96 73.931
899.02 74.054
915.39 74.189
932.05 74.334
949.01 74.49
966.28 74.656
983.87 74.832
1001.77 75.018
1020 75.214
1038.57 75.419
1057.47 75.632
1076.71 75.853
1096.31 76.08
1116.26 76.312
1136.58 76.545
1157.26 76.776
1178.32 77.004
1199.77 77.226
1221.6 77.442
1243.84 77.648
1266.47 77.844
1289.52 78.033
1312.99 78.214
1336.89 78.388
1361.22 78.556
1385.99 78.719
1411.22 78.878
1436.9 79.036
1463.05 79.193
1489.68 79.352
1516.79 79.517
1544.4 79.687
1572.5 79.866
1601.12 80.054
1630.26 80.251
1659.93 80.456
1690.14 80.668
1720.9 80.884
1752.22 81.105
1784.11 81.329
1816.58 81.555
1849.64 81.781
1883.3 82.005
1917.58 82.226
1952.48 82.442
1988.01 82.651
2024.19 82.849
2061.03 83.034
2098.54 83.203
2136.73 83.353
2175.62 83.48
2215.22 83.582
2255.53 83.658
2296.58 83.706
2338.38 83.726
2380.94 83.718
2424.27 83.682
2468.39 83.621
2513.31 83.536
2559.05 83.43
2605.63 83.307
2653.05 83.169
2701.33 83.02
2750.5 82.862
2800.55 82.698
2851.52 82.532
2903.42 82.366
2956.26 82.203
3010.06 82.044
3064.85 81.891
3120.62 81.746
3177.42 81.609
3235.25 81.481
3294.13 81.364
3354.08 81.256
3415.12 81.158
3477.27 81.069
3540.56 80.988
3605 80.913
3670.6 80.843
3737.41 80.774
3805.43 80.704
3874.68 80.627
3945.2 80.541
4017 80.439
4090.11 80.318
4164.55 80.176
4240.34 80.008
4317.51 79.812
4396.09 79.589
4476.1 79.337
4557.56 79.057
4640.5 78.751
4724.96 78.421
4810.95 78.071
4898.51 77.705
4987.66 77.325
5078.43 76.938
5170.86 76.547
5264.97 76.161
5360.79 75.784
5458.35 75.423
5557.69 75.082
5658.84 74.765
5761.82 74.478
5866.69 74.224
5973.46 74.009
6082.17 73.838
6192.87 73.719
6305.57 73.66
6420.33 73.675
6537.18 73.778
6656.15 73.989
6777.29 74.329
6900.63 74.817
7026.22 75.465
7154.1 76.268
7284.3 77.192
7416.87 78.171
7551.85 79.102
7689.29 79.863
7829.23 80.326
7971.72 80.395
8116.8 80.027
8264.53 79.242
8414.94 78.126
8568.09 76.804
8724.02 75.409
8882.79 74.061
9044.46 72.849
9209.06 71.831
9376.66 71.034
9547.31 70.468
9721.07 70.127
9897.99 69.997
10078.13 70.058
10261.55 70.278
10448.3 70.614
10638.45 71.004
10832.07 71.374
11029.21 71.64
11229.94 71.716
11434.32 71.535
11642.41 71.052
11854.3 70.262
12070.04 69.195
12289.71 67.915
12513.38 66.515
12741.12 65.096
12973 63.76
13209.1 62.598
13449.5 61.684
13694.28 61.069
13943.51 60.768
14197.27 60.763
14455.66 60.994
14718.74 61.363
14986.62 61.748
15259.37 62.016
15537.08 62.055
15819.85 61.802
16107.76 61.249
16400.92 60.442
16699.41 59.464
17003.33 58.415
17312.78 57.396
17627.86 56.498
17948.68 55.792
18275.34 55.308
18607.94 55.017
18946.6 54.845
19291.42 54.723
19642.52 54.611
20000 54.499