20 103.12
20.2909066988 103.11
20.5860447329 103.09
20.8854756485 103.07
21.1892618872 103.06
21.4974667984 103.04
21.8101546533 103.02
22.1273906578 103.01
22.4492409662 102.99
22.7757726951 102.97
23.1070539374 102.95
23.4431537764 102.93
23.7841423001 102.90
24.130090616 102.88
24.4810708661 102.86
24.8371562415 102.83
25.1984209979 102.81
25.5649404712 102.78
25.936791093 102.75
26.3140504067 102.72
26.6967970834 102.70
27.0851109387 102.67
27.4790729492 102.64
27.878765269 102.61
28.2842712475 102.58
28.6956754462 102.54
29.1130636568 102.51
29.5365229188 102.48
29.9661415375 102.44
30.402009103 102.41
30.8442165082 102.37
31.2928559682 102.33
31.7480210394 102.30
32.209806639 102.26
32.6783090648 102.22
33.1536260154 102.18
33.6358566101 102.14
34.1251014105 102.10
34.6214624402 102.06
35.1250432075 102.02
35.6359487256 101.97
36.1542855356 101.93
36.6801617282 101.88
37.2136869661 101.84
37.7549725073 101.80
38.3041312279 101.75
38.8612776461 101.70
39.4265279456 101.66
40 101.61
40.5818133975 101.56
41.1720894657 101.51
41.7709512971 101.46
42.3785237744 101.41
42.9949335968 101.36
43.6203093066 101.31
44.2547813156 101.26
44.8984819324 101.20
45.5515453903 101.15
46.2141078749 101.10
46.8863075528 101.05
47.5682846001 100.99
48.260181232 100.94
48.9621417322 100.88
49.6743124829 100.83
50.3968419958 100.77
51.1298809424 100.72
51.873582186 100.66
52.6281008133 100.60
53.3935941668 100.54
54.1702218775 100.49
54.9581458983 100.43
55.757530538 100.37
56.5685424949 100.31
57.3913508924 100.25
58.2261273137 100.19
59.0730458376 100.13
59.9322830751 100.07
60.804018206 100.01
61.6884330163 99.95
62.5857119363 99.89
63.4960420787 99.83
64.419613278 99.76
65.3566181296 99.70
66.3072520307 99.64
67.2717132203 99.58
68.2502028209 99.52
69.2429248805 99.45
70.2500864149 99.39
71.2718974512 99.33
72.3085710713 99.26
73.3603234564 99.20
74.4273739322 99.14
75.5099450145 99.07
76.6082624559 99.01
77.7225552923 98.94
78.8530558912 98.88
80 98.82
81.163626795 98.75
82.3441789315 98.69
83.5419025942 98.62
84.7570475487 98.56
85.9898671937 98.49
87.2406186132 98.43
88.5095626311 98.36
89.7969638648 98.30
91.1030907805 98.23
92.4282157498 98.17
93.7726151055 98.10
95.1365692002 98.04
96.520362464 97.97
97.9242834644 97.91
99.3486249659 97.84
100.7936839916 97.78
102.2597618848 97.71
103.7471643721 97.64
105.2562016267 97.58
106.7871883336 97.51
108.340443755 97.45
109.9162917966 97.38
111.5150610759 97.32
113.1370849898 97.25
114.7827017849 97.19
116.4522546274 97.12
118.1460916752 97.06
119.8645661501 96.99
121.6080364119 96.93
123.3768660326 96.87
125.1714238726 96.80
126.9920841575 96.74
128.8392265559 96.67
130.7132362593 96.61
132.6145040614 96.54
134.5434264406 96.48
136.5004056418 96.42
138.485849761 96.35
140.5001728299 96.29
142.5437949025 96.23
144.6171421426 96.17
146.7206469127 96.10
148.8547478643 96.04
151.0198900291 95.98
153.2165249118 95.91
155.4451105846 95.85
157.7061117824 95.79
160 95.73
162.32725359 95.67
164.688357863 95.61
167.0838051884 95.54
169.5140950975 95.48
171.9797343873 95.42
174.4812372264 95.36
177.0191252622 95.30
179.5939277295 95.24
182.2061815611 95.18
184.8564314996 95.12
187.5452302111 95.07
190.2731384004 95.01
193.0407249281 94.95
195.8485669287 94.89
198.6972499318 94.83
201.5873679832 94.78
204.5195237697 94.72
207.4943287442 94.66
210.5124032534 94.61
213.5743766672 94.55
216.6808875099 94.50
219.8325835933 94.44
223.0301221518 94.39
226.2741699797 94.33
229.5654035698 94.28
232.9045092548 94.22
236.2921833503 94.17
239.7291323003 94.12
243.2160728239 94.06
246.7537320653 94.01
250.3428477452 93.96
253.9841683149 93.91
257.6784531119 93.86
261.4264725186 93.81
265.2290081229 93.76
269.0868528812 93.71
273.0008112836 93.66
276.971699522 93.61
281.0003456597 93.56
285.0875898049 93.51
289.2342842852 93.46
293.4412938255 93.42
297.7094957287 93.37
302.0397800581 93.33
306.4330498235 93.28
310.8902211692 93.24
315.4122235649 93.19
320 93.15
324.65450718 93.10
329.3767157259 93.06
334.1676103768 93.02
339.028190195 92.97
343.9594687746 92.93
348.9624744529 92.89
354.0382505244 92.85
359.187855459 92.80
364.4123631221 92.76
369.7128629991 92.72
375.0904604222 92.68
380.5462768009 92.64
386.0814498562 92.60
391.6971338575 92.57
397.3944998635 92.53
403.1747359664 92.49
409.0390475393 92.45
414.9886574883 92.42
421.0248065068 92.38
427.1487533344 92.34
433.3617750198 92.31
439.6651671866 92.27
446.0602443037 92.24
452.5483399594 92.21
459.1308071395 92.17
465.8090185095 92.14
472.5843667007 92.11
479.4582646005 92.08
486.4321456477 92.05
493.5074641306 92.02
500.6856954905 92.00
507.9683366298 91.97
515.3569062238 91.94
522.8529450372 91.92
530.4580162458 91.90
538.1737057624 91.88
546.0016225673 91.86
553.9433990439 91.85
562.0006913195 91.83
570.1751796098 91.82
578.4685685703 91.81
586.882587651 91.81
595.4189914574 91.80
604.0795601163 91.80
612.8660996471 91.81
621.7804423383 91.81
630.8244471297 91.82
640 91.83
649.30901436 91.84
658.7534314519 91.85
668.3352207536 91.86
678.05638039 91.87
687.9189375493 91.88
697.9249489058 91.88
708.0765010489 91.89
718.375710918 91.89
728.8247262443 91.88
739.4257259983 91.88
750.1809208443 91.87
761.0925536018 91.86
772.1628997124 91.85
783.394267715 91.84
794.7889997271 91.83
806.3494719327 91.81
818.0780950787 91.80
829.9773149767 91.80
842.0496130136 91.79
854.2975066688 91.79
866.7235500396 91.79
879.3303343732 91.79
892.1204886074 91.80
905.0966799188 91.81
918.2616142791 91.83
931.618037019 91.85
945.1687334013 91.87
958.9165292011 91.90
972.8642912955 91.93
987.0149282611 91.97
1001.371390981 92.01
1015.9366732597 92.05
1030.7138124476 92.09
1045.7058900743 92.14
1060.9160324916 92.19
1076.3474115248 92.24
1092.0032451345 92.29
1107.8867980879 92.34
1124.0013826389 92.39
1140.3503592197 92.43
1156.9371371406 92.48
1173.765175302 92.52
1190.8379829148 92.55
1208.1591202326 92.58
1225.7321992942 92.61
1243.5608846767 92.63
1261.6488942595 92.65
1280 92.66
1298.6180287201 92.66
1317.5068629037 92.65
1336.6704415071 92.64
1356.1127607799 92.63
1375.8378750985 92.62
1395.8498978116 92.61
1416.1530020977 92.61
1436.751421836 92.62
1457.6494524886 92.63
1478.8514519966 92.64
1500.3618416887 92.66
1522.1851072035 92.67
1544.3257994247 92.69
1566.78853543 92.71
1589.5779994541 92.74
1612.6989438655 92.76
1636.1561901574 92.80
1659.9546299533 92.83
1684.0992260271 92.88
1708.5950133377 92.92
1733.4471000793 92.98
1758.6606687464 93.04
1784.2409772148 93.11
1810.1933598376 93.19
1836.5232285581 93.27
1863.2360740381 93.37
1890.3374668026 93.47
1917.8330584022 93.58
1945.7285825909 93.71
1974.0298565222 93.84
2002.742781962 93.98
2031.8733465194 94.13
2061.4276248951 94.30
2091.4117801487 94.48
2121.8320649832 94.67
2152.6948230496 94.87
2184.0064902691 95.09
2215.7735961758 95.32
2248.0027652779 95.57
2280.7007184393 95.82
2313.8742742813 96.10
2347.530350604 96.38
2381.6759658296 96.68
2416.3182404652 96.98
2451.4643985884 97.29
2487.1217693533 97.60
2523.297788519 97.91
2560.0000000001 98.21
2597.2360574402 98.49
2635.0137258074 98.75
2673.3408830143 98.97
2712.2255215599 99.15
2751.6757501971 99.28
2791.6997956232 99.36
2832.3060041955 99.37
2873.5028436721 99.34
2915.2989049772 99.26
2957.7029039931 99.14
3000.7236833774 98.97
3044.3702144071 98.77
3088.6515988494 98.55
3133.57707086 98.31
3179.1559989082 98.06
3225.397887731 97.81
3272.3123803148 97.57
3319.9092599067 97.33
3368.1984520542 97.11
3417.1900266754 96.91
3466.8942001586 96.72
3517.3213374928 96.56
3568.4819544296 96.43
3620.3867196753 96.31
3673.0464571163 96.23
3726.4721480761 96.16
3780.6749336053 96.13
3835.6661168044 96.11
3891.4571651819 96.12
3948.0597130445 96.14
4005.4855639241 96.17
4063.7466930387 96.22
4122.8552497902 96.27
4182.8235602974 96.32
4243.6641299665 96.38
4305.3896460992 96.44
4368.0129805382 96.50
4431.5471923516 96.57
4496.0055305558 96.66
4561.4014368787 96.76
4627.7485485626 96.89
4695.0607012081 97.04
4763.3519316592 97.23
4832.6364809305 97.44
4902.9287971769 97.70
4974.2435387067 97.98
5046.595577038 98.30
5120.0000000002 98.63
5194.4721148803 98.96
5270.0274516149 99.27
5346.6817660286 99.55
5424.4510431198 99.77
5503.3515003942 99.90
5583.3995912463 99.92
5664.6120083911 99.81
5747.0056873442 99.59
5830.5978099545 99.27
5915.4058079863 98.87
6001.4473667548 98.40
6088.7404288142 97.92
6177.3031976989 97.45
6267.1541417201 97.02
6358.3119978165 96.66
6450.795775462 96.36
6544.6247606297 96.16
6639.8185198134 96.05
6736.3969041085 96.02
6834.3800533509 96.07
6933.7884003172 96.22
7034.6426749857 96.45
7136.9639088592 96.77
7240.7734393506 97.16
7346.0929142326 97.57
7452.9442961523 98.00
7561.3498672106 98.40
7671.3322336089 98.76
7782.9143303638 99.04
7896.119426089 99.20
8010.9711278481 99.17
8127.4933860775 98.90
8245.7104995805 98.36
8365.6471205948 97.52
8487.328259933 96.46
8610.7792921984 95.26
8736.0259610765 94.08
8863.0943847033 93.14
8992.0110611117 92.57
9122.8028737575 92.47
9255.4970971253 92.75
9390.1214024162 93.14
9526.7038633184 93.44
9665.272961861 93.55
9805.8575943538 93.47
9948.4870774134 93.25
10093.191154076 92.96
10240.0000000005 92.68
10388.9442297607 92.44
10540.0549032298 92.28
10693.3635320572 92.18
10848.9020862397 92.13
11006.7030007884 92.08
11166.7991824927 91.98
11329.2240167822 91.74
11494.0113746885 91.37
11661.1956199091 90.77
11830.8116159726 90.01
12002.8947335097 89.07
12177.4808576284 88.02
12354.6063953979 86.80
12534.3082834402 85.54
12716.6239956331 84.40
12901.5915509241 84.17
13089.2495212594 84.55
13279.637039627 85.72
13472.7938082171 87.23
13668.7601067018 88.46
13867.5768006344 89.35
14069.2853499715 90.00
14273.9278177184 90.56
14481.5468787012 91.03
14692.1858284653 91.33
14905.8885923047 91.31
15122.6997344212 90.85
15342.6644672179 89.87
15565.8286607277 88.41
15792.2388521781 86.55
16021.9422556964 84.46
16254.9867721551 82.27
16491.4209991611 80.12
16731.2942411897 78.21
16974.656519866 76.80
17221.5585843969 75.94
17472.0519221531 75.54
17726.1887694067 75.57
17984.0221222235 75.93
18245.605747515 76.39
18510.9941942506 76.53
18780.2428048326 75.98
19053.4077266369 74.58
19330.545923722 72.36
19611.7151887077 69.53
19896.9741548268 66.87
20186.382308152 66.04
