20 82.701
20.36 82.721
20.73 82.74
21.11 82.76
21.5 82.779
21.89 82.798
22.29 82.817
22.69 82.836
23.1 82.854
23.52 82.873
23.95 82.891
24.39 82.909
24.83 82.926
25.28 82.943
25.74 82.96
26.21 82.977
26.69 82.993
27.18 83.008
27.67 83.023
28.17 83.038
28.69 83.052
29.21 83.066
29.74 83.078
30.28 83.091
30.83 83.102
31.39 83.113
31.97 83.123
32.55 83.132
33.14 83.141
33.74 83.149
34.36 83.156
34.98 83.162
35.62 83.168
36.27 83.173
36.93 83.177
37.6 83.18
38.28 83.183
38.98 83.185
39.69 83.186
40.41 83.187
41.15 83.187
41.9 83.187
42.66 83.186
43.44 83.184
44.23 83.182
45.03 83.179
45.85 83.176
46.68 83.172
47.53 83.167
48.4 83.163
49.28 83.157
50.18 83.151
51.09 83.144
52.02 83.137
52.97 83.129
53.93 83.121
54.91 83.112
55.91 83.102
56.93 83.091
57.97 83.08
59.02 83.068
60.09 83.056
61.19 83.042
62.3 83.028
63.44 83.013
64.59 82.998
65.77 82.981
66.96 82.963
68.18 82.945
69.42 82.926
70.69 82.906
71.97 82.884
73.28 82.862
74.62 82.839
75.97 82.814
77.36 82.789
78.76 82.763
80.2 82.736
81.66 82.708
83.14 82.68
84.66 82.65
86.2 82.62
87.77 82.589
89.36 82.557
90.99 82.525
92.65 82.491
94.33 82.457
96.05 82.421
97.8 82.385
99.58 82.347
101.39 82.309
103.23 82.269
105.11 82.229
107.03 82.187
108.97 82.144
110.96 82.1
112.98 82.055
115.03 82.009
117.13 81.962
119.26 81.913
121.43 81.863
123.64 81.813
125.89 81.761
128.18 81.707
130.51 81.652
132.89 81.596
135.31 81.538
137.77 81.477
140.28 81.414
142.83 81.35
145.43 81.282
148.07 81.213
150.77 81.142
153.51 81.069
156.31 80.994
159.15 80.918
162.05 80.839
165 80.76
168 80.679
171.06 80.597
174.17 80.514
177.34 80.43
180.57 80.345
183.86 80.259
187.2 80.172
190.61 80.084
194.08 79.994
197.61 79.902
201.21 79.807
204.87 79.709
208.6 79.608
212.39 79.503
216.26 79.396
220.19 79.285
224.2 79.171
228.28 79.055
232.44 78.937
236.67 78.818
240.97 78.698
245.36 78.577
249.82 78.454
254.37 78.331
259 78.206
263.71 78.079
268.51 77.951
273.4 77.82
278.38 77.688
283.44 77.555
288.6 77.42
293.85 77.285
299.2 77.15
304.65 77.014
310.19 76.879
315.84 76.744
321.59 76.609
327.44 76.475
333.4 76.343
339.47 76.215
345.64 76.091
351.93 75.974
358.34 75.864
364.86 75.762
371.5 75.669
378.26 75.584
385.15 75.508
392.16 75.441
399.29 75.384
406.56 75.335
413.96 75.294
421.49 75.261
429.16 75.236
436.97 75.217
444.93 75.203
453.02 75.195
461.27 75.189
469.66 75.186
478.21 75.185
486.91 75.185
495.78 75.185
504.8 75.184
513.99 75.182
523.34 75.179
532.87 75.173
542.56 75.164
552.44 75.154
562.49 75.14
572.73 75.124
583.15 75.105
593.77 75.085
604.57 75.062
615.57 75.038
626.78 75.014
638.18 74.988
649.8 74.962
661.63 74.937
673.67 74.911
685.93 74.887
698.41 74.864
711.12 74.842
724.06 74.82
737.24 74.8
750.66 74.778
764.32 74.755
778.23 74.73
792.39 74.701
806.82 74.669
821.5 74.636
836.45 74.607
851.67 74.588
867.17 74.585
882.96 74.599
899.02 74.63
915.39 74.675
932.05 74.73
949.01 74.794
966.28 74.862
983.87 74.933
1001.77 75.007
1020 75.084
1038.57 75.163
1057.47 75.246
1076.71 75.334
1096.31 75.427
1116.26 75.523
1136.58 75.621
1157.26 75.721
1178.32 75.819
1199.77 75.917
1221.6 76.012
1243.84 76.104
1266.47 76.194
1289.52 76.279
1312.99 76.362
1336.89 76.44
1361.22 76.514
1385.99 76.587
1411.22 76.657
1436.9 76.726
1463.05 76.794
1489.68 76.863
1516.79 76.933
1544.4 77.006
1572.5 77.084
1601.12 77.168
1630.26 77.257
1659.93 77.353
1690.14 77.458
1720.9 77.572
1752.22 77.696
1784.11 77.829
1816.58 77.973
1849.64 78.128
1883.3 78.293
1917.58 78.467
1952.48 78.649
1988.01 78.839
2024.19 79.035
2061.03 79.235
2098.54 79.437
2136.73 79.635
2175.62 79.826
2215.22 80.006
2255.53 80.169
2296.58 80.314
2338.38 80.435
2380.94 80.53
2424.27 80.595
2468.39 80.628
2513.31 80.627
2559.05 80.593
2605.63 80.526
2653.05 80.429
2701.33 80.305
2750.5 80.157
2800.55 79.991
2851.52 79.809
2903.42 79.619
2956.26 79.425
3010.06 79.231
3064.85 79.042
3120.62 78.864
3177.42 78.699
3235.25 78.55
3294.13 78.418
3354.08 78.304
3415.12 78.207
3477.27 78.126
3540.56 78.053
3605 77.983
3670.6 77.905
3737.41 77.803
3805.43 77.66
3874.68 77.456
3945.2 77.17
4017 76.786
4090.11 76.294
4164.55 75.694
4240.34 75.007
4317.51 74.273
4396.09 73.553
4476.1 72.922
4557.56 72.459
4640.5 72.233
4724.96 72.284
4810.95 72.605
4898.51 73.142
4987.66 73.803
5078.43 74.475
5170.86 75.052
5264.97 75.454
5360.79 75.635
5458.35 75.588
5557.69 75.337
5658.84 74.928
5761.82 74.417
5866.69 73.861
5973.46 73.312
6082.17 72.813
6192.87 72.397
6305.57 72.092
6420.33 71.92
6537.18 71.898
6656.15 72.046
6777.29 72.38
6900.63 72.912
7026.22 73.647
7154.1 74.572
7284.3 75.653
7416.87 76.822
7551.85 77.979
7689.29 79.001
7829.23 79.765
7971.72 80.188
8116.8 80.244
8264.53 79.964
8414.94 79.425
8568.09 78.704
8724.02 77.859
8882.79 76.913
9044.46 75.858
9209.06 74.682
9376.66 73.384
9547.31 71.995
9721.07 70.582
9897.99 69.24
10078.13 68.076
10261.55 67.179
10448.3 66.611
10638.45 66.386
10832.07 66.467
11029.21 66.784
11229.94 67.257
11434.32 67.801
11642.41 68.338
11854.3 68.799
12070.04 69.129
12289.71 69.305
12513.38 69.337
12741.12 69.276
12973 69.2
13209.1 69.193
13449.5 69.317
13694.28 69.582
13943.51 69.947
14197.27 70.323
14455.66 70.602
14718.74 70.66
14986.62 70.378
15259.37 69.675
15537.08 68.539
15819.85 67.064
16107.76 65.434
16400.92 63.879
16699.41 62.609
17003.33 61.771
17312.78 61.416
17627.86 61.495
17948.68 61.854
18275.34 62.258
18607.94 62.456
18946.6 62.271
19291.42 61.676
19642.52 60.792
20000 59.804