20 81.358
20.36 81.358
20.73 81.358
21.11 81.357
21.5 81.357
21.89 81.356
22.29 81.356
22.69 81.355
23.1 81.353
23.52 81.352
23.95 81.35
24.39 81.348
24.83 81.345
25.28 81.342
25.74 81.338
26.21 81.334
26.69 81.329
27.18 81.324
27.67 81.318
28.17 81.311
28.69 81.303
29.21 81.295
29.74 81.286
30.28 81.276
30.83 81.265
31.39 81.253
31.97 81.24
32.55 81.227
33.14 81.212
33.74 81.196
34.36 81.179
34.98 81.161
35.62 81.142
36.27 81.121
36.93 81.1
37.6 81.078
38.28 81.055
38.98 81.03
39.69 81.005
40.41 80.978
41.15 80.951
41.9 80.922
42.66 80.892
43.44 80.861
44.23 80.83
45.03 80.797
45.85 80.763
46.68 80.728
47.53 80.692
48.4 80.655
49.28 80.617
50.18 80.577
51.09 80.536
52.02 80.494
52.97 80.45
53.93 80.405
54.91 80.358
55.91 80.31
56.93 80.26
57.97 80.209
59.02 80.155
60.09 80.101
61.19 80.043
62.3 79.985
63.44 79.924
64.59 79.861
65.77 79.797
66.96 79.73
68.18 79.662
69.42 79.591
70.69 79.519
71.97 79.445
73.28 79.368
74.62 79.289
75.97 79.209
77.36 79.127
78.76 79.042
80.2 78.956
81.66 78.868
83.14 78.779
84.66 78.688
86.2 78.595
87.77 78.501
89.36 78.405
90.99 78.308
92.65 78.209
94.33 78.108
96.05 78.006
97.8 77.901
99.58 77.795
101.39 77.687
103.23 77.577
105.11 77.465
107.03 77.352
108.97 77.236
110.96 77.118
112.98 76.998
115.03 76.876
117.13 76.753
119.26 76.629
121.43 76.503
123.64 76.377
125.89 76.25
128.18 76.122
130.51 75.993
132.89 75.862
135.31 75.73
137.77 75.595
140.28 75.459
142.83 75.32
145.43 75.179
148.07 75.036
150.77 74.892
153.51 74.747
156.31 74.602
159.15 74.456
162.05 74.31
165 74.165
168 74.021
171.06 73.879
174.17 73.74
177.34 73.604
180.57 73.471
183.86 73.341
187.2 73.215
190.61 73.093
194.08 72.974
197.61 72.859
201.21 72.746
204.87 72.636
208.6 72.529
212.39 72.425
216.26 72.324
220.19 72.228
224.2 72.135
228.28 72.047
232.44 71.965
236.67 71.889
240.97 71.819
245.36 71.756
249.82 71.699
254.37 71.648
259 71.604
263.71 71.565
268.51 71.533
273.4 71.505
278.38 71.482
283.44 71.465
288.6 71.453
293.85 71.444
299.2 71.441
304.65 71.442
310.19 71.446
315.84 71.456
321.59 71.468
327.44 71.485
333.4 71.504
339.47 71.527
345.64 71.552
351.93 71.581
358.34 71.611
364.86 71.643
371.5 71.676
378.26 71.711
385.15 71.748
392.16 71.785
399.29 71.824
406.56 71.864
413.96 71.904
421.49 71.944
429.16 71.985
436.97 72.026
444.93 72.067
453.02 72.109
461.27 72.151
469.66 72.193
478.21 72.236
486.91 72.279
495.78 72.323
504.8 72.366
513.99 72.41
523.34 72.454
532.87 72.498
542.56 72.542
552.44 72.585
562.49 72.628
572.73 72.671
583.15 72.713
593.77 72.756
604.57 72.798
615.57 72.842
626.78 72.886
638.18 72.93
649.8 72.976
661.63 73.023
673.67 73.072
685.93 73.122
698.41 73.173
711.12 73.226
724.06 73.279
737.24 73.335
750.66 73.393
764.32 73.453
778.23 73.516
792.39 73.583
806.82 73.655
821.5 73.732
836.45 73.816
851.67 73.904
867.17 74
882.96 74.101
899.02 74.21
915.39 74.326
932.05 74.449
949.01 74.581
966.28 74.719
983.87 74.865
1001.77 75.015
1020 75.167
1038.57 75.322
1057.47 75.477
1076.71 75.632
1096.31 75.787
1116.26 75.939
1136.58 76.089
1157.26 76.236
1178.32 76.378
1199.77 76.516
1221.6 76.649
1243.84 76.777
1266.47 76.901
1289.52 77.019
1312.99 77.134
1336.89 77.244
1361.22 77.35
1385.99 77.455
1411.22 77.558
1436.9 77.659
1463.05 77.76
1489.68 77.861
1516.79 77.962
1544.4 78.065
1572.5 78.172
1601.12 78.28
1630.26 78.391
1659.93 78.505
1690.14 78.624
1720.9 78.746
1752.22 78.874
1784.11 79.006
1816.58 79.144
1849.64 79.286
1883.3 79.434
1917.58 79.585
1952.48 79.741
1988.01 79.902
2024.19 80.067
2061.03 80.238
2098.54 80.412
2136.73 80.589
2175.62 80.767
2215.22 80.944
2255.53 81.121
2296.58 81.294
2338.38 81.465
2380.94 81.629
2424.27 81.786
2468.39 81.934
2513.31 82.07
2559.05 82.193
2605.63 82.301
2653.05 82.393
2701.33 82.467
2750.5 82.522
2800.55 82.559
2851.52 82.578
2903.42 82.577
2956.26 82.557
3010.06 82.518
3064.85 82.458
3120.62 82.374
3177.42 82.262
3235.25 82.116
3294.13 81.931
3354.08 81.703
3415.12 81.43
3477.27 81.119
3540.56 80.781
3605 80.434
3670.6 80.098
3737.41 79.794
3805.43 79.535
3874.68 79.33
3945.2 79.179
4017 79.079
4090.11 79.023
4164.55 79.005
4240.34 79.019
4317.51 79.059
4396.09 79.121
4476.1 79.199
4557.56 79.287
4640.5 79.375
4724.96 79.456
4810.95 79.521
4898.51 79.558
4987.66 79.559
5078.43 79.517
5170.86 79.431
5264.97 79.304
5360.79 79.144
5458.35 78.966
5557.69 78.79
5658.84 78.639
5761.82 78.532
5866.69 78.483
5973.46 78.496
6082.17 78.557
6192.87 78.631
6305.57 78.674
6420.33 78.64
6537.18 78.495
6656.15 78.237
6777.29 77.894
6900.63 77.52
7026.22 77.177
7154.1 76.92
7284.3 76.779
7416.87 76.758
7551.85 76.835
7689.29 76.965
7829.23 77.09
7971.72 77.151
8116.8 77.099
8264.53 76.903
8414.94 76.555
8568.09 76.076
8724.02 75.502
8882.79 74.881
9044.46 74.256
9209.06 73.669
9376.66 73.15
9547.31 72.726
9721.07 72.41
9897.99 72.217
10078.13 72.153
10261.55 72.222
10448.3 72.417
10638.45 72.72
10832.07 73.096
11029.21 73.496
11229.94 73.859
11434.32 74.121
11642.41 74.225
11854.3 74.133
12070.04 73.837
12289.71 73.372
12513.38 72.811
12741.12 72.26
12973 71.833
13209.1 71.625
13449.5 71.691
13694.28 72.04
13943.51 72.627
14197.27 73.357
14455.66 74.096
14718.74 74.697
14986.62 75.033
15259.37 75.037
15537.08 74.729
15819.85 74.21
16107.76 73.628
16400.92 73.117
16699.41 72.741
17003.33 72.463
17312.78 72.155
17627.86 71.627
17948.68 70.689
18275.34 69.2
18607.94 67.112
18946.6 64.484
19291.42 61.456
19642.52 58.209
20000 54.896