20 81.953
20.36 81.953
20.73 81.953
21.11 81.953
21.5 81.953
21.89 81.953
22.29 81.952
22.69 81.951
23.1 81.95
23.52 81.949
23.95 81.947
24.39 81.945
24.83 81.942
25.28 81.939
25.74 81.935
26.21 81.931
26.69 81.926
27.18 81.921
27.67 81.915
28.17 81.908
28.69 81.9
29.21 81.892
29.74 81.882
30.28 81.872
30.83 81.861
31.39 81.849
31.97 81.836
32.55 81.821
33.14 81.806
33.74 81.789
34.36 81.772
34.98 81.753
35.62 81.733
36.27 81.712
36.93 81.69
37.6 81.666
38.28 81.642
38.98 81.616
39.69 81.589
40.41 81.561
41.15 81.533
41.9 81.502
42.66 81.471
43.44 81.438
44.23 81.404
45.03 81.369
45.85 81.333
46.68 81.296
47.53 81.258
48.4 81.219
49.28 81.178
50.18 81.137
51.09 81.094
52.02 81.051
52.97 81.007
53.93 80.961
54.91 80.915
55.91 80.869
56.93 80.821
57.97 80.773
59.02 80.724
60.09 80.674
61.19 80.623
62.3 80.572
63.44 80.52
64.59 80.467
65.77 80.413
66.96 80.358
68.18 80.301
69.42 80.244
70.69 80.185
71.97 80.124
73.28 80.062
74.62 79.999
75.97 79.934
77.36 79.869
78.76 79.802
80.2 79.734
81.66 79.666
83.14 79.597
84.66 79.527
86.2 79.457
87.77 79.387
89.36 79.316
90.99 79.245
92.65 79.174
94.33 79.102
96.05 79.029
97.8 78.957
99.58 78.883
101.39 78.809
103.23 78.734
105.11 78.659
107.03 78.584
108.97 78.508
110.96 78.431
112.98 78.354
115.03 78.276
117.13 78.198
119.26 78.12
121.43 78.042
123.64 77.964
125.89 77.886
128.18 77.808
130.51 77.729
132.89 77.651
135.31 77.571
137.77 77.491
140.28 77.41
142.83 77.328
145.43 77.245
148.07 77.161
150.77 77.077
153.51 76.993
156.31 76.908
159.15 76.823
162.05 76.739
165 76.654
168 76.571
171.06 76.488
174.17 76.406
177.34 76.325
180.57 76.246
183.86 76.168
187.2 76.091
190.61 76.015
194.08 75.94
197.61 75.865
201.21 75.79
204.87 75.715
208.6 75.64
212.39 75.564
216.26 75.488
220.19 75.412
224.2 75.336
228.28 75.26
232.44 75.186
236.67 75.113
240.97 75.041
245.36 74.971
249.82 74.902
254.37 74.835
259 74.769
263.71 74.705
268.51 74.641
273.4 74.578
278.38 74.515
283.44 74.454
288.6 74.394
293.85 74.334
299.2 74.276
304.65 74.219
310.19 74.162
315.84 74.107
321.59 74.051
327.44 73.997
333.4 73.943
339.47 73.891
345.64 73.84
351.93 73.791
358.34 73.742
364.86 73.696
371.5 73.652
378.26 73.61
385.15 73.569
392.16 73.529
399.29 73.491
406.56 73.454
413.96 73.419
421.49 73.386
429.16 73.354
436.97 73.324
444.93 73.295
453.02 73.268
461.27 73.242
469.66 73.218
478.21 73.195
486.91 73.174
495.78 73.154
504.8 73.136
513.99 73.12
523.34 73.106
532.87 73.094
542.56 73.083
552.44 73.075
562.49 73.069
572.73 73.065
583.15 73.064
593.77 73.065
604.57 73.068
615.57 73.075
626.78 73.084
638.18 73.098
649.8 73.114
661.63 73.134
673.67 73.159
685.93 73.187
698.41 73.22
711.12 73.256
724.06 73.297
737.24 73.342
750.66 73.391
764.32 73.446
778.23 73.506
792.39 73.573
806.82 73.646
821.5 73.726
836.45 73.814
851.67 73.908
867.17 74.008
882.96 74.115
899.02 74.227
915.39 74.346
932.05 74.471
949.01 74.601
966.28 74.737
983.87 74.875
1001.77 75.014
1020 75.148
1038.57 75.275
1057.47 75.392
1076.71 75.5
1096.31 75.597
1116.26 75.686
1136.58 75.771
1157.26 75.852
1178.32 75.931
1199.77 76.007
1221.6 76.079
1243.84 76.146
1266.47 76.212
1289.52 76.28
1312.99 76.355
1336.89 76.444
1361.22 76.551
1385.99 76.679
1411.22 76.826
1436.9 76.986
1463.05 77.155
1489.68 77.33
1516.79 77.508
1544.4 77.691
1572.5 77.881
1601.12 78.079
1630.26 78.288
1659.93 78.512
1690.14 78.752
1720.9 79.008
1752.22 79.273
1784.11 79.542
1816.58 79.806
1849.64 80.053
1883.3 80.275
1917.58 80.463
1952.48 80.617
1988.01 80.742
2024.19 80.847
2061.03 80.947
2098.54 81.054
2136.73 81.174
2175.62 81.305
2215.22 81.44
2255.53 81.567
2296.58 81.675
2338.38 81.759
2380.94 81.815
2424.27 81.843
2468.39 81.842
2513.31 81.815
2559.05 81.765
2605.63 81.697
2653.05 81.616
2701.33 81.521
2750.5 81.41
2800.55 81.273
2851.52 81.098
2903.42 80.875
2956.26 80.601
3010.06 80.283
3064.85 79.938
3120.62 79.598
3177.42 79.294
3235.25 79.052
3294.13 78.882
3354.08 78.777
3415.12 78.719
3477.27 78.678
3540.56 78.629
3605 78.55
3670.6 78.433
3737.41 78.284
3805.43 78.119
3874.68 77.963
3945.2 77.839
4017 77.764
4090.11 77.746
4164.55 77.781
4240.34 77.858
4317.51 77.964
4396.09 78.088
4476.1 78.224
4557.56 78.373
4640.5 78.533
4724.96 78.7
4810.95 78.858
4898.51 78.987
4987.66 79.07
5078.43 79.092
5170.86 79.053
5264.97 78.966
5360.79 78.847
5458.35 78.717
5557.69 78.589
5658.84 78.47
5761.82 78.363
5866.69 78.269
5973.46 78.19
6082.17 78.138
6192.87 78.13
6305.57 78.183
6420.33 78.308
6537.18 78.51
6656.15 78.789
6777.29 79.147
6900.63 79.592
7026.22 80.133
7154.1 80.781
7284.3 81.533
7416.87 82.364
7551.85 83.217
7689.29 84
7829.23 84.604
7971.72 84.921
8116.8 84.879
8264.53 84.453
8414.94 83.68
8568.09 82.642
8724.02 81.45
8882.79 80.218
9044.46 79.053
9209.06 78.045
9376.66 77.253
9547.31 76.701
9721.07 76.377
9897.99 76.234
10078.13 76.204
10261.55 76.199
10448.3 76.133
10638.45 75.928
10832.07 75.529
11029.21 74.913
11229.94 74.097
11434.32 73.126
11642.41 72.077
11854.3 71.035
12070.04 70.083
12289.71 69.287
12513.38 68.691
12741.12 68.32
12973 68.184
13209.1 68.278
13449.5 68.585
13694.28 69.061
13943.51 69.63
14197.27 70.186
14455.66 70.596
14718.74 70.735
14986.62 70.518
15259.37 69.951
15537.08 69.149
15819.85 68.326
16107.76 67.737
16400.92 67.593
16699.41 67.974
17003.33 68.803
17312.78 69.861
17627.86 70.852
17948.68 71.47
18275.34 71.476
18607.94 70.752
18946.6 69.327
19291.42 67.356
19642.52 65.069
20000 62.68