20 80.954
20.36 80.973
20.73 80.992
21.11 81.011
21.5 81.031
21.89 81.05
22.29 81.069
22.69 81.087
23.1 81.106
23.52 81.124
23.95 81.142
24.39 81.16
24.83 81.177
25.28 81.194
25.74 81.211
26.21 81.228
26.69 81.244
27.18 81.259
27.67 81.274
28.17 81.289
28.69 81.302
29.21 81.316
29.74 81.329
30.28 81.341
30.83 81.352
31.39 81.363
31.97 81.373
32.55 81.383
33.14 81.392
33.74 81.4
34.36 81.407
34.98 81.413
35.62 81.419
36.27 81.424
36.93 81.428
37.6 81.431
38.28 81.434
38.98 81.436
39.69 81.438
40.41 81.439
41.15 81.439
41.9 81.439
42.66 81.438
43.44 81.437
44.23 81.434
45.03 81.432
45.85 81.429
46.68 81.425
47.53 81.421
48.4 81.416
49.28 81.411
50.18 81.405
51.09 81.399
52.02 81.392
52.97 81.384
53.93 81.376
54.91 81.368
55.91 81.358
56.93 81.348
57.97 81.337
59.02 81.326
60.09 81.313
61.19 81.3
62.3 81.287
63.44 81.272
64.59 81.257
65.77 81.241
66.96 81.224
68.18 81.206
69.42 81.187
70.69 81.167
71.97 81.147
73.28 81.125
74.62 81.103
75.97 81.079
77.36 81.055
78.76 81.03
80.2 81.004
81.66 80.977
83.14 80.95
84.66 80.921
86.2 80.892
87.77 80.862
89.36 80.831
90.99 80.799
92.65 80.767
94.33 80.733
96.05 80.699
97.8 80.664
99.58 80.627
101.39 80.59
103.23 80.552
105.11 80.513
107.03 80.472
108.97 80.43
110.96 80.388
112.98 80.344
115.03 80.299
117.13 80.252
119.26 80.205
121.43 80.156
123.64 80.107
125.89 80.056
128.18 80.004
130.51 79.95
132.89 79.895
135.31 79.838
137.77 79.779
140.28 79.718
142.83 79.654
145.43 79.589
148.07 79.521
150.77 79.452
153.51 79.381
156.31 79.307
159.15 79.233
162.05 79.156
165 79.079
168 79
171.06 78.92
174.17 78.84
177.34 78.758
180.57 78.676
183.86 78.593
187.2 78.509
190.61 78.424
194.08 78.337
197.61 78.248
201.21 78.157
204.87 78.063
208.6 77.966
212.39 77.865
216.26 77.761
220.19 77.655
224.2 77.545
228.28 77.434
232.44 77.321
236.67 77.207
240.97 77.092
245.36 76.976
249.82 76.859
254.37 76.741
259 76.622
263.71 76.501
268.51 76.378
273.4 76.253
278.38 76.127
283.44 76
288.6 75.872
293.85 75.744
299.2 75.616
304.65 75.488
310.19 75.361
315.84 75.234
321.59 75.107
327.44 74.983
333.4 74.86
339.47 74.742
345.64 74.628
351.93 74.52
358.34 74.419
364.86 74.327
371.5 74.243
378.26 74.167
385.15 74.101
392.16 74.043
399.29 73.995
406.56 73.955
413.96 73.924
421.49 73.902
429.16 73.886
436.97 73.877
444.93 73.874
453.02 73.876
461.27 73.881
469.66 73.89
478.21 73.901
486.91 73.914
495.78 73.927
504.8 73.94
513.99 73.953
523.34 73.965
532.87 73.976
542.56 73.985
552.44 73.992
562.49 73.997
572.73 74.001
583.15 74.002
593.77 74.003
604.57 74.002
615.57 74.001
626.78 73.999
638.18 73.999
649.8 73.998
661.63 73.999
673.67 74.002
685.93 74.006
698.41 74.013
711.12 74.021
724.06 74.031
737.24 74.043
750.66 74.055
764.32 74.066
778.23 74.077
792.39 74.086
806.82 74.094
821.5 74.104
836.45 74.119
851.67 74.144
867.17 74.185
882.96 74.245
899.02 74.321
915.39 74.413
932.05 74.517
949.01 74.631
966.28 74.753
983.87 74.881
1001.77 75.013
1020 75.15
1038.57 75.292
1057.47 75.44
1076.71 75.594
1096.31 75.755
1116.26 75.922
1136.58 76.093
1157.26 76.267
1178.32 76.444
1199.77 76.621
1221.6 76.798
1243.84 76.975
1266.47 77.151
1289.52 77.325
1312.99 77.497
1336.89 77.667
1361.22 77.836
1385.99 78.006
1411.22 78.176
1436.9 78.347
1463.05 78.518
1489.68 78.691
1516.79 78.866
1544.4 79.046
1572.5 79.229
1601.12 79.418
1630.26 79.609
1659.93 79.803
1690.14 80.003
1720.9 80.208
1752.22 80.416
1784.11 80.629
1816.58 80.846
1849.64 81.065
1883.3 81.285
1917.58 81.506
1952.48 81.725
1988.01 81.941
2024.19 82.153
2061.03 82.359
2098.54 82.558
2136.73 82.746
2175.62 82.92
2215.22 83.079
2255.53 83.219
2296.58 83.341
2338.38 83.443
2380.94 83.523
2424.27 83.582
2468.39 83.619
2513.31 83.634
2559.05 83.627
2605.63 83.601
2653.05 83.556
2701.33 83.494
2750.5 83.418
2800.55 83.33
2851.52 83.232
2903.42 83.128
2956.26 83.02
3010.06 82.912
3064.85 82.805
3120.62 82.704
3177.42 82.61
3235.25 82.526
3294.13 82.451
3354.08 82.386
3415.12 82.332
3477.27 82.285
3540.56 82.243
3605 82.199
3670.6 82.143
3737.41 82.063
3805.43 81.943
3874.68 81.765
3945.2 81.511
4017 81.164
4090.11 80.716
4164.55 80.168
4240.34 79.536
4317.51 78.86
4396.09 78.193
4476.1 77.606
4557.56 77.172
4640.5 76.953
4724.96 76.989
4810.95 77.275
4898.51 77.763
4987.66 78.369
5078.43 78.989
5170.86 79.521
5264.97 79.885
5360.79 80.036
5458.35 79.962
5557.69 79.683
5658.84 79.244
5761.82 78.699
5866.69 78.106
5973.46 77.517
6082.17 76.977
6192.87 76.52
6305.57 76.176
6420.33 75.967
6537.18 75.911
6656.15 76.028
6777.29 76.333
6900.63 76.839
7026.22 77.55
7154.1 78.455
7284.3 79.519
7416.87 80.673
7551.85 81.814
7689.29 82.816
7829.23 83.557
7971.72 83.948
8116.8 83.963
8264.53 83.637
8414.94 83.043
8568.09 82.264
8724.02 81.363
8882.79 80.372
9044.46 79.298
9209.06 78.141
9376.66 76.918
9547.31 75.667
9721.07 74.448
9897.99 73.334
10078.13 72.391
10261.55 71.676
10448.3 71.222
10638.45 71.035
10832.07 71.09
11029.21 71.342
11229.94 71.731
11434.32 72.194
11642.41 72.661
11854.3 73.066
12070.04 73.357
12289.71 73.505
12513.38 73.519
12741.12 73.447
12973 73.366
13209.1 73.357
13449.5 73.48
13694.28 73.745
13943.51 74.107
14197.27 74.478
14455.66 74.746
14718.74 74.789
14986.62 74.486
15259.37 73.753
15537.08 72.578
15819.85 71.053
16107.76 69.362
16400.92 67.736
16699.41 66.387
17003.33 65.462
17312.78 65.018
17627.86 65.007
17948.68 65.278
18275.34 65.6
18607.94 65.72
18946.6 65.462
19291.42 64.799
19642.52 63.849
20000 62.794