20 92.657
20.36 92.621
20.73 92.584
21.11 92.548
21.5 92.511
21.89 92.474
22.29 92.437
22.69 92.399
23.1 92.362
23.52 92.323
23.95 92.284
24.39 92.245
24.83 92.204
25.28 92.163
25.74 92.122
26.21 92.079
26.69 92.035
27.18 91.991
27.67 91.946
28.17 91.899
28.69 91.851
29.21 91.802
29.74 91.752
30.28 91.7
30.83 91.647
31.39 91.592
31.97 91.536
32.55 91.479
33.14 91.419
33.74 91.359
34.36 91.296
34.98 91.232
35.62 91.165
36.27 91.098
36.93 91.028
37.6 90.957
38.28 90.884
38.98 90.81
39.69 90.734
40.41 90.656
41.15 90.577
41.9 90.496
42.66 90.413
43.44 90.329
44.23 90.243
45.03 90.156
45.85 90.067
46.68 89.976
47.53 89.884
48.4 89.79
49.28 89.694
50.18 89.597
51.09 89.498
52.02 89.397
52.97 89.295
53.93 89.191
54.91 89.085
55.91 88.978
56.93 88.868
57.97 88.757
59.02 88.645
60.09 88.53
61.19 88.414
62.3 88.296
63.44 88.176
64.59 88.054
65.77 87.929
66.96 87.803
68.18 87.674
69.42 87.544
70.69 87.41
71.97 87.274
73.28 87.136
74.62 86.996
75.97 86.853
77.36 86.708
78.76 86.562
80.2 86.414
81.66 86.264
83.14 86.113
84.66 85.96
86.2 85.807
87.77 85.652
89.36 85.496
90.99 85.34
92.65 85.181
94.33 85.022
96.05 84.861
97.8 84.698
99.58 84.534
101.39 84.369
103.23 84.202
105.11 84.034
107.03 83.864
108.97 83.692
110.96 83.52
112.98 83.346
115.03 83.171
117.13 82.994
119.26 82.818
121.43 82.641
123.64 82.465
125.89 82.29
128.18 82.115
130.51 81.94
132.89 81.764
135.31 81.588
137.77 81.409
140.28 81.229
142.83 81.047
145.43 80.865
148.07 80.68
150.77 80.496
153.51 80.31
156.31 80.126
159.15 79.942
162.05 79.759
165 79.578
168 79.399
171.06 79.223
174.17 79.05
177.34 78.881
180.57 78.716
183.86 78.555
187.2 78.398
190.61 78.245
194.08 78.096
197.61 77.949
201.21 77.806
204.87 77.665
208.6 77.525
212.39 77.388
216.26 77.254
220.19 77.122
224.2 76.994
228.28 76.869
232.44 76.75
236.67 76.635
240.97 76.526
245.36 76.422
249.82 76.323
254.37 76.23
259 76.141
263.71 76.056
268.51 75.976
273.4 75.899
278.38 75.826
283.44 75.756
288.6 75.69
293.85 75.628
299.2 75.569
304.65 75.513
310.19 75.459
315.84 75.409
321.59 75.36
327.44 75.313
333.4 75.267
339.47 75.224
345.64 75.183
351.93 75.144
358.34 75.108
364.86 75.074
371.5 75.041
378.26 75.01
385.15 74.981
392.16 74.954
399.29 74.928
406.56 74.904
413.96 74.881
421.49 74.858
429.16 74.837
436.97 74.816
444.93 74.795
453.02 74.774
461.27 74.753
469.66 74.733
478.21 74.712
486.91 74.692
495.78 74.672
504.8 74.652
513.99 74.633
523.34 74.615
532.87 74.597
542.56 74.58
552.44 74.563
562.49 74.547
572.73 74.531
583.15 74.515
593.77 74.5
604.57 74.486
615.57 74.472
626.78 74.458
638.18 74.445
649.8 74.433
661.63 74.423
673.67 74.413
685.93 74.405
698.41 74.398
711.12 74.393
724.06 74.39
737.24 74.387
750.66 74.388
764.32 74.39
778.23 74.394
792.39 74.402
806.82 74.414
821.5 74.43
836.45 74.45
851.67 74.475
867.17 74.508
882.96 74.546
899.02 74.591
915.39 74.643
932.05 74.702
949.01 74.769
966.28 74.843
983.87 74.924
1001.77 75.008
1020 75.097
1038.57 75.188
1057.47 75.281
1076.71 75.374
1096.31 75.467
1116.26 75.559
1136.58 75.649
1157.26 75.736
1178.32 75.82
1199.77 75.898
1221.6 75.972
1243.84 76.041
1266.47 76.105
1289.52 76.165
1312.99 76.22
1336.89 76.269
1361.22 76.315
1385.99 76.359
1411.22 76.4
1436.9 76.439
1463.05 76.477
1489.68 76.515
1516.79 76.555
1544.4 76.597
1572.5 76.642
1601.12 76.691
1630.26 76.745
1659.93 76.805
1690.14 76.87
1720.9 76.943
1752.22 77.023
1784.11 77.112
1816.58 77.209
1849.64 77.315
1883.3 77.431
1917.58 77.557
1952.48 77.695
1988.01 77.844
2024.19 78.006
2061.03 78.182
2098.54 78.372
2136.73 78.575
2175.62 78.792
2215.22 79.02
2255.53 79.262
2296.58 79.517
2338.38 79.783
2380.94 80.06
2424.27 80.346
2468.39 80.636
2513.31 80.929
2559.05 81.218
2605.63 81.499
2653.05 81.766
2701.33 82.012
2750.5 82.229
2800.55 82.411
2851.52 82.552
2903.42 82.648
2956.26 82.695
3010.06 82.691
3064.85 82.638
3120.62 82.539
3177.42 82.401
3235.25 82.231
3294.13 82.037
3354.08 81.831
3415.12 81.621
3477.27 81.416
3540.56 81.225
3605 81.052
3670.6 80.904
3737.41 80.78
3805.43 80.68
3874.68 80.6
3945.2 80.534
4017 80.472
4090.11 80.403
4164.55 80.318
4240.34 80.207
4317.51 80.063
4396.09 79.883
4476.1 79.671
4557.56 79.431
4640.5 79.178
4724.96 78.93
4810.95 78.707
4898.51 78.525
4987.66 78.396
5078.43 78.319
5170.86 78.281
5264.97 78.258
5360.79 78.217
5458.35 78.126
5557.69 77.959
5658.84 77.701
5761.82 77.353
5866.69 76.93
5973.46 76.459
6082.17 75.972
6192.87 75.509
6305.57 75.105
6420.33 74.793
6537.18 74.598
6656.15 74.541
6777.29 74.637
6900.63 74.892
7026.22 75.299
7154.1 75.836
7284.3 76.461
7416.87 77.107
7551.85 77.694
7689.29 78.131
7829.23 78.339
7971.72 78.263
8116.8 77.886
8264.53 77.238
8414.94 76.383
8568.09 75.41
8724.02 74.414
8882.79 73.478
9044.46 72.667
9209.06 72.025
9376.66 71.578
9547.31 71.333
9721.07 71.284
9897.99 71.413
10078.13 71.687
10261.55 72.06
10448.3 72.479
10638.45 72.883
10832.07 73.217
11029.21 73.436
11229.94 73.514
11434.32 73.443
11642.41 73.228
11854.3 72.887
12070.04 72.44
12289.71 71.914
12513.38 71.352
12741.12 70.813
12973 70.363
13209.1 70.068
13449.5 69.969
13694.28 70.067
13943.51 70.311
14197.27 70.595
14455.66 70.774
14718.74 70.704
14986.62 70.281
15259.37 69.488
15537.08 68.403
15819.85 67.185
16107.76 66.031
16400.92 65.115
16699.41 64.547
17003.33 64.334
17312.78 64.383
17627.86 64.521
17948.68 64.541
18275.34 64.248
18607.94 63.512
18946.6 62.295
19291.42 60.665
19642.52 58.773
20000 56.791