20 85.729
20.36 85.719
20.73 85.708
21.11 85.697
21.5 85.686
21.89 85.675
22.29 85.664
22.69 85.652
23.1 85.64
23.52 85.627
23.95 85.615
24.39 85.601
24.83 85.586
25.28 85.571
25.74 85.555
26.21 85.538
26.69 85.52
27.18 85.501
27.67 85.481
28.17 85.461
28.69 85.438
29.21 85.415
29.74 85.391
30.28 85.364
30.83 85.337
31.39 85.307
31.97 85.277
32.55 85.244
33.14 85.211
33.74 85.175
34.36 85.138
34.98 85.099
35.62 85.058
36.27 85.016
36.93 84.973
37.6 84.927
38.28 84.88
38.98 84.833
39.69 84.783
40.41 84.733
41.15 84.681
41.9 84.628
42.66 84.574
43.44 84.518
44.23 84.462
45.03 84.405
45.85 84.346
46.68 84.287
47.53 84.227
48.4 84.166
49.28 84.103
50.18 84.04
51.09 83.976
52.02 83.909
52.97 83.843
53.93 83.775
54.91 83.705
55.91 83.635
56.93 83.563
57.97 83.49
59.02 83.414
60.09 83.338
61.19 83.261
62.3 83.182
63.44 83.101
64.59 83.019
65.77 82.936
66.96 82.851
68.18 82.766
69.42 82.678
70.69 82.589
71.97 82.499
73.28 82.407
74.62 82.315
75.97 82.22
77.36 82.126
78.76 82.03
80.2 81.934
81.66 81.837
83.14 81.739
84.66 81.642
86.2 81.544
87.77 81.446
89.36 81.348
90.99 81.249
92.65 81.151
94.33 81.051
96.05 80.952
97.8 80.852
99.58 80.752
101.39 80.651
103.23 80.55
105.11 80.448
107.03 80.345
108.97 80.242
110.96 80.137
112.98 80.032
115.03 79.926
117.13 79.82
119.26 79.713
121.43 79.606
123.64 79.5
125.89 79.394
128.18 79.287
130.51 79.182
132.89 79.076
135.31 78.971
137.77 78.866
140.28 78.761
142.83 78.658
145.43 78.559
148.07 78.466
150.77 78.38
153.51 78.302
156.31 78.235
159.15 78.182
162.05 78.143
165 78.119
168 78.109
171.06 78.106
174.17 78.102
177.34 78.09
180.57 78.062
183.86 78.011
187.2 77.929
190.61 77.808
194.08 77.652
197.61 77.473
201.21 77.285
204.87 77.1
208.6 76.924
212.39 76.759
216.26 76.606
220.19 76.464
224.2 76.334
228.28 76.213
232.44 76.1
236.67 75.993
240.97 75.894
245.36 75.801
249.82 75.711
254.37 75.623
259 75.534
263.71 75.443
268.51 75.35
273.4 75.255
278.38 75.159
283.44 75.063
288.6 74.969
293.85 74.879
299.2 74.792
304.65 74.71
310.19 74.631
315.84 74.557
321.59 74.486
327.44 74.418
333.4 74.354
339.47 74.294
345.64 74.237
351.93 74.185
358.34 74.135
364.86 74.087
371.5 74.041
378.26 73.998
385.15 73.956
392.16 73.915
399.29 73.875
406.56 73.836
413.96 73.798
421.49 73.761
429.16 73.725
436.97 73.69
444.93 73.656
453.02 73.624
461.27 73.592
469.66 73.561
478.21 73.53
486.91 73.501
495.78 73.473
504.8 73.449
513.99 73.427
523.34 73.409
532.87 73.394
542.56 73.381
552.44 73.369
562.49 73.354
572.73 73.338
583.15 73.317
593.77 73.294
604.57 73.271
615.57 73.249
626.78 73.229
638.18 73.211
649.8 73.198
661.63 73.188
673.67 73.181
685.93 73.18
698.41 73.185
711.12 73.197
724.06 73.216
737.24 73.246
750.66 73.286
764.32 73.337
778.23 73.4
792.39 73.474
806.82 73.558
821.5 73.653
836.45 73.756
851.67 73.865
867.17 73.979
882.96 74.096
899.02 74.216
915.39 74.339
932.05 74.465
949.01 74.596
966.28 74.731
983.87 74.871
1001.77 75.014
1020 75.159
1038.57 75.306
1057.47 75.453
1076.71 75.601
1096.31 75.75
1116.26 75.897
1136.58 76.044
1157.26 76.19
1178.32 76.333
1199.77 76.474
1221.6 76.613
1243.84 76.748
1266.47 76.88
1289.52 77.008
1312.99 77.131
1336.89 77.249
1361.22 77.364
1385.99 77.476
1411.22 77.585
1436.9 77.691
1463.05 77.795
1489.68 77.896
1516.79 77.998
1544.4 78.1
1572.5 78.202
1601.12 78.306
1630.26 78.41
1659.93 78.516
1690.14 78.624
1720.9 78.733
1752.22 78.844
1784.11 78.957
1816.58 79.072
1849.64 79.188
1883.3 79.306
1917.58 79.425
1952.48 79.546
1988.01 79.667
2024.19 79.791
2061.03 79.915
2098.54 80.041
2136.73 80.166
2175.62 80.289
2215.22 80.407
2255.53 80.517
2296.58 80.618
2338.38 80.705
2380.94 80.778
2424.27 80.834
2468.39 80.873
2513.31 80.898
2559.05 80.907
2605.63 80.9
2653.05 80.877
2701.33 80.837
2750.5 80.78
2800.55 80.706
2851.52 80.615
2903.42 80.51
2956.26 80.391
3010.06 80.262
3064.85 80.124
3120.62 79.978
3177.42 79.82
3235.25 79.65
3294.13 79.466
3354.08 79.269
3415.12 79.062
3477.27 78.845
3540.56 78.628
3605 78.414
3670.6 78.21
3737.41 78.025
3805.43 77.863
3874.68 77.73
3945.2 77.627
4017 77.554
4090.11 77.509
4164.55 77.49
4240.34 77.493
4317.51 77.515
4396.09 77.55
4476.1 77.595
4557.56 77.648
4640.5 77.706
4724.96 77.767
4810.95 77.829
4898.51 77.892
4987.66 77.954
5078.43 78.016
5170.86 78.08
5264.97 78.147
5360.79 78.221
5458.35 78.304
5557.69 78.396
5658.84 78.499
5761.82 78.608
5866.69 78.72
5973.46 78.834
6082.17 78.944
6192.87 79.052
6305.57 79.157
6420.33 79.26
6537.18 79.362
6656.15 79.461
6777.29 79.554
6900.63 79.637
7026.22 79.703
7154.1 79.746
7284.3 79.761
7416.87 79.74
7551.85 79.676
7689.29 79.558
7829.23 79.376
7971.72 79.115
8116.8 78.758
8264.53 78.292
8414.94 77.711
8568.09 77.021
8724.02 76.248
8882.79 75.427
9044.46 74.606
9209.06 73.829
9376.66 73.138
9547.31 72.561
9721.07 72.114
9897.99 71.791
10078.13 71.571
10261.55 71.42
10448.3 71.295
10638.45 71.153
10832.07 70.966
11029.21 70.72
11229.94 70.432
11434.32 70.137
11642.41 69.888
11854.3 69.737
12070.04 69.722
12289.71 69.86
12513.38 70.137
12741.12 70.516
12973 70.947
13209.1 71.378
13449.5 71.758
13694.28 72.036
13943.51 72.161
14197.27 72.085
14455.66 71.772
14718.74 71.217
14986.62 70.448
15259.37 69.506
15537.08 68.427
15819.85 67.243
16107.76 65.989
16400.92 64.706
16699.41 63.427
17003.33 62.17
17312.78 60.929
17627.86 59.682
17948.68 58.396
18275.34 57.021
18607.94 55.499
18946.6 53.79
19291.42 51.905
19642.52 49.904
20000 47.863