20 80.317
20.36 80.391
20.73 80.464
21.11 80.537
21.5 80.61
21.89 80.683
22.29 80.755
22.69 80.828
23.1 80.9
23.52 80.971
23.95 81.043
24.39 81.113
24.83 81.184
25.28 81.254
25.74 81.323
26.21 81.392
26.69 81.46
27.18 81.527
27.67 81.594
28.17 81.66
28.69 81.725
29.21 81.79
29.74 81.853
30.28 81.915
30.83 81.977
31.39 82.037
31.97 82.096
32.55 82.154
33.14 82.211
33.74 82.267
34.36 82.322
34.98 82.375
35.62 82.427
36.27 82.478
36.93 82.528
37.6 82.576
38.28 82.623
38.98 82.668
39.69 82.713
40.41 82.756
41.15 82.797
41.9 82.837
42.66 82.876
43.44 82.913
44.23 82.95
45.03 82.984
45.85 83.017
46.68 83.048
47.53 83.078
48.4 83.107
49.28 83.133
50.18 83.158
51.09 83.182
52.02 83.203
52.97 83.223
53.93 83.24
54.91 83.256
55.91 83.27
56.93 83.281
57.97 83.291
59.02 83.298
60.09 83.303
61.19 83.306
62.3 83.307
63.44 83.305
64.59 83.302
65.77 83.296
66.96 83.287
68.18 83.276
69.42 83.263
70.69 83.248
71.97 83.23
73.28 83.209
74.62 83.187
75.97 83.161
77.36 83.133
78.76 83.103
80.2 83.069
81.66 83.033
83.14 82.994
84.66 82.952
86.2 82.907
87.77 82.86
89.36 82.808
90.99 82.754
92.65 82.697
94.33 82.636
96.05 82.571
97.8 82.503
99.58 82.432
101.39 82.357
103.23 82.279
105.11 82.197
107.03 82.113
108.97 82.026
110.96 81.937
112.98 81.845
115.03 81.751
117.13 81.653
119.26 81.551
121.43 81.446
123.64 81.336
125.89 81.221
128.18 81.102
130.51 80.979
132.89 80.851
135.31 80.719
137.77 80.583
140.28 80.442
142.83 80.298
145.43 80.151
148.07 79.999
150.77 79.845
153.51 79.688
156.31 79.529
159.15 79.368
162.05 79.205
165 79.04
168 78.873
171.06 78.703
174.17 78.531
177.34 78.356
180.57 78.178
183.86 77.996
187.2 77.811
190.61 77.623
194.08 77.433
197.61 77.24
201.21 77.047
204.87 76.853
208.6 76.659
212.39 76.465
216.26 76.272
220.19 76.08
224.2 75.891
228.28 75.706
232.44 75.524
236.67 75.345
240.97 75.169
245.36 74.996
249.82 74.828
254.37 74.664
259 74.507
263.71 74.356
268.51 74.211
273.4 74.073
278.38 73.942
283.44 73.819
288.6 73.704
293.85 73.598
299.2 73.499
304.65 73.409
310.19 73.326
315.84 73.251
321.59 73.183
327.44 73.123
333.4 73.07
339.47 73.023
345.64 72.983
351.93 72.949
358.34 72.921
364.86 72.898
371.5 72.88
378.26 72.867
385.15 72.859
392.16 72.855
399.29 72.855
406.56 72.859
413.96 72.865
421.49 72.875
429.16 72.887
436.97 72.901
444.93 72.917
453.02 72.934
461.27 72.952
469.66 72.972
478.21 72.992
486.91 73.014
495.78 73.035
504.8 73.058
513.99 73.081
523.34 73.104
532.87 73.128
542.56 73.152
552.44 73.175
562.49 73.199
572.73 73.224
583.15 73.248
593.77 73.273
604.57 73.297
615.57 73.322
626.78 73.348
638.18 73.375
649.8 73.403
661.63 73.433
673.67 73.466
685.93 73.503
698.41 73.543
711.12 73.587
724.06 73.634
737.24 73.684
750.66 73.736
764.32 73.789
778.23 73.845
792.39 73.902
806.82 73.962
821.5 74.023
836.45 74.086
851.67 74.152
867.17 74.22
882.96 74.292
899.02 74.367
915.39 74.448
932.05 74.536
949.01 74.635
966.28 74.747
983.87 74.874
1001.77 75.014
1020 75.165
1038.57 75.323
1057.47 75.487
1076.71 75.651
1096.31 75.815
1116.26 75.978
1136.58 76.137
1157.26 76.292
1178.32 76.443
1199.77 76.589
1221.6 76.731
1243.84 76.869
1266.47 77.003
1289.52 77.134
1312.99 77.264
1336.89 77.39
1361.22 77.515
1385.99 77.635
1411.22 77.751
1436.9 77.864
1463.05 77.974
1489.68 78.083
1516.79 78.191
1544.4 78.3
1572.5 78.412
1601.12 78.528
1630.26 78.649
1659.93 78.775
1690.14 78.906
1720.9 79.041
1752.22 79.181
1784.11 79.325
1816.58 79.474
1849.64 79.629
1883.3 79.788
1917.58 79.952
1952.48 80.122
1988.01 80.296
2024.19 80.476
2061.03 80.659
2098.54 80.846
2136.73 81.035
2175.62 81.225
2215.22 81.416
2255.53 81.608
2296.58 81.799
2338.38 81.99
2380.94 82.178
2424.27 82.363
2468.39 82.543
2513.31 82.716
2559.05 82.88
2605.63 83.035
2653.05 83.176
2701.33 83.304
2750.5 83.415
2800.55 83.508
2851.52 83.58
2903.42 83.63
2956.26 83.656
3010.06 83.657
3064.85 83.634
3120.62 83.585
3177.42 83.513
3235.25 83.417
3294.13 83.3
3354.08 83.162
3415.12 83.005
3477.27 82.832
3540.56 82.645
3605 82.445
3670.6 82.236
3737.41 82.017
3805.43 81.79
3874.68 81.555
3945.2 81.312
4017 81.063
4090.11 80.808
4164.55 80.549
4240.34 80.287
4317.51 80.024
4396.09 79.761
4476.1 79.499
4557.56 79.239
4640.5 78.981
4724.96 78.726
4810.95 78.477
4898.51 78.232
4987.66 77.997
5078.43 77.773
5170.86 77.566
5264.97 77.383
5360.79 77.231
5458.35 77.117
5557.69 77.047
5658.84 77.022
5761.82 77.043
5866.69 77.106
5973.46 77.205
6082.17 77.334
6192.87 77.488
6305.57 77.668
6420.33 77.874
6537.18 78.111
6656.15 78.386
6777.29 78.702
6900.63 79.06
7026.22 79.454
7154.1 79.864
7284.3 80.261
7416.87 80.606
7551.85 80.855
7689.29 80.962
7829.23 80.894
7971.72 80.631
8116.8 80.18
8264.53 79.568
8414.94 78.839
8568.09 78.049
8724.02 77.251
8882.79 76.487
9044.46 75.784
9209.06 75.153
9376.66 74.592
9547.31 74.09
9721.07 73.629
9897.99 73.193
10078.13 72.769
10261.55 72.359
10448.3 71.984
10638.45 71.675
10832.07 71.46
11029.21 71.358
11229.94 71.376
11434.32 71.528
11642.41 71.823
11854.3 72.241
12070.04 72.722
12289.71 73.175
12513.38 73.502
12741.12 73.63
12973 73.53
13209.1 73.226
13449.5 72.779
13694.28 72.269
13943.51 71.77
14197.27 71.327
14455.66 70.94
14718.74 70.563
14986.62 70.117
15259.37 69.522
15537.08 68.727
15819.85 67.74
16107.76 66.628
16400.92 65.499
16699.41 64.468
17003.33 63.632
17312.78 63.047
17627.86 62.72
17948.68 62.609
18275.34 62.635
18607.94 62.699
18946.6 62.718
19291.42 62.657
19642.52 62.543
20000 62.425