20 81.793
20.36 81.856
20.73 81.919
21.11 81.981
21.5 82.044
21.89 82.106
22.29 82.168
22.69 82.23
23.1 82.291
23.52 82.352
23.95 82.413
24.39 82.473
24.83 82.533
25.28 82.592
25.74 82.651
26.21 82.709
26.69 82.767
27.18 82.823
27.67 82.88
28.17 82.935
28.69 82.99
29.21 83.043
29.74 83.096
30.28 83.147
30.83 83.198
31.39 83.248
31.97 83.296
32.55 83.344
33.14 83.39
33.74 83.435
34.36 83.479
34.98 83.522
35.62 83.563
36.27 83.603
36.93 83.642
37.6 83.68
38.28 83.716
38.98 83.752
39.69 83.786
40.41 83.819
41.15 83.85
41.9 83.881
42.66 83.91
43.44 83.938
44.23 83.965
45.03 83.99
45.85 84.014
46.68 84.037
47.53 84.058
48.4 84.079
49.28 84.097
50.18 84.114
51.09 84.13
52.02 84.143
52.97 84.154
53.93 84.164
54.91 84.172
55.91 84.176
56.93 84.18
57.97 84.18
59.02 84.178
60.09 84.174
61.19 84.167
62.3 84.157
63.44 84.146
64.59 84.131
65.77 84.114
66.96 84.095
68.18 84.073
69.42 84.049
70.69 84.022
71.97 83.994
73.28 83.963
74.62 83.929
75.97 83.894
77.36 83.856
78.76 83.815
80.2 83.773
81.66 83.73
83.14 83.683
84.66 83.635
86.2 83.585
87.77 83.533
89.36 83.479
90.99 83.423
92.65 83.364
94.33 83.304
96.05 83.241
97.8 83.176
99.58 83.109
101.39 83.04
103.23 82.968
105.11 82.894
107.03 82.817
108.97 82.738
110.96 82.656
112.98 82.572
115.03 82.485
117.13 82.394
119.26 82.302
121.43 82.206
123.64 82.108
125.89 82.006
128.18 81.902
130.51 81.794
132.89 81.683
135.31 81.566
137.77 81.446
140.28 81.321
142.83 81.19
145.43 81.054
148.07 80.913
150.77 80.767
153.51 80.614
156.31 80.455
159.15 80.291
162.05 80.121
165 79.946
168 79.763
171.06 79.575
174.17 79.381
177.34 79.182
180.57 78.976
183.86 78.763
187.2 78.542
190.61 78.312
194.08 78.072
197.61 77.819
201.21 77.551
204.87 77.266
208.6 76.962
212.39 76.64
216.26 76.298
220.19 75.937
224.2 75.559
228.28 75.17
232.44 74.772
236.67 74.369
240.97 73.966
245.36 73.57
249.82 73.184
254.37 72.815
259 72.466
263.71 72.145
268.51 71.855
273.4 71.604
278.38 71.396
283.44 71.234
288.6 71.123
293.85 71.06
299.2 71.046
304.65 71.075
310.19 71.145
315.84 71.248
321.59 71.378
327.44 71.527
333.4 71.688
339.47 71.853
345.64 72.017
351.93 72.174
358.34 72.321
364.86 72.456
371.5 72.577
378.26 72.686
385.15 72.784
392.16 72.873
399.29 72.954
406.56 73.028
413.96 73.099
421.49 73.166
429.16 73.229
436.97 73.291
444.93 73.349
453.02 73.403
461.27 73.453
469.66 73.498
478.21 73.537
486.91 73.57
495.78 73.597
504.8 73.617
513.99 73.63
523.34 73.638
532.87 73.64
542.56 73.639
552.44 73.633
562.49 73.624
572.73 73.613
583.15 73.598
593.77 73.583
604.57 73.568
615.57 73.552
626.78 73.538
638.18 73.525
649.8 73.514
661.63 73.507
673.67 73.503
685.93 73.504
698.41 73.509
711.12 73.519
724.06 73.534
737.24 73.556
750.66 73.582
764.32 73.615
778.23 73.655
792.39 73.701
806.82 73.756
821.5 73.818
836.45 73.888
851.67 73.966
867.17 74.052
882.96 74.146
899.02 74.248
915.39 74.358
932.05 74.476
949.01 74.601
966.28 74.734
983.87 74.872
1001.77 75.014
1020 75.155
1038.57 75.295
1057.47 75.431
1076.71 75.563
1096.31 75.69
1116.26 75.811
1136.58 75.928
1157.26 76.042
1178.32 76.152
1199.77 76.262
1221.6 76.372
1243.84 76.482
1266.47 76.593
1289.52 76.707
1312.99 76.821
1336.89 76.935
1361.22 77.049
1385.99 77.165
1411.22 77.281
1436.9 77.396
1463.05 77.511
1489.68 77.627
1516.79 77.743
1544.4 77.86
1572.5 77.98
1601.12 78.102
1630.26 78.226
1659.93 78.352
1690.14 78.481
1720.9 78.613
1752.22 78.749
1784.11 78.889
1816.58 79.033
1849.64 79.183
1883.3 79.337
1917.58 79.497
1952.48 79.66
1988.01 79.83
2024.19 80.005
2061.03 80.186
2098.54 80.372
2136.73 80.562
2175.62 80.755
2215.22 80.949
2255.53 81.143
2296.58 81.337
2338.38 81.533
2380.94 81.729
2424.27 81.926
2468.39 82.12
2513.31 82.313
2559.05 82.501
2605.63 82.681
2653.05 82.85
2701.33 83.003
2750.5 83.137
2800.55 83.249
2851.52 83.336
2903.42 83.399
2956.26 83.433
3010.06 83.439
3064.85 83.418
3120.62 83.37
3177.42 83.296
3235.25 83.2
3294.13 83.087
3354.08 82.959
3415.12 82.822
3477.27 82.679
3540.56 82.531
3605 82.382
3670.6 82.228
3737.41 82.07
3805.43 81.908
3874.68 81.74
3945.2 81.569
4017 81.393
4090.11 81.215
4164.55 81.036
4240.34 80.858
4317.51 80.683
4396.09 80.514
4476.1 80.349
4557.56 80.189
4640.5 80.034
4724.96 79.884
4810.95 79.737
4898.51 79.596
4987.66 79.459
5078.43 79.327
5170.86 79.201
5264.97 79.083
5360.79 78.972
5458.35 78.87
5557.69 78.782
5658.84 78.706
5761.82 78.646
5866.69 78.605
5973.46 78.587
6082.17 78.596
6192.87 78.635
6305.57 78.71
6420.33 78.824
6537.18 78.982
6656.15 79.185
6777.29 79.434
6900.63 79.729
7026.22 80.063
7154.1 80.426
7284.3 80.801
7416.87 81.163
7551.85 81.483
7689.29 81.724
7829.23 81.853
7971.72 81.838
8116.8 81.657
8264.53 81.303
8414.94 80.782
8568.09 80.112
8724.02 79.326
8882.79 78.461
9044.46 77.553
9209.06 76.636
9376.66 75.741
9547.31 74.89
9721.07 74.097
9897.99 73.375
10078.13 72.73
10261.55 72.163
10448.3 71.677
10638.45 71.277
10832.07 70.975
11029.21 70.789
11229.94 70.754
11434.32 70.907
11642.41 71.289
11854.3 71.929
12070.04 72.826
12289.71 73.943
12513.38 75.188
12741.12 76.418
12973 77.453
13209.1 78.106
13449.5 78.23
13694.28 77.758
13943.51 76.733
14197.27 75.289
14455.66 73.622
14718.74 71.932
14986.62 70.387
15259.37 69.101
15537.08 68.124
15819.85 67.447
16107.76 67.018
16400.92 66.744
16699.41 66.516
17003.33 66.228
17312.78 65.781
17627.86 65.098
17948.68 64.121
18275.34 62.818
18607.94 61.174
18946.6 59.215
19291.42 57.005
19642.52 54.644
20000 52.232