20 79.982
20.36 80.024
20.73 80.067
21.11 80.109
21.5 80.151
21.89 80.194
22.29 80.235
22.69 80.277
23.1 80.319
23.52 80.36
23.95 80.402
24.39 80.442
24.83 80.484
25.28 80.524
25.74 80.563
26.21 80.604
26.69 80.643
27.18 80.681
27.67 80.72
28.17 80.758
28.69 80.795
29.21 80.832
29.74 80.869
30.28 80.904
30.83 80.94
31.39 80.973
31.97 81.008
32.55 81.041
33.14 81.073
33.74 81.105
34.36 81.136
34.98 81.167
35.62 81.197
36.27 81.226
36.93 81.254
37.6 81.283
38.28 81.312
38.98 81.338
39.69 81.365
40.41 81.392
41.15 81.419
41.9 81.446
42.66 81.472
43.44 81.498
44.23 81.525
45.03 81.551
45.85 81.577
46.68 81.602
47.53 81.629
48.4 81.655
49.28 81.681
50.18 81.707
51.09 81.734
52.02 81.759
52.97 81.784
53.93 81.809
54.91 81.835
55.91 81.859
56.93 81.883
57.97 81.907
59.02 81.93
60.09 81.953
61.19 81.974
62.3 81.996
63.44 82.017
64.59 82.037
65.77 82.056
66.96 82.075
68.18 82.092
69.42 82.11
70.69 82.126
71.97 82.14
73.28 82.154
74.62 82.167
75.97 82.179
77.36 82.19
78.76 82.2
80.2 82.208
81.66 82.215
83.14 82.221
84.66 82.226
86.2 82.229
87.77 82.23
89.36 82.231
90.99 82.23
92.65 82.228
94.33 82.225
96.05 82.22
97.8 82.213
99.58 82.206
101.39 82.196
103.23 82.184
105.11 82.172
107.03 82.157
108.97 82.14
110.96 82.121
112.98 82.1
115.03 82.076
117.13 82.051
119.26 82.024
121.43 81.993
123.64 81.962
125.89 81.928
128.18 81.892
130.51 81.853
132.89 81.812
135.31 81.768
137.77 81.722
140.28 81.671
142.83 81.618
145.43 81.562
148.07 81.502
150.77 81.44
153.51 81.373
156.31 81.305
159.15 81.233
162.05 81.159
165 81.081
168 81.002
171.06 80.92
174.17 80.835
177.34 80.75
180.57 80.661
183.86 80.571
187.2 80.479
190.61 80.385
194.08 80.287
197.61 80.186
201.21 80.083
204.87 79.975
208.6 79.863
212.39 79.746
216.26 79.626
220.19 79.501
224.2 79.374
228.28 79.244
232.44 79.111
236.67 78.977
240.97 78.842
245.36 78.706
249.82 78.569
254.37 78.43
259 78.291
263.71 78.15
268.51 78.006
273.4 77.861
278.38 77.714
283.44 77.564
288.6 77.415
293.85 77.264
299.2 77.113
304.65 76.961
310.19 76.808
315.84 76.655
321.59 76.501
327.44 76.345
333.4 76.188
339.47 76.032
345.64 75.878
351.93 75.728
358.34 75.58
364.86 75.436
371.5 75.295
378.26 75.158
385.15 75.026
392.16 74.897
399.29 74.772
406.56 74.652
413.96 74.535
421.49 74.424
429.16 74.317
436.97 74.216
444.93 74.119
453.02 74.027
461.27 73.94
469.66 73.857
478.21 73.778
486.91 73.705
495.78 73.636
504.8 73.575
513.99 73.517
523.34 73.465
532.87 73.418
542.56 73.378
552.44 73.342
562.49 73.312
572.73 73.286
583.15 73.265
593.77 73.249
604.57 73.237
615.57 73.229
626.78 73.225
638.18 73.225
649.8 73.23
661.63 73.239
673.67 73.252
685.93 73.27
698.41 73.292
711.12 73.316
724.06 73.347
737.24 73.38
750.66 73.418
764.32 73.461
778.23 73.509
792.39 73.562
806.82 73.623
821.5 73.689
836.45 73.763
851.67 73.845
867.17 73.935
882.96 74.034
899.02 74.142
915.39 74.261
932.05 74.39
949.01 74.531
966.28 74.683
983.87 74.845
1001.77 75.017
1020 75.191
1038.57 75.366
1057.47 75.537
1076.71 75.699
1096.31 75.846
1116.26 75.976
1136.58 76.091
1157.26 76.194
1178.32 76.296
1199.77 76.404
1221.6 76.523
1243.84 76.653
1266.47 76.795
1289.52 76.943
1312.99 77.094
1336.89 77.244
1361.22 77.394
1385.99 77.544
1411.22 77.692
1436.9 77.84
1463.05 77.986
1489.68 78.132
1516.79 78.279
1544.4 78.429
1572.5 78.582
1601.12 78.738
1630.26 78.897
1659.93 79.059
1690.14 79.227
1720.9 79.4
1752.22 79.578
1784.11 79.763
1816.58 79.954
1849.64 80.15
1883.3 80.352
1917.58 80.559
1952.48 80.771
1988.01 80.989
2024.19 81.212
2061.03 81.441
2098.54 81.674
2136.73 81.911
2175.62 82.151
2215.22 82.39
2255.53 82.628
2296.58 82.864
2338.38 83.095
2380.94 83.319
2424.27 83.531
2468.39 83.73
2513.31 83.911
2559.05 84.069
2605.63 84.204
2653.05 84.311
2701.33 84.388
2750.5 84.434
2800.55 84.449
2851.52 84.433
2903.42 84.39
2956.26 84.321
3010.06 84.227
3064.85 84.116
3120.62 83.988
3177.42 83.85
3235.25 83.703
3294.13 83.552
3354.08 83.401
3415.12 83.251
3477.27 83.108
3540.56 82.971
3605 82.841
3670.6 82.723
3737.41 82.617
3805.43 82.521
3874.68 82.439
3945.2 82.37
4017 82.313
4090.11 82.272
4164.55 82.244
4240.34 82.233
4317.51 82.236
4396.09 82.255
4476.1 82.29
4557.56 82.338
4640.5 82.397
4724.96 82.464
4810.95 82.535
4898.51 82.604
4987.66 82.667
5078.43 82.717
5170.86 82.75
5264.97 82.761
5360.79 82.745
5458.35 82.701
5557.69 82.628
5658.84 82.526
5761.82 82.399
5866.69 82.251
5973.46 82.089
6082.17 81.923
6192.87 81.763
6305.57 81.623
6420.33 81.511
6537.18 81.444
6656.15 81.433
6777.29 81.488
6900.63 81.619
7026.22 81.832
7154.1 82.121
7284.3 82.477
7416.87 82.873
7551.85 83.266
7689.29 83.605
7829.23 83.829
7971.72 83.878
8116.8 83.709
8264.53 83.297
8414.94 82.647
8568.09 81.793
8724.02 80.788
8882.79 79.695
9044.46 78.575
9209.06 77.485
9376.66 76.461
9547.31 75.536
9721.07 74.725
9897.99 74.04
10078.13 73.486
10261.55 73.071
10448.3 72.803
10638.45 72.698
10832.07 72.779
11029.21 73.075
11229.94 73.613
11434.32 74.411
11642.41 75.471
11854.3 76.751
12070.04 78.165
12289.71 79.573
12513.38 80.796
12741.12 81.654
12973 82.018
13209.1 81.848
13449.5 81.209
13694.28 80.247
13943.51 79.14
14197.27 78.043
14455.66 77.038
14718.74 76.139
14986.62 75.307
15259.37 74.489
15537.08 73.653
15819.85 72.801
16107.76 71.956
16400.92 71.139
16699.41 70.333
17003.33 69.459
17312.78 68.386
17627.86 66.947
17948.68 64.985
18275.34 62.397
18607.94 59.161
18946.6 55.348
19291.42 51.106
19642.52 46.62
20000 42.056