20 85.898
20.36 85.929
20.73 85.96
21.11 85.992
21.5 86.022
21.89 86.054
22.29 86.084
22.69 86.115
23.1 86.145
23.52 86.175
23.95 86.204
24.39 86.233
24.83 86.262
25.28 86.289
25.74 86.316
26.21 86.343
26.69 86.369
27.18 86.394
27.67 86.419
28.17 86.442
28.69 86.465
29.21 86.486
29.74 86.507
30.28 86.527
30.83 86.545
31.39 86.562
31.97 86.579
32.55 86.594
33.14 86.607
33.74 86.619
34.36 86.631
34.98 86.64
35.62 86.648
36.27 86.656
36.93 86.66
37.6 86.665
38.28 86.666
38.98 86.667
39.69 86.666
40.41 86.664
41.15 86.66
41.9 86.654
42.66 86.646
43.44 86.637
44.23 86.625
45.03 86.612
45.85 86.597
46.68 86.58
47.53 86.561
48.4 86.541
49.28 86.518
50.18 86.493
51.09 86.466
52.02 86.437
52.97 86.406
53.93 86.372
54.91 86.337
55.91 86.299
56.93 86.258
57.97 86.215
59.02 86.17
60.09 86.122
61.19 86.072
62.3 86.019
63.44 85.964
64.59 85.906
65.77 85.846
66.96 85.783
68.18 85.718
69.42 85.65
70.69 85.58
71.97 85.508
73.28 85.433
74.62 85.355
75.97 85.276
77.36 85.193
78.76 85.109
80.2 85.022
81.66 84.934
83.14 84.843
84.66 84.751
86.2 84.657
87.77 84.56
89.36 84.461
90.99 84.36
92.65 84.258
94.33 84.153
96.05 84.047
97.8 83.938
99.58 83.828
101.39 83.715
103.23 83.6
105.11 83.483
107.03 83.363
108.97 83.24
110.96 83.114
112.98 82.986
115.03 82.854
117.13 82.721
119.26 82.584
121.43 82.447
123.64 82.306
125.89 82.164
128.18 82.021
130.51 81.873
132.89 81.722
135.31 81.566
137.77 81.405
140.28 81.237
142.83 81.064
145.43 80.885
148.07 80.698
150.77 80.506
153.51 80.307
156.31 80.101
159.15 79.89
162.05 79.671
165 79.446
168 79.215
171.06 78.978
174.17 78.734
177.34 78.483
180.57 78.225
183.86 77.959
187.2 77.686
190.61 77.402
194.08 77.108
197.61 76.799
201.21 76.475
204.87 76.13
208.6 75.766
212.39 75.381
216.26 74.978
220.19 74.559
224.2 74.129
228.28 73.694
232.44 73.264
236.67 72.846
240.97 72.446
245.36 72.074
249.82 71.734
254.37 71.436
259 71.185
263.71 70.984
268.51 70.837
273.4 70.747
278.38 70.713
283.44 70.734
288.6 70.805
293.85 70.919
299.2 71.071
304.65 71.249
310.19 71.447
315.84 71.658
321.59 71.874
327.44 72.088
333.4 72.296
339.47 72.491
345.64 72.671
351.93 72.832
358.34 72.975
364.86 73.1
371.5 73.209
378.26 73.303
385.15 73.385
392.16 73.457
399.29 73.52
406.56 73.577
413.96 73.63
421.49 73.679
429.16 73.724
436.97 73.767
444.93 73.806
453.02 73.841
461.27 73.872
469.66 73.897
478.21 73.916
486.91 73.928
495.78 73.935
504.8 73.935
513.99 73.93
523.34 73.92
532.87 73.906
542.56 73.888
552.44 73.868
562.49 73.845
572.73 73.819
583.15 73.793
593.77 73.766
604.57 73.739
615.57 73.712
626.78 73.688
638.18 73.665
649.8 73.645
661.63 73.627
673.67 73.614
685.93 73.606
698.41 73.602
711.12 73.603
724.06 73.611
737.24 73.625
750.66 73.646
764.32 73.672
778.23 73.707
792.39 73.748
806.82 73.798
821.5 73.855
836.45 73.921
851.67 73.996
867.17 74.077
882.96 74.167
899.02 74.266
915.39 74.372
932.05 74.487
949.01 74.61
966.28 74.74
983.87 74.875
1001.77 75.014
1020 75.153
1038.57 75.291
1057.47 75.426
1076.71 75.555
1096.31 75.681
1116.26 75.8
1136.58 75.915
1157.26 76.026
1178.32 76.135
1199.77 76.242
1221.6 76.349
1243.84 76.458
1266.47 76.569
1289.52 76.682
1312.99 76.795
1336.89 76.909
1361.22 77.024
1385.99 77.14
1411.22 77.256
1436.9 77.372
1463.05 77.488
1489.68 77.604
1516.79 77.72
1544.4 77.838
1572.5 77.959
1601.12 78.081
1630.26 78.205
1659.93 78.333
1690.14 78.464
1720.9 78.599
1752.22 78.739
1784.11 78.882
1816.58 79.032
1849.64 79.186
1883.3 79.346
1917.58 79.51
1952.48 79.68
1988.01 79.854
2024.19 80.035
2061.03 80.221
2098.54 80.412
2136.73 80.608
2175.62 80.806
2215.22 81.006
2255.53 81.207
2296.58 81.41
2338.38 81.614
2380.94 81.82
2424.27 82.026
2468.39 82.23
2513.31 82.433
2559.05 82.63
2605.63 82.818
2653.05 82.993
2701.33 83.152
2750.5 83.291
2800.55 83.406
2851.52 83.496
2903.42 83.559
2956.26 83.593
3010.06 83.597
3064.85 83.572
3120.62 83.518
3177.42 83.438
3235.25 83.335
3294.13 83.213
3354.08 83.076
3415.12 82.929
3477.27 82.775
3540.56 82.617
3605 82.456
3670.6 82.293
3737.41 82.126
3805.43 81.955
3874.68 81.779
3945.2 81.6
4017 81.416
4090.11 81.231
4164.55 81.046
4240.34 80.861
4317.51 80.68
4396.09 80.504
4476.1 80.334
4557.56 80.169
4640.5 80.009
4724.96 79.853
4810.95 79.703
4898.51 79.558
4987.66 79.417
5078.43 79.283
5170.86 79.155
5264.97 79.034
5360.79 78.922
5458.35 78.82
5557.69 78.731
5658.84 78.655
5761.82 78.596
5866.69 78.555
5973.46 78.539
6082.17 78.549
6192.87 78.59
6305.57 78.666
6420.33 78.783
6537.18 78.943
6656.15 79.148
6777.29 79.401
6900.63 79.697
7026.22 80.033
7154.1 80.396
7284.3 80.769
7416.87 81.127
7551.85 81.439
7689.29 81.671
7829.23 81.787
7971.72 81.758
8116.8 81.563
8264.53 81.196
8414.94 80.662
8568.09 79.982
8724.02 79.189
8882.79 78.319
9044.46 77.408
9209.06 76.491
9376.66 75.596
9547.31 74.744
9721.07 73.954
9897.99 73.232
10078.13 72.586
10261.55 72.019
10448.3 71.534
10638.45 71.133
10832.07 70.831
11029.21 70.649
11229.94 70.616
11434.32 70.777
11642.41 71.169
11854.3 71.823
12070.04 72.737
12289.71 73.873
12513.38 75.137
12741.12 76.382
12973 77.426
13209.1 78.083
13449.5 78.206
13694.28 77.733
13943.51 76.709
14197.27 75.275
14455.66 73.626
14718.74 71.96
14986.62 70.442
15259.37 69.181
15537.08 68.22
15819.85 67.55
16107.76 67.112
16400.92 66.815
16699.41 66.553
17003.33 66.217
17312.78 65.713
17627.86 64.969
17948.68 63.93
18275.34 62.561
18607.94 60.855
18946.6 58.835
19291.42 56.566
19642.52 54.146
20000 51.677