20 86.125
20.36 86.127
20.73 86.13
21.11 86.132
21.5 86.135
21.89 86.137
22.29 86.139
22.69 86.14
23.1 86.141
23.52 86.141
23.95 86.141
24.39 86.14
24.83 86.139
25.28 86.136
25.74 86.133
26.21 86.129
26.69 86.124
27.18 86.117
27.67 86.11
28.17 86.102
28.69 86.092
29.21 86.08
29.74 86.068
30.28 86.054
30.83 86.038
31.39 86.021
31.97 86.002
32.55 85.981
33.14 85.958
33.74 85.934
34.36 85.908
34.98 85.88
35.62 85.85
36.27 85.819
36.93 85.786
37.6 85.751
38.28 85.714
38.98 85.677
39.69 85.637
40.41 85.596
41.15 85.553
41.9 85.509
42.66 85.464
43.44 85.417
44.23 85.369
45.03 85.319
45.85 85.268
46.68 85.216
47.53 85.162
48.4 85.108
49.28 85.051
50.18 84.994
51.09 84.936
52.02 84.876
52.97 84.815
53.93 84.752
54.91 84.689
55.91 84.624
56.93 84.558
57.97 84.491
59.02 84.422
60.09 84.352
61.19 84.282
62.3 84.209
63.44 84.137
64.59 84.062
65.77 83.988
66.96 83.912
68.18 83.835
69.42 83.758
70.69 83.68
71.97 83.602
73.28 83.522
74.62 83.443
75.97 83.362
77.36 83.281
78.76 83.198
80.2 83.115
81.66 83.031
83.14 82.947
84.66 82.861
86.2 82.774
87.77 82.686
89.36 82.597
90.99 82.507
92.65 82.416
94.33 82.323
96.05 82.23
97.8 82.135
99.58 82.04
101.39 81.943
103.23 81.847
105.11 81.749
107.03 81.653
108.97 81.556
110.96 81.46
112.98 81.365
115.03 81.27
117.13 81.175
119.26 81.079
121.43 80.983
123.64 80.886
125.89 80.788
128.18 80.689
130.51 80.589
132.89 80.488
135.31 80.386
137.77 80.284
140.28 80.181
142.83 80.078
145.43 79.974
148.07 79.871
150.77 79.768
153.51 79.665
156.31 79.564
159.15 79.462
162.05 79.363
165 79.263
168 79.165
171.06 79.067
174.17 78.97
177.34 78.873
180.57 78.775
183.86 78.677
187.2 78.579
190.61 78.48
194.08 78.381
197.61 78.281
201.21 78.182
204.87 78.083
208.6 77.985
212.39 77.886
216.26 77.789
220.19 77.692
224.2 77.596
228.28 77.501
232.44 77.407
236.67 77.314
240.97 77.222
245.36 77.129
249.82 77.038
254.37 76.947
259 76.858
263.71 76.77
268.51 76.682
273.4 76.596
278.38 76.511
283.44 76.427
288.6 76.345
293.85 76.264
299.2 76.184
304.65 76.106
310.19 76.029
315.84 75.953
321.59 75.878
327.44 75.804
333.4 75.731
339.47 75.659
345.64 75.587
351.93 75.516
358.34 75.445
364.86 75.375
371.5 75.306
378.26 75.237
385.15 75.171
392.16 75.107
399.29 75.044
406.56 74.984
413.96 74.925
421.49 74.867
429.16 74.811
436.97 74.756
444.93 74.702
453.02 74.649
461.27 74.597
469.66 74.547
478.21 74.499
486.91 74.453
495.78 74.409
504.8 74.366
513.99 74.326
523.34 74.287
532.87 74.25
542.56 74.215
552.44 74.182
562.49 74.15
572.73 74.12
583.15 74.093
593.77 74.067
604.57 74.044
615.57 74.023
626.78 74.006
638.18 73.991
649.8 73.981
661.63 73.973
673.67 73.97
685.93 73.971
698.41 73.975
711.12 73.984
724.06 73.997
737.24 74.012
750.66 74.028
764.32 74.046
778.23 74.061
792.39 74.076
806.82 74.09
821.5 74.107
836.45 74.13
851.67 74.164
867.17 74.21
882.96 74.271
899.02 74.346
915.39 74.434
932.05 74.534
949.01 74.644
966.28 74.761
983.87 74.884
1001.77 75.013
1020 75.145
1038.57 75.282
1057.47 75.421
1076.71 75.564
1096.31 75.709
1116.26 75.856
1136.58 76.004
1157.26 76.152
1178.32 76.299
1199.77 76.445
1221.6 76.59
1243.84 76.732
1266.47 76.873
1289.52 77.013
1312.99 77.152
1336.89 77.29
1361.22 77.427
1385.99 77.56
1411.22 77.69
1436.9 77.816
1463.05 77.94
1489.68 78.062
1516.79 78.184
1544.4 78.307
1572.5 78.433
1601.12 78.563
1630.26 78.698
1659.93 78.836
1690.14 78.979
1720.9 79.125
1752.22 79.275
1784.11 79.43
1816.58 79.588
1849.64 79.75
1883.3 79.917
1917.58 80.088
1952.48 80.265
1988.01 80.447
2024.19 80.634
2061.03 80.827
2098.54 81.023
2136.73 81.222
2175.62 81.424
2215.22 81.627
2255.53 81.831
2296.58 82.035
2338.38 82.238
2380.94 82.438
2424.27 82.634
2468.39 82.825
2513.31 83.008
2559.05 83.183
2605.63 83.347
2653.05 83.501
2701.33 83.642
2750.5 83.77
2800.55 83.884
2851.52 83.982
2903.42 84.064
2956.26 84.129
3010.06 84.178
3064.85 84.211
3120.62 84.228
3177.42 84.23
3235.25 84.219
3294.13 84.197
3354.08 84.163
3415.12 84.12
3477.27 84.068
3540.56 84.01
3605 83.946
3670.6 83.877
3737.41 83.805
3805.43 83.728
3874.68 83.651
3945.2 83.572
4017 83.496
4090.11 83.423
4164.55 83.356
4240.34 83.293
4317.51 83.232
4396.09 83.168
4476.1 83.097
4557.56 83.018
4640.5 82.927
4724.96 82.824
4810.95 82.707
4898.51 82.577
4987.66 82.434
5078.43 82.277
5170.86 82.109
5264.97 81.931
5360.79 81.746
5458.35 81.557
5557.69 81.369
5658.84 81.184
5761.82 81.007
5866.69 80.845
5973.46 80.704
6082.17 80.592
6192.87 80.517
6305.57 80.49
6420.33 80.524
6537.18 80.629
6656.15 80.821
6777.29 81.113
6900.63 81.513
7026.22 82.027
7154.1 82.648
7284.3 83.351
7416.87 84.091
7551.85 84.797
7689.29 85.386
7829.23 85.767
7971.72 85.86
8116.8 85.619
8264.53 85.038
8414.94 84.155
8568.09 83.045
8724.02 81.801
8882.79 80.516
9044.46 79.269
9209.06 78.122
9376.66 77.116
9547.31 76.278
9721.07 75.624
9897.99 75.167
10078.13 74.914
10261.55 74.873
10448.3 75.042
10638.45 75.41
10832.07 75.949
11029.21 76.607
11229.94 77.303
11434.32 77.935
11642.41 78.389
11854.3 78.563
12070.04 78.391
12289.71 77.856
12513.38 77.006
12741.12 75.939
12973 74.785
13209.1 73.677
13449.5 72.72
13694.28 71.974
13943.51 71.448
14197.27 71.115
14455.66 70.918
14718.74 70.791
14986.62 70.658
15259.37 70.461
15537.08 70.17
15819.85 69.797
16107.76 69.394
16400.92 69.04
16699.41 68.813
17003.33 68.757
17312.78 68.857
17627.86 69.02
17948.68 69.085
18275.34 68.875
18607.94 68.261
18946.6 67.227
19291.42 65.874
19642.52 64.375
20000 62.869