20 77.24
20.36 77.255
20.73 77.27
21.11 77.285
21.5 77.3
21.89 77.315
22.29 77.33
22.69 77.345
23.1 77.361
23.52 77.376
23.95 77.391
24.39 77.406
24.83 77.422
25.28 77.438
25.74 77.453
26.21 77.469
26.69 77.485
27.18 77.501
27.67 77.517
28.17 77.533
28.69 77.549
29.21 77.565
29.74 77.582
30.28 77.599
30.83 77.615
31.39 77.632
31.97 77.649
32.55 77.666
33.14 77.684
33.74 77.702
34.36 77.719
34.98 77.738
35.62 77.756
36.27 77.774
36.93 77.793
37.6 77.812
38.28 77.831
38.98 77.85
39.69 77.87
40.41 77.89
41.15 77.91
41.9 77.93
42.66 77.951
43.44 77.972
44.23 77.993
45.03 78.015
45.85 78.037
46.68 78.059
47.53 78.081
48.4 78.104
49.28 78.127
50.18 78.15
51.09 78.173
52.02 78.197
52.97 78.22
53.93 78.243
54.91 78.266
55.91 78.289
56.93 78.312
57.97 78.335
59.02 78.357
60.09 78.379
61.19 78.401
62.3 78.423
63.44 78.444
64.59 78.465
65.77 78.487
66.96 78.508
68.18 78.528
69.42 78.549
70.69 78.57
71.97 78.591
73.28 78.611
74.62 78.632
75.97 78.652
77.36 78.672
78.76 78.692
80.2 78.712
81.66 78.732
83.14 78.75
84.66 78.769
86.2 78.787
87.77 78.805
89.36 78.822
90.99 78.838
92.65 78.854
94.33 78.869
96.05 78.884
97.8 78.898
99.58 78.911
101.39 78.924
103.23 78.936
105.11 78.947
107.03 78.957
108.97 78.966
110.96 78.973
112.98 78.979
115.03 78.984
117.13 78.988
119.26 78.989
121.43 78.989
123.64 78.986
125.89 78.982
128.18 78.976
130.51 78.967
132.89 78.956
135.31 78.943
137.77 78.928
140.28 78.91
142.83 78.89
145.43 78.867
148.07 78.842
150.77 78.814
153.51 78.784
156.31 78.75
159.15 78.714
162.05 78.675
165 78.634
168 78.589
171.06 78.542
174.17 78.492
177.34 78.439
180.57 78.384
183.86 78.326
187.2 78.265
190.61 78.2
194.08 78.133
197.61 78.062
201.21 77.986
204.87 77.907
208.6 77.823
212.39 77.735
216.26 77.643
220.19 77.547
224.2 77.448
228.28 77.345
232.44 77.24
236.67 77.132
240.97 77.024
245.36 76.914
249.82 76.803
254.37 76.692
259 76.579
263.71 76.466
268.51 76.353
273.4 76.238
278.38 76.124
283.44 76.01
288.6 75.897
293.85 75.786
299.2 75.677
304.65 75.571
310.19 75.467
315.84 75.367
321.59 75.269
327.44 75.175
333.4 75.085
339.47 74.999
345.64 74.919
351.93 74.845
358.34 74.777
364.86 74.715
371.5 74.659
378.26 74.609
385.15 74.564
392.16 74.525
399.29 74.49
406.56 74.46
413.96 74.434
421.49 74.411
429.16 74.392
436.97 74.377
444.93 74.363
453.02 74.353
461.27 74.344
469.66 74.336
478.21 74.33
486.91 74.325
495.78 74.321
504.8 74.317
513.99 74.314
523.34 74.311
532.87 74.308
542.56 74.304
552.44 74.3
562.49 74.296
572.73 74.291
583.15 74.285
593.77 74.279
604.57 74.273
615.57 74.266
626.78 74.259
638.18 74.252
649.8 74.246
661.63 74.24
673.67 74.234
685.93 74.23
698.41 74.227
711.12 74.224
724.06 74.224
737.24 74.225
750.66 74.229
764.32 74.236
778.23 74.245
792.39 74.259
806.82 74.276
821.5 74.299
836.45 74.327
851.67 74.361
867.17 74.402
882.96 74.45
899.02 74.506
915.39 74.57
932.05 74.642
949.01 74.723
966.28 74.812
983.87 74.908
1001.77 75.01
1020 75.117
1038.57 75.228
1057.47 75.343
1076.71 75.461
1096.31 75.582
1116.26 75.705
1136.58 75.829
1157.26 75.954
1178.32 76.08
1199.77 76.207
1221.6 76.334
1243.84 76.461
1266.47 76.589
1289.52 76.718
1312.99 76.848
1336.89 76.979
1361.22 77.115
1385.99 77.255
1411.22 77.402
1436.9 77.555
1463.05 77.715
1489.68 77.884
1516.79 78.062
1544.4 78.251
1572.5 78.452
1601.12 78.662
1630.26 78.879
1659.93 79.103
1690.14 79.331
1720.9 79.561
1752.22 79.788
1784.11 80.011
1816.58 80.226
1849.64 80.432
1883.3 80.63
1917.58 80.824
1952.48 81.021
1988.01 81.231
2024.19 81.465
2061.03 81.735
2098.54 82.049
2136.73 82.41
2175.62 82.82
2215.22 83.274
2255.53 83.763
2296.58 84.275
2338.38 84.791
2380.94 85.291
2424.27 85.751
2468.39 86.15
2513.31 86.47
2559.05 86.696
2605.63 86.823
2653.05 86.852
2701.33 86.788
2750.5 86.645
2800.55 86.44
2851.52 86.191
2903.42 85.916
2956.26 85.629
3010.06 85.344
3064.85 85.067
3120.62 84.801
3177.42 84.548
3235.25 84.305
3294.13 84.069
3354.08 83.839
3415.12 83.614
3477.27 83.395
3540.56 83.184
3605 82.981
3670.6 82.786
3737.41 82.592
3805.43 82.392
3874.68 82.175
3945.2 81.935
4017 81.669
4090.11 81.379
4164.55 81.075
4240.34 80.769
4317.51 80.475
4396.09 80.205
4476.1 79.965
4557.56 79.756
4640.5 79.572
4724.96 79.405
4810.95 79.242
4898.51 79.073
4987.66 78.887
5078.43 78.679
5170.86 78.446
5264.97 78.192
5360.79 77.924
5458.35 77.658
5557.69 77.411
5658.84 77.203
5761.82 77.056
5866.69 76.992
5973.46 77.031
6082.17 77.18
6192.87 77.433
6305.57 77.771
6420.33 78.171
6537.18 78.618
6656.15 79.113
6777.29 79.674
6900.63 80.321
7026.22 81.069
7154.1 81.913
7284.3 82.823
7416.87 83.742
7551.85 84.591
7689.29 85.279
7829.23 85.719
7971.72 85.838
8116.8 85.593
8264.53 84.976
8414.94 84.011
8568.09 82.763
8724.02 81.317
8882.79 79.776
9044.46 78.236
9209.06 76.783
9376.66 75.479
9547.31 74.36
9721.07 73.435
9897.99 72.685
10078.13 72.079
10261.55 71.575
10448.3 71.137
10638.45 70.736
10832.07 70.364
11029.21 70.032
11229.94 69.766
11434.32 69.61
11642.41 69.612
11854.3 69.825
12070.04 70.288
12289.71 71.017
12513.38 71.988
12741.12 73.129
12973 74.314
13209.1 75.372
13449.5 76.125
13694.28 76.423
13943.51 76.195
14197.27 75.475
14455.66 74.391
14718.74 73.134
14986.62 71.9
15259.37 70.853
15537.08 70.096
15819.85 69.664
16107.76 69.535
16400.92 69.63
16699.41 69.827
17003.33 69.994
17312.78 70.036
17627.86 69.898
17948.68 69.551
18275.34 68.963
18607.94 68.082
18946.6 66.868
19291.42 65.344
19642.52 63.609
20000 61.797