20 82.427
20.36 82.44
20.73 82.453
21.11 82.465
21.5 82.477
21.89 82.49
22.29 82.502
22.69 82.514
23.1 82.526
23.52 82.538
23.95 82.549
24.39 82.561
24.83 82.572
25.28 82.583
25.74 82.594
26.21 82.604
26.69 82.614
27.18 82.624
27.67 82.634
28.17 82.643
28.69 82.652
29.21 82.66
29.74 82.669
30.28 82.676
30.83 82.684
31.39 82.69
31.97 82.697
32.55 82.702
33.14 82.707
33.74 82.712
34.36 82.716
34.98 82.72
35.62 82.723
36.27 82.726
36.93 82.728
37.6 82.729
38.28 82.73
38.98 82.73
39.69 82.73
40.41 82.73
41.15 82.729
41.9 82.727
42.66 82.725
43.44 82.721
44.23 82.718
45.03 82.714
45.85 82.709
46.68 82.704
47.53 82.699
48.4 82.692
49.28 82.685
50.18 82.677
51.09 82.669
52.02 82.66
52.97 82.65
53.93 82.639
54.91 82.628
55.91 82.616
56.93 82.603
57.97 82.589
59.02 82.574
60.09 82.559
61.19 82.542
62.3 82.525
63.44 82.506
64.59 82.486
65.77 82.466
66.96 82.444
68.18 82.42
69.42 82.396
70.69 82.37
71.97 82.342
73.28 82.314
74.62 82.284
75.97 82.252
77.36 82.22
78.76 82.185
80.2 82.15
81.66 82.113
83.14 82.074
84.66 82.034
86.2 81.993
87.77 81.95
89.36 81.906
90.99 81.86
92.65 81.814
94.33 81.766
96.05 81.718
97.8 81.668
99.58 81.618
101.39 81.566
103.23 81.512
105.11 81.456
107.03 81.397
108.97 81.333
110.96 81.266
112.98 81.194
115.03 81.117
117.13 81.038
119.26 80.955
121.43 80.871
123.64 80.786
125.89 80.7
128.18 80.613
130.51 80.525
132.89 80.434
135.31 80.341
137.77 80.244
140.28 80.144
142.83 80.039
145.43 79.929
148.07 79.815
150.77 79.696
153.51 79.572
156.31 79.443
159.15 79.31
162.05 79.173
165 79.032
168 78.887
171.06 78.739
174.17 78.587
177.34 78.434
180.57 78.279
183.86 78.121
187.2 77.96
190.61 77.797
194.08 77.631
197.61 77.461
201.21 77.287
204.87 77.108
208.6 76.923
212.39 76.734
216.26 76.539
220.19 76.341
224.2 76.139
228.28 75.935
232.44 75.731
236.67 75.527
240.97 75.326
245.36 75.126
249.82 74.931
254.37 74.738
259 74.55
263.71 74.365
268.51 74.186
273.4 74.012
278.38 73.843
283.44 73.683
288.6 73.531
293.85 73.388
299.2 73.256
304.65 73.135
310.19 73.026
315.84 72.929
321.59 72.843
327.44 72.77
333.4 72.709
339.47 72.66
345.64 72.623
351.93 72.598
358.34 72.584
364.86 72.581
371.5 72.586
378.26 72.601
385.15 72.623
392.16 72.652
399.29 72.686
406.56 72.725
413.96 72.768
421.49 72.814
429.16 72.861
436.97 72.911
444.93 72.961
453.02 73.011
461.27 73.062
469.66 73.112
478.21 73.162
486.91 73.211
495.78 73.259
504.8 73.306
513.99 73.35
523.34 73.393
532.87 73.434
542.56 73.472
552.44 73.508
562.49 73.541
572.73 73.571
583.15 73.6
593.77 73.627
604.57 73.652
615.57 73.675
626.78 73.697
638.18 73.718
649.8 73.739
661.63 73.76
673.67 73.781
685.93 73.802
698.41 73.824
711.12 73.845
724.06 73.869
737.24 73.892
750.66 73.918
764.32 73.946
778.23 73.976
792.39 74.011
806.82 74.049
821.5 74.092
836.45 74.14
851.67 74.195
867.17 74.255
882.96 74.322
899.02 74.397
915.39 74.48
932.05 74.57
949.01 74.67
966.28 74.777
983.87 74.891
1001.77 75.012
1020 75.137
1038.57 75.265
1057.47 75.398
1076.71 75.533
1096.31 75.67
1116.26 75.809
1136.58 75.949
1157.26 76.091
1178.32 76.233
1199.77 76.374
1221.6 76.516
1243.84 76.656
1266.47 76.798
1289.52 76.939
1312.99 77.081
1336.89 77.224
1361.22 77.369
1385.99 77.52
1411.22 77.676
1436.9 77.837
1463.05 78.006
1489.68 78.182
1516.79 78.367
1544.4 78.563
1572.5 78.77
1601.12 78.987
1630.26 79.211
1659.93 79.441
1690.14 79.676
1720.9 79.914
1752.22 80.15
1784.11 80.38
1816.58 80.602
1849.64 80.814
1883.3 81.016
1917.58 81.209
1952.48 81.402
1988.01 81.602
2024.19 81.82
2061.03 82.067
2098.54 82.352
2136.73 82.68
2175.62 83.054
2215.22 83.469
2255.53 83.919
2296.58 84.393
2338.38 84.877
2380.94 85.351
2424.27 85.794
2468.39 86.186
2513.31 86.51
2559.05 86.753
2605.63 86.908
2653.05 86.975
2701.33 86.957
2750.5 86.866
2800.55 86.717
2851.52 86.524
2903.42 86.303
2956.26 86.069
3010.06 85.831
3064.85 85.592
3120.62 85.354
3177.42 85.115
3235.25 84.867
3294.13 84.606
3354.08 84.331
3415.12 84.044
3477.27 83.756
3540.56 83.48
3605 83.23
3670.6 83.017
3737.41 82.84
3805.43 82.692
3874.68 82.552
3945.2 82.402
4017 82.226
4090.11 82.016
4164.55 81.773
4240.34 81.506
4317.51 81.23
4396.09 80.961
4476.1 80.713
4557.56 80.497
4640.5 80.314
4724.96 80.161
4810.95 80.028
4898.51 79.902
4987.66 79.768
5078.43 79.613
5170.86 79.428
5264.97 79.208
5360.79 78.954
5458.35 78.67
5557.69 78.367
5658.84 78.058
5761.82 77.763
5866.69 77.515
5973.46 77.351
6082.17 77.298
6192.87 77.364
6305.57 77.533
6420.33 77.776
6537.18 78.073
6656.15 78.423
6777.29 78.843
6900.63 79.363
7026.22 80.006
7154.1 80.779
7284.3 81.663
7416.87 82.599
7551.85 83.501
7689.29 84.26
7829.23 84.767
7971.72 84.933
8116.8 84.708
8264.53 84.085
8414.94 83.104
8568.09 81.843
8724.02 80.402
8882.79 78.888
9044.46 77.401
9209.06 76.018
9376.66 74.797
9547.31 73.765
9721.07 72.927
9897.99 72.261
10078.13 71.737
10261.55 71.312
10448.3 70.95
10638.45 70.621
10832.07 70.317
11029.21 70.042
11229.94 69.822
11434.32 69.698
11642.41 69.715
11854.3 69.924
12070.04 70.361
12289.71 71.04
12513.38 71.938
12741.12 72.983
12973 74.048
13209.1 74.967
13449.5 75.568
13694.28 75.713
13943.51 75.342
14197.27 74.502
14455.66 73.327
14718.74 72.008
14986.62 70.741
15259.37 69.687
15537.08 68.951
15819.85 68.584
16107.76 68.581
16400.92 68.872
16699.41 69.325
17003.33 69.768
17312.78 70.051
17627.86 70.07
17948.68 69.764
18275.34 69.094
18607.94 68.032
18946.6 66.582
19291.42 64.802
19642.52 62.811
20000 60.746