20 77.103
20.36 77.185
20.73 77.268
21.11 77.349
21.5 77.431
21.89 77.513
22.29 77.595
22.69 77.676
23.1 77.757
23.52 77.838
23.95 77.919
24.39 77.999
24.83 78.079
25.28 78.159
25.74 78.238
26.21 78.316
26.69 78.394
27.18 78.472
27.67 78.549
28.17 78.625
28.69 78.701
29.21 78.776
29.74 78.851
30.28 78.924
30.83 78.997
31.39 79.069
31.97 79.14
32.55 79.211
33.14 79.279
33.74 79.348
34.36 79.416
34.98 79.482
35.62 79.546
36.27 79.61
36.93 79.671
37.6 79.732
38.28 79.791
38.98 79.848
39.69 79.902
40.41 79.955
41.15 80.006
41.9 80.055
42.66 80.101
43.44 80.145
44.23 80.186
45.03 80.225
45.85 80.261
46.68 80.294
47.53 80.324
48.4 80.352
49.28 80.377
50.18 80.398
51.09 80.418
52.02 80.434
52.97 80.448
53.93 80.46
54.91 80.469
55.91 80.474
56.93 80.478
57.97 80.479
59.02 80.478
60.09 80.474
61.19 80.467
62.3 80.457
63.44 80.445
64.59 80.431
65.77 80.413
66.96 80.393
68.18 80.369
69.42 80.342
70.69 80.312
71.97 80.279
73.28 80.242
74.62 80.203
75.97 80.16
77.36 80.113
78.76 80.064
80.2 80.011
81.66 79.955
83.14 79.896
84.66 79.834
86.2 79.769
87.77 79.7
89.36 79.629
90.99 79.553
92.65 79.475
94.33 79.392
96.05 79.306
97.8 79.215
99.58 79.121
101.39 79.022
103.23 78.92
105.11 78.812
107.03 78.701
108.97 78.585
110.96 78.464
112.98 78.339
115.03 78.209
117.13 78.075
119.26 77.937
121.43 77.794
123.64 77.647
125.89 77.495
128.18 77.339
130.51 77.177
132.89 77.009
135.31 76.833
137.77 76.651
140.28 76.46
142.83 76.262
145.43 76.055
148.07 75.841
150.77 75.62
153.51 75.393
156.31 75.159
159.15 74.918
162.05 74.672
165 74.421
168 74.165
171.06 73.907
174.17 73.647
177.34 73.387
180.57 73.128
183.86 72.87
187.2 72.614
190.61 72.362
194.08 72.113
197.61 71.868
201.21 71.629
204.87 71.394
208.6 71.167
212.39 70.949
216.26 70.741
220.19 70.545
224.2 70.363
228.28 70.198
232.44 70.052
236.67 69.927
240.97 69.823
245.36 69.743
249.82 69.686
254.37 69.651
259 69.639
263.71 69.646
268.51 69.671
273.4 69.712
278.38 69.769
283.44 69.838
288.6 69.919
293.85 70.01
299.2 70.108
304.65 70.213
310.19 70.324
315.84 70.439
321.59 70.557
327.44 70.678
333.4 70.799
339.47 70.92
345.64 71.038
351.93 71.154
358.34 71.266
364.86 71.373
371.5 71.476
378.26 71.574
385.15 71.668
392.16 71.758
399.29 71.844
406.56 71.927
413.96 72.006
421.49 72.08
429.16 72.152
436.97 72.22
444.93 72.284
453.02 72.345
461.27 72.404
469.66 72.46
478.21 72.513
486.91 72.564
495.78 72.612
504.8 72.657
513.99 72.699
523.34 72.739
532.87 72.776
542.56 72.809
552.44 72.841
562.49 72.869
572.73 72.897
583.15 72.923
593.77 72.952
604.57 72.981
615.57 73.013
626.78 73.05
638.18 73.089
649.8 73.131
661.63 73.175
673.67 73.22
685.93 73.265
698.41 73.31
711.12 73.354
724.06 73.399
737.24 73.445
750.66 73.493
764.32 73.544
778.23 73.598
792.39 73.656
806.82 73.719
821.5 73.788
836.45 73.864
851.67 73.946
867.17 74.034
882.96 74.129
899.02 74.231
915.39 74.342
932.05 74.46
949.01 74.586
966.28 74.722
983.87 74.865
1001.77 75.015
1020 75.17
1038.57 75.329
1057.47 75.491
1076.71 75.656
1096.31 75.823
1116.26 75.991
1136.58 76.16
1157.26 76.329
1178.32 76.497
1199.77 76.664
1221.6 76.829
1243.84 76.993
1266.47 77.154
1289.52 77.315
1312.99 77.473
1336.89 77.629
1361.22 77.785
1385.99 77.941
1411.22 78.099
1436.9 78.259
1463.05 78.42
1489.68 78.585
1516.79 78.752
1544.4 78.924
1572.5 79.102
1601.12 79.284
1630.26 79.47
1659.93 79.661
1690.14 79.858
1720.9 80.062
1752.22 80.272
1784.11 80.489
1816.58 80.712
1849.64 80.942
1883.3 81.177
1917.58 81.417
1952.48 81.66
1988.01 81.907
2024.19 82.157
2061.03 82.41
2098.54 82.665
2136.73 82.917
2175.62 83.164
2215.22 83.404
2255.53 83.632
2296.58 83.847
2338.38 84.046
2380.94 84.226
2424.27 84.383
2468.39 84.514
2513.31 84.617
2559.05 84.693
2605.63 84.738
2653.05 84.752
2701.33 84.738
2750.5 84.695
2800.55 84.628
2851.52 84.536
2903.42 84.425
2956.26 84.296
3010.06 84.155
3064.85 84.004
3120.62 83.845
3177.42 83.685
3235.25 83.524
3294.13 83.365
3354.08 83.21
3415.12 83.061
3477.27 82.919
3540.56 82.785
3605 82.66
3670.6 82.543
3737.41 82.437
3805.43 82.34
3874.68 82.252
3945.2 82.173
4017 82.102
4090.11 82.038
4164.55 81.98
4240.34 81.928
4317.51 81.879
4396.09 81.83
4476.1 81.78
4557.56 81.724
4640.5 81.659
4724.96 81.579
4810.95 81.48
4898.51 81.359
4987.66 81.213
5078.43 81.04
5170.86 80.84
5264.97 80.613
5360.79 80.364
5458.35 80.096
5557.69 79.813
5658.84 79.523
5761.82 79.23
5866.69 78.942
5973.46 78.665
6082.17 78.406
6192.87 78.176
6305.57 77.981
6420.33 77.83
6537.18 77.735
6656.15 77.704
6777.29 77.749
6900.63 77.878
7026.22 78.099
7154.1 78.415
7284.3 78.817
7416.87 79.286
7551.85 79.787
7689.29 80.268
7829.23 80.665
7971.72 80.909
8116.8 80.938
8264.53 80.709
8414.94 80.208
8568.09 79.454
8724.02 78.493
8882.79 77.391
9044.46 76.218
9209.06 75.036
9376.66 73.9
9547.31 72.845
9721.07 71.896
9897.99 71.065
10078.13 70.362
10261.55 69.786
10448.3 69.342
10638.45 69.031
10832.07 68.86
11029.21 68.84
11229.94 68.981
11434.32 69.293
11642.41 69.782
11854.3 70.44
12070.04 71.243
12289.71 72.139
12513.38 73.045
12741.12 73.856
12973 74.456
13209.1 74.741
13449.5 74.654
13694.28 74.199
13943.51 73.458
14197.27 72.572
14455.66 71.709
14718.74 71.017
14986.62 70.576
15259.37 70.352
15537.08 70.207
15819.85 69.965
16107.76 69.485
16400.92 68.698
16699.41 67.62
17003.33 66.321
17312.78 64.899
17627.86 63.44
17948.68 62.001
18275.34 60.599
18607.94 59.22
18946.6 57.832
19291.42 56.41
19642.52 54.952
20000 53.477