20 80.121
20.36 80.178
20.73 80.236
21.11 80.295
21.5 80.353
21.89 80.411
22.29 80.468
22.69 80.525
23.1 80.582
23.52 80.638
23.95 80.694
24.39 80.749
24.83 80.804
25.28 80.858
25.74 80.911
26.21 80.963
26.69 81.016
27.18 81.066
27.67 81.116
28.17 81.165
28.69 81.213
29.21 81.259
29.74 81.305
30.28 81.35
30.83 81.392
31.39 81.434
31.97 81.474
32.55 81.513
33.14 81.55
33.74 81.586
34.36 81.621
34.98 81.653
35.62 81.684
36.27 81.713
36.93 81.741
37.6 81.768
38.28 81.792
38.98 81.815
39.69 81.836
40.41 81.856
41.15 81.874
41.9 81.89
42.66 81.904
43.44 81.917
44.23 81.928
45.03 81.937
45.85 81.945
46.68 81.951
47.53 81.954
48.4 81.957
49.28 81.957
50.18 81.955
51.09 81.951
52.02 81.946
52.97 81.938
53.93 81.928
54.91 81.916
55.91 81.902
56.93 81.886
57.97 81.867
59.02 81.846
60.09 81.824
61.19 81.799
62.3 81.771
63.44 81.741
64.59 81.708
65.77 81.673
66.96 81.636
68.18 81.595
69.42 81.552
70.69 81.506
71.97 81.458
73.28 81.406
74.62 81.352
75.97 81.295
77.36 81.234
78.76 81.171
80.2 81.106
81.66 81.037
83.14 80.966
84.66 80.891
86.2 80.814
87.77 80.735
89.36 80.652
90.99 80.566
92.65 80.477
94.33 80.384
96.05 80.288
97.8 80.188
99.58 80.085
101.39 79.979
103.23 79.868
105.11 79.754
107.03 79.636
108.97 79.513
110.96 79.388
112.98 79.257
115.03 79.123
117.13 78.985
119.26 78.844
121.43 78.698
123.64 78.55
125.89 78.399
128.18 78.243
130.51 78.084
132.89 77.919
135.31 77.749
137.77 77.573
140.28 77.39
142.83 77.2
145.43 77.003
148.07 76.799
150.77 76.588
153.51 76.371
156.31 76.147
159.15 75.917
162.05 75.682
165 75.441
168 75.196
171.06 74.949
174.17 74.7
177.34 74.449
180.57 74.199
183.86 73.949
187.2 73.699
190.61 73.45
194.08 73.202
197.61 72.956
201.21 72.71
204.87 72.466
208.6 72.224
212.39 71.986
216.26 71.753
220.19 71.528
224.2 71.313
228.28 71.111
232.44 70.925
236.67 70.756
240.97 70.606
245.36 70.475
249.82 70.363
254.37 70.271
259 70.199
263.71 70.146
268.51 70.113
273.4 70.096
278.38 70.098
283.44 70.116
288.6 70.149
293.85 70.195
299.2 70.254
304.65 70.324
310.19 70.402
315.84 70.488
321.59 70.581
327.44 70.679
333.4 70.78
339.47 70.883
345.64 70.987
351.93 71.09
358.34 71.193
364.86 71.293
371.5 71.391
378.26 71.486
385.15 71.578
392.16 71.668
399.29 71.754
406.56 71.837
413.96 71.917
421.49 71.993
429.16 72.066
436.97 72.135
444.93 72.201
453.02 72.265
461.27 72.326
469.66 72.384
478.21 72.441
486.91 72.494
495.78 72.546
504.8 72.595
513.99 72.641
523.34 72.685
532.87 72.726
542.56 72.764
552.44 72.799
562.49 72.831
572.73 72.863
583.15 72.893
593.77 72.923
604.57 72.955
615.57 72.989
626.78 73.026
638.18 73.066
649.8 73.109
661.63 73.154
673.67 73.201
685.93 73.247
698.41 73.293
711.12 73.34
724.06 73.385
737.24 73.433
750.66 73.481
764.32 73.533
778.23 73.588
792.39 73.647
806.82 73.711
821.5 73.782
836.45 73.859
851.67 73.941
867.17 74.03
882.96 74.125
899.02 74.228
915.39 74.338
932.05 74.456
949.01 74.584
966.28 74.72
983.87 74.864
1001.77 75.015
1020 75.171
1038.57 75.331
1057.47 75.494
1076.71 75.66
1096.31 75.828
1116.26 75.996
1136.58 76.166
1157.26 76.335
1178.32 76.503
1199.77 76.671
1221.6 76.836
1243.84 76.999
1266.47 77.161
1289.52 77.321
1312.99 77.479
1336.89 77.635
1361.22 77.79
1385.99 77.948
1411.22 78.106
1436.9 78.267
1463.05 78.43
1489.68 78.594
1516.79 78.763
1544.4 78.936
1572.5 79.115
1601.12 79.298
1630.26 79.485
1659.93 79.677
1690.14 79.876
1720.9 80.082
1752.22 80.294
1784.11 80.513
1816.58 80.738
1849.64 80.971
1883.3 81.209
1917.58 81.451
1952.48 81.698
1988.01 81.949
2024.19 82.203
2061.03 82.459
2098.54 82.717
2136.73 82.974
2175.62 83.226
2215.22 83.469
2255.53 83.703
2296.58 83.922
2338.38 84.125
2380.94 84.309
2424.27 84.47
2468.39 84.604
2513.31 84.711
2559.05 84.787
2605.63 84.833
2653.05 84.849
2701.33 84.834
2750.5 84.791
2800.55 84.721
2851.52 84.627
2903.42 84.513
2956.26 84.382
3010.06 84.237
3064.85 84.082
3120.62 83.921
3177.42 83.757
3235.25 83.592
3294.13 83.429
3354.08 83.271
3415.12 83.118
3477.27 82.973
3540.56 82.836
3605 82.708
3670.6 82.59
3737.41 82.481
3805.43 82.383
3874.68 82.293
3945.2 82.213
4017 82.14
4090.11 82.075
4164.55 82.016
4240.34 81.962
4317.51 81.912
4396.09 81.861
4476.1 81.81
4557.56 81.753
4640.5 81.686
4724.96 81.604
4810.95 81.504
4898.51 81.381
4987.66 81.233
5078.43 81.058
5170.86 80.856
5264.97 80.627
5360.79 80.375
5458.35 80.104
5557.69 79.819
5658.84 79.527
5761.82 79.232
5866.69 78.941
5973.46 78.661
6082.17 78.4
6192.87 78.166
6305.57 77.968
6420.33 77.816
6537.18 77.718
6656.15 77.685
6777.29 77.726
6900.63 77.853
7026.22 78.073
7154.1 78.387
7284.3 78.788
7416.87 79.259
7551.85 79.762
7689.29 80.248
7829.23 80.651
7971.72 80.903
8116.8 80.941
8264.53 80.723
8414.94 80.231
8568.09 79.484
8724.02 78.53
8882.79 77.433
9044.46 76.262
9209.06 75.083
9376.66 73.947
9547.31 72.893
9721.07 71.945
9897.99 71.117
10078.13 70.414
10261.55 69.84
10448.3 69.398
10638.45 69.089
10832.07 68.921
11029.21 68.902
11229.94 69.045
11434.32 69.359
11642.41 69.848
11854.3 70.506
12070.04 71.308
12289.71 72.201
12513.38 73.103
12741.12 73.909
12973 74.502
13209.1 74.781
13449.5 74.684
13694.28 74.219
13943.51 73.468
14197.27 72.572
14455.66 71.7
14718.74 71.004
14986.62 70.563
15259.37 70.345
15537.08 70.212
15819.85 69.987
16107.76 69.528
16400.92 68.767
16699.41 67.716
17003.33 66.444
17312.78 65.047
17627.86 63.609
17948.68 62.187
18275.34 60.797
18607.94 59.422
18946.6 58.033
19291.42 56.604
19642.52 55.135
20000 53.649