20 82.801
20.36 82.836
20.73 82.871
21.11 82.906
21.5 82.941
21.89 82.975
22.29 83.01
22.69 83.044
23.1 83.079
23.52 83.113
23.95 83.147
24.39 83.18
24.83 83.214
25.28 83.247
25.74 83.279
26.21 83.312
26.69 83.344
27.18 83.375
27.67 83.406
28.17 83.437
28.69 83.467
29.21 83.496
29.74 83.526
30.28 83.555
30.83 83.582
31.39 83.61
31.97 83.636
32.55 83.662
33.14 83.688
33.74 83.712
34.36 83.736
34.98 83.759
35.62 83.781
36.27 83.803
36.93 83.824
37.6 83.843
38.28 83.862
38.98 83.881
39.69 83.898
40.41 83.913
41.15 83.929
41.9 83.943
42.66 83.956
43.44 83.969
44.23 83.98
45.03 83.99
45.85 83.999
46.68 84.007
47.53 84.014
48.4 84.019
49.28 84.023
50.18 84.025
51.09 84.027
52.02 84.027
52.97 84.025
53.93 84.022
54.91 84.016
55.91 84.009
56.93 84
57.97 83.989
59.02 83.976
60.09 83.96
61.19 83.943
62.3 83.924
63.44 83.903
64.59 83.878
65.77 83.854
66.96 83.826
68.18 83.796
69.42 83.765
70.69 83.731
71.97 83.696
73.28 83.659
74.62 83.62
75.97 83.58
77.36 83.536
78.76 83.491
80.2 83.444
81.66 83.394
83.14 83.343
84.66 83.289
86.2 83.233
87.77 83.175
89.36 83.114
90.99 83.051
92.65 82.986
94.33 82.917
96.05 82.847
97.8 82.774
99.58 82.697
101.39 82.619
103.23 82.536
105.11 82.452
107.03 82.364
108.97 82.273
110.96 82.179
112.98 82.082
115.03 81.981
117.13 81.878
119.26 81.772
121.43 81.663
123.64 81.553
125.89 81.439
128.18 81.324
130.51 81.205
132.89 81.083
135.31 80.957
137.77 80.827
140.28 80.693
142.83 80.554
145.43 80.411
148.07 80.265
150.77 80.114
153.51 79.96
156.31 79.802
159.15 79.641
162.05 79.477
165 79.312
168 79.144
171.06 78.974
174.17 78.803
177.34 78.632
180.57 78.461
183.86 78.291
187.2 78.12
190.61 77.949
194.08 77.779
197.61 77.607
201.21 77.434
204.87 77.26
208.6 77.084
212.39 76.907
216.26 76.728
220.19 76.548
224.2 76.368
228.28 76.191
232.44 76.016
236.67 75.844
240.97 75.677
245.36 75.515
249.82 75.357
254.37 75.204
259 75.056
263.71 74.913
268.51 74.774
273.4 74.639
278.38 74.51
283.44 74.385
288.6 74.267
293.85 74.153
299.2 74.046
304.65 73.945
310.19 73.849
315.84 73.759
321.59 73.675
327.44 73.596
333.4 73.521
339.47 73.453
345.64 73.39
351.93 73.333
358.34 73.281
364.86 73.236
371.5 73.194
378.26 73.158
385.15 73.127
392.16 73.1
399.29 73.077
406.56 73.057
413.96 73.041
421.49 73.028
429.16 73.018
436.97 73.01
444.93 73.004
453.02 73.002
461.27 73.001
469.66 73.003
478.21 73.006
486.91 73.011
495.78 73.018
504.8 73.025
513.99 73.036
523.34 73.046
532.87 73.057
542.56 73.071
552.44 73.084
562.49 73.098
572.73 73.113
583.15 73.128
593.77 73.145
604.57 73.163
615.57 73.183
626.78 73.204
638.18 73.227
649.8 73.253
661.63 73.28
673.67 73.311
685.93 73.344
698.41 73.38
711.12 73.419
724.06 73.461
737.24 73.506
750.66 73.555
764.32 73.606
778.23 73.66
792.39 73.718
806.82 73.779
821.5 73.842
836.45 73.91
851.67 73.983
867.17 74.062
882.96 74.149
899.02 74.245
915.39 74.349
932.05 74.463
949.01 74.586
966.28 74.719
983.87 74.862
1001.77 75.015
1020 75.178
1038.57 75.351
1057.47 75.531
1076.71 75.716
1096.31 75.903
1116.26 76.09
1136.58 76.274
1157.26 76.455
1178.32 76.632
1199.77 76.804
1221.6 76.971
1243.84 77.133
1266.47 77.291
1289.52 77.445
1312.99 77.594
1336.89 77.739
1361.22 77.882
1385.99 78.023
1411.22 78.165
1436.9 78.306
1463.05 78.447
1489.68 78.589
1516.79 78.733
1544.4 78.879
1572.5 79.03
1601.12 79.184
1630.26 79.341
1659.93 79.502
1690.14 79.669
1720.9 79.842
1752.22 80.021
1784.11 80.207
1816.58 80.399
1849.64 80.598
1883.3 80.804
1917.58 81.017
1952.48 81.235
1988.01 81.461
2024.19 81.694
2061.03 81.935
2098.54 82.183
2136.73 82.437
2175.62 82.693
2215.22 82.952
2255.53 83.212
2296.58 83.47
2338.38 83.724
2380.94 83.97
2424.27 84.205
2468.39 84.425
2513.31 84.625
2559.05 84.803
2605.63 84.955
2653.05 85.077
2701.33 85.169
2750.5 85.229
2800.55 85.256
2851.52 85.252
2903.42 85.216
2956.26 85.151
3010.06 85.058
3064.85 84.941
3120.62 84.804
3177.42 84.648
3235.25 84.479
3294.13 84.3
3354.08 84.116
3415.12 83.928
3477.27 83.741
3540.56 83.558
3605 83.38
3670.6 83.21
3737.41 83.049
3805.43 82.898
3874.68 82.757
3945.2 82.627
4017 82.508
4090.11 82.401
4164.55 82.306
4240.34 82.223
4317.51 82.154
4396.09 82.099
4476.1 82.057
4557.56 82.027
4640.5 82.008
4724.96 81.997
4810.95 81.992
4898.51 81.99
4987.66 81.987
5078.43 81.979
5170.86 81.963
5264.97 81.935
5360.79 81.893
5458.35 81.836
5557.69 81.762
5658.84 81.673
5761.82 81.571
5866.69 81.458
5973.46 81.339
6082.17 81.223
6192.87 81.115
6305.57 81.023
6420.33 80.958
6537.18 80.929
6656.15 80.948
6777.29 81.025
6900.63 81.173
7026.22 81.402
7154.1 81.717
7284.3 82.118
7416.87 82.589
7551.85 83.104
7689.29 83.617
7829.23 84.066
7971.72 84.383
8116.8 84.499
8264.53 84.362
8414.94 83.945
8568.09 83.255
8724.02 82.332
8882.79 81.24
9044.46 80.051
9209.06 78.836
9376.66 77.655
9547.31 76.556
9721.07 75.57
9897.99 74.713
10078.13 73.997
10261.55 73.42
10448.3 72.983
10638.45 72.682
10832.07 72.512
11029.21 72.469
11229.94 72.544
11434.32 72.726
11642.41 73.001
11854.3 73.348
12070.04 73.735
12289.71 74.123
12513.38 74.459
12741.12 74.687
12973 74.751
13209.1 74.612
13449.5 74.256
13694.28 73.707
13943.51 73.028
14197.27 72.304
14455.66 71.624
14718.74 71.056
14986.62 70.627
15259.37 70.316
15537.08 70.055
15819.85 69.751
16107.76 69.312
16400.92 68.674
16699.41 67.816
17003.33 66.756
17312.78 65.542
17627.86 64.221
17948.68 62.829
18275.34 61.38
18607.94 59.872
18946.6 58.3
19291.42 56.668
19642.52 54.998
20000 53.313