20 81.577
20.36 81.588
20.73 81.599
21.11 81.611
21.5 81.622
21.89 81.632
22.29 81.644
22.69 81.653
23.1 81.663
23.52 81.672
23.95 81.682
24.39 81.69
24.83 81.697
25.28 81.704
25.74 81.71
26.21 81.716
26.69 81.72
27.18 81.724
27.67 81.726
28.17 81.727
28.69 81.728
29.21 81.727
29.74 81.725
30.28 81.721
30.83 81.717
31.39 81.709
31.97 81.702
32.55 81.693
33.14 81.682
33.74 81.669
34.36 81.655
34.98 81.639
35.62 81.622
36.27 81.603
36.93 81.583
37.6 81.561
38.28 81.539
38.98 81.514
39.69 81.489
40.41 81.462
41.15 81.435
41.9 81.406
42.66 81.376
43.44 81.345
44.23 81.313
45.03 81.28
45.85 81.246
46.68 81.212
47.53 81.177
48.4 81.14
49.28 81.103
50.18 81.065
51.09 81.027
52.02 80.987
52.97 80.945
53.93 80.904
54.91 80.861
55.91 80.818
56.93 80.772
57.97 80.727
59.02 80.68
60.09 80.631
61.19 80.583
62.3 80.532
63.44 80.481
64.59 80.43
65.77 80.377
66.96 80.323
68.18 80.27
69.42 80.216
70.69 80.162
71.97 80.106
73.28 80.051
74.62 79.995
75.97 79.939
77.36 79.884
78.76 79.827
80.2 79.771
81.66 79.713
83.14 79.655
84.66 79.598
86.2 79.54
87.77 79.482
89.36 79.423
90.99 79.364
92.65 79.305
94.33 79.245
96.05 79.185
97.8 79.124
99.58 79.063
101.39 79.001
103.23 78.94
105.11 78.877
107.03 78.814
108.97 78.751
110.96 78.687
112.98 78.623
115.03 78.56
117.13 78.496
119.26 78.432
121.43 78.368
123.64 78.304
125.89 78.241
128.18 78.179
130.51 78.116
132.89 78.054
135.31 77.991
137.77 77.929
140.28 77.867
142.83 77.805
145.43 77.742
148.07 77.678
150.77 77.614
153.51 77.55
156.31 77.486
159.15 77.42
162.05 77.355
165 77.29
168 77.226
171.06 77.161
174.17 77.098
177.34 77.036
180.57 76.975
183.86 76.914
187.2 76.853
190.61 76.795
194.08 76.736
197.61 76.677
201.21 76.618
204.87 76.556
208.6 76.493
212.39 76.429
216.26 76.364
220.19 76.298
224.2 76.231
228.28 76.165
232.44 76.1
236.67 76.035
240.97 75.971
245.36 75.908
249.82 75.846
254.37 75.784
259 75.725
263.71 75.665
268.51 75.606
273.4 75.547
278.38 75.489
283.44 75.43
288.6 75.374
293.85 75.316
299.2 75.26
304.65 75.205
310.19 75.149
315.84 75.094
321.59 75.039
327.44 74.984
333.4 74.93
339.47 74.876
345.64 74.824
351.93 74.772
358.34 74.722
364.86 74.672
371.5 74.625
378.26 74.579
385.15 74.533
392.16 74.49
399.29 74.448
406.56 74.407
413.96 74.367
421.49 74.327
429.16 74.289
436.97 74.253
444.93 74.217
453.02 74.182
461.27 74.147
469.66 74.113
478.21 74.079
486.91 74.047
495.78 74.014
504.8 73.984
513.99 73.954
523.34 73.925
532.87 73.897
542.56 73.871
552.44 73.848
562.49 73.825
572.73 73.805
583.15 73.787
593.77 73.77
604.57 73.757
615.57 73.746
626.78 73.736
638.18 73.729
649.8 73.724
661.63 73.721
673.67 73.72
685.93 73.721
698.41 73.724
711.12 73.732
724.06 73.744
737.24 73.76
750.66 73.782
764.32 73.808
778.23 73.841
792.39 73.88
806.82 73.923
821.5 73.973
836.45 74.03
851.67 74.093
867.17 74.163
882.96 74.24
899.02 74.324
915.39 74.418
932.05 74.52
949.01 74.63
966.28 74.751
983.87 74.878
1001.77 75.013
1020 75.152
1038.57 75.296
1057.47 75.444
1076.71 75.593
1096.31 75.744
1116.26 75.897
1136.58 76.05
1157.26 76.203
1178.32 76.354
1199.77 76.504
1221.6 76.652
1243.84 76.796
1266.47 76.939
1289.52 77.079
1312.99 77.216
1336.89 77.35
1361.22 77.481
1385.99 77.613
1411.22 77.745
1436.9 77.877
1463.05 78.009
1489.68 78.142
1516.79 78.275
1544.4 78.411
1572.5 78.551
1601.12 78.693
1630.26 78.838
1659.93 78.984
1690.14 79.134
1720.9 79.289
1752.22 79.445
1784.11 79.607
1816.58 79.771
1849.64 79.938
1883.3 80.108
1917.58 80.281
1952.48 80.455
1988.01 80.632
2024.19 80.811
2061.03 80.99
2098.54 81.17
2136.73 81.348
2175.62 81.523
2215.22 81.693
2255.53 81.856
2296.58 82.01
2338.38 82.155
2380.94 82.29
2424.27 82.413
2468.39 82.52
2513.31 82.611
2559.05 82.687
2605.63 82.744
2653.05 82.783
2701.33 82.804
2750.5 82.805
2800.55 82.787
2851.52 82.751
2903.42 82.697
2956.26 82.626
3010.06 82.54
3064.85 82.441
3120.62 82.328
3177.42 82.207
3235.25 82.076
3294.13 81.94
3354.08 81.798
3415.12 81.654
3477.27 81.508
3540.56 81.361
3605 81.214
3670.6 81.067
3737.41 80.921
3805.43 80.774
3874.68 80.627
3945.2 80.48
4017 80.33
4090.11 80.177
4164.55 80.023
4240.34 79.865
4317.51 79.707
4396.09 79.548
4476.1 79.387
4557.56 79.228
4640.5 79.066
4724.96 78.903
4810.95 78.74
4898.51 78.573
4987.66 78.405
5078.43 78.235
5170.86 78.065
5264.97 77.896
5360.79 77.73
5458.35 77.569
5557.69 77.417
5658.84 77.276
5761.82 77.149
5866.69 77.041
5973.46 76.956
6082.17 76.901
6192.87 76.881
6305.57 76.907
6420.33 76.986
6537.18 77.129
6656.15 77.349
6777.29 77.653
6900.63 78.051
7026.22 78.546
7154.1 79.134
7284.3 79.8
7416.87 80.51
7551.85 81.21
7689.29 81.828
7829.23 82.285
7971.72 82.504
8116.8 82.428
8264.53 82.035
8414.94 81.338
8568.09 80.389
8724.02 79.27
8882.79 78.066
9044.46 76.862
9209.06 75.722
9376.66 74.694
9547.31 73.801
9721.07 73.05
9897.99 72.426
10078.13 71.904
10261.55 71.455
10448.3 71.05
10638.45 70.684
10832.07 70.392
11029.21 70.244
11229.94 70.315
11434.32 70.611
11642.41 71.049
11854.3 71.493
12070.04 71.812
12289.71 71.906
12513.38 71.724
12741.12 71.275
12973 70.613
13209.1 69.828
13449.5 69.022
13694.28 68.298
13943.51 67.736
14197.27 67.38
14455.66 67.233
14718.74 67.243
14986.62 67.317
15259.37 67.333
15537.08 67.165
15819.85 66.726
16107.76 65.99
16400.92 64.989
16699.41 63.798
17003.33 62.487
17312.78 61.1
17627.86 59.626
17948.68 58.017
18275.34 56.195
18607.94 54.096
18946.6 51.691
19291.42 49.023
19642.52 46.187
20000 43.296