20 80.816
20.36 80.853
20.73 80.889
21.11 80.925
21.5 80.961
21.89 80.996
22.29 81.031
22.69 81.067
23.1 81.101
23.52 81.135
23.95 81.168
24.39 81.201
24.83 81.233
25.28 81.264
25.74 81.295
26.21 81.325
26.69 81.353
27.18 81.381
27.67 81.408
28.17 81.433
28.69 81.458
29.21 81.48
29.74 81.502
30.28 81.523
30.83 81.541
31.39 81.559
31.97 81.575
32.55 81.589
33.14 81.601
33.74 81.611
34.36 81.62
34.98 81.628
35.62 81.633
36.27 81.637
36.93 81.639
37.6 81.64
38.28 81.639
38.98 81.636
39.69 81.632
40.41 81.627
41.15 81.62
41.9 81.611
42.66 81.601
43.44 81.589
44.23 81.576
45.03 81.562
45.85 81.546
46.68 81.529
47.53 81.511
48.4 81.491
49.28 81.47
50.18 81.448
51.09 81.424
52.02 81.399
52.97 81.372
53.93 81.345
54.91 81.316
55.91 81.285
56.93 81.253
57.97 81.22
59.02 81.186
60.09 81.15
61.19 81.113
62.3 81.075
63.44 81.035
64.59 80.995
65.77 80.953
66.96 80.91
68.18 80.866
69.42 80.82
70.69 80.774
71.97 80.726
73.28 80.678
74.62 80.628
75.97 80.578
77.36 80.526
78.76 80.473
80.2 80.419
81.66 80.363
83.14 80.307
84.66 80.249
86.2 80.19
87.77 80.129
89.36 80.067
90.99 80.004
92.65 79.94
94.33 79.874
96.05 79.807
97.8 79.738
99.58 79.668
101.39 79.598
103.23 79.526
105.11 79.453
107.03 79.381
108.97 79.308
110.96 79.235
112.98 79.162
115.03 79.089
117.13 79.015
119.26 78.941
121.43 78.865
123.64 78.789
125.89 78.711
128.18 78.632
130.51 78.551
132.89 78.469
135.31 78.387
137.77 78.303
140.28 78.219
142.83 78.134
145.43 78.049
148.07 77.963
150.77 77.877
153.51 77.791
156.31 77.706
159.15 77.621
162.05 77.537
165 77.453
168 77.37
171.06 77.287
174.17 77.205
177.34 77.121
180.57 77.038
183.86 76.955
187.2 76.87
190.61 76.785
194.08 76.7
197.61 76.614
201.21 76.529
204.87 76.443
208.6 76.358
212.39 76.272
216.26 76.187
220.19 76.103
224.2 76.019
228.28 75.937
232.44 75.855
236.67 75.774
240.97 75.693
245.36 75.613
249.82 75.533
254.37 75.455
259 75.377
263.71 75.301
268.51 75.225
273.4 75.151
278.38 75.077
283.44 75.005
288.6 74.934
293.85 74.865
299.2 74.797
304.65 74.73
310.19 74.664
315.84 74.6
321.59 74.536
327.44 74.473
333.4 74.412
339.47 74.351
345.64 74.292
351.93 74.233
358.34 74.174
364.86 74.116
371.5 74.06
378.26 74.005
385.15 73.951
392.16 73.899
399.29 73.85
406.56 73.802
413.96 73.756
421.49 73.711
429.16 73.669
436.97 73.627
444.93 73.587
453.02 73.549
461.27 73.512
469.66 73.476
478.21 73.443
486.91 73.412
495.78 73.383
504.8 73.356
513.99 73.33
523.34 73.307
532.87 73.286
542.56 73.267
552.44 73.25
562.49 73.235
572.73 73.222
583.15 73.212
593.77 73.204
604.57 73.199
615.57 73.196
626.78 73.197
638.18 73.2
649.8 73.206
661.63 73.216
673.67 73.229
685.93 73.247
698.41 73.268
711.12 73.293
724.06 73.323
737.24 73.358
750.66 73.398
764.32 73.442
778.23 73.492
792.39 73.547
806.82 73.607
821.5 73.674
836.45 73.748
851.67 73.83
867.17 73.922
882.96 74.024
899.02 74.137
915.39 74.259
932.05 74.392
949.01 74.535
966.28 74.687
983.87 74.847
1001.77 75.017
1020 75.195
1038.57 75.384
1057.47 75.582
1076.71 75.791
1096.31 76.01
1116.26 76.241
1136.58 76.481
1157.26 76.729
1178.32 76.983
1199.77 77.243
1221.6 77.506
1243.84 77.769
1266.47 78.031
1289.52 78.291
1312.99 78.547
1336.89 78.796
1361.22 79.036
1385.99 79.262
1411.22 79.474
1436.9 79.672
1463.05 79.857
1489.68 80.03
1516.79 80.194
1544.4 80.351
1572.5 80.505
1601.12 80.655
1630.26 80.803
1659.93 80.946
1690.14 81.085
1720.9 81.217
1752.22 81.341
1784.11 81.456
1816.58 81.559
1849.64 81.649
1883.3 81.725
1917.58 81.785
1952.48 81.829
1988.01 81.856
2024.19 81.864
2061.03 81.855
2098.54 81.829
2136.73 81.784
2175.62 81.723
2215.22 81.647
2255.53 81.556
2296.58 81.452
2338.38 81.337
2380.94 81.212
2424.27 81.078
2468.39 80.937
2513.31 80.787
2559.05 80.629
2605.63 80.463
2653.05 80.286
2701.33 80.099
2750.5 79.903
2800.55 79.697
2851.52 79.485
2903.42 79.271
2956.26 79.055
3010.06 78.841
3064.85 78.63
3120.62 78.425
3177.42 78.228
3235.25 78.04
3294.13 77.864
3354.08 77.701
3415.12 77.554
3477.27 77.427
3540.56 77.324
3605 77.248
3670.6 77.201
3737.41 77.183
3805.43 77.195
3874.68 77.233
3945.2 77.294
4017 77.37
4090.11 77.451
4164.55 77.526
4240.34 77.583
4317.51 77.613
4396.09 77.61
4476.1 77.582
4557.56 77.544
4640.5 77.517
4724.96 77.526
4810.95 77.588
4898.51 77.709
4987.66 77.885
5078.43 78.105
5170.86 78.351
5264.97 78.605
5360.79 78.854
5458.35 79.086
5557.69 79.295
5658.84 79.477
5761.82 79.633
5866.69 79.767
5973.46 79.885
6082.17 80.001
6192.87 80.135
6305.57 80.309
6420.33 80.547
6537.18 80.869
6656.15 81.285
6777.29 81.79
6900.63 82.367
7026.22 82.979
7154.1 83.578
7284.3 84.101
7416.87 84.486
7551.85 84.671
7689.29 84.609
7829.23 84.28
7971.72 83.69
8116.8 82.877
8264.53 81.907
8414.94 80.862
8568.09 79.824
8724.02 78.862
8882.79 78.029
9044.46 77.356
9209.06 76.855
9376.66 76.517
9547.31 76.315
9721.07 76.205
9897.99 76.11
10078.13 75.914
10261.55 75.499
10448.3 74.793
10638.45 73.804
10832.07 72.618
11029.21 71.366
11229.94 70.167
11434.32 69.091
11642.41 68.144
11854.3 67.29
12070.04 66.493
12289.71 65.747
12513.38 65.088
12741.12 64.577
12973 64.274
13209.1 64.225
13449.5 64.452
13694.28 64.927
13943.51 65.568
14197.27 66.26
14455.66 66.892
14718.74 67.392
14986.62 67.753
15259.37 68.03
15537.08 68.335
15819.85 68.796
16107.76 69.494
16400.92 70.431
16699.41 71.547
17003.33 72.755
17312.78 73.966
17627.86 75.097
17948.68 76.074
18275.34 76.842
18607.94 77.374
18946.6 77.687
19291.42 77.84
19642.52 77.917
20000 77.99