20 81.393
20.36 81.392
20.73 81.391
21.11 81.391
21.5 81.39
21.89 81.388
22.29 81.387
22.69 81.384
23.1 81.382
23.52 81.378
23.95 81.374
24.39 81.369
24.83 81.363
25.28 81.357
25.74 81.349
26.21 81.34
26.69 81.33
27.18 81.318
27.67 81.305
28.17 81.291
28.69 81.275
29.21 81.258
29.74 81.239
30.28 81.218
30.83 81.195
31.39 81.17
31.97 81.144
32.55 81.115
33.14 81.084
33.74 81.051
34.36 81.015
34.98 80.978
35.62 80.938
36.27 80.897
36.93 80.854
37.6 80.809
38.28 80.761
38.98 80.713
39.69 80.663
40.41 80.612
41.15 80.559
41.9 80.505
42.66 80.449
43.44 80.392
44.23 80.334
45.03 80.275
45.85 80.215
46.68 80.154
47.53 80.092
48.4 80.029
49.28 79.966
50.18 79.902
51.09 79.836
52.02 79.77
52.97 79.703
53.93 79.636
54.91 79.567
55.91 79.499
56.93 79.429
57.97 79.358
59.02 79.288
60.09 79.216
61.19 79.145
62.3 79.072
63.44 78.999
64.59 78.925
65.77 78.852
66.96 78.777
68.18 78.702
69.42 78.627
70.69 78.551
71.97 78.475
73.28 78.399
74.62 78.322
75.97 78.245
77.36 78.168
78.76 78.091
80.2 78.014
81.66 77.938
83.14 77.862
84.66 77.787
86.2 77.712
87.77 77.637
89.36 77.564
90.99 77.49
92.65 77.418
94.33 77.347
96.05 77.276
97.8 77.206
99.58 77.137
101.39 77.069
103.23 77.001
105.11 76.934
107.03 76.868
108.97 76.802
110.96 76.737
112.98 76.673
115.03 76.609
117.13 76.546
119.26 76.484
121.43 76.423
123.64 76.362
125.89 76.304
128.18 76.245
130.51 76.188
132.89 76.13
135.31 76.073
137.77 76.017
140.28 75.959
142.83 75.902
145.43 75.845
148.07 75.789
150.77 75.733
153.51 75.677
156.31 75.624
159.15 75.571
162.05 75.518
165 75.468
168 75.419
171.06 75.371
174.17 75.324
177.34 75.278
180.57 75.233
183.86 75.189
187.2 75.146
190.61 75.104
194.08 75.063
197.61 75.022
201.21 74.983
204.87 74.942
208.6 74.902
212.39 74.863
216.26 74.823
220.19 74.784
224.2 74.746
228.28 74.708
232.44 74.671
236.67 74.635
240.97 74.6
245.36 74.567
249.82 74.535
254.37 74.503
259 74.473
263.71 74.442
268.51 74.414
273.4 74.385
278.38 74.356
283.44 74.328
288.6 74.3
293.85 74.273
299.2 74.247
304.65 74.221
310.19 74.195
315.84 74.17
321.59 74.145
327.44 74.122
333.4 74.098
339.47 74.075
345.64 74.052
351.93 74.031
358.34 74.009
364.86 73.988
371.5 73.968
378.26 73.948
385.15 73.927
392.16 73.906
399.29 73.886
406.56 73.864
413.96 73.843
421.49 73.82
429.16 73.798
436.97 73.774
444.93 73.753
453.02 73.733
461.27 73.714
469.66 73.698
478.21 73.684
486.91 73.672
495.78 73.662
504.8 73.654
513.99 73.647
523.34 73.64
532.87 73.634
542.56 73.628
552.44 73.624
562.49 73.62
572.73 73.617
583.15 73.614
593.77 73.613
604.57 73.613
615.57 73.614
626.78 73.617
638.18 73.621
649.8 73.628
661.63 73.638
673.67 73.649
685.93 73.664
698.41 73.682
711.12 73.702
724.06 73.724
737.24 73.749
750.66 73.777
764.32 73.807
778.23 73.842
792.39 73.882
806.82 73.927
821.5 73.978
836.45 74.036
851.67 74.101
867.17 74.174
882.96 74.254
899.02 74.341
915.39 74.435
932.05 74.537
949.01 74.647
966.28 74.763
983.87 74.886
1001.77 75.012
1020 75.143
1038.57 75.276
1057.47 75.412
1076.71 75.552
1096.31 75.697
1116.26 75.847
1136.58 76.002
1157.26 76.165
1178.32 76.334
1199.77 76.509
1221.6 76.688
1243.84 76.868
1266.47 77.046
1289.52 77.221
1312.99 77.388
1336.89 77.545
1361.22 77.695
1385.99 77.837
1411.22 77.974
1436.9 78.104
1463.05 78.23
1489.68 78.353
1516.79 78.475
1544.4 78.596
1572.5 78.718
1601.12 78.842
1630.26 78.968
1659.93 79.097
1690.14 79.229
1720.9 79.366
1752.22 79.508
1784.11 79.654
1816.58 79.806
1849.64 79.962
1883.3 80.124
1917.58 80.29
1952.48 80.46
1988.01 80.635
2024.19 80.813
2061.03 80.996
2098.54 81.181
2136.73 81.367
2175.62 81.553
2215.22 81.735
2255.53 81.915
2296.58 82.088
2338.38 82.255
2380.94 82.413
2424.27 82.561
2468.39 82.696
2513.31 82.818
2559.05 82.924
2605.63 83.015
2653.05 83.089
2701.33 83.146
2750.5 83.185
2800.55 83.207
2851.52 83.212
2903.42 83.201
2956.26 83.176
3010.06 83.137
3064.85 83.088
3120.62 83.029
3177.42 82.963
3235.25 82.893
3294.13 82.82
3354.08 82.748
3415.12 82.677
3477.27 82.611
3540.56 82.549
3605 82.493
3670.6 82.442
3737.41 82.397
3805.43 82.355
3874.68 82.316
3945.2 82.275
4017 82.232
4090.11 82.186
4164.55 82.136
4240.34 82.08
4317.51 82.021
4396.09 81.96
4476.1 81.899
4557.56 81.838
4640.5 81.779
4724.96 81.723
4810.95 81.671
4898.51 81.621
4987.66 81.574
5078.43 81.528
5170.86 81.483
5264.97 81.439
5360.79 81.395
5458.35 81.351
5557.69 81.307
5658.84 81.267
5761.82 81.23
5866.69 81.198
5973.46 81.173
6082.17 81.156
6192.87 81.15
6305.57 81.153
6420.33 81.163
6537.18 81.176
6656.15 81.186
6777.29 81.183
6900.63 81.16
7026.22 81.105
7154.1 81.008
7284.3 80.859
7416.87 80.652
7551.85 80.38
7689.29 80.043
7829.23 79.645
7971.72 79.191
8116.8 78.693
8264.53 78.161
8414.94 77.612
8568.09 77.058
8724.02 76.515
8882.79 75.996
9044.46 75.514
9209.06 75.079
9376.66 74.701
9547.31 74.383
9721.07 74.127
9897.99 73.922
10078.13 73.755
10261.55 73.601
10448.3 73.428
10638.45 73.205
10832.07 72.904
11029.21 72.505
11229.94 72.005
11434.32 71.415
11642.41 70.764
11854.3 70.091
12070.04 69.433
12289.71 68.819
12513.38 68.26
12741.12 67.754
12973 67.294
13209.1 66.874
13449.5 66.506
13694.28 66.215
13943.51 66.033
14197.27 65.988
14455.66 66.086
14718.74 66.311
14986.62 66.618
15259.37 66.93
15537.08 67.14
15819.85 67.12
16107.76 66.744
16400.92 65.913
16699.41 64.588
17003.33 62.798
17312.78 60.626
17627.86 58.175
17948.68 55.534
18275.34 52.761
18607.94 49.888
18946.6 46.938
19291.42 43.935
19642.52 40.908
20000 37.877