20 82.313
20.36 82.316
20.73 82.319
21.11 82.322
21.5 82.325
21.89 82.328
22.29 82.33
22.69 82.332
23.1 82.334
23.52 82.335
23.95 82.336
24.39 82.336
24.83 82.336
25.28 82.335
25.74 82.334
26.21 82.331
26.69 82.328
27.18 82.325
27.67 82.32
28.17 82.314
28.69 82.307
29.21 82.3
29.74 82.291
30.28 82.281
30.83 82.27
31.39 82.257
31.97 82.243
32.55 82.228
33.14 82.212
33.74 82.194
34.36 82.175
34.98 82.153
35.62 82.132
36.27 82.108
36.93 82.083
37.6 82.057
38.28 82.03
38.98 82.001
39.69 81.971
40.41 81.94
41.15 81.908
41.9 81.874
42.66 81.84
43.44 81.804
44.23 81.768
45.03 81.729
45.85 81.691
46.68 81.651
47.53 81.61
48.4 81.568
49.28 81.525
50.18 81.481
51.09 81.436
52.02 81.39
52.97 81.343
53.93 81.295
54.91 81.245
55.91 81.195
56.93 81.144
57.97 81.091
59.02 81.037
60.09 80.983
61.19 80.927
62.3 80.87
63.44 80.812
64.59 80.753
65.77 80.693
66.96 80.632
68.18 80.569
69.42 80.505
70.69 80.44
71.97 80.374
73.28 80.306
74.62 80.238
75.97 80.168
77.36 80.097
78.76 80.027
80.2 79.955
81.66 79.882
83.14 79.809
84.66 79.735
86.2 79.661
87.77 79.588
89.36 79.514
90.99 79.44
92.65 79.365
94.33 79.291
96.05 79.216
97.8 79.141
99.58 79.066
101.39 78.991
103.23 78.915
105.11 78.839
107.03 78.762
108.97 78.686
110.96 78.608
112.98 78.53
115.03 78.451
117.13 78.372
119.26 78.293
121.43 78.213
123.64 78.134
125.89 78.054
128.18 77.975
130.51 77.896
132.89 77.816
135.31 77.736
137.77 77.656
140.28 77.575
142.83 77.494
145.43 77.413
148.07 77.331
150.77 77.249
153.51 77.167
156.31 77.086
159.15 77.005
162.05 76.925
165 76.845
168 76.767
171.06 76.689
174.17 76.614
177.34 76.538
180.57 76.465
183.86 76.393
187.2 76.323
190.61 76.253
194.08 76.185
197.61 76.117
201.21 76.049
204.87 75.982
208.6 75.913
212.39 75.845
216.26 75.778
220.19 75.71
224.2 75.643
228.28 75.577
232.44 75.512
236.67 75.447
240.97 75.385
245.36 75.324
249.82 75.264
254.37 75.206
259 75.149
263.71 75.093
268.51 75.039
273.4 74.985
278.38 74.932
283.44 74.88
288.6 74.829
293.85 74.779
299.2 74.73
304.65 74.682
310.19 74.636
315.84 74.589
321.59 74.543
327.44 74.498
333.4 74.454
339.47 74.41
345.64 74.367
351.93 74.326
358.34 74.287
364.86 74.248
371.5 74.212
378.26 74.176
385.15 74.142
392.16 74.11
399.29 74.078
406.56 74.047
413.96 74.017
421.49 73.989
429.16 73.962
436.97 73.936
444.93 73.911
453.02 73.887
461.27 73.863
469.66 73.84
478.21 73.818
486.91 73.797
495.78 73.777
504.8 73.758
513.99 73.74
523.34 73.723
532.87 73.708
542.56 73.694
552.44 73.681
562.49 73.669
572.73 73.659
583.15 73.651
593.77 73.644
604.57 73.64
615.57 73.637
626.78 73.636
638.18 73.637
649.8 73.641
661.63 73.648
673.67 73.657
685.93 73.669
698.41 73.684
711.12 73.702
724.06 73.723
737.24 73.746
750.66 73.773
764.32 73.804
778.23 73.839
792.39 73.878
806.82 73.923
821.5 73.974
836.45 74.031
851.67 74.094
867.17 74.165
882.96 74.242
899.02 74.328
915.39 74.422
932.05 74.523
949.01 74.634
966.28 74.754
983.87 74.88
1001.77 75.013
1020 75.15
1038.57 75.29
1057.47 75.431
1076.71 75.574
1096.31 75.717
1116.26 75.859
1136.58 76
1157.26 76.139
1178.32 76.276
1199.77 76.409
1221.6 76.539
1243.84 76.666
1266.47 76.788
1289.52 76.906
1312.99 77.021
1336.89 77.13
1361.22 77.237
1385.99 77.342
1411.22 77.446
1436.9 77.547
1463.05 77.648
1489.68 77.748
1516.79 77.849
1544.4 77.952
1572.5 78.057
1601.12 78.164
1630.26 78.273
1659.93 78.386
1690.14 78.503
1720.9 78.625
1752.22 78.751
1784.11 78.884
1816.58 79.023
1849.64 79.167
1883.3 79.318
1917.58 79.475
1952.48 79.637
1988.01 79.805
2024.19 79.977
2061.03 80.152
2098.54 80.329
2136.73 80.504
2175.62 80.674
2215.22 80.837
2255.53 80.991
2296.58 81.135
2338.38 81.267
2380.94 81.386
2424.27 81.493
2468.39 81.585
2513.31 81.664
2559.05 81.729
2605.63 81.78
2653.05 81.817
2701.33 81.839
2750.5 81.848
2800.55 81.842
2851.52 81.822
2903.42 81.789
2956.26 81.743
3010.06 81.686
3064.85 81.618
3120.62 81.541
3177.42 81.456
3235.25 81.366
3294.13 81.272
3354.08 81.176
3415.12 81.079
3477.27 80.983
3540.56 80.891
3605 80.801
3670.6 80.716
3737.41 80.637
3805.43 80.562
3874.68 80.491
3945.2 80.423
4017 80.358
4090.11 80.291
4164.55 80.222
4240.34 80.146
4317.51 80.062
4396.09 79.964
4476.1 79.85
4557.56 79.715
4640.5 79.557
4724.96 79.378
4810.95 79.18
4898.51 78.969
4987.66 78.751
5078.43 78.534
5170.86 78.322
5264.97 78.116
5360.79 77.918
5458.35 77.728
5557.69 77.554
5658.84 77.413
5761.82 77.324
5866.69 77.311
5973.46 77.389
6082.17 77.564
6192.87 77.819
6305.57 78.13
6420.33 78.464
6537.18 78.803
6656.15 79.137
6777.29 79.472
6900.63 79.815
7026.22 80.17
7154.1 80.538
7284.3 80.915
7416.87 81.278
7551.85 81.584
7689.29 81.756
7829.23 81.702
7971.72 81.345
8116.8 80.648
8264.53 79.635
8414.94 78.381
8568.09 76.99
8724.02 75.57
8882.79 74.212
9044.46 72.981
9209.06 71.915
9376.66 71.032
9547.31 70.334
9721.07 69.809
9897.99 69.434
10078.13 69.182
10261.55 69.018
10448.3 68.908
10638.45 68.814
10832.07 68.702
11029.21 68.542
11229.94 68.316
11434.32 68.016
11642.41 67.649
11854.3 67.234
12070.04 66.798
12289.71 66.374
12513.38 65.996
12741.12 65.689
12973 65.471
13209.1 65.352
13449.5 65.328
13694.28 65.396
13943.51 65.541
14197.27 65.738
14455.66 65.941
14718.74 66.084
14986.62 66.081
15259.37 65.851
15537.08 65.338
15819.85 64.535
16107.76 63.482
16400.92 62.253
16699.41 60.927
17003.33 59.57
17312.78 58.22
17627.86 56.883
17948.68 55.54
18275.34 54.155
18607.94 52.691
18946.6 51.123
19291.42 49.452
19642.52 47.712
20000 45.945