20 84.621
20.36 84.623
20.73 84.625
21.11 84.628
21.5 84.629
21.89 84.631
22.29 84.633
22.69 84.633
23.1 84.635
23.52 84.634
23.95 84.634
24.39 84.633
24.83 84.631
25.28 84.629
25.74 84.626
26.21 84.622
26.69 84.616
27.18 84.61
27.67 84.603
28.17 84.594
28.69 84.585
29.21 84.573
29.74 84.562
30.28 84.548
30.83 84.533
31.39 84.516
31.97 84.498
32.55 84.478
33.14 84.456
33.74 84.433
34.36 84.408
34.98 84.381
35.62 84.353
36.27 84.323
36.93 84.291
37.6 84.259
38.28 84.225
38.98 84.19
39.69 84.153
40.41 84.116
41.15 84.078
41.9 84.038
42.66 83.998
43.44 83.957
44.23 83.914
45.03 83.872
45.85 83.828
46.68 83.784
47.53 83.739
48.4 83.693
49.28 83.647
50.18 83.599
51.09 83.549
52.02 83.499
52.97 83.447
53.93 83.393
54.91 83.338
55.91 83.28
56.93 83.221
57.97 83.159
59.02 83.094
60.09 83.028
61.19 82.959
62.3 82.888
63.44 82.814
64.59 82.739
65.77 82.662
66.96 82.583
68.18 82.503
69.42 82.421
70.69 82.339
71.97 82.255
73.28 82.17
74.62 82.084
75.97 81.998
77.36 81.911
78.76 81.822
80.2 81.734
81.66 81.644
83.14 81.555
84.66 81.464
86.2 81.373
87.77 81.282
89.36 81.189
90.99 81.097
92.65 81.004
94.33 80.909
96.05 80.815
97.8 80.72
99.58 80.624
101.39 80.527
103.23 80.429
105.11 80.331
107.03 80.233
108.97 80.134
110.96 80.034
112.98 79.934
115.03 79.834
117.13 79.733
119.26 79.632
121.43 79.531
123.64 79.431
125.89 79.331
128.18 79.231
130.51 79.131
132.89 79.031
135.31 78.93
137.77 78.828
140.28 78.725
142.83 78.621
145.43 78.516
148.07 78.411
150.77 78.306
153.51 78.201
156.31 78.097
159.15 77.992
162.05 77.888
165 77.785
168 77.684
171.06 77.582
174.17 77.482
177.34 77.385
180.57 77.289
183.86 77.194
187.2 77.101
190.61 77.009
194.08 76.918
197.61 76.828
201.21 76.738
204.87 76.647
208.6 76.556
212.39 76.466
216.26 76.374
220.19 76.283
224.2 76.192
228.28 76.103
232.44 76.015
236.67 75.929
240.97 75.846
245.36 75.765
249.82 75.686
254.37 75.609
259 75.534
263.71 75.46
268.51 75.388
273.4 75.316
278.38 75.246
283.44 75.177
288.6 75.109
293.85 75.042
299.2 74.976
304.65 74.912
310.19 74.849
315.84 74.786
321.59 74.726
327.44 74.665
333.4 74.606
339.47 74.547
345.64 74.491
351.93 74.436
358.34 74.383
364.86 74.332
371.5 74.282
378.26 74.235
385.15 74.189
392.16 74.145
399.29 74.102
406.56 74.061
413.96 74.021
421.49 73.984
429.16 73.947
436.97 73.912
444.93 73.878
453.02 73.845
461.27 73.815
469.66 73.785
478.21 73.756
486.91 73.728
495.78 73.702
504.8 73.677
513.99 73.654
523.34 73.632
532.87 73.612
542.56 73.593
552.44 73.577
562.49 73.562
572.73 73.549
583.15 73.537
593.77 73.528
604.57 73.522
615.57 73.517
626.78 73.515
638.18 73.516
649.8 73.521
661.63 73.528
673.67 73.538
685.93 73.551
698.41 73.568
711.12 73.587
724.06 73.61
737.24 73.636
750.66 73.665
764.32 73.7
778.23 73.739
792.39 73.782
806.82 73.832
821.5 73.888
836.45 73.951
851.67 74.02
867.17 74.097
882.96 74.181
899.02 74.274
915.39 74.375
932.05 74.486
949.01 74.606
966.28 74.735
983.87 74.871
1001.77 75.014
1020 75.162
1038.57 75.313
1057.47 75.466
1076.71 75.621
1096.31 75.776
1116.26 75.932
1136.58 76.086
1157.26 76.239
1178.32 76.39
1199.77 76.539
1221.6 76.685
1243.84 76.827
1266.47 76.966
1289.52 77.102
1312.99 77.233
1336.89 77.361
1361.22 77.486
1385.99 77.61
1411.22 77.734
1436.9 77.856
1463.05 77.977
1489.68 78.1
1516.79 78.223
1544.4 78.349
1572.5 78.478
1601.12 78.61
1630.26 78.745
1659.93 78.883
1690.14 79.026
1720.9 79.174
1752.22 79.328
1784.11 79.488
1816.58 79.653
1849.64 79.825
1883.3 80.002
1917.58 80.185
1952.48 80.372
1988.01 80.563
2024.19 80.757
2061.03 80.953
2098.54 81.149
2136.73 81.341
2175.62 81.526
2215.22 81.703
2255.53 81.869
2296.58 82.021
2338.38 82.16
2380.94 82.285
2424.27 82.393
2468.39 82.487
2513.31 82.564
2559.05 82.625
2605.63 82.67
2653.05 82.698
2701.33 82.71
2750.5 82.705
2800.55 82.685
2851.52 82.649
2903.42 82.599
2956.26 82.536
3010.06 82.462
3064.85 82.378
3120.62 82.285
3177.42 82.187
3235.25 82.084
3294.13 81.979
3354.08 81.874
3415.12 81.77
3477.27 81.67
3540.56 81.574
3605 81.483
3670.6 81.399
3737.41 81.321
3805.43 81.249
3874.68 81.183
3945.2 81.12
4017 81.06
4090.11 81
4164.55 80.937
4240.34 80.869
4317.51 80.792
4396.09 80.702
4476.1 80.595
4557.56 80.466
4640.5 80.316
4724.96 80.145
4810.95 79.955
4898.51 79.753
4987.66 79.548
5078.43 79.344
5170.86 79.149
5264.97 78.964
5360.79 78.787
5458.35 78.622
5557.69 78.474
5658.84 78.359
5761.82 78.297
5866.69 78.311
5973.46 78.416
6082.17 78.616
6192.87 78.895
6305.57 79.227
6420.33 79.582
6537.18 79.937
6656.15 80.287
6777.29 80.636
6900.63 80.991
7026.22 81.358
7154.1 81.737
7284.3 82.123
7416.87 82.497
7551.85 82.813
7689.29 82.995
7829.23 82.952
7971.72 82.606
8116.8 81.921
8264.53 80.92
8414.94 79.678
8568.09 78.3
8724.02 76.896
8882.79 75.554
9044.46 74.34
9209.06 73.292
9376.66 72.425
9547.31 71.743
9721.07 71.23
9897.99 70.865
10078.13 70.62
10261.55 70.461
10448.3 70.351
10638.45 70.256
10832.07 70.14
11029.21 69.974
11229.94 69.741
11434.32 69.433
11642.41 69.057
11854.3 68.633
12070.04 68.189
12289.71 67.759
12513.38 67.377
12741.12 67.069
12973 66.854
13209.1 66.741
13449.5 66.731
13694.28 66.817
13943.51 66.985
14197.27 67.208
14455.66 67.438
14718.74 67.604
14986.62 67.617
15259.37 67.39
15537.08 66.866
15819.85 66.036
16107.76 64.937
16400.92 63.646
16699.41 62.245
17003.33 60.805
17312.78 59.368
17627.86 57.947
17948.68 56.529
18275.34 55.081
18607.94 53.568
18946.6 51.968
19291.42 50.279
19642.52 48.53
20000 46.758