20 80.352
20.36 80.36
20.73 80.368
21.11 80.375
21.5 80.382
21.89 80.389
22.29 80.397
22.69 80.403
23.1 80.411
23.52 80.417
23.95 80.423
24.39 80.429
24.83 80.435
25.28 80.44
25.74 80.446
26.21 80.451
26.69 80.455
27.18 80.459
27.67 80.462
28.17 80.466
28.69 80.468
29.21 80.471
29.74 80.472
30.28 80.473
30.83 80.473
31.39 80.473
31.97 80.472
32.55 80.471
33.14 80.468
33.74 80.465
34.36 80.462
34.98 80.457
35.62 80.452
36.27 80.446
36.93 80.44
37.6 80.432
38.28 80.424
38.98 80.415
39.69 80.406
40.41 80.395
41.15 80.384
41.9 80.372
42.66 80.36
43.44 80.346
44.23 80.332
45.03 80.317
45.85 80.302
46.68 80.285
47.53 80.268
48.4 80.25
49.28 80.232
50.18 80.213
51.09 80.192
52.02 80.172
52.97 80.15
53.93 80.129
54.91 80.106
55.91 80.083
56.93 80.059
57.97 80.035
59.02 80.01
60.09 79.985
61.19 79.959
62.3 79.932
63.44 79.905
64.59 79.877
65.77 79.849
66.96 79.819
68.18 79.788
69.42 79.757
70.69 79.724
71.97 79.69
73.28 79.656
74.62 79.62
75.97 79.583
77.36 79.545
78.76 79.506
80.2 79.466
81.66 79.425
83.14 79.382
84.66 79.34
86.2 79.296
87.77 79.252
89.36 79.206
90.99 79.161
92.65 79.115
94.33 79.068
96.05 79.022
97.8 78.975
99.58 78.928
101.39 78.881
103.23 78.833
105.11 78.785
107.03 78.736
108.97 78.686
110.96 78.635
112.98 78.582
115.03 78.528
117.13 78.474
119.26 78.418
121.43 78.362
123.64 78.306
125.89 78.249
128.18 78.192
130.51 78.135
132.89 78.076
135.31 78.017
137.77 77.956
140.28 77.894
142.83 77.831
145.43 77.766
148.07 77.701
150.77 77.636
153.51 77.57
156.31 77.503
159.15 77.437
162.05 77.37
165 77.304
168 77.237
171.06 77.171
174.17 77.105
177.34 77.04
180.57 76.976
183.86 76.912
187.2 76.849
190.61 76.786
194.08 76.723
197.61 76.66
201.21 76.596
204.87 76.532
208.6 76.466
212.39 76.399
216.26 76.332
220.19 76.264
224.2 76.196
228.28 76.128
232.44 76.06
236.67 75.994
240.97 75.929
245.36 75.865
249.82 75.802
254.37 75.74
259 75.678
263.71 75.618
268.51 75.558
273.4 75.498
278.38 75.439
283.44 75.381
288.6 75.322
293.85 75.265
299.2 75.208
304.65 75.152
310.19 75.096
315.84 75.041
321.59 74.986
327.44 74.931
333.4 74.876
339.47 74.822
345.64 74.768
351.93 74.716
358.34 74.665
364.86 74.616
371.5 74.568
378.26 74.522
385.15 74.476
392.16 74.432
399.29 74.388
406.56 74.346
413.96 74.305
421.49 74.265
429.16 74.226
436.97 74.188
444.93 74.151
453.02 74.115
461.27 74.08
469.66 74.046
478.21 74.012
486.91 73.98
495.78 73.95
504.8 73.92
513.99 73.892
523.34 73.866
532.87 73.841
542.56 73.818
552.44 73.796
562.49 73.775
572.73 73.757
583.15 73.739
593.77 73.723
604.57 73.71
615.57 73.698
626.78 73.689
638.18 73.682
649.8 73.678
661.63 73.678
673.67 73.68
685.93 73.686
698.41 73.695
711.12 73.707
724.06 73.724
737.24 73.744
750.66 73.768
764.32 73.796
778.23 73.83
792.39 73.867
806.82 73.911
821.5 73.961
836.45 74.017
851.67 74.081
867.17 74.151
882.96 74.229
899.02 74.316
915.39 74.41
932.05 74.514
949.01 74.627
966.28 74.748
983.87 74.877
1001.77 75.013
1020 75.154
1038.57 75.299
1057.47 75.446
1076.71 75.595
1096.31 75.746
1116.26 75.898
1136.58 76.049
1157.26 76.2
1178.32 76.348
1199.77 76.494
1221.6 76.637
1243.84 76.776
1266.47 76.911
1289.52 77.043
1312.99 77.17
1336.89 77.292
1361.22 77.412
1385.99 77.529
1411.22 77.645
1436.9 77.758
1463.05 77.87
1489.68 77.981
1516.79 78.092
1544.4 78.203
1572.5 78.315
1601.12 78.428
1630.26 78.542
1659.93 78.656
1690.14 78.772
1720.9 78.891
1752.22 79.011
1784.11 79.134
1816.58 79.259
1849.64 79.387
1883.3 79.516
1917.58 79.648
1952.48 79.783
1988.01 79.919
2024.19 80.059
2061.03 80.201
2098.54 80.346
2136.73 80.492
2175.62 80.639
2215.22 80.786
2255.53 80.933
2296.58 81.079
2338.38 81.225
2380.94 81.37
2424.27 81.513
2468.39 81.655
2513.31 81.794
2559.05 81.929
2605.63 82.062
2653.05 82.191
2701.33 82.315
2750.5 82.434
2800.55 82.548
2851.52 82.657
2903.42 82.76
2956.26 82.858
3010.06 82.949
3064.85 83.034
3120.62 83.111
3177.42 83.181
3235.25 83.243
3294.13 83.297
3354.08 83.343
3415.12 83.379
3477.27 83.407
3540.56 83.424
3605 83.432
3670.6 83.427
3737.41 83.41
3805.43 83.378
3874.68 83.33
3945.2 83.264
4017 83.177
4090.11 83.07
4164.55 82.94
4240.34 82.787
4317.51 82.612
4396.09 82.414
4476.1 82.197
4557.56 81.961
4640.5 81.707
4724.96 81.439
4810.95 81.158
4898.51 80.867
4987.66 80.565
5078.43 80.256
5170.86 79.943
5264.97 79.629
5360.79 79.319
5458.35 79.016
5557.69 78.725
5658.84 78.45
5761.82 78.195
5866.69 77.966
5973.46 77.766
6082.17 77.601
6192.87 77.481
6305.57 77.411
6420.33 77.402
6537.18 77.464
6656.15 77.607
6777.29 77.844
6900.63 78.182
7026.22 78.626
7154.1 79.169
7284.3 79.791
7416.87 80.455
7551.85 81.103
7689.29 81.663
7829.23 82.055
7971.72 82.209
8116.8 82.076
8264.53 81.642
8414.94 80.924
8568.09 79.973
8724.02 78.857
8882.79 77.645
9044.46 76.402
9209.06 75.181
9376.66 74.022
9547.31 72.957
9721.07 72.006
9897.99 71.181
10078.13 70.486
10261.55 69.922
10448.3 69.482
10638.45 69.164
10832.07 68.963
11029.21 68.88
11229.94 68.918
11434.32 69.087
11642.41 69.398
11854.3 69.86
12070.04 70.478
12289.71 71.247
12513.38 72.139
12741.12 73.1
12973 74.042
13209.1 74.855
13449.5 75.418
13694.28 75.63
13943.51 75.442
14197.27 74.874
14455.66 74.011
14718.74 72.979
14986.62 71.912
15259.37 70.922
15537.08 70.078
15819.85 69.398
16107.76 68.852
16400.92 68.369
16699.41 67.867
17003.33 67.277
17312.78 66.564
17627.86 65.72
17948.68 64.733
18275.34 63.582
18607.94 62.248
18946.6 60.733
19291.42 59.068
19642.52 57.312
20000 55.527