20 78.113
20.36 78.178
20.73 78.242
21.11 78.307
21.5 78.372
21.89 78.435
22.29 78.499
22.69 78.563
23.1 78.625
23.52 78.687
23.95 78.748
24.39 78.809
24.83 78.869
25.28 78.928
25.74 78.986
26.21 79.043
26.69 79.099
27.18 79.154
27.67 79.207
28.17 79.259
28.69 79.31
29.21 79.359
29.74 79.406
30.28 79.452
30.83 79.496
31.39 79.538
31.97 79.579
32.55 79.618
33.14 79.654
33.74 79.689
34.36 79.721
34.98 79.751
35.62 79.779
36.27 79.806
36.93 79.83
37.6 79.853
38.28 79.874
38.98 79.893
39.69 79.91
40.41 79.925
41.15 79.939
41.9 79.951
42.66 79.961
43.44 79.97
44.23 79.977
45.03 79.982
45.85 79.987
46.68 79.989
47.53 79.99
48.4 79.99
49.28 79.988
50.18 79.984
51.09 79.979
52.02 79.973
52.97 79.965
53.93 79.956
54.91 79.945
55.91 79.933
56.93 79.919
57.97 79.904
59.02 79.887
60.09 79.869
61.19 79.849
62.3 79.828
63.44 79.806
64.59 79.782
65.77 79.756
66.96 79.73
68.18 79.701
69.42 79.671
70.69 79.64
71.97 79.607
73.28 79.574
74.62 79.538
75.97 79.502
77.36 79.464
78.76 79.425
80.2 79.385
81.66 79.344
83.14 79.301
84.66 79.259
86.2 79.215
87.77 79.17
89.36 79.125
90.99 79.079
92.65 79.032
94.33 78.984
96.05 78.935
97.8 78.885
99.58 78.834
101.39 78.783
103.23 78.73
105.11 78.676
107.03 78.622
108.97 78.567
110.96 78.51
112.98 78.452
115.03 78.394
117.13 78.335
119.26 78.275
121.43 78.215
123.64 78.155
125.89 78.095
128.18 78.034
130.51 77.972
132.89 77.911
135.31 77.848
137.77 77.784
140.28 77.718
142.83 77.652
145.43 77.585
148.07 77.516
150.77 77.447
153.51 77.377
156.31 77.307
159.15 77.236
162.05 77.165
165 77.094
168 77.023
171.06 76.953
174.17 76.884
177.34 76.815
180.57 76.747
183.86 76.679
187.2 76.613
190.61 76.547
194.08 76.482
197.61 76.416
201.21 76.351
204.87 76.285
208.6 76.218
212.39 76.151
216.26 76.084
220.19 76.016
224.2 75.949
228.28 75.882
232.44 75.815
236.67 75.75
240.97 75.686
245.36 75.623
249.82 75.561
254.37 75.501
259 75.441
263.71 75.382
268.51 75.324
273.4 75.267
278.38 75.209
283.44 75.152
288.6 75.096
293.85 75.041
299.2 74.986
304.65 74.932
310.19 74.879
315.84 74.826
321.59 74.774
327.44 74.722
333.4 74.67
339.47 74.618
345.64 74.568
351.93 74.518
358.34 74.47
364.86 74.423
371.5 74.377
378.26 74.332
385.15 74.288
392.16 74.246
399.29 74.204
406.56 74.164
413.96 74.125
421.49 74.088
429.16 74.052
436.97 74.017
444.93 73.984
453.02 73.952
461.27 73.922
469.66 73.894
478.21 73.866
486.91 73.84
495.78 73.815
504.8 73.791
513.99 73.768
523.34 73.746
532.87 73.725
542.56 73.705
552.44 73.685
562.49 73.667
572.73 73.65
583.15 73.634
593.77 73.62
604.57 73.607
615.57 73.597
626.78 73.589
638.18 73.583
649.8 73.58
661.63 73.578
673.67 73.581
685.93 73.586
698.41 73.594
711.12 73.605
724.06 73.619
737.24 73.636
750.66 73.658
764.32 73.684
778.23 73.714
792.39 73.75
806.82 73.791
821.5 73.84
836.45 73.897
851.67 73.961
867.17 74.036
882.96 74.12
899.02 74.214
915.39 74.321
932.05 74.439
949.01 74.569
966.28 74.71
983.87 74.859
1001.77 75.015
1020 75.173
1038.57 75.331
1057.47 75.487
1076.71 75.641
1096.31 75.795
1116.26 75.949
1136.58 76.104
1157.26 76.261
1178.32 76.418
1199.77 76.573
1221.6 76.725
1243.84 76.873
1266.47 77.017
1289.52 77.156
1312.99 77.291
1336.89 77.421
1361.22 77.548
1385.99 77.675
1411.22 77.8
1436.9 77.924
1463.05 78.048
1489.68 78.171
1516.79 78.296
1544.4 78.423
1572.5 78.551
1601.12 78.682
1630.26 78.813
1659.93 78.948
1690.14 79.085
1720.9 79.224
1752.22 79.367
1784.11 79.514
1816.58 79.663
1849.64 79.816
1883.3 79.971
1917.58 80.129
1952.48 80.288
1988.01 80.451
2024.19 80.616
2061.03 80.784
2098.54 80.953
2136.73 81.123
2175.62 81.293
2215.22 81.461
2255.53 81.627
2296.58 81.79
2338.38 81.95
2380.94 82.105
2424.27 82.254
2468.39 82.398
2513.31 82.533
2559.05 82.66
2605.63 82.778
2653.05 82.886
2701.33 82.984
2750.5 83.071
2800.55 83.147
2851.52 83.213
2903.42 83.269
2956.26 83.315
3010.06 83.351
3064.85 83.379
3120.62 83.399
3177.42 83.412
3235.25 83.417
3294.13 83.416
3354.08 83.41
3415.12 83.4
3477.27 83.384
3540.56 83.363
3605 83.337
3670.6 83.305
3737.41 83.267
3805.43 83.22
3874.68 83.163
3945.2 83.094
4017 83.012
4090.11 82.914
4164.55 82.799
4240.34 82.666
4317.51 82.513
4396.09 82.339
4476.1 82.144
4557.56 81.927
4640.5 81.687
4724.96 81.424
4810.95 81.139
4898.51 80.832
4987.66 80.506
5078.43 80.164
5170.86 79.809
5264.97 79.446
5360.79 79.08
5458.35 78.715
5557.69 78.357
5658.84 78.01
5761.82 77.681
5866.69 77.372
5973.46 77.092
6082.17 76.845
6192.87 76.638
6305.57 76.478
6420.33 76.373
6537.18 76.332
6656.15 76.364
6777.29 76.479
6900.63 76.687
7026.22 76.997
7154.1 77.41
7284.3 77.915
7416.87 78.489
7551.85 79.085
7689.29 79.64
7829.23 80.073
7971.72 80.3
8116.8 80.248
8264.53 79.867
8414.94 79.146
8568.09 78.116
8724.02 76.841
8882.79 75.405
9044.46 73.896
9209.06 72.391
9376.66 70.949
9547.31 69.607
9721.07 68.387
9897.99 67.293
10078.13 66.329
10261.55 65.499
10448.3 64.814
10638.45 64.295
10832.07 63.973
11029.21 63.881
11229.94 64.047
11434.32 64.477
11642.41 65.15
11854.3 66.013
12070.04 67.002
12289.71 68.049
12513.38 69.1
12741.12 70.114
12973 71.046
13209.1 71.842
13449.5 72.427
13694.28 72.72
13943.51 72.654
14197.27 72.203
14455.66 71.406
14718.74 70.355
14986.62 69.184
15259.37 68.035
15537.08 67.028
15819.85 66.236
16107.76 65.671
16400.92 65.281
16699.41 64.966
17003.33 64.604
17312.78 64.077
17627.86 63.297
17948.68 62.213
18275.34 60.816
18607.94 59.13
18946.6 57.207
19291.42 55.115
19642.52 52.932
20000 50.72