20 84.534
20.36 84.513
20.73 84.492
21.11 84.47
21.5 84.449
21.89 84.427
22.29 84.405
22.69 84.383
23.1 84.36
23.52 84.337
23.95 84.313
24.39 84.289
24.83 84.264
25.28 84.239
25.74 84.212
26.21 84.185
26.69 84.157
27.18 84.129
27.67 84.099
28.17 84.068
28.69 84.036
29.21 84.003
29.74 83.968
30.28 83.933
30.83 83.896
31.39 83.858
31.97 83.819
32.55 83.777
33.14 83.734
33.74 83.69
34.36 83.645
34.98 83.597
35.62 83.549
36.27 83.498
36.93 83.447
37.6 83.394
38.28 83.34
38.98 83.284
39.69 83.228
40.41 83.17
41.15 83.11
41.9 83.05
42.66 82.989
43.44 82.927
44.23 82.864
45.03 82.8
45.85 82.734
46.68 82.668
47.53 82.601
48.4 82.533
49.28 82.465
50.18 82.395
51.09 82.324
52.02 82.252
52.97 82.179
53.93 82.105
54.91 82.03
55.91 81.953
56.93 81.876
57.97 81.797
59.02 81.717
60.09 81.635
61.19 81.553
62.3 81.469
63.44 81.384
64.59 81.297
65.77 81.209
66.96 81.121
68.18 81.03
69.42 80.939
70.69 80.846
71.97 80.752
73.28 80.656
74.62 80.56
75.97 80.462
77.36 80.363
78.76 80.264
80.2 80.164
81.66 80.063
83.14 79.961
84.66 79.86
86.2 79.758
87.77 79.655
89.36 79.552
90.99 79.449
92.65 79.346
94.33 79.242
96.05 79.138
97.8 79.033
99.58 78.928
101.39 78.823
103.23 78.717
105.11 78.611
107.03 78.504
108.97 78.397
110.96 78.29
112.98 78.182
115.03 78.074
117.13 77.966
119.26 77.858
121.43 77.751
123.64 77.645
125.89 77.539
128.18 77.435
130.51 77.33
132.89 77.226
135.31 77.122
137.77 77.018
140.28 76.913
142.83 76.808
145.43 76.703
148.07 76.598
150.77 76.493
153.51 76.389
156.31 76.286
159.15 76.184
162.05 76.083
165 75.984
168 75.887
171.06 75.793
174.17 75.701
177.34 75.611
180.57 75.524
183.86 75.441
187.2 75.36
190.61 75.281
194.08 75.205
197.61 75.13
201.21 75.058
204.87 74.986
208.6 74.916
212.39 74.847
216.26 74.78
220.19 74.714
224.2 74.65
228.28 74.588
232.44 74.528
236.67 74.471
240.97 74.417
245.36 74.365
249.82 74.316
254.37 74.27
259 74.226
263.71 74.185
268.51 74.145
273.4 74.108
278.38 74.072
283.44 74.038
288.6 74.006
293.85 73.976
299.2 73.948
304.65 73.921
310.19 73.895
315.84 73.871
321.59 73.848
327.44 73.826
333.4 73.805
339.47 73.786
345.64 73.767
351.93 73.75
358.34 73.734
364.86 73.719
371.5 73.705
378.26 73.693
385.15 73.681
392.16 73.67
399.29 73.66
406.56 73.651
413.96 73.642
421.49 73.634
429.16 73.627
436.97 73.621
444.93 73.615
453.02 73.61
461.27 73.604
469.66 73.6
478.21 73.595
486.91 73.592
495.78 73.589
504.8 73.586
513.99 73.584
523.34 73.582
532.87 73.581
542.56 73.581
552.44 73.581
562.49 73.581
572.73 73.582
583.15 73.584
593.77 73.586
604.57 73.59
615.57 73.595
626.78 73.601
638.18 73.609
649.8 73.619
661.63 73.631
673.67 73.645
685.93 73.661
698.41 73.679
711.12 73.7
724.06 73.724
737.24 73.75
750.66 73.779
764.32 73.811
778.23 73.847
792.39 73.887
806.82 73.932
821.5 73.983
836.45 74.039
851.67 74.102
867.17 74.172
882.96 74.248
899.02 74.332
915.39 74.425
932.05 74.526
949.01 74.636
966.28 74.754
983.87 74.88
1001.77 75.013
1020 75.151
1038.57 75.292
1057.47 75.436
1076.71 75.582
1096.31 75.729
1116.26 75.876
1136.58 76.022
1157.26 76.166
1178.32 76.306
1199.77 76.443
1221.6 76.574
1243.84 76.7
1266.47 76.821
1289.52 76.935
1312.99 77.043
1336.89 77.146
1361.22 77.243
1385.99 77.335
1411.22 77.424
1436.9 77.51
1463.05 77.592
1489.68 77.672
1516.79 77.75
1544.4 77.828
1572.5 77.906
1601.12 77.985
1630.26 78.065
1659.93 78.145
1690.14 78.228
1720.9 78.313
1752.22 78.401
1784.11 78.491
1816.58 78.583
1849.64 78.679
1883.3 78.777
1917.58 78.878
1952.48 78.981
1988.01 79.088
2024.19 79.198
2061.03 79.311
2098.54 79.427
2136.73 79.545
2175.62 79.663
2215.22 79.782
2255.53 79.899
2296.58 80.015
2338.38 80.129
2380.94 80.24
2424.27 80.347
2468.39 80.448
2513.31 80.543
2559.05 80.631
2605.63 80.711
2653.05 80.781
2701.33 80.842
2750.5 80.891
2800.55 80.929
2851.52 80.955
2903.42 80.969
2956.26 80.971
3010.06 80.961
3064.85 80.939
3120.62 80.906
3177.42 80.863
3235.25 80.812
3294.13 80.753
3354.08 80.688
3415.12 80.619
3477.27 80.548
3540.56 80.475
3605 80.404
3670.6 80.334
3737.41 80.268
3805.43 80.205
3874.68 80.147
3945.2 80.095
4017 80.048
4090.11 80.007
4164.55 79.973
4240.34 79.946
4317.51 79.926
4396.09 79.913
4476.1 79.905
4557.56 79.9
4640.5 79.896
4724.96 79.888
4810.95 79.873
4898.51 79.845
4987.66 79.803
5078.43 79.742
5170.86 79.659
5264.97 79.555
5360.79 79.425
5458.35 79.267
5557.69 79.075
5658.84 78.845
5761.82 78.573
5866.69 78.258
5973.46 77.904
6082.17 77.519
6192.87 77.123
6305.57 76.737
6420.33 76.387
6537.18 76.097
6656.15 75.885
6777.29 75.762
6900.63 75.73
7026.22 75.78
7154.1 75.9
7284.3 76.071
7416.87 76.273
7551.85 76.483
7689.29 76.674
7829.23 76.823
7971.72 76.91
8116.8 76.92
8264.53 76.851
8414.94 76.699
8568.09 76.468
8724.02 76.155
8882.79 75.759
9044.46 75.28
9209.06 74.732
9376.66 74.132
9547.31 73.492
9721.07 72.809
9897.99 72.069
10078.13 71.256
10261.55 70.363
10448.3 69.405
10638.45 68.417
10832.07 67.452
11029.21 66.565
11229.94 65.801
11434.32 65.189
11642.41 64.74
11854.3 64.449
12070.04 64.302
12289.71 64.277
12513.38 64.351
12741.12 64.506
12973 64.732
13209.1 65.034
13449.5 65.433
13694.28 65.957
13943.51 66.631
14197.27 67.462
14455.66 68.42
14718.74 69.446
14986.62 70.458
15259.37 71.364
15537.08 72.09
15819.85 72.584
16107.76 72.825
16400.92 72.815
16699.41 72.569
17003.33 72.109
17312.78 71.447
17627.86 70.591
17948.68 69.535
18275.34 68.262
18607.94 66.755
18946.6 65.009
19291.42 63.05
19642.52 60.949
20000 58.796