20 79.766
20.36 79.775
20.73 79.785
21.11 79.794
21.5 79.804
21.89 79.813
22.29 79.822
22.69 79.831
23.1 79.839
23.52 79.848
23.95 79.855
24.39 79.863
24.83 79.87
25.28 79.877
25.74 79.883
26.21 79.888
26.69 79.893
27.18 79.898
27.67 79.901
28.17 79.904
28.69 79.907
29.21 79.909
29.74 79.909
30.28 79.909
30.83 79.908
31.39 79.906
31.97 79.904
32.55 79.9
33.14 79.895
33.74 79.889
34.36 79.882
34.98 79.874
35.62 79.865
36.27 79.855
36.93 79.845
37.6 79.833
38.28 79.82
38.98 79.806
39.69 79.792
40.41 79.777
41.15 79.761
41.9 79.745
42.66 79.727
43.44 79.709
44.23 79.69
45.03 79.67
45.85 79.65
46.68 79.628
47.53 79.607
48.4 79.585
49.28 79.561
50.18 79.538
51.09 79.513
52.02 79.488
52.97 79.462
53.93 79.435
54.91 79.407
55.91 79.378
56.93 79.349
57.97 79.318
59.02 79.287
60.09 79.255
61.19 79.221
62.3 79.187
63.44 79.152
64.59 79.116
65.77 79.078
66.96 79.04
68.18 79.001
69.42 78.961
70.69 78.92
71.97 78.878
73.28 78.835
74.62 78.791
75.97 78.747
77.36 78.701
78.76 78.654
80.2 78.607
81.66 78.56
83.14 78.511
84.66 78.462
86.2 78.412
87.77 78.362
89.36 78.311
90.99 78.261
92.65 78.209
94.33 78.157
96.05 78.104
97.8 78.051
99.58 77.997
101.39 77.944
103.23 77.89
105.11 77.835
107.03 77.781
108.97 77.725
110.96 77.671
112.98 77.617
115.03 77.562
117.13 77.507
119.26 77.454
121.43 77.401
123.64 77.349
125.89 77.298
128.18 77.247
130.51 77.196
132.89 77.142
135.31 77.085
137.77 77.024
140.28 76.959
142.83 76.89
145.43 76.819
148.07 76.746
150.77 76.674
153.51 76.603
156.31 76.533
159.15 76.464
162.05 76.397
165 76.331
168 76.266
171.06 76.202
174.17 76.139
177.34 76.078
180.57 76.018
183.86 75.959
187.2 75.901
190.61 75.843
194.08 75.786
197.61 75.73
201.21 75.672
204.87 75.615
208.6 75.557
212.39 75.499
216.26 75.44
220.19 75.38
224.2 75.321
228.28 75.262
232.44 75.204
236.67 75.147
240.97 75.092
245.36 75.037
249.82 74.986
254.37 74.934
259 74.884
263.71 74.836
268.51 74.788
273.4 74.74
278.38 74.693
283.44 74.646
288.6 74.599
293.85 74.552
299.2 74.505
304.65 74.46
310.19 74.414
315.84 74.37
321.59 74.326
327.44 74.283
333.4 74.24
339.47 74.198
345.64 74.157
351.93 74.118
358.34 74.08
364.86 74.043
371.5 74.008
378.26 73.972
385.15 73.939
392.16 73.906
399.29 73.874
406.56 73.843
413.96 73.813
421.49 73.785
429.16 73.759
436.97 73.735
444.93 73.712
453.02 73.692
461.27 73.673
469.66 73.655
478.21 73.638
486.91 73.622
495.78 73.606
504.8 73.59
513.99 73.576
523.34 73.562
532.87 73.549
542.56 73.537
552.44 73.526
562.49 73.516
572.73 73.506
583.15 73.499
593.77 73.492
604.57 73.487
615.57 73.485
626.78 73.484
638.18 73.485
649.8 73.488
661.63 73.495
673.67 73.503
685.93 73.514
698.41 73.528
711.12 73.544
724.06 73.563
737.24 73.586
750.66 73.613
764.32 73.645
778.23 73.681
792.39 73.723
806.82 73.772
821.5 73.828
836.45 73.891
851.67 73.963
867.17 74.044
882.96 74.133
899.02 74.232
915.39 74.34
932.05 74.457
949.01 74.584
966.28 74.72
983.87 74.865
1001.77 75.015
1020 75.169
1038.57 75.327
1057.47 75.487
1076.71 75.648
1096.31 75.811
1116.26 75.973
1136.58 76.135
1157.26 76.296
1178.32 76.454
1199.77 76.611
1221.6 76.765
1243.84 76.915
1266.47 77.063
1289.52 77.209
1312.99 77.351
1336.89 77.49
1361.22 77.629
1385.99 77.767
1411.22 77.906
1436.9 78.045
1463.05 78.185
1489.68 78.325
1516.79 78.468
1544.4 78.613
1572.5 78.763
1601.12 78.916
1630.26 79.072
1659.93 79.231
1690.14 79.394
1720.9 79.562
1752.22 79.734
1784.11 79.912
1816.58 80.093
1849.64 80.28
1883.3 80.47
1917.58 80.665
1952.48 80.862
1988.01 81.062
2024.19 81.265
2061.03 81.472
2098.54 81.68
2136.73 81.888
2175.62 82.095
2215.22 82.297
2255.53 82.494
2296.58 82.686
2338.38 82.869
2380.94 83.042
2424.27 83.204
2468.39 83.353
2513.31 83.486
2559.05 83.603
2605.63 83.701
2653.05 83.781
2701.33 83.841
2750.5 83.88
2800.55 83.9
2851.52 83.9
2903.42 83.882
2956.26 83.845
3010.06 83.791
3064.85 83.722
3120.62 83.641
3177.42 83.548
3235.25 83.445
3294.13 83.336
3354.08 83.22
3415.12 83.101
3477.27 82.979
3540.56 82.855
3605 82.731
3670.6 82.606
3737.41 82.479
3805.43 82.351
3874.68 82.221
3945.2 82.088
4017 81.95
4090.11 81.806
4164.55 81.656
4240.34 81.498
4317.51 81.331
4396.09 81.157
4476.1 80.973
4557.56 80.78
4640.5 80.576
4724.96 80.363
4810.95 80.139
4898.51 79.907
4987.66 79.668
5078.43 79.424
5170.86 79.178
5264.97 78.933
5360.79 78.692
5458.35 78.46
5557.69 78.241
5658.84 78.037
5761.82 77.854
5866.69 77.696
5973.46 77.568
6082.17 77.476
6192.87 77.427
6305.57 77.429
6420.33 77.488
6537.18 77.614
6656.15 77.81
6777.29 78.083
6900.63 78.432
7026.22 78.847
7154.1 79.31
7284.3 79.787
7416.87 80.229
7551.85 80.575
7689.29 80.758
7829.23 80.714
7971.72 80.397
8116.8 79.79
8264.53 78.91
8414.94 77.81
8568.09 76.564
8724.02 75.252
8882.79 73.948
9044.46 72.706
9209.06 71.563
9376.66 70.536
9547.31 69.634
9721.07 68.853
9897.99 68.189
10078.13 67.636
10261.55 67.188
10448.3 66.844
10638.45 66.603
10832.07 66.473
11029.21 66.466
11229.94 66.597
11434.32 66.887
11642.41 67.354
11854.3 68.017
12070.04 68.878
12289.71 69.924
12513.38 71.104
12741.12 72.327
12973 73.458
13209.1 74.332
13449.5 74.793
13694.28 74.743
13943.51 74.176
14197.27 73.195
14455.66 71.975
14718.74 70.719
14986.62 69.602
15259.37 68.736
15537.08 68.156
15819.85 67.821
16107.76 67.631
16400.92 67.445
16699.41 67.121
17003.33 66.546
17312.78 65.653
17627.86 64.429
17948.68 62.896
18275.34 61.099
18607.94 59.086
18946.6 56.909
19291.42 54.616
19642.52 52.26
20000 49.886