20 83.906
20.36 83.864
20.73 83.823
21.11 83.781
21.5 83.74
21.89 83.698
22.29 83.656
22.69 83.614
23.1 83.572
23.52 83.53
23.95 83.486
24.39 83.443
24.83 83.4
25.28 83.356
25.74 83.311
26.21 83.266
26.69 83.22
27.18 83.174
27.67 83.128
28.17 83.08
28.69 83.032
29.21 82.983
29.74 82.933
30.28 82.883
30.83 82.832
31.39 82.779
31.97 82.727
32.55 82.672
33.14 82.617
33.74 82.561
34.36 82.504
34.98 82.446
35.62 82.388
36.27 82.328
36.93 82.267
37.6 82.205
38.28 82.142
38.98 82.078
39.69 82.014
40.41 81.949
41.15 81.882
41.9 81.815
42.66 81.747
43.44 81.678
44.23 81.609
45.03 81.538
45.85 81.467
46.68 81.395
47.53 81.322
48.4 81.248
49.28 81.174
50.18 81.099
51.09 81.023
52.02 80.946
52.97 80.869
53.93 80.791
54.91 80.711
55.91 80.632
56.93 80.552
57.97 80.471
59.02 80.389
60.09 80.306
61.19 80.223
62.3 80.139
63.44 80.054
64.59 79.969
65.77 79.883
66.96 79.796
68.18 79.708
69.42 79.619
70.69 79.53
71.97 79.44
73.28 79.349
74.62 79.257
75.97 79.164
77.36 79.072
78.76 78.978
80.2 78.885
81.66 78.791
83.14 78.697
84.66 78.603
86.2 78.51
87.77 78.416
89.36 78.323
90.99 78.23
92.65 78.136
94.33 78.043
96.05 77.95
97.8 77.858
99.58 77.764
101.39 77.672
103.23 77.579
105.11 77.487
107.03 77.394
108.97 77.301
110.96 77.209
112.98 77.117
115.03 77.025
117.13 76.934
119.26 76.843
121.43 76.753
123.64 76.664
125.89 76.577
128.18 76.489
130.51 76.403
132.89 76.317
135.31 76.231
137.77 76.145
140.28 76.059
142.83 75.972
145.43 75.885
148.07 75.799
150.77 75.713
153.51 75.628
156.31 75.544
159.15 75.461
162.05 75.379
165 75.299
168 75.22
171.06 75.143
174.17 75.068
177.34 74.996
180.57 74.925
183.86 74.857
187.2 74.791
190.61 74.727
194.08 74.664
197.61 74.603
201.21 74.544
204.87 74.484
208.6 74.427
212.39 74.37
216.26 74.313
220.19 74.258
224.2 74.204
228.28 74.152
232.44 74.101
236.67 74.053
240.97 74.006
245.36 73.961
249.82 73.919
254.37 73.879
259 73.841
263.71 73.804
268.51 73.769
273.4 73.736
278.38 73.704
283.44 73.673
288.6 73.644
293.85 73.617
299.2 73.59
304.65 73.566
310.19 73.542
315.84 73.519
321.59 73.497
327.44 73.476
333.4 73.457
339.47 73.439
345.64 73.421
351.93 73.405
358.34 73.391
364.86 73.377
371.5 73.365
378.26 73.353
385.15 73.343
392.16 73.333
399.29 73.325
406.56 73.317
413.96 73.31
421.49 73.305
429.16 73.3
436.97 73.295
444.93 73.291
453.02 73.289
461.27 73.287
469.66 73.285
478.21 73.284
486.91 73.284
495.78 73.285
504.8 73.287
513.99 73.289
523.34 73.293
532.87 73.298
542.56 73.304
552.44 73.311
562.49 73.319
572.73 73.328
583.15 73.338
593.77 73.349
604.57 73.361
615.57 73.374
626.78 73.389
638.18 73.406
649.8 73.424
661.63 73.445
673.67 73.468
685.93 73.493
698.41 73.521
711.12 73.55
724.06 73.583
737.24 73.618
750.66 73.655
764.32 73.696
778.23 73.741
792.39 73.789
806.82 73.843
821.5 73.902
836.45 73.968
851.67 74.04
867.17 74.118
882.96 74.202
899.02 74.294
915.39 74.394
932.05 74.502
949.01 74.619
966.28 74.744
983.87 74.876
1001.77 75.014
1020 75.156
1038.57 75.301
1057.47 75.448
1076.71 75.597
1096.31 75.747
1116.26 75.895
1136.58 76.044
1157.26 76.189
1178.32 76.332
1199.77 76.47
1221.6 76.605
1243.84 76.734
1266.47 76.859
1289.52 76.979
1312.99 77.093
1336.89 77.202
1361.22 77.308
1385.99 77.41
1411.22 77.51
1436.9 77.607
1463.05 77.704
1489.68 77.799
1516.79 77.894
1544.4 77.991
1572.5 78.091
1601.12 78.192
1630.26 78.298
1659.93 78.406
1690.14 78.519
1720.9 78.637
1752.22 78.761
1784.11 78.89
1816.58 79.026
1849.64 79.168
1883.3 79.317
1917.58 79.474
1952.48 79.637
1988.01 79.808
2024.19 79.988
2061.03 80.176
2098.54 80.374
2136.73 80.579
2175.62 80.791
2215.22 81.008
2255.53 81.231
2296.58 81.458
2338.38 81.689
2380.94 81.922
2424.27 82.154
2468.39 82.382
2513.31 82.604
2559.05 82.817
2605.63 83.015
2653.05 83.196
2701.33 83.356
2750.5 83.489
2800.55 83.592
2851.52 83.664
2903.42 83.7
2956.26 83.7
3010.06 83.663
3064.85 83.59
3120.62 83.482
3177.42 83.344
3235.25 83.179
3294.13 82.991
3354.08 82.785
3415.12 82.566
3477.27 82.338
3540.56 82.104
3605 81.868
3670.6 81.633
3737.41 81.403
3805.43 81.179
3874.68 80.964
3945.2 80.759
4017 80.566
4090.11 80.388
4164.55 80.224
4240.34 80.078
4317.51 79.949
4396.09 79.838
4476.1 79.745
4557.56 79.668
4640.5 79.603
4724.96 79.547
4810.95 79.496
4898.51 79.447
4987.66 79.397
5078.43 79.347
5170.86 79.302
5264.97 79.268
5360.79 79.255
5458.35 79.275
5557.69 79.338
5658.84 79.456
5761.82 79.635
5866.69 79.869
5973.46 80.145
6082.17 80.432
6192.87 80.685
6305.57 80.853
6420.33 80.897
6537.18 80.808
6656.15 80.615
6777.29 80.387
6900.63 80.214
7026.22 80.183
7154.1 80.351
7284.3 80.744
7416.87 81.336
7551.85 82.062
7689.29 82.813
7829.23 83.454
7971.72 83.846
8116.8 83.876
8264.53 83.483
8414.94 82.681
8568.09 81.554
8724.02 80.232
8882.79 78.853
9044.46 77.524
9209.06 76.305
9376.66 75.226
9547.31 74.292
9721.07 73.499
9897.99 72.824
10078.13 72.236
10261.55 71.696
10448.3 71.168
10638.45 70.63
10832.07 70.078
11029.21 69.526
11229.94 69
11434.32 68.526
11642.41 68.125
11854.3 67.807
12070.04 67.581
12289.71 67.446
12513.38 67.398
12741.12 67.425
12973 67.513
13209.1 67.654
13449.5 67.848
13694.28 68.108
13943.51 68.458
14197.27 68.917
14455.66 69.486
14718.74 70.126
14986.62 70.754
15259.37 71.25
15537.08 71.492
15819.85 71.399
16107.76 70.963
16400.92 70.252
16699.41 69.388
17003.33 68.493
17312.78 67.653
17627.86 66.883
17948.68 66.12
18275.34 65.221
18607.94 64.02
18946.6 62.404
19291.42 60.389
19642.52 58.107
20000 55.732