20 64.986
20.36 65.155
20.73 65.325
21.11 65.494
21.5 65.663
21.89 65.833
22.29 66.002
22.69 66.172
23.1 66.342
23.52 66.513
23.95 66.684
24.39 66.855
24.83 67.026
25.28 67.198
25.74 67.37
26.21 67.542
26.69 67.716
27.18 67.89
27.67 68.064
28.17 68.239
28.69 68.414
29.21 68.591
29.74 68.768
30.28 68.945
30.83 69.124
31.39 69.303
31.97 69.483
32.55 69.664
33.14 69.846
33.74 70.029
34.36 70.212
34.98 70.397
35.62 70.581
36.27 70.765
36.93 70.949
37.6 71.132
38.28 71.315
38.98 71.497
39.69 71.678
40.41 71.857
41.15 72.036
41.9 72.212
42.66 72.387
43.44 72.559
44.23 72.729
45.03 72.896
45.85 73.061
46.68 73.222
47.53 73.381
48.4 73.537
49.28 73.691
50.18 73.842
51.09 73.99
52.02 74.137
52.97 74.282
53.93 74.426
54.91 74.568
55.91 74.708
56.93 74.848
57.97 74.986
59.02 75.124
60.09 75.262
61.19 75.398
62.3 75.534
63.44 75.669
64.59 75.803
65.77 75.936
66.96 76.068
68.18 76.199
69.42 76.329
70.69 76.457
71.97 76.584
73.28 76.709
74.62 76.833
75.97 76.954
77.36 77.074
78.76 77.191
80.2 77.305
81.66 77.416
83.14 77.524
84.66 77.628
86.2 77.729
87.77 77.826
89.36 77.919
90.99 78.008
92.65 78.093
94.33 78.174
96.05 78.25
97.8 78.321
99.58 78.388
101.39 78.45
103.23 78.507
105.11 78.559
107.03 78.606
108.97 78.648
110.96 78.684
112.98 78.715
115.03 78.741
117.13 78.761
119.26 78.777
121.43 78.787
123.64 78.793
125.89 78.795
128.18 78.792
130.51 78.786
132.89 78.778
135.31 78.767
137.77 78.755
140.28 78.741
142.83 78.727
145.43 78.713
148.07 78.7
150.77 78.688
153.51 78.677
156.31 78.669
159.15 78.661
162.05 78.655
165 78.651
168 78.647
171.06 78.642
174.17 78.635
177.34 78.625
180.57 78.609
183.86 78.587
187.2 78.555
190.61 78.512
194.08 78.457
197.61 78.387
201.21 78.301
204.87 78.198
208.6 78.078
212.39 77.94
216.26 77.785
220.19 77.615
224.2 77.432
228.28 77.238
232.44 77.037
236.67 76.831
240.97 76.622
245.36 76.415
249.82 76.209
254.37 76.006
259 75.808
263.71 75.615
268.51 75.427
273.4 75.245
278.38 75.069
283.44 74.899
288.6 74.737
293.85 74.582
299.2 74.433
304.65 74.292
310.19 74.156
315.84 74.026
321.59 73.901
327.44 73.78
333.4 73.663
339.47 73.551
345.64 73.445
351.93 73.343
358.34 73.246
364.86 73.155
371.5 73.069
378.26 72.986
385.15 72.908
392.16 72.834
399.29 72.763
406.56 72.695
413.96 72.631
421.49 72.57
429.16 72.512
436.97 72.457
444.93 72.406
453.02 72.356
461.27 72.309
469.66 72.264
478.21 72.222
486.91 72.182
495.78 72.144
504.8 72.11
513.99 72.078
523.34 72.049
532.87 72.023
542.56 72
552.44 71.98
562.49 71.963
572.73 71.95
583.15 71.94
593.77 71.934
604.57 71.932
615.57 71.933
626.78 71.939
638.18 71.95
649.8 71.965
661.63 71.984
673.67 72.008
685.93 72.036
698.41 72.07
711.12 72.108
724.06 72.152
737.24 72.201
750.66 72.257
764.32 72.32
778.23 72.391
792.39 72.472
806.82 72.564
821.5 72.667
836.45 72.783
851.67 72.912
867.17 73.057
882.96 73.218
899.02 73.397
915.39 73.598
932.05 73.824
949.01 74.078
966.28 74.364
983.87 74.682
1001.77 75.035
1020 75.418
1038.57 75.832
1057.47 76.274
1076.71 76.736
1096.31 77.208
1116.26 77.678
1136.58 78.129
1157.26 78.542
1178.32 78.899
1199.77 79.184
1221.6 79.386
1243.84 79.502
1266.47 79.534
1289.52 79.493
1312.99 79.394
1336.89 79.253
1361.22 79.086
1385.99 78.908
1411.22 78.734
1436.9 78.575
1463.05 78.437
1489.68 78.327
1516.79 78.243
1544.4 78.188
1572.5 78.159
1601.12 78.154
1630.26 78.172
1659.93 78.21
1690.14 78.266
1720.9 78.338
1752.22 78.425
1784.11 78.524
1816.58 78.635
1849.64 78.757
1883.3 78.889
1917.58 79.03
1952.48 79.178
1988.01 79.333
2024.19 79.495
2061.03 79.664
2098.54 79.838
2136.73 80.015
2175.62 80.193
2215.22 80.372
2255.53 80.55
2296.58 80.726
2338.38 80.9
2380.94 81.07
2424.27 81.235
2468.39 81.395
2513.31 81.548
2559.05 81.695
2605.63 81.835
2653.05 81.97
2701.33 82.098
2750.5 82.223
2800.55 82.343
2851.52 82.462
2903.42 82.581
2956.26 82.699
3010.06 82.817
3064.85 82.938
3120.62 83.059
3177.42 83.182
3235.25 83.306
3294.13 83.431
3354.08 83.557
3415.12 83.684
3477.27 83.81
3540.56 83.935
3605 84.058
3670.6 84.177
3737.41 84.29
3805.43 84.393
3874.68 84.486
3945.2 84.564
4017 84.627
4090.11 84.673
4164.55 84.705
4240.34 84.724
4317.51 84.735
4396.09 84.745
4476.1 84.758
4557.56 84.78
4640.5 84.816
4724.96 84.864
4810.95 84.921
4898.51 84.978
4987.66 85.019
5078.43 85.026
5170.86 84.979
5264.97 84.861
5360.79 84.66
5458.35 84.374
5557.69 84.009
5658.84 83.583
5761.82 83.118
5866.69 82.64
5973.46 82.176
6082.17 81.752
6192.87 81.388
6305.57 81.1
6420.33 80.899
6537.18 80.793
6656.15 80.788
6777.29 80.886
6900.63 81.086
7026.22 81.382
7154.1 81.753
7284.3 82.16
7416.87 82.545
7551.85 82.831
7689.29 82.932
7829.23 82.776
7971.72 82.315
8116.8 81.545
8264.53 80.509
8414.94 79.283
8568.09 77.958
8724.02 76.621
8882.79 75.33
9044.46 74.114
9209.06 72.966
9376.66 71.863
9547.31 70.783
9721.07 69.722
9897.99 68.706
10078.13 67.784
10261.55 67.022
10448.3 66.486
10638.45 66.229
10832.07 66.277
11029.21 66.622
11229.94 67.22
11434.32 68.009
11642.41 68.918
11854.3 69.89
12070.04 70.882
12289.71 71.857
12513.38 72.77
12741.12 73.571
12973 74.193
13209.1 74.57
13449.5 74.644
13694.28 74.389
13943.51 73.823
14197.27 73.003
14455.66 72.019
14718.74 70.971
14986.62 69.954
15259.37 69.048
15537.08 68.313
15819.85 67.78
16107.76 67.442
16400.92 67.243
16699.41 67.096
17003.33 66.908
17312.78 66.617
17627.86 66.197
17948.68 65.646
18275.34 64.968
18607.94 64.157
18946.6 63.202
19291.42 62.111
19642.52 60.927
20000 59.707