20 82.389
20.36 82.345
20.73 82.301
21.11 82.257
21.5 82.213
21.89 82.168
22.29 82.124
22.69 82.079
23.1 82.033
23.52 81.988
23.95 81.941
24.39 81.895
24.83 81.848
25.28 81.8
25.74 81.751
26.21 81.702
26.69 81.653
27.18 81.602
27.67 81.55
28.17 81.498
28.69 81.444
29.21 81.39
29.74 81.334
30.28 81.278
30.83 81.22
31.39 81.161
31.97 81.101
32.55 81.039
33.14 80.976
33.74 80.912
34.36 80.846
34.98 80.78
35.62 80.711
36.27 80.642
36.93 80.571
37.6 80.5
38.28 80.427
38.98 80.353
39.69 80.278
40.41 80.202
41.15 80.125
41.9 80.047
42.66 79.969
43.44 79.889
44.23 79.809
45.03 79.728
45.85 79.646
46.68 79.564
47.53 79.48
48.4 79.397
49.28 79.312
50.18 79.228
51.09 79.142
52.02 79.056
52.97 78.969
53.93 78.882
54.91 78.795
55.91 78.706
56.93 78.617
57.97 78.528
59.02 78.438
60.09 78.348
61.19 78.258
62.3 78.167
63.44 78.076
64.59 77.984
65.77 77.892
66.96 77.8
68.18 77.707
69.42 77.615
70.69 77.522
71.97 77.429
73.28 77.337
74.62 77.243
75.97 77.151
77.36 77.059
78.76 76.966
80.2 76.875
81.66 76.785
83.14 76.694
84.66 76.606
86.2 76.518
87.77 76.431
89.36 76.345
90.99 76.261
92.65 76.177
94.33 76.095
96.05 76.013
97.8 75.932
99.58 75.853
101.39 75.774
103.23 75.697
105.11 75.62
107.03 75.545
108.97 75.471
110.96 75.397
112.98 75.326
115.03 75.254
117.13 75.185
119.26 75.116
121.43 75.05
123.64 74.984
125.89 74.92
128.18 74.857
130.51 74.795
132.89 74.735
135.31 74.675
137.77 74.615
140.28 74.557
142.83 74.499
145.43 74.441
148.07 74.385
150.77 74.33
153.51 74.275
156.31 74.221
159.15 74.169
162.05 74.119
165 74.069
168 74.022
171.06 73.976
174.17 73.932
177.34 73.889
180.57 73.849
183.86 73.81
187.2 73.772
190.61 73.736
194.08 73.701
197.61 73.667
201.21 73.634
204.87 73.602
208.6 73.571
212.39 73.54
216.26 73.51
220.19 73.48
224.2 73.451
228.28 73.423
232.44 73.396
236.67 73.37
240.97 73.344
245.36 73.32
249.82 73.297
254.37 73.275
259 73.254
263.71 73.234
268.51 73.215
273.4 73.196
278.38 73.179
283.44 73.162
288.6 73.146
293.85 73.13
299.2 73.115
304.65 73.102
310.19 73.088
315.84 73.076
321.59 73.064
327.44 73.053
333.4 73.043
339.47 73.033
345.64 73.025
351.93 73.017
358.34 73.011
364.86 73.005
371.5 73
378.26 72.996
385.15 72.992
392.16 72.989
399.29 72.986
406.56 72.984
413.96 72.983
421.49 72.98
429.16 72.979
436.97 72.977
444.93 72.976
453.02 72.975
461.27 72.974
469.66 72.973
478.21 72.972
486.91 72.972
495.78 72.972
504.8 72.972
513.99 72.973
523.34 72.975
532.87 72.976
542.56 72.979
552.44 72.981
562.49 72.984
572.73 72.988
583.15 72.992
593.77 72.997
604.57 73.002
615.57 73.008
626.78 73.015
638.18 73.023
649.8 73.031
661.63 73.041
673.67 73.052
685.93 73.064
698.41 73.078
711.12 73.093
724.06 73.111
737.24 73.132
750.66 73.158
764.32 73.189
778.23 73.227
792.39 73.274
806.82 73.332
821.5 73.402
836.45 73.486
851.67 73.584
867.17 73.696
882.96 73.822
899.02 73.961
915.39 74.114
932.05 74.278
949.01 74.452
966.28 74.635
983.87 74.825
1001.77 75.019
1020 75.213
1038.57 75.408
1057.47 75.6
1076.71 75.79
1096.31 75.978
1116.26 76.162
1136.58 76.343
1157.26 76.52
1178.32 76.691
1199.77 76.858
1221.6 77.019
1243.84 77.173
1266.47 77.321
1289.52 77.463
1312.99 77.599
1336.89 77.727
1361.22 77.85
1385.99 77.968
1411.22 78.082
1436.9 78.192
1463.05 78.298
1489.68 78.4
1516.79 78.501
1544.4 78.6
1572.5 78.7
1601.12 78.801
1630.26 78.901
1659.93 79.003
1690.14 79.107
1720.9 79.215
1752.22 79.326
1784.11 79.441
1816.58 79.561
1849.64 79.686
1883.3 79.817
1917.58 79.954
1952.48 80.096
1988.01 80.245
2024.19 80.402
2061.03 80.566
2098.54 80.738
2136.73 80.917
2175.62 81.101
2215.22 81.291
2255.53 81.485
2296.58 81.683
2338.38 81.884
2380.94 82.087
2424.27 82.289
2468.39 82.489
2513.31 82.684
2559.05 82.871
2605.63 83.047
2653.05 83.208
2701.33 83.35
2750.5 83.471
2800.55 83.565
2851.52 83.63
2903.42 83.663
2956.26 83.662
3010.06 83.627
3064.85 83.557
3120.62 83.455
3177.42 83.323
3235.25 83.165
3294.13 82.984
3354.08 82.784
3415.12 82.569
3477.27 82.343
3540.56 82.107
3605 81.865
3670.6 81.618
3737.41 81.371
3805.43 81.124
3874.68 80.879
3945.2 80.64
4017 80.407
4090.11 80.183
4164.55 79.966
4240.34 79.761
4317.51 79.567
4396.09 79.388
4476.1 79.222
4557.56 79.071
4640.5 78.933
4724.96 78.809
4810.95 78.697
4898.51 78.597
4987.66 78.507
5078.43 78.426
5170.86 78.354
5264.97 78.29
5360.79 78.234
5458.35 78.188
5557.69 78.153
5658.84 78.133
5761.82 78.129
5866.69 78.146
5973.46 78.184
6082.17 78.243
6192.87 78.316
6305.57 78.391
6420.33 78.451
6537.18 78.473
6656.15 78.438
6777.29 78.335
6900.63 78.176
7026.22 78.004
7154.1 77.88
7284.3 77.873
7416.87 78.016
7551.85 78.272
7689.29 78.539
7829.23 78.682
7971.72 78.582
8116.8 78.176
8264.53 77.472
8414.94 76.549
8568.09 75.523
8724.02 74.511
8882.79 73.598
9044.46 72.821
9209.06 72.183
9376.66 71.676
9547.31 71.288
9721.07 71.011
9897.99 70.835
10078.13 70.747
10261.55 70.731
10448.3 70.768
10638.45 70.838
10832.07 70.923
11029.21 71.007
11229.94 71.079
11434.32 71.142
11642.41 71.203
11854.3 71.276
12070.04 71.367
12289.71 71.466
12513.38 71.541
12741.12 71.547
12973 71.435
13209.1 71.17
13449.5 70.738
13694.28 70.144
13943.51 69.412
14197.27 68.578
14455.66 67.693
14718.74 66.828
14986.62 66.068
15259.37 65.5
15537.08 65.186
15819.85 65.126
16107.76 65.259
16400.92 65.494
16699.41 65.74
17003.33 65.918
17312.78 65.939
17627.86 65.678
17948.68 64.973
18275.34 63.67
18607.94 61.694
18946.6 59.087
19291.42 56.005
19642.52 52.662
20000 49.239