20 84.472
20.36 84.397
20.73 84.323
21.11 84.248
21.5 84.174
21.89 84.1
22.29 84.026
22.69 83.952
23.1 83.879
23.52 83.806
23.95 83.734
24.39 83.662
24.83 83.591
25.28 83.52
25.74 83.451
26.21 83.381
26.69 83.313
27.18 83.245
27.67 83.178
28.17 83.113
28.69 83.048
29.21 82.984
29.74 82.922
30.28 82.86
30.83 82.8
31.39 82.741
31.97 82.683
32.55 82.627
33.14 82.572
33.74 82.518
34.36 82.466
34.98 82.415
35.62 82.365
36.27 82.317
36.93 82.269
37.6 82.222
38.28 82.175
38.98 82.13
39.69 82.085
40.41 82.04
41.15 81.996
41.9 81.952
42.66 81.909
43.44 81.865
44.23 81.821
45.03 81.778
45.85 81.734
46.68 81.689
47.53 81.645
48.4 81.599
49.28 81.553
50.18 81.506
51.09 81.458
52.02 81.409
52.97 81.358
53.93 81.306
54.91 81.252
55.91 81.197
56.93 81.139
57.97 81.079
59.02 81.017
60.09 80.953
61.19 80.886
62.3 80.817
63.44 80.746
64.59 80.673
65.77 80.598
66.96 80.521
68.18 80.443
69.42 80.364
70.69 80.283
71.97 80.201
73.28 80.118
74.62 80.034
75.97 79.95
77.36 79.865
78.76 79.78
80.2 79.695
81.66 79.61
83.14 79.526
84.66 79.443
86.2 79.36
87.77 79.278
89.36 79.198
90.99 79.118
92.65 79.039
94.33 78.96
96.05 78.883
97.8 78.806
99.58 78.73
101.39 78.655
103.23 78.58
105.11 78.505
107.03 78.431
108.97 78.357
110.96 78.283
112.98 78.209
115.03 78.135
117.13 78.061
119.26 77.987
121.43 77.914
123.64 77.84
125.89 77.767
128.18 77.694
130.51 77.621
132.89 77.547
135.31 77.473
137.77 77.398
140.28 77.323
142.83 77.247
145.43 77.17
148.07 77.093
150.77 77.015
153.51 76.938
156.31 76.861
159.15 76.785
162.05 76.71
165 76.636
168 76.563
171.06 76.492
174.17 76.423
177.34 76.356
180.57 76.292
183.86 76.23
187.2 76.171
190.61 76.113
194.08 76.058
197.61 76.004
201.21 75.952
204.87 75.902
208.6 75.853
212.39 75.805
216.26 75.758
220.19 75.712
224.2 75.669
228.28 75.626
232.44 75.586
236.67 75.547
240.97 75.51
245.36 75.475
249.82 75.442
254.37 75.41
259 75.38
263.71 75.35
268.51 75.321
273.4 75.293
278.38 75.266
283.44 75.239
288.6 75.212
293.85 75.186
299.2 75.161
304.65 75.135
310.19 75.11
315.84 75.085
321.59 75.06
327.44 75.035
333.4 75.01
339.47 74.985
345.64 74.961
351.93 74.937
358.34 74.913
364.86 74.889
371.5 74.867
378.26 74.844
385.15 74.822
392.16 74.801
399.29 74.779
406.56 74.758
413.96 74.738
421.49 74.718
429.16 74.698
436.97 74.678
444.93 74.66
453.02 74.641
461.27 74.623
469.66 74.605
478.21 74.587
486.91 74.57
495.78 74.554
504.8 74.538
513.99 74.522
523.34 74.508
532.87 74.494
542.56 74.481
552.44 74.468
562.49 74.456
572.73 74.445
583.15 74.436
593.77 74.427
604.57 74.418
615.57 74.412
626.78 74.406
638.18 74.402
649.8 74.4
661.63 74.399
673.67 74.4
685.93 74.403
698.41 74.407
711.12 74.414
724.06 74.422
737.24 74.432
750.66 74.445
764.32 74.46
778.23 74.477
792.39 74.497
806.82 74.519
821.5 74.545
836.45 74.574
851.67 74.606
867.17 74.641
882.96 74.679
899.02 74.72
915.39 74.764
932.05 74.81
949.01 74.857
966.28 74.906
983.87 74.955
1001.77 75.005
1020 75.055
1038.57 75.107
1057.47 75.164
1076.71 75.227
1096.31 75.301
1116.26 75.388
1136.58 75.49
1157.26 75.611
1178.32 75.75
1199.77 75.908
1221.6 76.082
1243.84 76.269
1266.47 76.466
1289.52 76.67
1312.99 76.874
1336.89 77.076
1361.22 77.274
1385.99 77.467
1411.22 77.654
1436.9 77.832
1463.05 78.002
1489.68 78.165
1516.79 78.319
1544.4 78.468
1572.5 78.612
1601.12 78.751
1630.26 78.885
1659.93 79.014
1690.14 79.14
1720.9 79.262
1752.22 79.381
1784.11 79.496
1816.58 79.609
1849.64 79.718
1883.3 79.826
1917.58 79.933
1952.48 80.04
1988.01 80.15
2024.19 80.265
2061.03 80.387
2098.54 80.516
2136.73 80.654
2175.62 80.8
2215.22 80.954
2255.53 81.114
2296.58 81.281
2338.38 81.453
2380.94 81.631
2424.27 81.814
2468.39 82.005
2513.31 82.204
2559.05 82.411
2605.63 82.622
2653.05 82.832
2701.33 83.039
2750.5 83.238
2800.55 83.429
2851.52 83.61
2903.42 83.779
2956.26 83.935
3010.06 84.074
3064.85 84.198
3120.62 84.302
3177.42 84.386
3235.25 84.451
3294.13 84.495
3354.08 84.521
3415.12 84.528
3477.27 84.519
3540.56 84.494
3605 84.455
3670.6 84.404
3737.41 84.343
3805.43 84.273
3874.68 84.196
3945.2 84.113
4017 84.025
4090.11 83.932
4164.55 83.837
4240.34 83.74
4317.51 83.642
4396.09 83.545
4476.1 83.45
4557.56 83.355
4640.5 83.262
4724.96 83.169
4810.95 83.076
4898.51 82.983
4987.66 82.888
5078.43 82.791
5170.86 82.692
5264.97 82.59
5360.79 82.483
5458.35 82.373
5557.69 82.257
5658.84 82.136
5761.82 82.008
5866.69 81.874
5973.46 81.734
6082.17 81.592
6192.87 81.45
6305.57 81.314
6420.33 81.19
6537.18 81.084
6656.15 81.005
6777.29 80.958
6900.63 80.947
7026.22 80.975
7154.1 81.039
7284.3 81.13
7416.87 81.238
7551.85 81.344
7689.29 81.43
7829.23 81.472
7971.72 81.444
8116.8 81.318
8264.53 81.066
8414.94 80.662
8568.09 80.092
8724.02 79.358
8882.79 78.479
9044.46 77.49
9209.06 76.434
9376.66 75.354
9547.31 74.289
9721.07 73.266
9897.99 72.305
10078.13 71.414
10261.55 70.595
10448.3 69.844
10638.45 69.153
10832.07 68.517
11029.21 67.928
11229.94 67.384
11434.32 66.887
11642.41 66.442
11854.3 66.063
12070.04 65.768
12289.71 65.582
12513.38 65.538
12741.12 65.673
12973 66.02
13209.1 66.601
13449.5 67.415
13694.28 68.43
13943.51 69.573
14197.27 70.742
14455.66 71.813
14718.74 72.655
14986.62 73.153
15259.37 73.237
15537.08 72.9
15819.85 72.215
16107.76 71.31
16400.92 70.343
16699.41 69.453
17003.33 68.733
17312.78 68.214
17627.86 67.86
17948.68 67.585
18275.34 67.269
18607.94 66.793
18946.6 66.078
19291.42 65.119
19642.52 63.99
20000 62.798