20 81.579
20.36 81.562
20.73 81.545
21.11 81.528
21.5 81.51
21.89 81.493
22.29 81.476
22.69 81.458
23.1 81.44
23.52 81.422
23.95 81.403
24.39 81.385
24.83 81.366
25.28 81.347
25.74 81.327
26.21 81.308
26.69 81.288
27.18 81.267
27.67 81.246
28.17 81.225
28.69 81.203
29.21 81.18
29.74 81.157
30.28 81.134
30.83 81.11
31.39 81.085
31.97 81.06
32.55 81.034
33.14 81.008
33.74 80.98
34.36 80.953
34.98 80.924
35.62 80.895
36.27 80.866
36.93 80.836
37.6 80.807
38.28 80.777
38.98 80.747
39.69 80.717
40.41 80.687
41.15 80.656
41.9 80.627
42.66 80.597
43.44 80.568
44.23 80.539
45.03 80.511
45.85 80.482
46.68 80.455
47.53 80.428
48.4 80.402
49.28 80.377
50.18 80.351
51.09 80.326
52.02 80.302
52.97 80.278
53.93 80.254
54.91 80.23
55.91 80.206
56.93 80.183
57.97 80.16
59.02 80.137
60.09 80.114
61.19 80.09
62.3 80.066
63.44 80.041
64.59 80.015
65.77 79.987
66.96 79.956
68.18 79.924
69.42 79.888
70.69 79.849
71.97 79.807
73.28 79.76
74.62 79.711
75.97 79.656
77.36 79.598
78.76 79.535
80.2 79.468
81.66 79.397
83.14 79.321
84.66 79.241
86.2 79.156
87.77 79.067
89.36 78.974
90.99 78.877
92.65 78.777
94.33 78.674
96.05 78.569
97.8 78.461
99.58 78.352
101.39 78.241
103.23 78.129
105.11 78.017
107.03 77.904
108.97 77.792
110.96 77.681
112.98 77.57
115.03 77.461
117.13 77.355
119.26 77.251
121.43 77.15
123.64 77.053
125.89 76.959
128.18 76.869
130.51 76.784
132.89 76.701
135.31 76.623
137.77 76.549
140.28 76.478
142.83 76.412
145.43 76.349
148.07 76.291
150.77 76.238
153.51 76.19
156.31 76.147
159.15 76.109
162.05 76.077
165 76.049
168 76.026
171.06 76.007
174.17 75.992
177.34 75.979
180.57 75.969
183.86 75.96
187.2 75.95
190.61 75.939
194.08 75.925
197.61 75.908
201.21 75.884
204.87 75.854
208.6 75.816
212.39 75.769
216.26 75.712
220.19 75.644
224.2 75.565
228.28 75.476
232.44 75.377
236.67 75.268
240.97 75.15
245.36 75.024
249.82 74.892
254.37 74.754
259 74.611
263.71 74.464
268.51 74.313
273.4 74.161
278.38 74.006
283.44 73.852
288.6 73.699
293.85 73.549
299.2 73.402
304.65 73.258
310.19 73.117
315.84 72.98
321.59 72.845
327.44 72.715
333.4 72.588
339.47 72.466
345.64 72.349
351.93 72.237
358.34 72.131
364.86 72.031
371.5 71.937
378.26 71.847
385.15 71.763
392.16 71.683
399.29 71.607
406.56 71.536
413.96 71.468
421.49 71.405
429.16 71.345
436.97 71.29
444.93 71.238
453.02 71.189
461.27 71.144
469.66 71.101
478.21 71.063
486.91 71.028
495.78 70.996
504.8 70.968
513.99 70.944
523.34 70.924
532.87 70.909
542.56 70.899
552.44 70.892
562.49 70.891
572.73 70.896
583.15 70.906
593.77 70.922
604.57 70.945
615.57 70.975
626.78 71.013
638.18 71.061
649.8 71.118
661.63 71.187
673.67 71.268
685.93 71.363
698.41 71.473
711.12 71.599
724.06 71.743
737.24 71.907
750.66 72.093
764.32 72.303
778.23 72.538
792.39 72.798
806.82 73.08
821.5 73.381
836.45 73.69
851.67 73.997
867.17 74.289
882.96 74.551
899.02 74.772
915.39 74.943
932.05 75.057
949.01 75.115
966.28 75.117
983.87 75.072
1001.77 74.992
1020 74.889
1038.57 74.779
1057.47 74.672
1076.71 74.578
1096.31 74.505
1116.26 74.457
1136.58 74.436
1157.26 74.44
1178.32 74.468
1199.77 74.517
1221.6 74.581
1243.84 74.659
1266.47 74.746
1289.52 74.84
1312.99 74.937
1336.89 75.037
1361.22 75.138
1385.99 75.242
1411.22 75.348
1436.9 75.457
1463.05 75.57
1489.68 75.686
1516.79 75.808
1544.4 75.936
1572.5 76.07
1601.12 76.21
1630.26 76.356
1659.93 76.509
1690.14 76.668
1720.9 76.835
1752.22 77.008
1784.11 77.19
1816.58 77.378
1849.64 77.573
1883.3 77.775
1917.58 77.982
1952.48 78.196
1988.01 78.415
2024.19 78.641
2061.03 78.873
2098.54 79.111
2136.73 79.353
2175.62 79.598
2215.22 79.845
2255.53 80.093
2296.58 80.342
2338.38 80.59
2380.94 80.838
2424.27 81.084
2468.39 81.325
2513.31 81.562
2559.05 81.794
2605.63 82.02
2653.05 82.239
2701.33 82.451
2750.5 82.655
2800.55 82.853
2851.52 83.046
2903.42 83.235
2956.26 83.419
3010.06 83.603
3064.85 83.785
3120.62 83.97
3177.42 84.159
3235.25 84.356
3294.13 84.562
3354.08 84.781
3415.12 85.014
3477.27 85.264
3540.56 85.529
3605 85.806
3670.6 86.091
3737.41 86.374
3805.43 86.642
3874.68 86.879
3945.2 87.065
4017 87.184
4090.11 87.216
4164.55 87.149
4240.34 86.977
4317.51 86.699
4396.09 86.321
4476.1 85.858
4557.56 85.325
4640.5 84.741
4724.96 84.126
4810.95 83.499
4898.51 82.874
4987.66 82.263
5078.43 81.675
5170.86 81.115
5264.97 80.588
5360.79 80.095
5458.35 79.637
5557.69 79.219
5658.84 78.84
5761.82 78.503
5866.69 78.211
5973.46 77.97
6082.17 77.785
6192.87 77.664
6305.57 77.614
6420.33 77.646
6537.18 77.771
6656.15 77.998
6777.29 78.337
6900.63 78.79
7026.22 79.351
7154.1 79.998
7284.3 80.689
7416.87 81.359
7551.85 81.924
7689.29 82.295
7829.23 82.394
7971.72 82.175
8116.8 81.633
8264.53 80.813
8414.94 79.791
8568.09 78.658
8724.02 77.497
8882.79 76.365
9044.46 75.287
9209.06 74.257
9376.66 73.25
9547.31 72.246
9721.07 71.242
9897.99 70.265
10078.13 69.367
10261.55 68.616
10448.3 68.079
10638.45 67.81
10832.07 67.836
11029.21 68.152
11229.94 68.715
11434.32 69.46
11642.41 70.321
11854.3 71.241
12070.04 72.177
12289.71 73.094
12513.38 73.947
12741.12 74.687
12973 75.248
13209.1 75.563
13449.5 75.577
13694.28 75.261
13943.51 74.632
14197.27 73.75
14455.66 72.702
14718.74 71.589
14986.62 70.505
15259.37 69.532
15537.08 68.731
15819.85 68.133
16107.76 67.729
16400.92 67.467
16699.41 67.257
17003.33 67.01
17312.78 66.66
17627.86 66.184
17948.68 65.58
18275.34 64.85
18607.94 63.99
18946.6 62.989
19291.42 61.855
19642.52 60.628
20000 59.367