20 84.906
20.36 84.88
20.73 84.855
21.11 84.83
21.5 84.804
21.89 84.779
22.29 84.753
22.69 84.727
23.1 84.701
23.52 84.674
23.95 84.647
24.39 84.619
24.83 84.591
25.28 84.563
25.74 84.534
26.21 84.504
26.69 84.474
27.18 84.443
27.67 84.411
28.17 84.378
28.69 84.345
29.21 84.311
29.74 84.275
30.28 84.239
30.83 84.202
31.39 84.164
31.97 84.125
32.55 84.084
33.14 84.043
33.74 84
34.36 83.956
34.98 83.911
35.62 83.864
36.27 83.817
36.93 83.768
37.6 83.718
38.28 83.667
38.98 83.615
39.69 83.561
40.41 83.506
41.15 83.451
41.9 83.394
42.66 83.336
43.44 83.277
44.23 83.217
45.03 83.155
45.85 83.093
46.68 83.029
47.53 82.964
48.4 82.898
49.28 82.831
50.18 82.763
51.09 82.694
52.02 82.625
52.97 82.554
53.93 82.482
54.91 82.409
55.91 82.335
56.93 82.261
57.97 82.185
59.02 82.109
60.09 82.032
61.19 81.954
62.3 81.876
63.44 81.797
64.59 81.717
65.77 81.637
66.96 81.556
68.18 81.475
69.42 81.393
70.69 81.311
71.97 81.229
73.28 81.147
74.62 81.064
75.97 80.981
77.36 80.897
78.76 80.813
80.2 80.728
81.66 80.643
83.14 80.557
84.66 80.471
86.2 80.384
87.77 80.296
89.36 80.207
90.99 80.117
92.65 80.027
94.33 79.937
96.05 79.845
97.8 79.753
99.58 79.661
101.39 79.568
103.23 79.475
105.11 79.382
107.03 79.29
108.97 79.199
110.96 79.109
112.98 79.02
115.03 78.931
117.13 78.843
119.26 78.755
121.43 78.667
123.64 78.578
125.89 78.489
128.18 78.399
130.51 78.308
132.89 78.218
135.31 78.127
137.77 78.035
140.28 77.944
142.83 77.853
145.43 77.763
148.07 77.673
150.77 77.583
153.51 77.495
156.31 77.407
159.15 77.321
162.05 77.237
165 77.153
168 77.071
171.06 76.99
174.17 76.91
177.34 76.83
180.57 76.751
183.86 76.671
187.2 76.592
190.61 76.513
194.08 76.434
197.61 76.355
201.21 76.277
204.87 76.2
208.6 76.123
212.39 76.047
216.26 75.971
220.19 75.897
224.2 75.824
228.28 75.752
232.44 75.682
236.67 75.613
240.97 75.544
245.36 75.477
249.82 75.41
254.37 75.344
259 75.28
263.71 75.217
268.51 75.155
273.4 75.095
278.38 75.035
283.44 74.977
288.6 74.92
293.85 74.865
299.2 74.811
304.65 74.758
310.19 74.706
315.84 74.656
321.59 74.607
327.44 74.558
333.4 74.511
339.47 74.465
345.64 74.419
351.93 74.374
358.34 74.33
364.86 74.286
371.5 74.243
378.26 74.201
385.15 74.161
392.16 74.123
399.29 74.086
406.56 74.05
413.96 74.016
421.49 73.983
429.16 73.951
436.97 73.92
444.93 73.891
453.02 73.862
461.27 73.835
469.66 73.809
478.21 73.784
486.91 73.761
495.78 73.739
504.8 73.719
513.99 73.7
523.34 73.683
532.87 73.668
542.56 73.653
552.44 73.641
562.49 73.629
572.73 73.62
583.15 73.611
593.77 73.605
604.57 73.6
615.57 73.598
626.78 73.598
638.18 73.6
649.8 73.604
661.63 73.612
673.67 73.622
685.93 73.635
698.41 73.652
711.12 73.672
724.06 73.697
737.24 73.726
750.66 73.759
764.32 73.796
778.23 73.836
792.39 73.881
806.82 73.93
821.5 73.984
836.45 74.043
851.67 74.109
867.17 74.181
882.96 74.26
899.02 74.348
915.39 74.443
932.05 74.545
949.01 74.654
966.28 74.768
983.87 74.888
1001.77 75.012
1020 75.141
1038.57 75.273
1057.47 75.41
1076.71 75.55
1096.31 75.694
1116.26 75.842
1136.58 75.992
1157.26 76.145
1178.32 76.299
1199.77 76.455
1221.6 76.612
1243.84 76.771
1266.47 76.93
1289.52 77.091
1312.99 77.255
1336.89 77.418
1361.22 77.581
1385.99 77.741
1411.22 77.897
1436.9 78.049
1463.05 78.197
1489.68 78.342
1516.79 78.485
1544.4 78.628
1572.5 78.774
1601.12 78.923
1630.26 79.077
1659.93 79.234
1690.14 79.395
1720.9 79.559
1752.22 79.728
1784.11 79.899
1816.58 80.076
1849.64 80.255
1883.3 80.439
1917.58 80.626
1952.48 80.818
1988.01 81.015
2024.19 81.216
2061.03 81.421
2098.54 81.628
2136.73 81.836
2175.62 82.045
2215.22 82.253
2255.53 82.459
2296.58 82.663
2338.38 82.864
2380.94 83.059
2424.27 83.246
2468.39 83.426
2513.31 83.596
2559.05 83.755
2605.63 83.903
2653.05 84.039
2701.33 84.161
2750.5 84.27
2800.55 84.366
2851.52 84.447
2903.42 84.513
2956.26 84.566
3010.06 84.605
3064.85 84.631
3120.62 84.644
3177.42 84.646
3235.25 84.638
3294.13 84.619
3354.08 84.59
3415.12 84.552
3477.27 84.504
3540.56 84.446
3605 84.377
3670.6 84.296
3737.41 84.2
3805.43 84.087
3874.68 83.954
3945.2 83.797
4017 83.616
4090.11 83.406
4164.55 83.168
4240.34 82.901
4317.51 82.606
4396.09 82.284
4476.1 81.937
4557.56 81.567
4640.5 81.18
4724.96 80.777
4810.95 80.364
4898.51 79.942
4987.66 79.517
5078.43 79.091
5170.86 78.669
5264.97 78.256
5360.79 77.858
5458.35 77.48
5557.69 77.125
5658.84 76.798
5761.82 76.504
5866.69 76.247
5973.46 76.033
6082.17 75.868
6192.87 75.759
6305.57 75.713
6420.33 75.738
6537.18 75.842
6656.15 76.036
6777.29 76.329
6900.63 76.727
7026.22 77.23
7154.1 77.828
7284.3 78.497
7416.87 79.194
7551.85 79.858
7689.29 80.416
7829.23 80.794
7971.72 80.93
8116.8 80.784
8264.53 80.352
8414.94 79.661
8568.09 78.768
8724.02 77.745
8882.79 76.666
9044.46 75.598
9209.06 74.592
9376.66 73.677
9547.31 72.86
9721.07 72.131
9897.99 71.462
10078.13 70.825
10261.55 70.19
10448.3 69.537
10638.45 68.864
10832.07 68.197
11029.21 67.593
11229.94 67.138
11434.32 66.927
11642.41 67.029
11854.3 67.461
12070.04 68.172
12289.71 69.062
12513.38 70.016
12741.12 70.934
12973 71.739
13209.1 72.383
13449.5 72.831
13694.28 73.063
13943.51 73.074
14197.27 72.88
14455.66 72.522
14718.74 72.067
14986.62 71.594
15259.37 71.181
15537.08 70.884
15819.85 70.724
16107.76 70.685
16400.92 70.722
16699.41 70.785
17003.33 70.834
17312.78 70.85
17627.86 70.825
17948.68 70.753
18275.34 70.614
18607.94 70.378
18946.6 70.026
19291.42 69.572
19642.52 69.064
20000 68.553