20 82.466
20.36 82.46
20.73 82.454
21.11 82.448
21.5 82.442
21.89 82.435
22.29 82.429
22.69 82.422
23.1 82.415
23.52 82.408
23.95 82.401
24.39 82.393
24.83 82.385
25.28 82.377
25.74 82.369
26.21 82.359
26.69 82.35
27.18 82.34
27.67 82.33
28.17 82.319
28.69 82.307
29.21 82.295
29.74 82.282
30.28 82.269
30.83 82.255
31.39 82.24
31.97 82.225
32.55 82.209
33.14 82.192
33.74 82.174
34.36 82.155
34.98 82.136
35.62 82.116
36.27 82.095
36.93 82.074
37.6 82.052
38.28 82.029
38.98 82.006
39.69 81.982
40.41 81.957
41.15 81.932
41.9 81.906
42.66 81.88
43.44 81.853
44.23 81.826
45.03 81.799
45.85 81.771
46.68 81.742
47.53 81.713
48.4 81.684
49.28 81.654
50.18 81.623
51.09 81.591
52.02 81.559
52.97 81.526
53.93 81.493
54.91 81.458
55.91 81.422
56.93 81.385
57.97 81.347
59.02 81.308
60.09 81.268
61.19 81.227
62.3 81.184
63.44 81.14
64.59 81.094
65.77 81.047
66.96 80.999
68.18 80.949
69.42 80.897
70.69 80.844
71.97 80.789
73.28 80.733
74.62 80.675
75.97 80.615
77.36 80.554
78.76 80.492
80.2 80.428
81.66 80.362
83.14 80.295
84.66 80.227
86.2 80.158
87.77 80.087
89.36 80.016
90.99 79.943
92.65 79.869
94.33 79.795
96.05 79.72
97.8 79.644
99.58 79.568
101.39 79.491
103.23 79.413
105.11 79.334
107.03 79.254
108.97 79.172
110.96 79.089
112.98 79.004
115.03 78.917
117.13 78.83
119.26 78.741
121.43 78.65
123.64 78.559
125.89 78.468
128.18 78.376
130.51 78.282
132.89 78.188
135.31 78.091
137.77 77.994
140.28 77.894
142.83 77.791
145.43 77.687
148.07 77.581
150.77 77.472
153.51 77.361
156.31 77.249
159.15 77.134
162.05 77.019
165 76.903
168 76.787
171.06 76.671
174.17 76.555
177.34 76.44
180.57 76.324
183.86 76.21
187.2 76.097
190.61 75.985
194.08 75.874
197.61 75.762
201.21 75.652
204.87 75.541
208.6 75.429
212.39 75.317
216.26 75.206
220.19 75.094
224.2 74.983
228.28 74.873
232.44 74.765
236.67 74.66
240.97 74.557
245.36 74.457
249.82 74.36
254.37 74.266
259 74.175
263.71 74.087
268.51 74.003
273.4 73.921
278.38 73.842
283.44 73.767
288.6 73.696
293.85 73.628
299.2 73.565
304.65 73.506
310.19 73.45
315.84 73.397
321.59 73.348
327.44 73.302
333.4 73.259
339.47 73.22
345.64 73.183
351.93 73.15
358.34 73.122
364.86 73.096
371.5 73.074
378.26 73.056
385.15 73.041
392.16 73.028
399.29 73.019
406.56 73.012
413.96 73.008
421.49 73.005
429.16 73.006
436.97 73.008
444.93 73.011
453.02 73.016
461.27 73.024
469.66 73.032
478.21 73.042
486.91 73.055
495.78 73.07
504.8 73.087
513.99 73.107
523.34 73.128
532.87 73.151
542.56 73.175
552.44 73.199
562.49 73.222
572.73 73.246
583.15 73.269
593.77 73.292
604.57 73.315
615.57 73.338
626.78 73.362
638.18 73.387
649.8 73.413
661.63 73.441
673.67 73.47
685.93 73.5
698.41 73.531
711.12 73.564
724.06 73.599
737.24 73.635
750.66 73.674
764.32 73.716
778.23 73.76
792.39 73.809
806.82 73.862
821.5 73.921
836.45 73.986
851.67 74.056
867.17 74.133
882.96 74.216
899.02 74.307
915.39 74.405
932.05 74.511
949.01 74.625
966.28 74.747
983.87 74.877
1001.77 75.013
1020 75.154
1038.57 75.298
1057.47 75.444
1076.71 75.592
1096.31 75.74
1116.26 75.888
1136.58 76.033
1157.26 76.177
1178.32 76.316
1199.77 76.451
1221.6 76.579
1243.84 76.702
1266.47 76.817
1289.52 76.926
1312.99 77.028
1336.89 77.122
1361.22 77.21
1385.99 77.292
1411.22 77.37
1436.9 77.443
1463.05 77.513
1489.68 77.58
1516.79 77.646
1544.4 77.712
1572.5 77.779
1601.12 77.847
1630.26 77.918
1659.93 77.992
1690.14 78.069
1720.9 78.151
1752.22 78.238
1784.11 78.33
1816.58 78.427
1849.64 78.531
1883.3 78.641
1917.58 78.758
1952.48 78.881
1988.01 79.012
2024.19 79.151
2061.03 79.298
2098.54 79.455
2136.73 79.619
2175.62 79.791
2215.22 79.969
2255.53 80.154
2296.58 80.345
2338.38 80.543
2380.94 80.747
2424.27 80.955
2468.39 81.166
2513.31 81.379
2559.05 81.593
2605.63 81.805
2653.05 82.014
2701.33 82.216
2750.5 82.408
2800.55 82.588
2851.52 82.754
2903.42 82.901
2956.26 83.027
3010.06 83.127
3064.85 83.2
3120.62 83.244
3177.42 83.256
3235.25 83.237
3294.13 83.188
3354.08 83.112
3415.12 83.01
3477.27 82.888
3540.56 82.748
3605 82.595
3670.6 82.431
3737.41 82.26
3805.43 82.084
3874.68 81.905
3945.2 81.726
4017 81.548
4090.11 81.372
4164.55 81.202
4240.34 81.038
4317.51 80.883
4396.09 80.738
4476.1 80.606
4557.56 80.486
4640.5 80.38
4724.96 80.289
4810.95 80.215
4898.51 80.161
4987.66 80.131
5078.43 80.133
5170.86 80.172
5264.97 80.255
5360.79 80.387
5458.35 80.567
5557.69 80.786
5658.84 81.023
5761.82 81.249
5866.69 81.427
5973.46 81.52
6082.17 81.504
6192.87 81.377
6305.57 81.162
6420.33 80.907
6537.18 80.671
6656.15 80.514
6777.29 80.486
6900.63 80.616
7026.22 80.914
7154.1 81.361
7284.3 81.913
7416.87 82.501
7551.85 83.036
7689.29 83.419
7829.23 83.562
7971.72 83.402
8116.8 82.916
8264.53 82.127
8414.94 81.099
8568.09 79.923
8724.02 78.695
8882.79 77.498
9044.46 76.395
9209.06 75.417
9376.66 74.572
9547.31 73.847
9721.07 73.216
9897.99 72.651
10078.13 72.124
10261.55 71.61
10448.3 71.092
10638.45 70.564
10832.07 70.025
11029.21 69.487
11229.94 68.962
11434.32 68.459
11642.41 67.986
11854.3 67.545
12070.04 67.131
12289.71 66.74
12513.38 66.372
12741.12 66.035
12973 65.745
13209.1 65.529
13449.5 65.417
13694.28 65.439
13943.51 65.615
14197.27 65.948
14455.66 66.413
14718.74 66.952
14986.62 67.476
15259.37 67.887
15537.08 68.106
15819.85 68.103
16107.76 67.908
16400.92 67.595
16699.41 67.254
17003.33 66.95
17312.78 66.704
17627.86 66.483
17948.68 66.219
18275.34 65.829
18607.94 65.251
18946.6 64.463
19291.42 63.49
19642.52 62.402
20000 61.274