20 86.447
20.36 86.375
20.73 86.304
21.11 86.231
21.5 86.159
21.89 86.086
22.29 86.014
22.69 85.941
23.1 85.867
23.52 85.793
23.95 85.718
24.39 85.643
24.83 85.567
25.28 85.49
25.74 85.412
26.21 85.334
26.69 85.254
27.18 85.173
27.67 85.091
28.17 85.009
28.69 84.926
29.21 84.84
29.74 84.753
30.28 84.665
30.83 84.575
31.39 84.484
31.97 84.391
32.55 84.296
33.14 84.2
33.74 84.103
34.36 84.003
34.98 83.902
35.62 83.8
36.27 83.698
36.93 83.593
37.6 83.488
38.28 83.383
38.98 83.278
39.69 83.172
40.41 83.068
41.15 82.962
41.9 82.858
42.66 82.753
43.44 82.65
44.23 82.548
45.03 82.447
45.85 82.348
46.68 82.249
47.53 82.152
48.4 82.056
49.28 81.961
50.18 81.865
51.09 81.77
52.02 81.675
52.97 81.578
53.93 81.481
54.91 81.382
55.91 81.282
56.93 81.18
57.97 81.076
59.02 80.968
60.09 80.858
61.19 80.746
62.3 80.631
63.44 80.514
64.59 80.396
65.77 80.277
66.96 80.159
68.18 80.041
69.42 79.923
70.69 79.806
71.97 79.692
73.28 79.578
74.62 79.467
75.97 79.358
77.36 79.25
78.76 79.144
80.2 79.04
81.66 78.937
83.14 78.835
84.66 78.733
86.2 78.634
87.77 78.535
89.36 78.437
90.99 78.341
92.65 78.245
94.33 78.151
96.05 78.058
97.8 77.966
99.58 77.876
101.39 77.786
103.23 77.698
105.11 77.612
107.03 77.527
108.97 77.444
110.96 77.361
112.98 77.281
115.03 77.202
117.13 77.124
119.26 77.046
121.43 76.968
123.64 76.891
125.89 76.813
128.18 76.736
130.51 76.659
132.89 76.581
135.31 76.506
137.77 76.431
140.28 76.358
142.83 76.286
145.43 76.215
148.07 76.147
150.77 76.081
153.51 76.017
156.31 75.953
159.15 75.892
162.05 75.831
165 75.771
168 75.713
171.06 75.656
174.17 75.602
177.34 75.55
180.57 75.502
183.86 75.455
187.2 75.412
190.61 75.372
194.08 75.335
197.61 75.302
201.21 75.273
204.87 75.245
208.6 75.221
212.39 75.2
216.26 75.181
220.19 75.165
224.2 75.152
228.28 75.141
232.44 75.133
236.67 75.127
240.97 75.123
245.36 75.123
249.82 75.126
254.37 75.131
259 75.14
263.71 75.151
268.51 75.165
273.4 75.18
278.38 75.2
283.44 75.22
288.6 75.242
293.85 75.266
299.2 75.292
304.65 75.319
310.19 75.347
315.84 75.378
321.59 75.409
327.44 75.442
333.4 75.474
339.47 75.507
345.64 75.54
351.93 75.571
358.34 75.601
364.86 75.63
371.5 75.658
378.26 75.685
385.15 75.711
392.16 75.736
399.29 75.762
406.56 75.787
413.96 75.811
421.49 75.836
429.16 75.858
436.97 75.88
444.93 75.899
453.02 75.915
461.27 75.925
469.66 75.931
478.21 75.932
486.91 75.928
495.78 75.92
504.8 75.91
513.99 75.897
523.34 75.88
532.87 75.862
542.56 75.841
552.44 75.818
562.49 75.794
572.73 75.766
583.15 75.738
593.77 75.708
604.57 75.675
615.57 75.637
626.78 75.594
638.18 75.547
649.8 75.497
661.63 75.444
673.67 75.389
685.93 75.334
698.41 75.28
711.12 75.227
724.06 75.179
737.24 75.136
750.66 75.098
764.32 75.065
778.23 75.036
792.39 75.009
806.82 74.984
821.5 74.959
836.45 74.934
851.67 74.91
867.17 74.889
882.96 74.872
899.02 74.861
915.39 74.859
932.05 74.866
949.01 74.885
966.28 74.913
983.87 74.953
1001.77 75.005
1020 75.068
1038.57 75.139
1057.47 75.218
1076.71 75.302
1096.31 75.39
1116.26 75.48
1136.58 75.571
1157.26 75.663
1178.32 75.754
1199.77 75.843
1221.6 75.931
1243.84 76.014
1266.47 76.095
1289.52 76.17
1312.99 76.241
1336.89 76.305
1361.22 76.364
1385.99 76.419
1411.22 76.471
1436.9 76.518
1463.05 76.564
1489.68 76.608
1516.79 76.651
1544.4 76.694
1572.5 76.738
1601.12 76.785
1630.26 76.834
1659.93 76.887
1690.14 76.945
1720.9 77.006
1752.22 77.074
1784.11 77.149
1816.58 77.231
1849.64 77.321
1883.3 77.42
1917.58 77.528
1952.48 77.645
1988.01 77.774
2024.19 77.915
2061.03 78.068
2098.54 78.237
2136.73 78.419
2175.62 78.614
2215.22 78.823
2255.53 79.044
2296.58 79.278
2338.38 79.524
2380.94 79.78
2424.27 80.042
2468.39 80.31
2513.31 80.578
2559.05 80.843
2605.63 81.1
2653.05 81.348
2701.33 81.578
2750.5 81.789
2800.55 81.977
2851.52 82.138
2903.42 82.272
2956.26 82.376
3010.06 82.449
3064.85 82.494
3120.62 82.51
3177.42 82.503
3235.25 82.471
3294.13 82.419
3354.08 82.349
3415.12 82.264
3477.27 82.166
3540.56 82.058
3605 81.939
3670.6 81.813
3737.41 81.681
3805.43 81.547
3874.68 81.415
3945.2 81.29
4017 81.176
4090.11 81.076
4164.55 80.988
4240.34 80.906
4317.51 80.821
4396.09 80.715
4476.1 80.576
4557.56 80.389
4640.5 80.145
4724.96 79.845
4810.95 79.491
4898.51 79.095
4987.66 78.667
5078.43 78.222
5170.86 77.772
5264.97 77.33
5360.79 76.904
5458.35 76.504
5557.69 76.133
5658.84 75.793
5761.82 75.48
5866.69 75.19
5973.46 74.913
6082.17 74.643
6192.87 74.376
6305.57 74.112
6420.33 73.866
6537.18 73.67
6656.15 73.575
6777.29 73.656
6900.63 73.997
7026.22 74.676
7154.1 75.728
7284.3 77.131
7416.87 78.77
7551.85 80.466
7689.29 81.992
7829.23 83.133
7971.72 83.729
8116.8 83.713
8264.53 83.117
8414.94 82.057
8568.09 80.697
8724.02 79.203
8882.79 77.712
9044.46 76.319
9209.06 75.071
9376.66 73.99
9547.31 73.066
9721.07 72.28
9897.99 71.609
10078.13 71.028
10261.55 70.513
10448.3 70.052
10638.45 69.631
10832.07 69.255
11029.21 68.939
11229.94 68.721
11434.32 68.65
11642.41 68.784
11854.3 69.157
12070.04 69.752
12289.71 70.477
12513.38 71.169
12741.12 71.616
12973 71.6
13209.1 70.937
13449.5 69.541
13694.28 67.475
13943.51 64.985
14197.27 62.456
14455.66 60.325
14718.74 58.965
14986.62 58.573
15259.37 59.12
15537.08 60.355
15819.85 61.88
16107.76 63.236
16400.92 63.991
16699.41 63.816
17003.33 62.535
17312.78 60.126
17627.86 56.704
17948.68 52.487
18275.34 47.776
18607.94 42.904
18946.6 38.164
19291.42 33.711
19642.52 29.51
20000 25.415