20 86.144
20.36 86.073
20.73 86.005
21.11 85.936
21.5 85.866
21.89 85.797
22.29 85.728
22.69 85.66
23.1 85.593
23.52 85.524
23.95 85.458
24.39 85.391
24.83 85.324
25.28 85.259
25.74 85.195
26.21 85.13
26.69 85.067
27.18 85.004
27.67 84.941
28.17 84.88
28.69 84.819
29.21 84.76
29.74 84.701
30.28 84.644
30.83 84.588
31.39 84.533
31.97 84.48
32.55 84.426
33.14 84.375
33.74 84.325
34.36 84.276
34.98 84.228
35.62 84.18
36.27 84.134
36.93 84.087
37.6 84.041
38.28 83.995
38.98 83.95
39.69 83.904
40.41 83.856
41.15 83.808
41.9 83.761
42.66 83.711
43.44 83.662
44.23 83.61
45.03 83.557
45.85 83.503
46.68 83.446
47.53 83.389
48.4 83.328
49.28 83.267
50.18 83.204
51.09 83.137
52.02 83.071
52.97 83.002
53.93 82.933
54.91 82.861
55.91 82.787
56.93 82.712
57.97 82.636
59.02 82.556
60.09 82.476
61.19 82.396
62.3 82.312
63.44 82.228
64.59 82.142
65.77 82.054
66.96 81.967
68.18 81.877
69.42 81.786
70.69 81.694
71.97 81.603
73.28 81.507
74.62 81.414
75.97 81.318
77.36 81.221
78.76 81.124
80.2 81.027
81.66 80.93
83.14 80.83
84.66 80.731
86.2 80.632
87.77 80.533
89.36 80.434
90.99 80.335
92.65 80.234
94.33 80.134
96.05 80.033
97.8 79.932
99.58 79.831
101.39 79.73
103.23 79.629
105.11 79.528
107.03 79.425
108.97 79.324
110.96 79.223
112.98 79.124
115.03 79.023
117.13 78.922
119.26 78.823
121.43 78.722
123.64 78.623
125.89 78.522
128.18 78.42
130.51 78.321
132.89 78.22
135.31 78.119
137.77 78.018
140.28 77.917
142.83 77.816
145.43 77.715
148.07 77.614
150.77 77.515
153.51 77.416
156.31 77.317
159.15 77.219
162.05 77.122
165 77.027
168 76.933
171.06 76.84
174.17 76.75
177.34 76.663
180.57 76.577
183.86 76.493
187.2 76.411
190.61 76.333
194.08 76.256
197.61 76.18
201.21 76.106
204.87 76.033
208.6 75.963
212.39 75.892
216.26 75.822
220.19 75.755
224.2 75.688
228.28 75.623
232.44 75.562
236.67 75.501
240.97 75.444
245.36 75.391
249.82 75.338
254.37 75.288
259 75.242
263.71 75.196
268.51 75.154
273.4 75.113
278.38 75.074
283.44 75.036
288.6 75.002
293.85 74.968
299.2 74.937
304.65 74.907
310.19 74.878
315.84 74.851
321.59 74.825
327.44 74.8
333.4 74.779
339.47 74.758
345.64 74.739
351.93 74.724
358.34 74.708
364.86 74.697
371.5 74.687
378.26 74.68
385.15 74.674
392.16 74.668
399.29 74.664
406.56 74.661
413.96 74.657
421.49 74.651
429.16 74.647
436.97 74.642
444.93 74.638
453.02 74.632
461.27 74.626
469.66 74.619
478.21 74.613
486.91 74.607
495.78 74.602
504.8 74.596
513.99 74.59
523.34 74.584
532.87 74.581
542.56 74.575
552.44 74.571
562.49 74.567
572.73 74.563
583.15 74.558
593.77 74.554
604.57 74.55
615.57 74.546
626.78 74.541
638.18 74.535
649.8 74.531
661.63 74.525
673.67 74.52
685.93 74.514
698.41 74.508
711.12 74.504
724.06 74.499
737.24 74.495
750.66 74.493
764.32 74.493
778.23 74.495
792.39 74.499
806.82 74.504
821.5 74.516
836.45 74.529
851.67 74.548
867.17 74.571
882.96 74.602
899.02 74.638
915.39 74.682
932.05 74.733
949.01 74.79
966.28 74.857
983.87 74.93
1001.77 75.008
1020 75.09
1038.57 75.177
1057.47 75.267
1076.71 75.36
1096.31 75.456
1116.26 75.555
1136.58 75.652
1157.26 75.751
1178.32 75.848
1199.77 75.944
1221.6 76.039
1243.84 76.131
1266.47 76.222
1289.52 76.31
1312.99 76.394
1336.89 76.476
1361.22 76.556
1385.99 76.634
1411.22 76.712
1436.9 76.79
1463.05 76.868
1489.68 76.947
1516.79 77.029
1544.4 77.113
1572.5 77.204
1601.12 77.299
1630.26 77.402
1659.93 77.515
1690.14 77.637
1720.9 77.772
1752.22 77.921
1784.11 78.085
1816.58 78.268
1849.64 78.47
1883.3 78.693
1917.58 78.941
1952.48 79.214
1988.01 79.511
2024.19 79.839
2061.03 80.195
2098.54 80.581
2136.73 80.991
2175.62 81.42
2215.22 81.864
2255.53 82.314
2296.58 82.766
2338.38 83.208
2380.94 83.633
2424.27 84.03
2468.39 84.388
2513.31 84.705
2559.05 84.97
2605.63 85.183
2653.05 85.343
2701.33 85.454
2750.5 85.515
2800.55 85.534
2851.52 85.517
2903.42 85.471
2956.26 85.4
3010.06 85.315
3064.85 85.219
3120.62 85.12
3177.42 85.019
3235.25 84.922
3294.13 84.832
3354.08 84.748
3415.12 84.676
3477.27 84.611
3540.56 84.558
3605 84.514
3670.6 84.478
3737.41 84.447
3805.43 84.422
3874.68 84.399
3945.2 84.375
4017 84.344
4090.11 84.304
4164.55 84.249
4240.34 84.173
4317.51 84.07
4396.09 83.929
4476.1 83.744
4557.56 83.5
4640.5 83.191
4724.96 82.811
4810.95 82.354
4898.51 81.826
4987.66 81.235
5078.43 80.603
5170.86 79.955
5264.97 79.322
5360.79 78.737
5458.35 78.224
5557.69 77.803
5658.84 77.484
5761.82 77.267
5866.69 77.139
5973.46 77.092
6082.17 77.109
6192.87 77.179
6305.57 77.301
6420.33 77.473
6537.18 77.702
6656.15 77.999
6777.29 78.375
6900.63 78.83
7026.22 79.358
7154.1 79.923
7284.3 80.462
7416.87 80.882
7551.85 81.074
7689.29 80.933
7829.23 80.398
7971.72 79.477
8116.8 78.255
8264.53 76.876
8414.94 75.501
8568.09 74.268
8724.02 73.261
8882.79 72.514
9044.46 72.009
9209.06 71.709
9376.66 71.572
9547.31 71.557
9721.07 71.627
9897.99 71.759
10078.13 71.925
10261.55 72.104
10448.3 72.274
10638.45 72.415
10832.07 72.52
11029.21 72.59
11229.94 72.649
11434.32 72.737
11642.41 72.897
11854.3 73.187
12070.04 73.637
12289.71 74.253
12513.38 74.987
12741.12 75.732
12973 76.335
13209.1 76.632
13449.5 76.508
13694.28 75.953
13943.51 75.059
14197.27 74.001
14455.66 72.989
14718.74 72.207
14986.62 71.782
15259.37 71.732
15537.08 71.95
15819.85 72.199
16107.76 72.171
16400.92 71.562
16699.41 70.161
17003.33 67.864
17312.78 64.657
17627.86 60.569
17948.68 55.644
18275.34 49.965
18607.94 43.65
18946.6 36.87
19291.42 29.805
19642.52 22.605
20000 15.377