20 85.973
20.36 85.906
20.73 85.839
21.11 85.772
21.5 85.705
21.89 85.638
22.29 85.573
22.69 85.506
23.1 85.44
23.52 85.375
23.95 85.31
24.39 85.244
24.83 85.181
25.28 85.117
25.74 85.053
26.21 84.992
26.69 84.93
27.18 84.869
27.67 84.809
28.17 84.749
28.69 84.691
29.21 84.634
29.74 84.577
30.28 84.52
30.83 84.465
31.39 84.412
31.97 84.36
32.55 84.309
33.14 84.259
33.74 84.209
34.36 84.163
34.98 84.115
35.62 84.068
36.27 84.023
36.93 83.977
37.6 83.932
38.28 83.888
38.98 83.841
39.69 83.796
40.41 83.75
41.15 83.702
41.9 83.655
42.66 83.606
43.44 83.556
44.23 83.504
45.03 83.453
45.85 83.397
46.68 83.341
47.53 83.282
48.4 83.222
49.28 83.16
50.18 83.097
51.09 83.031
52.02 82.964
52.97 82.895
53.93 82.827
54.91 82.754
55.91 82.68
56.93 82.606
57.97 82.529
59.02 82.452
60.09 82.373
61.19 82.292
62.3 82.211
63.44 82.128
64.59 82.044
65.77 81.958
66.96 81.87
68.18 81.783
69.42 81.693
70.69 81.604
71.97 81.513
73.28 81.42
74.62 81.327
75.97 81.233
77.36 81.138
78.76 81.042
80.2 80.945
81.66 80.849
83.14 80.751
84.66 80.655
86.2 80.557
87.77 80.459
89.36 80.361
90.99 80.263
92.65 80.165
94.33 80.065
96.05 79.967
97.8 79.867
99.58 79.767
101.39 79.668
103.23 79.568
105.11 79.466
107.03 79.367
108.97 79.265
110.96 79.164
112.98 79.062
115.03 78.961
117.13 78.859
119.26 78.758
121.43 78.658
123.64 78.559
125.89 78.459
128.18 78.361
130.51 78.265
132.89 78.166
135.31 78.068
137.77 77.97
140.28 77.872
142.83 77.774
145.43 77.675
148.07 77.577
150.77 77.477
153.51 77.377
156.31 77.279
159.15 77.181
162.05 77.085
165 76.99
168 76.897
171.06 76.808
174.17 76.719
177.34 76.633
180.57 76.548
183.86 76.468
187.2 76.388
190.61 76.313
194.08 76.237
197.61 76.165
201.21 76.093
204.87 76.022
208.6 75.952
212.39 75.883
216.26 75.816
220.19 75.749
224.2 75.683
228.28 75.62
232.44 75.558
236.67 75.499
240.97 75.444
245.36 75.391
249.82 75.341
254.37 75.293
259 75.248
263.71 75.205
268.51 75.164
273.4 75.126
278.38 75.09
283.44 75.056
288.6 75.023
293.85 74.992
299.2 74.963
304.65 74.937
310.19 74.911
315.84 74.887
321.59 74.865
327.44 74.843
333.4 74.822
339.47 74.801
345.64 74.784
351.93 74.767
358.34 74.751
364.86 74.739
371.5 74.727
378.26 74.719
385.15 74.712
392.16 74.707
399.29 74.703
406.56 74.7
413.96 74.698
421.49 74.698
429.16 74.698
436.97 74.698
444.93 74.698
453.02 74.696
461.27 74.696
469.66 74.695
478.21 74.691
486.91 74.688
495.78 74.684
504.8 74.681
513.99 74.677
523.34 74.672
532.87 74.669
542.56 74.664
552.44 74.659
562.49 74.652
572.73 74.645
583.15 74.638
593.77 74.629
604.57 74.622
615.57 74.614
626.78 74.605
638.18 74.595
649.8 74.586
661.63 74.578
673.67 74.569
685.93 74.561
698.41 74.552
711.12 74.543
724.06 74.536
737.24 74.531
750.66 74.526
764.32 74.523
778.23 74.523
792.39 74.524
806.82 74.53
821.5 74.536
836.45 74.55
851.67 74.567
867.17 74.59
882.96 74.617
899.02 74.652
915.39 74.693
932.05 74.743
949.01 74.798
966.28 74.861
983.87 74.93
1001.77 75.008
1020 75.088
1038.57 75.174
1057.47 75.264
1076.71 75.357
1096.31 75.453
1116.26 75.549
1136.58 75.647
1157.26 75.747
1178.32 75.843
1199.77 75.94
1221.6 76.034
1243.84 76.125
1266.47 76.215
1289.52 76.302
1312.99 76.387
1336.89 76.466
1361.22 76.543
1385.99 76.621
1411.22 76.696
1436.9 76.77
1463.05 76.844
1489.68 76.92
1516.79 76.997
1544.4 77.078
1572.5 77.166
1601.12 77.259
1630.26 77.357
1659.93 77.465
1690.14 77.584
1720.9 77.714
1752.22 77.859
1784.11 78.02
1816.58 78.199
1849.64 78.399
1883.3 78.62
1917.58 78.868
1952.48 79.14
1988.01 79.441
2024.19 79.771
2061.03 80.134
2098.54 80.524
2136.73 80.938
2175.62 81.375
2215.22 81.824
2255.53 82.28
2296.58 82.735
2338.38 83.179
2380.94 83.604
2424.27 83.996
2468.39 84.347
2513.31 84.651
2559.05 84.902
2605.63 85.098
2653.05 85.239
2701.33 85.327
2750.5 85.368
2800.55 85.368
2851.52 85.334
2903.42 85.27
2956.26 85.188
3010.06 85.091
3064.85 84.988
3120.62 84.88
3177.42 84.775
3235.25 84.675
3294.13 84.581
3354.08 84.496
3415.12 84.421
3477.27 84.355
3540.56 84.299
3605 84.249
3670.6 84.207
3737.41 84.171
3805.43 84.135
3874.68 84.101
3945.2 84.061
4017 84.013
4090.11 83.953
4164.55 83.874
4240.34 83.772
4317.51 83.642
4396.09 83.471
4476.1 83.258
4557.56 82.99
4640.5 82.662
4724.96 82.269
4810.95 81.81
4898.51 81.293
4987.66 80.725
5078.43 80.13
5170.86 79.53
5264.97 78.954
5360.79 78.43
5458.35 77.977
5557.69 77.614
5658.84 77.345
5761.82 77.161
5866.69 77.052
5973.46 77.001
6082.17 76.989
6192.87 77.002
6305.57 77.033
6420.33 77.073
6537.18 77.128
6656.15 77.205
6777.29 77.319
6900.63 77.489
7026.22 77.738
7154.1 78.082
7284.3 78.522
7416.87 79.04
7551.85 79.583
7689.29 80.067
7829.23 80.376
7971.72 80.409
8116.8 80.096
8264.53 79.439
8414.94 78.512
8568.09 77.441
8724.02 76.361
8882.79 75.379
9044.46 74.562
9209.06 73.935
9376.66 73.493
9547.31 73.211
9721.07 73.059
9897.99 73.006
10078.13 73.015
10261.55 73.052
10448.3 73.089
10638.45 73.097
10832.07 73.061
11029.21 72.978
11229.94 72.868
11434.32 72.767
11642.41 72.727
11854.3 72.81
12070.04 73.075
12289.71 73.553
12513.38 74.232
12741.12 75.032
12973 75.799
13209.1 76.333
13449.5 76.455
13694.28 76.07
13943.51 75.204
14197.27 73.996
14455.66 72.659
14718.74 71.422
14986.62 70.495
15259.37 70.036
15537.08 70.103
15819.85 70.635
16107.76 71.408
16400.92 72.072
16699.41 72.212
17003.33 71.457
17312.78 69.556
17627.86 66.417
17948.68 62.073
18275.34 56.67
18607.94 50.424
18946.6 43.579
19291.42 36.379
19642.52 29.021
20000 21.623