20 85.022
20.36 85.009
20.73 84.997
21.11 84.984
21.5 84.971
21.89 84.959
22.29 84.946
22.69 84.934
23.1 84.921
23.52 84.908
23.95 84.895
24.39 84.881
24.83 84.868
25.28 84.855
25.74 84.841
26.21 84.827
26.69 84.814
27.18 84.8
27.67 84.785
28.17 84.771
28.69 84.756
29.21 84.741
29.74 84.726
30.28 84.71
30.83 84.695
31.39 84.679
31.97 84.663
32.55 84.646
33.14 84.629
33.74 84.612
34.36 84.595
34.98 84.577
35.62 84.56
36.27 84.543
36.93 84.526
37.6 84.509
38.28 84.492
38.98 84.476
39.69 84.461
40.41 84.446
41.15 84.432
41.9 84.419
42.66 84.407
43.44 84.396
44.23 84.386
45.03 84.377
45.85 84.37
46.68 84.364
47.53 84.36
48.4 84.357
49.28 84.357
50.18 84.359
51.09 84.363
52.02 84.369
52.97 84.379
53.93 84.391
54.91 84.406
55.91 84.424
56.93 84.446
57.97 84.472
59.02 84.501
60.09 84.534
61.19 84.571
62.3 84.612
63.44 84.657
64.59 84.706
65.77 84.759
66.96 84.817
68.18 84.878
69.42 84.943
70.69 85.012
71.97 85.086
73.28 85.163
74.62 85.244
75.97 85.326
77.36 85.409
78.76 85.491
80.2 85.572
81.66 85.649
83.14 85.723
84.66 85.791
86.2 85.852
87.77 85.905
89.36 85.949
90.99 85.982
92.65 86.002
94.33 86.009
96.05 86
97.8 85.973
99.58 85.93
101.39 85.867
103.23 85.787
105.11 85.69
107.03 85.576
108.97 85.444
110.96 85.296
112.98 85.133
115.03 84.955
117.13 84.766
119.26 84.567
121.43 84.361
123.64 84.15
125.89 83.935
128.18 83.718
130.51 83.501
132.89 83.282
135.31 83.065
137.77 82.848
140.28 82.634
142.83 82.423
145.43 82.218
148.07 82.017
150.77 81.825
153.51 81.64
156.31 81.465
159.15 81.3
162.05 81.147
165 81.007
168 80.88
171.06 80.768
174.17 80.67
177.34 80.589
180.57 80.522
183.86 80.472
187.2 80.437
190.61 80.417
194.08 80.409
197.61 80.414
201.21 80.429
204.87 80.452
208.6 80.48
212.39 80.509
216.26 80.536
220.19 80.555
224.2 80.563
228.28 80.554
232.44 80.525
236.67 80.472
240.97 80.394
245.36 80.287
249.82 80.152
254.37 79.99
259 79.802
263.71 79.592
268.51 79.361
273.4 79.115
278.38 78.858
283.44 78.594
288.6 78.329
293.85 78.066
299.2 77.81
304.65 77.561
310.19 77.32
315.84 77.09
321.59 76.87
327.44 76.659
333.4 76.46
339.47 76.273
345.64 76.097
351.93 75.933
358.34 75.78
364.86 75.639
371.5 75.507
378.26 75.384
385.15 75.268
392.16 75.16
399.29 75.059
406.56 74.962
413.96 74.872
421.49 74.787
429.16 74.707
436.97 74.631
444.93 74.559
453.02 74.491
461.27 74.427
469.66 74.365
478.21 74.306
486.91 74.25
495.78 74.197
504.8 74.147
513.99 74.1
523.34 74.056
532.87 74.015
542.56 73.978
552.44 73.943
562.49 73.912
572.73 73.884
583.15 73.859
593.77 73.838
604.57 73.819
615.57 73.804
626.78 73.793
638.18 73.784
649.8 73.779
661.63 73.778
673.67 73.779
685.93 73.783
698.41 73.791
711.12 73.801
724.06 73.815
737.24 73.832
750.66 73.853
764.32 73.878
778.23 73.909
792.39 73.943
806.82 73.984
821.5 74.031
836.45 74.083
851.67 74.142
867.17 74.208
882.96 74.281
899.02 74.362
915.39 74.449
932.05 74.546
949.01 74.651
966.28 74.764
983.87 74.885
1001.77 75.013
1020 75.146
1038.57 75.286
1057.47 75.43
1076.71 75.58
1096.31 75.736
1116.26 75.897
1136.58 76.063
1157.26 76.233
1178.32 76.405
1199.77 76.58
1221.6 76.754
1243.84 76.926
1266.47 77.095
1289.52 77.26
1312.99 77.419
1336.89 77.572
1361.22 77.721
1385.99 77.868
1411.22 78.012
1436.9 78.156
1463.05 78.299
1489.68 78.442
1516.79 78.588
1544.4 78.738
1572.5 78.891
1601.12 79.049
1630.26 79.211
1659.93 79.377
1690.14 79.549
1720.9 79.726
1752.22 79.911
1784.11 80.102
1816.58 80.299
1849.64 80.503
1883.3 80.713
1917.58 80.93
1952.48 81.152
1988.01 81.381
2024.19 81.616
2061.03 81.859
2098.54 82.11
2136.73 82.365
2175.62 82.626
2215.22 82.89
2255.53 83.158
2296.58 83.43
2338.38 83.706
2380.94 83.986
2424.27 84.269
2468.39 84.556
2513.31 84.846
2559.05 85.141
2605.63 85.442
2653.05 85.75
2701.33 86.066
2750.5 86.393
2800.55 86.735
2851.52 87.093
2903.42 87.468
2956.26 87.857
3010.06 88.255
3064.85 88.655
3120.62 89.041
3177.42 89.399
3235.25 89.71
3294.13 89.957
3354.08 90.126
3415.12 90.204
3477.27 90.188
3540.56 90.081
3605 89.892
3670.6 89.634
3737.41 89.325
3805.43 88.977
3874.68 88.605
3945.2 88.217
4017 87.819
4090.11 87.412
4164.55 86.997
4240.34 86.573
4317.51 86.139
4396.09 85.697
4476.1 85.246
4557.56 84.789
4640.5 84.328
4724.96 83.869
4810.95 83.416
4898.51 82.977
4987.66 82.557
5078.43 82.162
5170.86 81.8
5264.97 81.476
5360.79 81.197
5458.35 80.969
5557.69 80.794
5658.84 80.678
5761.82 80.618
5866.69 80.611
5973.46 80.65
6082.17 80.723
6192.87 80.819
6305.57 80.926
6420.33 81.037
6537.18 81.151
6656.15 81.275
6777.29 81.422
6900.63 81.61
7026.22 81.85
7154.1 82.146
7284.3 82.475
7416.87 82.794
7551.85 83.035
7689.29 83.116
7829.23 82.963
7971.72 82.527
8116.8 81.8
8264.53 80.824
8414.94 79.67
8568.09 78.425
8724.02 77.174
8882.79 75.972
9044.46 74.844
9209.06 73.782
9376.66 72.761
9547.31 71.758
9721.07 70.77
9897.99 69.822
10078.13 68.965
10261.55 68.266
10448.3 67.79
10638.45 67.589
10832.07 67.691
11029.21 68.086
11229.94 68.73
11434.32 69.559
11642.41 70.504
11854.3 71.508
12070.04 72.53
12289.71 73.53
12513.38 74.468
12741.12 75.29
12973 75.931
13209.1 76.324
13449.5 76.413
13694.28 76.172
13943.51 75.618
14197.27 74.812
14455.66 73.842
14718.74 72.807
14986.62 71.803
15259.37 70.91
15537.08 70.188
15819.85 69.668
16107.76 69.34
16400.92 69.15
16699.41 69.009
17003.33 68.827
17312.78 68.54
17627.86 68.123
17948.68 67.577
18275.34 66.903
18607.94 66.096
18946.6 65.144
19291.42 64.057
19642.52 62.875
20000 61.659