20 86.285
20.36 86.249
20.73 86.213
21.11 86.176
21.5 86.14
21.89 86.103
22.29 86.065
22.69 86.028
23.1 85.99
23.52 85.952
23.95 85.913
24.39 85.873
24.83 85.833
25.28 85.792
25.74 85.75
26.21 85.707
26.69 85.663
27.18 85.619
27.67 85.573
28.17 85.526
28.69 85.478
29.21 85.428
29.74 85.377
30.28 85.325
30.83 85.271
31.39 85.216
31.97 85.159
32.55 85.1
33.14 85.04
33.74 84.978
34.36 84.914
34.98 84.848
35.62 84.781
36.27 84.712
36.93 84.641
37.6 84.569
38.28 84.495
38.98 84.418
39.69 84.341
40.41 84.262
41.15 84.181
41.9 84.098
42.66 84.014
43.44 83.928
44.23 83.841
45.03 83.752
45.85 83.662
46.68 83.57
47.53 83.476
48.4 83.38
49.28 83.284
50.18 83.185
51.09 83.085
52.02 82.983
52.97 82.88
53.93 82.775
54.91 82.668
55.91 82.559
56.93 82.449
57.97 82.337
59.02 82.223
60.09 82.108
61.19 81.991
62.3 81.872
63.44 81.752
64.59 81.63
65.77 81.507
66.96 81.382
68.18 81.255
69.42 81.128
70.69 81
71.97 80.869
73.28 80.738
74.62 80.607
75.97 80.474
77.36 80.34
78.76 80.206
80.2 80.072
81.66 79.938
83.14 79.803
84.66 79.67
86.2 79.536
87.77 79.404
89.36 79.272
90.99 79.14
92.65 79.009
94.33 78.88
96.05 78.751
97.8 78.623
99.58 78.496
101.39 78.37
103.23 78.246
105.11 78.122
107.03 78
108.97 77.878
110.96 77.758
112.98 77.638
115.03 77.52
117.13 77.404
119.26 77.289
121.43 77.177
123.64 77.067
125.89 76.959
128.18 76.854
130.51 76.751
132.89 76.65
135.31 76.55
137.77 76.452
140.28 76.355
142.83 76.259
145.43 76.164
148.07 76.072
150.77 75.981
153.51 75.892
156.31 75.806
159.15 75.722
162.05 75.64
165 75.562
168 75.486
171.06 75.412
174.17 75.342
177.34 75.274
180.57 75.21
183.86 75.148
187.2 75.088
190.61 75.031
194.08 74.975
197.61 74.922
201.21 74.87
204.87 74.819
208.6 74.77
212.39 74.722
216.26 74.675
220.19 74.63
224.2 74.586
228.28 74.544
232.44 74.504
236.67 74.466
240.97 74.429
245.36 74.394
249.82 74.36
254.37 74.328
259 74.297
263.71 74.267
268.51 74.239
273.4 74.21
278.38 74.183
283.44 74.157
288.6 74.131
293.85 74.107
299.2 74.083
304.65 74.06
310.19 74.037
315.84 74.014
321.59 73.992
327.44 73.97
333.4 73.948
339.47 73.926
345.64 73.905
351.93 73.884
358.34 73.864
364.86 73.845
371.5 73.826
378.26 73.808
385.15 73.791
392.16 73.775
399.29 73.759
406.56 73.743
413.96 73.728
421.49 73.713
429.16 73.699
436.97 73.686
444.93 73.673
453.02 73.661
461.27 73.649
469.66 73.638
478.21 73.627
486.91 73.617
495.78 73.608
504.8 73.599
513.99 73.59
523.34 73.583
532.87 73.575
542.56 73.569
552.44 73.563
562.49 73.559
572.73 73.555
583.15 73.553
593.77 73.554
604.57 73.558
615.57 73.564
626.78 73.574
638.18 73.588
649.8 73.606
661.63 73.628
673.67 73.655
685.93 73.687
698.41 73.724
711.12 73.765
724.06 73.809
737.24 73.857
750.66 73.906
764.32 73.959
778.23 74.012
792.39 74.067
806.82 74.123
821.5 74.18
836.45 74.237
851.67 74.296
867.17 74.356
882.96 74.419
899.02 74.486
915.39 74.558
932.05 74.635
949.01 74.719
966.28 74.81
983.87 74.907
1001.77 75.01
1020 75.118
1038.57 75.23
1057.47 75.345
1076.71 75.463
1096.31 75.583
1116.26 75.705
1136.58 75.827
1157.26 75.949
1178.32 76.071
1199.77 76.19
1221.6 76.308
1243.84 76.422
1266.47 76.534
1289.52 76.642
1312.99 76.746
1336.89 76.847
1361.22 76.945
1385.99 77.041
1411.22 77.136
1436.9 77.23
1463.05 77.324
1489.68 77.419
1516.79 77.515
1544.4 77.614
1572.5 77.717
1601.12 77.822
1630.26 77.931
1659.93 78.044
1690.14 78.162
1720.9 78.285
1752.22 78.414
1784.11 78.549
1816.58 78.691
1849.64 78.839
1883.3 78.993
1917.58 79.155
1952.48 79.324
1988.01 79.5
2024.19 79.684
2061.03 79.876
2098.54 80.076
2136.73 80.283
2175.62 80.494
2215.22 80.708
2255.53 80.926
2296.58 81.145
2338.38 81.364
2380.94 81.582
2424.27 81.795
2468.39 82
2513.31 82.195
2559.05 82.377
2605.63 82.542
2653.05 82.687
2701.33 82.809
2750.5 82.906
2800.55 82.975
2851.52 83.015
2903.42 83.025
2956.26 83.005
3010.06 82.958
3064.85 82.883
3120.62 82.787
3177.42 82.672
3235.25 82.542
3294.13 82.404
3354.08 82.262
3415.12 82.124
3477.27 81.994
3540.56 81.875
3605 81.771
3670.6 81.684
3737.41 81.613
3805.43 81.555
3874.68 81.504
3945.2 81.455
4017 81.399
4090.11 81.328
4164.55 81.235
4240.34 81.116
4317.51 80.97
4396.09 80.8
4476.1 80.609
4557.56 80.404
4640.5 80.19
4724.96 79.974
4810.95 79.757
4898.51 79.54
4987.66 79.321
5078.43 79.097
5170.86 78.864
5264.97 78.619
5360.79 78.36
5458.35 78.086
5557.69 77.798
5658.84 77.497
5761.82 77.189
5866.69 76.879
5973.46 76.577
6082.17 76.293
6192.87 76.039
6305.57 75.831
6420.33 75.684
6537.18 75.612
6656.15 75.631
6777.29 75.754
6900.63 75.989
7026.22 76.338
7154.1 76.79
7284.3 77.316
7416.87 77.87
7551.85 78.388
7689.29 78.794
7829.23 79.01
7971.72 78.975
8116.8 78.658
8264.53 78.063
8414.94 77.236
8568.09 76.246
8724.02 75.179
8882.79 74.118
9044.46 73.132
9209.06 72.277
9376.66 71.587
9547.31 71.084
9721.07 70.779
9897.99 70.67
10078.13 70.749
10261.55 70.998
10448.3 71.388
10638.45 71.883
10832.07 72.433
11029.21 72.985
11229.94 73.483
11434.32 73.878
11642.41 74.139
11854.3 74.259
12070.04 74.261
12289.71 74.184
12513.38 74.079
12741.12 73.988
12973 73.932
13209.1 73.904
13449.5 73.865
13694.28 73.755
13943.51 73.507
14197.27 73.08
14455.66 72.47
14718.74 71.72
14986.62 70.915
15259.37 70.161
15537.08 69.56
15819.85 69.19
16107.76 69.089
16400.92 69.238
16699.41 69.561
17003.33 69.931
17312.78 70.174
17627.86 70.086
17948.68 69.477
18275.34 68.206
18607.94 66.226
18946.6 63.605
19291.42 60.506
19642.52 57.143
20000 53.698