20 83.031
20.36 83.041
20.73 83.051
21.11 83.06
21.5 83.07
21.89 83.079
22.29 83.089
22.69 83.098
23.1 83.107
23.52 83.115
23.95 83.123
24.39 83.13
24.83 83.137
25.28 83.143
25.74 83.15
26.21 83.155
26.69 83.159
27.18 83.163
27.67 83.166
28.17 83.169
28.69 83.17
29.21 83.171
29.74 83.171
30.28 83.169
30.83 83.167
31.39 83.164
31.97 83.159
32.55 83.154
33.14 83.147
33.74 83.139
34.36 83.13
34.98 83.119
35.62 83.108
36.27 83.095
36.93 83.081
37.6 83.066
38.28 83.05
38.98 83.033
39.69 83.014
40.41 82.995
41.15 82.975
41.9 82.953
42.66 82.931
43.44 82.907
44.23 82.883
45.03 82.857
45.85 82.831
46.68 82.804
47.53 82.776
48.4 82.746
49.28 82.716
50.18 82.685
51.09 82.653
52.02 82.62
52.97 82.586
53.93 82.55
54.91 82.514
55.91 82.477
56.93 82.438
57.97 82.399
59.02 82.358
60.09 82.317
61.19 82.274
62.3 82.23
63.44 82.185
64.59 82.14
65.77 82.093
66.96 82.045
68.18 81.996
69.42 81.947
70.69 81.897
71.97 81.845
73.28 81.794
74.62 81.74
75.97 81.687
77.36 81.632
78.76 81.576
80.2 81.519
81.66 81.461
83.14 81.402
84.66 81.341
86.2 81.28
87.77 81.217
89.36 81.153
90.99 81.087
92.65 81.021
94.33 80.953
96.05 80.883
97.8 80.812
99.58 80.74
101.39 80.667
103.23 80.593
105.11 80.518
107.03 80.442
108.97 80.367
110.96 80.291
112.98 80.215
115.03 80.138
117.13 80.061
119.26 79.983
121.43 79.904
123.64 79.823
125.89 79.741
128.18 79.656
130.51 79.571
132.89 79.484
135.31 79.395
137.77 79.306
140.28 79.215
142.83 79.123
145.43 79.03
148.07 78.937
150.77 78.843
153.51 78.749
156.31 78.655
159.15 78.561
162.05 78.467
165 78.373
168 78.279
171.06 78.185
174.17 78.091
177.34 77.996
180.57 77.9
183.86 77.802
187.2 77.704
190.61 77.604
194.08 77.503
197.61 77.401
201.21 77.299
204.87 77.196
208.6 77.092
212.39 76.988
216.26 76.884
220.19 76.78
224.2 76.676
228.28 76.573
232.44 76.47
236.67 76.367
240.97 76.263
245.36 76.16
249.82 76.056
254.37 75.952
259 75.85
263.71 75.748
268.51 75.646
273.4 75.545
278.38 75.445
283.44 75.347
288.6 75.25
293.85 75.154
299.2 75.061
304.65 74.969
310.19 74.879
315.84 74.792
321.59 74.706
327.44 74.624
333.4 74.545
339.47 74.469
345.64 74.398
351.93 74.332
358.34 74.271
364.86 74.216
371.5 74.169
378.26 74.132
385.15 74.105
392.16 74.089
399.29 74.087
406.56 74.099
413.96 74.127
421.49 74.171
429.16 74.232
436.97 74.311
444.93 74.407
453.02 74.521
461.27 74.652
469.66 74.797
478.21 74.956
486.91 75.124
495.78 75.301
504.8 75.484
513.99 75.669
523.34 75.854
532.87 76.036
542.56 76.209
552.44 76.373
562.49 76.524
572.73 76.662
583.15 76.783
593.77 76.888
604.57 76.973
615.57 77.042
626.78 77.091
638.18 77.122
649.8 77.136
661.63 77.134
673.67 77.117
685.93 77.087
698.41 77.045
711.12 76.993
724.06 76.933
737.24 76.865
750.66 76.792
764.32 76.713
778.23 76.628
792.39 76.537
806.82 76.439
821.5 76.334
836.45 76.224
851.67 76.109
867.17 75.99
882.96 75.867
899.02 75.741
915.39 75.613
932.05 75.486
949.01 75.359
966.28 75.234
983.87 75.111
1001.77 74.988
1020 74.867
1038.57 74.746
1057.47 74.626
1076.71 74.506
1096.31 74.384
1116.26 74.259
1136.58 74.13
1157.26 73.997
1178.32 73.858
1199.77 73.713
1221.6 73.561
1243.84 73.402
1266.47 73.238
1289.52 73.065
1312.99 72.885
1336.89 72.698
1361.22 72.508
1385.99 72.316
1411.22 72.125
1436.9 71.938
1463.05 71.755
1489.68 71.58
1516.79 71.412
1544.4 71.252
1572.5 71.101
1601.12 70.96
1630.26 70.831
1659.93 70.718
1690.14 70.622
1720.9 70.546
1752.22 70.492
1784.11 70.462
1816.58 70.458
1849.64 70.482
1883.3 70.538
1917.58 70.627
1952.48 70.754
1988.01 70.921
2024.19 71.13
2061.03 71.386
2098.54 71.691
2136.73 72.048
2175.62 72.462
2215.22 72.938
2255.53 73.482
2296.58 74.099
2338.38 74.792
2380.94 75.56
2424.27 76.4
2468.39 77.302
2513.31 78.247
2559.05 79.207
2605.63 80.143
2653.05 81.01
2701.33 81.758
2750.5 82.342
2800.55 82.726
2851.52 82.89
2903.42 82.836
2956.26 82.588
3010.06 82.185
3064.85 81.676
3120.62 81.115
3177.42 80.548
3235.25 80.015
3294.13 79.544
3354.08 79.15
3415.12 78.841
3477.27 78.617
3540.56 78.469
3605 78.382
3670.6 78.344
3737.41 78.346
3805.43 78.383
3874.68 78.463
3945.2 78.596
4017 78.796
4090.11 79.072
4164.55 79.431
4240.34 79.878
4317.51 80.409
4396.09 81.017
4476.1 81.69
4557.56 82.406
4640.5 83.136
4724.96 83.841
4810.95 84.477
4898.51 84.998
4987.66 85.362
5078.43 85.538
5170.86 85.512
5264.97 85.289
5360.79 84.895
5458.35 84.371
5557.69 83.768
5658.84 83.134
5761.82 82.509
5866.69 81.929
5973.46 81.414
6082.17 80.985
6192.87 80.658
6305.57 80.447
6420.33 80.368
6537.18 80.437
6656.15 80.67
6777.29 81.078
6900.63 81.66
7026.22 82.394
7154.1 83.226
7284.3 84.062
7416.87 84.776
7551.85 85.217
7689.29 85.24
7829.23 84.735
7971.72 83.656
8116.8 82.029
8264.53 79.958
8414.94 77.609
8568.09 75.196
8724.02 72.96
8882.79 71.132
9044.46 69.869
9209.06 69.212
9376.66 69.097
9547.31 69.424
9721.07 70.075
9897.99 70.923
10078.13 71.846
10261.55 72.775
10448.3 73.693
10638.45 74.627
10832.07 75.611
11029.21 76.663
11229.94 77.765
11434.32 78.867
11642.41 79.887
11854.3 80.728
12070.04 81.292
12289.71 81.492
12513.38 81.265
12741.12 80.586
12973 79.471
13209.1 77.981
13449.5 76.219
13694.28 74.328
13943.51 72.48
14197.27 70.847
14455.66 69.572
14718.74 68.737
14986.62 68.328
15259.37 68.234
15537.08 68.269
15819.85 68.233
16107.76 67.974
16400.92 67.439
16699.41 66.663
17003.33 65.732
17312.78 64.733
17627.86 63.722
17948.68 62.717
18275.34 61.719
18607.94 60.714
18946.6 59.688
19291.42 58.634
19642.52 57.562
20000 56.49