20 81.98
20.36 81.971
20.73 81.961
21.11 81.951
21.5 81.942
21.89 81.932
22.29 81.921
22.69 81.911
23.1 81.901
23.52 81.889
23.95 81.878
24.39 81.866
24.83 81.854
25.28 81.84
25.74 81.827
26.21 81.813
26.69 81.798
27.18 81.783
27.67 81.767
28.17 81.75
28.69 81.732
29.21 81.713
29.74 81.694
30.28 81.673
30.83 81.651
31.39 81.629
31.97 81.605
32.55 81.58
33.14 81.554
33.74 81.526
34.36 81.498
34.98 81.468
35.62 81.437
36.27 81.405
36.93 81.372
37.6 81.338
38.28 81.302
38.98 81.266
39.69 81.229
40.41 81.19
41.15 81.151
41.9 81.11
42.66 81.069
43.44 81.026
44.23 80.983
45.03 80.939
45.85 80.894
46.68 80.848
47.53 80.801
48.4 80.753
49.28 80.704
50.18 80.655
51.09 80.604
52.02 80.553
52.97 80.5
53.93 80.447
54.91 80.392
55.91 80.337
56.93 80.28
57.97 80.223
59.02 80.164
60.09 80.104
61.19 80.043
62.3 79.981
63.44 79.919
64.59 79.855
65.77 79.79
66.96 79.724
68.18 79.658
69.42 79.59
70.69 79.522
71.97 79.452
73.28 79.382
74.62 79.311
75.97 79.239
77.36 79.167
78.76 79.093
80.2 79.019
81.66 78.944
83.14 78.869
84.66 78.793
86.2 78.716
87.77 78.639
89.36 78.562
90.99 78.484
92.65 78.406
94.33 78.328
96.05 78.249
97.8 78.171
99.58 78.093
101.39 78.015
103.23 77.937
105.11 77.858
107.03 77.78
108.97 77.701
110.96 77.622
112.98 77.542
115.03 77.462
117.13 77.383
119.26 77.303
121.43 77.223
123.64 77.144
125.89 77.065
128.18 76.987
130.51 76.908
132.89 76.829
135.31 76.75
137.77 76.671
140.28 76.59
142.83 76.51
145.43 76.428
148.07 76.346
150.77 76.264
153.51 76.182
156.31 76.1
159.15 76.018
162.05 75.936
165 75.856
168 75.776
171.06 75.697
174.17 75.619
177.34 75.543
180.57 75.468
183.86 75.395
187.2 75.323
190.61 75.252
194.08 75.182
197.61 75.112
201.21 75.043
204.87 74.974
208.6 74.904
212.39 74.835
216.26 74.765
220.19 74.695
224.2 74.625
228.28 74.557
232.44 74.489
236.67 74.423
240.97 74.359
245.36 74.296
249.82 74.236
254.37 74.176
259 74.118
263.71 74.061
268.51 74.006
273.4 73.951
278.38 73.897
283.44 73.844
288.6 73.792
293.85 73.742
299.2 73.692
304.65 73.644
310.19 73.596
315.84 73.55
321.59 73.504
327.44 73.459
333.4 73.415
339.47 73.372
345.64 73.33
351.93 73.29
358.34 73.251
364.86 73.214
371.5 73.179
378.26 73.145
385.15 73.112
392.16 73.082
399.29 73.052
406.56 73.024
413.96 72.997
421.49 72.971
429.16 72.948
436.97 72.925
444.93 72.904
453.02 72.884
461.27 72.866
469.66 72.848
478.21 72.833
486.91 72.819
495.78 72.807
504.8 72.796
513.99 72.787
523.34 72.78
532.87 72.774
542.56 72.771
552.44 72.769
562.49 72.769
572.73 72.771
583.15 72.774
593.77 72.78
604.57 72.787
615.57 72.797
626.78 72.809
638.18 72.824
649.8 72.841
661.63 72.861
673.67 72.883
685.93 72.91
698.41 72.94
711.12 72.975
724.06 73.017
737.24 73.068
750.66 73.128
764.32 73.199
778.23 73.28
792.39 73.371
806.82 73.469
821.5 73.572
836.45 73.677
851.67 73.783
867.17 73.892
882.96 74.005
899.02 74.123
915.39 74.249
932.05 74.383
949.01 74.527
966.28 74.681
983.87 74.845
1001.77 75.017
1020 75.195
1038.57 75.377
1057.47 75.565
1076.71 75.757
1096.31 75.953
1116.26 76.151
1136.58 76.352
1157.26 76.556
1178.32 76.761
1199.77 76.968
1221.6 77.175
1243.84 77.384
1266.47 77.594
1289.52 77.805
1312.99 78.018
1336.89 78.231
1361.22 78.449
1385.99 78.672
1411.22 78.901
1436.9 79.135
1463.05 79.372
1489.68 79.614
1516.79 79.859
1544.4 80.108
1572.5 80.358
1601.12 80.607
1630.26 80.852
1659.93 81.09
1690.14 81.322
1720.9 81.545
1752.22 81.757
1784.11 81.957
1816.58 82.143
1849.64 82.311
1883.3 82.46
1917.58 82.587
1952.48 82.691
1988.01 82.771
2024.19 82.824
2061.03 82.852
2098.54 82.852
2136.73 82.826
2175.62 82.774
2215.22 82.697
2255.53 82.598
2296.58 82.477
2338.38 82.338
2380.94 82.184
2424.27 82.018
2468.39 81.844
2513.31 81.664
2559.05 81.481
2605.63 81.299
2653.05 81.119
2701.33 80.944
2750.5 80.776
2800.55 80.618
2851.52 80.468
2903.42 80.33
2956.26 80.205
3010.06 80.096
3064.85 80.002
3120.62 79.926
3177.42 79.871
3235.25 79.836
3294.13 79.823
3354.08 79.834
3415.12 79.869
3477.27 79.932
3540.56 80.022
3605 80.143
3670.6 80.293
3737.41 80.475
3805.43 80.686
3874.68 80.925
3945.2 81.188
4017 81.469
4090.11 81.759
4164.55 82.048
4240.34 82.324
4317.51 82.569
4396.09 82.769
4476.1 82.91
4557.56 82.977
4640.5 82.962
4724.96 82.856
4810.95 82.656
4898.51 82.354
4987.66 81.947
5078.43 81.436
5170.86 80.836
5264.97 80.167
5360.79 79.461
5458.35 78.748
5557.69 78.059
5658.84 77.417
5761.82 76.836
5866.69 76.327
5973.46 75.896
6082.17 75.547
6192.87 75.286
6305.57 75.123
6420.33 75.069
6537.18 75.141
6656.15 75.358
6777.29 75.743
6900.63 76.315
7026.22 77.081
7154.1 78.03
7284.3 79.121
7416.87 80.267
7551.85 81.348
7689.29 82.212
7829.23 82.711
7971.72 82.735
8116.8 82.245
8264.53 81.284
8414.94 79.968
8568.09 78.446
8724.02 76.871
8882.79 75.369
9044.46 74.022
9209.06 72.877
9376.66 71.95
9547.31 71.24
9721.07 70.741
9897.99 70.444
10078.13 70.349
10261.55 70.458
10448.3 70.779
10638.45 71.312
10832.07 72.05
11029.21 72.961
11229.94 73.989
11434.32 75.052
11642.41 76.052
11854.3 76.893
12070.04 77.493
12289.71 77.797
12513.38 77.787
12741.12 77.483
12973 76.945
13209.1 76.257
13449.5 75.52
13694.28 74.829
13943.51 74.272
14197.27 73.918
14455.66 73.809
14718.74 73.956
14986.62 74.333
15259.37 74.876
15537.08 75.493
15819.85 76.086
16107.76 76.552
16400.92 76.79
16699.41 76.711
17003.33 76.247
17312.78 75.367
17627.86 74.062
17948.68 72.334
18275.34 70.195
18607.94 67.668
18946.6 64.806
19291.42 61.693
19642.52 58.435
20000 55.132