20 89.039
20.36 89.023
20.73 89.007
21.11 88.991
21.5 88.975
21.89 88.958
22.29 88.942
22.69 88.925
23.1 88.907
23.52 88.89
23.95 88.872
24.39 88.853
24.83 88.834
25.28 88.815
25.74 88.795
26.21 88.774
26.69 88.752
27.18 88.73
27.67 88.707
28.17 88.683
28.69 88.658
29.21 88.632
29.74 88.606
30.28 88.578
30.83 88.549
31.39 88.519
31.97 88.488
32.55 88.455
33.14 88.421
33.74 88.387
34.36 88.35
34.98 88.313
35.62 88.274
36.27 88.234
36.93 88.192
37.6 88.15
38.28 88.106
38.98 88.061
39.69 88.015
40.41 87.968
41.15 87.92
41.9 87.87
42.66 87.82
43.44 87.768
44.23 87.715
45.03 87.661
45.85 87.606
46.68 87.55
47.53 87.493
48.4 87.435
49.28 87.376
50.18 87.316
51.09 87.254
52.02 87.191
52.97 87.127
53.93 87.061
54.91 86.994
55.91 86.925
56.93 86.855
57.97 86.783
59.02 86.71
60.09 86.635
61.19 86.558
62.3 86.48
63.44 86.4
64.59 86.319
65.77 86.236
66.96 86.151
68.18 86.065
69.42 85.978
70.69 85.889
71.97 85.798
73.28 85.706
74.62 85.613
75.97 85.519
77.36 85.424
78.76 85.327
80.2 85.23
81.66 85.132
83.14 85.033
84.66 84.934
86.2 84.834
87.77 84.734
89.36 84.634
90.99 84.532
92.65 84.431
94.33 84.328
96.05 84.226
97.8 84.122
99.58 84.018
101.39 83.914
103.23 83.809
105.11 83.703
107.03 83.597
108.97 83.49
110.96 83.382
112.98 83.274
115.03 83.165
117.13 83.056
119.26 82.947
121.43 82.837
123.64 82.728
125.89 82.62
128.18 82.512
130.51 82.403
132.89 82.294
135.31 82.184
137.77 82.073
140.28 81.961
142.83 81.848
145.43 81.733
148.07 81.618
150.77 81.502
153.51 81.386
156.31 81.268
159.15 81.152
162.05 81.035
165 80.919
168 80.804
171.06 80.691
174.17 80.578
177.34 80.468
180.57 80.359
183.86 80.252
187.2 80.147
190.61 80.043
194.08 79.94
197.61 79.838
201.21 79.736
204.87 79.633
208.6 79.531
212.39 79.428
216.26 79.324
220.19 79.22
224.2 79.117
228.28 79.015
232.44 78.914
236.67 78.815
240.97 78.717
245.36 78.622
249.82 78.53
254.37 78.438
259 78.349
263.71 78.262
268.51 78.175
273.4 78.09
278.38 78.006
283.44 77.922
288.6 77.841
293.85 77.76
299.2 77.682
304.65 77.605
310.19 77.529
315.84 77.454
321.59 77.381
327.44 77.308
333.4 77.237
339.47 77.167
345.64 77.099
351.93 77.033
358.34 76.971
364.86 76.911
371.5 76.853
378.26 76.798
385.15 76.746
392.16 76.696
399.29 76.65
406.56 76.606
413.96 76.566
421.49 76.53
429.16 76.498
436.97 76.472
444.93 76.452
453.02 76.438
461.27 76.433
469.66 76.437
478.21 76.452
486.91 76.479
495.78 76.521
504.8 76.577
513.99 76.648
523.34 76.735
532.87 76.836
542.56 76.948
552.44 77.069
562.49 77.193
572.73 77.314
583.15 77.425
593.77 77.517
604.57 77.582
615.57 77.613
626.78 77.605
638.18 77.559
649.8 77.48
661.63 77.377
673.67 77.258
685.93 77.126
698.41 76.981
711.12 76.822
724.06 76.652
737.24 76.481
750.66 76.317
764.32 76.167
778.23 76.029
792.39 75.9
806.82 75.774
821.5 75.643
836.45 75.501
851.67 75.347
867.17 75.181
882.96 75.011
899.02 74.848
915.39 74.711
932.05 74.621
949.01 74.598
966.28 74.655
983.87 74.798
1001.77 75.022
1020 75.31
1038.57 75.643
1057.47 76.001
1076.71 76.369
1096.31 76.732
1116.26 77.084
1136.58 77.418
1157.26 77.734
1178.32 78.029
1199.77 78.306
1221.6 78.564
1243.84 78.803
1266.47 79.027
1289.52 79.235
1312.99 79.426
1336.89 79.601
1361.22 79.761
1385.99 79.909
1411.22 80.044
1436.9 80.166
1463.05 80.276
1489.68 80.374
1516.79 80.463
1544.4 80.543
1572.5 80.616
1601.12 80.683
1630.26 80.745
1659.93 80.803
1690.14 80.859
1720.9 80.915
1752.22 80.971
1784.11 81.03
1816.58 81.094
1849.64 81.167
1883.3 81.252
1917.58 81.353
1952.48 81.473
1988.01 81.615
2024.19 81.782
2061.03 81.975
2098.54 82.196
2136.73 82.443
2175.62 82.716
2215.22 83.013
2255.53 83.335
2296.58 83.68
2338.38 84.05
2380.94 84.441
2424.27 84.85
2468.39 85.272
2513.31 85.704
2559.05 86.136
2605.63 86.561
2653.05 86.969
2701.33 87.346
2750.5 87.679
2800.55 87.958
2851.52 88.174
2903.42 88.319
2956.26 88.388
3010.06 88.383
3064.85 88.308
3120.62 88.174
3177.42 87.991
3235.25 87.775
3294.13 87.539
3354.08 87.3
3415.12 87.072
3477.27 86.868
3540.56 86.699
3605 86.576
3670.6 86.51
3737.41 86.508
3805.43 86.576
3874.68 86.719
3945.2 86.937
4017 87.224
4090.11 87.572
4164.55 87.962
4240.34 88.374
4317.51 88.779
4396.09 89.153
4476.1 89.475
4557.56 89.728
4640.5 89.896
4724.96 89.959
4810.95 89.891
4898.51 89.668
4987.66 89.28
5078.43 88.737
5170.86 88.072
5264.97 87.329
5360.79 86.558
5458.35 85.807
5557.69 85.115
5658.84 84.513
5761.82 84.021
5866.69 83.655
5973.46 83.428
6082.17 83.352
6192.87 83.44
6305.57 83.704
6420.33 84.153
6537.18 84.789
6656.15 85.601
6777.29 86.559
6900.63 87.609
7026.22 88.671
7154.1 89.646
7284.3 90.431
7416.87 90.938
7551.85 91.118
7689.29 90.967
7829.23 90.528
7971.72 89.866
8116.8 89.057
8264.53 88.164
8414.94 87.241
8568.09 86.328
8724.02 85.462
8882.79 84.677
9044.46 84
9209.06 83.448
9376.66 83.021
9547.31 82.697
9721.07 82.434
9897.99 82.178
10078.13 81.881
10261.55 81.508
10448.3 81.048
10638.45 80.514
10832.07 79.941
11029.21 79.38
11229.94 78.882
11434.32 78.492
11642.41 78.239
11854.3 78.127
12070.04 78.127
12289.71 78.178
12513.38 78.191
12741.12 78.067
12973 77.719
13209.1 77.101
13449.5 76.226
13694.28 75.169
13943.51 74.057
14197.27 73.03
14455.66 72.206
14718.74 71.651
14986.62 71.384
15259.37 71.399
15537.08 71.689
15819.85 72.254
16107.76 73.085
16400.92 74.132
16699.41 75.282
17003.33 76.35
17312.78 77.108
17627.86 77.332
17948.68 76.868
18275.34 75.675
18607.94 73.824
18946.6 71.462
19291.42 68.76
19642.52 65.881
20000 62.949