20 82.528
20.36 82.521
20.73 82.514
21.11 82.506
21.5 82.499
21.89 82.492
22.29 82.484
22.69 82.476
23.1 82.469
23.52 82.461
23.95 82.452
24.39 82.444
24.83 82.435
25.28 82.426
25.74 82.416
26.21 82.406
26.69 82.396
27.18 82.386
27.67 82.375
28.17 82.363
28.69 82.351
29.21 82.339
29.74 82.326
30.28 82.313
30.83 82.298
31.39 82.284
31.97 82.269
32.55 82.252
33.14 82.236
33.74 82.219
34.36 82.201
34.98 82.182
35.62 82.163
36.27 82.142
36.93 82.122
37.6 82.1
38.28 82.078
38.98 82.055
39.69 82.032
40.41 82.008
41.15 81.983
41.9 81.958
42.66 81.932
43.44 81.905
44.23 81.879
45.03 81.851
45.85 81.822
46.68 81.793
47.53 81.763
48.4 81.733
49.28 81.702
50.18 81.671
51.09 81.639
52.02 81.606
52.97 81.572
53.93 81.537
54.91 81.502
55.91 81.466
56.93 81.429
57.97 81.391
59.02 81.352
60.09 81.313
61.19 81.272
62.3 81.231
63.44 81.189
64.59 81.145
65.77 81.101
66.96 81.056
68.18 81.01
69.42 80.962
70.69 80.914
71.97 80.865
73.28 80.815
74.62 80.763
75.97 80.711
77.36 80.658
78.76 80.603
80.2 80.548
81.66 80.493
83.14 80.436
84.66 80.379
86.2 80.321
87.77 80.263
89.36 80.203
90.99 80.143
92.65 80.083
94.33 80.021
96.05 79.959
97.8 79.897
99.58 79.833
101.39 79.768
103.23 79.703
105.11 79.637
107.03 79.57
108.97 79.502
110.96 79.433
112.98 79.363
115.03 79.292
117.13 79.22
119.26 79.148
121.43 79.075
123.64 79.001
125.89 78.927
128.18 78.853
130.51 78.777
132.89 78.7
135.31 78.622
137.77 78.541
140.28 78.46
142.83 78.376
145.43 78.291
148.07 78.204
150.77 78.115
153.51 78.026
156.31 77.935
159.15 77.843
162.05 77.75
165 77.656
168 77.562
171.06 77.468
174.17 77.374
177.34 77.28
180.57 77.185
183.86 77.091
187.2 76.996
190.61 76.901
194.08 76.805
197.61 76.707
201.21 76.608
204.87 76.507
208.6 76.405
212.39 76.302
216.26 76.198
220.19 76.096
224.2 75.994
228.28 75.895
232.44 75.799
236.67 75.707
240.97 75.619
245.36 75.533
249.82 75.451
254.37 75.37
259 75.289
263.71 75.209
268.51 75.127
273.4 75.044
278.38 74.958
283.44 74.871
288.6 74.783
293.85 74.694
299.2 74.604
304.65 74.515
310.19 74.425
315.84 74.335
321.59 74.244
327.44 74.152
333.4 74.06
339.47 73.969
345.64 73.878
351.93 73.786
358.34 73.695
364.86 73.605
371.5 73.514
378.26 73.421
385.15 73.325
392.16 73.227
399.29 73.123
406.56 73.013
413.96 72.896
421.49 72.771
429.16 72.637
436.97 72.494
444.93 72.341
453.02 72.179
461.27 72.012
469.66 71.842
478.21 71.675
486.91 71.518
495.78 71.377
504.8 71.258
513.99 71.167
523.34 71.108
532.87 71.08
542.56 71.085
552.44 71.116
562.49 71.167
572.73 71.234
583.15 71.309
593.77 71.392
604.57 71.48
615.57 71.577
626.78 71.687
638.18 71.813
649.8 71.958
661.63 72.123
673.67 72.308
685.93 72.51
698.41 72.728
711.12 72.957
724.06 73.195
737.24 73.438
750.66 73.679
764.32 73.911
778.23 74.129
792.39 74.329
806.82 74.509
821.5 74.665
836.45 74.791
851.67 74.881
867.17 74.93
882.96 74.941
899.02 74.923
915.39 74.893
932.05 74.868
949.01 74.861
966.28 74.881
983.87 74.93
1001.77 75.008
1020 75.113
1038.57 75.244
1057.47 75.398
1076.71 75.571
1096.31 75.758
1116.26 75.954
1136.58 76.152
1157.26 76.347
1178.32 76.534
1199.77 76.713
1221.6 76.884
1243.84 77.047
1266.47 77.204
1289.52 77.358
1312.99 77.508
1336.89 77.655
1361.22 77.799
1385.99 77.943
1411.22 78.085
1436.9 78.225
1463.05 78.362
1489.68 78.495
1516.79 78.623
1544.4 78.746
1572.5 78.862
1601.12 78.97
1630.26 79.069
1659.93 79.16
1690.14 79.246
1720.9 79.33
1752.22 79.414
1784.11 79.501
1816.58 79.592
1849.64 79.69
1883.3 79.795
1917.58 79.909
1952.48 80.032
1988.01 80.166
2024.19 80.311
2061.03 80.469
2098.54 80.639
2136.73 80.822
2175.62 81.017
2215.22 81.224
2255.53 81.442
2296.58 81.67
2338.38 81.908
2380.94 82.15
2424.27 82.393
2468.39 82.632
2513.31 82.861
2559.05 83.075
2605.63 83.267
2653.05 83.431
2701.33 83.559
2750.5 83.645
2800.55 83.684
2851.52 83.674
2903.42 83.613
2956.26 83.502
3010.06 83.345
3064.85 83.15
3120.62 82.924
3177.42 82.679
3235.25 82.424
3294.13 82.171
3354.08 81.93
3415.12 81.712
3477.27 81.523
3540.56 81.369
3605 81.254
3670.6 81.177
3737.41 81.136
3805.43 81.125
3874.68 81.135
3945.2 81.161
4017 81.193
4090.11 81.23
4164.55 81.276
4240.34 81.34
4317.51 81.43
4396.09 81.55
4476.1 81.69
4557.56 81.827
4640.5 81.925
4724.96 81.942
4810.95 81.84
4898.51 81.595
4987.66 81.201
5078.43 80.67
5170.86 80.033
5264.97 79.324
5360.79 78.586
5458.35 77.855
5557.69 77.162
5658.84 76.534
5761.82 75.986
5866.69 75.536
5973.46 75.194
6082.17 74.971
6192.87 74.88
6305.57 74.932
6420.33 75.14
6537.18 75.517
6656.15 76.07
6777.29 76.799
6900.63 77.685
7026.22 78.685
7154.1 79.729
7284.3 80.729
7416.87 81.581
7551.85 82.186
7689.29 82.464
7829.23 82.379
7971.72 81.953
8116.8 81.26
8264.53 80.412
8414.94 79.522
8568.09 78.68
8724.02 77.933
8882.79 77.285
9044.46 76.712
9209.06 76.171
9376.66 75.62
9547.31 75.017
9721.07 74.337
9897.99 73.571
10078.13 72.732
10261.55 71.855
10448.3 70.991
10638.45 70.198
10832.07 69.537
11029.21 69.062
11229.94 68.805
11434.32 68.774
11642.41 68.943
11854.3 69.25
12070.04 69.595
12289.71 69.846
12513.38 69.869
12741.12 69.564
12973 68.912
13209.1 68
13449.5 67.006
13694.28 66.148
13943.51 65.6
14197.27 65.414
14455.66 65.516
14718.74 65.772
14986.62 66.09
15259.37 66.461
15537.08 66.939
15819.85 67.586
16107.76 68.413
16400.92 69.341
16699.41 70.217
17003.33 70.857
17312.78 71.106
17627.86 70.869
17948.68 70.108
18275.34 68.815
18607.94 66.992
18946.6 64.675
19291.42 61.961
19642.52 59.005
20000 55.967