20 90.64
20.36 90.599
20.73 90.559
21.11 90.519
21.5 90.479
21.89 90.438
22.29 90.398
22.69 90.356
23.1 90.314
23.52 90.272
23.95 90.229
24.39 90.186
24.83 90.142
25.28 90.096
25.74 90.05
26.21 90.004
26.69 89.956
27.18 89.907
27.67 89.858
28.17 89.806
28.69 89.754
29.21 89.7
29.74 89.645
30.28 89.588
30.83 89.53
31.39 89.47
31.97 89.409
32.55 89.346
33.14 89.281
33.74 89.215
34.36 89.146
34.98 89.076
35.62 89.004
36.27 88.93
36.93 88.854
37.6 88.776
38.28 88.697
38.98 88.616
39.69 88.533
40.41 88.449
41.15 88.363
41.9 88.275
42.66 88.185
43.44 88.094
44.23 88.001
45.03 87.907
45.85 87.81
46.68 87.712
47.53 87.612
48.4 87.511
49.28 87.408
50.18 87.303
51.09 87.195
52.02 87.086
52.97 86.975
53.93 86.861
54.91 86.745
55.91 86.627
56.93 86.506
57.97 86.383
59.02 86.258
60.09 86.129
61.19 85.999
62.3 85.865
63.44 85.729
64.59 85.591
65.77 85.449
66.96 85.306
68.18 85.159
69.42 85.011
70.69 84.859
71.97 84.705
73.28 84.549
74.62 84.39
75.97 84.228
77.36 84.065
78.76 83.9
80.2 83.733
81.66 83.564
83.14 83.393
84.66 83.221
86.2 83.048
87.77 82.874
89.36 82.698
90.99 82.521
92.65 82.342
94.33 82.162
96.05 81.981
97.8 81.798
99.58 81.614
101.39 81.429
103.23 81.242
105.11 81.054
107.03 80.864
108.97 80.672
110.96 80.48
112.98 80.285
115.03 80.09
117.13 79.894
119.26 79.699
121.43 79.504
123.64 79.311
125.89 79.119
128.18 78.929
130.51 78.738
132.89 78.549
135.31 78.361
137.77 78.17
140.28 77.98
142.83 77.789
145.43 77.598
148.07 77.407
150.77 77.216
153.51 77.026
156.31 76.838
159.15 76.652
162.05 76.469
165 76.29
168 76.114
171.06 75.944
174.17 75.779
177.34 75.621
180.57 75.471
183.86 75.327
187.2 75.19
190.61 75.059
194.08 74.935
197.61 74.817
201.21 74.703
204.87 74.593
208.6 74.488
212.39 74.387
216.26 74.29
220.19 74.198
224.2 74.111
228.28 74.03
232.44 73.953
236.67 73.882
240.97 73.817
245.36 73.757
249.82 73.701
254.37 73.65
259 73.604
263.71 73.562
268.51 73.523
273.4 73.487
278.38 73.455
283.44 73.427
288.6 73.401
293.85 73.378
299.2 73.358
304.65 73.34
310.19 73.325
315.84 73.312
321.59 73.3
327.44 73.29
333.4 73.281
339.47 73.274
345.64 73.268
351.93 73.264
358.34 73.261
364.86 73.259
371.5 73.257
378.26 73.257
385.15 73.258
392.16 73.26
399.29 73.262
406.56 73.265
413.96 73.269
421.49 73.274
429.16 73.279
436.97 73.284
444.93 73.29
453.02 73.297
461.27 73.305
469.66 73.312
478.21 73.32
486.91 73.328
495.78 73.337
504.8 73.346
513.99 73.356
523.34 73.366
532.87 73.377
542.56 73.387
552.44 73.398
562.49 73.409
572.73 73.419
583.15 73.428
593.77 73.437
604.57 73.444
615.57 73.45
626.78 73.455
638.18 73.459
649.8 73.463
661.63 73.468
673.67 73.472
685.93 73.477
698.41 73.483
711.12 73.49
724.06 73.5
737.24 73.513
750.66 73.53
764.32 73.554
778.23 73.587
792.39 73.631
806.82 73.688
821.5 73.757
836.45 73.841
851.67 73.936
867.17 74.042
882.96 74.157
899.02 74.278
915.39 74.403
932.05 74.529
949.01 74.654
966.28 74.777
983.87 74.896
1001.77 75.011
1020 75.122
1038.57 75.23
1057.47 75.336
1076.71 75.44
1096.31 75.545
1116.26 75.648
1136.58 75.751
1157.26 75.854
1178.32 75.955
1199.77 76.054
1221.6 76.151
1243.84 76.246
1266.47 76.337
1289.52 76.427
1312.99 76.513
1336.89 76.596
1361.22 76.677
1385.99 76.757
1411.22 76.836
1436.9 76.915
1463.05 76.992
1489.68 77.071
1516.79 77.15
1544.4 77.232
1572.5 77.317
1601.12 77.405
1630.26 77.496
1659.93 77.592
1690.14 77.692
1720.9 77.799
1752.22 77.913
1784.11 78.033
1816.58 78.161
1849.64 78.297
1883.3 78.441
1917.58 78.593
1952.48 78.753
1988.01 78.924
2024.19 79.105
2061.03 79.296
2098.54 79.499
2136.73 79.713
2175.62 79.936
2215.22 80.169
2255.53 80.411
2296.58 80.663
2338.38 80.924
2380.94 81.194
2424.27 81.471
2468.39 81.753
2513.31 82.037
2559.05 82.322
2605.63 82.603
2653.05 82.876
2701.33 83.138
2750.5 83.382
2800.55 83.603
2851.52 83.797
2903.42 83.958
2956.26 84.084
3010.06 84.168
3064.85 84.21
3120.62 84.21
3177.42 84.169
3235.25 84.091
3294.13 83.98
3354.08 83.844
3415.12 83.687
3477.27 83.517
3540.56 83.335
3605 83.149
3670.6 82.96
3737.41 82.771
3805.43 82.583
3874.68 82.398
3945.2 82.215
4017 82.037
4090.11 81.866
4164.55 81.702
4240.34 81.55
4317.51 81.412
4396.09 81.293
4476.1 81.196
4557.56 81.123
4640.5 81.077
4724.96 81.06
4810.95 81.07
4898.51 81.109
4987.66 81.173
5078.43 81.263
5170.86 81.377
5264.97 81.516
5360.79 81.678
5458.35 81.864
5557.69 82.071
5658.84 82.293
5761.82 82.522
5866.69 82.741
5973.46 82.928
6082.17 83.054
6192.87 83.088
6305.57 82.998
6420.33 82.765
6537.18 82.378
6656.15 81.846
6777.29 81.195
6900.63 80.469
7026.22 79.723
7154.1 79.022
7284.3 78.433
7416.87 78.013
7551.85 77.792
7689.29 77.762
7829.23 77.861
7971.72 77.985
8116.8 78.015
8264.53 77.844
8414.94 77.416
8568.09 76.728
8724.02 75.838
8882.79 74.831
9044.46 73.816
9209.06 72.895
9376.66 72.154
9547.31 71.655
9721.07 71.432
9897.99 71.497
10078.13 71.84
10261.55 72.428
10448.3 73.213
10638.45 74.117
10832.07 75.04
11029.21 75.866
11229.94 76.482
11434.32 76.803
11642.41 76.796
11854.3 76.494
12070.04 75.982
12289.71 75.381
12513.38 74.818
12741.12 74.392
12973 74.156
13209.1 74.104
13449.5 74.179
13694.28 74.285
13943.51 74.319
14197.27 74.212
14455.66 73.957
14718.74 73.614
14986.62 73.288
15259.37 73.087
15537.08 73.069
15819.85 73.205
16107.76 73.362
16400.92 73.324
16699.41 72.857
17003.33 71.778
17312.78 70.02
17627.86 67.649
17948.68 64.828
18275.34 61.761
18607.94 58.626
18946.6 55.532
19291.42 52.514
19642.52 49.557
20000 46.625