20 90.401
20.36 90.425
20.73 90.45
21.11 90.474
21.5 90.498
21.89 90.522
22.29 90.546
22.69 90.569
23.1 90.593
23.52 90.616
23.95 90.639
24.39 90.661
24.83 90.683
25.28 90.704
25.74 90.725
26.21 90.745
26.69 90.765
27.18 90.785
27.67 90.803
28.17 90.822
28.69 90.839
29.21 90.856
29.74 90.872
30.28 90.886
30.83 90.901
31.39 90.914
31.97 90.926
32.55 90.938
33.14 90.948
33.74 90.957
34.36 90.966
34.98 90.973
35.62 90.979
36.27 90.984
36.93 90.988
37.6 90.991
38.28 90.993
38.98 90.994
39.69 90.993
40.41 90.992
41.15 90.99
41.9 90.986
42.66 90.981
43.44 90.975
44.23 90.968
45.03 90.96
45.85 90.95
46.68 90.939
47.53 90.928
48.4 90.914
49.28 90.9
50.18 90.884
51.09 90.868
52.02 90.849
52.97 90.829
53.93 90.809
54.91 90.786
55.91 90.762
56.93 90.737
57.97 90.71
59.02 90.681
60.09 90.651
61.19 90.62
62.3 90.587
63.44 90.553
64.59 90.517
65.77 90.48
66.96 90.441
68.18 90.401
69.42 90.36
70.69 90.318
71.97 90.274
73.28 90.229
74.62 90.183
75.97 90.136
77.36 90.087
78.76 90.037
80.2 89.985
81.66 89.932
83.14 89.878
84.66 89.822
86.2 89.764
87.77 89.705
89.36 89.644
90.99 89.582
92.65 89.518
94.33 89.452
96.05 89.385
97.8 89.316
99.58 89.245
101.39 89.173
103.23 89.1
105.11 89.025
107.03 88.95
108.97 88.874
110.96 88.798
112.98 88.721
115.03 88.644
117.13 88.565
119.26 88.485
121.43 88.403
123.64 88.32
125.89 88.235
128.18 88.148
130.51 88.058
132.89 87.967
135.31 87.875
137.77 87.781
140.28 87.685
142.83 87.588
145.43 87.49
148.07 87.391
150.77 87.291
153.51 87.191
156.31 87.089
159.15 86.988
162.05 86.887
165 86.785
168 86.684
171.06 86.581
174.17 86.478
177.34 86.373
180.57 86.267
183.86 86.159
187.2 86.049
190.61 85.938
194.08 85.824
197.61 85.71
201.21 85.594
204.87 85.477
208.6 85.359
212.39 85.24
216.26 85.12
220.19 85
224.2 84.879
228.28 84.758
232.44 84.637
236.67 84.516
240.97 84.392
245.36 84.268
249.82 84.143
254.37 84.018
259 83.892
263.71 83.766
268.51 83.64
273.4 83.513
278.38 83.386
283.44 83.259
288.6 83.133
293.85 83.007
299.2 82.881
304.65 82.755
310.19 82.63
315.84 82.503
321.59 82.376
327.44 82.249
333.4 82.121
339.47 81.992
345.64 81.862
351.93 81.73
358.34 81.596
364.86 81.461
371.5 81.325
378.26 81.188
385.15 81.053
392.16 80.919
399.29 80.785
406.56 80.652
413.96 80.519
421.49 80.387
429.16 80.253
436.97 80.119
444.93 79.985
453.02 79.849
461.27 79.713
469.66 79.578
478.21 79.443
486.91 79.309
495.78 79.176
504.8 79.043
513.99 78.911
523.34 78.779
532.87 78.646
542.56 78.515
552.44 78.385
562.49 78.254
572.73 78.123
583.15 77.992
593.77 77.861
604.57 77.732
615.57 77.603
626.78 77.476
638.18 77.351
649.8 77.227
661.63 77.107
673.67 76.988
685.93 76.871
698.41 76.754
711.12 76.638
724.06 76.522
737.24 76.406
750.66 76.292
764.32 76.179
778.23 76.07
792.39 75.965
806.82 75.863
821.5 75.764
836.45 75.67
851.67 75.58
867.17 75.495
882.96 75.414
899.02 75.338
915.39 75.268
932.05 75.204
949.01 75.147
966.28 75.094
983.87 75.045
1001.77 74.995
1020 74.941
1038.57 74.877
1057.47 74.799
1076.71 74.707
1096.31 74.603
1116.26 74.495
1136.58 74.391
1157.26 74.304
1178.32 74.242
1199.77 74.215
1221.6 74.231
1243.84 74.302
1266.47 74.435
1289.52 74.638
1312.99 74.914
1336.89 75.26
1361.22 75.664
1385.99 76.109
1411.22 76.576
1436.9 77.046
1463.05 77.502
1489.68 77.934
1516.79 78.334
1544.4 78.702
1572.5 79.039
1601.12 79.352
1630.26 79.643
1659.93 79.916
1690.14 80.175
1720.9 80.426
1752.22 80.674
1784.11 80.922
1816.58 81.175
1849.64 81.433
1883.3 81.701
1917.58 81.978
1952.48 82.269
1988.01 82.571
2024.19 82.886
2061.03 83.21
2098.54 83.544
2136.73 83.883
2175.62 84.224
2215.22 84.565
2255.53 84.9
2296.58 85.228
2338.38 85.542
2380.94 85.836
2424.27 86.106
2468.39 86.347
2513.31 86.555
2559.05 86.726
2605.63 86.86
2653.05 86.954
2701.33 87.009
2750.5 87.027
2800.55 87.009
2851.52 86.96
2903.42 86.883
2956.26 86.782
3010.06 86.662
3064.85 86.526
3120.62 86.379
3177.42 86.226
3235.25 86.069
3294.13 85.911
3354.08 85.755
3415.12 85.604
3477.27 85.458
3540.56 85.32
3605 85.19
3670.6 85.07
3737.41 84.958
3805.43 84.853
3874.68 84.751
3945.2 84.649
4017 84.544
4090.11 84.429
4164.55 84.299
4240.34 84.148
4317.51 83.967
4396.09 83.752
4476.1 83.496
4557.56 83.194
4640.5 82.844
4724.96 82.446
4810.95 82.001
4898.51 81.514
4987.66 80.988
5078.43 80.432
5170.86 79.853
5264.97 79.261
5360.79 78.666
5458.35 78.074
5557.69 77.493
5658.84 76.929
5761.82 76.387
5866.69 75.877
5973.46 75.406
6082.17 74.983
6192.87 74.62
6305.57 74.325
6420.33 74.108
6537.18 73.98
6656.15 73.952
6777.29 74.037
6900.63 74.248
7026.22 74.598
7154.1 75.094
7284.3 75.731
7416.87 76.486
7551.85 77.311
7689.29 78.13
7829.23 78.847
7971.72 79.352
8116.8 79.548
8264.53 79.369
8414.94 78.798
8568.09 77.873
8724.02 76.676
8882.79 75.313
9044.46 73.892
9209.06 72.505
9376.66 71.22
9547.31 70.077
9721.07 69.094
9897.99 68.272
10078.13 67.604
10261.55 67.078
10448.3 66.681
10638.45 66.407
10832.07 66.256
11029.21 66.237
11229.94 66.37
11434.32 66.684
11642.41 67.216
11854.3 67.998
12070.04 69.052
12289.71 70.365
12513.38 71.869
12741.12 73.423
12973 74.808
13209.1 75.763
13449.5 76.056
13694.28 75.556
13943.51 74.29
14197.27 72.439
14455.66 70.292
14718.74 68.174
14986.62 66.371
15259.37 65.097
15537.08 64.463
15819.85 64.479
16107.76 65.048
16400.92 65.984
16699.41 67.042
17003.33 67.974
17312.78 68.583
17627.86 68.77
17948.68 68.541
18275.34 67.981
18607.94 67.207
18946.6 66.319
19291.42 65.385
19642.52 64.438
20000 63.491