20 66.134
20.36 66.216
20.73 66.298
21.11 66.381
21.5 66.462
21.89 66.544
22.29 66.626
22.69 66.706
23.1 66.787
23.52 66.867
23.95 66.946
24.39 67.025
24.83 67.103
25.28 67.18
25.74 67.257
26.21 67.332
26.69 67.406
27.18 67.479
27.67 67.552
28.17 67.623
28.69 67.692
29.21 67.76
29.74 67.827
30.28 67.893
30.83 67.956
31.39 68.019
31.97 68.079
32.55 68.138
33.14 68.194
33.74 68.25
34.36 68.303
34.98 68.355
35.62 68.405
36.27 68.453
36.93 68.501
37.6 68.547
38.28 68.592
38.98 68.636
39.69 68.679
40.41 68.721
41.15 68.762
41.9 68.803
42.66 68.843
43.44 68.883
44.23 68.922
45.03 68.961
45.85 69
46.68 69.039
47.53 69.078
48.4 69.116
49.28 69.155
50.18 69.194
51.09 69.232
52.02 69.271
52.97 69.309
53.93 69.348
54.91 69.387
55.91 69.425
56.93 69.464
57.97 69.502
59.02 69.541
60.09 69.58
61.19 69.618
62.3 69.656
63.44 69.694
64.59 69.731
65.77 69.768
66.96 69.804
68.18 69.839
69.42 69.873
70.69 69.907
71.97 69.939
73.28 69.97
74.62 70
75.97 70.029
77.36 70.057
78.76 70.085
80.2 70.112
81.66 70.139
83.14 70.166
84.66 70.192
86.2 70.218
87.77 70.244
89.36 70.27
90.99 70.296
92.65 70.323
94.33 70.348
96.05 70.375
97.8 70.401
99.58 70.427
101.39 70.453
103.23 70.479
105.11 70.505
107.03 70.529
108.97 70.554
110.96 70.577
112.98 70.6
115.03 70.623
117.13 70.644
119.26 70.665
121.43 70.685
123.64 70.705
125.89 70.724
128.18 70.743
130.51 70.761
132.89 70.779
135.31 70.797
137.77 70.814
140.28 70.83
142.83 70.847
145.43 70.863
148.07 70.879
150.77 70.895
153.51 70.91
156.31 70.926
159.15 70.941
162.05 70.957
165 70.971
168 70.985
171.06 70.999
174.17 71.011
177.34 71.022
180.57 71.032
183.86 71.041
187.2 71.05
190.61 71.058
194.08 71.067
197.61 71.078
201.21 71.091
204.87 71.107
208.6 71.124
212.39 71.141
216.26 71.158
220.19 71.174
224.2 71.189
228.28 71.203
232.44 71.215
236.67 71.228
240.97 71.239
245.36 71.251
249.82 71.263
254.37 71.274
259 71.286
263.71 71.298
268.51 71.31
273.4 71.322
278.38 71.334
283.44 71.346
288.6 71.358
293.85 71.37
299.2 71.381
304.65 71.393
310.19 71.404
315.84 71.416
321.59 71.427
327.44 71.439
333.4 71.451
339.47 71.463
345.64 71.475
351.93 71.488
358.34 71.502
364.86 71.516
371.5 71.531
378.26 71.547
385.15 71.564
392.16 71.581
399.29 71.597
406.56 71.615
413.96 71.632
421.49 71.649
429.16 71.666
436.97 71.684
444.93 71.703
453.02 71.723
461.27 71.743
469.66 71.764
478.21 71.786
486.91 71.808
495.78 71.832
504.8 71.856
513.99 71.881
523.34 71.907
532.87 71.935
542.56 71.964
552.44 71.995
562.49 72.027
572.73 72.061
583.15 72.097
593.77 72.135
604.57 72.174
615.57 72.215
626.78 72.258
638.18 72.303
649.8 72.351
661.63 72.402
673.67 72.456
685.93 72.514
698.41 72.575
711.12 72.641
724.06 72.712
737.24 72.787
750.66 72.867
764.32 72.952
778.23 73.041
792.39 73.135
806.82 73.233
821.5 73.338
836.45 73.448
851.67 73.566
867.17 73.693
882.96 73.829
899.02 73.976
915.39 74.131
932.05 74.295
949.01 74.467
966.28 74.645
983.87 74.829
1001.77 75.019
1020 75.212
1038.57 75.411
1057.47 75.614
1076.71 75.821
1096.31 76.032
1116.26 76.247
1136.58 76.465
1157.26 76.685
1178.32 76.908
1199.77 77.132
1221.6 77.36
1243.84 77.591
1266.47 77.825
1289.52 78.065
1312.99 78.313
1336.89 78.569
1361.22 78.83
1385.99 79.095
1411.22 79.364
1436.9 79.635
1463.05 79.91
1489.68 80.19
1516.79 80.477
1544.4 80.773
1572.5 81.081
1601.12 81.402
1630.26 81.737
1659.93 82.08
1690.14 82.431
1720.9 82.785
1752.22 83.138
1784.11 83.487
1816.58 83.825
1849.64 84.146
1883.3 84.442
1917.58 84.708
1952.48 84.934
1988.01 85.116
2024.19 85.246
2061.03 85.319
2098.54 85.333
2136.73 85.286
2175.62 85.18
2215.22 85.019
2255.53 84.81
2296.58 84.561
2338.38 84.281
2380.94 83.981
2424.27 83.669
2468.39 83.354
2513.31 83.04
2559.05 82.729
2605.63 82.419
2653.05 82.102
2701.33 81.767
2750.5 81.402
2800.55 80.995
2851.52 80.545
2903.42 80.064
2956.26 79.577
3010.06 79.119
3064.85 78.72
3120.62 78.404
3177.42 78.177
3235.25 78.03
3294.13 77.946
3354.08 77.909
3415.12 77.903
3477.27 77.915
3540.56 77.94
3605 77.973
3670.6 78.014
3737.41 78.062
3805.43 78.117
3874.68 78.177
3945.2 78.237
4017 78.292
4090.11 78.335
4164.55 78.359
4240.34 78.359
4317.51 78.327
4396.09 78.259
4476.1 78.152
4557.56 78.003
4640.5 77.807
4724.96 77.56
4810.95 77.259
4898.51 76.91
4987.66 76.52
5078.43 76.103
5170.86 75.67
5264.97 75.229
5360.79 74.779
5458.35 74.314
5557.69 73.821
5658.84 73.293
5761.82 72.731
5866.69 72.154
5973.46 71.587
6082.17 71.062
6192.87 70.606
6305.57 70.243
6420.33 69.986
6537.18 69.844
6656.15 69.816
6777.29 69.895
6900.63 70.066
7026.22 70.315
7154.1 70.626
7284.3 70.992
7416.87 71.402
7551.85 71.829
7689.29 72.204
7829.23 72.418
7971.72 72.361
8116.8 71.971
8264.53 71.262
8414.94 70.318
8568.09 69.262
8724.02 68.223
8882.79 67.311
9044.46 66.602
9209.06 66.14
9376.66 65.945
9547.31 66.029
9721.07 66.406
9897.99 67.08
10078.13 68.021
10261.55 69.159
10448.3 70.394
10638.45 71.612
10832.07 72.704
11029.21 73.584
11229.94 74.197
11434.32 74.524
11642.41 74.569
11854.3 74.353
12070.04 73.918
12289.71 73.32
12513.38 72.622
12741.12 71.889
12973 71.179
13209.1 70.558
13449.5 70.092
13694.28 69.846
13943.51 69.867
14197.27 70.167
14455.66 70.703
14718.74 71.373
14986.62 72.022
15259.37 72.476
15537.08 72.593
15819.85 72.319
16107.76 71.7
16400.92 70.842
16699.41 69.842
17003.33 68.773
17312.78 67.697
17627.86 66.688
17948.68 65.827
18275.34 65.173
18607.94 64.736
18946.6 64.475
19291.42 64.313
19642.52 64.185
20000 64.058