20 87.052
20.36 87.016
20.73 86.979
21.11 86.942
21.5 86.905
21.89 86.868
22.29 86.831
22.69 86.793
23.1 86.755
23.52 86.716
23.95 86.677
24.39 86.637
24.83 86.597
25.28 86.556
25.74 86.514
26.21 86.472
26.69 86.429
27.18 86.384
27.67 86.339
28.17 86.293
28.69 86.246
29.21 86.197
29.74 86.148
30.28 86.097
30.83 86.045
31.39 85.992
31.97 85.937
32.55 85.88
33.14 85.822
33.74 85.763
34.36 85.702
34.98 85.64
35.62 85.576
36.27 85.511
36.93 85.444
37.6 85.376
38.28 85.307
38.98 85.236
39.69 85.165
40.41 85.092
41.15 85.018
41.9 84.943
42.66 84.867
43.44 84.79
44.23 84.712
45.03 84.633
45.85 84.553
46.68 84.473
47.53 84.391
48.4 84.309
49.28 84.226
50.18 84.142
51.09 84.057
52.02 83.971
52.97 83.884
53.93 83.796
54.91 83.707
55.91 83.617
56.93 83.526
57.97 83.434
59.02 83.341
60.09 83.246
61.19 83.151
62.3 83.055
63.44 82.957
64.59 82.859
65.77 82.76
66.96 82.66
68.18 82.558
69.42 82.456
70.69 82.353
71.97 82.249
73.28 82.144
74.62 82.039
75.97 81.933
77.36 81.826
78.76 81.719
80.2 81.612
81.66 81.504
83.14 81.396
84.66 81.289
86.2 81.181
87.77 81.074
89.36 80.966
90.99 80.859
92.65 80.752
94.33 80.645
96.05 80.537
97.8 80.43
99.58 80.322
101.39 80.215
103.23 80.107
105.11 80
107.03 79.892
108.97 79.783
110.96 79.675
112.98 79.567
115.03 79.458
117.13 79.35
119.26 79.242
121.43 79.136
123.64 79.03
125.89 78.926
128.18 78.823
130.51 78.721
132.89 78.619
135.31 78.516
137.77 78.414
140.28 78.311
142.83 78.207
145.43 78.103
148.07 77.998
150.77 77.893
153.51 77.788
156.31 77.683
159.15 77.578
162.05 77.473
165 77.369
168 77.265
171.06 77.163
174.17 77.062
177.34 76.963
180.57 76.865
183.86 76.77
187.2 76.676
190.61 76.583
194.08 76.492
197.61 76.402
201.21 76.313
204.87 76.224
208.6 76.134
212.39 76.045
216.26 75.956
220.19 75.867
224.2 75.779
228.28 75.692
232.44 75.605
236.67 75.521
240.97 75.439
245.36 75.358
249.82 75.279
254.37 75.202
259 75.126
263.71 75.052
268.51 74.979
273.4 74.906
278.38 74.835
283.44 74.765
288.6 74.696
293.85 74.628
299.2 74.561
304.65 74.496
310.19 74.431
315.84 74.368
321.59 74.305
327.44 74.244
333.4 74.184
339.47 74.125
345.64 74.067
351.93 74.012
358.34 73.957
364.86 73.905
371.5 73.854
378.26 73.805
385.15 73.757
392.16 73.711
399.29 73.666
406.56 73.624
413.96 73.582
421.49 73.543
429.16 73.505
436.97 73.469
444.93 73.435
453.02 73.401
461.27 73.37
469.66 73.339
478.21 73.31
486.91 73.282
495.78 73.256
504.8 73.232
513.99 73.21
523.34 73.19
532.87 73.171
542.56 73.156
552.44 73.143
562.49 73.131
572.73 73.123
583.15 73.116
593.77 73.113
604.57 73.112
615.57 73.113
626.78 73.117
638.18 73.125
649.8 73.135
661.63 73.149
673.67 73.166
685.93 73.187
698.41 73.211
711.12 73.24
724.06 73.273
737.24 73.309
750.66 73.351
764.32 73.398
778.23 73.451
792.39 73.511
806.82 73.577
821.5 73.651
836.45 73.733
851.67 73.823
867.17 73.92
882.96 74.025
899.02 74.138
915.39 74.26
932.05 74.392
949.01 74.534
966.28 74.685
983.87 74.847
1001.77 75.017
1020 75.193
1038.57 75.374
1057.47 75.559
1076.71 75.745
1096.31 75.932
1116.26 76.119
1136.58 76.303
1157.26 76.485
1178.32 76.664
1199.77 76.842
1221.6 77.02
1243.84 77.199
1266.47 77.382
1289.52 77.57
1312.99 77.762
1336.89 77.96
1361.22 78.166
1385.99 78.382
1411.22 78.607
1436.9 78.842
1463.05 79.085
1489.68 79.338
1516.79 79.6
1544.4 79.872
1572.5 80.153
1601.12 80.44
1630.26 80.73
1659.93 81.025
1690.14 81.327
1720.9 81.637
1752.22 81.959
1784.11 82.294
1816.58 82.641
1849.64 82.996
1883.3 83.354
1917.58 83.701
1952.48 84.024
1988.01 84.305
2024.19 84.534
2061.03 84.705
2098.54 84.822
2136.73 84.899
2175.62 84.954
2215.22 84.999
2255.53 85.037
2296.58 85.061
2338.38 85.059
2380.94 85.018
2424.27 84.928
2468.39 84.786
2513.31 84.589
2559.05 84.342
2605.63 84.05
2653.05 83.721
2701.33 83.364
2750.5 82.99
2800.55 82.603
2851.52 82.213
2903.42 81.827
2956.26 81.452
3010.06 81.096
3064.85 80.766
3120.62 80.468
3177.42 80.206
3235.25 79.979
3294.13 79.787
3354.08 79.621
3415.12 79.473
3477.27 79.329
3540.56 79.175
3605 78.998
3670.6 78.794
3737.41 78.565
3805.43 78.323
3874.68 78.087
3945.2 77.875
4017 77.704
4090.11 77.583
4164.55 77.513
4240.34 77.492
4317.51 77.517
4396.09 77.583
4476.1 77.687
4557.56 77.823
4640.5 77.986
4724.96 78.166
4810.95 78.353
4898.51 78.535
4987.66 78.701
5078.43 78.837
5170.86 78.931
5264.97 78.973
5360.79 78.958
5458.35 78.889
5557.69 78.775
5658.84 78.636
5761.82 78.495
5866.69 78.376
5973.46 78.306
6082.17 78.3
6192.87 78.362
6305.57 78.486
6420.33 78.659
6537.18 78.865
6656.15 79.094
6777.29 79.345
6900.63 79.625
7026.22 79.946
7154.1 80.322
7284.3 80.758
7416.87 81.243
7551.85 81.745
7689.29 82.211
7829.23 82.577
7971.72 82.777
8116.8 82.76
8264.53 82.499
8414.94 81.998
8568.09 81.287
8724.02 80.422
8882.79 79.472
9044.46 78.517
9209.06 77.641
9376.66 76.918
9547.31 76.401
9721.07 76.112
9897.99 76.038
10078.13 76.132
10261.55 76.335
10448.3 76.576
10638.45 76.786
10832.07 76.9
11029.21 76.861
11229.94 76.632
11434.32 76.195
11642.41 75.563
11854.3 74.775
12070.04 73.886
12289.71 72.962
12513.38 72.069
12741.12 71.265
12973 70.602
13209.1 70.128
13449.5 69.881
13694.28 69.892
13943.51 70.173
14197.27 70.71
14455.66 71.465
14718.74 72.378
14986.62 73.379
15259.37 74.398
15537.08 75.377
15819.85 76.274
16107.76 77.066
16400.92 77.736
16699.41 78.262
17003.33 78.605
17312.78 78.699
17627.86 78.458
17948.68 77.8
18275.34 76.668
18607.94 75.061
18946.6 73.037
19291.42 70.708
19642.52 68.208
20000 65.656