20 79.513
20.36 79.537
20.73 79.562
21.11 79.586
21.5 79.61
21.89 79.634
22.29 79.658
22.69 79.681
23.1 79.705
23.52 79.728
23.95 79.751
24.39 79.773
24.83 79.794
25.28 79.816
25.74 79.837
26.21 79.857
26.69 79.877
27.18 79.897
27.67 79.915
28.17 79.933
28.69 79.95
29.21 79.966
29.74 79.981
30.28 79.996
30.83 80.01
31.39 80.023
31.97 80.035
32.55 80.045
33.14 80.055
33.74 80.064
34.36 80.072
34.98 80.079
35.62 80.084
36.27 80.089
36.93 80.092
37.6 80.095
38.28 80.097
38.98 80.098
39.69 80.099
40.41 80.098
41.15 80.096
41.9 80.094
42.66 80.091
43.44 80.087
44.23 80.082
45.03 80.077
45.85 80.071
46.68 80.064
47.53 80.057
48.4 80.049
49.28 80.04
50.18 80.031
51.09 80.021
52.02 80.009
52.97 79.998
53.93 79.985
54.91 79.972
55.91 79.958
56.93 79.943
57.97 79.927
59.02 79.91
60.09 79.893
61.19 79.874
62.3 79.855
63.44 79.835
64.59 79.814
65.77 79.792
66.96 79.769
68.18 79.745
69.42 79.721
70.69 79.695
71.97 79.669
73.28 79.642
74.62 79.614
75.97 79.585
77.36 79.555
78.76 79.524
80.2 79.492
81.66 79.46
83.14 79.425
84.66 79.39
86.2 79.354
87.77 79.317
89.36 79.278
90.99 79.239
92.65 79.198
94.33 79.156
96.05 79.113
97.8 79.068
99.58 79.023
101.39 78.976
103.23 78.928
105.11 78.88
107.03 78.83
108.97 78.78
110.96 78.73
112.98 78.679
115.03 78.627
117.13 78.574
119.26 78.521
121.43 78.466
123.64 78.409
125.89 78.351
128.18 78.291
130.51 78.229
132.89 78.166
135.31 78.102
137.77 78.037
140.28 77.971
142.83 77.904
145.43 77.836
148.07 77.768
150.77 77.7
153.51 77.632
156.31 77.563
159.15 77.495
162.05 77.428
165 77.36
168 77.294
171.06 77.228
174.17 77.162
177.34 77.096
180.57 77.03
183.86 76.964
187.2 76.898
190.61 76.833
194.08 76.767
197.61 76.701
201.21 76.637
204.87 76.573
208.6 76.51
212.39 76.449
216.26 76.389
220.19 76.331
224.2 76.274
228.28 76.219
232.44 76.167
236.67 76.116
240.97 76.068
245.36 76.021
249.82 75.976
254.37 75.933
259 75.894
263.71 75.856
268.51 75.82
273.4 75.786
278.38 75.755
283.44 75.726
288.6 75.699
293.85 75.674
299.2 75.65
304.65 75.627
310.19 75.607
315.84 75.588
321.59 75.57
327.44 75.553
333.4 75.536
339.47 75.521
345.64 75.506
351.93 75.491
358.34 75.477
364.86 75.462
371.5 75.448
378.26 75.433
385.15 75.419
392.16 75.405
399.29 75.39
406.56 75.374
413.96 75.359
421.49 75.342
429.16 75.325
436.97 75.307
444.93 75.287
453.02 75.266
461.27 75.244
469.66 75.221
478.21 75.196
486.91 75.17
495.78 75.143
504.8 75.114
513.99 75.084
523.34 75.052
532.87 75.019
542.56 74.985
552.44 74.951
562.49 74.916
572.73 74.88
583.15 74.845
593.77 74.81
604.57 74.776
615.57 74.744
626.78 74.713
638.18 74.684
649.8 74.656
661.63 74.631
673.67 74.608
685.93 74.588
698.41 74.571
711.12 74.557
724.06 74.545
737.24 74.536
750.66 74.529
764.32 74.525
778.23 74.523
792.39 74.522
806.82 74.525
821.5 74.531
836.45 74.541
851.67 74.556
867.17 74.577
882.96 74.605
899.02 74.64
915.39 74.684
932.05 74.735
949.01 74.793
966.28 74.858
983.87 74.93
1001.77 75.008
1020 75.09
1038.57 75.178
1057.47 75.271
1076.71 75.368
1096.31 75.469
1116.26 75.575
1136.58 75.683
1157.26 75.794
1178.32 75.907
1199.77 76.022
1221.6 76.14
1243.84 76.259
1266.47 76.381
1289.52 76.505
1312.99 76.633
1336.89 76.766
1361.22 76.9
1385.99 77.036
1411.22 77.174
1436.9 77.314
1463.05 77.455
1489.68 77.601
1516.79 77.751
1544.4 77.908
1572.5 78.074
1601.12 78.252
1630.26 78.441
1659.93 78.641
1690.14 78.851
1720.9 79.072
1752.22 79.305
1784.11 79.548
1816.58 79.803
1849.64 80.067
1883.3 80.341
1917.58 80.625
1952.48 80.917
1988.01 81.217
2024.19 81.52
2061.03 81.824
2098.54 82.125
2136.73 82.417
2175.62 82.695
2215.22 82.952
2255.53 83.185
2296.58 83.389
2338.38 83.559
2380.94 83.692
2424.27 83.786
2468.39 83.842
2513.31 83.862
2559.05 83.849
2605.63 83.808
2653.05 83.745
2701.33 83.664
2750.5 83.571
2800.55 83.471
2851.52 83.366
2903.42 83.259
2956.26 83.152
3010.06 83.044
3064.85 82.938
3120.62 82.836
3177.42 82.743
3235.25 82.666
3294.13 82.611
3354.08 82.586
3415.12 82.597
3477.27 82.648
3540.56 82.74
3605 82.868
3670.6 83.022
3737.41 83.189
3805.43 83.352
3874.68 83.492
3945.2 83.588
4017 83.619
4090.11 83.565
4164.55 83.412
4240.34 83.147
4317.51 82.767
4396.09 82.274
4476.1 81.681
4557.56 81.009
4640.5 80.292
4724.96 79.571
4810.95 78.89
4898.51 78.299
4987.66 77.842
5078.43 77.555
5170.86 77.459
5264.97 77.555
5360.79 77.82
5458.35 78.216
5557.69 78.697
5658.84 79.223
5761.82 79.764
5866.69 80.306
5973.46 80.85
6082.17 81.411
6192.87 82.001
6305.57 82.631
6420.33 83.297
6537.18 83.978
6656.15 84.628
6777.29 85.189
6900.63 85.592
7026.22 85.773
7154.1 85.689
7284.3 85.329
7416.87 84.715
7551.85 83.901
7689.29 82.962
7829.23 81.975
7971.72 81.012
8116.8 80.134
8264.53 79.388
8414.94 78.809
8568.09 78.416
8724.02 78.216
8882.79 78.201
9044.46 78.351
9209.06 78.632
9376.66 78.998
9547.31 79.39
9721.07 79.739
9897.99 79.971
10078.13 80.016
10261.55 79.822
10448.3 79.355
10638.45 78.612
10832.07 77.613
11029.21 76.406
11229.94 75.049
11434.32 73.608
11642.41 72.151
11854.3 70.734
12070.04 69.403
12289.71 68.192
12513.38 67.127
12741.12 66.223
12973 65.485
13209.1 64.904
13449.5 64.467
13694.28 64.157
13943.51 63.956
14197.27 63.854
14455.66 63.846
14718.74 63.925
14986.62 64.077
15259.37 64.26
15537.08 64.391
15819.85 64.339
16107.76 63.943
16400.92 63.047
16699.41 61.567
17003.33 59.544
17312.78 57.165
17627.86 54.739
17948.68 52.628
18275.34 51.147
18607.94 50.451
18946.6 50.474
19291.42 50.962
19642.52 51.634
20000 52.313