20 79.686
20.36 79.72
20.73 79.755
21.11 79.789
21.5 79.822
21.89 79.856
22.29 79.889
22.69 79.922
23.1 79.955
23.52 79.987
23.95 80.018
24.39 80.05
24.83 80.081
25.28 80.111
25.74 80.14
26.21 80.169
26.69 80.197
27.18 80.224
27.67 80.25
28.17 80.275
28.69 80.299
29.21 80.322
29.74 80.345
30.28 80.366
30.83 80.385
31.39 80.404
31.97 80.421
32.55 80.437
33.14 80.451
33.74 80.464
34.36 80.476
34.98 80.486
35.62 80.495
36.27 80.502
36.93 80.509
37.6 80.514
38.28 80.518
38.98 80.522
39.69 80.524
40.41 80.525
41.15 80.526
41.9 80.526
42.66 80.524
43.44 80.523
44.23 80.52
45.03 80.517
45.85 80.514
46.68 80.51
47.53 80.504
48.4 80.5
49.28 80.493
50.18 80.487
51.09 80.48
52.02 80.472
52.97 80.463
53.93 80.453
54.91 80.443
55.91 80.431
56.93 80.418
57.97 80.405
59.02 80.39
60.09 80.375
61.19 80.358
62.3 80.34
63.44 80.322
64.59 80.301
65.77 80.28
66.96 80.258
68.18 80.234
69.42 80.209
70.69 80.184
71.97 80.157
73.28 80.129
74.62 80.1
75.97 80.07
77.36 80.038
78.76 80.006
80.2 79.972
81.66 79.938
83.14 79.902
84.66 79.866
86.2 79.828
87.77 79.789
89.36 79.749
90.99 79.709
92.65 79.667
94.33 79.625
96.05 79.581
97.8 79.536
99.58 79.491
101.39 79.445
103.23 79.397
105.11 79.349
107.03 79.299
108.97 79.248
110.96 79.196
112.98 79.142
115.03 79.088
117.13 79.032
119.26 78.974
121.43 78.916
123.64 78.857
125.89 78.797
128.18 78.736
130.51 78.673
132.89 78.609
135.31 78.543
137.77 78.476
140.28 78.406
142.83 78.336
145.43 78.263
148.07 78.19
150.77 78.116
153.51 78.039
156.31 77.963
159.15 77.886
162.05 77.808
165 77.73
168 77.652
171.06 77.575
174.17 77.497
177.34 77.421
180.57 77.345
183.86 77.27
187.2 77.196
190.61 77.123
194.08 77.05
197.61 76.977
201.21 76.905
204.87 76.832
208.6 76.76
212.39 76.687
216.26 76.616
220.19 76.544
224.2 76.473
228.28 76.404
232.44 76.336
236.67 76.271
240.97 76.208
245.36 76.147
249.82 76.089
254.37 76.034
259 75.981
263.71 75.93
268.51 75.882
273.4 75.835
278.38 75.791
283.44 75.749
288.6 75.708
293.85 75.67
299.2 75.634
304.65 75.599
310.19 75.566
315.84 75.535
321.59 75.505
327.44 75.476
333.4 75.448
339.47 75.422
345.64 75.396
351.93 75.372
358.34 75.349
364.86 75.327
371.5 75.306
378.26 75.286
385.15 75.266
392.16 75.247
399.29 75.227
406.56 75.209
413.96 75.189
421.49 75.171
429.16 75.151
436.97 75.132
444.93 75.112
453.02 75.091
461.27 75.07
469.66 75.048
478.21 75.025
486.91 75.001
495.78 74.977
504.8 74.951
513.99 74.925
523.34 74.898
532.87 74.87
542.56 74.84
552.44 74.811
562.49 74.78
572.73 74.749
583.15 74.717
593.77 74.685
604.57 74.652
615.57 74.62
626.78 74.588
638.18 74.558
649.8 74.528
661.63 74.5
673.67 74.475
685.93 74.452
698.41 74.431
711.12 74.414
724.06 74.401
737.24 74.392
750.66 74.386
764.32 74.384
778.23 74.387
792.39 74.393
806.82 74.405
821.5 74.42
836.45 74.441
851.67 74.467
867.17 74.499
882.96 74.538
899.02 74.582
915.39 74.634
932.05 74.695
949.01 74.762
966.28 74.837
983.87 74.92
1001.77 75.009
1020 75.102
1038.57 75.2
1057.47 75.302
1076.71 75.407
1096.31 75.515
1116.26 75.625
1136.58 75.737
1157.26 75.851
1178.32 75.965
1199.77 76.08
1221.6 76.196
1243.84 76.312
1266.47 76.429
1289.52 76.546
1312.99 76.665
1336.89 76.784
1361.22 76.906
1385.99 77.031
1411.22 77.162
1436.9 77.296
1463.05 77.436
1489.68 77.582
1516.79 77.735
1544.4 77.897
1572.5 78.068
1601.12 78.248
1630.26 78.437
1659.93 78.635
1690.14 78.843
1720.9 79.063
1752.22 79.294
1784.11 79.537
1816.58 79.79
1849.64 80.054
1883.3 80.327
1917.58 80.607
1952.48 80.892
1988.01 81.181
2024.19 81.47
2061.03 81.758
2098.54 82.039
2136.73 82.309
2175.62 82.559
2215.22 82.785
2255.53 82.981
2296.58 83.143
2338.38 83.267
2380.94 83.352
2424.27 83.396
2468.39 83.401
2513.31 83.368
2559.05 83.303
2605.63 83.211
2653.05 83.099
2701.33 82.972
2750.5 82.837
2800.55 82.697
2851.52 82.558
2903.42 82.421
2956.26 82.29
3010.06 82.164
3064.85 82.046
3120.62 81.938
3177.42 81.845
3235.25 81.771
3294.13 81.722
3354.08 81.703
3415.12 81.72
3477.27 81.778
3540.56 81.876
3605 82.009
3670.6 82.171
3737.41 82.349
3805.43 82.527
3874.68 82.689
3945.2 82.816
4017 82.886
4090.11 82.883
4164.55 82.789
4240.34 82.591
4317.51 82.28
4396.09 81.856
4476.1 81.325
4557.56 80.705
4640.5 80.022
4724.96 79.316
4810.95 78.63
4898.51 78.014
4987.66 77.518
5078.43 77.19
5170.86 77.062
5264.97 77.149
5360.79 77.444
5458.35 77.919
5557.69 78.531
5658.84 79.233
5761.82 79.985
5866.69 80.76
5973.46 81.544
6082.17 82.33
6192.87 83.11
6305.57 83.867
6420.33 84.565
6537.18 85.153
6656.15 85.568
6777.29 85.745
6900.63 85.642
7026.22 85.242
7154.1 84.571
7284.3 83.682
7416.87 82.657
7551.85 81.576
7689.29 80.522
7829.23 79.559
7971.72 78.738
8116.8 78.095
8264.53 77.646
8414.94 77.405
8568.09 77.361
8724.02 77.488
8882.79 77.736
9044.46 78.035
9209.06 78.301
9376.66 78.445
9547.31 78.391
9721.07 78.084
9897.99 77.507
10078.13 76.675
10261.55 75.632
10448.3 74.438
10638.45 73.151
10832.07 71.827
11029.21 70.509
11229.94 69.232
11434.32 68.021
11642.41 66.898
11854.3 65.878
12070.04 64.976
12289.71 64.202
12513.38 63.568
12741.12 63.085
12973 62.757
13209.1 62.583
13449.5 62.557
13694.28 62.671
13943.51 62.913
14197.27 63.259
14455.66 63.678
14718.74 64.105
14986.62 64.438
15259.37 64.536
15537.08 64.236
15819.85 63.395
16107.76 61.951
16400.92 59.957
16699.41 57.59
17003.33 55.108
17312.78 52.782
17627.86 50.823
17948.68 49.305
18275.34 48.148
18607.94 47.164
18946.6 46.155
19291.42 45.009
19642.52 43.733
20000 42.405