20 86.896
20.36 86.899
20.73 86.901
21.11 86.902
21.5 86.904
21.89 86.906
22.29 86.907
22.69 86.908
23.1 86.909
23.52 86.909
23.95 86.909
24.39 86.908
24.83 86.907
25.28 86.905
25.74 86.902
26.21 86.899
26.69 86.895
27.18 86.89
27.67 86.884
28.17 86.877
28.69 86.869
29.21 86.86
29.74 86.85
30.28 86.839
30.83 86.826
31.39 86.812
31.97 86.797
32.55 86.78
33.14 86.762
33.74 86.743
34.36 86.722
34.98 86.7
35.62 86.676
36.27 86.65
36.93 86.624
37.6 86.596
38.28 86.567
38.98 86.537
39.69 86.505
40.41 86.472
41.15 86.439
41.9 86.403
42.66 86.367
43.44 86.33
44.23 86.291
45.03 86.252
45.85 86.211
46.68 86.17
47.53 86.127
48.4 86.083
49.28 86.039
50.18 85.993
51.09 85.946
52.02 85.898
52.97 85.85
53.93 85.799
54.91 85.747
55.91 85.695
56.93 85.641
57.97 85.586
59.02 85.529
60.09 85.471
61.19 85.412
62.3 85.352
63.44 85.29
64.59 85.227
65.77 85.162
66.96 85.097
68.18 85.03
69.42 84.961
70.69 84.891
71.97 84.819
73.28 84.747
74.62 84.673
75.97 84.597
77.36 84.521
78.76 84.443
80.2 84.365
81.66 84.285
83.14 84.205
84.66 84.124
86.2 84.042
87.77 83.959
89.36 83.876
90.99 83.792
92.65 83.707
94.33 83.622
96.05 83.536
97.8 83.448
99.58 83.36
101.39 83.272
103.23 83.183
105.11 83.092
107.03 83.001
108.97 82.909
110.96 82.816
112.98 82.722
115.03 82.627
117.13 82.531
119.26 82.435
121.43 82.339
123.64 82.242
125.89 82.146
128.18 82.049
130.51 81.951
132.89 81.853
135.31 81.754
137.77 81.653
140.28 81.551
142.83 81.447
145.43 81.341
148.07 81.235
150.77 81.127
153.51 81.018
156.31 80.908
159.15 80.798
162.05 80.687
165 80.577
168 80.466
171.06 80.357
174.17 80.247
177.34 80.139
180.57 80.032
183.86 79.925
187.2 79.82
190.61 79.715
194.08 79.611
197.61 79.507
201.21 79.402
204.87 79.296
208.6 79.189
212.39 79.08
216.26 78.97
220.19 78.86
224.2 78.749
228.28 78.638
232.44 78.528
236.67 78.419
240.97 78.311
245.36 78.205
249.82 78.1
254.37 77.997
259 77.895
263.71 77.793
268.51 77.692
273.4 77.591
278.38 77.491
283.44 77.392
288.6 77.293
293.85 77.195
299.2 77.099
304.65 77.003
310.19 76.908
315.84 76.813
321.59 76.717
327.44 76.622
333.4 76.526
339.47 76.432
345.64 76.338
351.93 76.245
358.34 76.154
364.86 76.065
371.5 75.977
378.26 75.892
385.15 75.808
392.16 75.725
399.29 75.644
406.56 75.565
413.96 75.487
421.49 75.41
429.16 75.335
436.97 75.262
444.93 75.19
453.02 75.119
461.27 75.049
469.66 74.98
478.21 74.912
486.91 74.845
495.78 74.78
504.8 74.716
513.99 74.654
523.34 74.594
532.87 74.536
542.56 74.48
552.44 74.427
562.49 74.375
572.73 74.326
583.15 74.28
593.77 74.235
604.57 74.192
615.57 74.151
626.78 74.112
638.18 74.074
649.8 74.036
661.63 73.997
673.67 73.957
685.93 73.915
698.41 73.874
711.12 73.836
724.06 73.804
737.24 73.783
750.66 73.775
764.32 73.783
778.23 73.808
792.39 73.85
806.82 73.908
821.5 73.979
836.45 74.061
851.67 74.15
867.17 74.243
882.96 74.339
899.02 74.435
915.39 74.53
932.05 74.624
949.01 74.718
966.28 74.813
983.87 74.909
1001.77 75.01
1020 75.116
1038.57 75.229
1057.47 75.352
1076.71 75.484
1096.31 75.626
1116.26 75.777
1136.58 75.937
1157.26 76.103
1178.32 76.274
1199.77 76.45
1221.6 76.628
1243.84 76.808
1266.47 76.99
1289.52 77.172
1312.99 77.355
1336.89 77.538
1361.22 77.723
1385.99 77.912
1411.22 78.105
1436.9 78.301
1463.05 78.501
1489.68 78.706
1516.79 78.916
1544.4 79.132
1572.5 79.356
1601.12 79.585
1630.26 79.818
1659.93 80.057
1690.14 80.301
1720.9 80.552
1752.22 80.807
1784.11 81.068
1816.58 81.333
1849.64 81.6
1883.3 81.868
1917.58 82.135
1952.48 82.398
1988.01 82.656
2024.19 82.906
2061.03 83.146
2098.54 83.372
2136.73 83.582
2175.62 83.769
2215.22 83.931
2255.53 84.065
2296.58 84.168
2338.38 84.239
2380.94 84.277
2424.27 84.282
2468.39 84.254
2513.31 84.196
2559.05 84.108
2605.63 83.994
2653.05 83.859
2701.33 83.705
2750.5 83.536
2800.55 83.357
2851.52 83.171
2903.42 82.98
2956.26 82.791
3010.06 82.606
3064.85 82.43
3120.62 82.269
3177.42 82.128
3235.25 82.011
3294.13 81.924
3354.08 81.867
3415.12 81.843
3477.27 81.846
3540.56 81.869
3605 81.902
3670.6 81.931
3737.41 81.943
3805.43 81.93
3874.68 81.891
3945.2 81.835
4017 81.782
4090.11 81.758
4164.55 81.789
4240.34 81.891
4317.51 82.068
4396.09 82.309
4476.1 82.588
4557.56 82.87
4640.5 83.115
4724.96 83.284
4810.95 83.349
4898.51 83.292
4987.66 83.11
5078.43 82.812
5170.86 82.419
5264.97 81.957
5360.79 81.462
5458.35 80.972
5557.69 80.527
5658.84 80.165
5761.82 79.925
5866.69 79.833
5973.46 79.903
6082.17 80.126
6192.87 80.463
6305.57 80.842
6420.33 81.174
6537.18 81.369
6656.15 81.376
6777.29 81.203
6900.63 80.925
7026.22 80.66
7154.1 80.531
7284.3 80.622
7416.87 80.94
7551.85 81.412
7689.29 81.885
7829.23 82.173
7971.72 82.107
8116.8 81.578
8264.53 80.571
8414.94 79.158
8568.09 77.475
8724.02 75.681
8882.79 73.919
9044.46 72.293
9209.06 70.871
9376.66 69.684
9547.31 68.741
9721.07 68.039
9897.99 67.576
10078.13 67.348
10261.55 67.356
10448.3 67.599
10638.45 68.071
10832.07 68.757
11029.21 69.623
11229.94 70.611
11434.32 71.637
11642.41 72.597
11854.3 73.38
12070.04 73.891
12289.71 74.072
12513.38 73.919
12741.12 73.477
12973 72.834
13209.1 72.107
13449.5 71.414
13694.28 70.869
13943.51 70.569
14197.27 70.573
14455.66 70.895
14718.74 71.487
14986.62 72.235
15259.37 72.972
15537.08 73.526
15819.85 73.772
16107.76 73.664
16400.92 73.232
16699.41 72.572
17003.33 71.814
17312.78 71.076
17627.86 70.39
17948.68 69.671
18275.34 68.746
18607.94 67.447
18946.6 65.697
19291.42 63.55
19642.52 61.159
20000 58.687