20 78.228
20.36 78.241
20.73 78.254
21.11 78.268
21.5 78.281
21.89 78.294
22.29 78.307
22.69 78.32
23.1 78.333
23.52 78.346
23.95 78.359
24.39 78.371
24.83 78.384
25.28 78.396
25.74 78.408
26.21 78.421
26.69 78.433
27.18 78.444
27.67 78.455
28.17 78.467
28.69 78.478
29.21 78.488
29.74 78.498
30.28 78.509
30.83 78.518
31.39 78.528
31.97 78.537
32.55 78.546
33.14 78.555
33.74 78.563
34.36 78.57
34.98 78.578
35.62 78.585
36.27 78.592
36.93 78.599
37.6 78.605
38.28 78.611
38.98 78.616
39.69 78.622
40.41 78.627
41.15 78.631
41.9 78.636
42.66 78.64
43.44 78.644
44.23 78.648
45.03 78.651
45.85 78.655
46.68 78.657
47.53 78.66
48.4 78.662
49.28 78.665
50.18 78.667
51.09 78.669
52.02 78.671
52.97 78.672
53.93 78.674
54.91 78.675
55.91 78.677
56.93 78.678
57.97 78.679
59.02 78.68
60.09 78.681
61.19 78.682
62.3 78.683
63.44 78.683
64.59 78.683
65.77 78.683
66.96 78.683
68.18 78.682
69.42 78.681
70.69 78.679
71.97 78.676
73.28 78.673
74.62 78.669
75.97 78.665
77.36 78.66
78.76 78.655
80.2 78.649
81.66 78.643
83.14 78.637
84.66 78.63
86.2 78.622
87.77 78.615
89.36 78.607
90.99 78.599
92.65 78.59
94.33 78.582
96.05 78.572
97.8 78.563
99.58 78.553
101.39 78.543
103.23 78.533
105.11 78.523
107.03 78.512
108.97 78.501
110.96 78.49
112.98 78.479
115.03 78.467
117.13 78.455
119.26 78.443
121.43 78.43
123.64 78.416
125.89 78.401
128.18 78.386
130.51 78.369
132.89 78.351
135.31 78.333
137.77 78.314
140.28 78.293
142.83 78.272
145.43 78.249
148.07 78.225
150.77 78.201
153.51 78.175
156.31 78.149
159.15 78.122
162.05 78.095
165 78.067
168 78.041
171.06 78.013
174.17 77.986
177.34 77.958
180.57 77.93
183.86 77.902
187.2 77.873
190.61 77.843
194.08 77.813
197.61 77.782
201.21 77.75
204.87 77.716
208.6 77.682
212.39 77.646
216.26 77.608
220.19 77.57
224.2 77.531
228.28 77.49
232.44 77.45
236.67 77.409
240.97 77.367
245.36 77.326
249.82 77.285
254.37 77.244
259 77.202
263.71 77.16
268.51 77.116
273.4 77.073
278.38 77.028
283.44 76.983
288.6 76.937
293.85 76.89
299.2 76.842
304.65 76.793
310.19 76.742
315.84 76.69
321.59 76.637
327.44 76.583
333.4 76.527
339.47 76.47
345.64 76.413
351.93 76.355
358.34 76.297
364.86 76.239
371.5 76.181
378.26 76.123
385.15 76.064
392.16 76.004
399.29 75.943
406.56 75.882
413.96 75.819
421.49 75.755
429.16 75.69
436.97 75.622
444.93 75.55
453.02 75.475
461.27 75.395
469.66 75.309
478.21 75.218
486.91 75.122
495.78 75.019
504.8 74.911
513.99 74.8
523.34 74.686
532.87 74.573
542.56 74.463
552.44 74.361
562.49 74.269
572.73 74.189
583.15 74.123
593.77 74.072
604.57 74.036
615.57 74.013
626.78 74.002
638.18 73.999
649.8 74.004
661.63 74.013
673.67 74.025
685.93 74.039
698.41 74.053
711.12 74.067
724.06 74.082
737.24 74.098
750.66 74.114
764.32 74.132
778.23 74.153
792.39 74.176
806.82 74.204
821.5 74.235
836.45 74.272
851.67 74.315
867.17 74.363
882.96 74.419
899.02 74.481
915.39 74.551
932.05 74.629
949.01 74.715
966.28 74.807
983.87 74.906
1001.77 75.01
1020 75.117
1038.57 75.226
1057.47 75.337
1076.71 75.447
1096.31 75.558
1116.26 75.666
1136.58 75.773
1157.26 75.876
1178.32 75.976
1199.77 76.072
1221.6 76.163
1243.84 76.25
1266.47 76.332
1289.52 76.41
1312.99 76.483
1336.89 76.551
1361.22 76.615
1385.99 76.677
1411.22 76.736
1436.9 76.792
1463.05 76.847
1489.68 76.9
1516.79 76.953
1544.4 77.005
1572.5 77.058
1601.12 77.109
1630.26 77.16
1659.93 77.209
1690.14 77.256
1720.9 77.303
1752.22 77.346
1784.11 77.388
1816.58 77.427
1849.64 77.464
1883.3 77.497
1917.58 77.528
1952.48 77.554
1988.01 77.578
2024.19 77.597
2061.03 77.613
2098.54 77.625
2136.73 77.634
2175.62 77.64
2215.22 77.643
2255.53 77.643
2296.58 77.643
2338.38 77.642
2380.94 77.644
2424.27 77.648
2468.39 77.656
2513.31 77.67
2559.05 77.691
2605.63 77.721
2653.05 77.758
2701.33 77.804
2750.5 77.856
2800.55 77.914
2851.52 77.973
2903.42 78.032
2956.26 78.085
3010.06 78.129
3064.85 78.159
3120.62 78.175
3177.42 78.175
3235.25 78.162
3294.13 78.139
3354.08 78.112
3415.12 78.086
3477.27 78.067
3540.56 78.059
3605 78.063
3670.6 78.077
3737.41 78.096
3805.43 78.115
3874.68 78.121
3945.2 78.106
4017 78.058
4090.11 77.968
4164.55 77.831
4240.34 77.642
4317.51 77.407
4396.09 77.133
4476.1 76.834
4557.56 76.526
4640.5 76.227
4724.96 75.951
4810.95 75.71
4898.51 75.508
4987.66 75.346
5078.43 75.222
5170.86 75.134
5264.97 75.081
5360.79 75.064
5458.35 75.093
5557.69 75.177
5658.84 75.332
5761.82 75.561
5866.69 75.861
5973.46 76.21
6082.17 76.575
6192.87 76.912
6305.57 77.181
6420.33 77.352
6537.18 77.418
6656.15 77.391
6777.29 77.307
6900.63 77.213
7026.22 77.156
7154.1 77.173
7284.3 77.278
7416.87 77.463
7551.85 77.694
7689.29 77.917
7829.23 78.074
7971.72 78.111
8116.8 77.991
8264.53 77.709
8414.94 77.289
8568.09 76.781
8724.02 76.247
8882.79 75.747
9044.46 75.319
9209.06 74.978
9376.66 74.705
9547.31 74.459
9721.07 74.19
9897.99 73.861
10078.13 73.467
10261.55 73.044
10448.3 72.652
10638.45 72.356
10832.07 72.194
11029.21 72.165
11229.94 72.235
11434.32 72.351
11642.41 72.464
11854.3 72.55
12070.04 72.615
12289.71 72.681
12513.38 72.766
12741.12 72.859
12973 72.905
13209.1 72.813
13449.5 72.476
13694.28 71.81
13943.51 70.795
14197.27 69.49
14455.66 68.021
14718.74 66.545
14986.62 65.213
15259.37 64.143
15537.08 63.412
15819.85 63.058
16107.76 63.075
16400.92 63.391
16699.41 63.856
17003.33 64.265
17312.78 64.397
17627.86 64.077
17948.68 63.214
18275.34 61.807
18607.94 59.92
18946.6 57.657
19291.42 55.132
19642.52 52.463
20000 49.749