20 82.675
20.36 82.703
20.73 82.732
21.11 82.76
21.5 82.788
21.89 82.815
22.29 82.843
22.69 82.869
23.1 82.896
23.52 82.922
23.95 82.947
24.39 82.972
24.83 82.995
25.28 83.018
25.74 83.04
26.21 83.06
26.69 83.081
27.18 83.098
27.67 83.116
28.17 83.132
28.69 83.146
29.21 83.159
29.74 83.172
30.28 83.181
30.83 83.189
31.39 83.196
31.97 83.201
32.55 83.203
33.14 83.204
33.74 83.202
34.36 83.199
34.98 83.194
35.62 83.186
36.27 83.177
36.93 83.167
37.6 83.154
38.28 83.139
38.98 83.123
39.69 83.105
40.41 83.085
41.15 83.063
41.9 83.04
42.66 83.016
43.44 82.989
44.23 82.962
45.03 82.932
45.85 82.902
46.68 82.87
47.53 82.836
48.4 82.802
49.28 82.766
50.18 82.728
51.09 82.689
52.02 82.649
52.97 82.607
53.93 82.565
54.91 82.521
55.91 82.476
56.93 82.43
57.97 82.383
59.02 82.334
60.09 82.285
61.19 82.235
62.3 82.183
63.44 82.13
64.59 82.076
65.77 82.02
66.96 81.963
68.18 81.905
69.42 81.844
70.69 81.783
71.97 81.72
73.28 81.656
74.62 81.589
75.97 81.522
77.36 81.453
78.76 81.383
80.2 81.311
81.66 81.239
83.14 81.166
84.66 81.092
86.2 81.018
87.77 80.942
89.36 80.866
90.99 80.79
92.65 80.713
94.33 80.635
96.05 80.557
97.8 80.478
99.58 80.399
101.39 80.32
103.23 80.239
105.11 80.158
107.03 80.076
108.97 79.994
110.96 79.911
112.98 79.827
115.03 79.742
117.13 79.657
119.26 79.571
121.43 79.486
123.64 79.4
125.89 79.315
128.18 79.229
130.51 79.143
132.89 79.056
135.31 78.969
137.77 78.88
140.28 78.79
142.83 78.699
145.43 78.607
148.07 78.514
150.77 78.42
153.51 78.325
156.31 78.23
159.15 78.135
162.05 78.041
165 77.946
168 77.853
171.06 77.76
174.17 77.669
177.34 77.579
180.57 77.49
183.86 77.403
187.2 77.317
190.61 77.232
194.08 77.149
197.61 77.065
201.21 76.982
204.87 76.899
208.6 76.815
212.39 76.731
216.26 76.646
220.19 76.561
224.2 76.476
228.28 76.39
232.44 76.306
236.67 76.222
240.97 76.139
245.36 76.058
249.82 75.978
254.37 75.898
259 75.821
263.71 75.743
268.51 75.666
273.4 75.59
278.38 75.514
283.44 75.439
288.6 75.364
293.85 75.291
299.2 75.219
304.65 75.148
310.19 75.077
315.84 75.008
321.59 74.94
327.44 74.871
333.4 74.805
339.47 74.739
345.64 74.674
351.93 74.611
358.34 74.55
364.86 74.491
371.5 74.434
378.26 74.378
385.15 74.323
392.16 74.271
399.29 74.22
406.56 74.17
413.96 74.123
421.49 74.078
429.16 74.035
436.97 73.993
444.93 73.955
453.02 73.918
461.27 73.883
469.66 73.85
478.21 73.819
486.91 73.789
495.78 73.761
504.8 73.734
513.99 73.709
523.34 73.684
532.87 73.661
542.56 73.639
552.44 73.618
562.49 73.599
572.73 73.581
583.15 73.564
593.77 73.55
604.57 73.538
615.57 73.528
626.78 73.521
638.18 73.517
649.8 73.515
661.63 73.517
673.67 73.523
685.93 73.531
698.41 73.544
711.12 73.56
724.06 73.58
737.24 73.604
750.66 73.633
764.32 73.666
778.23 73.704
792.39 73.748
806.82 73.798
821.5 73.856
836.45 73.92
851.67 73.993
867.17 74.073
882.96 74.161
899.02 74.257
915.39 74.362
932.05 74.477
949.01 74.599
966.28 74.731
983.87 74.87
1001.77 75.014
1020 75.162
1038.57 75.314
1057.47 75.466
1076.71 75.62
1096.31 75.776
1116.26 75.932
1136.58 76.089
1157.26 76.247
1178.32 76.406
1199.77 76.566
1221.6 76.727
1243.84 76.886
1266.47 77.045
1289.52 77.202
1312.99 77.358
1336.89 77.51
1361.22 77.662
1385.99 77.814
1411.22 77.967
1436.9 78.122
1463.05 78.278
1489.68 78.436
1516.79 78.6
1544.4 78.768
1572.5 78.942
1601.12 79.122
1630.26 79.306
1659.93 79.496
1690.14 79.693
1720.9 79.897
1752.22 80.108
1784.11 80.326
1816.58 80.552
1849.64 80.785
1883.3 81.026
1917.58 81.272
1952.48 81.523
1988.01 81.781
2024.19 82.044
2061.03 82.313
2098.54 82.584
2136.73 82.858
2175.62 83.13
2215.22 83.397
2255.53 83.657
2296.58 83.907
2338.38 84.146
2380.94 84.37
2424.27 84.574
2468.39 84.756
2513.31 84.913
2559.05 85.042
2605.63 85.142
2653.05 85.21
2701.33 85.249
2750.5 85.256
2800.55 85.234
2851.52 85.184
2903.42 85.11
2956.26 85.014
3010.06 84.901
3064.85 84.773
3120.62 84.635
3177.42 84.493
3235.25 84.348
3294.13 84.205
3354.08 84.067
3415.12 83.938
3477.27 83.819
3540.56 83.713
3605 83.62
3670.6 83.541
3737.41 83.474
3805.43 83.419
3874.68 83.373
3945.2 83.335
4017 83.302
4090.11 83.276
4164.55 83.255
4240.34 83.239
4317.51 83.226
4396.09 83.211
4476.1 83.187
4557.56 83.142
4640.5 83.069
4724.96 82.957
4810.95 82.804
4898.51 82.605
4987.66 82.363
5078.43 82.078
5170.86 81.756
5264.97 81.403
5360.79 81.024
5458.35 80.626
5557.69 80.216
5658.84 79.8
5761.82 79.384
5866.69 78.98
5973.46 78.601
6082.17 78.266
6192.87 77.994
6305.57 77.807
6420.33 77.719
6537.18 77.732
6656.15 77.845
6777.29 78.042
6900.63 78.304
7026.22 78.608
7154.1 78.932
7284.3 79.257
7416.87 79.562
7551.85 79.826
7689.29 80.02
7829.23 80.108
7971.72 80.051
8116.8 79.809
8264.53 79.355
8414.94 78.683
8568.09 77.819
8724.02 76.827
8882.79 75.794
9044.46 74.826
9209.06 74.016
9376.66 73.437
9547.31 73.108
9721.07 72.997
9897.99 73.025
10078.13 73.094
10261.55 73.125
10448.3 73.078
10638.45 72.959
10832.07 72.818
11029.21 72.726
11229.94 72.764
11434.32 73.009
11642.41 73.517
11854.3 74.312
12070.04 75.375
12289.71 76.635
12513.38 77.959
12741.12 79.163
12973 80.038
13209.1 80.392
13449.5 80.101
13694.28 79.163
13943.51 77.702
14197.27 75.938
14455.66 74.134
14718.74 72.535
14986.62 71.326
15259.37 70.601
15537.08 70.354
15819.85 70.473
16107.76 70.754
16400.92 70.941
16699.41 70.785
17003.33 70.109
17312.78 68.849
17627.86 67.047
17948.68 64.811
18275.34 62.267
18607.94 59.522
18946.6 56.651
19291.42 53.704
19642.52 50.719
20000 47.723