20 85.875
20.36 85.874
20.73 85.873
21.11 85.872
21.5 85.87
21.89 85.868
22.29 85.865
22.69 85.863
23.1 85.86
23.52 85.857
23.95 85.853
24.39 85.848
24.83 85.843
25.28 85.837
25.74 85.831
26.21 85.824
26.69 85.815
27.18 85.806
27.67 85.796
28.17 85.785
28.69 85.772
29.21 85.759
29.74 85.745
30.28 85.729
30.83 85.711
31.39 85.693
31.97 85.672
32.55 85.652
33.14 85.628
33.74 85.603
34.36 85.577
34.98 85.549
35.62 85.52
36.27 85.489
36.93 85.457
37.6 85.423
38.28 85.389
38.98 85.353
39.69 85.317
40.41 85.278
41.15 85.239
41.9 85.199
42.66 85.158
43.44 85.116
44.23 85.073
45.03 85.029
45.85 84.985
46.68 84.94
47.53 84.893
48.4 84.847
49.28 84.799
50.18 84.751
51.09 84.701
52.02 84.651
52.97 84.6
53.93 84.546
54.91 84.493
55.91 84.438
56.93 84.382
57.97 84.325
59.02 84.267
60.09 84.207
61.19 84.146
62.3 84.083
63.44 84.019
64.59 83.954
65.77 83.888
66.96 83.82
68.18 83.751
69.42 83.68
70.69 83.608
71.97 83.535
73.28 83.461
74.62 83.386
75.97 83.308
77.36 83.231
78.76 83.152
80.2 83.072
81.66 82.991
83.14 82.911
84.66 82.829
86.2 82.747
87.77 82.664
89.36 82.581
90.99 82.497
92.65 82.413
94.33 82.328
96.05 82.243
97.8 82.158
99.58 82.072
101.39 81.986
103.23 81.899
105.11 81.811
107.03 81.722
108.97 81.633
110.96 81.544
112.98 81.453
115.03 81.362
117.13 81.269
119.26 81.177
121.43 81.084
123.64 80.991
125.89 80.896
128.18 80.803
130.51 80.708
132.89 80.613
135.31 80.517
137.77 80.421
140.28 80.323
142.83 80.225
145.43 80.127
148.07 80.028
150.77 79.931
153.51 79.833
156.31 79.735
159.15 79.637
162.05 79.54
165 79.443
168 79.345
171.06 79.249
174.17 79.153
177.34 79.06
180.57 78.968
183.86 78.877
187.2 78.788
190.61 78.7
194.08 78.613
197.61 78.525
201.21 78.437
204.87 78.346
208.6 78.254
212.39 78.16
216.26 78.065
220.19 77.969
224.2 77.873
228.28 77.778
232.44 77.684
236.67 77.591
240.97 77.501
245.36 77.411
249.82 77.325
254.37 77.24
259 77.156
263.71 77.073
268.51 76.991
273.4 76.91
278.38 76.83
283.44 76.75
288.6 76.671
293.85 76.593
299.2 76.516
304.65 76.44
310.19 76.365
315.84 76.289
321.59 76.214
327.44 76.14
333.4 76.066
339.47 75.992
345.64 75.92
351.93 75.849
358.34 75.78
364.86 75.712
371.5 75.645
378.26 75.581
385.15 75.517
392.16 75.456
399.29 75.394
406.56 75.335
413.96 75.278
421.49 75.221
429.16 75.166
436.97 75.112
444.93 75.06
453.02 75.008
461.27 74.957
469.66 74.906
478.21 74.857
486.91 74.809
495.78 74.762
504.8 74.716
513.99 74.673
523.34 74.629
532.87 74.588
542.56 74.549
552.44 74.511
562.49 74.475
572.73 74.441
583.15 74.408
593.77 74.377
604.57 74.347
615.57 74.32
626.78 74.295
638.18 74.271
649.8 74.251
661.63 74.232
673.67 74.216
685.93 74.202
698.41 74.191
711.12 74.183
724.06 74.179
737.24 74.177
750.66 74.179
764.32 74.185
778.23 74.194
792.39 74.209
806.82 74.228
821.5 74.253
836.45 74.283
851.67 74.32
867.17 74.365
882.96 74.417
899.02 74.476
915.39 74.544
932.05 74.621
949.01 74.707
966.28 74.801
983.87 74.903
1001.77 75.011
1020 75.123
1038.57 75.24
1057.47 75.36
1076.71 75.483
1096.31 75.609
1116.26 75.735
1136.58 75.862
1157.26 75.989
1178.32 76.117
1199.77 76.243
1221.6 76.369
1243.84 76.493
1266.47 76.615
1289.52 76.736
1312.99 76.854
1336.89 76.969
1361.22 77.08
1385.99 77.189
1411.22 77.294
1436.9 77.396
1463.05 77.494
1489.68 77.587
1516.79 77.678
1544.4 77.767
1572.5 77.856
1601.12 77.944
1630.26 78.032
1659.93 78.121
1690.14 78.211
1720.9 78.304
1752.22 78.401
1784.11 78.5
1816.58 78.603
1849.64 78.711
1883.3 78.822
1917.58 78.937
1952.48 79.057
1988.01 79.182
2024.19 79.313
2061.03 79.449
2098.54 79.59
2136.73 79.737
2175.62 79.887
2215.22 80.041
2255.53 80.198
2296.58 80.359
2338.38 80.524
2380.94 80.691
2424.27 80.861
2468.39 81.032
2513.31 81.204
2559.05 81.376
2605.63 81.548
2653.05 81.718
2701.33 81.885
2750.5 82.048
2800.55 82.206
2851.52 82.356
2903.42 82.499
2956.26 82.633
3010.06 82.754
3064.85 82.862
3120.62 82.954
3177.42 83.028
3235.25 83.081
3294.13 83.115
3354.08 83.127
3415.12 83.115
3477.27 83.081
3540.56 83.023
3605 82.943
3670.6 82.839
3737.41 82.715
3805.43 82.571
3874.68 82.408
3945.2 82.228
4017 82.032
4090.11 81.823
4164.55 81.603
4240.34 81.373
4317.51 81.135
4396.09 80.893
4476.1 80.647
4557.56 80.399
4640.5 80.151
4724.96 79.906
4810.95 79.663
4898.51 79.427
4987.66 79.198
5078.43 78.979
5170.86 78.773
5264.97 78.582
5360.79 78.408
5458.35 78.256
5557.69 78.124
5658.84 78.018
5761.82 77.94
5866.69 77.893
5973.46 77.883
6082.17 77.915
6192.87 77.996
6305.57 78.133
6420.33 78.33
6537.18 78.591
6656.15 78.917
6777.29 79.304
6900.63 79.738
7026.22 80.2
7154.1 80.659
7284.3 81.073
7416.87 81.394
7551.85 81.573
7689.29 81.565
7829.23 81.337
7971.72 80.872
8116.8 80.176
8264.53 79.275
8414.94 78.216
8568.09 77.062
8724.02 75.893
8882.79 74.792
9044.46 73.843
9209.06 73.119
9376.66 72.668
9547.31 72.502
9721.07 72.587
9897.99 72.849
10078.13 73.2
10261.55 73.576
10448.3 73.945
10638.45 74.311
10832.07 74.692
11029.21 75.1
11229.94 75.529
11434.32 75.945
11642.41 76.29
11854.3 76.497
12070.04 76.504
12289.71 76.277
12513.38 75.815
12741.12 75.153
12973 74.358
13209.1 73.508
13449.5 72.674
13694.28 71.912
13943.51 71.255
14197.27 70.704
14455.66 70.243
14718.74 69.839
14986.62 69.449
15259.37 69.031
15537.08 68.548
15819.85 67.976
16107.76 67.297
16400.92 66.489
16699.41 65.519
17003.33 64.337
17312.78 62.883
17627.86 61.091
17948.68 58.909
18275.34 56.317
18607.94 53.34
18946.6 50.054
19291.42 46.558
19642.52 42.952
20000 39.313