20 83.635
20.36 83.637
20.73 83.638
21.11 83.639
21.5 83.64
21.89 83.641
22.29 83.642
22.69 83.642
23.1 83.642
23.52 83.642
23.95 83.64
24.39 83.639
24.83 83.636
25.28 83.634
25.74 83.63
26.21 83.626
26.69 83.62
27.18 83.614
27.67 83.607
28.17 83.599
28.69 83.59
29.21 83.579
29.74 83.567
30.28 83.555
30.83 83.541
31.39 83.526
31.97 83.509
32.55 83.49
33.14 83.471
33.74 83.449
34.36 83.426
34.98 83.402
35.62 83.376
36.27 83.349
36.93 83.32
37.6 83.29
38.28 83.258
38.98 83.225
39.69 83.191
40.41 83.155
41.15 83.118
41.9 83.079
42.66 83.04
43.44 82.999
44.23 82.957
45.03 82.914
45.85 82.869
46.68 82.824
47.53 82.777
48.4 82.729
49.28 82.68
50.18 82.629
51.09 82.578
52.02 82.526
52.97 82.472
53.93 82.417
54.91 82.361
55.91 82.305
56.93 82.247
57.97 82.187
59.02 82.127
60.09 82.066
61.19 82.003
62.3 81.94
63.44 81.876
64.59 81.811
65.77 81.745
66.96 81.678
68.18 81.611
69.42 81.543
70.69 81.475
71.97 81.406
73.28 81.336
74.62 81.266
75.97 81.195
77.36 81.123
78.76 81.051
80.2 80.978
81.66 80.904
83.14 80.828
84.66 80.753
86.2 80.675
87.77 80.597
89.36 80.518
90.99 80.437
92.65 80.356
94.33 80.274
96.05 80.19
97.8 80.106
99.58 80.021
101.39 79.935
103.23 79.849
105.11 79.763
107.03 79.676
108.97 79.591
110.96 79.505
112.98 79.421
115.03 79.337
117.13 79.253
119.26 79.168
121.43 79.083
123.64 78.997
125.89 78.911
128.18 78.823
130.51 78.735
132.89 78.646
135.31 78.556
137.77 78.466
140.28 78.376
142.83 78.285
145.43 78.195
148.07 78.104
150.77 78.014
153.51 77.925
156.31 77.836
159.15 77.748
162.05 77.661
165 77.576
168 77.491
171.06 77.408
174.17 77.324
177.34 77.241
180.57 77.158
183.86 77.075
187.2 76.991
190.61 76.908
194.08 76.824
197.61 76.741
201.21 76.657
204.87 76.574
208.6 76.492
212.39 76.41
216.26 76.329
220.19 76.248
224.2 76.169
228.28 76.091
232.44 76.014
236.67 75.938
240.97 75.863
245.36 75.788
249.82 75.714
254.37 75.641
259 75.569
263.71 75.499
268.51 75.43
273.4 75.361
278.38 75.294
283.44 75.228
288.6 75.164
293.85 75.101
299.2 75.04
304.65 74.98
310.19 74.921
315.84 74.863
321.59 74.807
327.44 74.751
333.4 74.697
339.47 74.644
345.64 74.591
351.93 74.539
358.34 74.488
364.86 74.437
371.5 74.388
378.26 74.34
385.15 74.294
392.16 74.25
399.29 74.207
406.56 74.166
413.96 74.127
421.49 74.09
429.16 74.054
436.97 74.019
444.93 73.985
453.02 73.952
461.27 73.921
469.66 73.891
478.21 73.862
486.91 73.835
495.78 73.809
504.8 73.784
513.99 73.761
523.34 73.739
532.87 73.719
542.56 73.7
552.44 73.682
562.49 73.666
572.73 73.652
583.15 73.639
593.77 73.628
604.57 73.62
615.57 73.613
626.78 73.609
638.18 73.608
649.8 73.609
661.63 73.613
673.67 73.62
685.93 73.631
698.41 73.644
711.12 73.661
724.06 73.683
737.24 73.708
750.66 73.737
764.32 73.77
778.23 73.808
792.39 73.85
806.82 73.897
821.5 73.949
836.45 74.008
851.67 74.074
867.17 74.147
882.96 74.228
899.02 74.319
915.39 74.417
932.05 74.524
949.01 74.638
966.28 74.757
983.87 74.883
1001.77 75.013
1020 75.147
1038.57 75.286
1057.47 75.427
1076.71 75.571
1096.31 75.718
1116.26 75.867
1136.58 76.018
1157.26 76.17
1178.32 76.321
1199.77 76.474
1221.6 76.626
1243.84 76.779
1266.47 76.932
1289.52 77.086
1312.99 77.241
1336.89 77.396
1361.22 77.55
1385.99 77.701
1411.22 77.85
1436.9 77.996
1463.05 78.14
1489.68 78.282
1516.79 78.424
1544.4 78.569
1572.5 78.717
1601.12 78.87
1630.26 79.029
1659.93 79.193
1690.14 79.362
1720.9 79.536
1752.22 79.715
1784.11 79.899
1816.58 80.089
1849.64 80.283
1883.3 80.483
1917.58 80.689
1952.48 80.901
1988.01 81.119
2024.19 81.344
2061.03 81.574
2098.54 81.808
2136.73 82.046
2175.62 82.286
2215.22 82.527
2255.53 82.768
2296.58 83.008
2338.38 83.244
2380.94 83.475
2424.27 83.699
2468.39 83.912
2513.31 84.113
2559.05 84.3
2605.63 84.471
2653.05 84.624
2701.33 84.758
2750.5 84.872
2800.55 84.966
2851.52 85.037
2903.42 85.087
2956.26 85.116
3010.06 85.126
3064.85 85.117
3120.62 85.094
3177.42 85.056
3235.25 85.008
3294.13 84.953
3354.08 84.892
3415.12 84.829
3477.27 84.766
3540.56 84.706
3605 84.652
3670.6 84.606
3737.41 84.568
3805.43 84.539
3874.68 84.522
3945.2 84.515
4017 84.519
4090.11 84.535
4164.55 84.562
4240.34 84.599
4317.51 84.647
4396.09 84.703
4476.1 84.763
4557.56 84.824
4640.5 84.88
4724.96 84.926
4810.95 84.952
4898.51 84.953
4987.66 84.923
5078.43 84.854
5170.86 84.746
5264.97 84.595
5360.79 84.403
5458.35 84.171
5557.69 83.904
5658.84 83.607
5761.82 83.287
5866.69 82.955
5973.46 82.621
6082.17 82.298
6192.87 81.998
6305.57 81.736
6420.33 81.522
6537.18 81.369
6656.15 81.288
6777.29 81.29
6900.63 81.386
7026.22 81.582
7154.1 81.881
7284.3 82.276
7416.87 82.747
7551.85 83.258
7689.29 83.756
7829.23 84.172
7971.72 84.434
8116.8 84.472
8264.53 84.239
8414.94 83.718
8568.09 82.927
8724.02 81.918
8882.79 80.761
9044.46 79.531
9209.06 78.299
9376.66 77.12
9547.31 76.034
9721.07 75.063
9897.99 74.217
10078.13 73.5
10261.55 72.906
10448.3 72.43
10638.45 72.068
10832.07 71.82
11029.21 71.692
11229.94 71.693
11434.32 71.842
11642.41 72.155
11854.3 72.645
12070.04 73.313
12289.71 74.142
12513.38 75.081
12741.12 76.046
12973 76.922
13209.1 77.573
13449.5 77.878
13694.28 77.756
13943.51 77.2
14197.27 76.284
14455.66 75.149
14718.74 73.972
14986.62 72.926
15259.37 72.148
15537.08 71.705
15819.85 71.59
16107.76 71.719
16400.92 71.967
16699.41 72.198
17003.33 72.297
17312.78 72.185
17627.86 71.812
17948.68 71.152
18275.34 70.197
18607.94 68.962
18946.6 67.489
19291.42 65.854
19642.52 64.149
20000 62.44