20 80.562
20.36 80.615
20.73 80.666
21.11 80.718
21.5 80.77
21.89 80.821
22.29 80.872
22.69 80.922
23.1 80.973
23.52 81.023
23.95 81.071
24.39 81.119
24.83 81.167
25.28 81.213
25.74 81.259
26.21 81.304
26.69 81.348
27.18 81.39
27.67 81.431
28.17 81.471
28.69 81.51
29.21 81.546
29.74 81.583
30.28 81.617
30.83 81.649
31.39 81.68
31.97 81.709
32.55 81.736
33.14 81.761
33.74 81.784
34.36 81.806
34.98 81.825
35.62 81.843
36.27 81.859
36.93 81.872
37.6 81.885
38.28 81.896
38.98 81.905
39.69 81.912
40.41 81.918
41.15 81.923
41.9 81.926
42.66 81.927
43.44 81.928
44.23 81.926
45.03 81.924
45.85 81.92
46.68 81.916
47.53 81.909
48.4 81.902
49.28 81.893
50.18 81.884
51.09 81.873
52.02 81.86
52.97 81.847
53.93 81.833
54.91 81.816
55.91 81.799
56.93 81.78
57.97 81.76
59.02 81.739
60.09 81.717
61.19 81.693
62.3 81.668
63.44 81.641
64.59 81.613
65.77 81.584
66.96 81.553
68.18 81.522
69.42 81.488
70.69 81.453
71.97 81.417
73.28 81.38
74.62 81.341
75.97 81.3
77.36 81.259
78.76 81.216
80.2 81.172
81.66 81.127
83.14 81.082
84.66 81.034
86.2 80.986
87.77 80.937
89.36 80.887
90.99 80.836
92.65 80.784
94.33 80.731
96.05 80.677
97.8 80.622
99.58 80.566
101.39 80.51
103.23 80.452
105.11 80.393
107.03 80.333
108.97 80.272
110.96 80.21
112.98 80.147
115.03 80.083
117.13 80.018
119.26 79.951
121.43 79.885
123.64 79.818
125.89 79.75
128.18 79.682
130.51 79.612
132.89 79.542
135.31 79.47
137.77 79.397
140.28 79.322
142.83 79.246
145.43 79.169
148.07 79.091
150.77 79.011
153.51 78.93
156.31 78.849
159.15 78.766
162.05 78.684
165 78.601
168 78.518
171.06 78.435
174.17 78.353
177.34 78.271
180.57 78.19
183.86 78.11
187.2 78.029
190.61 77.95
194.08 77.87
197.61 77.789
201.21 77.708
204.87 77.627
208.6 77.543
212.39 77.459
216.26 77.374
220.19 77.287
224.2 77.2
228.28 77.114
232.44 77.027
236.67 76.942
240.97 76.857
245.36 76.773
249.82 76.691
254.37 76.609
259 76.529
263.71 76.449
268.51 76.369
273.4 76.289
278.38 76.21
283.44 76.131
288.6 76.054
293.85 75.976
299.2 75.899
304.65 75.823
310.19 75.747
315.84 75.671
321.59 75.596
327.44 75.521
333.4 75.446
339.47 75.372
345.64 75.3
351.93 75.229
358.34 75.16
364.86 75.093
371.5 75.028
378.26 74.965
385.15 74.904
392.16 74.845
399.29 74.787
406.56 74.731
413.96 74.676
421.49 74.623
429.16 74.571
436.97 74.52
444.93 74.471
453.02 74.422
461.27 74.375
469.66 74.328
478.21 74.282
486.91 74.237
495.78 74.194
504.8 74.153
513.99 74.113
523.34 74.075
532.87 74.04
542.56 74.007
552.44 73.977
562.49 73.949
572.73 73.923
583.15 73.901
593.77 73.88
604.57 73.862
615.57 73.847
626.78 73.833
638.18 73.823
649.8 73.815
661.63 73.809
673.67 73.806
685.93 73.806
698.41 73.808
711.12 73.813
724.06 73.822
737.24 73.835
750.66 73.85
764.32 73.871
778.23 73.896
792.39 73.927
806.82 73.964
821.5 74.007
836.45 74.057
851.67 74.115
867.17 74.181
882.96 74.256
899.02 74.339
915.39 74.431
932.05 74.532
949.01 74.642
966.28 74.76
983.87 74.884
1001.77 75.013
1020 75.145
1038.57 75.281
1057.47 75.42
1076.71 75.565
1096.31 75.715
1116.26 75.87
1136.58 76.028
1157.26 76.186
1178.32 76.345
1199.77 76.502
1221.6 76.656
1243.84 76.806
1266.47 76.953
1289.52 77.096
1312.99 77.235
1336.89 77.37
1361.22 77.505
1385.99 77.642
1411.22 77.78
1436.9 77.922
1463.05 78.067
1489.68 78.216
1516.79 78.372
1544.4 78.532
1572.5 78.7
1601.12 78.874
1630.26 79.053
1659.93 79.238
1690.14 79.43
1720.9 79.629
1752.22 79.836
1784.11 80.051
1816.58 80.275
1849.64 80.508
1883.3 80.749
1917.58 81
1952.48 81.26
1988.01 81.53
2024.19 81.812
2061.03 82.105
2098.54 82.409
2136.73 82.72
2175.62 83.035
2215.22 83.348
2255.53 83.655
2296.58 83.95
2338.38 84.228
2380.94 84.482
2424.27 84.707
2468.39 84.9
2513.31 85.06
2559.05 85.185
2605.63 85.276
2653.05 85.334
2701.33 85.362
2750.5 85.36
2800.55 85.33
2851.52 85.274
2903.42 85.197
2956.26 85.099
3010.06 84.984
3064.85 84.855
3120.62 84.717
3177.42 84.573
3235.25 84.426
3294.13 84.279
3354.08 84.136
3415.12 83.999
3477.27 83.871
3540.56 83.756
3605 83.653
3670.6 83.564
3737.41 83.491
3805.43 83.435
3874.68 83.396
3945.2 83.374
4017 83.37
4090.11 83.384
4164.55 83.415
4240.34 83.465
4317.51 83.533
4396.09 83.616
4476.1 83.714
4557.56 83.821
4640.5 83.934
4724.96 84.045
4810.95 84.149
4898.51 84.237
4987.66 84.301
5078.43 84.333
5170.86 84.326
5264.97 84.275
5360.79 84.176
5458.35 84.028
5557.69 83.829
5658.84 83.585
5761.82 83.301
5866.69 82.988
5973.46 82.661
6082.17 82.336
6192.87 82.029
6305.57 81.757
6420.33 81.532
6537.18 81.365
6656.15 81.269
6777.29 81.255
6900.63 81.332
7026.22 81.513
7154.1 81.8
7284.3 82.188
7416.87 82.652
7551.85 83.147
7689.29 83.606
7829.23 83.945
7971.72 84.083
8116.8 83.948
8264.53 83.5
8414.94 82.739
8568.09 81.706
8724.02 80.473
8882.79 79.125
9044.46 77.745
9209.06 76.403
9376.66 75.149
9547.31 74.016
9721.07 73.021
9897.99 72.168
10078.13 71.461
10261.55 70.898
10448.3 70.48
10638.45 70.216
10832.07 70.12
11029.21 70.215
11229.94 70.527
11434.32 71.08
11642.41 71.887
11854.3 72.936
12070.04 74.173
12289.71 75.496
12513.38 76.746
12741.12 77.733
12973 78.28
13209.1 78.272
13449.5 77.698
13694.28 76.669
13943.51 75.393
14197.27 74.114
14455.66 73.057
14718.74 72.378
14986.62 72.141
15259.37 72.317
15537.08 72.782
15819.85 73.344
16107.76 73.779
16400.92 73.881
16699.41 73.497
17003.33 72.55
17312.78 71.038
17627.86 69.01
17948.68 66.554
18275.34 63.784
18607.94 60.822
18946.6 57.766
19291.42 54.667
19642.52 51.547
20000 48.42