20 65.194
20.36 65.323
20.73 65.452
21.11 65.581
21.5 65.71
21.89 65.838
22.29 65.966
22.69 66.094
23.1 66.222
23.52 66.349
23.95 66.475
24.39 66.601
24.83 66.726
25.28 66.85
25.74 66.974
26.21 67.097
26.69 67.219
27.18 67.34
27.67 67.46
28.17 67.579
28.69 67.697
29.21 67.814
29.74 67.929
30.28 68.043
30.83 68.156
31.39 68.267
31.97 68.377
32.55 68.485
33.14 68.592
33.74 68.697
34.36 68.8
34.98 68.902
35.62 69.002
36.27 69.101
36.93 69.198
37.6 69.294
38.28 69.388
38.98 69.48
39.69 69.571
40.41 69.661
41.15 69.749
41.9 69.836
42.66 69.921
43.44 70.005
44.23 70.088
45.03 70.169
45.85 70.248
46.68 70.327
47.53 70.404
48.4 70.48
49.28 70.555
50.18 70.628
51.09 70.701
52.02 70.772
52.97 70.842
53.93 70.911
54.91 70.978
55.91 71.045
56.93 71.11
57.97 71.175
59.02 71.238
60.09 71.301
61.19 71.362
62.3 71.423
63.44 71.482
64.59 71.541
65.77 71.598
66.96 71.655
68.18 71.71
69.42 71.765
70.69 71.818
71.97 71.871
73.28 71.922
74.62 71.972
75.97 72.022
77.36 72.07
78.76 72.117
80.2 72.163
81.66 72.208
83.14 72.252
84.66 72.294
86.2 72.335
87.77 72.375
89.36 72.414
90.99 72.452
92.65 72.49
94.33 72.526
96.05 72.563
97.8 72.599
99.58 72.635
101.39 72.671
103.23 72.707
105.11 72.743
107.03 72.778
108.97 72.813
110.96 72.847
112.98 72.88
115.03 72.914
117.13 72.945
119.26 72.977
121.43 73.007
123.64 73.037
125.89 73.065
128.18 73.092
130.51 73.118
132.89 73.144
135.31 73.17
137.77 73.195
140.28 73.22
142.83 73.244
145.43 73.27
148.07 73.295
150.77 73.32
153.51 73.346
156.31 73.372
159.15 73.398
162.05 73.424
165 73.451
168 73.478
171.06 73.505
174.17 73.532
177.34 73.559
180.57 73.586
183.86 73.612
187.2 73.637
190.61 73.663
194.08 73.687
197.61 73.712
201.21 73.736
204.87 73.76
208.6 73.784
212.39 73.808
216.26 73.832
220.19 73.857
224.2 73.881
228.28 73.906
232.44 73.93
236.67 73.955
240.97 73.98
245.36 74.004
249.82 74.028
254.37 74.053
259 74.077
263.71 74.101
268.51 74.125
273.4 74.15
278.38 74.174
283.44 74.198
288.6 74.221
293.85 74.245
299.2 74.267
304.65 74.289
310.19 74.311
315.84 74.332
321.59 74.353
327.44 74.373
333.4 74.393
339.47 74.412
345.64 74.43
351.93 74.448
358.34 74.464
364.86 74.48
371.5 74.494
378.26 74.507
385.15 74.519
392.16 74.53
399.29 74.54
406.56 74.548
413.96 74.555
421.49 74.561
429.16 74.565
436.97 74.568
444.93 74.569
453.02 74.569
461.27 74.568
469.66 74.565
478.21 74.562
486.91 74.556
495.78 74.55
504.8 74.543
513.99 74.534
523.34 74.524
532.87 74.512
542.56 74.5
552.44 74.487
562.49 74.473
572.73 74.458
583.15 74.444
593.77 74.429
604.57 74.415
615.57 74.401
626.78 74.389
638.18 74.377
649.8 74.366
661.63 74.357
673.67 74.349
685.93 74.342
698.41 74.336
711.12 74.332
724.06 74.33
737.24 74.33
750.66 74.332
764.32 74.337
778.23 74.345
792.39 74.356
806.82 74.371
821.5 74.39
836.45 74.414
851.67 74.444
867.17 74.48
882.96 74.521
899.02 74.57
915.39 74.625
932.05 74.688
949.01 74.758
966.28 74.836
983.87 74.919
1001.77 75.009
1020 75.103
1038.57 75.2
1057.47 75.302
1076.71 75.406
1096.31 75.513
1116.26 75.622
1136.58 75.734
1157.26 75.846
1178.32 75.959
1199.77 76.072
1221.6 76.184
1243.84 76.295
1266.47 76.402
1289.52 76.507
1312.99 76.605
1336.89 76.697
1361.22 76.783
1385.99 76.861
1411.22 76.932
1436.9 76.993
1463.05 77.047
1489.68 77.092
1516.79 77.128
1544.4 77.157
1572.5 77.179
1601.12 77.192
1630.26 77.197
1659.93 77.192
1690.14 77.178
1720.9 77.154
1752.22 77.123
1784.11 77.087
1816.58 77.046
1849.64 77.001
1883.3 76.953
1917.58 76.899
1952.48 76.838
1988.01 76.766
2024.19 76.681
2061.03 76.584
2098.54 76.472
2136.73 76.348
2175.62 76.212
2215.22 76.066
2255.53 75.909
2296.58 75.746
2338.38 75.584
2380.94 75.437
2424.27 75.318
2468.39 75.241
2513.31 75.214
2559.05 75.24
2605.63 75.314
2653.05 75.426
2701.33 75.559
2750.5 75.685
2800.55 75.77
2851.52 75.777
2903.42 75.664
2956.26 75.401
3010.06 74.98
3064.85 74.424
3120.62 73.794
3177.42 73.175
3235.25 72.643
3294.13 72.251
3354.08 72.014
3415.12 71.919
3477.27 71.932
3540.56 72.015
3605 72.133
3670.6 72.26
3737.41 72.379
3805.43 72.482
3874.68 72.564
3945.2 72.62
4017 72.648
4090.11 72.644
4164.55 72.607
4240.34 72.541
4317.51 72.45
4396.09 72.343
4476.1 72.225
4557.56 72.099
4640.5 71.967
4724.96 71.83
4810.95 71.692
4898.51 71.556
4987.66 71.43
5078.43 71.327
5170.86 71.26
5264.97 71.24
5360.79 71.266
5458.35 71.325
5557.69 71.392
5658.84 71.442
5761.82 71.452
5866.69 71.409
5973.46 71.317
6082.17 71.2
6192.87 71.097
6305.57 71.058
6420.33 71.137
6537.18 71.379
6656.15 71.805
6777.29 72.417
6900.63 73.195
7026.22 74.109
7154.1 75.134
7284.3 76.24
7416.87 77.393
7551.85 78.544
7689.29 79.62
7829.23 80.545
7971.72 81.249
8116.8 81.693
8264.53 81.872
8414.94 81.809
8568.09 81.548
8724.02 81.138
8882.79 80.631
9044.46 80.084
9209.06 79.551
9376.66 79.081
9547.31 78.704
9721.07 78.429
9897.99 78.246
10078.13 78.126
10261.55 78.035
10448.3 77.937
10638.45 77.803
10832.07 77.611
11029.21 77.341
11229.94 76.977
11434.32 76.507
11642.41 75.925
11854.3 75.235
12070.04 74.456
12289.71 73.614
12513.38 72.753
12741.12 71.919
12973 71.166
13209.1 70.539
13449.5 70.071
13694.28 69.774
13943.51 69.637
14197.27 69.622
14455.66 69.679
14718.74 69.758
14986.62 69.832
15259.37 69.906
15537.08 70.02
15819.85 70.238
16107.76 70.613
16400.92 71.16
16699.41 71.824
17003.33 72.484
17312.78 72.972
17627.86 73.111
17948.68 72.758
18275.34 71.839
18607.94 70.365
18946.6 68.418
19291.42 66.131
19642.52 63.656
20000 61.122