20 79.001
20.36 78.976
20.73 78.952
21.11 78.927
21.5 78.902
21.89 78.877
22.29 78.852
22.69 78.826
23.1 78.801
23.52 78.774
23.95 78.748
24.39 78.721
24.83 78.694
25.28 78.666
25.74 78.638
26.21 78.609
26.69 78.58
27.18 78.55
27.67 78.519
28.17 78.488
28.69 78.456
29.21 78.423
29.74 78.39
30.28 78.355
30.83 78.32
31.39 78.283
31.97 78.246
32.55 78.208
33.14 78.168
33.74 78.128
34.36 78.086
34.98 78.043
35.62 77.999
36.27 77.954
36.93 77.909
37.6 77.862
38.28 77.813
38.98 77.764
39.69 77.714
40.41 77.663
41.15 77.611
41.9 77.558
42.66 77.503
43.44 77.447
44.23 77.391
45.03 77.333
45.85 77.275
46.68 77.215
47.53 77.155
48.4 77.093
49.28 77.032
50.18 76.969
51.09 76.906
52.02 76.843
52.97 76.781
53.93 76.718
54.91 76.655
55.91 76.593
56.93 76.531
57.97 76.471
59.02 76.411
60.09 76.352
61.19 76.294
62.3 76.236
63.44 76.18
64.59 76.124
65.77 76.07
66.96 76.015
68.18 75.961
69.42 75.908
70.69 75.855
71.97 75.803
73.28 75.75
74.62 75.698
75.97 75.647
77.36 75.596
78.76 75.545
80.2 75.495
81.66 75.445
83.14 75.397
84.66 75.348
86.2 75.301
87.77 75.255
89.36 75.209
90.99 75.165
92.65 75.121
94.33 75.079
96.05 75.038
97.8 74.997
99.58 74.958
101.39 74.92
103.23 74.883
105.11 74.847
107.03 74.81
108.97 74.774
110.96 74.738
112.98 74.702
115.03 74.666
117.13 74.63
119.26 74.594
121.43 74.559
123.64 74.525
125.89 74.491
128.18 74.459
130.51 74.428
132.89 74.397
135.31 74.368
137.77 74.338
140.28 74.31
142.83 74.281
145.43 74.253
148.07 74.226
150.77 74.199
153.51 74.173
156.31 74.147
159.15 74.122
162.05 74.097
165 74.074
168 74.052
171.06 74.03
174.17 74.01
177.34 73.99
180.57 73.971
183.86 73.952
187.2 73.935
190.61 73.917
194.08 73.9
197.61 73.884
201.21 73.868
204.87 73.852
208.6 73.836
212.39 73.821
216.26 73.805
220.19 73.79
224.2 73.775
228.28 73.761
232.44 73.747
236.67 73.734
240.97 73.721
245.36 73.71
249.82 73.7
254.37 73.691
259 73.683
263.71 73.676
268.51 73.668
273.4 73.662
278.38 73.656
283.44 73.651
288.6 73.646
293.85 73.642
299.2 73.638
304.65 73.634
310.19 73.631
315.84 73.629
321.59 73.627
327.44 73.625
333.4 73.624
339.47 73.623
345.64 73.623
351.93 73.624
358.34 73.625
364.86 73.627
371.5 73.629
378.26 73.632
385.15 73.636
392.16 73.64
399.29 73.645
406.56 73.651
413.96 73.657
421.49 73.665
429.16 73.673
436.97 73.681
444.93 73.691
453.02 73.701
461.27 73.711
469.66 73.723
478.21 73.735
486.91 73.747
495.78 73.761
504.8 73.775
513.99 73.79
523.34 73.806
532.87 73.822
542.56 73.838
552.44 73.855
562.49 73.873
572.73 73.89
583.15 73.908
593.77 73.927
604.57 73.945
615.57 73.965
626.78 73.985
638.18 74.006
649.8 74.027
661.63 74.049
673.67 74.071
685.93 74.095
698.41 74.119
711.12 74.142
724.06 74.167
737.24 74.192
750.66 74.218
764.32 74.244
778.23 74.273
792.39 74.303
806.82 74.335
821.5 74.37
836.45 74.407
851.67 74.447
867.17 74.489
882.96 74.536
899.02 74.586
915.39 74.64
932.05 74.701
949.01 74.767
966.28 74.841
983.87 74.921
1001.77 75.009
1020 75.102
1038.57 75.202
1057.47 75.309
1076.71 75.423
1096.31 75.544
1116.26 75.671
1136.58 75.804
1157.26 75.943
1178.32 76.086
1199.77 76.233
1221.6 76.383
1243.84 76.536
1266.47 76.691
1289.52 76.848
1312.99 77.006
1336.89 77.164
1361.22 77.323
1385.99 77.485
1411.22 77.649
1436.9 77.815
1463.05 77.983
1489.68 78.152
1516.79 78.324
1544.4 78.499
1572.5 78.677
1601.12 78.859
1630.26 79.042
1659.93 79.227
1690.14 79.415
1720.9 79.607
1752.22 79.801
1784.11 79.998
1816.58 80.198
1849.64 80.399
1883.3 80.601
1917.58 80.803
1952.48 81.004
1988.01 81.203
2024.19 81.401
2061.03 81.597
2098.54 81.789
2136.73 81.976
2175.62 82.155
2215.22 82.325
2255.53 82.485
2296.58 82.634
2338.38 82.77
2380.94 82.894
2424.27 83.004
2468.39 83.1
2513.31 83.179
2559.05 83.244
2605.63 83.294
2653.05 83.329
2701.33 83.348
2750.5 83.352
2800.55 83.341
2851.52 83.313
2903.42 83.271
2956.26 83.212
3010.06 83.14
3064.85 83.056
3120.62 82.966
3177.42 82.877
3235.25 82.799
3294.13 82.74
3354.08 82.709
3415.12 82.71
3477.27 82.744
3540.56 82.802
3605 82.875
3670.6 82.951
3737.41 83.018
3805.43 83.067
3874.68 83.092
3945.2 83.089
4017 83.056
4090.11 82.992
4164.55 82.897
4240.34 82.769
4317.51 82.608
4396.09 82.406
4476.1 82.158
4557.56 81.855
4640.5 81.494
4724.96 81.075
4810.95 80.602
4898.51 80.087
4987.66 79.541
5078.43 78.978
5170.86 78.412
5264.97 77.856
5360.79 77.32
5458.35 76.813
5557.69 76.343
5658.84 75.918
5761.82 75.544
5866.69 75.231
5973.46 74.987
6082.17 74.825
6192.87 74.758
6305.57 74.801
6420.33 74.966
6537.18 75.262
6656.15 75.695
6777.29 76.259
6900.63 76.934
7026.22 77.685
7154.1 78.464
7284.3 79.211
7416.87 79.869
7551.85 80.393
7689.29 80.752
7829.23 80.933
7971.72 80.928
8116.8 80.728
8264.53 80.313
8414.94 79.666
8568.09 78.782
8724.02 77.689
8882.79 76.446
9044.46 75.136
9209.06 73.856
9376.66 72.696
9547.31 71.727
9721.07 70.995
9897.99 70.517
10078.13 70.282
10261.55 70.253
10448.3 70.372
10638.45 70.56
10832.07 70.731
11029.21 70.802
11229.94 70.709
11434.32 70.421
11642.41 69.944
11854.3 69.324
12070.04 68.629
12289.71 67.943
12513.38 67.348
12741.12 66.912
12973 66.681
13209.1 66.669
13449.5 66.852
13694.28 67.162
13943.51 67.486
14197.27 67.68
14455.66 67.606
14718.74 67.171
14986.62 66.368
15259.37 65.293
15537.08 64.12
15819.85 63.041
16107.76 62.205
16400.92 61.668
16699.41 61.404
17003.33 61.318
17312.78 61.288
17627.86 61.189
17948.68 60.926
18275.34 60.45
18607.94 59.756
18946.6 58.864
19291.42 57.821
19642.52 56.686
20000 55.521