20 70.504
20.36 70.578
20.73 70.653
21.11 70.727
21.5 70.801
21.89 70.875
22.29 70.948
22.69 71.022
23.1 71.095
23.52 71.168
23.95 71.239
24.39 71.311
24.83 71.38
25.28 71.45
25.74 71.52
26.21 71.588
26.69 71.655
27.18 71.721
27.67 71.786
28.17 71.851
28.69 71.913
29.21 71.975
29.74 72.035
30.28 72.094
30.83 72.151
31.39 72.208
31.97 72.262
32.55 72.314
33.14 72.366
33.74 72.415
34.36 72.462
34.98 72.509
35.62 72.553
36.27 72.596
36.93 72.637
37.6 72.678
38.28 72.717
38.98 72.754
39.69 72.791
40.41 72.826
41.15 72.86
41.9 72.894
42.66 72.926
43.44 72.957
44.23 72.987
45.03 73.018
45.85 73.046
46.68 73.074
47.53 73.102
48.4 73.128
49.28 73.155
50.18 73.18
51.09 73.205
52.02 73.229
52.97 73.253
53.93 73.276
54.91 73.298
55.91 73.32
56.93 73.342
57.97 73.362
59.02 73.382
60.09 73.402
61.19 73.421
62.3 73.439
63.44 73.457
64.59 73.473
65.77 73.491
66.96 73.507
68.18 73.522
69.42 73.537
70.69 73.551
71.97 73.566
73.28 73.58
74.62 73.593
75.97 73.605
77.36 73.617
78.76 73.629
80.2 73.639
81.66 73.65
83.14 73.661
84.66 73.671
86.2 73.681
87.77 73.69
89.36 73.7
90.99 73.709
92.65 73.717
94.33 73.725
96.05 73.735
97.8 73.743
99.58 73.751
101.39 73.759
103.23 73.767
105.11 73.775
107.03 73.782
108.97 73.789
110.96 73.797
112.98 73.803
115.03 73.811
117.13 73.817
119.26 73.822
121.43 73.827
123.64 73.832
125.89 73.836
128.18 73.839
130.51 73.842
132.89 73.844
135.31 73.846
137.77 73.847
140.28 73.848
142.83 73.849
145.43 73.85
148.07 73.85
150.77 73.851
153.51 73.851
156.31 73.852
159.15 73.853
162.05 73.853
165 73.854
168 73.855
171.06 73.857
174.17 73.857
177.34 73.858
180.57 73.86
183.86 73.86
187.2 73.86
190.61 73.86
194.08 73.86
197.61 73.858
201.21 73.857
204.87 73.854
208.6 73.852
212.39 73.849
216.26 73.845
220.19 73.841
224.2 73.837
228.28 73.833
232.44 73.829
236.67 73.823
240.97 73.819
245.36 73.814
249.82 73.81
254.37 73.807
259 73.802
263.71 73.797
268.51 73.794
273.4 73.789
278.38 73.785
283.44 73.78
288.6 73.775
293.85 73.769
299.2 73.763
304.65 73.757
310.19 73.75
315.84 73.743
321.59 73.736
327.44 73.728
333.4 73.72
339.47 73.711
345.64 73.703
351.93 73.694
358.34 73.684
364.86 73.676
371.5 73.666
378.26 73.657
385.15 73.647
392.16 73.638
399.29 73.628
406.56 73.619
413.96 73.61
421.49 73.601
429.16 73.592
436.97 73.584
444.93 73.576
453.02 73.568
461.27 73.56
469.66 73.552
478.21 73.544
486.91 73.536
495.78 73.529
504.8 73.522
513.99 73.515
523.34 73.509
532.87 73.503
542.56 73.498
552.44 73.493
562.49 73.489
572.73 73.485
583.15 73.482
593.77 73.481
604.57 73.48
615.57 73.482
626.78 73.485
638.18 73.49
649.8 73.496
661.63 73.506
673.67 73.518
685.93 73.534
698.41 73.553
711.12 73.575
724.06 73.6
737.24 73.629
750.66 73.661
764.32 73.697
778.23 73.738
792.39 73.783
806.82 73.834
821.5 73.891
836.45 73.956
851.67 74.027
867.17 74.105
882.96 74.191
899.02 74.283
915.39 74.384
932.05 74.494
949.01 74.612
966.28 74.738
983.87 74.873
1001.77 75.014
1020 75.158
1038.57 75.307
1057.47 75.458
1076.71 75.611
1096.31 75.765
1116.26 75.919
1136.58 76.072
1157.26 76.224
1178.32 76.373
1199.77 76.518
1221.6 76.66
1243.84 76.796
1266.47 76.928
1289.52 77.053
1312.99 77.172
1336.89 77.284
1361.22 77.387
1385.99 77.484
1411.22 77.572
1436.9 77.653
1463.05 77.726
1489.68 77.794
1516.79 77.856
1544.4 77.914
1572.5 77.972
1601.12 78.024
1630.26 78.071
1659.93 78.108
1690.14 78.132
1720.9 78.143
1752.22 78.136
1784.11 78.11
1816.58 78.065
1849.64 78.002
1883.3 77.921
1917.58 77.823
1952.48 77.71
1988.01 77.584
2024.19 77.447
2061.03 77.3
2098.54 77.148
2136.73 76.993
2175.62 76.839
2215.22 76.688
2255.53 76.545
2296.58 76.411
2338.38 76.288
2380.94 76.18
2424.27 76.086
2468.39 76.007
2513.31 75.942
2559.05 75.891
2605.63 75.849
2653.05 75.814
2701.33 75.783
2750.5 75.753
2800.55 75.722
2851.52 75.688
2903.42 75.65
2956.26 75.608
3010.06 75.564
3064.85 75.519
3120.62 75.473
3177.42 75.428
3235.25 75.385
3294.13 75.342
3354.08 75.297
3415.12 75.25
3477.27 75.195
3540.56 75.128
3605 75.044
3670.6 74.938
3737.41 74.804
3805.43 74.638
3874.68 74.438
3945.2 74.202
4017 73.933
4090.11 73.633
4164.55 73.308
4240.34 72.965
4317.51 72.614
4396.09 72.26
4476.1 71.908
4557.56 71.558
4640.5 71.206
4724.96 70.845
4810.95 70.471
4898.51 70.08
4987.66 69.678
5078.43 69.282
5170.86 68.92
5264.97 68.622
5360.79 68.415
5458.35 68.306
5557.69 68.292
5658.84 68.35
5761.82 68.454
5866.69 68.584
5973.46 68.725
6082.17 68.874
6192.87 69.04
6305.57 69.232
6420.33 69.468
6537.18 69.763
6656.15 70.127
6777.29 70.564
6900.63 71.068
7026.22 71.619
7154.1 72.187
7284.3 72.728
7416.87 73.194
7551.85 73.533
7689.29 73.706
7829.23 73.686
7971.72 73.466
8116.8 73.057
8264.53 72.486
8414.94 71.784
8568.09 70.998
8724.02 70.178
8882.79 69.383
9044.46 68.677
9209.06 68.122
9376.66 67.772
9547.31 67.664
9721.07 67.798
9897.99 68.123
10078.13 68.534
10261.55 68.87
10448.3 68.951
10638.45 68.615
10832.07 67.775
11029.21 66.441
11229.94 64.723
11434.32 62.787
11642.41 60.823
11854.3 58.996
12070.04 57.43
12289.71 56.207
12513.38 55.37
12741.12 54.932
12973 54.875
13209.1 55.153
13449.5 55.689
13694.28 56.375
13943.51 57.084
14197.27 57.691
14455.66 58.098
14718.74 58.241
14986.62 58.074
15259.37 57.541
15537.08 56.552
15819.85 55.008
16107.76 52.847
16400.92 50.101
16699.41 46.916
17003.33 43.538
17312.78 40.272
17627.86 37.43
17948.68 35.251
18275.34 33.811
18607.94 32.981
18946.6 32.502
19291.42 32.139
19642.52 31.77
20000 31.383