20 78.611
20.36 78.616
20.73 78.622
21.11 78.627
21.5 78.632
21.89 78.637
22.29 78.641
22.69 78.646
23.1 78.651
23.52 78.655
23.95 78.658
24.39 78.662
24.83 78.665
25.28 78.668
25.74 78.67
26.21 78.672
26.69 78.673
27.18 78.674
27.67 78.675
28.17 78.674
28.69 78.673
29.21 78.672
29.74 78.669
30.28 78.666
30.83 78.663
31.39 78.658
31.97 78.653
32.55 78.647
33.14 78.639
33.74 78.632
34.36 78.623
34.98 78.613
35.62 78.602
36.27 78.591
36.93 78.578
37.6 78.565
38.28 78.552
38.98 78.537
39.69 78.522
40.41 78.505
41.15 78.489
41.9 78.471
42.66 78.453
43.44 78.434
44.23 78.414
45.03 78.394
45.85 78.373
46.68 78.352
47.53 78.329
48.4 78.307
49.28 78.284
50.18 78.261
51.09 78.236
52.02 78.212
52.97 78.188
53.93 78.163
54.91 78.137
55.91 78.111
56.93 78.086
57.97 78.06
59.02 78.034
60.09 78.007
61.19 77.981
62.3 77.954
63.44 77.927
64.59 77.899
65.77 77.87
66.96 77.841
68.18 77.811
69.42 77.78
70.69 77.747
71.97 77.714
73.28 77.679
74.62 77.643
75.97 77.605
77.36 77.567
78.76 77.527
80.2 77.487
81.66 77.445
83.14 77.403
84.66 77.359
86.2 77.315
87.77 77.27
89.36 77.224
90.99 77.178
92.65 77.13
94.33 77.081
96.05 77.031
97.8 76.981
99.58 76.928
101.39 76.875
103.23 76.82
105.11 76.765
107.03 76.708
108.97 76.651
110.96 76.592
112.98 76.532
115.03 76.473
117.13 76.412
119.26 76.35
121.43 76.288
123.64 76.224
125.89 76.16
128.18 76.096
130.51 76.029
132.89 75.962
135.31 75.894
137.77 75.824
140.28 75.752
142.83 75.679
145.43 75.604
148.07 75.528
150.77 75.45
153.51 75.371
156.31 75.29
159.15 75.209
162.05 75.128
165 75.045
168 74.963
171.06 74.881
174.17 74.799
177.34 74.719
180.57 74.639
183.86 74.561
187.2 74.483
190.61 74.406
194.08 74.328
197.61 74.251
201.21 74.173
204.87 74.094
208.6 74.013
212.39 73.931
216.26 73.848
220.19 73.765
224.2 73.682
228.28 73.6
232.44 73.517
236.67 73.436
240.97 73.355
245.36 73.276
249.82 73.197
254.37 73.119
259 73.042
263.71 72.965
268.51 72.888
273.4 72.813
278.38 72.738
283.44 72.666
288.6 72.597
293.85 72.531
299.2 72.47
304.65 72.414
310.19 72.365
315.84 72.322
321.59 72.284
327.44 72.251
333.4 72.222
339.47 72.197
345.64 72.175
351.93 72.155
358.34 72.137
364.86 72.12
371.5 72.104
378.26 72.089
385.15 72.075
392.16 72.063
399.29 72.052
406.56 72.043
413.96 72.035
421.49 72.029
429.16 72.025
436.97 72.024
444.93 72.024
453.02 72.026
461.27 72.029
469.66 72.035
478.21 72.043
486.91 72.054
495.78 72.066
504.8 72.081
513.99 72.099
523.34 72.118
532.87 72.14
542.56 72.164
552.44 72.19
562.49 72.217
572.73 72.246
583.15 72.277
593.77 72.309
604.57 72.344
615.57 72.382
626.78 72.422
638.18 72.465
649.8 72.51
661.63 72.559
673.67 72.611
685.93 72.667
698.41 72.724
711.12 72.784
724.06 72.847
737.24 72.913
750.66 72.982
764.32 73.056
778.23 73.133
792.39 73.217
806.82 73.307
821.5 73.404
836.45 73.508
851.67 73.62
867.17 73.739
882.96 73.867
899.02 74.003
915.39 74.147
932.05 74.302
949.01 74.467
966.28 74.642
983.87 74.826
1001.77 75.019
1020 75.217
1038.57 75.42
1057.47 75.626
1076.71 75.836
1096.31 76.048
1116.26 76.26
1136.58 76.472
1157.26 76.683
1178.32 76.891
1199.77 77.095
1221.6 77.295
1243.84 77.488
1266.47 77.676
1289.52 77.859
1312.99 78.034
1336.89 78.203
1361.22 78.367
1385.99 78.527
1411.22 78.685
1436.9 78.839
1463.05 78.992
1489.68 79.143
1516.79 79.294
1544.4 79.446
1572.5 79.6
1601.12 79.757
1630.26 79.916
1659.93 80.078
1690.14 80.246
1720.9 80.418
1752.22 80.597
1784.11 80.783
1816.58 80.976
1849.64 81.176
1883.3 81.383
1917.58 81.599
1952.48 81.823
1988.01 82.055
2024.19 82.298
2061.03 82.55
2098.54 82.813
2136.73 83.083
2175.62 83.359
2215.22 83.639
2255.53 83.921
2296.58 84.204
2338.38 84.483
2380.94 84.757
2424.27 85.019
2468.39 85.265
2513.31 85.491
2559.05 85.69
2605.63 85.859
2653.05 85.993
2701.33 86.087
2750.5 86.139
2800.55 86.147
2851.52 86.112
2903.42 86.033
2956.26 85.914
3010.06 85.759
3064.85 85.571
3120.62 85.356
3177.42 85.12
3235.25 84.87
3294.13 84.61
3354.08 84.347
3415.12 84.087
3477.27 83.834
3540.56 83.592
3605 83.364
3670.6 83.153
3737.41 82.96
3805.43 82.788
3874.68 82.638
3945.2 82.51
4017 82.407
4090.11 82.33
4164.55 82.28
4240.34 82.26
4317.51 82.271
4396.09 82.313
4476.1 82.383
4557.56 82.479
4640.5 82.594
4724.96 82.717
4810.95 82.837
4898.51 82.939
4987.66 83.009
5078.43 83.033
5170.86 82.999
5264.97 82.9
5360.79 82.732
5458.35 82.496
5557.69 82.201
5658.84 81.858
5761.82 81.486
5866.69 81.106
5973.46 80.744
6082.17 80.425
6192.87 80.177
6305.57 80.021
6420.33 79.975
6537.18 80.043
6656.15 80.221
6777.29 80.487
6900.63 80.807
7026.22 81.136
7154.1 81.428
7284.3 81.638
7416.87 81.735
7551.85 81.71
7689.29 81.572
7829.23 81.346
7971.72 81.068
8116.8 80.774
8264.53 80.495
8414.94 80.257
8568.09 80.071
8724.02 79.94
8882.79 79.858
9044.46 79.807
9209.06 79.76
9376.66 79.68
9547.31 79.531
9721.07 79.283
9897.99 78.93
10078.13 78.485
10261.55 77.985
10448.3 77.478
10638.45 77.012
10832.07 76.631
11029.21 76.36
11229.94 76.208
11434.32 76.161
11642.41 76.188
11854.3 76.24
12070.04 76.265
12289.71 76.214
12513.38 76.049
12741.12 75.756
12973 75.35
13209.1 74.871
13449.5 74.367
13694.28 73.89
13943.51 73.473
14197.27 73.125
14455.66 72.83
14718.74 72.556
14986.62 72.27
15259.37 71.958
15537.08 71.634
15819.85 71.325
16107.76 71.034
16400.92 70.721
16699.41 70.3
17003.33 69.669
17312.78 68.751
17627.86 67.526
17948.68 66.028
18275.34 64.332
18607.94 62.514
18946.6 60.628
19291.42 58.698
19642.52 56.741
20000 54.777