20 84.129
20.36 84.181
20.73 84.23
21.11 84.282
21.5 84.331
21.89 84.383
22.29 84.433
22.69 84.484
23.1 84.534
23.52 84.585
23.95 84.635
24.39 84.684
24.83 84.734
25.28 84.784
25.74 84.833
26.21 84.883
26.69 84.932
27.18 84.98
27.67 85.03
28.17 85.077
28.69 85.125
29.21 85.175
29.74 85.222
30.28 85.268
30.83 85.316
31.39 85.362
31.97 85.409
32.55 85.455
33.14 85.501
33.74 85.545
34.36 85.591
34.98 85.635
35.62 85.676
36.27 85.718
36.93 85.76
37.6 85.8
38.28 85.841
38.98 85.877
39.69 85.913
40.41 85.947
41.15 85.982
41.9 86.012
42.66 86.043
43.44 86.069
44.23 86.094
45.03 86.117
45.85 86.138
46.68 86.155
47.53 86.173
48.4 86.184
49.28 86.195
50.18 86.203
51.09 86.209
52.02 86.211
52.97 86.211
53.93 86.207
54.91 86.201
55.91 86.192
56.93 86.178
57.97 86.163
59.02 86.146
60.09 86.125
61.19 86.1
62.3 86.071
63.44 86.039
64.59 86.005
65.77 85.965
66.96 85.923
68.18 85.875
69.42 85.823
70.69 85.768
71.97 85.707
73.28 85.642
74.62 85.573
75.97 85.499
77.36 85.419
78.76 85.333
80.2 85.243
81.66 85.146
83.14 85.043
84.66 84.932
86.2 84.818
87.77 84.694
89.36 84.564
90.99 84.429
92.65 84.284
94.33 84.131
96.05 83.973
97.8 83.805
99.58 83.627
101.39 83.444
103.23 83.252
105.11 83.049
107.03 82.84
108.97 82.618
110.96 82.389
112.98 82.151
115.03 81.903
117.13 81.647
119.26 81.384
121.43 81.113
123.64 80.838
125.89 80.556
128.18 80.268
130.51 79.974
132.89 79.674
135.31 79.367
137.77 79.056
140.28 78.736
142.83 78.413
145.43 78.087
148.07 77.759
150.77 77.433
153.51 77.11
156.31 76.794
159.15 76.487
162.05 76.189
165 75.907
168 75.639
171.06 75.393
174.17 75.166
177.34 74.962
180.57 74.785
183.86 74.628
187.2 74.497
190.61 74.386
194.08 74.298
197.61 74.23
201.21 74.178
204.87 74.144
208.6 74.125
212.39 74.117
216.26 74.121
220.19 74.132
224.2 74.153
228.28 74.182
232.44 74.214
236.67 74.251
240.97 74.293
245.36 74.335
249.82 74.38
254.37 74.426
259 74.474
263.71 74.521
268.51 74.571
273.4 74.623
278.38 74.674
283.44 74.726
288.6 74.779
293.85 74.832
299.2 74.888
304.65 74.943
310.19 75
315.84 75.056
321.59 75.111
327.44 75.168
333.4 75.224
339.47 75.279
345.64 75.332
351.93 75.386
358.34 75.435
364.86 75.485
371.5 75.531
378.26 75.575
385.15 75.615
392.16 75.655
399.29 75.691
406.56 75.723
413.96 75.754
421.49 75.781
429.16 75.804
436.97 75.823
444.93 75.84
453.02 75.851
461.27 75.859
469.66 75.863
478.21 75.863
486.91 75.861
495.78 75.855
504.8 75.846
513.99 75.832
523.34 75.817
532.87 75.798
542.56 75.777
552.44 75.754
562.49 75.729
572.73 75.702
583.15 75.674
593.77 75.641
604.57 75.609
615.57 75.573
626.78 75.535
638.18 75.496
649.8 75.456
661.63 75.414
673.67 75.372
685.93 75.328
698.41 75.288
711.12 75.248
724.06 75.21
737.24 75.174
750.66 75.14
764.32 75.107
778.23 75.079
792.39 75.05
806.82 75.023
821.5 74.998
836.45 74.976
851.67 74.956
867.17 74.941
882.96 74.93
899.02 74.926
915.39 74.928
932.05 74.934
949.01 74.945
966.28 74.962
983.87 74.979
1001.77 75.002
1020 75.023
1038.57 75.046
1057.47 75.069
1076.71 75.09
1096.31 75.111
1116.26 75.128
1136.58 75.143
1157.26 75.153
1178.32 75.157
1199.77 75.157
1221.6 75.151
1243.84 75.143
1266.47 75.13
1289.52 75.111
1312.99 75.092
1336.89 75.069
1361.22 75.044
1385.99 75.016
1411.22 74.987
1436.9 74.956
1463.05 74.926
1489.68 74.895
1516.79 74.867
1544.4 74.844
1572.5 74.825
1601.12 74.811
1630.26 74.806
1659.93 74.806
1690.14 74.813
1720.9 74.829
1752.22 74.852
1784.11 74.882
1816.58 74.922
1849.64 74.974
1883.3 75.038
1917.58 75.117
1952.48 75.212
1988.01 75.327
2024.19 75.462
2061.03 75.618
2098.54 75.8
2136.73 75.998
2175.62 76.208
2215.22 76.422
2255.53 76.628
2296.58 76.813
2338.38 76.963
2380.94 77.07
2424.27 77.128
2468.39 77.133
2513.31 77.091
2559.05 77.009
2605.63 76.897
2653.05 76.763
2701.33 76.614
2750.5 76.456
2800.55 76.286
2851.52 76.105
2903.42 75.907
2956.26 75.689
3010.06 75.449
3064.85 75.187
3120.62 74.907
3177.42 74.613
3235.25 74.31
3294.13 74.003
3354.08 73.697
3415.12 73.4
3477.27 73.112
3540.56 72.833
3605 72.564
3670.6 72.303
3737.41 72.047
3805.43 71.793
3874.68 71.541
3945.2 71.293
4017 71.049
4090.11 70.815
4164.55 70.593
4240.34 70.393
4317.51 70.219
4396.09 70.08
4476.1 69.983
4557.56 69.931
4640.5 69.926
4724.96 69.962
4810.95 70.04
4898.51 70.149
4987.66 70.284
5078.43 70.437
5170.86 70.591
5264.97 70.731
5360.79 70.826
5458.35 70.849
5557.69 70.776
5658.84 70.607
5761.82 70.353
5866.69 70.046
5973.46 69.721
6082.17 69.428
6192.87 69.201
6305.57 69.08
6420.33 69.098
6537.18 69.281
6656.15 69.647
6777.29 70.214
6900.63 70.977
7026.22 71.912
7154.1 72.967
7284.3 74.046
7416.87 75.025
7551.85 75.763
7689.29 76.124
7829.23 76.021
7971.72 75.43
8116.8 74.401
8264.53 73.033
8414.94 71.458
8568.09 69.79
8724.02 68.136
8882.79 66.558
9044.46 65.099
9209.06 63.773
9376.66 62.59
9547.31 61.55
9721.07 60.65
9897.99 59.892
10078.13 59.276
10261.55 58.814
10448.3 58.523
10638.45 58.423
10832.07 58.547
11029.21 58.925
11229.94 59.595
11434.32 60.589
11642.41 61.917
11854.3 63.54
12070.04 65.339
12289.71 67.094
12513.38 68.495
12741.12 69.17
12973 68.775
13209.1 67.052
13449.5 63.887
13694.28 59.322
13943.51 53.562
14197.27 46.933
14455.66 39.839
14718.74 32.754
14986.62 26.168
15259.37 20.546
15537.08 16.224
15819.85 13.317
16107.76 11.695
16400.92 11.071
16699.41 11.121
17003.33 11.55
17312.78 12.117
17627.86 12.645
17948.68 13.006
18275.34 13.132
18607.94 13.008
18946.6 12.672
19291.42 12.189
19642.52 11.625
20000 11.035