20 87.236
20.36 87.267
20.73 87.299
21.11 87.33
21.5 87.362
21.89 87.393
22.29 87.423
22.69 87.452
23.1 87.482
23.52 87.512
23.95 87.539
24.39 87.567
24.83 87.595
25.28 87.621
25.74 87.645
26.21 87.669
26.69 87.691
27.18 87.714
27.67 87.734
28.17 87.752
28.69 87.771
29.21 87.788
29.74 87.801
30.28 87.814
30.83 87.827
31.39 87.836
31.97 87.843
32.55 87.849
33.14 87.852
33.74 87.854
34.36 87.852
34.98 87.851
35.62 87.845
36.27 87.838
36.93 87.827
37.6 87.814
38.28 87.797
38.98 87.777
39.69 87.754
40.41 87.728
41.15 87.699
41.9 87.665
42.66 87.63
43.44 87.589
44.23 87.545
45.03 87.497
45.85 87.445
46.68 87.389
47.53 87.328
48.4 87.263
49.28 87.195
50.18 87.121
51.09 87.043
52.02 86.96
52.97 86.873
53.93 86.782
54.91 86.685
55.91 86.584
56.93 86.478
57.97 86.369
59.02 86.254
60.09 86.133
61.19 86.009
62.3 85.88
63.44 85.746
64.59 85.607
65.77 85.467
66.96 85.32
68.18 85.168
69.42 85.015
70.69 84.855
71.97 84.694
73.28 84.527
74.62 84.357
75.97 84.185
77.36 84.009
78.76 83.831
80.2 83.649
81.66 83.466
83.14 83.279
84.66 83.092
86.2 82.901
87.77 82.71
89.36 82.516
90.99 82.321
92.65 82.123
94.33 81.921
96.05 81.719
97.8 81.512
99.58 81.304
101.39 81.091
103.23 80.876
105.11 80.658
107.03 80.433
108.97 80.207
110.96 79.976
112.98 79.739
115.03 79.498
117.13 79.252
119.26 79.003
121.43 78.751
123.64 78.496
125.89 78.238
128.18 77.977
130.51 77.714
132.89 77.446
135.31 77.173
137.77 76.895
140.28 76.614
142.83 76.327
145.43 76.04
148.07 75.752
150.77 75.465
153.51 75.184
156.31 74.906
159.15 74.637
162.05 74.38
165 74.135
168 73.907
171.06 73.696
174.17 73.505
177.34 73.335
180.57 73.189
183.86 73.065
187.2 72.961
190.61 72.879
194.08 72.818
197.61 72.774
201.21 72.746
204.87 72.731
208.6 72.731
212.39 72.74
216.26 72.761
220.19 72.788
224.2 72.824
228.28 72.863
232.44 72.907
236.67 72.953
240.97 73.002
245.36 73.05
249.82 73.098
254.37 73.146
259 73.194
263.71 73.242
268.51 73.29
273.4 73.339
278.38 73.387
283.44 73.433
288.6 73.481
293.85 73.529
299.2 73.578
304.65 73.626
310.19 73.674
315.84 73.724
321.59 73.776
327.44 73.826
333.4 73.878
339.47 73.93
345.64 73.981
351.93 74.031
358.34 74.081
364.86 74.132
371.5 74.18
378.26 74.228
385.15 74.276
392.16 74.324
399.29 74.372
406.56 74.419
413.96 74.463
421.49 74.508
429.16 74.548
436.97 74.589
444.93 74.626
453.02 74.661
461.27 74.695
469.66 74.724
478.21 74.754
486.91 74.78
495.78 74.806
504.8 74.828
513.99 74.85
523.34 74.871
532.87 74.889
542.56 74.904
552.44 74.919
562.49 74.93
572.73 74.939
583.15 74.945
593.77 74.948
604.57 74.948
615.57 74.947
626.78 74.941
638.18 74.934
649.8 74.922
661.63 74.91
673.67 74.897
685.93 74.88
698.41 74.865
711.12 74.85
724.06 74.835
737.24 74.824
750.66 74.813
764.32 74.806
778.23 74.798
792.39 74.793
806.82 74.789
821.5 74.785
836.45 74.785
851.67 74.787
867.17 74.793
882.96 74.802
899.02 74.817
915.39 74.835
932.05 74.86
949.01 74.889
966.28 74.924
983.87 74.963
1001.77 75.004
1020 75.045
1038.57 75.087
1057.47 75.128
1076.71 75.169
1096.31 75.208
1116.26 75.245
1136.58 75.28
1157.26 75.312
1178.32 75.341
1199.77 75.365
1221.6 75.387
1243.84 75.404
1266.47 75.419
1289.52 75.432
1312.99 75.443
1336.89 75.454
1361.22 75.467
1385.99 75.48
1411.22 75.495
1436.9 75.512
1463.05 75.534
1489.68 75.56
1516.79 75.593
1544.4 75.634
1572.5 75.682
1601.12 75.739
1630.26 75.808
1659.93 75.886
1690.14 75.975
1720.9 76.077
1752.22 76.191
1784.11 76.317
1816.58 76.458
1849.64 76.614
1883.3 76.784
1917.58 76.973
1952.48 77.181
1988.01 77.412
2024.19 77.666
2061.03 77.944
2098.54 78.246
2136.73 78.568
2175.62 78.903
2215.22 79.242
2255.53 79.572
2296.58 79.881
2338.38 80.157
2380.94 80.389
2424.27 80.569
2468.39 80.697
2513.31 80.778
2559.05 80.817
2605.63 80.826
2653.05 80.811
2701.33 80.78
2750.5 80.735
2800.55 80.68
2851.52 80.609
2903.42 80.521
2956.26 80.411
3010.06 80.278
3064.85 80.119
3120.62 79.937
3177.42 79.737
3235.25 79.524
3294.13 79.307
3354.08 79.089
3415.12 78.876
3477.27 78.668
3540.56 78.47
3605 78.277
3670.6 78.086
3737.41 77.899
3805.43 77.709
3874.68 77.52
3945.2 77.329
4017 77.142
4090.11 76.96
4164.55 76.793
4240.34 76.645
4317.51 76.525
4396.09 76.438
4476.1 76.391
4557.56 76.386
4640.5 76.425
4724.96 76.504
4810.95 76.621
4898.51 76.769
4987.66 76.947
5078.43 77.144
5170.86 77.347
5264.97 77.536
5360.79 77.679
5458.35 77.746
5557.69 77.716
5658.84 77.583
5761.82 77.362
5866.69 77.081
5973.46 76.779
6082.17 76.497
6192.87 76.273
6305.57 76.141
6420.33 76.132
6537.18 76.271
6656.15 76.58
6777.29 77.081
6900.63 77.783
7026.22 78.681
7154.1 79.744
7284.3 80.91
7416.87 82.071
7551.85 83.094
7689.29 83.829
7829.23 84.146
7971.72 83.966
8116.8 83.288
8264.53 82.175
8414.94 80.745
8568.09 79.129
8724.02 77.457
8882.79 75.823
9044.46 74.291
9209.06 72.896
9376.66 71.659
9547.31 70.58
9721.07 69.663
9897.99 68.902
10078.13 68.296
10261.55 67.85
10448.3 67.574
10638.45 67.483
10832.07 67.604
11029.21 67.959
11229.94 68.587
11434.32 69.523
11642.41 70.78
11854.3 72.338
12070.04 74.098
12289.71 75.862
12513.38 77.334
12741.12 78.149
12973 77.946
13209.1 76.441
13449.5 73.483
13694.28 69.085
13943.51 63.423
14197.27 56.783
14455.66 49.533
14718.74 42.097
14986.62 34.932
15259.37 28.499
15537.08 23.195
15819.85 19.264
16107.76 16.713
16400.92 15.35
16699.41 14.876
17003.33 14.985
17312.78 15.413
17627.86 15.952
17948.68 16.45
18275.34 16.81
18607.94 16.98
18946.6 16.947
19291.42 16.741
19642.52 16.428
20000 16.078