20 79.145
20.36 79.145
20.73 79.145
21.11 79.145
21.5 79.145
21.89 79.145
22.29 79.145
22.69 79.145
23.1 79.144
23.52 79.144
23.95 79.143
24.39 79.143
24.83 79.142
25.28 79.141
25.74 79.14
26.21 79.139
26.69 79.138
27.18 79.136
27.67 79.134
28.17 79.133
28.69 79.13
29.21 79.128
29.74 79.125
30.28 79.122
30.83 79.119
31.39 79.115
31.97 79.111
32.55 79.107
33.14 79.103
33.74 79.098
34.36 79.093
34.98 79.087
35.62 79.081
36.27 79.075
36.93 79.068
37.6 79.061
38.28 79.053
38.98 79.045
39.69 79.036
40.41 79.027
41.15 79.017
41.9 79.006
42.66 78.995
43.44 78.983
44.23 78.97
45.03 78.958
45.85 78.943
46.68 78.929
47.53 78.914
48.4 78.898
49.28 78.88
50.18 78.863
51.09 78.844
52.02 78.824
52.97 78.803
53.93 78.782
54.91 78.759
55.91 78.735
56.93 78.71
57.97 78.684
59.02 78.657
60.09 78.628
61.19 78.598
62.3 78.567
63.44 78.534
64.59 78.5
65.77 78.465
66.96 78.428
68.18 78.389
69.42 78.349
70.69 78.307
71.97 78.263
73.28 78.217
74.62 78.17
75.97 78.122
77.36 78.071
78.76 78.019
80.2 77.966
81.66 77.911
83.14 77.854
84.66 77.796
86.2 77.737
87.77 77.676
89.36 77.614
90.99 77.551
92.65 77.487
94.33 77.421
96.05 77.353
97.8 77.285
99.58 77.215
101.39 77.145
103.23 77.073
105.11 76.999
107.03 76.925
108.97 76.849
110.96 76.772
112.98 76.694
115.03 76.615
117.13 76.535
119.26 76.455
121.43 76.375
123.64 76.294
125.89 76.213
128.18 76.133
130.51 76.052
132.89 75.97
135.31 75.888
137.77 75.806
140.28 75.724
142.83 75.641
145.43 75.558
148.07 75.476
150.77 75.394
153.51 75.313
156.31 75.233
159.15 75.155
162.05 75.078
165 75.004
168 74.932
171.06 74.863
174.17 74.797
177.34 74.733
180.57 74.673
183.86 74.617
187.2 74.563
190.61 74.513
194.08 74.465
197.61 74.421
201.21 74.378
204.87 74.338
208.6 74.301
212.39 74.266
216.26 74.233
220.19 74.203
224.2 74.175
228.28 74.15
232.44 74.127
236.67 74.108
240.97 74.091
245.36 74.078
249.82 74.067
254.37 74.058
259 74.052
263.71 74.048
268.51 74.046
273.4 74.046
278.38 74.048
283.44 74.051
288.6 74.055
293.85 74.061
299.2 74.067
304.65 74.076
310.19 74.084
315.84 74.094
321.59 74.104
327.44 74.116
333.4 74.127
339.47 74.139
345.64 74.151
351.93 74.163
358.34 74.175
364.86 74.187
371.5 74.199
378.26 74.21
385.15 74.221
392.16 74.232
399.29 74.242
406.56 74.253
413.96 74.262
421.49 74.271
429.16 74.28
436.97 74.287
444.93 74.294
453.02 74.3
461.27 74.305
469.66 74.31
478.21 74.314
486.91 74.317
495.78 74.32
504.8 74.321
513.99 74.322
523.34 74.322
532.87 74.322
542.56 74.321
552.44 74.319
562.49 74.316
572.73 74.312
583.15 74.308
593.77 74.304
604.57 74.299
615.57 74.294
626.78 74.29
638.18 74.285
649.8 74.281
661.63 74.277
673.67 74.275
685.93 74.273
698.41 74.272
711.12 74.272
724.06 74.273
737.24 74.277
750.66 74.282
764.32 74.289
778.23 74.3
792.39 74.314
806.82 74.331
821.5 74.352
836.45 74.379
851.67 74.41
867.17 74.448
882.96 74.493
899.02 74.544
915.39 74.603
932.05 74.669
949.01 74.743
966.28 74.825
983.87 74.914
1001.77 75.009
1020 75.109
1038.57 75.213
1057.47 75.322
1076.71 75.433
1096.31 75.548
1116.26 75.665
1136.58 75.785
1157.26 75.906
1178.32 76.029
1199.77 76.153
1221.6 76.277
1243.84 76.4
1266.47 76.525
1289.52 76.651
1312.99 76.776
1336.89 76.902
1361.22 77.031
1385.99 77.163
1411.22 77.299
1436.9 77.438
1463.05 77.582
1489.68 77.729
1516.79 77.88
1544.4 78.036
1572.5 78.197
1601.12 78.361
1630.26 78.526
1659.93 78.692
1690.14 78.861
1720.9 79.032
1752.22 79.205
1784.11 79.38
1816.58 79.558
1849.64 79.739
1883.3 79.922
1917.58 80.107
1952.48 80.295
1988.01 80.486
2024.19 80.679
2061.03 80.875
2098.54 81.073
2136.73 81.27
2175.62 81.466
2215.22 81.657
2255.53 81.844
2296.58 82.023
2338.38 82.196
2380.94 82.358
2424.27 82.51
2468.39 82.648
2513.31 82.772
2559.05 82.881
2605.63 82.973
2653.05 83.047
2701.33 83.104
2750.5 83.143
2800.55 83.164
2851.52 83.167
2903.42 83.154
2956.26 83.125
3010.06 83.082
3064.85 83.026
3120.62 82.959
3177.42 82.883
3235.25 82.799
3294.13 82.71
3354.08 82.617
3415.12 82.522
3477.27 82.427
3540.56 82.332
3605 82.239
3670.6 82.15
3737.41 82.063
3805.43 81.98
3874.68 81.902
3945.2 81.827
4017 81.755
4090.11 81.688
4164.55 81.623
4240.34 81.562
4317.51 81.503
4396.09 81.448
4476.1 81.392
4557.56 81.334
4640.5 81.273
4724.96 81.205
4810.95 81.126
4898.51 81.034
4987.66 80.926
5078.43 80.8
5170.86 80.652
5264.97 80.483
5360.79 80.291
5458.35 80.076
5557.69 79.84
5658.84 79.585
5761.82 79.315
5866.69 79.037
5973.46 78.758
6082.17 78.488
6192.87 78.24
6305.57 78.026
6420.33 77.86
6537.18 77.759
6656.15 77.735
6777.29 77.804
6900.63 77.978
7026.22 78.262
7154.1 78.652
7284.3 79.131
7416.87 79.661
7551.85 80.183
7689.29 80.623
7829.23 80.897
7971.72 80.927
8116.8 80.655
8264.53 80.061
8414.94 79.166
8568.09 78.029
8724.02 76.742
8882.79 75.408
9044.46 74.126
9209.06 72.982
9376.66 72.031
9547.31 71.293
9721.07 70.749
9897.99 70.35
10078.13 70.04
10261.55 69.776
10448.3 69.542
10638.45 69.353
10832.07 69.245
11029.21 69.268
11229.94 69.471
11434.32 69.892
11642.41 70.548
11854.3 71.438
12070.04 72.549
12289.71 73.853
12513.38 75.301
12741.12 76.81
12973 78.254
13209.1 79.468
13449.5 80.279
13694.28 80.544
13943.51 80.201
14197.27 79.285
14455.66 77.927
14718.74 76.318
14986.62 74.67
15259.37 73.173
15537.08 71.973
15819.85 71.147
16107.76 70.697
16400.92 70.545
16699.41 70.559
17003.33 70.575
17312.78 70.44
17627.86 70.033
17948.68 69.287
18275.34 68.181
18607.94 66.731
18946.6 64.985
19291.42 63.016
19642.52 60.919
20000 58.78