20 78.677
20.36 78.704
20.73 78.731
21.11 78.757
21.5 78.784
21.89 78.81
22.29 78.836
22.69 78.863
23.1 78.888
23.52 78.914
23.95 78.939
24.39 78.964
24.83 78.988
25.28 79.012
25.74 79.036
26.21 79.059
26.69 79.081
27.18 79.103
27.67 79.124
28.17 79.145
28.69 79.165
29.21 79.184
29.74 79.203
30.28 79.221
30.83 79.237
31.39 79.254
31.97 79.269
32.55 79.283
33.14 79.296
33.74 79.308
34.36 79.32
34.98 79.33
35.62 79.339
36.27 79.348
36.93 79.356
37.6 79.363
38.28 79.369
38.98 79.375
39.69 79.38
40.41 79.384
41.15 79.387
41.9 79.39
42.66 79.393
43.44 79.394
44.23 79.396
45.03 79.397
45.85 79.397
46.68 79.397
47.53 79.397
48.4 79.396
49.28 79.395
50.18 79.393
51.09 79.391
52.02 79.388
52.97 79.385
53.93 79.381
54.91 79.377
55.91 79.371
56.93 79.366
57.97 79.36
59.02 79.353
60.09 79.345
61.19 79.337
62.3 79.327
63.44 79.318
64.59 79.307
65.77 79.296
66.96 79.285
68.18 79.273
69.42 79.26
70.69 79.247
71.97 79.234
73.28 79.22
74.62 79.205
75.97 79.19
77.36 79.175
78.76 79.158
80.2 79.141
81.66 79.124
83.14 79.105
84.66 79.085
86.2 79.064
87.77 79.043
89.36 79.02
90.99 78.997
92.65 78.973
94.33 78.948
96.05 78.923
97.8 78.897
99.58 78.871
101.39 78.844
103.23 78.816
105.11 78.788
107.03 78.759
108.97 78.73
110.96 78.7
112.98 78.669
115.03 78.637
117.13 78.605
119.26 78.571
121.43 78.537
123.64 78.502
125.89 78.467
128.18 78.431
130.51 78.394
132.89 78.356
135.31 78.316
137.77 78.276
140.28 78.234
142.83 78.19
145.43 78.146
148.07 78.1
150.77 78.053
153.51 78.005
156.31 77.956
159.15 77.905
162.05 77.854
165 77.803
168 77.751
171.06 77.699
174.17 77.647
177.34 77.595
180.57 77.543
183.86 77.492
187.2 77.441
190.61 77.389
194.08 77.338
197.61 77.286
201.21 77.232
204.87 77.178
208.6 77.121
212.39 77.063
216.26 77.003
220.19 76.943
224.2 76.881
228.28 76.82
232.44 76.758
236.67 76.697
240.97 76.635
245.36 76.574
249.82 76.514
254.37 76.453
259 76.393
263.71 76.333
268.51 76.272
273.4 76.211
278.38 76.151
283.44 76.09
288.6 76.03
293.85 75.97
299.2 75.91
304.65 75.85
310.19 75.791
315.84 75.73
321.59 75.669
327.44 75.606
333.4 75.544
339.47 75.481
345.64 75.419
351.93 75.358
358.34 75.297
364.86 75.237
371.5 75.179
378.26 75.121
385.15 75.065
392.16 75.01
399.29 74.955
406.56 74.902
413.96 74.85
421.49 74.8
429.16 74.751
436.97 74.704
444.93 74.658
453.02 74.614
461.27 74.57
469.66 74.528
478.21 74.486
486.91 74.445
495.78 74.405
504.8 74.366
513.99 74.328
523.34 74.291
532.87 74.255
542.56 74.221
552.44 74.189
562.49 74.158
572.73 74.129
583.15 74.102
593.77 74.077
604.57 74.054
615.57 74.033
626.78 74.014
638.18 73.998
649.8 73.984
661.63 73.973
673.67 73.964
685.93 73.958
698.41 73.955
711.12 73.955
724.06 73.958
737.24 73.966
750.66 73.977
764.32 73.994
778.23 74.016
792.39 74.044
806.82 74.079
821.5 74.12
836.45 74.168
851.67 74.224
867.17 74.286
882.96 74.355
899.02 74.43
915.39 74.512
932.05 74.601
949.01 74.696
966.28 74.797
983.87 74.902
1001.77 75.011
1020 75.122
1038.57 75.235
1057.47 75.351
1076.71 75.469
1096.31 75.592
1116.26 75.717
1136.58 75.847
1157.26 75.981
1178.32 76.119
1199.77 76.261
1221.6 76.407
1243.84 76.556
1266.47 76.709
1289.52 76.865
1312.99 77.023
1336.89 77.182
1361.22 77.345
1385.99 77.511
1411.22 77.679
1436.9 77.849
1463.05 78.019
1489.68 78.187
1516.79 78.354
1544.4 78.519
1572.5 78.683
1601.12 78.844
1630.26 79
1659.93 79.154
1690.14 79.307
1720.9 79.458
1752.22 79.61
1784.11 79.762
1816.58 79.916
1849.64 80.072
1883.3 80.23
1917.58 80.391
1952.48 80.554
1988.01 80.721
2024.19 80.891
2061.03 81.064
2098.54 81.243
2136.73 81.423
2175.62 81.604
2215.22 81.786
2255.53 81.967
2296.58 82.148
2338.38 82.328
2380.94 82.505
2424.27 82.679
2468.39 82.849
2513.31 83.013
2559.05 83.17
2605.63 83.32
2653.05 83.46
2701.33 83.591
2750.5 83.711
2800.55 83.819
2851.52 83.915
2903.42 83.998
2956.26 84.069
3010.06 84.127
3064.85 84.171
3120.62 84.202
3177.42 84.221
3235.25 84.227
3294.13 84.222
3354.08 84.207
3415.12 84.181
3477.27 84.147
3540.56 84.104
3605 84.053
3670.6 83.995
3737.41 83.93
3805.43 83.857
3874.68 83.777
3945.2 83.688
4017 83.589
4090.11 83.48
4164.55 83.36
4240.34 83.229
4317.51 83.087
4396.09 82.933
4476.1 82.768
4557.56 82.591
4640.5 82.402
4724.96 82.203
4810.95 81.993
4898.51 81.774
4987.66 81.546
5078.43 81.311
5170.86 81.07
5264.97 80.826
5360.79 80.582
5458.35 80.34
5557.69 80.105
5658.84 79.881
5761.82 79.672
5866.69 79.482
5973.46 79.317
6082.17 79.184
6192.87 79.089
6305.57 79.04
6420.33 79.047
6537.18 79.119
6656.15 79.266
6777.29 79.497
6900.63 79.821
7026.22 80.241
7154.1 80.754
7284.3 81.341
7416.87 81.97
7551.85 82.59
7689.29 83.133
7829.23 83.525
7971.72 83.694
8116.8 83.59
8264.53 83.19
8414.94 82.51
8568.09 81.597
8724.02 80.52
8882.79 79.356
9044.46 78.171
9209.06 77.016
9376.66 75.925
9547.31 74.912
9721.07 73.98
9897.99 73.123
10078.13 72.332
10261.55 71.599
10448.3 70.917
10638.45 70.286
10832.07 69.711
11029.21 69.205
11229.94 68.789
11434.32 68.488
11642.41 68.331
11854.3 68.353
12070.04 68.584
12289.71 69.05
12513.38 69.76
12741.12 70.699
12973 71.813
13209.1 73.002
13449.5 74.129
13694.28 75.037
13943.51 75.585
14197.27 75.69
14455.66 75.361
14718.74 74.689
14986.62 73.839
15259.37 72.994
15537.08 72.313
15819.85 71.902
16107.76 71.786
16400.92 71.917
16699.41 72.19
17003.33 72.466
17312.78 72.602
17627.86 72.465
17948.68 71.948
18275.34 70.971
18607.94 69.5
18946.6 67.562
19291.42 65.253
19642.52 62.721
20000 60.115