20 79.504
20.36 79.525
20.73 79.546
21.11 79.567
21.5 79.588
21.89 79.609
22.29 79.629
22.69 79.65
23.1 79.672
23.52 79.693
23.95 79.714
24.39 79.735
24.83 79.756
25.28 79.778
25.74 79.799
26.21 79.821
26.69 79.842
27.18 79.864
27.67 79.886
28.17 79.908
28.69 79.93
29.21 79.952
29.74 79.975
30.28 79.998
30.83 80.021
31.39 80.043
31.97 80.066
32.55 80.09
33.14 80.113
33.74 80.137
34.36 80.161
34.98 80.185
35.62 80.208
36.27 80.232
36.93 80.256
37.6 80.279
38.28 80.302
38.98 80.325
39.69 80.347
40.41 80.368
41.15 80.389
41.9 80.41
42.66 80.429
43.44 80.448
44.23 80.466
45.03 80.483
45.85 80.499
46.68 80.514
47.53 80.528
48.4 80.541
49.28 80.552
50.18 80.562
51.09 80.569
52.02 80.576
52.97 80.581
53.93 80.583
54.91 80.584
55.91 80.582
56.93 80.578
57.97 80.572
59.02 80.563
60.09 80.552
61.19 80.538
62.3 80.522
63.44 80.503
64.59 80.481
65.77 80.457
66.96 80.43
68.18 80.4
69.42 80.368
70.69 80.333
71.97 80.295
73.28 80.254
74.62 80.21
75.97 80.164
77.36 80.114
78.76 80.061
80.2 80.004
81.66 79.945
83.14 79.882
84.66 79.815
86.2 79.745
87.77 79.672
89.36 79.595
90.99 79.513
92.65 79.428
94.33 79.34
96.05 79.247
97.8 79.15
99.58 79.05
101.39 78.945
103.23 78.838
105.11 78.728
107.03 78.616
108.97 78.501
110.96 78.384
112.98 78.266
115.03 78.146
117.13 78.025
119.26 77.9
121.43 77.772
123.64 77.642
125.89 77.509
128.18 77.372
130.51 77.234
132.89 77.093
135.31 76.95
137.77 76.806
140.28 76.661
142.83 76.516
145.43 76.371
148.07 76.227
150.77 76.084
153.51 75.942
156.31 75.804
159.15 75.668
162.05 75.536
165 75.408
168 75.285
171.06 75.165
174.17 75.05
177.34 74.939
180.57 74.833
183.86 74.731
187.2 74.633
190.61 74.541
194.08 74.454
197.61 74.373
201.21 74.297
204.87 74.228
208.6 74.165
212.39 74.109
216.26 74.058
220.19 74.014
224.2 73.975
228.28 73.944
232.44 73.917
236.67 73.896
240.97 73.88
245.36 73.869
249.82 73.861
254.37 73.858
259 73.859
263.71 73.863
268.51 73.87
273.4 73.879
278.38 73.891
283.44 73.904
288.6 73.919
293.85 73.935
299.2 73.952
304.65 73.97
310.19 73.988
315.84 74.007
321.59 74.026
327.44 74.045
333.4 74.065
339.47 74.084
345.64 74.102
351.93 74.121
358.34 74.139
364.86 74.157
371.5 74.175
378.26 74.192
385.15 74.207
392.16 74.223
399.29 74.237
406.56 74.25
413.96 74.264
421.49 74.276
429.16 74.287
436.97 74.298
444.93 74.308
453.02 74.318
461.27 74.327
469.66 74.335
478.21 74.343
486.91 74.35
495.78 74.357
504.8 74.364
513.99 74.37
523.34 74.376
532.87 74.382
542.56 74.387
552.44 74.392
562.49 74.397
572.73 74.402
583.15 74.406
593.77 74.411
604.57 74.416
615.57 74.421
626.78 74.427
638.18 74.433
649.8 74.439
661.63 74.447
673.67 74.454
685.93 74.462
698.41 74.471
711.12 74.481
724.06 74.49
737.24 74.5
750.66 74.509
764.32 74.519
778.23 74.528
792.39 74.536
806.82 74.543
821.5 74.549
836.45 74.555
851.67 74.562
867.17 74.572
882.96 74.585
899.02 74.605
915.39 74.634
932.05 74.675
949.01 74.731
966.28 74.805
983.87 74.898
1001.77 75.011
1020 75.145
1038.57 75.297
1057.47 75.465
1076.71 75.646
1096.31 75.837
1116.26 76.034
1136.58 76.231
1157.26 76.427
1178.32 76.617
1199.77 76.801
1221.6 76.977
1243.84 77.145
1266.47 77.305
1289.52 77.456
1312.99 77.601
1336.89 77.739
1361.22 77.869
1385.99 77.991
1411.22 78.105
1436.9 78.214
1463.05 78.317
1489.68 78.416
1516.79 78.514
1544.4 78.611
1572.5 78.709
1601.12 78.809
1630.26 78.911
1659.93 79.017
1690.14 79.124
1720.9 79.233
1752.22 79.345
1784.11 79.458
1816.58 79.572
1849.64 79.688
1883.3 79.805
1917.58 79.923
1952.48 80.042
1988.01 80.162
2024.19 80.283
2061.03 80.404
2098.54 80.525
2136.73 80.643
2175.62 80.76
2215.22 80.874
2255.53 80.983
2296.58 81.087
2338.38 81.187
2380.94 81.279
2424.27 81.365
2468.39 81.443
2513.31 81.513
2559.05 81.574
2605.63 81.627
2653.05 81.672
2701.33 81.708
2750.5 81.736
2800.55 81.756
2851.52 81.769
2903.42 81.776
2956.26 81.776
3010.06 81.77
3064.85 81.758
3120.62 81.741
3177.42 81.718
3235.25 81.691
3294.13 81.658
3354.08 81.621
3415.12 81.58
3477.27 81.534
3540.56 81.486
3605 81.435
3670.6 81.382
3737.41 81.327
3805.43 81.271
3874.68 81.214
3945.2 81.158
4017 81.102
4090.11 81.048
4164.55 80.997
4240.34 80.951
4317.51 80.911
4396.09 80.878
4476.1 80.852
4557.56 80.832
4640.5 80.819
4724.96 80.81
4810.95 80.805
4898.51 80.806
4987.66 80.814
5078.43 80.832
5170.86 80.864
5264.97 80.909
5360.79 80.965
5458.35 81.024
5557.69 81.075
5658.84 81.105
5761.82 81.101
5866.69 81.052
5973.46 80.954
6082.17 80.808
6192.87 80.625
6305.57 80.42
6420.33 80.208
6537.18 80.007
6656.15 79.833
6777.29 79.698
6900.63 79.613
7026.22 79.583
7154.1 79.606
7284.3 79.671
7416.87 79.758
7551.85 79.831
7689.29 79.844
7829.23 79.74
7971.72 79.461
8116.8 78.955
8264.53 78.19
8414.94 77.169
8568.09 75.934
8724.02 74.564
8882.79 73.168
9044.46 71.876
9209.06 70.812
9376.66 70.081
9547.31 69.74
9721.07 69.781
9897.99 70.141
10078.13 70.709
10261.55 71.364
10448.3 71.996
10638.45 72.528
10832.07 72.922
11029.21 73.175
11229.94 73.317
11434.32 73.392
11642.41 73.454
11854.3 73.557
12070.04 73.752
12289.71 74.094
12513.38 74.631
12741.12 75.405
12973 76.431
13209.1 77.683
13449.5 79.07
13694.28 80.43
13943.51 81.541
14197.27 82.179
14455.66 82.184
14718.74 81.528
14986.62 80.336
15259.37 78.857
15537.08 77.391
15819.85 76.215
16107.76 75.51
16400.92 75.323
16699.41 75.558
17003.33 75.992
17312.78 76.323
17627.86 76.245
17948.68 75.526
18275.34 74.068
18607.94 71.926
18946.6 69.269
19291.42 66.31
19642.52 63.238
20000 60.16