20 81.954
20.36 81.997
20.73 82.04
21.11 82.083
21.5 82.125
21.89 82.167
22.29 82.208
22.69 82.25
23.1 82.29
23.52 82.33
23.95 82.369
24.39 82.408
24.83 82.446
25.28 82.482
25.74 82.518
26.21 82.552
26.69 82.585
27.18 82.618
27.67 82.648
28.17 82.677
28.69 82.705
29.21 82.731
29.74 82.755
30.28 82.778
30.83 82.799
31.39 82.817
31.97 82.834
32.55 82.849
33.14 82.861
33.74 82.872
34.36 82.88
34.98 82.886
35.62 82.89
36.27 82.892
36.93 82.892
37.6 82.891
38.28 82.888
38.98 82.882
39.69 82.875
40.41 82.866
41.15 82.856
41.9 82.845
42.66 82.832
43.44 82.817
44.23 82.802
45.03 82.785
45.85 82.767
46.68 82.747
47.53 82.727
48.4 82.705
49.28 82.682
50.18 82.658
51.09 82.633
52.02 82.606
52.97 82.577
53.93 82.547
54.91 82.516
55.91 82.484
56.93 82.45
57.97 82.414
59.02 82.377
60.09 82.338
61.19 82.298
62.3 82.256
63.44 82.212
64.59 82.167
65.77 82.12
66.96 82.072
68.18 82.022
69.42 81.971
70.69 81.918
71.97 81.865
73.28 81.809
74.62 81.752
75.97 81.694
77.36 81.634
78.76 81.573
80.2 81.512
81.66 81.449
83.14 81.385
84.66 81.321
86.2 81.255
87.77 81.189
89.36 81.122
90.99 81.054
92.65 80.985
94.33 80.915
96.05 80.845
97.8 80.774
99.58 80.702
101.39 80.629
103.23 80.555
105.11 80.48
107.03 80.405
108.97 80.328
110.96 80.251
112.98 80.173
115.03 80.094
117.13 80.014
119.26 79.934
121.43 79.853
123.64 79.773
125.89 79.692
128.18 79.611
130.51 79.529
132.89 79.447
135.31 79.363
137.77 79.277
140.28 79.191
142.83 79.104
145.43 79.015
148.07 78.924
150.77 78.834
153.51 78.743
156.31 78.65
159.15 78.558
162.05 78.465
165 78.373
168 78.28
171.06 78.189
174.17 78.098
177.34 78.008
180.57 77.919
183.86 77.831
187.2 77.744
190.61 77.658
194.08 77.572
197.61 77.486
201.21 77.4
204.87 77.313
208.6 77.225
212.39 77.136
216.26 77.046
220.19 76.957
224.2 76.866
228.28 76.776
232.44 76.687
236.67 76.599
240.97 76.512
245.36 76.427
249.82 76.343
254.37 76.26
259 76.179
263.71 76.099
268.51 76.019
273.4 75.939
278.38 75.861
283.44 75.782
288.6 75.705
293.85 75.629
299.2 75.553
304.65 75.479
310.19 75.404
315.84 75.331
321.59 75.258
327.44 75.185
333.4 75.111
339.47 75.04
345.64 74.969
351.93 74.9
358.34 74.833
364.86 74.767
371.5 74.703
378.26 74.641
385.15 74.58
392.16 74.521
399.29 74.463
406.56 74.407
413.96 74.351
421.49 74.298
429.16 74.246
436.97 74.195
444.93 74.147
453.02 74.1
461.27 74.053
469.66 74.007
478.21 73.963
486.91 73.921
495.78 73.88
504.8 73.841
513.99 73.803
523.34 73.768
532.87 73.734
542.56 73.702
552.44 73.673
562.49 73.646
572.73 73.622
583.15 73.6
593.77 73.58
604.57 73.563
615.57 73.549
626.78 73.537
638.18 73.53
649.8 73.525
661.63 73.524
673.67 73.527
685.93 73.534
698.41 73.544
711.12 73.558
724.06 73.577
737.24 73.6
750.66 73.628
764.32 73.66
778.23 73.697
792.39 73.741
806.82 73.791
821.5 73.848
836.45 73.912
851.67 73.985
867.17 74.064
882.96 74.153
899.02 74.249
915.39 74.354
932.05 74.47
949.01 74.594
966.28 74.726
983.87 74.867
1001.77 75.014
1020 75.167
1038.57 75.321
1057.47 75.479
1076.71 75.64
1096.31 75.802
1116.26 75.966
1136.58 76.131
1157.26 76.298
1178.32 76.468
1199.77 76.638
1221.6 76.809
1243.84 76.983
1266.47 77.156
1289.52 77.33
1312.99 77.503
1336.89 77.672
1361.22 77.843
1385.99 78.012
1411.22 78.18
1436.9 78.346
1463.05 78.51
1489.68 78.67
1516.79 78.826
1544.4 78.978
1572.5 79.126
1601.12 79.267
1630.26 79.4
1659.93 79.523
1690.14 79.637
1720.9 79.739
1752.22 79.829
1784.11 79.907
1816.58 79.971
1849.64 80.021
1883.3 80.056
1917.58 80.077
1952.48 80.085
1988.01 80.079
2024.19 80.061
2061.03 80.033
2098.54 79.993
2136.73 79.945
2175.62 79.889
2215.22 79.827
2255.53 79.759
2296.58 79.689
2338.38 79.615
2380.94 79.542
2424.27 79.47
2468.39 79.401
2513.31 79.338
2559.05 79.279
2605.63 79.229
2653.05 79.187
2701.33 79.156
2750.5 79.136
2800.55 79.129
2851.52 79.136
2903.42 79.157
2956.26 79.196
3010.06 79.252
3064.85 79.326
3120.62 79.42
3177.42 79.532
3235.25 79.665
3294.13 79.816
3354.08 79.984
3415.12 80.165
3477.27 80.357
3540.56 80.55
3605 80.736
3670.6 80.903
3737.41 81.037
3805.43 81.123
3874.68 81.144
3945.2 81.085
4017 80.936
4090.11 80.688
4164.55 80.345
4240.34 79.919
4317.51 79.428
4396.09 78.907
4476.1 78.392
4557.56 77.922
4640.5 77.53
4724.96 77.242
4810.95 77.063
4898.51 76.978
4987.66 76.957
5078.43 76.964
5170.86 76.963
5264.97 76.923
5360.79 76.832
5458.35 76.687
5557.69 76.503
5658.84 76.303
5761.82 76.117
5866.69 75.978
5973.46 75.917
6082.17 75.962
6192.87 76.13
6305.57 76.44
6420.33 76.901
6537.18 77.52
6656.15 78.294
6777.29 79.213
6900.63 80.241
7026.22 81.318
7154.1 82.357
7284.3 83.236
7416.87 83.822
7551.85 83.998
7689.29 83.693
7829.23 82.905
7971.72 81.701
8116.8 80.201
8264.53 78.547
8414.94 76.872
8568.09 75.285
8724.02 73.856
8882.79 72.621
9044.46 71.591
9209.06 70.763
9376.66 70.129
9547.31 69.677
9721.07 69.397
9897.99 69.28
10078.13 69.315
10261.55 69.486
10448.3 69.773
10638.45 70.145
10832.07 70.562
11029.21 70.981
11229.94 71.359
11434.32 71.665
11642.41 71.883
11854.3 72.012
12070.04 72.071
12289.71 72.08
12513.38 72.047
12741.12 71.965
12973 71.793
13209.1 71.472
13449.5 70.935
13694.28 70.133
13943.51 69.063
14197.27 67.774
14455.66 66.364
14718.74 64.96
14986.62 63.695
15259.37 62.682
15537.08 61.991
15819.85 61.631
16107.76 61.542
16400.92 61.586
16699.41 61.571
17003.33 61.289
17312.78 60.552
17627.86 59.232
17948.68 57.269
18275.34 54.677
18607.94 51.53
18946.6 47.952
19291.42 44.102
19642.52 40.128
20000 36.126