20 82.031
20.36 82.032
20.73 82.032
21.11 82.033
21.5 82.034
21.89 82.034
22.29 82.035
22.69 82.035
23.1 82.034
23.52 82.034
23.95 82.033
24.39 82.031
24.83 82.029
25.28 82.026
25.74 82.023
26.21 82.02
26.69 82.015
27.18 82.009
27.67 82.003
28.17 81.996
28.69 81.988
29.21 81.979
29.74 81.97
30.28 81.959
30.83 81.947
31.39 81.934
31.97 81.92
32.55 81.904
33.14 81.888
33.74 81.87
34.36 81.85
34.98 81.83
35.62 81.809
36.27 81.785
36.93 81.761
37.6 81.737
38.28 81.71
38.98 81.682
39.69 81.654
40.41 81.624
41.15 81.594
41.9 81.563
42.66 81.53
43.44 81.496
44.23 81.462
45.03 81.426
45.85 81.391
46.68 81.354
47.53 81.316
48.4 81.277
49.28 81.237
50.18 81.196
51.09 81.154
52.02 81.111
52.97 81.068
53.93 81.024
54.91 80.978
55.91 80.931
56.93 80.884
57.97 80.834
59.02 80.785
60.09 80.733
61.19 80.681
62.3 80.628
63.44 80.573
64.59 80.518
65.77 80.462
66.96 80.403
68.18 80.345
69.42 80.285
70.69 80.223
71.97 80.161
73.28 80.098
74.62 80.033
75.97 79.968
77.36 79.901
78.76 79.834
80.2 79.767
81.66 79.698
83.14 79.628
84.66 79.559
86.2 79.488
87.77 79.417
89.36 79.346
90.99 79.275
92.65 79.204
94.33 79.131
96.05 79.058
97.8 78.986
99.58 78.912
101.39 78.838
103.23 78.764
105.11 78.689
107.03 78.614
108.97 78.539
110.96 78.463
112.98 78.387
115.03 78.311
117.13 78.234
119.26 78.157
121.43 78.08
123.64 78.003
125.89 77.925
128.18 77.848
130.51 77.771
132.89 77.692
135.31 77.613
137.77 77.533
140.28 77.451
142.83 77.369
145.43 77.287
148.07 77.203
150.77 77.119
153.51 77.035
156.31 76.951
159.15 76.867
162.05 76.784
165 76.7
168 76.619
171.06 76.537
174.17 76.457
177.34 76.378
180.57 76.3
183.86 76.224
187.2 76.149
190.61 76.075
194.08 76.001
197.61 75.927
201.21 75.854
204.87 75.78
208.6 75.706
212.39 75.631
216.26 75.557
220.19 75.482
224.2 75.407
228.28 75.332
232.44 75.258
236.67 75.187
240.97 75.117
245.36 75.048
249.82 74.982
254.37 74.917
259 74.853
263.71 74.791
268.51 74.729
273.4 74.668
278.38 74.608
283.44 74.548
288.6 74.489
293.85 74.432
299.2 74.375
304.65 74.319
310.19 74.264
315.84 74.209
321.59 74.155
327.44 74.103
333.4 74.05
339.47 73.999
345.64 73.949
351.93 73.9
358.34 73.853
364.86 73.806
371.5 73.762
378.26 73.72
385.15 73.678
392.16 73.638
399.29 73.6
406.56 73.562
413.96 73.527
421.49 73.492
429.16 73.459
436.97 73.428
444.93 73.399
453.02 73.371
461.27 73.344
469.66 73.319
478.21 73.296
486.91 73.273
495.78 73.251
504.8 73.23
513.99 73.208
523.34 73.186
532.87 73.162
542.56 73.134
552.44 73.103
562.49 73.069
572.73 73.031
583.15 72.995
593.77 72.965
604.57 72.945
615.57 72.938
626.78 72.948
638.18 72.974
649.8 73.013
661.63 73.061
673.67 73.115
685.93 73.17
698.41 73.224
711.12 73.276
724.06 73.327
737.24 73.376
750.66 73.426
764.32 73.475
778.23 73.529
792.39 73.586
806.82 73.648
821.5 73.717
836.45 73.793
851.67 73.877
867.17 73.969
882.96 74.07
899.02 74.178
915.39 74.295
932.05 74.421
949.01 74.557
966.28 74.702
983.87 74.856
1001.77 75.016
1020 75.181
1038.57 75.35
1057.47 75.523
1076.71 75.699
1096.31 75.877
1116.26 76.057
1136.58 76.238
1157.26 76.42
1178.32 76.602
1199.77 76.783
1221.6 76.965
1243.84 77.144
1266.47 77.324
1289.52 77.504
1312.99 77.682
1336.89 77.859
1361.22 78.038
1385.99 78.22
1411.22 78.406
1436.9 78.594
1463.05 78.785
1489.68 78.981
1516.79 79.182
1544.4 79.389
1572.5 79.603
1601.12 79.822
1630.26 80.045
1659.93 80.273
1690.14 80.508
1720.9 80.748
1752.22 80.995
1784.11 81.247
1816.58 81.503
1849.64 81.761
1883.3 82.021
1917.58 82.279
1952.48 82.534
1988.01 82.783
2024.19 83.025
2061.03 83.256
2098.54 83.473
2136.73 83.671
2175.62 83.847
2215.22 83.997
2255.53 84.117
2296.58 84.207
2338.38 84.262
2380.94 84.285
2424.27 84.274
2468.39 84.231
2513.31 84.156
2559.05 84.054
2605.63 83.927
2653.05 83.779
2701.33 83.614
2750.5 83.435
2800.55 83.247
2851.52 83.052
2903.42 82.855
2956.26 82.658
3010.06 82.465
3064.85 82.277
3120.62 82.1
3177.42 81.931
3235.25 81.775
3294.13 81.631
3354.08 81.497
3415.12 81.374
3477.27 81.26
3540.56 81.153
3605 81.054
3670.6 80.968
3737.41 80.9
3805.43 80.857
3874.68 80.84
3945.2 80.846
4017 80.862
4090.11 80.88
4164.55 80.893
4240.34 80.892
4317.51 80.871
4396.09 80.825
4476.1 80.75
4557.56 80.642
4640.5 80.499
4724.96 80.315
4810.95 80.091
4898.51 79.827
4987.66 79.525
5078.43 79.189
5170.86 78.824
5264.97 78.436
5360.79 78.034
5458.35 77.625
5557.69 77.217
5658.84 76.819
5761.82 76.436
5866.69 76.077
5973.46 75.748
6082.17 75.458
6192.87 75.216
6305.57 75.029
6420.33 74.908
6537.18 74.863
6656.15 74.908
6777.29 75.058
6900.63 75.327
7026.22 75.729
7154.1 76.271
7284.3 76.946
7416.87 77.731
7551.85 78.574
7689.29 79.396
7829.23 80.096
7971.72 80.567
8116.8 80.712
8264.53 80.472
8414.94 79.84
8568.09 78.867
8724.02 77.646
8882.79 76.291
9044.46 74.913
9209.06 73.604
9376.66 72.429
9547.31 71.427
9721.07 70.622
9897.99 70.021
10078.13 69.632
10261.55 69.465
10448.3 69.535
10638.45 69.856
10832.07 70.446
11029.21 71.297
11229.94 72.376
11434.32 73.598
11642.41 74.828
11854.3 75.889
12070.04 76.599
12289.71 76.812
12513.38 76.468
12741.12 75.611
12973 74.391
13209.1 73.012
13449.5 71.679
13694.28 70.559
13943.51 69.747
14197.27 69.265
14455.66 69.063
14718.74 69.038
14986.62 69.064
15259.37 69.023
15537.08 68.836
15819.85 68.485
16107.76 67.992
16400.92 67.383
16699.41 66.623
17003.33 65.593
17312.78 64.115
17627.86 62.012
17948.68 59.174
18275.34 55.587
18607.94 51.335
18946.6 46.564
19291.42 41.455
19642.52 36.175
20000 30.849