20 83.715
20.36 83.706
20.73 83.698
21.11 83.689
21.5 83.68
21.89 83.671
22.29 83.661
22.69 83.651
23.1 83.64
23.52 83.629
23.95 83.616
24.39 83.603
24.83 83.589
25.28 83.574
25.74 83.557
26.21 83.54
26.69 83.521
27.18 83.5
27.67 83.479
28.17 83.455
28.69 83.43
29.21 83.403
29.74 83.374
30.28 83.343
30.83 83.31
31.39 83.275
31.97 83.237
32.55 83.197
33.14 83.155
33.74 83.111
34.36 83.064
34.98 83.014
35.62 82.963
36.27 82.909
36.93 82.853
37.6 82.796
38.28 82.736
38.98 82.674
39.69 82.611
40.41 82.546
41.15 82.479
41.9 82.411
42.66 82.342
43.44 82.27
44.23 82.198
45.03 82.125
45.85 82.05
46.68 81.974
47.53 81.898
48.4 81.82
49.28 81.74
50.18 81.66
51.09 81.579
52.02 81.496
52.97 81.412
53.93 81.326
54.91 81.24
55.91 81.152
56.93 81.062
57.97 80.972
59.02 80.879
60.09 80.785
61.19 80.69
62.3 80.593
63.44 80.496
64.59 80.397
65.77 80.297
66.96 80.196
68.18 80.095
69.42 79.993
70.69 79.89
71.97 79.788
73.28 79.685
74.62 79.582
75.97 79.479
77.36 79.376
78.76 79.274
80.2 79.172
81.66 79.071
83.14 78.971
84.66 78.872
86.2 78.775
87.77 78.679
89.36 78.584
90.99 78.49
92.65 78.398
94.33 78.307
96.05 78.217
97.8 78.129
99.58 78.042
101.39 77.957
103.23 77.872
105.11 77.789
107.03 77.708
108.97 77.627
110.96 77.548
112.98 77.47
115.03 77.394
117.13 77.319
119.26 77.246
121.43 77.175
123.64 77.105
125.89 77.038
128.18 76.972
130.51 76.907
132.89 76.844
135.31 76.782
137.77 76.721
140.28 76.66
142.83 76.601
145.43 76.542
148.07 76.485
150.77 76.428
153.51 76.373
156.31 76.319
159.15 76.267
162.05 76.216
165 76.167
168 76.119
171.06 76.073
174.17 76.03
177.34 75.987
180.57 75.946
183.86 75.907
187.2 75.869
190.61 75.832
194.08 75.796
197.61 75.76
201.21 75.726
204.87 75.691
208.6 75.656
212.39 75.622
216.26 75.588
220.19 75.554
224.2 75.52
228.28 75.487
232.44 75.454
236.67 75.422
240.97 75.391
245.36 75.361
249.82 75.332
254.37 75.303
259 75.276
263.71 75.248
268.51 75.221
273.4 75.195
278.38 75.168
283.44 75.142
288.6 75.116
293.85 75.09
299.2 75.064
304.65 75.039
310.19 75.013
315.84 74.987
321.59 74.961
327.44 74.935
333.4 74.909
339.47 74.883
345.64 74.857
351.93 74.832
358.34 74.806
364.86 74.781
371.5 74.756
378.26 74.731
385.15 74.706
392.16 74.682
399.29 74.658
406.56 74.634
413.96 74.61
421.49 74.587
429.16 74.563
436.97 74.54
444.93 74.518
453.02 74.495
461.27 74.472
469.66 74.45
478.21 74.427
486.91 74.404
495.78 74.382
504.8 74.36
513.99 74.338
523.34 74.317
532.87 74.296
542.56 74.275
552.44 74.255
562.49 74.236
572.73 74.217
583.15 74.199
593.77 74.182
604.57 74.166
615.57 74.151
626.78 74.137
638.18 74.125
649.8 74.114
661.63 74.105
673.67 74.097
685.93 74.091
698.41 74.087
711.12 74.086
724.06 74.087
737.24 74.091
750.66 74.098
764.32 74.109
778.23 74.124
792.39 74.143
806.82 74.167
821.5 74.197
836.45 74.232
851.67 74.274
867.17 74.324
882.96 74.381
899.02 74.446
915.39 74.52
932.05 74.602
949.01 74.693
966.28 74.792
983.87 74.898
1001.77 75.011
1020 75.127
1038.57 75.247
1057.47 75.369
1076.71 75.492
1096.31 75.615
1116.26 75.737
1136.58 75.858
1157.26 75.975
1178.32 76.088
1199.77 76.197
1221.6 76.301
1243.84 76.398
1266.47 76.49
1289.52 76.575
1312.99 76.655
1336.89 76.727
1361.22 76.795
1385.99 76.857
1411.22 76.916
1436.9 76.97
1463.05 77.021
1489.68 77.069
1516.79 77.115
1544.4 77.16
1572.5 77.204
1601.12 77.249
1630.26 77.293
1659.93 77.338
1690.14 77.385
1720.9 77.433
1752.22 77.483
1784.11 77.535
1816.58 77.591
1849.64 77.65
1883.3 77.713
1917.58 77.779
1952.48 77.85
1988.01 77.926
2024.19 78.008
2061.03 78.094
2098.54 78.186
2136.73 78.283
2175.62 78.384
2215.22 78.489
2255.53 78.597
2296.58 78.709
2338.38 78.825
2380.94 78.942
2424.27 79.061
2468.39 79.181
2513.31 79.299
2559.05 79.416
2605.63 79.53
2653.05 79.638
2701.33 79.738
2750.5 79.829
2800.55 79.907
2851.52 79.972
2903.42 80.021
2956.26 80.055
3010.06 80.072
3064.85 80.075
3120.62 80.065
3177.42 80.047
3235.25 80.025
3294.13 80.001
3354.08 79.977
3415.12 79.952
3477.27 79.916
3540.56 79.858
3605 79.761
3670.6 79.608
3737.41 79.384
3805.43 79.085
3874.68 78.712
3945.2 78.276
4017 77.793
4090.11 77.284
4164.55 76.769
4240.34 76.271
4317.51 75.813
4396.09 75.423
4476.1 75.125
4557.56 74.942
4640.5 74.888
4724.96 74.964
4810.95 75.157
4898.51 75.435
4987.66 75.755
5078.43 76.066
5170.86 76.319
5264.97 76.473
5360.79 76.501
5458.35 76.392
5557.69 76.151
5658.84 75.795
5761.82 75.354
5866.69 74.861
5973.46 74.351
6082.17 73.857
6192.87 73.411
6305.57 73.038
6420.33 72.759
6537.18 72.592
6656.15 72.549
6777.29 72.642
6900.63 72.876
7026.22 73.248
7154.1 73.745
7284.3 74.335
7416.87 74.968
7551.85 75.579
7689.29 76.094
7829.23 76.448
7971.72 76.593
8116.8 76.512
8264.53 76.224
8414.94 75.779
8568.09 75.245
8724.02 74.697
8882.79 74.197
9044.46 73.79
9209.06 73.495
9376.66 73.308
9547.31 73.209
9721.07 73.167
9897.99 73.148
10078.13 73.125
10261.55 73.089
10448.3 73.044
10638.45 73.015
10832.07 73.035
11029.21 73.143
11229.94 73.364
11434.32 73.702
11642.41 74.125
11854.3 74.569
12070.04 74.94
12289.71 75.137
12513.38 75.077
12741.12 74.718
12973 74.073
13209.1 73.201
13449.5 72.189
13694.28 71.128
13943.51 70.093
14197.27 69.133
14455.66 68.259
14718.74 67.455
14986.62 66.68
15259.37 65.888
15537.08 65.045
15819.85 64.143
16107.76 63.214
16400.92 62.325
16699.41 61.562
17003.33 61.011
17312.78 60.726
17627.86 60.696
17948.68 60.831
18275.34 60.968
18607.94 60.926
18946.6 60.573
19291.42 59.888
19642.52 58.967
20000 57.959