20 81.862
20.36 81.863
20.73 81.863
21.11 81.864
21.5 81.864
21.89 81.864
22.29 81.864
22.69 81.864
23.1 81.863
23.52 81.862
23.95 81.86
24.39 81.858
24.83 81.855
25.28 81.852
25.74 81.848
26.21 81.844
26.69 81.838
27.18 81.832
27.67 81.825
28.17 81.816
28.69 81.807
29.21 81.797
29.74 81.786
30.28 81.774
30.83 81.76
31.39 81.745
31.97 81.729
32.55 81.712
33.14 81.693
33.74 81.673
34.36 81.651
34.98 81.628
35.62 81.604
36.27 81.578
36.93 81.552
37.6 81.523
38.28 81.494
38.98 81.464
39.69 81.432
40.41 81.399
41.15 81.366
41.9 81.331
42.66 81.295
43.44 81.259
44.23 81.221
45.03 81.182
45.85 81.143
46.68 81.103
47.53 81.062
48.4 81.019
49.28 80.976
50.18 80.933
51.09 80.887
52.02 80.841
52.97 80.794
53.93 80.746
54.91 80.697
55.91 80.646
56.93 80.594
57.97 80.54
59.02 80.486
60.09 80.43
61.19 80.373
62.3 80.314
63.44 80.255
64.59 80.195
65.77 80.134
66.96 80.072
68.18 80.009
69.42 79.947
70.69 79.883
71.97 79.819
73.28 79.755
74.62 79.69
75.97 79.625
77.36 79.559
78.76 79.492
80.2 79.425
81.66 79.358
83.14 79.289
84.66 79.22
86.2 79.149
87.77 79.078
89.36 79.006
90.99 78.933
92.65 78.859
94.33 78.784
96.05 78.709
97.8 78.632
99.58 78.554
101.39 78.477
103.23 78.398
105.11 78.319
107.03 78.241
108.97 78.163
110.96 78.085
112.98 78.009
115.03 77.932
117.13 77.856
119.26 77.78
121.43 77.704
123.64 77.627
125.89 77.549
128.18 77.471
130.51 77.393
132.89 77.314
135.31 77.235
137.77 77.155
140.28 77.075
142.83 76.995
145.43 76.915
148.07 76.836
150.77 76.757
153.51 76.678
156.31 76.601
159.15 76.524
162.05 76.449
165 76.375
168 76.302
171.06 76.229
174.17 76.158
177.34 76.086
180.57 76.015
183.86 75.944
187.2 75.873
190.61 75.802
194.08 75.731
197.61 75.661
201.21 75.59
204.87 75.521
208.6 75.451
212.39 75.383
216.26 75.315
220.19 75.248
224.2 75.182
228.28 75.118
232.44 75.055
236.67 74.993
240.97 74.931
245.36 74.87
249.82 74.81
254.37 74.751
259 74.694
263.71 74.637
268.51 74.582
273.4 74.527
278.38 74.474
283.44 74.422
288.6 74.371
293.85 74.322
299.2 74.274
304.65 74.227
310.19 74.182
315.84 74.137
321.59 74.094
327.44 74.052
333.4 74.011
339.47 73.971
345.64 73.932
351.93 73.894
358.34 73.856
364.86 73.819
371.5 73.784
378.26 73.749
385.15 73.716
392.16 73.685
399.29 73.655
406.56 73.627
413.96 73.6
421.49 73.574
429.16 73.55
436.97 73.527
444.93 73.505
453.02 73.484
461.27 73.465
469.66 73.447
478.21 73.431
486.91 73.416
495.78 73.403
504.8 73.392
513.99 73.383
523.34 73.375
532.87 73.369
542.56 73.365
552.44 73.363
562.49 73.363
572.73 73.364
583.15 73.368
593.77 73.373
604.57 73.381
615.57 73.391
626.78 73.403
638.18 73.417
649.8 73.434
661.63 73.453
673.67 73.475
685.93 73.5
698.41 73.529
711.12 73.561
724.06 73.596
737.24 73.635
750.66 73.677
764.32 73.724
778.23 73.774
792.39 73.827
806.82 73.884
821.5 73.945
836.45 74.011
851.67 74.082
867.17 74.159
882.96 74.244
899.02 74.335
915.39 74.433
932.05 74.538
949.01 74.65
966.28 74.766
983.87 74.887
1001.77 75.012
1020 75.141
1038.57 75.274
1057.47 75.41
1076.71 75.548
1096.31 75.69
1116.26 75.834
1136.58 75.98
1157.26 76.128
1178.32 76.278
1199.77 76.429
1221.6 76.582
1243.84 76.738
1266.47 76.896
1289.52 77.058
1312.99 77.225
1336.89 77.397
1361.22 77.573
1385.99 77.751
1411.22 77.93
1436.9 78.109
1463.05 78.289
1489.68 78.467
1516.79 78.644
1544.4 78.816
1572.5 78.983
1601.12 79.142
1630.26 79.29
1659.93 79.424
1690.14 79.547
1720.9 79.661
1752.22 79.772
1784.11 79.888
1816.58 80.015
1849.64 80.157
1883.3 80.316
1917.58 80.493
1952.48 80.685
1988.01 80.891
2024.19 81.103
2061.03 81.316
2098.54 81.524
2136.73 81.722
2175.62 81.904
2215.22 82.065
2255.53 82.205
2296.58 82.32
2338.38 82.411
2380.94 82.477
2424.27 82.518
2468.39 82.534
2513.31 82.522
2559.05 82.477
2605.63 82.392
2653.05 82.259
2701.33 82.076
2750.5 81.848
2800.55 81.591
2851.52 81.327
2903.42 81.084
2956.26 80.88
3010.06 80.723
3064.85 80.613
3120.62 80.545
3177.42 80.507
3235.25 80.486
3294.13 80.472
3354.08 80.454
3415.12 80.433
3477.27 80.413
3540.56 80.399
3605 80.402
3670.6 80.425
3737.41 80.471
3805.43 80.535
3874.68 80.612
3945.2 80.691
4017 80.765
4090.11 80.824
4164.55 80.86
4240.34 80.865
4317.51 80.83
4396.09 80.745
4476.1 80.606
4557.56 80.416
4640.5 80.189
4724.96 79.949
4810.95 79.716
4898.51 79.505
4987.66 79.322
5078.43 79.171
5170.86 79.052
5264.97 78.966
5360.79 78.909
5458.35 78.867
5557.69 78.821
5658.84 78.753
5761.82 78.648
5866.69 78.504
5973.46 78.328
6082.17 78.138
6192.87 77.953
6305.57 77.795
6420.33 77.682
6537.18 77.633
6656.15 77.664
6777.29 77.795
6900.63 78.044
7026.22 78.431
7154.1 78.966
7284.3 79.642
7416.87 80.422
7551.85 81.238
7689.29 81.99
7829.23 82.562
7971.72 82.846
8116.8 82.762
8264.53 82.278
8414.94 81.42
8568.09 80.264
8724.02 78.912
8882.79 77.474
9044.46 76.05
9209.06 74.714
9376.66 73.519
9547.31 72.495
9721.07 71.665
9897.99 71.043
10078.13 70.647
10261.55 70.486
10448.3 70.564
10638.45 70.876
10832.07 71.407
11029.21 72.135
11229.94 73.022
11434.32 74.009
11642.41 75.016
11854.3 75.944
12070.04 76.687
12289.71 77.149
12513.38 77.268
12741.12 77.042
12973 76.539
13209.1 75.884
13449.5 75.228
13694.28 74.708
13943.51 74.416
14197.27 74.371
14455.66 74.522
14718.74 74.762
14986.62 74.963
15259.37 75.013
15537.08 74.856
15819.85 74.502
16107.76 74.012
16400.92 73.463
16699.41 72.909
17003.33 72.364
17312.78 71.8
17627.86 71.16
17948.68 70.385
18275.34 69.421
18607.94 68.233
18946.6 66.823
19291.42 65.24
19642.52 63.575
20000 61.905