20 86.012
20.36 85.985
20.73 85.957
21.11 85.93
21.5 85.902
21.89 85.875
22.29 85.847
22.69 85.819
23.1 85.791
23.52 85.762
23.95 85.732
24.39 85.703
24.83 85.672
25.28 85.64
25.74 85.609
26.21 85.577
26.69 85.543
27.18 85.509
27.67 85.475
28.17 85.438
28.69 85.401
29.21 85.363
29.74 85.325
30.28 85.284
30.83 85.244
31.39 85.2
31.97 85.157
32.55 85.111
33.14 85.064
33.74 85.016
34.36 84.967
34.98 84.916
35.62 84.863
36.27 84.81
36.93 84.755
37.6 84.699
38.28 84.642
38.98 84.584
39.69 84.524
40.41 84.463
41.15 84.401
41.9 84.338
42.66 84.274
43.44 84.21
44.23 84.144
45.03 84.077
45.85 84.01
46.68 83.941
47.53 83.872
48.4 83.801
49.28 83.73
50.18 83.658
51.09 83.584
52.02 83.51
52.97 83.435
53.93 83.359
54.91 83.282
55.91 83.203
56.93 83.124
57.97 83.043
59.02 82.962
60.09 82.879
61.19 82.795
62.3 82.709
63.44 82.622
64.59 82.535
65.77 82.447
66.96 82.357
68.18 82.266
69.42 82.174
70.69 82.082
71.97 81.987
73.28 81.891
74.62 81.796
75.97 81.699
77.36 81.602
78.76 81.505
80.2 81.407
81.66 81.308
83.14 81.21
84.66 81.111
86.2 81.014
87.77 80.915
89.36 80.817
90.99 80.719
92.65 80.621
94.33 80.523
96.05 80.425
97.8 80.327
99.58 80.229
101.39 80.13
103.23 80.031
105.11 79.933
107.03 79.833
108.97 79.734
110.96 79.634
112.98 79.534
115.03 79.434
117.13 79.334
119.26 79.235
121.43 79.135
123.64 79.037
125.89 78.938
128.18 78.84
130.51 78.743
132.89 78.646
135.31 78.548
137.77 78.45
140.28 78.352
142.83 78.252
145.43 78.151
148.07 78.052
150.77 77.951
153.51 77.85
156.31 77.749
159.15 77.649
162.05 77.549
165 77.45
168 77.352
171.06 77.255
174.17 77.16
177.34 77.067
180.57 76.975
183.86 76.884
187.2 76.795
190.61 76.708
194.08 76.622
197.61 76.536
201.21 76.45
204.87 76.364
208.6 76.279
212.39 76.193
216.26 76.107
220.19 76.02
224.2 75.935
228.28 75.849
232.44 75.766
236.67 75.683
240.97 75.602
245.36 75.524
249.82 75.448
254.37 75.373
259 75.3
263.71 75.229
268.51 75.159
273.4 75.091
278.38 75.023
283.44 74.957
288.6 74.893
293.85 74.83
299.2 74.767
304.65 74.707
310.19 74.646
315.84 74.587
321.59 74.529
327.44 74.47
333.4 74.412
339.47 74.354
345.64 74.299
351.93 74.244
358.34 74.191
364.86 74.14
371.5 74.091
378.26 74.044
385.15 73.998
392.16 73.953
399.29 73.911
406.56 73.87
413.96 73.832
421.49 73.794
429.16 73.76
436.97 73.726
444.93 73.696
453.02 73.667
461.27 73.64
469.66 73.614
478.21 73.591
486.91 73.569
495.78 73.548
504.8 73.528
513.99 73.509
523.34 73.488
532.87 73.466
542.56 73.443
552.44 73.418
562.49 73.393
572.73 73.368
583.15 73.345
593.77 73.322
604.57 73.303
615.57 73.288
626.78 73.277
638.18 73.272
649.8 73.275
661.63 73.284
673.67 73.299
685.93 73.32
698.41 73.347
711.12 73.377
724.06 73.411
737.24 73.449
750.66 73.491
764.32 73.536
778.23 73.586
792.39 73.641
806.82 73.701
821.5 73.768
836.45 73.843
851.67 73.923
867.17 74.011
882.96 74.106
899.02 74.21
915.39 74.322
932.05 74.443
949.01 74.574
966.28 74.713
983.87 74.861
1001.77 75.015
1020 75.175
1038.57 75.339
1057.47 75.507
1076.71 75.68
1096.31 75.854
1116.26 76.031
1136.58 76.211
1157.26 76.393
1178.32 76.576
1199.77 76.76
1221.6 76.944
1243.84 77.129
1266.47 77.313
1289.52 77.498
1312.99 77.681
1336.89 77.864
1361.22 78.045
1385.99 78.228
1411.22 78.413
1436.9 78.599
1463.05 78.786
1489.68 78.974
1516.79 79.166
1544.4 79.362
1572.5 79.561
1601.12 79.765
1630.26 79.971
1659.93 80.18
1690.14 80.394
1720.9 80.613
1752.22 80.835
1784.11 81.061
1816.58 81.289
1849.64 81.518
1883.3 81.747
1917.58 81.973
1952.48 82.194
1988.01 82.409
2024.19 82.615
2061.03 82.81
2098.54 82.993
2136.73 83.16
2175.62 83.306
2215.22 83.429
2255.53 83.528
2296.58 83.602
2338.38 83.648
2380.94 83.666
2424.27 83.657
2468.39 83.622
2513.31 83.563
2559.05 83.481
2605.63 83.377
2653.05 83.256
2701.33 83.121
2750.5 82.975
2800.55 82.82
2851.52 82.657
2903.42 82.492
2956.26 82.325
3010.06 82.159
3064.85 81.998
3120.62 81.841
3177.42 81.694
3235.25 81.554
3294.13 81.423
3354.08 81.303
3415.12 81.191
3477.27 81.091
3540.56 80.998
3605 80.912
3670.6 80.836
3737.41 80.767
3805.43 80.707
3874.68 80.653
3945.2 80.605
4017 80.555
4090.11 80.501
4164.55 80.439
4240.34 80.364
4317.51 80.273
4396.09 80.16
4476.1 80.024
4557.56 79.858
4640.5 79.661
4724.96 79.433
4810.95 79.172
4898.51 78.882
4987.66 78.565
5078.43 78.226
5170.86 77.869
5264.97 77.502
5360.79 77.129
5458.35 76.759
5557.69 76.397
5658.84 76.049
5761.82 75.722
5866.69 75.421
5973.46 75.152
6082.17 74.923
6192.87 74.742
6305.57 74.618
6420.33 74.563
6537.18 74.59
6656.15 74.712
6777.29 74.947
6900.63 75.309
7026.22 75.81
7154.1 76.453
7284.3 77.22
7416.87 78.075
7551.85 78.951
7689.29 79.759
7829.23 80.394
7971.72 80.753
8116.8 80.756
8264.53 80.37
8414.94 79.617
8568.09 78.567
8724.02 77.325
8882.79 76.001
9044.46 74.696
9209.06 73.487
9376.66 72.428
9547.31 71.55
9721.07 70.875
9897.99 70.411
10078.13 70.161
10261.55 70.129
10448.3 70.309
10638.45 70.697
10832.07 71.268
11029.21 71.985
11229.94 72.792
11434.32 73.603
11642.41 74.32
11854.3 74.832
12070.04 75.039
12289.71 74.877
12513.38 74.338
12741.12 73.483
12973 72.429
13209.1 71.322
13449.5 70.295
13694.28 69.449
13943.51 68.833
14197.27 68.442
14455.66 68.223
14718.74 68.087
14986.62 67.939
15259.37 67.689
15537.08 67.292
15819.85 66.744
16107.76 66.068
16400.92 65.284
16699.41 64.356
17003.33 63.183
17312.78 61.606
17627.86 59.465
17948.68 56.657
18275.34 53.171
18607.94 49.079
18946.6 44.525
19291.42 39.675
19642.52 34.684
20000 29.657