20 86.276
20.36 86.247
20.73 86.219
21.11 86.19
21.5 86.162
21.89 86.133
22.29 86.104
22.69 86.074
23.1 86.044
23.52 86.014
23.95 85.983
24.39 85.952
24.83 85.92
25.28 85.888
25.74 85.854
26.21 85.82
26.69 85.785
27.18 85.749
27.67 85.713
28.17 85.675
28.69 85.636
29.21 85.596
29.74 85.555
30.28 85.513
30.83 85.469
31.39 85.424
31.97 85.378
32.55 85.331
33.14 85.281
33.74 85.23
34.36 85.178
34.98 85.124
35.62 85.069
36.27 85.013
36.93 84.954
37.6 84.895
38.28 84.835
38.98 84.773
39.69 84.71
40.41 84.646
41.15 84.581
41.9 84.514
42.66 84.447
43.44 84.378
44.23 84.308
45.03 84.237
45.85 84.166
46.68 84.093
47.53 84.02
48.4 83.945
49.28 83.87
50.18 83.794
51.09 83.716
52.02 83.638
52.97 83.559
53.93 83.479
54.91 83.398
55.91 83.316
56.93 83.233
57.97 83.148
59.02 83.063
60.09 82.977
61.19 82.89
62.3 82.802
63.44 82.713
64.59 82.623
65.77 82.532
66.96 82.439
68.18 82.346
69.42 82.251
70.69 82.156
71.97 82.059
73.28 81.962
74.62 81.863
75.97 81.764
77.36 81.663
78.76 81.563
80.2 81.461
81.66 81.36
83.14 81.258
84.66 81.157
86.2 81.055
87.77 80.953
89.36 80.852
90.99 80.75
92.65 80.648
94.33 80.547
96.05 80.445
97.8 80.344
99.58 80.242
101.39 80.14
103.23 80.039
105.11 79.937
107.03 79.835
108.97 79.732
110.96 79.629
112.98 79.527
115.03 79.424
117.13 79.322
119.26 79.22
121.43 79.118
123.64 79.017
125.89 78.917
128.18 78.818
130.51 78.718
132.89 78.619
135.31 78.52
137.77 78.42
140.28 78.319
142.83 78.218
145.43 78.116
148.07 78.013
150.77 77.91
153.51 77.808
156.31 77.705
159.15 77.603
162.05 77.501
165 77.4
168 77.3
171.06 77.201
174.17 77.104
177.34 77.009
180.57 76.916
183.86 76.825
187.2 76.735
190.61 76.646
194.08 76.559
197.61 76.473
201.21 76.386
204.87 76.3
208.6 76.213
212.39 76.126
216.26 76.039
220.19 75.952
224.2 75.864
228.28 75.778
232.44 75.693
236.67 75.61
240.97 75.528
245.36 75.448
249.82 75.371
254.37 75.295
259 75.221
263.71 75.148
268.51 75.077
273.4 75.006
278.38 74.937
283.44 74.868
288.6 74.801
293.85 74.735
299.2 74.67
304.65 74.607
310.19 74.544
315.84 74.483
321.59 74.422
327.44 74.362
333.4 74.303
339.47 74.245
345.64 74.189
351.93 74.134
358.34 74.081
364.86 74.03
371.5 73.981
378.26 73.933
385.15 73.888
392.16 73.844
399.29 73.802
406.56 73.761
413.96 73.722
421.49 73.684
429.16 73.648
436.97 73.614
444.93 73.58
453.02 73.549
461.27 73.519
469.66 73.49
478.21 73.463
486.91 73.438
495.78 73.414
504.8 73.392
513.99 73.372
523.34 73.354
532.87 73.338
542.56 73.323
552.44 73.311
562.49 73.302
572.73 73.294
583.15 73.289
593.77 73.285
604.57 73.285
615.57 73.287
626.78 73.292
638.18 73.301
649.8 73.312
661.63 73.327
673.67 73.346
685.93 73.368
698.41 73.394
711.12 73.424
724.06 73.457
737.24 73.493
750.66 73.534
764.32 73.579
778.23 73.628
792.39 73.683
806.82 73.745
821.5 73.811
836.45 73.885
851.67 73.966
867.17 74.053
882.96 74.147
899.02 74.248
915.39 74.357
932.05 74.473
949.01 74.598
966.28 74.73
983.87 74.87
1001.77 75.014
1020 75.164
1038.57 75.317
1057.47 75.474
1076.71 75.634
1096.31 75.798
1116.26 75.967
1136.58 76.139
1157.26 76.315
1178.32 76.495
1199.77 76.678
1221.6 76.863
1243.84 77.048
1266.47 77.233
1289.52 77.415
1312.99 77.588
1336.89 77.749
1361.22 77.896
1385.99 78.025
1411.22 78.135
1436.9 78.225
1463.05 78.3
1489.68 78.362
1516.79 78.418
1544.4 78.473
1572.5 78.532
1601.12 78.597
1630.26 78.674
1659.93 78.768
1690.14 78.883
1720.9 79.023
1752.22 79.19
1784.11 79.385
1816.58 79.605
1849.64 79.847
1883.3 80.107
1917.58 80.381
1952.48 80.667
1988.01 80.961
2024.19 81.263
2061.03 81.573
2098.54 81.89
2136.73 82.209
2175.62 82.528
2215.22 82.843
2255.53 83.146
2296.58 83.432
2338.38 83.69
2380.94 83.913
2424.27 84.092
2468.39 84.221
2513.31 84.295
2559.05 84.317
2605.63 84.288
2653.05 84.218
2701.33 84.115
2750.5 83.989
2800.55 83.847
2851.52 83.693
2903.42 83.531
2956.26 83.363
3010.06 83.196
3064.85 83.038
3120.62 82.899
3177.42 82.785
3235.25 82.697
3294.13 82.632
3354.08 82.582
3415.12 82.541
3477.27 82.505
3540.56 82.471
3605 82.438
3670.6 82.41
3737.41 82.391
3805.43 82.385
3874.68 82.394
3945.2 82.42
4017 82.456
4090.11 82.5
4164.55 82.542
4240.34 82.577
4317.51 82.595
4396.09 82.589
4476.1 82.556
4557.56 82.494
4640.5 82.41
4724.96 82.315
4810.95 82.22
4898.51 82.129
4987.66 82.032
5078.43 81.913
5170.86 81.753
5264.97 81.539
5360.79 81.274
5458.35 80.971
5557.69 80.652
5658.84 80.343
5761.82 80.061
5866.69 79.812
5973.46 79.59
6082.17 79.384
6192.87 79.189
6305.57 79.008
6420.33 78.86
6537.18 78.765
6656.15 78.753
6777.29 78.85
6900.63 79.087
7026.22 79.487
7154.1 80.061
7284.3 80.802
7416.87 81.671
7551.85 82.587
7689.29 83.432
7829.23 84.06
7971.72 84.331
8116.8 84.141
8264.53 83.453
8414.94 82.312
8568.09 80.823
8724.02 79.138
8882.79 77.408
9044.46 75.763
9209.06 74.295
9376.66 73.058
9547.31 72.078
9721.07 71.361
9897.99 70.906
10078.13 70.703
10261.55 70.729
10448.3 70.96
10638.45 71.363
10832.07 71.917
11029.21 72.612
11229.94 73.445
11434.32 74.388
11642.41 75.365
11854.3 76.262
12070.04 76.965
12289.71 77.38
12513.38 77.475
12741.12 77.28
12973 76.874
13209.1 76.373
13449.5 75.895
13694.28 75.545
13943.51 75.399
14197.27 75.483
14455.66 75.748
14718.74 76.076
14986.62 76.302
15259.37 76.278
15537.08 75.922
15819.85 75.268
16107.76 74.448
16400.92 73.649
16699.41 73.028
17003.33 72.626
17312.78 72.334
17627.86 71.927
17948.68 71.143
18275.34 69.761
18607.94 67.666
18946.6 64.877
19291.42 61.54
19642.52 57.881
20000 54.117