20 73.146
20.36 73.135
20.73 73.124
21.11 73.112
21.5 73.101
21.89 73.089
22.29 73.077
22.69 73.066
23.1 73.053
23.52 73.041
23.95 73.028
24.39 73.015
24.83 73.001
25.28 72.987
25.74 72.972
26.21 72.958
26.69 72.942
27.18 72.926
27.67 72.909
28.17 72.891
28.69 72.873
29.21 72.854
29.74 72.834
30.28 72.814
30.83 72.793
31.39 72.771
31.97 72.747
32.55 72.723
33.14 72.698
33.74 72.672
34.36 72.645
34.98 72.617
35.62 72.588
36.27 72.558
36.93 72.527
37.6 72.496
38.28 72.463
38.98 72.43
39.69 72.396
40.41 72.362
41.15 72.326
41.9 72.29
42.66 72.254
43.44 72.217
44.23 72.179
45.03 72.141
45.85 72.102
46.68 72.063
47.53 72.023
48.4 71.983
49.28 71.942
50.18 71.901
51.09 71.86
52.02 71.818
52.97 71.775
53.93 71.733
54.91 71.69
55.91 71.647
56.93 71.603
57.97 71.559
59.02 71.515
60.09 71.47
61.19 71.425
62.3 71.38
63.44 71.334
64.59 71.288
65.77 71.241
66.96 71.194
68.18 71.147
69.42 71.099
70.69 71.051
71.97 71.002
73.28 70.952
74.62 70.902
75.97 70.852
77.36 70.802
78.76 70.752
80.2 70.701
81.66 70.651
83.14 70.601
84.66 70.553
86.2 70.504
87.77 70.456
89.36 70.409
90.99 70.362
92.65 70.317
94.33 70.271
96.05 70.227
97.8 70.183
99.58 70.14
101.39 70.097
103.23 70.055
105.11 70.014
107.03 69.973
108.97 69.932
110.96 69.892
112.98 69.853
115.03 69.814
117.13 69.775
119.26 69.737
121.43 69.7
123.64 69.664
125.89 69.63
128.18 69.595
130.51 69.562
132.89 69.53
135.31 69.499
137.77 69.468
140.28 69.438
142.83 69.409
145.43 69.38
148.07 69.354
150.77 69.328
153.51 69.304
156.31 69.281
159.15 69.26
162.05 69.24
165 69.222
168 69.206
171.06 69.191
174.17 69.177
177.34 69.165
180.57 69.155
183.86 69.145
187.2 69.138
190.61 69.131
194.08 69.126
197.61 69.122
201.21 69.12
204.87 69.118
208.6 69.118
212.39 69.119
216.26 69.121
220.19 69.124
224.2 69.129
228.28 69.136
232.44 69.144
236.67 69.153
240.97 69.164
245.36 69.177
249.82 69.191
254.37 69.206
259 69.224
263.71 69.243
268.51 69.263
273.4 69.285
278.38 69.309
283.44 69.334
288.6 69.361
293.85 69.388
299.2 69.418
304.65 69.449
310.19 69.481
315.84 69.515
321.59 69.55
327.44 69.588
333.4 69.627
339.47 69.668
345.64 69.71
351.93 69.754
358.34 69.798
364.86 69.844
371.5 69.891
378.26 69.938
385.15 69.987
392.16 70.037
399.29 70.088
406.56 70.141
413.96 70.195
421.49 70.249
429.16 70.304
436.97 70.361
444.93 70.418
453.02 70.477
461.27 70.537
469.66 70.599
478.21 70.662
486.91 70.727
495.78 70.793
504.8 70.861
513.99 70.93
523.34 71
532.87 71.071
542.56 71.143
552.44 71.215
562.49 71.289
572.73 71.363
583.15 71.437
593.77 71.513
604.57 71.59
615.57 71.669
626.78 71.749
638.18 71.831
649.8 71.916
661.63 72.003
673.67 72.093
685.93 72.185
698.41 72.28
711.12 72.376
724.06 72.474
737.24 72.574
750.66 72.675
764.32 72.78
778.23 72.888
792.39 73.001
806.82 73.119
821.5 73.243
836.45 73.374
851.67 73.51
867.17 73.652
882.96 73.801
899.02 73.955
915.39 74.116
932.05 74.283
949.01 74.458
966.28 74.64
983.87 74.828
1001.77 75.019
1020 75.212
1038.57 75.404
1057.47 75.596
1076.71 75.786
1096.31 75.974
1116.26 76.157
1136.58 76.336
1157.26 76.51
1178.32 76.677
1199.77 76.838
1221.6 76.991
1243.84 77.136
1266.47 77.274
1289.52 77.404
1312.99 77.527
1336.89 77.642
1361.22 77.751
1385.99 77.856
1411.22 77.956
1436.9 78.052
1463.05 78.145
1489.68 78.234
1516.79 78.323
1544.4 78.41
1572.5 78.498
1601.12 78.587
1630.26 78.677
1659.93 78.768
1690.14 78.861
1720.9 78.956
1752.22 79.054
1784.11 79.154
1816.58 79.257
1849.64 79.361
1883.3 79.466
1917.58 79.573
1952.48 79.681
1988.01 79.791
2024.19 79.906
2061.03 80.029
2098.54 80.161
2136.73 80.306
2175.62 80.467
2215.22 80.645
2255.53 80.841
2296.58 81.056
2338.38 81.289
2380.94 81.537
2424.27 81.795
2468.39 82.06
2513.31 82.329
2559.05 82.597
2605.63 82.858
2653.05 83.108
2701.33 83.339
2750.5 83.543
2800.55 83.712
2851.52 83.837
2903.42 83.908
2956.26 83.917
3010.06 83.862
3064.85 83.744
3120.62 83.569
3177.42 83.347
3235.25 83.091
3294.13 82.812
3354.08 82.522
3415.12 82.229
3477.27 81.938
3540.56 81.655
3605 81.381
3670.6 81.12
3737.41 80.874
3805.43 80.645
3874.68 80.435
3945.2 80.246
4017 80.077
4090.11 79.93
4164.55 79.804
4240.34 79.702
4317.51 79.623
4396.09 79.568
4476.1 79.537
4557.56 79.528
4640.5 79.539
4724.96 79.568
4810.95 79.611
4898.51 79.663
4987.66 79.721
5078.43 79.781
5170.86 79.839
5264.97 79.895
5360.79 79.944
5458.35 79.985
5557.69 80.016
5658.84 80.035
5761.82 80.042
5866.69 80.033
5973.46 80.011
6082.17 79.973
6192.87 79.918
6305.57 79.845
6420.33 79.752
6537.18 79.637
6656.15 79.5
6777.29 79.342
6900.63 79.167
7026.22 78.983
7154.1 78.794
7284.3 78.605
7416.87 78.412
7551.85 78.205
7689.29 77.966
7829.23 77.67
7971.72 77.29
8116.8 76.8
8264.53 76.181
8414.94 75.431
8568.09 74.567
8724.02 73.621
8882.79 72.641
9044.46 71.681
9209.06 70.793
9376.66 70.026
9547.31 69.415
9721.07 68.984
9897.99 68.747
10078.13 68.706
10261.55 68.852
10448.3 69.17
10638.45 69.633
10832.07 70.203
11029.21 70.824
11229.94 71.425
11434.32 71.916
11642.41 72.198
11854.3 72.169
12070.04 71.735
12289.71 70.822
12513.38 69.396
12741.12 67.473
12973 65.141
13209.1 62.567
13449.5 59.996
13694.28 57.742
13943.51 56.141
14197.27 55.45
14455.66 55.738
14718.74 56.857
14986.62 58.509
15259.37 60.358
15537.08 62.122
15819.85 63.613
16107.76 64.744
16400.92 65.507
16699.41 65.942
17003.33 66.112
17312.78 66.076
17627.86 65.849
17948.68 65.384
18275.34 64.6
18607.94 63.431
18946.6 61.874
19291.42 60.008
19642.52 57.966
20000 55.867