20 85.313
20.36 85.301
20.73 85.288
21.11 85.276
21.5 85.264
21.89 85.251
22.29 85.238
22.69 85.225
23.1 85.211
23.52 85.197
23.95 85.183
24.39 85.169
24.83 85.154
25.28 85.138
25.74 85.122
26.21 85.105
26.69 85.088
27.18 85.069
27.67 85.05
28.17 85.031
28.69 85.01
29.21 84.988
29.74 84.966
30.28 84.943
30.83 84.918
31.39 84.893
31.97 84.866
32.55 84.838
33.14 84.809
33.74 84.779
34.36 84.748
34.98 84.715
35.62 84.681
36.27 84.646
36.93 84.609
37.6 84.571
38.28 84.531
38.98 84.49
39.69 84.448
40.41 84.404
41.15 84.359
41.9 84.311
42.66 84.263
43.44 84.213
44.23 84.161
45.03 84.107
45.85 84.053
46.68 83.996
47.53 83.937
48.4 83.877
49.28 83.815
50.18 83.751
51.09 83.686
52.02 83.618
52.97 83.548
53.93 83.477
54.91 83.404
55.91 83.328
56.93 83.251
57.97 83.171
59.02 83.09
60.09 83.006
61.19 82.92
62.3 82.832
63.44 82.742
64.59 82.649
65.77 82.553
66.96 82.456
68.18 82.356
69.42 82.253
70.69 82.148
71.97 82.04
73.28 81.929
74.62 81.815
75.97 81.7
77.36 81.582
78.76 81.461
80.2 81.338
81.66 81.214
83.14 81.087
84.66 80.959
86.2 80.829
87.77 80.697
89.36 80.564
90.99 80.429
92.65 80.291
94.33 80.152
96.05 80.011
97.8 79.868
99.58 79.722
101.39 79.575
103.23 79.426
105.11 79.275
107.03 79.121
108.97 78.967
110.96 78.811
112.98 78.654
115.03 78.495
117.13 78.337
119.26 78.178
121.43 78.019
123.64 77.863
125.89 77.707
128.18 77.551
130.51 77.397
132.89 77.243
135.31 77.089
137.77 76.933
140.28 76.775
142.83 76.617
145.43 76.46
148.07 76.302
150.77 76.144
153.51 75.988
156.31 75.833
159.15 75.681
162.05 75.53
165 75.382
168 75.237
171.06 75.096
174.17 74.958
177.34 74.828
180.57 74.701
183.86 74.582
187.2 74.467
190.61 74.359
194.08 74.255
197.61 74.156
201.21 74.062
204.87 73.971
208.6 73.884
212.39 73.8
216.26 73.721
220.19 73.647
224.2 73.578
228.28 73.515
232.44 73.458
236.67 73.407
240.97 73.362
245.36 73.321
249.82 73.286
254.37 73.255
259 73.227
263.71 73.203
268.51 73.182
273.4 73.164
278.38 73.149
283.44 73.136
288.6 73.126
293.85 73.117
299.2 73.11
304.65 73.105
310.19 73.101
315.84 73.1
321.59 73.1
327.44 73.102
333.4 73.107
339.47 73.112
345.64 73.12
351.93 73.129
358.34 73.138
364.86 73.147
371.5 73.157
378.26 73.167
385.15 73.176
392.16 73.186
399.29 73.195
406.56 73.204
413.96 73.212
421.49 73.219
429.16 73.226
436.97 73.231
444.93 73.235
453.02 73.238
461.27 73.239
469.66 73.242
478.21 73.246
486.91 73.252
495.78 73.261
504.8 73.274
513.99 73.29
523.34 73.309
532.87 73.327
542.56 73.347
552.44 73.366
562.49 73.384
572.73 73.401
583.15 73.417
593.77 73.434
604.57 73.449
615.57 73.466
626.78 73.482
638.18 73.499
649.8 73.518
661.63 73.538
673.67 73.559
685.93 73.582
698.41 73.607
711.12 73.633
724.06 73.661
737.24 73.691
750.66 73.723
764.32 73.759
778.23 73.798
792.39 73.841
806.82 73.89
821.5 73.945
836.45 74.005
851.67 74.071
867.17 74.145
882.96 74.225
899.02 74.311
915.39 74.407
932.05 74.51
949.01 74.622
966.28 74.744
983.87 74.875
1001.77 75.014
1020 75.158
1038.57 75.308
1057.47 75.461
1076.71 75.618
1096.31 75.775
1116.26 75.932
1136.58 76.087
1157.26 76.241
1178.32 76.389
1199.77 76.534
1221.6 76.674
1243.84 76.807
1266.47 76.933
1289.52 77.053
1312.99 77.168
1336.89 77.277
1361.22 77.382
1385.99 77.483
1411.22 77.583
1436.9 77.683
1463.05 77.78
1489.68 77.878
1516.79 77.975
1544.4 78.075
1572.5 78.177
1601.12 78.281
1630.26 78.387
1659.93 78.497
1690.14 78.611
1720.9 78.73
1752.22 78.856
1784.11 78.986
1816.58 79.124
1849.64 79.269
1883.3 79.42
1917.58 79.579
1952.48 79.744
1988.01 79.917
2024.19 80.097
2061.03 80.287
2098.54 80.484
2136.73 80.688
2175.62 80.899
2215.22 81.117
2255.53 81.341
2296.58 81.57
2338.38 81.803
2380.94 82.037
2424.27 82.266
2468.39 82.485
2513.31 82.686
2559.05 82.86
2605.63 82.997
2653.05 83.09
2701.33 83.134
2750.5 83.127
2800.55 83.072
2851.52 82.976
2903.42 82.846
2956.26 82.693
3010.06 82.523
3064.85 82.344
3120.62 82.159
3177.42 81.972
3235.25 81.786
3294.13 81.6
3354.08 81.416
3415.12 81.236
3477.27 81.06
3540.56 80.891
3605 80.731
3670.6 80.58
3737.41 80.441
3805.43 80.316
3874.68 80.206
3945.2 80.113
4017 80.037
4090.11 79.98
4164.55 79.943
4240.34 79.927
4317.51 79.929
4396.09 79.953
4476.1 79.996
4557.56 80.058
4640.5 80.139
4724.96 80.237
4810.95 80.349
4898.51 80.472
4987.66 80.604
5078.43 80.74
5170.86 80.87
5264.97 80.99
5360.79 81.088
5458.35 81.152
5557.69 81.171
5658.84 81.135
5761.82 81.041
5866.69 80.892
5973.46 80.702
6082.17 80.49
6192.87 80.281
6305.57 80.093
6420.33 79.937
6537.18 79.812
6656.15 79.713
6777.29 79.637
6900.63 79.584
7026.22 79.557
7154.1 79.561
7284.3 79.6
7416.87 79.671
7551.85 79.766
7689.29 79.866
7829.23 79.948
7971.72 79.984
8116.8 79.942
8264.53 79.786
8414.94 79.486
8568.09 79.02
8724.02 78.394
8882.79 77.636
9044.46 76.803
9209.06 75.962
9376.66 75.179
9547.31 74.505
9721.07 73.98
9897.99 73.632
10078.13 73.474
10261.55 73.512
10448.3 73.74
10638.45 74.136
10832.07 74.662
11029.21 75.259
11229.94 75.856
11434.32 76.371
11642.41 76.732
11854.3 76.889
12070.04 76.831
12289.71 76.578
12513.38 76.19
12741.12 75.739
12973 75.31
13209.1 74.981
13449.5 74.804
13694.28 74.804
13943.51 74.959
14197.27 75.205
14455.66 75.447
14718.74 75.593
14986.62 75.586
15259.37 75.434
15537.08 75.206
15819.85 74.99
16107.76 74.832
16400.92 74.679
16699.41 74.351
17003.33 73.583
17312.78 72.112
17627.86 69.776
17948.68 66.569
18275.34 62.614
18607.94 58.112
18946.6 53.28
19291.42 48.287
19642.52 43.242
20000 38.193