20 74.137
20.36 74.183
20.73 74.229
21.11 74.274
21.5 74.319
21.89 74.364
22.29 74.409
22.69 74.453
23.1 74.497
23.52 74.541
23.95 74.585
24.39 74.627
24.83 74.669
25.28 74.711
25.74 74.751
26.21 74.792
26.69 74.831
27.18 74.869
27.67 74.907
28.17 74.944
28.69 74.979
29.21 75.014
29.74 75.047
30.28 75.079
30.83 75.11
31.39 75.14
31.97 75.169
32.55 75.196
33.14 75.221
33.74 75.245
34.36 75.268
34.98 75.289
35.62 75.309
36.27 75.328
36.93 75.346
37.6 75.362
38.28 75.377
38.98 75.391
39.69 75.404
40.41 75.415
41.15 75.427
41.9 75.436
42.66 75.445
43.44 75.454
44.23 75.461
45.03 75.467
45.85 75.473
46.68 75.478
47.53 75.483
48.4 75.486
49.28 75.489
50.18 75.491
51.09 75.492
52.02 75.493
52.97 75.493
53.93 75.492
54.91 75.49
55.91 75.487
56.93 75.484
57.97 75.479
59.02 75.474
60.09 75.468
61.19 75.461
62.3 75.453
63.44 75.445
64.59 75.435
65.77 75.425
66.96 75.413
68.18 75.402
69.42 75.389
70.69 75.375
71.97 75.361
73.28 75.346
74.62 75.33
75.97 75.314
77.36 75.297
78.76 75.279
80.2 75.261
81.66 75.242
83.14 75.223
84.66 75.203
86.2 75.183
87.77 75.162
89.36 75.141
90.99 75.12
92.65 75.099
94.33 75.077
96.05 75.055
97.8 75.033
99.58 75.01
101.39 74.988
103.23 74.965
105.11 74.942
107.03 74.919
108.97 74.896
110.96 74.873
112.98 74.849
115.03 74.825
117.13 74.801
119.26 74.777
121.43 74.752
123.64 74.728
125.89 74.703
128.18 74.678
130.51 74.653
132.89 74.628
135.31 74.602
137.77 74.576
140.28 74.55
142.83 74.523
145.43 74.495
148.07 74.468
150.77 74.441
153.51 74.413
156.31 74.386
159.15 74.359
162.05 74.332
165 74.306
168 74.281
171.06 74.257
174.17 74.233
177.34 74.21
180.57 74.187
183.86 74.165
187.2 74.144
190.61 74.122
194.08 74.101
197.61 74.08
201.21 74.06
204.87 74.039
208.6 74.018
212.39 73.997
216.26 73.976
220.19 73.954
224.2 73.933
228.28 73.912
232.44 73.892
236.67 73.872
240.97 73.853
245.36 73.834
249.82 73.816
254.37 73.798
259 73.782
263.71 73.766
268.51 73.75
273.4 73.735
278.38 73.721
283.44 73.707
288.6 73.694
293.85 73.681
299.2 73.669
304.65 73.657
310.19 73.645
315.84 73.634
321.59 73.622
327.44 73.611
333.4 73.601
339.47 73.59
345.64 73.58
351.93 73.57
358.34 73.561
364.86 73.552
371.5 73.544
378.26 73.536
385.15 73.529
392.16 73.522
399.29 73.516
406.56 73.511
413.96 73.506
421.49 73.502
429.16 73.499
436.97 73.497
444.93 73.496
453.02 73.496
461.27 73.498
469.66 73.501
478.21 73.506
486.91 73.512
495.78 73.519
504.8 73.528
513.99 73.538
523.34 73.548
532.87 73.558
542.56 73.569
552.44 73.579
562.49 73.59
572.73 73.6
583.15 73.611
593.77 73.621
604.57 73.632
615.57 73.644
626.78 73.657
638.18 73.671
649.8 73.687
661.63 73.705
673.67 73.724
685.93 73.746
698.41 73.769
711.12 73.794
724.06 73.822
737.24 73.852
750.66 73.884
764.32 73.919
778.23 73.958
792.39 74
806.82 74.046
821.5 74.097
836.45 74.153
851.67 74.214
867.17 74.28
882.96 74.352
899.02 74.429
915.39 74.513
932.05 74.602
949.01 74.697
966.28 74.797
983.87 74.903
1001.77 75.011
1020 75.12
1038.57 75.23
1057.47 75.34
1076.71 75.45
1096.31 75.558
1116.26 75.664
1136.58 75.768
1157.26 75.869
1178.32 75.966
1199.77 76.06
1221.6 76.149
1243.84 76.233
1266.47 76.313
1289.52 76.389
1312.99 76.46
1336.89 76.525
1361.22 76.586
1385.99 76.643
1411.22 76.696
1436.9 76.744
1463.05 76.789
1489.68 76.83
1516.79 76.867
1544.4 76.902
1572.5 76.934
1601.12 76.963
1630.26 76.989
1659.93 77.013
1690.14 77.035
1720.9 77.054
1752.22 77.07
1784.11 77.084
1816.58 77.094
1849.64 77.101
1883.3 77.105
1917.58 77.107
1952.48 77.106
1988.01 77.102
2024.19 77.095
2061.03 77.087
2098.54 77.074
2136.73 77.059
2175.62 77.04
2215.22 77.016
2255.53 76.989
2296.58 76.958
2338.38 76.922
2380.94 76.882
2424.27 76.838
2468.39 76.79
2513.31 76.739
2559.05 76.685
2605.63 76.629
2653.05 76.571
2701.33 76.513
2750.5 76.455
2800.55 76.399
2851.52 76.346
2903.42 76.297
2956.26 76.252
3010.06 76.214
3064.85 76.182
3120.62 76.159
3177.42 76.144
3235.25 76.138
3294.13 76.14
3354.08 76.151
3415.12 76.171
3477.27 76.199
3540.56 76.235
3605 76.278
3670.6 76.328
3737.41 76.384
3805.43 76.444
3874.68 76.509
3945.2 76.577
4017 76.646
4090.11 76.714
4164.55 76.782
4240.34 76.846
4317.51 76.906
4396.09 76.958
4476.1 77
4557.56 77.029
4640.5 77.046
4724.96 77.053
4810.95 77.054
4898.51 77.058
4987.66 77.077
5078.43 77.121
5170.86 77.198
5264.97 77.305
5360.79 77.427
5458.35 77.535
5557.69 77.598
5658.84 77.591
5761.82 77.508
5866.69 77.356
5973.46 77.159
6082.17 76.944
6192.87 76.738
6305.57 76.564
6420.33 76.443
6537.18 76.387
6656.15 76.412
6777.29 76.528
6900.63 76.747
7026.22 77.079
7154.1 77.524
7284.3 78.073
7416.87 78.699
7551.85 79.35
7689.29 79.953
7829.23 80.412
7971.72 80.625
8116.8 80.496
8264.53 79.956
8414.94 78.979
8568.09 77.598
8724.02 75.893
8882.79 73.986
9044.46 72.01
9209.06 70.099
9376.66 68.369
9547.31 66.904
9721.07 65.754
9897.99 64.937
10078.13 64.448
10261.55 64.271
10448.3 64.373
10638.45 64.707
10832.07 65.195
11029.21 65.737
11229.94 66.235
11434.32 66.633
11642.41 66.951
11854.3 67.274
12070.04 67.706
12289.71 68.33
12513.38 69.179
12741.12 70.25
12973 71.509
13209.1 72.911
13449.5 74.399
13694.28 75.909
13943.51 77.368
14197.27 78.692
14455.66 79.798
14718.74 80.609
14986.62 81.072
15259.37 81.179
15537.08 80.967
15819.85 80.501
16107.76 79.846
16400.92 79.057
16699.41 78.172
17003.33 77.211
17312.78 76.152
17627.86 74.928
17948.68 73.446
18275.34 71.617
18607.94 69.397
18946.6 66.808
19291.42 63.936
19642.52 60.906
20000 57.826