20 83.088
20.36 83.103
20.73 83.117
21.11 83.132
21.5 83.146
21.89 83.16
22.29 83.174
22.69 83.187
23.1 83.2
23.52 83.213
23.95 83.224
24.39 83.236
24.83 83.246
25.28 83.256
25.74 83.264
26.21 83.272
26.69 83.278
27.18 83.284
27.67 83.289
28.17 83.292
28.69 83.294
29.21 83.294
29.74 83.293
30.28 83.291
30.83 83.287
31.39 83.282
31.97 83.275
32.55 83.266
33.14 83.255
33.74 83.242
34.36 83.228
34.98 83.211
35.62 83.193
36.27 83.173
36.93 83.151
37.6 83.128
38.28 83.103
38.98 83.076
39.69 83.048
40.41 83.017
41.15 82.986
41.9 82.952
42.66 82.918
43.44 82.881
44.23 82.844
45.03 82.804
45.85 82.763
46.68 82.721
47.53 82.678
48.4 82.633
49.28 82.586
50.18 82.538
51.09 82.489
52.02 82.439
52.97 82.387
53.93 82.334
54.91 82.28
55.91 82.224
56.93 82.167
57.97 82.11
59.02 82.05
60.09 81.99
61.19 81.928
62.3 81.865
63.44 81.802
64.59 81.737
65.77 81.671
66.96 81.605
68.18 81.537
69.42 81.469
70.69 81.4
71.97 81.331
73.28 81.261
74.62 81.189
75.97 81.118
77.36 81.045
78.76 80.972
80.2 80.898
81.66 80.823
83.14 80.747
84.66 80.67
86.2 80.592
87.77 80.513
89.36 80.433
90.99 80.352
92.65 80.27
94.33 80.187
96.05 80.103
97.8 80.018
99.58 79.933
101.39 79.846
103.23 79.76
105.11 79.673
107.03 79.586
108.97 79.5
110.96 79.414
112.98 79.329
115.03 79.245
117.13 79.16
119.26 79.075
121.43 78.99
123.64 78.904
125.89 78.817
128.18 78.729
130.51 78.64
132.89 78.55
135.31 78.46
137.77 78.369
140.28 78.279
142.83 78.188
145.43 78.097
148.07 78.007
150.77 77.917
153.51 77.828
156.31 77.74
159.15 77.653
162.05 77.567
165 77.482
168 77.398
171.06 77.315
174.17 77.232
177.34 77.149
180.57 77.067
183.86 76.985
187.2 76.903
190.61 76.82
194.08 76.737
197.61 76.655
201.21 76.573
204.87 76.491
208.6 76.41
212.39 76.33
216.26 76.25
220.19 76.171
224.2 76.093
228.28 76.017
232.44 75.942
236.67 75.867
240.97 75.794
245.36 75.721
249.82 75.649
254.37 75.578
259 75.508
263.71 75.44
268.51 75.372
273.4 75.306
278.38 75.241
283.44 75.177
288.6 75.114
293.85 75.054
299.2 74.994
304.65 74.936
310.19 74.879
315.84 74.823
321.59 74.768
327.44 74.715
333.4 74.662
339.47 74.61
345.64 74.559
351.93 74.508
358.34 74.459
364.86 74.409
371.5 74.361
378.26 74.314
385.15 74.269
392.16 74.225
399.29 74.183
406.56 74.142
413.96 74.103
421.49 74.065
429.16 74.028
436.97 73.993
444.93 73.958
453.02 73.925
461.27 73.893
469.66 73.863
478.21 73.835
486.91 73.808
495.78 73.783
504.8 73.76
513.99 73.738
523.34 73.719
532.87 73.7
542.56 73.684
552.44 73.67
562.49 73.657
572.73 73.646
583.15 73.636
593.77 73.628
604.57 73.622
615.57 73.618
626.78 73.617
638.18 73.617
649.8 73.62
661.63 73.626
673.67 73.634
685.93 73.645
698.41 73.66
711.12 73.678
724.06 73.7
737.24 73.725
750.66 73.755
764.32 73.788
778.23 73.826
792.39 73.868
806.82 73.915
821.5 73.967
836.45 74.025
851.67 74.09
867.17 74.162
882.96 74.243
899.02 74.332
915.39 74.429
932.05 74.534
949.01 74.645
966.28 74.763
983.87 74.886
1001.77 75.012
1020 75.144
1038.57 75.278
1057.47 75.416
1076.71 75.557
1096.31 75.7
1116.26 75.845
1136.58 75.991
1157.26 76.136
1178.32 76.28
1199.77 76.424
1221.6 76.567
1243.84 76.709
1266.47 76.852
1289.52 76.996
1312.99 77.142
1336.89 77.291
1361.22 77.439
1385.99 77.585
1411.22 77.729
1436.9 77.87
1463.05 78.009
1489.68 78.147
1516.79 78.286
1544.4 78.426
1572.5 78.571
1601.12 78.721
1630.26 78.877
1659.93 79.039
1690.14 79.205
1720.9 79.377
1752.22 79.554
1784.11 79.737
1816.58 79.927
1849.64 80.122
1883.3 80.324
1917.58 80.534
1952.48 80.751
1988.01 80.976
2024.19 81.208
2061.03 81.445
2098.54 81.684
2136.73 81.925
2175.62 82.162
2215.22 82.395
2255.53 82.622
2296.58 82.841
2338.38 83.051
2380.94 83.25
2424.27 83.437
2468.39 83.612
2513.31 83.773
2559.05 83.92
2605.63 84.051
2653.05 84.167
2701.33 84.265
2750.5 84.346
2800.55 84.411
2851.52 84.457
2903.42 84.485
2956.26 84.497
3010.06 84.494
3064.85 84.476
3120.62 84.445
3177.42 84.405
3235.25 84.355
3294.13 84.299
3354.08 84.238
3415.12 84.174
3477.27 84.109
3540.56 84.044
3605 83.981
3670.6 83.92
3737.41 83.861
3805.43 83.805
3874.68 83.749
3945.2 83.695
4017 83.639
4090.11 83.582
4164.55 83.524
4240.34 83.464
4317.51 83.402
4396.09 83.341
4476.1 83.281
4557.56 83.225
4640.5 83.174
4724.96 83.131
4810.95 83.096
4898.51 83.068
4987.66 83.04
5078.43 82.999
5170.86 82.928
5264.97 82.803
5360.79 82.602
5458.35 82.302
5557.69 81.897
5658.84 81.393
5761.82 80.816
5866.69 80.206
5973.46 79.609
6082.17 79.068
6192.87 78.619
6305.57 78.284
6420.33 78.075
6537.18 77.995
6656.15 78.042
6777.29 78.212
6900.63 78.503
7026.22 78.906
7154.1 79.41
7284.3 79.992
7416.87 80.613
7551.85 81.218
7689.29 81.739
7829.23 82.101
7971.72 82.237
8116.8 82.097
8264.53 81.666
8414.94 80.961
8568.09 80.034
8724.02 78.954
8882.79 77.795
9044.46 76.627
9209.06 75.503
9376.66 74.465
9547.31 73.538
9721.07 72.741
9897.99 72.092
10078.13 71.614
10261.55 71.337
10448.3 71.304
10638.45 71.564
10832.07 72.158
11029.21 73.108
11229.94 74.383
11434.32 75.886
11642.41 77.452
11854.3 78.873
12070.04 79.94
12289.71 80.481
12513.38 80.405
12741.12 79.722
12973 78.542
13209.1 77.045
13449.5 75.432
13694.28 73.887
13943.51 72.55
14197.27 71.508
14455.66 70.786
14718.74 70.363
14986.62 70.182
15259.37 70.161
15537.08 70.212
15819.85 70.26
16107.76 70.251
16400.92 70.165
16699.41 70.014
17003.33 69.827
17312.78 69.634
17627.86 69.436
17948.68 69.184
18275.34 68.795
18607.94 68.191
18946.6 67.346
19291.42 66.307
19642.52 65.174
20000 64.037