20 81.104
20.36 81.153
20.73 81.201
21.11 81.249
21.5 81.296
21.89 81.344
22.29 81.391
22.69 81.438
23.1 81.484
23.52 81.528
23.95 81.573
24.39 81.617
24.83 81.66
25.28 81.701
25.74 81.742
26.21 81.782
26.69 81.819
27.18 81.857
27.67 81.892
28.17 81.925
28.69 81.958
29.21 81.989
29.74 82.018
30.28 82.045
30.83 82.07
31.39 82.092
31.97 82.114
32.55 82.132
33.14 82.149
33.74 82.163
34.36 82.175
34.98 82.185
35.62 82.192
36.27 82.197
36.93 82.2
37.6 82.202
38.28 82.2
38.98 82.198
39.69 82.193
40.41 82.186
41.15 82.177
41.9 82.167
42.66 82.155
43.44 82.141
44.23 82.125
45.03 82.108
45.85 82.09
46.68 82.07
47.53 82.048
48.4 82.024
49.28 82
50.18 81.973
51.09 81.946
52.02 81.916
52.97 81.885
53.93 81.853
54.91 81.819
55.91 81.784
56.93 81.747
57.97 81.708
59.02 81.669
60.09 81.627
61.19 81.585
62.3 81.541
63.44 81.495
64.59 81.448
65.77 81.4
66.96 81.351
68.18 81.301
69.42 81.249
70.69 81.197
71.97 81.143
73.28 81.088
74.62 81.033
75.97 80.976
77.36 80.918
78.76 80.859
80.2 80.798
81.66 80.737
83.14 80.673
84.66 80.609
86.2 80.543
87.77 80.476
89.36 80.408
90.99 80.339
92.65 80.267
94.33 80.195
96.05 80.121
97.8 80.047
99.58 79.971
101.39 79.894
103.23 79.816
105.11 79.738
107.03 79.66
108.97 79.581
110.96 79.503
112.98 79.425
115.03 79.347
117.13 79.268
119.26 79.189
121.43 79.109
123.64 79.028
125.89 78.946
128.18 78.862
130.51 78.778
132.89 78.692
135.31 78.606
137.77 78.518
140.28 78.43
142.83 78.341
145.43 78.253
148.07 78.164
150.77 78.075
153.51 77.986
156.31 77.897
159.15 77.81
162.05 77.723
165 77.638
168 77.553
171.06 77.469
174.17 77.385
177.34 77.301
180.57 77.216
183.86 77.131
187.2 77.046
190.61 76.96
194.08 76.874
197.61 76.787
201.21 76.701
204.87 76.614
208.6 76.528
212.39 76.442
216.26 76.356
220.19 76.271
224.2 76.187
228.28 76.104
232.44 76.022
236.67 75.941
240.97 75.86
245.36 75.779
249.82 75.699
254.37 75.621
259 75.543
263.71 75.466
268.51 75.39
273.4 75.315
278.38 75.241
283.44 75.168
288.6 75.097
293.85 75.027
299.2 74.958
304.65 74.891
310.19 74.825
315.84 74.761
321.59 74.697
327.44 74.634
333.4 74.573
339.47 74.512
345.64 74.452
351.93 74.392
358.34 74.333
364.86 74.275
371.5 74.217
378.26 74.161
385.15 74.106
392.16 74.053
399.29 74.002
406.56 73.952
413.96 73.905
421.49 73.859
429.16 73.814
436.97 73.771
444.93 73.728
453.02 73.687
461.27 73.647
469.66 73.61
478.21 73.573
486.91 73.539
495.78 73.507
504.8 73.477
513.99 73.448
523.34 73.421
532.87 73.398
542.56 73.375
552.44 73.354
562.49 73.335
572.73 73.317
583.15 73.303
593.77 73.29
604.57 73.28
615.57 73.273
626.78 73.268
638.18 73.266
649.8 73.268
661.63 73.274
673.67 73.283
685.93 73.296
698.41 73.312
711.12 73.334
724.06 73.359
737.24 73.391
750.66 73.426
764.32 73.467
778.23 73.512
792.39 73.563
806.82 73.619
821.5 73.681
836.45 73.749
851.67 73.827
867.17 73.913
882.96 74.011
899.02 74.121
915.39 74.244
932.05 74.38
949.01 74.528
966.28 74.686
983.87 74.85
1001.77 75.016
1020 75.182
1038.57 75.346
1057.47 75.508
1076.71 75.67
1096.31 75.835
1116.26 76.005
1136.58 76.18
1157.26 76.359
1178.32 76.539
1199.77 76.722
1221.6 76.904
1243.84 77.088
1266.47 77.272
1289.52 77.458
1312.99 77.646
1336.89 77.838
1361.22 78.031
1385.99 78.224
1411.22 78.417
1436.9 78.61
1463.05 78.803
1489.68 78.998
1516.79 79.196
1544.4 79.4
1572.5 79.612
1601.12 79.835
1630.26 80.067
1659.93 80.31
1690.14 80.562
1720.9 80.823
1752.22 81.093
1784.11 81.372
1816.58 81.662
1849.64 81.959
1883.3 82.265
1917.58 82.579
1952.48 82.901
1988.01 83.23
2024.19 83.563
2061.03 83.897
2098.54 84.228
2136.73 84.552
2175.62 84.863
2215.22 85.155
2255.53 85.424
2296.58 85.665
2338.38 85.872
2380.94 86.04
2424.27 86.163
2468.39 86.242
2513.31 86.275
2559.05 86.263
2605.63 86.209
2653.05 86.117
2701.33 85.991
2750.5 85.837
2800.55 85.662
2851.52 85.472
2903.42 85.274
2956.26 85.074
3010.06 84.877
3064.85 84.687
3120.62 84.509
3177.42 84.347
3235.25 84.202
3294.13 84.08
3354.08 83.982
3415.12 83.908
3477.27 83.862
3540.56 83.845
3605 83.86
3670.6 83.906
3737.41 83.986
3805.43 84.1
3874.68 84.248
3945.2 84.428
4017 84.638
4090.11 84.869
4164.55 85.116
4240.34 85.365
4317.51 85.599
4396.09 85.799
4476.1 85.944
4557.56 86.01
4640.5 85.979
4724.96 85.837
4810.95 85.581
4898.51 85.215
4987.66 84.752
5078.43 84.213
5170.86 83.623
5264.97 83.008
5360.79 82.394
5458.35 81.799
5557.69 81.239
5658.84 80.724
5761.82 80.262
5866.69 79.859
5973.46 79.522
6082.17 79.255
6192.87 79.068
6305.57 78.969
6420.33 78.97
6537.18 79.087
6656.15 79.338
6777.29 79.742
6900.63 80.319
7026.22 81.076
7154.1 82.004
7284.3 83.063
7416.87 84.173
7551.85 85.216
7689.29 86.045
7829.23 86.513
7971.72 86.51
8116.8 85.993
8264.53 84.999
8414.94 83.636
8568.09 82.055
8724.02 80.406
8882.79 78.814
9044.46 77.368
9209.06 76.121
9376.66 75.098
9547.31 74.308
9721.07 73.754
9897.99 73.443
10078.13 73.386
10261.55 73.6
10448.3 74.101
10638.45 74.894
10832.07 75.961
11029.21 77.237
11229.94 78.604
11434.32 79.892
11642.41 80.902
11854.3 81.46
12070.04 81.469
12289.71 80.946
12513.38 80.031
12741.12 78.942
12973 77.917
13209.1 77.145
13449.5 76.721
13694.28 76.616
13943.51 76.691
14197.27 76.734
14455.66 76.528
14718.74 75.935
14986.62 74.951
15259.37 73.707
15537.08 72.413
15819.85 71.278
16107.76 70.402
16400.92 69.735
16699.41 69.072
17003.33 68.136
17312.78 66.689
17627.86 64.618
17948.68 61.968
18275.34 58.897
18607.94 55.611
18946.6 52.283
19291.42 49.004
19642.52 45.771
20000 42.54