20 85.849
20.36 85.823
20.73 85.796
21.11 85.769
21.5 85.742
21.89 85.714
22.29 85.687
22.69 85.659
23.1 85.631
23.52 85.602
23.95 85.573
24.39 85.543
24.83 85.512
25.28 85.481
25.74 85.45
26.21 85.417
26.69 85.383
27.18 85.349
27.67 85.314
28.17 85.277
28.69 85.239
29.21 85.201
29.74 85.161
30.28 85.12
30.83 85.077
31.39 85.034
31.97 84.988
32.55 84.942
33.14 84.893
33.74 84.843
34.36 84.792
34.98 84.739
35.62 84.684
36.27 84.628
36.93 84.571
37.6 84.512
38.28 84.452
38.98 84.391
39.69 84.329
40.41 84.265
41.15 84.2
41.9 84.134
42.66 84.067
43.44 83.999
44.23 83.929
45.03 83.859
45.85 83.788
46.68 83.716
47.53 83.643
48.4 83.569
49.28 83.494
50.18 83.418
51.09 83.341
52.02 83.263
52.97 83.184
53.93 83.104
54.91 83.022
55.91 82.939
56.93 82.855
57.97 82.77
59.02 82.683
60.09 82.595
61.19 82.505
62.3 82.415
63.44 82.323
64.59 82.229
65.77 82.135
66.96 82.038
68.18 81.941
69.42 81.842
70.69 81.742
71.97 81.641
73.28 81.538
74.62 81.434
75.97 81.329
77.36 81.223
78.76 81.116
80.2 81.008
81.66 80.9
83.14 80.791
84.66 80.682
86.2 80.573
87.77 80.463
89.36 80.353
90.99 80.242
92.65 80.131
94.33 80.02
96.05 79.908
97.8 79.795
99.58 79.683
101.39 79.569
103.23 79.455
105.11 79.34
107.03 79.225
108.97 79.109
110.96 78.992
112.98 78.874
115.03 78.757
117.13 78.638
119.26 78.52
121.43 78.402
123.64 78.285
125.89 78.168
128.18 78.052
130.51 77.935
132.89 77.818
135.31 77.701
137.77 77.582
140.28 77.463
142.83 77.342
145.43 77.22
148.07 77.098
150.77 76.975
153.51 76.852
156.31 76.729
159.15 76.606
162.05 76.484
165 76.363
168 76.242
171.06 76.123
174.17 76.007
177.34 75.891
180.57 75.779
183.86 75.668
187.2 75.559
190.61 75.453
194.08 75.348
197.61 75.245
201.21 75.143
204.87 75.041
208.6 74.94
212.39 74.84
216.26 74.74
220.19 74.642
224.2 74.544
228.28 74.449
232.44 74.356
236.67 74.265
240.97 74.178
245.36 74.094
249.82 74.014
254.37 73.936
259 73.862
263.71 73.791
268.51 73.722
273.4 73.656
278.38 73.591
283.44 73.53
288.6 73.471
293.85 73.415
299.2 73.361
304.65 73.31
310.19 73.262
315.84 73.216
321.59 73.172
327.44 73.132
333.4 73.093
339.47 73.057
345.64 73.024
351.93 72.993
358.34 72.965
364.86 72.94
371.5 72.917
378.26 72.897
385.15 72.879
392.16 72.864
399.29 72.851
406.56 72.84
413.96 72.83
421.49 72.823
429.16 72.818
436.97 72.815
444.93 72.813
453.02 72.813
461.27 72.815
469.66 72.818
478.21 72.822
486.91 72.828
495.78 72.836
504.8 72.846
513.99 72.857
523.34 72.87
532.87 72.884
542.56 72.899
552.44 72.916
562.49 72.933
572.73 72.952
583.15 72.972
593.77 72.993
604.57 73.016
615.57 73.041
626.78 73.067
638.18 73.096
649.8 73.126
661.63 73.159
673.67 73.195
685.93 73.232
698.41 73.272
711.12 73.314
724.06 73.357
737.24 73.403
750.66 73.452
764.32 73.503
778.23 73.558
792.39 73.618
806.82 73.682
821.5 73.753
836.45 73.829
851.67 73.912
867.17 74.003
882.96 74.1
899.02 74.205
915.39 74.319
932.05 74.442
949.01 74.573
966.28 74.713
983.87 74.861
1001.77 75.015
1020 75.173
1038.57 75.333
1057.47 75.495
1076.71 75.658
1096.31 75.82
1116.26 75.981
1136.58 76.141
1157.26 76.298
1178.32 76.451
1199.77 76.601
1221.6 76.745
1243.84 76.885
1266.47 77.021
1289.52 77.152
1312.99 77.278
1336.89 77.4
1361.22 77.519
1385.99 77.637
1411.22 77.754
1436.9 77.869
1463.05 77.985
1489.68 78.101
1516.79 78.219
1544.4 78.338
1572.5 78.463
1601.12 78.589
1630.26 78.72
1659.93 78.855
1690.14 78.995
1720.9 79.141
1752.22 79.293
1784.11 79.451
1816.58 79.617
1849.64 79.79
1883.3 79.97
1917.58 80.157
1952.48 80.351
1988.01 80.554
2024.19 80.764
2061.03 80.984
2098.54 81.212
2136.73 81.446
2175.62 81.686
2215.22 81.931
2255.53 82.178
2296.58 82.428
2338.38 82.679
2380.94 82.93
2424.27 83.178
2468.39 83.419
2513.31 83.654
2559.05 83.878
2605.63 84.088
2653.05 84.281
2701.33 84.453
2750.5 84.6
2800.55 84.718
2851.52 84.804
2903.42 84.855
2956.26 84.87
3010.06 84.849
3064.85 84.793
3120.62 84.705
3177.42 84.589
3235.25 84.45
3294.13 84.292
3354.08 84.122
3415.12 83.945
3477.27 83.765
3540.56 83.587
3605 83.413
3670.6 83.246
3737.41 83.088
3805.43 82.942
3874.68 82.808
3945.2 82.689
4017 82.586
4090.11 82.499
4164.55 82.429
4240.34 82.377
4317.51 82.343
4396.09 82.327
4476.1 82.326
4557.56 82.338
4640.5 82.356
4724.96 82.377
4810.95 82.392
4898.51 82.395
4987.66 82.381
5078.43 82.344
5170.86 82.283
5264.97 82.199
5360.79 82.095
5458.35 81.978
5557.69 81.858
5658.84 81.745
5761.82 81.653
5866.69 81.595
5973.46 81.584
6082.17 81.632
6192.87 81.746
6305.57 81.928
6420.33 82.173
6537.18 82.467
6656.15 82.789
6777.29 83.114
6900.63 83.413
7026.22 83.66
7154.1 83.828
7284.3 83.901
7416.87 83.861
7551.85 83.7
7689.29 83.409
7829.23 82.985
7971.72 82.429
8116.8 81.751
8264.53 80.971
8414.94 80.116
8568.09 79.222
8724.02 78.318
8882.79 77.428
9044.46 76.567
9209.06 75.75
9376.66 74.996
9547.31 74.326
9721.07 73.758
9897.99 73.302
10078.13 72.957
10261.55 72.71
10448.3 72.539
10638.45 72.41
10832.07 72.29
11029.21 72.15
11229.94 71.971
11434.32 71.753
11642.41 71.509
11854.3 71.267
12070.04 71.052
12289.71 70.89
12513.38 70.792
12741.12 70.763
12973 70.798
13209.1 70.894
13449.5 71.048
13694.28 71.262
13943.51 71.527
14197.27 71.819
14455.66 72.085
14718.74 72.238
14986.62 72.165
15259.37 71.763
15537.08 70.964
15819.85 69.78
16107.76 68.3
16400.92 66.671
16699.41 65.047
17003.33 63.544
17312.78 62.224
17627.86 61.088
17948.68 60.085
18275.34 59.129
18607.94 58.128
18946.6 57.005
19291.42 55.729
19642.52 54.336
20000 52.899