20 82.895
20.36 82.861
20.73 82.826
21.11 82.791
21.5 82.756
21.89 82.721
22.29 82.685
22.69 82.65
23.1 82.614
23.52 82.578
23.95 82.541
24.39 82.504
24.83 82.467
25.28 82.429
25.74 82.391
26.21 82.352
26.69 82.312
27.18 82.272
27.67 82.231
28.17 82.19
28.69 82.147
29.21 82.104
29.74 82.06
30.28 82.015
30.83 81.969
31.39 81.923
31.97 81.875
32.55 81.826
33.14 81.776
33.74 81.725
34.36 81.673
34.98 81.619
35.62 81.565
36.27 81.51
36.93 81.454
37.6 81.396
38.28 81.338
38.98 81.279
39.69 81.22
40.41 81.159
41.15 81.097
41.9 81.035
42.66 80.972
43.44 80.908
44.23 80.844
45.03 80.779
45.85 80.713
46.68 80.646
47.53 80.579
48.4 80.512
49.28 80.444
50.18 80.375
51.09 80.306
52.02 80.237
52.97 80.167
53.93 80.096
54.91 80.025
55.91 79.954
56.93 79.883
57.97 79.811
59.02 79.739
60.09 79.667
61.19 79.595
62.3 79.523
63.44 79.45
64.59 79.378
65.77 79.306
66.96 79.233
68.18 79.161
69.42 79.09
70.69 79.018
71.97 78.947
73.28 78.877
74.62 78.806
75.97 78.736
77.36 78.667
78.76 78.597
80.2 78.528
81.66 78.459
83.14 78.389
84.66 78.32
86.2 78.251
87.77 78.182
89.36 78.113
90.99 78.045
92.65 77.976
94.33 77.907
96.05 77.839
97.8 77.77
99.58 77.702
101.39 77.635
103.23 77.567
105.11 77.501
107.03 77.435
108.97 77.371
110.96 77.308
112.98 77.246
115.03 77.186
117.13 77.126
119.26 77.067
121.43 77.008
123.64 76.949
125.89 76.891
128.18 76.832
130.51 76.774
132.89 76.715
135.31 76.657
137.77 76.6
140.28 76.543
142.83 76.486
145.43 76.43
148.07 76.374
150.77 76.32
153.51 76.267
156.31 76.215
159.15 76.164
162.05 76.114
165 76.066
168 76.019
171.06 75.973
174.17 75.928
177.34 75.884
180.57 75.84
183.86 75.797
187.2 75.754
190.61 75.711
194.08 75.669
197.61 75.627
201.21 75.586
204.87 75.544
208.6 75.504
212.39 75.463
216.26 75.424
220.19 75.385
224.2 75.346
228.28 75.309
232.44 75.272
236.67 75.236
240.97 75.201
245.36 75.166
249.82 75.131
254.37 75.097
259 75.065
263.71 75.032
268.51 75.001
273.4 74.97
278.38 74.939
283.44 74.91
288.6 74.881
293.85 74.853
299.2 74.825
304.65 74.798
310.19 74.772
315.84 74.746
321.59 74.721
327.44 74.695
333.4 74.67
339.47 74.646
345.64 74.621
351.93 74.596
358.34 74.572
364.86 74.547
371.5 74.523
378.26 74.499
385.15 74.476
392.16 74.453
399.29 74.431
406.56 74.41
413.96 74.389
421.49 74.368
429.16 74.347
436.97 74.327
444.93 74.307
453.02 74.288
461.27 74.269
469.66 74.25
478.21 74.232
486.91 74.214
495.78 74.197
504.8 74.181
513.99 74.165
523.34 74.15
532.87 74.135
542.56 74.121
552.44 74.107
562.49 74.094
572.73 74.082
583.15 74.07
593.77 74.059
604.57 74.05
615.57 74.041
626.78 74.034
638.18 74.029
649.8 74.026
661.63 74.025
673.67 74.025
685.93 74.028
698.41 74.034
711.12 74.042
724.06 74.052
737.24 74.065
750.66 74.082
764.32 74.101
778.23 74.124
792.39 74.15
806.82 74.18
821.5 74.214
836.45 74.253
851.67 74.298
867.17 74.349
882.96 74.407
899.02 74.473
915.39 74.546
932.05 74.627
949.01 74.714
966.28 74.808
983.87 74.906
1001.77 75.01
1020 75.119
1038.57 75.231
1057.47 75.346
1076.71 75.464
1096.31 75.585
1116.26 75.706
1136.58 75.828
1157.26 75.949
1178.32 76.068
1199.77 76.184
1221.6 76.298
1243.84 76.408
1266.47 76.516
1289.52 76.62
1312.99 76.722
1336.89 76.82
1361.22 76.915
1385.99 77.005
1411.22 77.091
1436.9 77.173
1463.05 77.251
1489.68 77.326
1516.79 77.401
1544.4 77.475
1572.5 77.552
1601.12 77.631
1630.26 77.713
1659.93 77.799
1690.14 77.888
1720.9 77.981
1752.22 78.077
1784.11 78.179
1816.58 78.285
1849.64 78.396
1883.3 78.513
1917.58 78.636
1952.48 78.767
1988.01 78.906
2024.19 79.054
2061.03 79.21
2098.54 79.375
2136.73 79.548
2175.62 79.729
2215.22 79.919
2255.53 80.118
2296.58 80.325
2338.38 80.541
2380.94 80.764
2424.27 80.993
2468.39 81.228
2513.31 81.467
2559.05 81.709
2605.63 81.951
2653.05 82.189
2701.33 82.421
2750.5 82.642
2800.55 82.845
2851.52 83.024
2903.42 83.172
2956.26 83.285
3010.06 83.358
3064.85 83.388
3120.62 83.376
3177.42 83.321
3235.25 83.227
3294.13 83.095
3354.08 82.929
3415.12 82.73
3477.27 82.501
3540.56 82.247
3605 81.969
3670.6 81.673
3737.41 81.361
3805.43 81.038
3874.68 80.709
3945.2 80.378
4017 80.052
4090.11 79.738
4164.55 79.44
4240.34 79.164
4317.51 78.913
4396.09 78.692
4476.1 78.499
4557.56 78.334
4640.5 78.195
4724.96 78.078
4810.95 77.977
4898.51 77.887
4987.66 77.804
5078.43 77.722
5170.86 77.641
5264.97 77.56
5360.79 77.479
5458.35 77.4
5557.69 77.328
5658.84 77.265
5761.82 77.215
5866.69 77.185
5973.46 77.179
6082.17 77.205
6192.87 77.271
6305.57 77.386
6420.33 77.56
6537.18 77.804
6656.15 78.13
6777.29 78.544
6900.63 79.048
7026.22 79.635
7154.1 80.283
7284.3 80.953
7416.87 81.587
7551.85 82.115
7689.29 82.456
7829.23 82.541
7971.72 82.322
8116.8 81.784
8264.53 80.951
8414.94 79.879
8568.09 78.644
8724.02 77.332
8882.79 76.018
9044.46 74.762
9209.06 73.606
9376.66 72.579
9547.31 71.692
9721.07 70.951
9897.99 70.358
10078.13 69.908
10261.55 69.598
10448.3 69.42
10638.45 69.363
10832.07 69.412
11029.21 69.547
11229.94 69.744
11434.32 69.978
11642.41 70.226
11854.3 70.471
12070.04 70.704
12289.71 70.925
12513.38 71.144
12741.12 71.372
12973 71.621
13209.1 71.896
13449.5 72.185
13694.28 72.459
13943.51 72.67
14197.27 72.755
14455.66 72.655
14718.74 72.323
14986.62 71.747
15259.37 70.962
15537.08 70.051
15819.85 69.144
16107.76 68.391
16400.92 67.929
16699.41 67.841
17003.33 68.123
17312.78 68.679
17627.86 69.357
17948.68 69.999
18275.34 70.48
18607.94 70.724
18946.6 70.72
19291.42 70.523
19642.52 70.235
20000 69.943