20 95.087
20.36 95.071
20.73 95.055
21.11 95.039
21.5 95.022
21.89 95.006
22.29 94.989
22.69 94.972
23.1 94.954
23.52 94.936
23.95 94.916
24.39 94.897
24.83 94.877
25.28 94.856
25.74 94.834
26.21 94.811
26.69 94.787
27.18 94.762
27.67 94.736
28.17 94.709
28.69 94.68
29.21 94.65
29.74 94.619
30.28 94.586
30.83 94.552
31.39 94.516
31.97 94.479
32.55 94.439
33.14 94.398
33.74 94.355
34.36 94.31
34.98 94.263
35.62 94.214
36.27 94.164
36.93 94.111
37.6 94.057
38.28 94.001
38.98 93.942
39.69 93.882
40.41 93.819
41.15 93.755
41.9 93.688
42.66 93.62
43.44 93.55
44.23 93.477
45.03 93.403
45.85 93.326
46.68 93.247
47.53 93.166
48.4 93.083
49.28 92.998
50.18 92.91
51.09 92.82
52.02 92.728
52.97 92.633
53.93 92.536
54.91 92.436
55.91 92.334
56.93 92.229
57.97 92.122
59.02 92.012
60.09 91.899
61.19 91.783
62.3 91.665
63.44 91.543
64.59 91.418
65.77 91.29
66.96 91.159
68.18 91.024
69.42 90.886
70.69 90.744
71.97 90.598
73.28 90.449
74.62 90.295
75.97 90.139
77.36 89.979
78.76 89.815
80.2 89.649
81.66 89.48
83.14 89.308
84.66 89.133
86.2 88.957
87.77 88.777
89.36 88.595
90.99 88.411
92.65 88.224
94.33 88.035
96.05 87.842
97.8 87.647
99.58 87.449
101.39 87.248
103.23 87.044
105.11 86.838
107.03 86.627
108.97 86.414
110.96 86.197
112.98 85.977
115.03 85.754
117.13 85.529
119.26 85.302
121.43 85.074
123.64 84.846
125.89 84.617
128.18 84.388
130.51 84.159
132.89 83.928
135.31 83.695
137.77 83.459
140.28 83.221
142.83 82.98
145.43 82.737
148.07 82.492
150.77 82.247
153.51 82.001
156.31 81.756
159.15 81.513
162.05 81.271
165 81.033
168 80.798
171.06 80.569
174.17 80.347
177.34 80.131
180.57 79.924
183.86 79.724
187.2 79.532
190.61 79.348
194.08 79.171
197.61 79.002
201.21 78.838
204.87 78.681
208.6 78.529
212.39 78.383
216.26 78.242
220.19 78.109
224.2 77.982
228.28 77.863
232.44 77.75
236.67 77.646
240.97 77.548
245.36 77.458
249.82 77.374
254.37 77.296
259 77.224
263.71 77.157
268.51 77.094
273.4 77.034
278.38 76.978
283.44 76.925
288.6 76.875
293.85 76.827
299.2 76.781
304.65 76.737
310.19 76.693
315.84 76.651
321.59 76.61
327.44 76.568
333.4 76.527
339.47 76.485
345.64 76.444
351.93 76.403
358.34 76.363
364.86 76.323
371.5 76.283
378.26 76.244
385.15 76.205
392.16 76.165
399.29 76.126
406.56 76.085
413.96 76.044
421.49 76.001
429.16 75.958
436.97 75.913
444.93 75.866
453.02 75.818
461.27 75.768
469.66 75.716
478.21 75.664
486.91 75.61
495.78 75.555
504.8 75.502
513.99 75.447
523.34 75.394
532.87 75.341
542.56 75.289
552.44 75.238
562.49 75.187
572.73 75.137
583.15 75.088
593.77 75.04
604.57 74.992
615.57 74.946
626.78 74.901
638.18 74.857
649.8 74.815
661.63 74.774
673.67 74.735
685.93 74.698
698.41 74.663
711.12 74.631
724.06 74.602
737.24 74.577
750.66 74.555
764.32 74.537
778.23 74.523
792.39 74.513
806.82 74.508
821.5 74.508
836.45 74.514
851.67 74.527
867.17 74.547
882.96 74.575
899.02 74.611
915.39 74.655
932.05 74.709
949.01 74.772
966.28 74.843
983.87 74.922
1001.77 75.008
1020 75.1
1038.57 75.196
1057.47 75.295
1076.71 75.397
1096.31 75.5
1116.26 75.605
1136.58 75.708
1157.26 75.812
1178.32 75.913
1199.77 76.011
1221.6 76.107
1243.84 76.199
1266.47 76.289
1289.52 76.377
1312.99 76.463
1336.89 76.548
1361.22 76.634
1385.99 76.722
1411.22 76.814
1436.9 76.91
1463.05 77.014
1489.68 77.126
1516.79 77.247
1544.4 77.378
1572.5 77.519
1601.12 77.667
1630.26 77.819
1659.93 77.972
1690.14 78.125
1720.9 78.274
1752.22 78.417
1784.11 78.552
1816.58 78.678
1849.64 78.794
1883.3 78.904
1917.58 79.008
1952.48 79.108
1988.01 79.207
2024.19 79.307
2061.03 79.411
2098.54 79.52
2136.73 79.633
2175.62 79.752
2215.22 79.876
2255.53 80.006
2296.58 80.142
2338.38 80.283
2380.94 80.43
2424.27 80.582
2468.39 80.738
2513.31 80.898
2559.05 81.061
2605.63 81.228
2653.05 81.396
2701.33 81.567
2750.5 81.737
2800.55 81.908
2851.52 82.078
2903.42 82.247
2956.26 82.413
3010.06 82.575
3064.85 82.732
3120.62 82.882
3177.42 83.022
3235.25 83.154
3294.13 83.276
3354.08 83.387
3415.12 83.485
3477.27 83.572
3540.56 83.646
3605 83.708
3670.6 83.757
3737.41 83.793
3805.43 83.816
3874.68 83.825
3945.2 83.821
4017 83.803
4090.11 83.772
4164.55 83.728
4240.34 83.672
4317.51 83.606
4396.09 83.529
4476.1 83.443
4557.56 83.348
4640.5 83.243
4724.96 83.129
4810.95 83.005
4898.51 82.871
4987.66 82.728
5078.43 82.575
5170.86 82.415
5264.97 82.249
5360.79 82.078
5458.35 81.906
5557.69 81.733
5658.84 81.563
5761.82 81.398
5866.69 81.241
5973.46 81.096
6082.17 80.966
6192.87 80.858
6305.57 80.778
6420.33 80.732
6537.18 80.728
6656.15 80.771
6777.29 80.864
6900.63 81.011
7026.22 81.209
7154.1 81.451
7284.3 81.721
7416.87 81.997
7551.85 82.244
7689.29 82.422
7829.23 82.487
7971.72 82.397
8116.8 82.118
8264.53 81.63
8414.94 80.932
8568.09 80.045
8724.02 79.007
8882.79 77.871
9044.46 76.69
9209.06 75.518
9376.66 74.397
9547.31 73.364
9721.07 72.441
9897.99 71.64
10078.13 70.967
10261.55 70.418
10448.3 69.985
10638.45 69.659
10832.07 69.429
11029.21 69.289
11229.94 69.235
11434.32 69.269
11642.41 69.398
11854.3 69.638
12070.04 70.015
12289.71 70.562
12513.38 71.323
12741.12 72.333
12973 73.616
13209.1 75.152
13449.5 76.862
13694.28 78.586
13943.51 80.095
14197.27 81.137
14455.66 81.517
14718.74 81.178
14986.62 80.236
15259.37 78.959
15537.08 77.674
15819.85 76.663
16107.76 76.081
16400.92 75.919
16699.41 76.026
17003.33 76.177
17312.78 76.142
17627.86 75.745
17948.68 74.894
18275.34 73.578
18607.94 71.846
18946.6 69.784
19291.42 67.495
19642.52 65.086
20000 62.64