20 93.186
20.36 93.173
20.73 93.16
21.11 93.147
21.5 93.133
21.89 93.119
22.29 93.105
22.69 93.091
23.1 93.076
23.52 93.061
23.95 93.045
24.39 93.028
24.83 93.01
25.28 92.992
25.74 92.973
26.21 92.953
26.69 92.932
27.18 92.909
27.67 92.885
28.17 92.86
28.69 92.834
29.21 92.807
29.74 92.778
30.28 92.747
30.83 92.715
31.39 92.681
31.97 92.645
32.55 92.608
33.14 92.569
33.74 92.528
34.36 92.484
34.98 92.439
35.62 92.392
36.27 92.343
36.93 92.292
37.6 92.24
38.28 92.185
38.98 92.128
39.69 92.07
40.41 92.01
41.15 91.948
41.9 91.884
42.66 91.818
43.44 91.75
44.23 91.681
45.03 91.61
45.85 91.537
46.68 91.463
47.53 91.386
48.4 91.307
49.28 91.227
50.18 91.145
51.09 91.06
52.02 90.974
52.97 90.885
53.93 90.794
54.91 90.701
55.91 90.605
56.93 90.508
57.97 90.407
59.02 90.304
60.09 90.199
61.19 90.091
62.3 89.98
63.44 89.866
64.59 89.75
65.77 89.63
66.96 89.507
68.18 89.382
69.42 89.253
70.69 89.121
71.97 88.986
73.28 88.847
74.62 88.705
75.97 88.56
77.36 88.412
78.76 88.261
80.2 88.107
81.66 87.95
83.14 87.791
84.66 87.63
86.2 87.466
87.77 87.3
89.36 87.131
90.99 86.96
92.65 86.786
94.33 86.61
96.05 86.432
97.8 86.25
99.58 86.065
101.39 85.878
103.23 85.689
105.11 85.496
107.03 85.3
108.97 85.102
110.96 84.9
112.98 84.695
115.03 84.489
117.13 84.279
119.26 84.069
121.43 83.858
123.64 83.645
125.89 83.433
128.18 83.221
130.51 83.007
132.89 82.792
135.31 82.575
137.77 82.357
140.28 82.135
142.83 81.912
145.43 81.687
148.07 81.461
150.77 81.234
153.51 81.008
156.31 80.783
159.15 80.559
162.05 80.337
165 80.119
168 79.905
171.06 79.696
174.17 79.492
177.34 79.296
180.57 79.108
183.86 78.926
187.2 78.753
190.61 78.587
194.08 78.429
197.61 78.277
201.21 78.132
204.87 77.994
208.6 77.861
212.39 77.733
216.26 77.612
220.19 77.497
224.2 77.388
228.28 77.286
232.44 77.191
236.67 77.103
240.97 77.022
245.36 76.948
249.82 76.88
254.37 76.818
259 76.761
263.71 76.708
268.51 76.659
273.4 76.614
278.38 76.571
283.44 76.531
288.6 76.493
293.85 76.456
299.2 76.422
304.65 76.389
310.19 76.356
315.84 76.325
321.59 76.294
327.44 76.263
333.4 76.232
339.47 76.201
345.64 76.17
351.93 76.14
358.34 76.11
364.86 76.079
371.5 76.049
378.26 76.019
385.15 75.988
392.16 75.957
399.29 75.925
406.56 75.892
413.96 75.858
421.49 75.824
429.16 75.787
436.97 75.749
444.93 75.709
453.02 75.666
461.27 75.622
469.66 75.576
478.21 75.529
486.91 75.481
495.78 75.433
504.8 75.384
513.99 75.335
523.34 75.287
532.87 75.239
542.56 75.191
552.44 75.145
562.49 75.099
572.73 75.053
583.15 75.008
593.77 74.964
604.57 74.921
615.57 74.878
626.78 74.837
638.18 74.797
649.8 74.758
661.63 74.721
673.67 74.686
685.93 74.653
698.41 74.622
711.12 74.593
724.06 74.568
737.24 74.546
750.66 74.527
764.32 74.511
778.23 74.5
792.39 74.492
806.82 74.488
821.5 74.49
836.45 74.497
851.67 74.511
867.17 74.532
882.96 74.561
899.02 74.599
915.39 74.645
932.05 74.7
949.01 74.765
966.28 74.838
983.87 74.92
1001.77 75.009
1020 75.103
1038.57 75.201
1057.47 75.304
1076.71 75.408
1096.31 75.514
1116.26 75.621
1136.58 75.728
1157.26 75.833
1178.32 75.936
1199.77 76.036
1221.6 76.133
1243.84 76.227
1266.47 76.318
1289.52 76.407
1312.99 76.493
1336.89 76.579
1361.22 76.665
1385.99 76.753
1411.22 76.845
1436.9 76.942
1463.05 77.046
1489.68 77.158
1516.79 77.279
1544.4 77.411
1572.5 77.552
1601.12 77.701
1630.26 77.854
1659.93 78.008
1690.14 78.163
1720.9 78.313
1752.22 78.457
1784.11 78.593
1816.58 78.72
1849.64 78.838
1883.3 78.949
1917.58 79.054
1952.48 79.154
1988.01 79.254
2024.19 79.355
2061.03 79.46
2098.54 79.569
2136.73 79.683
2175.62 79.803
2215.22 79.927
2255.53 80.058
2296.58 80.193
2338.38 80.335
2380.94 80.482
2424.27 80.634
2468.39 80.79
2513.31 80.95
2559.05 81.113
2605.63 81.279
2653.05 81.447
2701.33 81.617
2750.5 81.786
2800.55 81.956
2851.52 82.126
2903.42 82.294
2956.26 82.459
3010.06 82.621
3064.85 82.776
3120.62 82.925
3177.42 83.066
3235.25 83.197
3294.13 83.317
3354.08 83.427
3415.12 83.525
3477.27 83.611
3540.56 83.684
3605 83.744
3670.6 83.792
3737.41 83.827
3805.43 83.849
3874.68 83.856
3945.2 83.851
4017 83.832
4090.11 83.799
4164.55 83.753
4240.34 83.696
4317.51 83.628
4396.09 83.55
4476.1 83.463
4557.56 83.365
4640.5 83.259
4724.96 83.143
4810.95 83.018
4898.51 82.882
4987.66 82.738
5078.43 82.584
5170.86 82.423
5264.97 82.255
5360.79 82.083
5458.35 81.909
5557.69 81.736
5658.84 81.564
5761.82 81.397
5866.69 81.237
5973.46 81.088
6082.17 80.954
6192.87 80.841
6305.57 80.756
6420.33 80.705
6537.18 80.695
6656.15 80.731
6777.29 80.819
6900.63 80.96
7026.22 81.155
7154.1 81.397
7284.3 81.672
7416.87 81.957
7551.85 82.219
7689.29 82.417
7829.23 82.507
7971.72 82.446
8116.8 82.195
8264.53 81.733
8414.94 81.056
8568.09 80.184
8724.02 79.155
8882.79 78.021
9044.46 76.839
9209.06 75.661
9376.66 74.535
9547.31 73.497
9721.07 72.57
9897.99 71.768
10078.13 71.096
10261.55 70.549
10448.3 70.119
10638.45 69.797
10832.07 69.572
11029.21 69.435
11229.94 69.383
11434.32 69.415
11642.41 69.538
11854.3 69.766
12070.04 70.125
12289.71 70.648
12513.38 71.374
12741.12 72.345
12973 73.583
13209.1 75.078
13449.5 76.759
13694.28 78.475
13943.51 80.003
14197.27 81.089
14455.66 81.526
14718.74 81.235
14986.62 80.318
15259.37 79.03
15537.08 77.704
15819.85 76.636
16107.76 76.003
16400.92 75.813
16699.41 75.927
17003.33 76.116
17312.78 76.145
17627.86 75.825
17948.68 75.053
18275.34 73.81
18607.94 72.143
18946.6 70.14
19291.42 67.905
19642.52 65.548
20000 63.153