20 85.851
20.36 85.84
20.73 85.828
21.11 85.816
21.5 85.804
21.89 85.792
22.29 85.78
22.69 85.767
23.1 85.754
23.52 85.74
23.95 85.725
24.39 85.71
24.83 85.695
25.28 85.679
25.74 85.662
26.21 85.644
26.69 85.625
27.18 85.606
27.67 85.585
28.17 85.563
28.69 85.54
29.21 85.516
29.74 85.491
30.28 85.464
30.83 85.436
31.39 85.406
31.97 85.375
32.55 85.343
33.14 85.309
33.74 85.273
34.36 85.235
34.98 85.196
35.62 85.156
36.27 85.113
36.93 85.069
37.6 85.023
38.28 84.976
38.98 84.927
39.69 84.876
40.41 84.824
41.15 84.77
41.9 84.715
42.66 84.658
43.44 84.6
44.23 84.539
45.03 84.478
45.85 84.415
46.68 84.349
47.53 84.283
48.4 84.215
49.28 84.145
50.18 84.073
51.09 84
52.02 83.924
52.97 83.847
53.93 83.768
54.91 83.687
55.91 83.603
56.93 83.518
57.97 83.43
59.02 83.341
60.09 83.249
61.19 83.154
62.3 83.058
63.44 82.959
64.59 82.858
65.77 82.754
66.96 82.647
68.18 82.538
69.42 82.427
70.69 82.312
71.97 82.196
73.28 82.076
74.62 81.954
75.97 81.829
77.36 81.702
78.76 81.572
80.2 81.441
81.66 81.307
83.14 81.171
84.66 81.034
86.2 80.894
87.77 80.753
89.36 80.61
90.99 80.465
92.65 80.319
94.33 80.17
96.05 80.02
97.8 79.867
99.58 79.713
101.39 79.556
103.23 79.397
105.11 79.236
107.03 79.073
108.97 78.908
110.96 78.741
112.98 78.571
115.03 78.399
117.13 78.226
119.26 78.052
121.43 77.878
123.64 77.703
125.89 77.529
128.18 77.355
130.51 77.18
132.89 77.005
135.31 76.83
137.77 76.652
140.28 76.474
142.83 76.294
145.43 76.114
148.07 75.934
150.77 75.755
153.51 75.577
156.31 75.4
159.15 75.227
162.05 75.056
165 74.89
168 74.728
171.06 74.572
174.17 74.423
177.34 74.281
180.57 74.146
183.86 74.019
187.2 73.899
190.61 73.788
194.08 73.684
197.61 73.588
201.21 73.499
204.87 73.417
208.6 73.341
212.39 73.273
216.26 73.211
220.19 73.157
224.2 73.11
228.28 73.071
232.44 73.038
236.67 73.013
240.97 72.995
245.36 72.984
249.82 72.979
254.37 72.979
259 72.985
263.71 72.996
268.51 73.011
273.4 73.029
278.38 73.051
283.44 73.076
288.6 73.104
293.85 73.133
299.2 73.164
304.65 73.196
310.19 73.229
315.84 73.264
321.59 73.299
327.44 73.335
333.4 73.372
339.47 73.408
345.64 73.445
351.93 73.481
358.34 73.516
364.86 73.55
371.5 73.584
378.26 73.616
385.15 73.648
392.16 73.678
399.29 73.707
406.56 73.735
413.96 73.761
421.49 73.785
429.16 73.807
436.97 73.827
444.93 73.843
453.02 73.858
461.27 73.87
469.66 73.881
478.21 73.889
486.91 73.897
495.78 73.903
504.8 73.909
513.99 73.915
523.34 73.919
532.87 73.924
542.56 73.928
552.44 73.932
562.49 73.935
572.73 73.938
583.15 73.941
593.77 73.943
604.57 73.945
615.57 73.948
626.78 73.951
638.18 73.954
649.8 73.959
661.63 73.964
673.67 73.97
685.93 73.978
698.41 73.987
711.12 73.997
724.06 74.009
737.24 74.023
750.66 74.039
764.32 74.058
778.23 74.081
792.39 74.107
806.82 74.137
821.5 74.172
836.45 74.212
851.67 74.259
867.17 74.312
882.96 74.372
899.02 74.439
915.39 74.514
932.05 74.598
949.01 74.69
966.28 74.79
983.87 74.897
1001.77 75.011
1020 75.13
1038.57 75.252
1057.47 75.377
1076.71 75.505
1096.31 75.634
1116.26 75.762
1136.58 75.89
1157.26 76.016
1178.32 76.139
1199.77 76.258
1221.6 76.375
1243.84 76.487
1266.47 76.596
1289.52 76.702
1312.99 76.805
1336.89 76.905
1361.22 77.006
1385.99 77.109
1411.22 77.216
1436.9 77.327
1463.05 77.444
1489.68 77.569
1516.79 77.702
1544.4 77.846
1572.5 77.999
1601.12 78.158
1630.26 78.322
1659.93 78.486
1690.14 78.65
1720.9 78.81
1752.22 78.963
1784.11 79.107
1816.58 79.243
1849.64 79.369
1883.3 79.488
1917.58 79.6
1952.48 79.708
1988.01 79.815
2024.19 79.923
2061.03 80.035
2098.54 80.151
2136.73 80.272
2175.62 80.398
2215.22 80.529
2255.53 80.666
2296.58 80.808
2338.38 80.956
2380.94 81.108
2424.27 81.266
2468.39 81.427
2513.31 81.592
2559.05 81.76
2605.63 81.93
2653.05 82.103
2701.33 82.276
2750.5 82.45
2800.55 82.623
2851.52 82.796
2903.42 82.967
2956.26 83.135
3010.06 83.299
3064.85 83.458
3120.62 83.609
3177.42 83.751
3235.25 83.884
3294.13 84.007
3354.08 84.119
3415.12 84.219
3477.27 84.307
3540.56 84.383
3605 84.446
3670.6 84.497
3737.41 84.534
3805.43 84.559
3874.68 84.571
3945.2 84.569
4017 84.554
4090.11 84.525
4164.55 84.483
4240.34 84.43
4317.51 84.366
4396.09 84.291
4476.1 84.207
4557.56 84.113
4640.5 84.009
4724.96 83.895
4810.95 83.771
4898.51 83.637
4987.66 83.492
5078.43 83.338
5170.86 83.175
5264.97 83.005
5360.79 82.83
5458.35 82.652
5557.69 82.473
5658.84 82.296
5761.82 82.122
5866.69 81.955
5973.46 81.798
6082.17 81.654
6192.87 81.53
6305.57 81.431
6420.33 81.365
6537.18 81.338
6656.15 81.355
6777.29 81.424
6900.63 81.547
7026.22 81.726
7154.1 81.957
7284.3 82.23
7416.87 82.524
7551.85 82.811
7689.29 83.053
7829.23 83.204
7971.72 83.22
8116.8 83.059
8264.53 82.69
8414.94 82.104
8568.09 81.31
8724.02 80.342
8882.79 79.249
9044.46 78.089
9209.06 76.919
9376.66 75.791
9547.31 74.743
9721.07 73.805
9897.99 72.992
10078.13 72.311
10261.55 71.759
10448.3 71.327
10638.45 71.004
10832.07 70.779
11029.21 70.643
11229.94 70.589
11434.32 70.617
11642.41 70.733
11854.3 70.947
12070.04 71.284
12289.71 71.775
12513.38 72.458
12741.12 73.374
12973 74.551
13209.1 75.982
13449.5 77.607
13694.28 79.288
13943.51 80.807
14197.27 81.912
14455.66 82.385
14718.74 82.129
14986.62 81.223
15259.37 79.911
15537.08 78.528
15819.85 77.388
16107.76 76.69
16400.92 76.465
16699.41 76.589
17003.33 76.839
17312.78 76.971
17627.86 76.78
17948.68 76.144
18275.34 75.027
18607.94 73.467
18946.6 71.547
19291.42 69.379
19642.52 67.079
20000 64.738