20 81.845
20.36 81.848
20.73 81.851
21.11 81.854
21.5 81.857
21.89 81.859
22.29 81.862
22.69 81.864
23.1 81.865
23.52 81.867
23.95 81.868
24.39 81.869
24.83 81.869
25.28 81.868
25.74 81.867
26.21 81.865
26.69 81.863
27.18 81.86
27.67 81.856
28.17 81.852
28.69 81.846
29.21 81.84
29.74 81.833
30.28 81.824
30.83 81.815
31.39 81.804
31.97 81.792
32.55 81.78
33.14 81.766
33.74 81.75
34.36 81.734
34.98 81.716
35.62 81.697
36.27 81.677
36.93 81.655
37.6 81.633
38.28 81.61
38.98 81.585
39.69 81.56
40.41 81.533
41.15 81.506
41.9 81.477
42.66 81.448
43.44 81.418
44.23 81.387
45.03 81.355
45.85 81.322
46.68 81.288
47.53 81.254
48.4 81.219
49.28 81.183
50.18 81.146
51.09 81.108
52.02 81.069
52.97 81.029
53.93 80.988
54.91 80.946
55.91 80.902
56.93 80.858
57.97 80.812
59.02 80.765
60.09 80.717
61.19 80.668
62.3 80.618
63.44 80.566
64.59 80.513
65.77 80.459
66.96 80.405
68.18 80.348
69.42 80.292
70.69 80.234
71.97 80.175
73.28 80.115
74.62 80.055
75.97 79.993
77.36 79.931
78.76 79.868
80.2 79.805
81.66 79.741
83.14 79.676
84.66 79.611
86.2 79.545
87.77 79.478
89.36 79.412
90.99 79.344
92.65 79.276
94.33 79.208
96.05 79.138
97.8 79.069
99.58 78.998
101.39 78.928
103.23 78.856
105.11 78.784
107.03 78.711
108.97 78.638
110.96 78.564
112.98 78.49
115.03 78.416
117.13 78.341
119.26 78.266
121.43 78.192
123.64 78.117
125.89 78.043
128.18 77.97
130.51 77.896
132.89 77.822
135.31 77.748
137.77 77.674
140.28 77.599
142.83 77.523
145.43 77.447
148.07 77.37
150.77 77.292
153.51 77.213
156.31 77.135
159.15 77.056
162.05 76.976
165 76.897
168 76.818
171.06 76.74
174.17 76.662
177.34 76.586
180.57 76.51
183.86 76.437
187.2 76.364
190.61 76.292
194.08 76.221
197.61 76.151
201.21 76.08
204.87 76.01
208.6 75.94
212.39 75.869
216.26 75.798
220.19 75.727
224.2 75.656
228.28 75.586
232.44 75.516
236.67 75.447
240.97 75.38
245.36 75.314
249.82 75.249
254.37 75.186
259 75.123
263.71 75.061
268.51 74.999
273.4 74.938
278.38 74.878
283.44 74.818
288.6 74.759
293.85 74.7
299.2 74.643
304.65 74.587
310.19 74.531
315.84 74.476
321.59 74.422
327.44 74.368
333.4 74.314
339.47 74.262
345.64 74.211
351.93 74.161
358.34 74.112
364.86 74.065
371.5 74.02
378.26 73.976
385.15 73.933
392.16 73.891
399.29 73.851
406.56 73.811
413.96 73.773
421.49 73.736
429.16 73.7
436.97 73.666
444.93 73.633
453.02 73.602
461.27 73.571
469.66 73.542
478.21 73.514
486.91 73.488
495.78 73.463
504.8 73.439
513.99 73.417
523.34 73.396
532.87 73.377
542.56 73.36
552.44 73.344
562.49 73.331
572.73 73.319
583.15 73.309
593.77 73.301
604.57 73.295
615.57 73.291
626.78 73.29
638.18 73.292
649.8 73.295
661.63 73.302
673.67 73.313
685.93 73.326
698.41 73.344
711.12 73.365
724.06 73.391
737.24 73.421
750.66 73.456
764.32 73.498
778.23 73.545
792.39 73.6
806.82 73.661
821.5 73.731
836.45 73.808
851.67 73.894
867.17 73.987
882.96 74.087
899.02 74.195
915.39 74.31
932.05 74.434
949.01 74.566
966.28 74.708
983.87 74.858
1001.77 75.015
1020 75.18
1038.57 75.35
1057.47 75.525
1076.71 75.705
1096.31 75.889
1116.26 76.077
1136.58 76.267
1157.26 76.46
1178.32 76.654
1199.77 76.85
1221.6 77.045
1243.84 77.24
1266.47 77.435
1289.52 77.631
1312.99 77.826
1336.89 78.021
1361.22 78.219
1385.99 78.421
1411.22 78.629
1436.9 78.841
1463.05 79.06
1489.68 79.284
1516.79 79.515
1544.4 79.754
1572.5 80.002
1601.12 80.257
1630.26 80.517
1659.93 80.785
1690.14 81.061
1720.9 81.346
1752.22 81.639
1784.11 81.942
1816.58 82.251
1849.64 82.568
1883.3 82.89
1917.58 83.213
1952.48 83.536
1988.01 83.855
2024.19 84.169
2061.03 84.475
2098.54 84.768
2136.73 85.044
2175.62 85.297
2215.22 85.523
2255.53 85.718
2296.58 85.88
2338.38 86.004
2380.94 86.089
2424.27 86.133
2468.39 86.135
2513.31 86.094
2559.05 86.013
2605.63 85.896
2653.05 85.749
2701.33 85.579
2750.5 85.395
2800.55 85.205
2851.52 85.013
2903.42 84.827
2956.26 84.65
3010.06 84.485
3064.85 84.338
3120.62 84.208
3177.42 84.099
3235.25 84.011
3294.13 83.945
3354.08 83.901
3415.12 83.881
3477.27 83.883
3540.56 83.905
3605 83.946
3670.6 84.002
3737.41 84.067
3805.43 84.135
3874.68 84.196
3945.2 84.24
4017 84.257
4090.11 84.232
4164.55 84.156
4240.34 84.017
4317.51 83.808
4396.09 83.526
4476.1 83.169
4557.56 82.741
4640.5 82.25
4724.96 81.708
4810.95 81.126
4898.51 80.52
4987.66 79.902
5078.43 79.286
5170.86 78.681
5264.97 78.1
5360.79 77.546
5458.35 77.027
5557.69 76.546
5658.84 76.108
5761.82 75.715
5866.69 75.369
5973.46 75.075
6082.17 74.837
6192.87 74.661
6305.57 74.554
6420.33 74.528
6537.18 74.598
6656.15 74.781
6777.29 75.099
6900.63 75.573
7026.22 76.223
7154.1 77.052
7284.3 78.047
7416.87 79.161
7551.85 80.308
7689.29 81.368
7829.23 82.198
7971.72 82.662
8116.8 82.667
8264.53 82.191
8414.94 81.288
8568.09 80.077
8724.02 78.714
8882.79 77.349
9044.46 76.105
9209.06 75.066
9376.66 74.269
9547.31 73.714
9721.07 73.363
9897.99 73.152
10078.13 72.994
10261.55 72.799
10448.3 72.491
10638.45 72.031
10832.07 71.433
11029.21 70.771
11229.94 70.158
11434.32 69.703
11642.41 69.454
11854.3 69.364
12070.04 69.292
12289.71 69.054
12513.38 68.502
12741.12 67.58
12973 66.343
13209.1 64.928
13449.5 63.512
13694.28 62.262
13943.51 61.314
14197.27 60.762
14455.66 60.653
14718.74 60.994
14986.62 61.75
15259.37 62.842
15537.08 64.153
15819.85 65.526
16107.76 66.785
16400.92 67.767
16699.41 68.352
17003.33 68.484
17312.78 68.162
17627.86 67.401
17948.68 66.198
18275.34 64.511
18607.94 62.29
18946.6 59.533
19291.42 56.329
19642.52 52.85
20000 49.279