20 82.159
20.36 82.168
20.73 82.177
21.11 82.184
21.5 82.193
21.89 82.201
22.29 82.209
22.69 82.217
23.1 82.223
23.52 82.23
23.95 82.237
24.39 82.243
24.83 82.248
25.28 82.253
25.74 82.257
26.21 82.26
26.69 82.263
27.18 82.264
27.67 82.265
28.17 82.265
28.69 82.264
29.21 82.262
29.74 82.259
30.28 82.255
30.83 82.25
31.39 82.244
31.97 82.236
32.55 82.226
33.14 82.216
33.74 82.205
34.36 82.191
34.98 82.177
35.62 82.161
36.27 82.143
36.93 82.125
37.6 82.105
38.28 82.084
38.98 82.062
39.69 82.039
40.41 82.015
41.15 81.989
41.9 81.962
42.66 81.934
43.44 81.905
44.23 81.876
45.03 81.845
45.85 81.813
46.68 81.78
47.53 81.746
48.4 81.711
49.28 81.676
50.18 81.639
51.09 81.601
52.02 81.562
52.97 81.522
53.93 81.481
54.91 81.439
55.91 81.396
56.93 81.351
57.97 81.306
59.02 81.259
60.09 81.212
61.19 81.163
62.3 81.113
63.44 81.062
64.59 81.009
65.77 80.956
66.96 80.901
68.18 80.845
69.42 80.788
70.69 80.729
71.97 80.67
73.28 80.609
74.62 80.548
75.97 80.486
77.36 80.421
78.76 80.357
80.2 80.292
81.66 80.226
83.14 80.16
84.66 80.093
86.2 80.025
87.77 79.957
89.36 79.889
90.99 79.82
92.65 79.75
94.33 79.68
96.05 79.61
97.8 79.539
99.58 79.467
101.39 79.396
103.23 79.324
105.11 79.252
107.03 79.178
108.97 79.104
110.96 79.03
112.98 78.955
115.03 78.879
117.13 78.803
119.26 78.727
121.43 78.651
123.64 78.575
125.89 78.5
128.18 78.424
130.51 78.348
132.89 78.271
135.31 78.194
137.77 78.116
140.28 78.037
142.83 77.957
145.43 77.876
148.07 77.795
150.77 77.713
153.51 77.631
156.31 77.548
159.15 77.466
162.05 77.384
165 77.302
168 77.222
171.06 77.142
174.17 77.063
177.34 76.985
180.57 76.909
183.86 76.834
187.2 76.76
190.61 76.687
194.08 76.614
197.61 76.542
201.21 76.47
204.87 76.397
208.6 76.325
212.39 76.252
216.26 76.179
220.19 76.105
224.2 76.032
228.28 75.959
232.44 75.888
236.67 75.818
240.97 75.75
245.36 75.683
249.82 75.618
254.37 75.553
259 75.491
263.71 75.429
268.51 75.368
273.4 75.308
278.38 75.249
283.44 75.19
288.6 75.133
293.85 75.076
299.2 75.021
304.65 74.966
310.19 74.912
315.84 74.859
321.59 74.806
327.44 74.754
333.4 74.703
339.47 74.652
345.64 74.603
351.93 74.555
358.34 74.509
364.86 74.463
371.5 74.419
378.26 74.377
385.15 74.335
392.16 74.294
399.29 74.255
406.56 74.216
413.96 74.179
421.49 74.142
429.16 74.107
436.97 74.073
444.93 74.04
453.02 74.008
461.27 73.976
469.66 73.945
478.21 73.914
486.91 73.884
495.78 73.854
504.8 73.826
513.99 73.798
523.34 73.771
532.87 73.745
542.56 73.721
552.44 73.698
562.49 73.678
572.73 73.66
583.15 73.646
593.77 73.636
604.57 73.628
615.57 73.625
626.78 73.626
638.18 73.63
649.8 73.638
661.63 73.649
673.67 73.663
685.93 73.679
698.41 73.697
711.12 73.718
724.06 73.74
737.24 73.766
750.66 73.794
764.32 73.825
778.23 73.86
792.39 73.9
806.82 73.945
821.5 73.995
836.45 74.052
851.67 74.115
867.17 74.184
882.96 74.261
899.02 74.345
915.39 74.436
932.05 74.536
949.01 74.644
966.28 74.76
983.87 74.883
1001.77 75.013
1020 75.146
1038.57 75.284
1057.47 75.423
1076.71 75.566
1096.31 75.71
1116.26 75.855
1136.58 76
1157.26 76.145
1178.32 76.288
1199.77 76.429
1221.6 76.568
1243.84 76.704
1266.47 76.837
1289.52 76.967
1312.99 77.094
1336.89 77.218
1361.22 77.34
1385.99 77.461
1411.22 77.583
1436.9 77.703
1463.05 77.825
1489.68 77.947
1516.79 78.072
1544.4 78.2
1572.5 78.331
1601.12 78.467
1630.26 78.605
1659.93 78.748
1690.14 78.894
1720.9 79.046
1752.22 79.202
1784.11 79.364
1816.58 79.53
1849.64 79.7
1883.3 79.873
1917.58 80.049
1952.48 80.226
1988.01 80.404
2024.19 80.584
2061.03 80.763
2098.54 80.941
2136.73 81.117
2175.62 81.288
2215.22 81.456
2255.53 81.617
2296.58 81.773
2338.38 81.924
2380.94 82.067
2424.27 82.199
2468.39 82.314
2513.31 82.406
2559.05 82.467
2605.63 82.488
2653.05 82.463
2701.33 82.387
2750.5 82.262
2800.55 82.093
2851.52 81.891
2903.42 81.668
2956.26 81.439
3010.06 81.216
3064.85 81.009
3120.62 80.829
3177.42 80.679
3235.25 80.562
3294.13 80.477
3354.08 80.425
3415.12 80.404
3477.27 80.409
3540.56 80.439
3605 80.49
3670.6 80.558
3737.41 80.638
3805.43 80.729
3874.68 80.827
3945.2 80.932
4017 81.042
4090.11 81.156
4164.55 81.272
4240.34 81.381
4317.51 81.474
4396.09 81.534
4476.1 81.546
4557.56 81.492
4640.5 81.362
4724.96 81.151
4810.95 80.866
4898.51 80.517
4987.66 80.127
5078.43 79.719
5170.86 79.317
5264.97 78.941
5360.79 78.605
5458.35 78.314
5557.69 78.07
5658.84 77.861
5761.82 77.678
5866.69 77.503
5973.46 77.327
6082.17 77.138
6192.87 76.941
6305.57 76.741
6420.33 76.555
6537.18 76.405
6656.15 76.318
6777.29 76.318
6900.63 76.425
7026.22 76.652
7154.1 76.994
7284.3 77.428
7416.87 77.911
7551.85 78.38
7689.29 78.761
7829.23 78.981
7971.72 78.983
8116.8 78.739
8264.53 78.264
8414.94 77.604
8568.09 76.838
8724.02 76.058
8882.79 75.349
9044.46 74.784
9209.06 74.414
9376.66 74.262
9547.31 74.322
9721.07 74.554
9897.99 74.887
10078.13 75.229
10261.55 75.482
10448.3 75.569
10638.45 75.458
10832.07 75.171
11029.21 74.769
11229.94 74.329
11434.32 73.906
11642.41 73.525
11854.3 73.178
12070.04 72.84
12289.71 72.495
12513.38 72.141
12741.12 71.803
12973 71.52
13209.1 71.333
13449.5 71.259
13694.28 71.27
13943.51 71.296
14197.27 71.234
14455.66 70.989
14718.74 70.508
14986.62 69.797
15259.37 68.904
15537.08 67.888
15819.85 66.785
16107.76 65.588
16400.92 64.273
16699.41 62.811
17003.33 61.223
17312.78 59.597
17627.86 58.051
17948.68 56.622
18275.34 55.217
18607.94 53.663
18946.6 51.824
19291.42 49.673
19642.52 47.301
20000 44.847