20 83.083
20.36 83.094
20.73 83.104
21.11 83.113
21.5 83.123
21.89 83.133
22.29 83.141
22.69 83.15
23.1 83.159
23.52 83.166
23.95 83.174
24.39 83.179
24.83 83.185
25.28 83.19
25.74 83.194
26.21 83.197
26.69 83.199
27.18 83.2
27.67 83.2
28.17 83.198
28.69 83.195
29.21 83.19
29.74 83.184
30.28 83.178
30.83 83.169
31.39 83.158
31.97 83.145
32.55 83.131
33.14 83.115
33.74 83.097
34.36 83.078
34.98 83.056
35.62 83.033
36.27 83.007
36.93 82.981
37.6 82.952
38.28 82.922
38.98 82.891
39.69 82.858
40.41 82.823
41.15 82.788
41.9 82.751
42.66 82.712
43.44 82.672
44.23 82.632
45.03 82.59
45.85 82.546
46.68 82.502
47.53 82.457
48.4 82.411
49.28 82.363
50.18 82.315
51.09 82.266
52.02 82.215
52.97 82.163
53.93 82.11
54.91 82.055
55.91 82
56.93 81.943
57.97 81.885
59.02 81.826
60.09 81.766
61.19 81.704
62.3 81.641
63.44 81.577
64.59 81.511
65.77 81.445
66.96 81.377
68.18 81.308
69.42 81.239
70.69 81.167
71.97 81.095
73.28 81.022
74.62 80.948
75.97 80.873
77.36 80.797
78.76 80.721
80.2 80.644
81.66 80.566
83.14 80.488
84.66 80.41
86.2 80.331
87.77 80.252
89.36 80.173
90.99 80.094
92.65 80.014
94.33 79.934
96.05 79.854
97.8 79.773
99.58 79.693
101.39 79.612
103.23 79.531
105.11 79.45
107.03 79.367
108.97 79.285
110.96 79.203
112.98 79.119
115.03 79.036
117.13 78.953
119.26 78.868
121.43 78.785
123.64 78.702
125.89 78.619
128.18 78.537
130.51 78.454
132.89 78.371
135.31 78.287
137.77 78.203
140.28 78.117
142.83 78.032
145.43 77.945
148.07 77.858
150.77 77.77
153.51 77.681
156.31 77.592
159.15 77.504
162.05 77.416
165 77.328
168 77.241
171.06 77.155
174.17 77.071
177.34 76.988
180.57 76.906
183.86 76.826
187.2 76.747
190.61 76.668
194.08 76.591
197.61 76.513
201.21 76.435
204.87 76.357
208.6 76.278
212.39 76.199
216.26 76.12
220.19 76.039
224.2 75.96
228.28 75.88
232.44 75.801
236.67 75.724
240.97 75.648
245.36 75.574
249.82 75.501
254.37 75.428
259 75.358
263.71 75.288
268.51 75.219
273.4 75.151
278.38 75.083
283.44 75.015
288.6 74.949
293.85 74.884
299.2 74.82
304.65 74.756
310.19 74.693
315.84 74.631
321.59 74.569
327.44 74.507
333.4 74.446
339.47 74.386
345.64 74.327
351.93 74.269
358.34 74.214
364.86 74.159
371.5 74.107
378.26 74.056
385.15 74.006
392.16 73.959
399.29 73.912
406.56 73.867
413.96 73.823
421.49 73.782
429.16 73.741
436.97 73.703
444.93 73.666
453.02 73.63
461.27 73.596
469.66 73.563
478.21 73.532
486.91 73.502
495.78 73.475
504.8 73.449
513.99 73.425
523.34 73.404
532.87 73.385
542.56 73.368
552.44 73.353
562.49 73.341
572.73 73.332
583.15 73.325
593.77 73.32
604.57 73.319
615.57 73.321
626.78 73.326
638.18 73.335
649.8 73.347
661.63 73.363
673.67 73.383
685.93 73.407
698.41 73.434
711.12 73.465
724.06 73.501
737.24 73.539
750.66 73.582
764.32 73.627
778.23 73.678
792.39 73.732
806.82 73.79
821.5 73.854
836.45 73.923
851.67 73.998
867.17 74.079
882.96 74.166
899.02 74.262
915.39 74.365
932.05 74.477
949.01 74.599
966.28 74.729
983.87 74.868
1001.77 75.014
1020 75.166
1038.57 75.324
1057.47 75.488
1076.71 75.657
1096.31 75.83
1116.26 76.009
1136.58 76.193
1157.26 76.38
1178.32 76.57
1199.77 76.763
1221.6 76.959
1243.84 77.155
1266.47 77.351
1289.52 77.548
1312.99 77.741
1336.89 77.933
1361.22 78.122
1385.99 78.31
1411.22 78.496
1436.9 78.681
1463.05 78.863
1489.68 79.043
1516.79 79.223
1544.4 79.404
1572.5 79.588
1601.12 79.772
1630.26 79.957
1659.93 80.143
1690.14 80.33
1720.9 80.516
1752.22 80.701
1784.11 80.883
1816.58 81.061
1849.64 81.234
1883.3 81.402
1917.58 81.564
1952.48 81.719
1988.01 81.87
2024.19 82.016
2061.03 82.158
2098.54 82.297
2136.73 82.433
2175.62 82.564
2215.22 82.691
2255.53 82.811
2296.58 82.926
2338.38 83.033
2380.94 83.132
2424.27 83.22
2468.39 83.295
2513.31 83.355
2559.05 83.4
2605.63 83.43
2653.05 83.444
2701.33 83.447
2750.5 83.442
2800.55 83.436
2851.52 83.433
2903.42 83.44
2956.26 83.459
3010.06 83.489
3064.85 83.526
3120.62 83.563
3177.42 83.59
3235.25 83.598
3294.13 83.579
3354.08 83.524
3415.12 83.431
3477.27 83.295
3540.56 83.114
3605 82.89
3670.6 82.625
3737.41 82.324
3805.43 81.996
3874.68 81.649
3945.2 81.3
4017 80.969
4090.11 80.69
4164.55 80.504
4240.34 80.456
4317.51 80.585
4396.09 80.899
4476.1 81.37
4557.56 81.935
4640.5 82.511
4724.96 83.012
4810.95 83.373
4898.51 83.558
4987.66 83.558
5078.43 83.393
5170.86 83.095
5264.97 82.706
5360.79 82.263
5458.35 81.8
5557.69 81.336
5658.84 80.883
5761.82 80.437
5866.69 79.99
5973.46 79.528
6082.17 79.043
6192.87 78.534
6305.57 78.019
6420.33 77.529
6537.18 77.108
6656.15 76.809
6777.29 76.683
6900.63 76.768
7026.22 77.088
7154.1 77.637
7284.3 78.376
7416.87 79.231
7551.85 80.09
7689.29 80.817
7829.23 81.273
7971.72 81.344
8116.8 80.973
8264.53 80.173
8414.94 79.031
8568.09 77.676
8724.02 76.257
8882.79 74.907
9044.46 73.721
9209.06 72.755
9376.66 72.033
9547.31 71.551
9721.07 71.295
9897.99 71.24
10078.13 71.355
10261.55 71.608
10448.3 71.964
10638.45 72.382
10832.07 72.823
11029.21 73.25
11229.94 73.628
11434.32 73.929
11642.41 74.129
11854.3 74.213
12070.04 74.169
12289.71 73.99
12513.38 73.674
12741.12 73.222
12973 72.634
13209.1 71.91
13449.5 71.044
13694.28 70.034
13943.51 68.892
14197.27 67.654
14455.66 66.381
14718.74 65.147
14986.62 64.029
15259.37 63.087
15537.08 62.349
15819.85 61.809
16107.76 61.421
16400.92 61.103
16699.41 60.75
17003.33 60.251
17312.78 59.511
17627.86 58.473
17948.68 57.117
18275.34 55.467
18607.94 53.587
18946.6 51.564
19291.42 49.479
19642.52 47.383
20000 45.292