20 86.33
20.36 86.323
20.73 86.316
21.11 86.309
21.5 86.301
21.89 86.294
22.29 86.285
22.69 86.276
23.1 86.267
23.52 86.258
23.95 86.247
24.39 86.236
24.83 86.224
25.28 86.211
25.74 86.196
26.21 86.181
26.69 86.165
27.18 86.147
27.67 86.128
28.17 86.108
28.69 86.086
29.21 86.062
29.74 86.037
30.28 86.011
30.83 85.982
31.39 85.951
31.97 85.919
32.55 85.884
33.14 85.847
33.74 85.809
34.36 85.768
34.98 85.725
35.62 85.68
36.27 85.632
36.93 85.584
37.6 85.532
38.28 85.479
38.98 85.425
39.69 85.368
40.41 85.31
41.15 85.25
41.9 85.188
42.66 85.125
43.44 85.06
44.23 84.993
45.03 84.925
45.85 84.855
46.68 84.784
47.53 84.712
48.4 84.638
49.28 84.563
50.18 84.486
51.09 84.408
52.02 84.328
52.97 84.247
53.93 84.164
54.91 84.08
55.91 83.995
56.93 83.908
57.97 83.819
59.02 83.729
60.09 83.637
61.19 83.544
62.3 83.45
63.44 83.353
64.59 83.256
65.77 83.157
66.96 83.057
68.18 82.955
69.42 82.852
70.69 82.748
71.97 82.642
73.28 82.535
74.62 82.426
75.97 82.317
77.36 82.206
78.76 82.096
80.2 81.984
81.66 81.871
83.14 81.758
84.66 81.645
86.2 81.531
87.77 81.418
89.36 81.304
90.99 81.19
92.65 81.075
94.33 80.961
96.05 80.846
97.8 80.731
99.58 80.615
101.39 80.5
103.23 80.384
105.11 80.269
107.03 80.153
108.97 80.036
110.96 79.92
112.98 79.803
115.03 79.686
117.13 79.57
119.26 79.454
121.43 79.339
123.64 79.224
125.89 79.111
128.18 78.999
130.51 78.886
132.89 78.775
135.31 78.664
137.77 78.553
140.28 78.441
142.83 78.329
145.43 78.217
148.07 78.106
150.77 77.995
153.51 77.883
156.31 77.773
159.15 77.665
162.05 77.557
165 77.452
168 77.348
171.06 77.247
174.17 77.149
177.34 77.053
180.57 76.961
183.86 76.871
187.2 76.783
190.61 76.698
194.08 76.616
197.61 76.535
201.21 76.456
204.87 76.377
208.6 76.3
212.39 76.224
216.26 76.148
220.19 76.075
224.2 76.003
228.28 75.932
232.44 75.864
236.67 75.798
240.97 75.736
245.36 75.675
249.82 75.617
254.37 75.562
259 75.508
263.71 75.456
268.51 75.406
273.4 75.358
278.38 75.31
283.44 75.264
288.6 75.22
293.85 75.176
299.2 75.134
304.65 75.092
310.19 75.052
315.84 75.012
321.59 74.973
327.44 74.934
333.4 74.896
339.47 74.859
345.64 74.821
351.93 74.785
358.34 74.75
364.86 74.715
371.5 74.681
378.26 74.647
385.15 74.614
392.16 74.581
399.29 74.549
406.56 74.516
413.96 74.485
421.49 74.453
429.16 74.422
436.97 74.391
444.93 74.359
453.02 74.328
461.27 74.296
469.66 74.263
478.21 74.231
486.91 74.199
495.78 74.169
504.8 74.139
513.99 74.111
523.34 74.084
532.87 74.058
542.56 74.032
552.44 74.007
562.49 73.981
572.73 73.957
583.15 73.934
593.77 73.911
604.57 73.89
615.57 73.87
626.78 73.852
638.18 73.836
649.8 73.823
661.63 73.812
673.67 73.804
685.93 73.8
698.41 73.799
711.12 73.802
724.06 73.808
737.24 73.819
750.66 73.834
764.32 73.854
778.23 73.878
792.39 73.907
806.82 73.942
821.5 73.984
836.45 74.033
851.67 74.089
867.17 74.154
882.96 74.228
899.02 74.31
915.39 74.403
932.05 74.506
949.01 74.618
966.28 74.741
983.87 74.874
1001.77 75.014
1020 75.16
1038.57 75.311
1057.47 75.466
1076.71 75.625
1096.31 75.786
1116.26 75.948
1136.58 76.11
1157.26 76.272
1178.32 76.432
1199.77 76.589
1221.6 76.743
1243.84 76.892
1266.47 77.037
1289.52 77.177
1312.99 77.311
1336.89 77.44
1361.22 77.565
1385.99 77.686
1411.22 77.804
1436.9 77.918
1463.05 78.028
1489.68 78.136
1516.79 78.242
1544.4 78.346
1572.5 78.449
1601.12 78.552
1630.26 78.653
1659.93 78.753
1690.14 78.853
1720.9 78.953
1752.22 79.053
1784.11 79.153
1816.58 79.253
1849.64 79.354
1883.3 79.455
1917.58 79.555
1952.48 79.654
1988.01 79.754
2024.19 79.853
2061.03 79.951
2098.54 80.048
2136.73 80.143
2175.62 80.236
2215.22 80.326
2255.53 80.411
2296.58 80.492
2338.38 80.57
2380.94 80.642
2424.27 80.71
2468.39 80.772
2513.31 80.83
2559.05 80.882
2605.63 80.93
2653.05 80.973
2701.33 81.012
2750.5 81.047
2800.55 81.08
2851.52 81.11
2903.42 81.14
2956.26 81.169
3010.06 81.199
3064.85 81.23
3120.62 81.264
3177.42 81.299
3235.25 81.339
3294.13 81.382
3354.08 81.428
3415.12 81.477
3477.27 81.529
3540.56 81.581
3605 81.631
3670.6 81.677
3737.41 81.717
3805.43 81.745
3874.68 81.759
3945.2 81.755
4017 81.73
4090.11 81.683
4164.55 81.612
4240.34 81.52
4317.51 81.407
4396.09 81.275
4476.1 81.122
4557.56 80.947
4640.5 80.743
4724.96 80.504
4810.95 80.223
4898.51 79.897
4987.66 79.528
5078.43 79.128
5170.86 78.717
5264.97 78.318
5360.79 77.96
5458.35 77.664
5557.69 77.453
5658.84 77.339
5761.82 77.327
5866.69 77.416
5973.46 77.597
6082.17 77.855
6192.87 78.169
6305.57 78.516
6420.33 78.876
6537.18 79.241
6656.15 79.616
6777.29 80.009
6900.63 80.427
7026.22 80.851
7154.1 81.234
7284.3 81.503
7416.87 81.581
7551.85 81.418
7689.29 81.009
7829.23 80.392
7971.72 79.64
8116.8 78.843
8264.53 78.088
8414.94 77.448
8568.09 76.977
8724.02 76.704
8882.79 76.641
9044.46 76.779
9209.06 77.093
9376.66 77.539
9547.31 78.054
9721.07 78.562
9897.99 78.978
10078.13 79.227
10261.55 79.254
10448.3 79.039
10638.45 78.602
10832.07 77.994
11029.21 77.287
11229.94 76.555
11434.32 75.862
11642.41 75.248
11854.3 74.726
12070.04 74.287
12289.71 73.91
12513.38 73.57
12741.12 73.244
12973 72.917
13209.1 72.58
13449.5 72.226
13694.28 71.854
13943.51 71.477
14197.27 71.127
14455.66 70.854
14718.74 70.708
14986.62 70.728
15259.37 70.917
15537.08 71.23
15819.85 71.569
16107.76 71.808
16400.92 71.822
16699.41 71.536
17003.33 70.942
17312.78 70.088
17627.86 69.053
17948.68 67.897
18275.34 66.646
18607.94 65.284
18946.6 63.787
19291.42 62.151
19642.52 60.414
20000 58.64