20 90.365
20.36 90.351
20.73 90.339
21.11 90.326
21.5 90.312
21.89 90.299
22.29 90.285
22.69 90.271
23.1 90.257
23.52 90.242
23.95 90.226
24.39 90.211
24.83 90.194
25.28 90.177
25.74 90.16
26.21 90.142
26.69 90.123
27.18 90.104
27.67 90.083
28.17 90.061
28.69 90.039
29.21 90.015
29.74 89.991
30.28 89.965
30.83 89.938
31.39 89.91
31.97 89.881
32.55 89.851
33.14 89.819
33.74 89.785
34.36 89.751
34.98 89.715
35.62 89.677
36.27 89.639
36.93 89.598
37.6 89.557
38.28 89.514
38.98 89.469
39.69 89.423
40.41 89.376
41.15 89.327
41.9 89.276
42.66 89.225
43.44 89.172
44.23 89.117
45.03 89.061
45.85 89.004
46.68 88.945
47.53 88.884
48.4 88.823
49.28 88.759
50.18 88.694
51.09 88.627
52.02 88.558
52.97 88.488
53.93 88.416
54.91 88.341
55.91 88.266
56.93 88.188
57.97 88.108
59.02 88.026
60.09 87.943
61.19 87.857
62.3 87.768
63.44 87.678
64.59 87.585
65.77 87.49
66.96 87.393
68.18 87.292
69.42 87.19
70.69 87.085
71.97 86.977
73.28 86.866
74.62 86.753
75.97 86.636
77.36 86.519
78.76 86.398
80.2 86.276
81.66 86.151
83.14 86.024
84.66 85.895
86.2 85.765
87.77 85.633
89.36 85.499
90.99 85.363
92.65 85.225
94.33 85.085
96.05 84.943
97.8 84.799
99.58 84.652
101.39 84.504
103.23 84.353
105.11 84.201
107.03 84.047
108.97 83.889
110.96 83.729
112.98 83.568
115.03 83.403
117.13 83.238
119.26 83.071
121.43 82.903
123.64 82.735
125.89 82.566
128.18 82.397
130.51 82.226
132.89 82.054
135.31 81.879
137.77 81.702
140.28 81.521
142.83 81.338
145.43 81.152
148.07 80.963
150.77 80.772
153.51 80.58
156.31 80.386
159.15 80.191
162.05 79.996
165 79.8
168 79.606
171.06 79.412
174.17 79.221
177.34 79.032
180.57 78.846
183.86 78.663
187.2 78.483
190.61 78.305
194.08 78.13
197.61 77.957
201.21 77.785
204.87 77.614
208.6 77.442
212.39 77.273
216.26 77.103
220.19 76.935
224.2 76.769
228.28 76.606
232.44 76.448
236.67 76.294
240.97 76.145
245.36 76.002
249.82 75.864
254.37 75.731
259 75.604
263.71 75.481
268.51 75.362
273.4 75.249
278.38 75.139
283.44 75.034
288.6 74.933
293.85 74.837
299.2 74.746
304.65 74.66
310.19 74.577
315.84 74.499
321.59 74.425
327.44 74.354
333.4 74.288
339.47 74.226
345.64 74.168
351.93 74.114
358.34 74.065
364.86 74.019
371.5 73.978
378.26 73.941
385.15 73.907
392.16 73.877
399.29 73.849
406.56 73.825
413.96 73.804
421.49 73.785
429.16 73.77
436.97 73.757
444.93 73.747
453.02 73.74
461.27 73.736
469.66 73.734
478.21 73.736
486.91 73.741
495.78 73.749
504.8 73.76
513.99 73.773
523.34 73.788
532.87 73.805
542.56 73.822
552.44 73.838
562.49 73.851
572.73 73.864
583.15 73.874
593.77 73.881
604.57 73.884
615.57 73.885
626.78 73.883
638.18 73.88
649.8 73.875
661.63 73.869
673.67 73.862
685.93 73.856
698.41 73.85
711.12 73.846
724.06 73.844
737.24 73.844
750.66 73.848
764.32 73.855
778.23 73.869
792.39 73.888
806.82 73.914
821.5 73.948
836.45 73.991
851.67 74.044
867.17 74.105
882.96 74.178
899.02 74.261
915.39 74.356
932.05 74.464
949.01 74.585
966.28 74.717
983.87 74.861
1001.77 75.015
1020 75.176
1038.57 75.343
1057.47 75.514
1076.71 75.689
1096.31 75.865
1116.26 76.042
1136.58 76.218
1157.26 76.392
1178.32 76.564
1199.77 76.732
1221.6 76.895
1243.84 77.053
1266.47 77.206
1289.52 77.356
1312.99 77.5
1336.89 77.64
1361.22 77.776
1385.99 77.91
1411.22 78.042
1436.9 78.172
1463.05 78.299
1489.68 78.425
1516.79 78.55
1544.4 78.675
1572.5 78.802
1601.12 78.929
1630.26 79.056
1659.93 79.184
1690.14 79.314
1720.9 79.445
1752.22 79.577
1784.11 79.711
1816.58 79.846
1849.64 79.983
1883.3 80.122
1917.58 80.261
1952.48 80.401
1988.01 80.544
2024.19 80.687
2061.03 80.831
2098.54 80.976
2136.73 81.121
2175.62 81.265
2215.22 81.406
2255.53 81.544
2296.58 81.678
2338.38 81.806
2380.94 81.928
2424.27 82.041
2468.39 82.143
2513.31 82.233
2559.05 82.307
2605.63 82.366
2653.05 82.407
2701.33 82.427
2750.5 82.426
2800.55 82.403
2851.52 82.357
2903.42 82.289
2956.26 82.199
3010.06 82.088
3064.85 81.957
3120.62 81.808
3177.42 81.644
3235.25 81.466
3294.13 81.278
3354.08 81.082
3415.12 80.882
3477.27 80.682
3540.56 80.484
3605 80.293
3670.6 80.111
3737.41 79.941
3805.43 79.786
3874.68 79.651
3945.2 79.538
4017 79.453
4090.11 79.4
4164.55 79.384
4240.34 79.405
4317.51 79.466
4396.09 79.558
4476.1 79.674
4557.56 79.798
4640.5 79.913
4724.96 80.003
4810.95 80.049
4898.51 80.043
4987.66 79.976
5078.43 79.846
5170.86 79.655
5264.97 79.409
5360.79 79.114
5458.35 78.783
5557.69 78.431
5658.84 78.075
5761.82 77.735
5866.69 77.436
5973.46 77.206
6082.17 77.074
6192.87 77.063
6305.57 77.184
6420.33 77.427
6537.18 77.759
6656.15 78.114
6777.29 78.413
6900.63 78.566
7026.22 78.502
7154.1 78.187
7284.3 77.637
7416.87 76.914
7551.85 76.107
7689.29 75.314
7829.23 74.62
7971.72 74.084
8116.8 73.734
8264.53 73.568
8414.94 73.559
8568.09 73.666
8724.02 73.836
8882.79 74.017
9044.46 74.159
9209.06 74.219
9376.66 74.165
9547.31 73.981
9721.07 73.663
9897.99 73.234
10078.13 72.728
10261.55 72.195
10448.3 71.679
10638.45 71.225
10832.07 70.867
11029.21 70.626
11229.94 70.52
11434.32 70.548
11642.41 70.693
11854.3 70.916
12070.04 71.161
12289.71 71.363
12513.38 71.458
12741.12 71.404
12973 71.199
13209.1 70.877
13449.5 70.507
13694.28 70.166
13943.51 69.924
14197.27 69.806
14455.66 69.789
14718.74 69.794
14986.62 69.724
15259.37 69.494
15537.08 69.067
15819.85 68.464
16107.76 67.738
16400.92 66.935
16699.41 66.066
17003.33 65.083
17312.78 63.891
17627.86 62.365
17948.68 60.412
18275.34 58.014
18607.94 55.244
18946.6 52.244
19291.42 49.154
19642.52 46.058
20000 42.974