20 6.75
20.2 6.79
20.4 6.83
20.61 6.87
20.81 6.9
21.02 6.94
21.23 6.99
21.44 7.03
21.66 7.07
21.87 7.12
22.09 7.13
22.31 7.11
22.54 7.1
22.76 7.08
22.99 7.06
23.22 7.1
23.45 7.15
23.69 7.19
23.92 7.24
24.16 7.3
24.4 7.37
24.65 7.44
24.89 7.51
25.14 7.51
25.39 7.46
25.65 7.42
25.91 7.37
26.16 7.38
26.43 7.44
26.69 7.49
26.96 7.54
27.23 7.53
27.5 7.51
27.77 7.49
28.05 7.48
28.33 7.53
28.62 7.58
28.9 7.63
29.19 7.65
29.48 7.66
29.78 7.67
30.08 7.68
30.38 7.74
30.68 7.79
30.99 7.85
31.3 7.85
31.61 7.85
31.93 7.85
32.24 7.84
32.57 7.82
32.89 7.8
33.22 7.83
33.55 7.88
33.89 7.93
34.23 7.95
34.57 7.95
34.92 7.95
35.27 7.95
35.62 7.95
35.97 7.95
36.33 7.98
36.7 8.02
37.06 8.05
37.43 8.05
37.81 8.05
38.19 8.06
38.57 8.07
38.95 8.08
39.34 8.1
39.74 8.13
40.14 8.15
40.54 8.15
40.94 8.15
41.35 8.14
41.76 8.12
42.18 8.14
42.6 8.2
43.03 8.25
43.46 8.25
43.9 8.25
44.33 8.25
44.78 8.25
45.23 8.25
45.68 8.25
46.13 8.25
46.6 8.25
47.06 8.25
47.53 8.25
48.01 8.25
48.49 8.25
48.97 8.25
49.46 8.25
49.96 8.25
50.46 8.25
50.96 8.25
51.47 8.25
51.99 8.25
52.51 8.25
53.03 8.25
53.56 8.31
54.1 8.35
54.64 8.35
55.18 8.35
55.74 8.35
56.29 8.35
56.86 8.35
57.42 8.35
58 8.36
58.58 8.34
59.16 8.31
59.76 8.27
60.35 8.25
60.96 8.25
61.57 8.25
62.18 8.25
62.8 8.25
63.43 8.25
64.07 8.25
64.71 8.25
65.35 8.25
66.01 8.25
66.67 8.25
67.33 8.25
68.01 8.25
68.69 8.25
69.37 8.25
70.07 8.25
70.77 8.25
71.48 8.25
72.19 8.25
72.91 8.25
73.64 8.25
74.38 8.25
75.12 8.25
75.87 8.25
76.63 8.25
77.4 8.25
78.17 8.25
78.95 8.23
79.74 8.17
80.54 8.1
81.35 8.05
82.16 8.05
82.98 8.05
83.81 8.05
84.65 8.05
85.5 8.05
86.35 8.05
87.22 8.05
88.09 8.05
88.97 8.06
89.86 8.06
90.76 8.06
91.66 8.06
92.58 8.06
93.51 8.01
94.44 7.97
95.39 7.96
96.34 7.96
97.3 7.95
98.28 7.94
99.26 7.93
100.25 7.91
101.25 7.85
102.27 7.78
103.29 7.77
104.32 7.75
105.37 7.72
106.42 7.69
107.48 7.61
108.56 7.55
109.64 7.53
110.74 7.51
111.85 7.49
112.97 7.48
114.1 7.48
115.24 7.47
116.39 7.45
117.55 7.41
118.73 7.35
119.92 7.29
121.12 7.3
122.33 7.3
123.55 7.31
124.79 7.32
126.03 7.33
127.29 7.33
128.57 7.34
129.85 7.34
131.15 7.26
132.46 7.18
133.79 7.16
135.12 7.16
136.48 7.17
137.84 7.17
139.22 7.17
140.61 7.17
142.02 7.07
143.44 7
144.87 6.97
146.32 6.97
147.78 6.97
149.26 6.97
150.75 6.97
152.26 6.94
153.78 6.88
155.32 6.82
156.88 6.77
158.44 6.77
160.03 6.77
161.63 6.77
163.24 6.71
164.88 6.64
166.53 6.58
168.19 6.55
169.87 6.55
171.57 6.49
173.29 6.44
175.02 6.43
176.77 6.42
178.54 6.34
180.32 6.33
182.13 6.3
183.95 6.24
185.79 6.2
187.65 6.17
189.52 6.18
191.42 6.19
193.33 6.19
195.27 6.15
197.22 6.12
199.19 6.07
201.18 6.05
203.19 6
205.23 5.94
207.28 5.88
209.35 5.86
211.44 5.86
213.56 5.81
215.69 5.76
217.85 5.75
220.03 5.68
222.23 5.61
224.45 5.55
226.7 5.54
228.96 5.54
231.25 5.49
233.57 5.45
235.9 5.34
238.26 5.3
240.64 5.3
243.05 5.31
245.48 5.27
247.93 5.25
250.41 5.19
252.92 5.14
255.45 5.12
258 5.09
260.58 5.03
263.19 4.98
265.82 4.92
268.48 4.84
271.16 4.82
273.87 4.81
276.61 4.78
279.38 4.72
282.17 4.65
284.99 4.6
287.84 4.49
290.72 4.44
293.63 4.45
296.57 4.42
299.53 4.3
302.53 4.28
305.55 4.26
308.61 4.15
311.69 4.11
314.81 4.08
317.96 3.98
321.14 3.92
324.35 3.91
327.59 3.91
330.87 3.82
334.18 3.73
337.52 3.63
340.9 3.61
344.3 3.56
347.75 3.45
351.23 3.39
354.74 3.33
358.28 3.26
361.87 3.21
365.49 3.14
369.14 3.09
372.83 3.04
376.56 2.98
380.33 2.93
384.13 2.87
387.97 2.8
391.85 2.75
395.77 2.68
399.73 2.61
403.72 2.53
407.76 2.47
411.84 2.34
415.96 2.26
420.12 2.23
424.32 2.1
428.56 2.04
432.85 1.94
437.18 1.81
441.55 1.73
445.96 1.69
450.42 1.73
454.93 1.95
459.48 2.06
464.07 2.12
468.71 2.14
473.4 2.13
478.13 2.07
482.91 2.04
487.74 2.01
492.62 1.94
497.55 1.91
502.52 1.9
507.55 1.79
512.62 1.68
517.75 1.61
522.93 1.54
528.16 1.43
533.44 1.28
538.77 1.24
544.16 1.23
549.6 1.09
555.1 0.97
560.65 0.87
566.25 0.74
571.92 0.66
577.64 0.61
583.41 0.5
589.25 0.32
595.14 0.17
601.09 0.01
607.1 -0.22
613.17 -0.42
619.3 -0.54
625.5 -0.48
631.75 -0.35
638.07 -0.2
644.45 -0.18
650.89 -0.42
657.4 -0.4
663.98 -0.18
670.62 -0.2
677.32 -0.29
684.1 -0.43
690.94 -0.57
697.85 -0.84
704.83 -1.15
711.87 -1.36
718.99 -1.46
726.18 -1.51
733.44 -1.54
740.78 -1.56
748.19 -1.67
755.67 -1.72
763.23 -1.75
770.86 -1.68
778.57 -1.65
786.35 -1.67
794.22 -1.68
802.16 -1.68
810.18 -1.6
818.28 -1.61
826.46 -1.69
834.73 -1.54
843.08 -1.48
851.51 -1.55
860.02 -1.51
868.62 -1.36
877.31 -1.3
886.08 -1.26
894.94 -1.13
903.89 -1.09
912.93 -1.07
922.06 -1.11
931.28 -1.08
940.59 -0.97
950 -0.82
959.5 -0.75
969.09 -0.69
978.78 -0.66
988.57 -0.39
998.46 -0.06
1008.44 0.01
1018.53 0.04
1028.71 0.22
1039 0.25
1049.39 0.33
1059.88 0.45
1070.48 0.29
1081.19 0.58
1092 1
1102.92 1.06
1113.95 1.13
1125.09 1.1
1136.34 1.19
1147.7 1.45
1159.18 1.76
1170.77 1.71
1182.48 1.53
1194.3 1.58
1206.25 1.68
1218.31 2.11
1230.49 2.4
1242.8 2.25
1255.22 2.29
1267.78 2.63
1280.45 2.98
1293.26 2.78
1306.19 2.78
1319.25 3.04
1332.45 3.45
1345.77 3.36
1359.23 3.31
1372.82 3.38
1386.55 3.29
1400.41 3.81
1414.42 4.1
1428.56 4.04
1442.85 4.11
1457.28 4.27
1471.85 4.26
1486.57 4.24
1501.43 4.38
1516.45 4.34
1531.61 4.65
1546.93 5.19
1562.4 4.97
1578.02 4.74
1593.8 4.91
1609.74 5.13
1625.84 5.39
1642.1 5.63
1658.52 5.78
1675.1 5.67
1691.85 5.68
1708.77 6.05
1725.86 6.23
1743.12 6.31
1760.55 6.22
1778.15 6.35
1795.94 6.65
1813.9 6.82
1832.03 7.08
1850.36 7.25
1868.86 7.15
1887.55 7.32
1906.42 7.53
1925.49 7.45
1944.74 7.59
1964.19 7.81
1983.83 7.78
2003.67 7.8
2023.71 7.92
2043.94 8.08
2064.38 8.32
2085.03 8.36
2105.88 8.37
2126.94 8.48
2148.2 8.63
2169.69 8.59
2191.38 8.86
2213.3 9.18
2235.43 9.33
2257.78 9.33
2280.36 9.44
2303.17 9.66
2326.2 9.73
2349.46 9.72
2372.95 9.76
2396.68 9.84
2420.65 9.91
2444.86 9.93
2469.31 9.9
2494 9.78
2518.94 9.71
2544.13 9.68
2569.57 9.67
2595.27 9.68
2621.22 9.68
2647.43 9.71
2673.9 9.75
2700.64 9.76
2727.65 9.62
2754.93 9.49
2782.48 9.46
2810.3 9.34
2838.4 9.09
2866.79 8.87
2895.46 8.7
2924.41 8.5
2953.65 8.27
2983.19 8.14
3013.02 7.97
3043.15 7.71
3073.58 7.54
3104.32 7.42
3135.36 7.32
3166.72 7.22
3198.38 7.07
3230.37 6.89
3262.67 6.75
3295.3 6.6
3328.25 6.36
3361.53 6.11
3395.15 5.87
3429.1 5.75
3463.39 5.74
3498.03 5.81
3533.01 5.75
3568.34 5.44
3604.02 5.49
3640.06 5.54
3676.46 5.06
3713.22 4.68
3750.36 4.42
3787.86 4.06
3825.74 3.57
3864 3.2
3902.64 2.82
3941.66 2.24
3981.08 1.64
4020.89 1.21
4061.1 0.82
4101.71 0.47
4142.73 0.22
4184.15 -0.04
4226 -0.48
4268.26 -0.78
4310.94 -1.07
4354.05 -1.48
4397.59 -1.76
4441.56 -1.98
4485.98 -1.93
4530.84 -1.81
4576.15 -1.63
4621.91 -1.46
4668.13 -1.22
4714.81 -0.96
4761.96 -0.71
4809.58 -0.31
4857.67 0.27
4906.25 0.66
4955.31 1.27
5004.87 1.94
5054.91 2.49
5105.46 2.94
5156.52 3.51
5208.08 4.17
5260.16 4.69
5312.77 5.22
5365.89 5.74
5419.55 6.06
5473.75 5.98
5528.49 5.58
5583.77 5.34
5639.61 5.07
5696 4.48
5752.96 3.8
5810.49 3.09
5868.6 2.31
5927.28 1.54
5986.56 0.91
6046.42 0.2
6106.89 -0.46
6167.96 -1.04
6229.64 -1.62
6291.93 -2.17
6354.85 -2.59
6418.4 -3.04
6482.58 -3.58
6547.41 -3.97
6612.88 -4.34
6679.01 -4.71
6745.8 -5.02
6813.26 -5.28
6881.39 -5.43
6950.21 -5.53
7019.71 -5.64
7089.91 -5.73
7160.81 -5.77
7232.41 -5.73
7304.74 -5.86
7377.79 -5.99
7451.56 -6.19
7526.08 -6.4
7601.34 -6.45
7677.35 -6.32
7754.13 -6.23
7831.67 -6.15
7909.98 -6.04
7989.08 -5.79
8068.98 -5.52
8149.67 -5.24
8231.16 -4.85
8313.47 -4.15
8396.61 -3.46
8480.57 -3.14
8565.38 -2.94
8651.03 -3.24
8737.54 -3.56
8824.92 -3.5
8913.17 -3.63
9002.3 -3.1
9092.32 -3.13
9183.25 -3.21
9275.08 -3.09
9367.83 -2.67
9461.51 -2.08
9556.12 -1.46
9651.68 -0.69
9748.2 0.16
9845.68 1.19
9944.14 1.89
10043.58 2.55
10144.02 3.39
10245.46 3.98
10347.91 4.66
10451.39 5.05
10555.91 5.27
10661.46 5.65
10768.08 5.46
10875.76 5.27
10984.52 4.98
11094.36 4.64
11205.31 4.29
11317.36 3.83
11430.53 3.47
11544.84 2.81
11660.29 2.09
11776.89 1.39
11894.66 0.76
12013.6 0.43
12133.74 0.26
12255.08 0.2
12377.63 0.13
12501.41 -0.15
12626.42 -0.9
12752.68 -1.39
12880.21 -1.77
13009.01 -2.04
13139.1 -1.83
13270.49 -1.85
13403.2 -1.65
13537.23 -1.21
13672.6 -0.41
13809.33 0.05
13947.42 0.74
14086.9 0.27
14227.77 -1.84
14370.04 -4.02
14513.74 -4.48
14658.88 -3.22
14805.47 -1.01
14953.52 1.69
15103.06 1.75
15254.09 1.58
15406.63 0.73
15560.7 -1.03
15716.3 -2.23
15873.47 -3.71
16032.2 -5.03
16192.52 -5.96
16354.45 -6.94
16517.99 -7.54
16683.17 -4.91
16850.01 -3.79
17018.51 -4.14
17188.69 -3.94
17360.58 -4.78
17534.18 -7.19
17709.53 -9.22
17886.62 -10.76
18065.49 -12.05
18246.14 -13.04
18428.6 -13.39
18612.89 -13.82
18799.02 -15.74
18987.01 -15.72
19176.88 -15.76
19368.65 -16.75
19562.33 -15.31
19757.96 -15.11
19955.54 -14.96