20 2.73
20.2 2.77
20.4 2.81
20.61 2.85
20.81 2.88
21.02 2.93
21.23 2.98
21.44 3.04
21.66 3.1
21.87 3.16
22.09 3.21
22.31 3.26
22.54 3.3
22.76 3.35
22.99 3.4
23.22 3.44
23.45 3.49
23.69 3.54
23.92 3.58
24.16 3.63
24.4 3.68
24.65 3.72
24.89 3.77
25.14 3.8
25.39 3.83
25.65 3.86
25.91 3.88
26.16 3.9
26.43 3.92
26.69 3.94
26.96 3.96
27.23 4.01
27.5 4.08
27.77 4.14
28.05 4.19
28.33 4.22
28.62 4.24
28.9 4.26
29.19 4.29
29.48 4.31
29.78 4.34
30.08 4.36
30.38 4.36
30.68 4.37
30.99 4.37
31.3 4.42
31.61 4.47
31.93 4.53
32.24 4.54
32.57 4.55
32.89 4.56
33.22 4.56
33.55 4.56
33.89 4.56
34.23 4.59
34.57 4.63
34.92 4.68
35.27 4.67
35.62 4.65
35.97 4.62
36.33 4.66
36.7 4.71
37.06 4.76
37.43 4.81
37.81 4.86
38.19 4.88
38.57 4.87
38.95 4.85
39.34 4.8
39.74 4.74
40.14 4.71
40.54 4.73
40.94 4.75
41.35 4.75
41.76 4.75
42.18 4.74
42.6 4.72
43.03 4.7
43.46 4.77
43.9 4.83
44.33 4.85
44.78 4.85
45.23 4.85
45.68 4.85
46.13 4.85
46.6 4.85
47.06 4.85
47.53 4.85
48.01 4.85
48.49 4.91
48.97 4.97
49.46 5
49.96 5.04
50.46 5.04
50.96 5.04
51.47 5.04
51.99 5.04
52.51 5.04
53.03 5.04
53.56 5.03
54.1 5.04
54.64 5.18
55.18 5.26
55.74 5.25
56.29 5.24
56.86 5.24
57.42 5.24
58 5.24
58.58 5.24
59.16 5.24
59.76 5.24
60.35 5.24
60.96 5.24
61.57 5.24
62.18 5.24
62.8 5.24
63.43 5.24
64.07 5.24
64.71 5.24
65.35 5.24
66.01 5.24
66.67 5.24
67.33 5.24
68.01 5.24
68.69 5.24
69.37 5.24
70.07 5.24
70.77 5.24
71.48 5.24
72.19 5.22
72.91 5.15
73.64 5.08
74.38 5.04
75.12 5.04
75.87 5.04
76.63 5.04
77.4 5.04
78.17 5.04
78.95 5.04
79.74 5.04
80.54 4.97
81.35 4.93
82.16 4.96
82.98 5
83.81 4.88
84.65 4.85
85.5 4.85
86.35 4.85
87.22 4.85
88.09 4.84
88.97 4.73
89.86 4.76
90.76 4.69
91.66 4.66
92.58 4.67
93.51 4.67
94.44 4.67
95.39 4.61
96.34 4.54
97.3 4.54
98.28 4.48
99.26 4.44
100.25 4.42
101.25 4.4
102.27 4.37
103.29 4.31
104.32 4.26
105.37 4.21
106.42 4.1
107.48 3.99
108.56 3.92
109.64 3.93
110.74 3.94
111.85 3.97
112.97 3.96
114.1 3.78
115.24 3.66
116.39 3.69
117.55 3.71
118.73 3.71
119.92 3.59
121.12 3.61
122.33 3.62
123.55 3.58
124.79 3.56
126.03 3.51
127.29 3.45
128.57 3.45
129.85 3.49
131.15 3.49
132.46 3.51
133.79 3.57
135.12 3.55
136.48 3.33
137.84 3.25
139.22 3.29
140.61 3.32
142.02 3.32
143.44 3.28
144.87 3.24
146.32 3.17
147.78 3.13
149.26 3.11
150.75 3.06
152.26 3
153.78 2.91
155.32 2.86
156.88 2.77
158.44 2.53
160.03 2.33
161.63 2.19
163.24 2.18
164.88 2.18
166.53 2.03
168.19 2.09
169.87 2.13
171.57 2.12
173.29 2.08
175.02 1.95
176.77 1.93
178.54 1.93
180.32 1.9
182.13 1.86
183.95 1.8
185.79 1.68
187.65 1.6
189.52 1.53
191.42 1.49
193.33 1.42
195.27 1.37
197.22 1.3
199.19 1.17
201.18 1.04
203.19 0.95
205.23 0.9
207.28 0.82
209.35 0.73
211.44 0.64
213.56 0.52
215.69 0.32
217.85 0.12
220.03 0.12
222.23 0.05
224.45 -0.03
226.7 -0.07
228.96 -0.08
231.25 -0.3
233.57 -0.35
235.9 -0.29
238.26 -0.38
240.64 -0.43
243.05 -0.39
245.48 -0.33
247.93 -0.29
250.41 -0.38
252.92 -0.39
255.45 -0.38
258 -0.37
260.58 -0.36
263.19 -0.36
265.82 -0.36
268.48 -0.28
271.16 -0.25
273.87 -0.28
276.61 -0.28
279.38 -0.28
282.17 -0.25
284.99 -0.23
287.84 -0.35
290.72 -0.33
293.63 -0.46
296.57 -0.52
299.53 -0.5
302.53 -0.48
305.55 -0.53
308.61 -0.57
311.69 -0.65
314.81 -0.66
317.96 -0.65
321.14 -0.67
324.35 -0.73
327.59 -0.79
330.87 -0.84
334.18 -0.85
337.52 -0.92
340.9 -0.97
344.3 -1.03
347.75 -1.09
351.23 -1.13
354.74 -1.26
358.28 -1.36
361.87 -1.33
365.49 -1.29
369.14 -1.33
372.83 -1.38
376.56 -1.45
380.33 -1.49
384.13 -1.55
387.97 -1.56
391.85 -1.56
395.77 -1.61
399.73 -1.68
403.72 -1.68
407.76 -1.66
411.84 -1.65
415.96 -1.73
420.12 -1.84
424.32 -1.85
428.56 -1.84
432.85 -1.83
437.18 -1.84
441.55 -1.85
445.96 -1.88
450.42 -1.86
454.93 -1.83
459.48 -1.88
464.07 -1.82
468.71 -1.74
473.4 -1.62
478.13 -1.63
482.91 -1.77
487.74 -1.76
492.62 -1.69
497.55 -1.71
502.52 -1.77
507.55 -1.74
512.62 -1.69
517.75 -1.62
522.93 -1.6
528.16 -1.7
533.44 -1.9
538.77 -1.99
544.16 -1.98
549.6 -2.01
555.1 -2.06
560.65 -2.11
566.25 -2.16
571.92 -2.21
577.64 -2.24
583.41 -2.27
589.25 -2.29
595.14 -2.3
601.09 -2.32
607.1 -2.35
613.17 -2.32
619.3 -2.19
625.5 -2.13
631.75 -2.1
638.07 -2.05
644.45 -1.89
650.89 -1.83
657.4 -1.84
663.98 -1.85
670.62 -1.79
677.32 -1.63
684.1 -1.55
690.94 -1.47
697.85 -1.39
704.83 -1.31
711.87 -1.28
718.99 -1.32
726.18 -1.28
733.44 -1.16
740.78 -1.15
748.19 -1.13
755.67 -1.12
763.23 -1.16
770.86 -1.1
778.57 -0.96
786.35 -0.97
794.22 -1
802.16 -0.93
810.18 -0.8
818.28 -0.73
826.46 -0.68
834.73 -0.67
843.08 -0.67
851.51 -0.62
860.02 -0.58
868.62 -0.51
877.31 -0.5
886.08 -0.43
894.94 -0.42
903.89 -0.35
912.93 -0.33
922.06 -0.34
931.28 -0.34
940.59 -0.36
950 -0.31
959.5 -0.16
969.09 -0.13
978.78 -0.14
988.57 -0.06
998.46 -0.01
1008.44 0.01
1018.53 0.04
1028.71 0.07
1039 0.17
1049.39 0.25
1059.88 0.35
1070.48 0.4
1081.19 0.45
1092 0.51
1102.92 0.54
1113.95 0.52
1125.09 0.6
1136.34 0.69
1147.7 0.68
1159.18 0.65
1170.77 0.72
1182.48 0.83
1194.3 0.89
1206.25 0.95
1218.31 0.95
1230.49 0.98
1242.8 0.97
1255.22 1.03
1267.78 1.1
1280.45 1.18
1293.26 1.24
1306.19 1.26
1319.25 1.25
1332.45 1.25
1345.77 1.27
1359.23 1.32
1372.82 1.34
1386.55 1.36
1400.41 1.4
1414.42 1.36
1428.56 1.25
1442.85 1.26
1457.28 1.37
1471.85 1.39
1486.57 1.4
1501.43 1.42
1516.45 1.47
1531.61 1.48
1546.93 1.54
1562.4 1.55
1578.02 1.64
1593.8 1.64
1609.74 1.62
1625.84 1.71
1642.1 1.65
1658.52 1.61
1675.1 1.63
1691.85 1.58
1708.77 1.53
1725.86 1.47
1743.12 1.51
1760.55 1.57
1778.15 1.49
1795.94 1.49
1813.9 1.57
1832.03 1.54
1850.36 1.5
1868.86 1.47
1887.55 1.46
1906.42 1.45
1925.49 1.41
1944.74 1.37
1964.19 1.36
1983.83 1.4
2003.67 1.41
2023.71 1.41
2043.94 1.37
2064.38 1.35
2085.03 1.32
2105.88 1.29
2126.94 1.26
2148.2 1.27
2169.69 1.29
2191.38 1.28
2213.3 1.23
2235.43 1.19
2257.78 1.17
2280.36 1.21
2303.17 1.24
2326.2 1.24
2349.46 1.29
2372.95 1.3
2396.68 1.25
2420.65 1.11
2444.86 1.06
2469.31 1.02
2494 0.98
2518.94 0.97
2544.13 0.96
2569.57 0.94
2595.27 0.96
2621.22 0.93
2647.43 0.93
2673.9 0.94
2700.64 0.88
2727.65 0.8
2754.93 0.77
2782.48 0.72
2810.3 0.68
2838.4 0.66
2866.79 0.68
2895.46 0.62
2924.41 0.49
2953.65 0.33
2983.19 0.22
3013.02 -0.06
3043.15 -0.3
3073.58 -0.43
3104.32 -0.62
3135.36 -0.76
3166.72 -0.93
3198.38 -0.97
3230.37 -0.92
3262.67 -0.52
3295.3 -0.33
3328.25 -0.46
3361.53 -0.7
3395.15 -0.62
3429.1 -0.63
3463.39 -0.75
3498.03 -1.48
3533.01 -2.45
3568.34 -3.25
3604.02 -3.89
3640.06 -4.76
3676.46 -6.09
3713.22 -7.13
3750.36 -7.89
3787.86 -8.9
3825.74 -7.64
3864 -6.5
3902.64 -4.89
3941.66 -4.05
3981.08 -2.97
4020.89 -2.26
4061.1 -1.24
4101.71 -0.36
4142.73 0.14
4184.15 0.4
4226 0.57
4268.26 0.5
4310.94 0.7
4354.05 0.93
4397.59 1.28
4441.56 1.59
4485.98 1.51
4530.84 1.24
4576.15 1.18
4621.91 1.45
4668.13 1.67
4714.81 1.74
4761.96 1.65
4809.58 1.5
4857.67 1.17
4906.25 1.05
4955.31 0.88
5004.87 0.79
5054.91 0.61
5105.46 0.28
5156.52 -0.1
5208.08 -0.48
5260.16 -0.82
5312.77 -1.04
5365.89 -1.31
5419.55 -1.59
5473.75 -1.74
5528.49 -1.95
5583.77 -2.38
5639.61 -2.96
5696 -3.33
5752.96 -3.45
5810.49 -3.84
5868.6 -3.99
5927.28 -3.74
5986.56 -3.13
6046.42 -2.55
6106.89 -1.79
6167.96 -1.49
6229.64 -1.45
6291.93 -1.79
6354.85 -2.03
6418.4 -2.16
6482.58 -2
6547.41 -1.76
6612.88 -1.56
6679.01 -1.42
6745.8 -1.44
6813.26 -1.45
6881.39 -1.58
6950.21 -1.84
7019.71 -2.17
7089.91 -2.16
7160.81 -2.45
7232.41 -2.94
7304.74 -2.95
7377.79 -2.66
7451.56 -2.78
7526.08 -3.22
7601.34 -3.52
7677.35 -3.79
7754.13 -3.65
7831.67 -3.62
7909.98 -3.81
7989.08 -3.72
8068.98 -3.4
8149.67 -3.13
8231.16 -2.98
8313.47 -2.78
8396.61 -2.67
8480.57 -2.92
8565.38 -3.22
8651.03 -3.09
8737.54 -2.61
8824.92 -2.29
8913.17 -2.39
9002.3 -2.5
9092.32 -2.93
9183.25 -3.39
9275.08 -3.51
9367.83 -3.94
9461.51 -4.41
9556.12 -5.07
9651.68 -6.1
9748.2 -6.98
9845.68 -8.11
9944.14 -9.18
10043.58 -10.73
10144.02 -11.88
10245.46 -12.84
10347.91 -13.52
10451.39 -13.9
10555.91 -13.64
10661.46 -13.43
10768.08 -13.23
10875.76 -12.63
10984.52 -11.93
11094.36 -10.82
11205.31 -10.11
11317.36 -9.33
11430.53 -8.58
11544.84 -7.99
11660.29 -7.58
11776.89 -6.98
11894.66 -6.52
12013.6 -6.56
12133.74 -6.48
12255.08 -6.57
12377.63 -7
12501.41 -7.53
12626.42 -8.45
12752.68 -9.26
12880.21 -9.73
13009.01 -10.03
13139.1 -10.36
13270.49 -10.77
13403.2 -10.91
13537.23 -10.51
13672.6 -10.18
13809.33 -10.25
13947.42 -10.47
14086.9 -10.44
14227.77 -10.54
14370.04 -10.37
14513.74 -10.05
14658.88 -10.35
14805.47 -12.19
14953.52 -13.78
15103.06 -14.8
15254.09 -15.52
15406.63 -16.02
15560.7 -17.18
15716.3 -17.82
15873.47 -17.45
16032.2 -17.06
16192.52 -16.8
16354.45 -16.14
16517.99 -15.42
16683.17 -14.93
16850.01 -14.32
17018.51 -13.83
17188.69 -13.59
17360.58 -13.2
17534.18 -12.66
17709.53 -12.01
17886.62 -11.08
18065.49 -10.29
18246.14 -9.44
18428.6 -8.22
18612.89 -7.94
18799.02 -8.13
18987.01 -8.78
19176.88 -9.04
19368.65 -9.4
19562.33 -9.86
19757.96 -10.47
19955.54 -11.03