20 3.69
20.2 3.73
20.4 3.77
20.61 3.81
20.81 3.85
21.02 3.89
21.23 3.93
21.44 3.98
21.66 4.02
21.87 4.06
22.09 4.1
22.31 4.14
22.54 4.18
22.76 4.23
22.99 4.27
23.22 4.31
23.45 4.36
23.69 4.4
23.92 4.45
24.16 4.49
24.4 4.54
24.65 4.59
24.89 4.64
25.14 4.67
25.39 4.7
25.65 4.72
25.91 4.74
26.16 4.77
26.43 4.79
26.69 4.82
26.96 4.85
27.23 4.89
27.5 4.95
27.77 5
28.05 5.04
28.33 5.04
28.62 5.04
28.9 5.04
29.19 5.07
29.48 5.12
29.78 5.17
30.08 5.21
30.38 5.22
30.68 5.23
30.99 5.24
31.3 5.27
31.61 5.3
31.93 5.32
32.24 5.35
32.57 5.39
32.89 5.42
33.22 5.45
33.55 5.49
33.89 5.52
34.23 5.53
34.57 5.53
34.92 5.53
35.27 5.55
35.62 5.59
35.97 5.62
36.33 5.65
36.7 5.69
37.06 5.73
37.43 5.76
37.81 5.78
38.19 5.8
38.57 5.81
38.95 5.81
39.34 5.84
39.74 5.88
40.14 5.91
40.54 5.91
40.94 5.91
41.35 5.91
41.76 5.92
42.18 5.94
42.6 5.97
43.03 6.01
43.46 6.04
43.9 6.06
44.33 6.08
44.78 6.09
45.23 6.1
45.68 6.1
46.13 6.1
46.6 6.1
47.06 6.1
47.53 6.1
48.01 6.1
48.49 6.11
48.97 6.12
49.46 6.16
49.96 6.2
50.46 6.25
50.96 6.3
51.47 6.3
51.99 6.3
52.51 6.3
53.03 6.3
53.56 6.3
54.1 6.3
54.64 6.3
55.18 6.3
55.74 6.3
56.29 6.3
56.86 6.3
57.42 6.3
58 6.3
58.58 6.3
59.16 6.3
59.76 6.3
60.35 6.3
60.96 6.3
61.57 6.3
62.18 6.3
62.8 6.3
63.43 6.3
64.07 6.3
64.71 6.3
65.35 6.3
66.01 6.3
66.67 6.3
67.33 6.3
68.01 6.3
68.69 6.3
69.37 6.3
70.07 6.3
70.77 6.3
71.48 6.3
72.19 6.28
72.91 6.21
73.64 6.2
74.38 6.2
75.12 6.2
75.87 6.2
76.63 6.2
77.4 6.2
78.17 6.2
78.95 6.2
79.74 6.2
80.54 6.2
81.35 6.19
82.16 6.15
82.98 6.1
83.81 6.1
84.65 6.1
85.5 6.1
86.35 6.1
87.22 6.1
88.09 6.1
88.97 6.11
89.86 6.11
90.76 6.08
91.66 6.03
92.58 6.01
93.51 6.01
94.44 6.01
95.39 6.01
96.34 6.01
97.3 6
98.28 5.99
99.26 5.96
100.25 5.9
101.25 5.85
102.27 5.84
103.29 5.82
104.32 5.8
105.37 5.78
106.42 5.76
107.48 5.73
108.56 5.71
109.64 5.69
110.74 5.67
111.85 5.61
112.97 5.54
114.1 5.53
115.24 5.54
116.39 5.54
117.55 5.54
118.73 5.55
119.92 5.55
121.12 5.54
122.33 5.49
123.55 5.43
124.79 5.39
126.03 5.4
127.29 5.4
128.57 5.41
129.85 5.42
131.15 5.38
132.46 5.33
133.79 5.25
135.12 5.24
136.48 5.24
137.84 5.25
139.22 5.25
140.61 5.21
142.02 5.15
143.44 5.09
144.87 5.06
146.32 5.06
147.78 5.06
149.26 5.04
150.75 4.98
152.26 4.97
153.78 4.96
155.32 4.9
156.88 4.87
158.44 4.83
160.03 4.77
161.63 4.7
163.24 4.65
164.88 4.58
166.53 4.52
168.19 4.48
169.87 4.46
171.57 4.45
173.29 4.44
175.02 4.39
176.77 4.33
178.54 4.34
180.32 4.34
182.13 4.35
183.95 4.38
185.79 4.28
187.65 4.2
189.52 4.2
191.42 4.22
193.33 4.23
195.27 4.2
197.22 4.16
199.19 4.05
201.18 3.97
203.19 4
205.23 4.03
207.28 3.98
209.35 3.91
211.44 3.8
213.56 3.77
215.69 3.7
217.85 3.64
220.03 3.71
222.23 3.73
224.45 3.64
226.7 3.56
228.96 3.44
231.25 3.49
233.57 3.44
235.9 3.35
238.26 3.35
240.64 3.31
243.05 3.27
245.48 3.23
247.93 3.24
250.41 3.11
252.92 3.1
255.45 3.15
258 3.12
260.58 3.06
263.19 3.01
265.82 2.87
268.48 2.84
271.16 2.83
273.87 2.81
276.61 2.72
279.38 2.71
282.17 2.64
284.99 2.54
287.84 2.57
290.72 2.74
293.63 2.69
296.57 2.59
299.53 2.58
302.53 2.55
305.55 2.52
308.61 2.51
311.69 2.43
314.81 2.43
317.96 2.43
321.14 2.41
324.35 2.35
327.59 2.3
330.87 2.32
334.18 2.27
337.52 2.03
340.9 1.97
344.3 2.02
347.75 1.99
351.23 1.95
354.74 1.92
358.28 1.94
361.87 1.81
365.49 1.61
369.14 1.69
372.83 1.7
376.56 1.61
380.33 1.57
384.13 1.53
387.97 1.51
391.85 1.45
395.77 1.4
399.73 1.35
403.72 1.28
407.76 1.24
411.84 1.21
415.96 1.07
420.12 1.05
424.32 1.13
428.56 1.15
432.85 1.16
437.18 1.19
441.55 1.2
445.96 1.1
450.42 1.11
454.93 1.25
459.48 1.34
464.07 1.21
468.71 1.26
473.4 1.5
478.13 1.57
482.91 1.47
487.74 1.47
492.62 1.41
497.55 1.33
502.52 1.41
507.55 1.48
512.62 1.5
517.75 1.32
522.93 1.37
528.16 1.42
533.44 1.32
538.77 1.18
544.16 0.98
549.6 0.93
555.1 0.99
560.65 0.89
566.25 0.7
571.92 0.71
577.64 0.87
583.41 0.78
589.25 0.46
595.14 0.36
601.09 0.48
607.1 0.51
613.17 0.52
619.3 0.54
625.5 0.57
631.75 0.52
638.07 0.54
644.45 0.49
650.89 0.52
657.4 0.56
663.98 0.61
670.62 0.67
677.32 0.72
684.1 0.85
690.94 0.96
697.85 0.81
704.83 0.67
711.87 0.74
718.99 0.81
726.18 0.75
733.44 0.63
740.78 0.71
748.19 0.71
755.67 0.6
763.23 0.7
770.86 0.7
778.57 0.58
786.35 0.61
794.22 0.71
802.16 0.81
810.18 0.85
818.28 0.9
826.46 0.96
834.73 0.97
843.08 0.97
851.51 0.97
860.02 0.92
868.62 0.76
877.31 0.62
886.08 0.5
894.94 0.39
903.89 0.25
912.93 0.16
922.06 0.04
931.28 -0.04
940.59 -0.05
950 -0.11
959.5 -0.16
969.09 -0.14
978.78 -0.12
988.57 -0.05
998.46 -0.01
1008.44 0.01
1018.53 0.04
1028.71 0.1
1039 0.24
1049.39 0.32
1059.88 0.36
1070.48 0.4
1081.19 0.45
1092 0.51
1102.92 0.57
1113.95 0.63
1125.09 0.69
1136.34 0.76
1147.7 0.84
1159.18 0.93
1170.77 0.97
1182.48 1.03
1194.3 1.13
1206.25 1.19
1218.31 1.16
1230.49 1.21
1242.8 1.26
1255.22 1.35
1267.78 1.41
1280.45 1.47
1293.26 1.53
1306.19 1.56
1319.25 1.55
1332.45 1.54
1345.77 1.56
1359.23 1.61
1372.82 1.66
1386.55 1.72
1400.41 1.8
1414.42 1.87
1428.56 1.88
1442.85 1.91
1457.28 1.98
1471.85 1.98
1486.57 1.94
1501.43 1.91
1516.45 1.92
1531.61 1.92
1546.93 1.94
1562.4 1.93
1578.02 1.97
1593.8 2.03
1609.74 2.05
1625.84 2.07
1642.1 2.12
1658.52 2.12
1675.1 2.14
1691.85 2.15
1708.77 2.2
1725.86 2.29
1743.12 2.29
1760.55 2.3
1778.15 2.36
1795.94 2.35
1813.9 2.33
1832.03 2.35
1850.36 2.45
1868.86 2.52
1887.55 2.53
1906.42 2.55
1925.49 2.56
1944.74 2.55
1964.19 2.64
1983.83 2.74
2003.67 2.77
2023.71 2.8
2043.94 2.87
2064.38 2.9
2085.03 2.95
2105.88 3.01
2126.94 3.04
2148.2 3.12
2169.69 3.13
2191.38 3.2
2213.3 3.28
2235.43 3.39
2257.78 3.47
2280.36 3.56
2303.17 3.68
2326.2 3.8
2349.46 3.9
2372.95 4
2396.68 4.04
2420.65 4.09
2444.86 4.22
2469.31 4.3
2494 4.39
2518.94 4.51
2544.13 4.81
2569.57 5.13
2595.27 5.42
2621.22 5.72
2647.43 5.98
2673.9 6.27
2700.64 6.6
2727.65 6.98
2754.93 7.39
2782.48 7.99
2810.3 8.4
2838.4 8.66
2866.79 8.94
2895.46 9.22
2924.41 9.53
2953.65 9.83
2983.19 10.08
3013.02 10.26
3043.15 10.37
3073.58 10.49
3104.32 10.65
3135.36 10.79
3166.72 10.95
3198.38 11.14
3230.37 11.27
3262.67 11.41
3295.3 11.48
3328.25 11.5
3361.53 11.5
3395.15 11.33
3429.1 10.92
3463.39 10.64
3498.03 10.3
3533.01 9.66
3568.34 9.2
3604.02 8.72
3640.06 8.42
3676.46 8.35
3713.22 8.37
3750.36 8.25
3787.86 8.05
3825.74 7.43
3864 6.68
3902.64 5.91
3941.66 5.77
3981.08 6.29
4020.89 6.62
4061.1 7
4101.71 7.53
4142.73 7.94
4184.15 8.1
4226 8.25
4268.26 7.87
4310.94 7.4
4354.05 7.21
4397.59 6.99
4441.56 6.92
4485.98 6.13
4530.84 5.59
4576.15 5.23
4621.91 4.86
4668.13 4.5
4714.81 4.24
4761.96 3.87
4809.58 3.35
4857.67 2.85
4906.25 2.69
4955.31 3.03
5004.87 3.01
5054.91 2.69
5105.46 2.19
5156.52 1.91
5208.08 1.73
5260.16 1.59
5312.77 1.34
5365.89 0.93
5419.55 0.59
5473.75 0.33
5528.49 -0.14
5583.77 -0.51
5639.61 -0.85
5696 -1.17
5752.96 -1.57
5810.49 -1.69
5868.6 -1.59
5927.28 -1.54
5986.56 -1.55
6046.42 -1.6
6106.89 -1.55
6167.96 -1.53
6229.64 -1.52
6291.93 -1.54
6354.85 -1.73
6418.4 -2
6482.58 -2.3
6547.41 -2.67
6612.88 -3.03
6679.01 -3.27
6745.8 -3.23
6813.26 -3.1
6881.39 -3
6950.21 -2.87
7019.71 -2.71
7089.91 -2.41
7160.81 -2
7232.41 -1.77
7304.74 -1.96
7377.79 -2.46
7451.56 -2.9
7526.08 -2.79
7601.34 -2.61
7677.35 -2.16
7754.13 -1.82
7831.67 -1.29
7909.98 -0.84
7989.08 -0.36
8068.98 0.09
8149.67 0.45
8231.16 0.86
8313.47 1.32
8396.61 1.73
8480.57 2.26
8565.38 2.29
8651.03 2.26
8737.54 2.32
8824.92 2.15
8913.17 2.43
9002.3 2.68
9092.32 2.76
9183.25 2.8
9275.08 2.86
9367.83 2.79
9461.51 2.79
9556.12 2.64
9651.68 2.37
9748.2 2.07
9845.68 1.38
9944.14 0.75
10043.58 0.53
10144.02 0.31
10245.46 0.31
10347.91 1.07
10451.39 1.83
10555.91 2
10661.46 1.72
10768.08 1.48
10875.76 1.46
10984.52 1.67
11094.36 1.51
11205.31 0.74
11317.36 0.28
11430.53 -0.01
11544.84 -0.38
11660.29 -0.67
11776.89 -1.13
11894.66 -1.61
12013.6 -2.64
12133.74 -3.57
12255.08 -3.98
12377.63 -4.44
12501.41 -5.01
12626.42 -6.13
12752.68 -7.28
12880.21 -8.2
13009.01 -8.62
13139.1 -9.39
13270.49 -10.07
13403.2 -10.37
13537.23 -10.44
13672.6 -11.47
13809.33 -11.92
13947.42 -11.8
14086.9 -12.42
14227.77 -12.7
14370.04 -12.42
14513.74 -12.02
14658.88 -11.81
14805.47 -10.67
14953.52 -9.12
15103.06 -7.3
15254.09 -5.93
15406.63 -5.54
15560.7 -5.03
15716.3 -4.63
15873.47 -4.64
16032.2 -4.89
16192.52 -5.41
16354.45 -6.29
16517.99 -6.99
16683.17 -7.82
16850.01 -9.09
17018.51 -10.56
17188.69 -11.72
17360.58 -12.31
17534.18 -12.58
17709.53 -12.31
17886.62 -11.56
18065.49 -10.86
18246.14 -10.31
18428.6 -9.39
18612.89 -8.97
18799.02 -8.83
18987.01 -8.98
19176.88 -9.35
19368.65 -9.37
19562.33 -9.49
19757.96 -9.69
19955.54 -10.49