20 -2.69
20.2 -2.65
20.4 -2.61
20.61 -2.57
20.81 -2.53
21.02 -2.48
21.23 -2.43
21.44 -2.37
21.66 -2.31
21.87 -2.25
22.09 -2.22
22.31 -2.21
22.54 -2.2
22.76 -2.2
22.99 -2.19
23.22 -2.15
23.45 -2.11
23.69 -2.07
23.92 -2.02
24.16 -1.99
24.4 -1.97
24.65 -1.94
24.89 -1.91
25.14 -1.89
25.39 -1.86
25.65 -1.83
25.91 -1.81
26.16 -1.78
26.43 -1.76
26.69 -1.73
26.96 -1.7
27.23 -1.7
27.5 -1.7
27.77 -1.7
28.05 -1.69
28.33 -1.67
28.62 -1.64
28.9 -1.61
29.19 -1.6
29.48 -1.6
29.78 -1.6
30.08 -1.59
30.38 -1.56
30.68 -1.53
30.99 -1.5
31.3 -1.5
31.61 -1.5
31.93 -1.5
32.24 -1.48
32.57 -1.44
32.89 -1.41
33.22 -1.4
33.55 -1.4
33.89 -1.4
34.23 -1.4
34.57 -1.4
34.92 -1.4
35.27 -1.4
35.62 -1.4
35.97 -1.4
36.33 -1.4
36.7 -1.4
37.06 -1.4
37.43 -1.4
37.81 -1.4
38.19 -1.42
38.57 -1.46
38.95 -1.5
39.34 -1.5
39.74 -1.5
40.14 -1.5
40.54 -1.5
40.94 -1.5
41.35 -1.5
41.76 -1.5
42.18 -1.5
42.6 -1.5
43.03 -1.5
43.46 -1.5
43.9 -1.5
44.33 -1.47
44.78 -1.44
45.23 -1.42
45.68 -1.41
46.13 -1.4
46.6 -1.4
47.06 -1.4
47.53 -1.4
48.01 -1.4
48.49 -1.4
48.97 -1.4
49.46 -1.4
49.96 -1.4
50.46 -1.4
50.96 -1.4
51.47 -1.4
51.99 -1.4
52.51 -1.41
53.03 -1.41
53.56 -1.46
54.1 -1.5
54.64 -1.5
55.18 -1.5
55.74 -1.5
56.29 -1.51
56.86 -1.54
57.42 -1.57
58 -1.6
58.58 -1.6
59.16 -1.6
59.76 -1.6
60.35 -1.64
60.96 -1.7
61.57 -1.76
62.18 -1.8
62.8 -1.8
63.43 -1.83
64.07 -1.86
64.71 -1.89
65.35 -1.86
66.01 -1.8
66.67 -1.74
67.33 -1.71
68.01 -1.7
68.69 -1.63
69.37 -1.6
70.07 -1.59
70.77 -1.52
71.48 -1.5
72.19 -1.5
72.91 -1.5
73.64 -1.5
74.38 -1.5
75.12 -1.5
75.87 -1.5
76.63 -1.5
77.4 -1.5
78.17 -1.5
78.95 -1.5
79.74 -1.5
80.54 -1.5
81.35 -1.53
82.16 -1.58
82.98 -1.6
83.81 -1.65
84.65 -1.69
85.5 -1.7
86.35 -1.7
87.22 -1.7
88.09 -1.7
88.97 -1.7
89.86 -1.7
90.76 -1.7
91.66 -1.64
92.58 -1.6
93.51 -1.59
94.44 -1.59
95.39 -1.6
96.34 -1.6
97.3 -1.61
98.28 -1.61
99.26 -1.63
100.25 -1.65
101.25 -1.67
102.27 -1.68
103.29 -1.69
104.32 -1.71
105.37 -1.73
106.42 -1.77
107.48 -1.85
108.56 -1.91
109.64 -1.93
110.74 -1.95
111.85 -1.96
112.97 -1.97
114.1 -1.98
115.24 -1.98
116.39 -1.98
117.55 -1.98
118.73 -1.97
119.92 -2.03
121.12 -2.06
122.33 -2.05
123.55 -2.04
124.79 -2.03
126.03 -2.03
127.29 -2.02
128.57 -2.01
129.85 -2.01
131.15 -2
132.46 -2
133.79 -1.99
135.12 -1.99
136.48 -1.99
137.84 -1.98
139.22 -2.04
140.61 -2.08
142.02 -2.08
143.44 -2.08
144.87 -2.08
146.32 -2.08
147.78 -2.08
149.26 -2.08
150.75 -2.08
152.26 -2.08
153.78 -2.08
155.32 -2.14
156.88 -2.18
158.44 -2.18
160.03 -2.18
161.63 -2.18
163.24 -2.19
164.88 -2.25
166.53 -2.28
168.19 -2.3
169.87 -2.31
171.57 -2.31
173.29 -2.32
175.02 -2.32
176.77 -2.33
178.54 -2.33
180.32 -2.32
182.13 -2.33
183.95 -2.37
185.79 -2.4
187.65 -2.38
189.52 -2.37
191.42 -2.36
193.33 -2.34
195.27 -2.32
197.22 -2.31
199.19 -2.3
201.18 -2.3
203.19 -2.35
205.23 -2.39
207.28 -2.39
209.35 -2.39
211.44 -2.39
213.56 -2.39
215.69 -2.4
217.85 -2.48
220.03 -2.5
222.23 -2.51
224.45 -2.51
226.7 -2.51
228.96 -2.5
231.25 -2.5
233.57 -2.49
235.9 -2.47
238.26 -2.46
240.64 -2.44
243.05 -2.43
245.48 -2.41
247.93 -2.38
250.41 -2.36
252.92 -2.34
255.45 -2.25
258 -2.22
260.58 -2.22
263.19 -2.22
265.82 -2.22
268.48 -2.22
271.16 -2.23
273.87 -2.23
276.61 -2.23
279.38 -2.23
282.17 -2.23
284.99 -2.22
287.84 -2.21
290.72 -2.2
293.63 -2.19
296.57 -2.1
299.53 -2.06
302.53 -2.05
305.55 -2.04
308.61 -2.03
311.69 -2.03
314.81 -2.02
317.96 -2.02
321.14 -2.02
324.35 -2.02
327.59 -2.02
330.87 -1.88
334.18 -1.83
337.52 -1.83
340.9 -1.83
344.3 -1.83
347.75 -1.83
351.23 -1.83
354.74 -1.83
358.28 -1.82
361.87 -1.82
365.49 -1.78
369.14 -1.64
372.83 -1.59
376.56 -1.61
380.33 -1.71
384.13 -1.76
387.97 -1.77
391.85 -1.76
395.77 -1.75
399.73 -1.68
403.72 -1.62
407.76 -1.58
411.84 -1.56
415.96 -1.57
420.12 -1.59
424.32 -1.66
428.56 -1.72
432.85 -1.74
437.18 -1.72
441.55 -1.68
445.96 -1.64
450.42 -1.58
454.93 -1.53
459.48 -1.46
464.07 -1.4
468.71 -1.35
473.4 -1.26
478.13 -1.13
482.91 -1.07
487.74 -1.04
492.62 -1.01
497.55 -0.98
502.52 -0.96
507.55 -0.94
512.62 -0.92
517.75 -0.91
522.93 -0.91
528.16 -0.93
533.44 -0.94
538.77 -0.97
544.16 -1.01
549.6 -1.05
555.1 -1.1
560.65 -1.16
566.25 -1.2
571.92 -1.25
577.64 -1.28
583.41 -1.31
589.25 -1.33
595.14 -1.34
601.09 -1.33
607.1 -1.32
613.17 -1.31
619.3 -1.29
625.5 -1.26
631.75 -1.24
638.07 -1.2
644.45 -1.18
650.89 -1.13
657.4 -1
663.98 -0.93
670.62 -0.88
677.32 -0.78
684.1 -0.68
690.94 -0.64
697.85 -0.63
704.83 -0.53
711.87 -0.49
718.99 -0.49
726.18 -0.5
733.44 -0.53
740.78 -0.56
748.19 -0.54
755.67 -0.52
763.23 -0.54
770.86 -0.55
778.57 -0.57
786.35 -0.57
794.22 -0.53
802.16 -0.48
810.18 -0.44
818.28 -0.37
826.46 -0.35
834.73 -0.28
843.08 -0.18
851.51 -0.16
860.02 -0.17
868.62 -0.17
877.31 -0.11
886.08 -0.05
894.94 0.06
903.89 0.14
912.93 0.19
922.06 0.27
931.28 0.29
940.59 0.29
950 0.29
959.5 0.27
969.09 0.13
978.78 0.01
988.57 -0.07
998.46 -0.01
1008.44 0.05
1018.53 0.08
1028.71 0.1
1039 0.13
1049.39 0.06
1059.88 -0.01
1070.48 -0.09
1081.19 -0.24
1092 -0.4
1102.92 -0.5
1113.95 -0.58
1125.09 -0.65
1136.34 -0.65
1147.7 -0.64
1159.18 -0.56
1170.77 -0.41
1182.48 -0.33
1194.3 -0.31
1206.25 -0.26
1218.31 -0.2
1230.49 -0.13
1242.8 -0.14
1255.22 -0.11
1267.78 -0.06
1280.45 0
1293.26 0.01
1306.19 -0.05
1319.25 -0.37
1332.45 -0.5
1345.77 -0.53
1359.23 -0.44
1372.82 -0.33
1386.55 -0.23
1400.41 -0.16
1414.42 -0.25
1428.56 -0.37
1442.85 -0.62
1457.28 -0.77
1471.85 -0.79
1486.57 -0.85
1501.43 -1
1516.45 -1.13
1531.61 -1.17
1546.93 -1.19
1562.4 -1.1
1578.02 -1
1593.8 -1.01
1609.74 -1.06
1625.84 -1.12
1642.1 -1.24
1658.52 -1.31
1675.1 -1.3
1691.85 -1.27
1708.77 -1.24
1725.86 -1.29
1743.12 -1.35
1760.55 -1.33
1778.15 -1.24
1795.94 -1.31
1813.9 -1.45
1832.03 -1.51
1850.36 -1.57
1868.86 -1.53
1887.55 -1.3
1906.42 -1.24
1925.49 -1.2
1944.74 -1
1964.19 -0.64
1983.83 -0.58
2003.67 -0.39
2023.71 -0.31
2043.94 -0.13
2064.38 0.36
2085.03 0.32
2105.88 0.44
2126.94 0.71
2148.2 1.1
2169.69 1.37
2191.38 1.6
2213.3 1.78
2235.43 1.82
2257.78 1.87
2280.36 2.02
2303.17 2.16
2326.2 2.25
2349.46 2.31
2372.95 2.44
2396.68 2.46
2420.65 2.65
2444.86 2.89
2469.31 3.23
2494 3.45
2518.94 3.62
2544.13 3.92
2569.57 4.24
2595.27 4.43
2621.22 4.73
2647.43 5.07
2673.9 5.25
2700.64 5.37
2727.65 5.65
2754.93 5.99
2782.48 6.33
2810.3 6.65
2838.4 6.97
2866.79 7.27
2895.46 7.47
2924.41 7.65
2953.65 7.91
2983.19 8.04
3013.02 8.1
3043.15 8.5
3073.58 8.78
3104.32 9.15
3135.36 9.44
3166.72 9.72
3198.38 10.03
3230.37 10.24
3262.67 10.43
3295.3 10.51
3328.25 10.47
3361.53 10.36
3395.15 10.28
3429.1 10.32
3463.39 10.38
3498.03 10.27
3533.01 10.19
3568.34 10.01
3604.02 9.92
3640.06 9.93
3676.46 10.1
3713.22 10.13
3750.36 10.05
3787.86 9.87
3825.74 9.73
3864 9.64
3902.64 9.75
3941.66 9.91
3981.08 9.83
4020.89 9.62
4061.1 9.18
4101.71 8.79
4142.73 8.45
4184.15 8.13
4226 7.66
4268.26 7.22
4310.94 6.99
4354.05 6.8
4397.59 6.71
4441.56 6.59
4485.98 6.6
4530.84 6.23
4576.15 5.92
4621.91 5.66
4668.13 5.48
4714.81 5.05
4761.96 4.55
4809.58 3.99
4857.67 3.55
4906.25 3.64
4955.31 3.84
5004.87 4.16
5054.91 4.93
5105.46 5.66
5156.52 6.62
5208.08 6.7
5260.16 5.26
5312.77 5.54
5365.89 7.22
5419.55 8.43
5473.75 9.9
5528.49 10.2
5583.77 10.13
5639.61 9.88
5696 9.73
5752.96 9.73
5810.49 9.7
5868.6 9.73
5927.28 9.66
5986.56 9.45
6046.42 9.21
6106.89 8.98
6167.96 8.68
6229.64 8.36
6291.93 8
6354.85 7.67
6418.4 7.34
6482.58 7.01
6547.41 6.92
6612.88 6.83
6679.01 6.71
6745.8 6.51
6813.26 6.23
6881.39 5.84
6950.21 5.4
7019.71 5
7089.91 4.73
7160.81 4.61
7232.41 4.49
7304.74 4.29
7377.79 4.05
7451.56 3.77
7526.08 3.5
7601.34 3.18
7677.35 2.81
7754.13 2.57
7831.67 2.55
7909.98 2.41
7989.08 2.28
8068.98 2.62
8149.67 3
8231.16 3.91
8313.47 4.8
8396.61 5.3
8480.57 5.9
8565.38 6.52
8651.03 6.94
8737.54 6.97
8824.92 6.74
8913.17 6.69
9002.3 7.31
9092.32 7.94
9183.25 8.43
9275.08 9.02
9367.83 9.4
9461.51 9.49
9556.12 9.4
9651.68 8.98
9748.2 7.95
9845.68 6.36
9944.14 5.11
10043.58 3.44
10144.02 1.58
10245.46 0.17
10347.91 -1.21
10451.39 -1.29
10555.91 -0.82
10661.46 -0.96
10768.08 -1.48
10875.76 -1.89
10984.52 -2.33
11094.36 -2.18
11205.31 -1.82
11317.36 -1.45
11430.53 -1.08
11544.84 -0.57
11660.29 0.07
11776.89 0.79
11894.66 1.39
12013.6 1.9
12133.74 2.06
12255.08 1.97
12377.63 1.75
12501.41 1.39
12626.42 1.06
12752.68 1.17
12880.21 1.12
13009.01 0.66
13139.1 0.09
13270.49 -0.55
13403.2 -1.41
13537.23 -1.82
13672.6 -1.93
13809.33 -2.2
13947.42 -2.51
14086.9 -2.43
14227.77 -2.48
14370.04 -2.27
14513.74 -1.97
14658.88 -1.97
14805.47 -1.95
14953.52 -2.09
15103.06 -2.25
15254.09 -2.27
15406.63 -2.04
15560.7 -2.3
15716.3 -2.45
15873.47 -3.07
16032.2 -3.74
16192.52 -4.07
16354.45 -4.79
16517.99 -5.47
16683.17 -6.2
16850.01 -7.48
17018.51 -9.25
17188.69 -10.3
17360.58 -10.18
17534.18 -9.56
17709.53 -8.13
17886.62 -6.38
18065.49 -4.45
18246.14 -2.79
18428.6 -1.9
18612.89 -1.69
18799.02 -1.44
18987.01 -2.09
19176.88 -2.73
19368.65 -3.23
19562.33 -3.82
19757.96 -3.45
19955.54 -2.76