20 0.51
20.2 0.6
20.4 0.69
20.61 0.77
20.81 0.86
21.02 0.96
21.23 1.12
21.44 1.29
21.66 1.45
21.87 1.61
22.09 1.76
22.31 1.88
22.54 2.01
22.76 2.13
22.99 2.25
23.22 2.36
23.45 2.47
23.69 2.57
23.92 2.68
24.16 2.79
24.4 2.91
24.65 3.03
24.89 3.15
25.14 3.26
25.39 3.38
25.65 3.49
25.91 3.6
26.16 3.68
26.43 3.73
26.69 3.79
26.96 3.84
27.23 3.86
27.5 3.88
27.77 3.9
28.05 3.91
28.33 3.94
28.62 3.97
28.9 3.99
29.19 4.02
29.48 4.05
29.78 4.08
30.08 4.1
30.38 4.1
30.68 4.1
30.99 4.1
31.3 4.1
31.61 4.1
31.93 4.1
32.24 4.1
32.57 4.1
32.89 4.1
33.22 4.1
33.55 4.1
33.89 4.1
34.23 4.08
34.57 4.04
34.92 4.01
35.27 3.98
35.62 3.94
35.97 3.91
36.33 3.91
36.7 3.9
37.06 3.89
37.43 3.82
37.81 3.75
38.19 3.75
38.57 3.84
38.95 3.92
39.34 3.79
39.74 3.63
40.14 3.49
40.54 3.37
40.94 3.26
41.35 3.34
41.76 3.45
42.18 3.46
42.6 3.34
43.03 3.23
43.46 3.17
43.9 3.1
44.33 3.07
44.78 3.04
45.23 3
45.68 2.93
46.13 2.91
46.6 2.99
47.06 3.04
47.53 2.85
48.01 2.66
48.49 2.47
48.97 2.29
49.46 2.43
49.96 2.59
50.46 2.49
50.96 2.36
51.47 2.31
51.99 2.27
52.51 2.17
53.03 2.08
53.56 2.02
54.1 1.98
54.64 1.98
55.18 1.96
55.74 1.91
56.29 1.84
56.86 1.74
57.42 1.67
58 1.61
58.58 1.71
59.16 1.7
59.76 1.43
60.35 1.37
60.96 1.45
61.57 1.21
62.18 1.04
62.8 1.11
63.43 1.11
64.07 1.08
64.71 0.94
65.35 0.86
66.01 0.82
66.67 0.93
67.33 0.87
68.01 0.64
68.69 0.58
69.37 0.53
70.07 0.47
70.77 0.42
71.48 0.38
72.19 0.33
72.91 0.26
73.64 0.22
74.38 0.15
75.12 0.05
75.87 0
76.63 0.02
77.4 0.06
78.17 0.02
78.95 -0.25
79.74 -0.21
80.54 -0.41
81.35 -0.56
82.16 -0.47
82.98 -0.37
83.81 -0.27
84.65 -0.53
85.5 -0.65
86.35 -0.65
87.22 -0.71
88.09 -0.71
88.97 -0.71
89.86 -0.61
90.76 -0.69
91.66 -0.94
92.58 -1.01
93.51 -0.93
94.44 -0.89
95.39 -0.9
96.34 -0.87
97.3 -0.79
98.28 -0.84
99.26 -1.02
100.25 -1.04
101.25 -1.07
102.27 -1.15
103.29 -1.23
104.32 -1.22
105.37 -1.1
106.42 -1.23
107.48 -1.37
108.56 -1.44
109.64 -1.6
110.74 -1.64
111.85 -1.56
112.97 -1.45
114.1 -1.43
115.24 -1.67
116.39 -1.8
117.55 -1.8
118.73 -1.75
119.92 -1.74
121.12 -1.72
122.33 -1.62
123.55 -1.65
124.79 -1.79
126.03 -1.8
127.29 -1.96
128.57 -2.02
129.85 -1.9
131.15 -1.87
132.46 -1.87
133.79 -1.86
135.12 -1.86
136.48 -1.85
137.84 -1.85
139.22 -1.76
140.61 -1.76
142.02 -1.94
143.44 -1.94
144.87 -1.94
146.32 -1.94
147.78 -1.95
149.26 -1.95
150.75 -1.95
152.26 -2.02
153.78 -2.16
155.32 -2.12
156.88 -2.05
158.44 -2.04
160.03 -2.04
161.63 -2.04
163.24 -2.04
164.88 -2.05
166.53 -2.05
168.19 -2.06
169.87 -2.06
171.57 -2.07
173.29 -2.17
175.02 -2.24
176.77 -2.11
178.54 -2.01
180.32 -1.99
182.13 -2.11
183.95 -2.22
185.79 -2.09
187.65 -2.05
189.52 -2.02
191.42 -2.01
193.33 -2
195.27 -1.98
197.22 -1.97
199.19 -1.96
201.18 -1.95
203.19 -1.88
205.23 -1.81
207.28 -1.79
209.35 -1.79
211.44 -1.84
213.56 -1.81
215.69 -1.92
217.85 -2.04
220.03 -2.06
222.23 -2.06
224.45 -2.06
226.7 -2.06
228.96 -2.06
231.25 -2.05
233.57 -2.04
235.9 -2.03
238.26 -2.09
240.64 -2.09
243.05 -2.14
245.48 -2.15
247.93 -2.12
250.41 -2.11
252.92 -2.09
255.45 -2.08
258 -2.12
260.58 -2.16
263.19 -2.23
265.82 -2.26
268.48 -2.26
271.16 -2.26
273.87 -2.27
276.61 -2.45
279.38 -2.51
282.17 -2.43
284.99 -2.28
287.84 -2.19
290.72 -2.4
293.63 -2.42
296.57 -2.41
299.53 -2.45
302.53 -2.6
305.55 -2.56
308.61 -2.47
311.69 -2.33
314.81 -2.38
317.96 -2.5
321.14 -2.54
324.35 -2.54
327.59 -2.55
330.87 -2.55
334.18 -2.55
337.52 -2.55
340.9 -2.52
344.3 -2.44
347.75 -2.52
351.23 -2.63
354.74 -2.65
358.28 -2.64
361.87 -2.64
365.49 -2.63
369.14 -2.62
372.83 -2.61
376.56 -2.51
380.33 -2.48
384.13 -2.63
387.97 -2.61
391.85 -2.65
395.77 -2.74
399.73 -2.73
403.72 -2.74
407.76 -2.84
411.84 -2.88
415.96 -2.88
420.12 -2.88
424.32 -2.85
428.56 -2.73
432.85 -2.72
437.18 -2.79
441.55 -2.71
445.96 -2.57
450.42 -2.47
454.93 -2.37
459.48 -2.28
464.07 -2.15
468.71 -2.08
473.4 -2.01
478.13 -1.97
482.91 -1.96
487.74 -1.74
492.62 -1.6
497.55 -1.59
502.52 -1.59
507.55 -1.57
512.62 -1.55
517.75 -1.57
522.93 -1.6
528.16 -1.51
533.44 -1.48
538.77 -1.5
544.16 -1.54
549.6 -1.47
555.1 -1.5
560.65 -1.59
566.25 -1.64
571.92 -1.69
577.64 -1.72
583.41 -1.75
589.25 -1.77
595.14 -1.78
601.09 -1.79
607.1 -1.82
613.17 -1.74
619.3 -1.62
625.5 -1.57
631.75 -1.55
638.07 -1.51
644.45 -1.5
650.89 -1.47
657.4 -1.42
663.98 -1.37
670.62 -1.32
677.32 -1.27
684.1 -1.23
690.94 -1.19
697.85 -1.15
704.83 -1.13
711.87 -1.13
718.99 -1.14
726.18 -1.15
733.44 -1.2
740.78 -1.24
748.19 -1.08
755.67 -1.03
763.23 -1.08
770.86 -1.11
778.57 -1.12
786.35 -1.13
794.22 -1.13
802.16 -1.14
810.18 -1.16
818.28 -1.14
826.46 -1.04
834.73 -0.98
843.08 -0.9
851.51 -0.9
860.02 -0.93
868.62 -0.86
877.31 -0.85
886.08 -0.8
894.94 -0.77
903.89 -0.72
912.93 -0.63
922.06 -0.42
931.28 -0.35
940.59 -0.4
950 -0.41
959.5 -0.2
969.09 -0.15
978.78 -0.1
988.57 -0.08
998.46 -0.01
1008.44 0.05
1018.53 0.08
1028.71 0.1
1039 0.13
1049.39 0.13
1059.88 0.15
1070.48 0.32
1081.19 0.36
1092 0.36
1102.92 0.34
1113.95 0.36
1125.09 0.39
1136.34 0.37
1147.7 0.32
1159.18 0.31
1170.77 0.41
1182.48 0.63
1194.3 0.85
1206.25 1.06
1218.31 1.24
1230.49 1.45
1242.8 1.63
1255.22 1.67
1267.78 1.66
1280.45 1.73
1293.26 1.8
1306.19 1.82
1319.25 1.81
1332.45 1.82
1345.77 1.78
1359.23 1.72
1372.82 1.69
1386.55 1.71
1400.41 1.71
1414.42 1.74
1428.56 1.8
1442.85 1.89
1457.28 1.99
1471.85 2.03
1486.57 2.11
1501.43 2.21
1516.45 2.29
1531.61 2.38
1546.93 2.52
1562.4 2.6
1578.02 2.67
1593.8 2.79
1609.74 2.96
1625.84 3.06
1642.1 3.12
1658.52 3.22
1675.1 3.33
1691.85 3.5
1708.77 3.67
1725.86 3.82
1743.12 3.94
1760.55 4.11
1778.15 4.26
1795.94 4.46
1813.9 4.63
1832.03 4.76
1850.36 4.89
1868.86 5.01
1887.55 5.22
1906.42 5.37
1925.49 5.58
1944.74 5.73
1964.19 5.93
1983.83 6.18
2003.67 6.4
2023.71 6.62
2043.94 6.88
2064.38 7.14
2085.03 7.39
2105.88 7.63
2126.94 7.85
2148.2 8.12
2169.69 8.35
2191.38 8.54
2213.3 8.73
2235.43 9
2257.78 9.22
2280.36 9.4
2303.17 9.58
2326.2 9.73
2349.46 9.91
2372.95 10.1
2396.68 10.2
2420.65 10.22
2444.86 10.28
2469.31 10.36
2494 10.45
2518.94 10.49
2544.13 10.55
2569.57 10.62
2595.27 10.61
2621.22 10.57
2647.43 10.61
2673.9 10.67
2700.64 10.69
2727.65 10.74
2754.93 10.62
2782.48 10.56
2810.3 10.53
2838.4 10.42
2866.79 10.33
2895.46 10.32
2924.41 10.27
2953.65 10.18
2983.19 10.1
3013.02 9.99
3043.15 9.83
3073.58 9.81
3104.32 9.9
3135.36 9.87
3166.72 9.75
3198.38 9.65
3230.37 9.56
3262.67 9.47
3295.3 9.46
3328.25 9.43
3361.53 9.28
3395.15 9.32
3429.1 9.49
3463.39 9.49
3498.03 9.45
3533.01 9.56
3568.34 9.72
3604.02 9.63
3640.06 9.34
3676.46 9.05
3713.22 8.76
3750.36 8.53
3787.86 8.32
3825.74 8.07
3864 7.55
3902.64 7.08
3941.66 6.66
3981.08 6.43
4020.89 6.24
4061.1 5.93
4101.71 5.6
4142.73 5.15
4184.15 4.64
4226 4.13
4268.26 3.65
4310.94 3.1
4354.05 2.4
4397.59 1.89
4441.56 1.33
4485.98 0.57
4530.84 0.09
4576.15 -0.32
4621.91 -0.74
4668.13 -1.19
4714.81 -1.49
4761.96 -1.62
4809.58 -1.91
4857.67 -2.28
4906.25 -2.56
4955.31 -2.59
5004.87 -2.54
5054.91 -2.6
5105.46 -2.6
5156.52 -2.47
5208.08 -2.08
5260.16 -1.9
5312.77 -1.81
5365.89 -1.71
5419.55 -1.63
5473.75 -1.54
5528.49 -1.49
5583.77 -1.54
5639.61 -1.73
5696 -1.83
5752.96 -1.89
5810.49 -1.97
5868.6 -2.01
5927.28 -1.9
5986.56 -1.79
6046.42 -1.67
6106.89 -1.67
6167.96 -1.73
6229.64 -1.72
6291.93 -1.7
6354.85 -1.59
6418.4 -1.48
6482.58 -1.55
6547.41 -1.65
6612.88 -2.05
6679.01 -2.2
6745.8 -2.26
6813.26 -2.21
6881.39 -2.05
6950.21 -2.04
7019.71 -1.98
7089.91 -2.01
7160.81 -2.01
7232.41 -2.12
7304.74 -2.25
7377.79 -2.19
7451.56 -2.11
7526.08 -2.04
7601.34 -1.9
7677.35 -1.71
7754.13 -1.26
7831.67 -1.11
7909.98 -0.9
7989.08 -0.36
8068.98 0.07
8149.67 0.34
8231.16 0.67
8313.47 1.1
8396.61 1.94
8480.57 2.61
8565.38 3.04
8651.03 3.25
8737.54 3.13
8824.92 2.63
8913.17 2.81
9002.3 3.7
9092.32 4.22
9183.25 4.04
9275.08 3.36
9367.83 3.71
9461.51 4.26
9556.12 4.22
9651.68 3.91
9748.2 2.89
9845.68 1.78
9944.14 0.74
10043.58 -0.19
10144.02 -0.94
10245.46 -1.22
10347.91 -1.02
10451.39 -0.88
10555.91 -1.08
10661.46 -1.18
10768.08 -0.76
10875.76 -0.22
10984.52 0.13
11094.36 0.07
11205.31 0.12
11317.36 -0.26
11430.53 -1.37
11544.84 -2.04
11660.29 -2.69
11776.89 -3.82
11894.66 -4.5
12013.6 -5.7
12133.74 -6.63
12255.08 -7.94
12377.63 -9.47
12501.41 -11.61
12626.42 -13.64
12752.68 -15.45
12880.21 -17.12
13009.01 -19.52
13139.1 -20.85
13270.49 -20.8
13403.2 -20.84
13537.23 -20.34
13672.6 -19.18
13809.33 -18.51
13947.42 -18.02
14086.9 -18.01
14227.77 -17.76
14370.04 -17.1
14513.74 -16.55
14658.88 -15.52
14805.47 -13.59
14953.52 -12.73
15103.06 -13.1
15254.09 -13.99
15406.63 -15.91
15560.7 -17.74
15716.3 -19.4
15873.47 -20.88
16032.2 -21.65
16192.52 -21.9
16354.45 -21.42
16517.99 -21.6
16683.17 -23.02
16850.01 -24.13
17018.51 -25.86
17188.69 -28.12
17360.58 -29.47
17534.18 -30.57
17709.53 -31.12
17886.62 -31.3
18065.49 -31.65
18246.14 -31.7
18428.6 -30.55
18612.89 -29.01
18799.02 -28.16
18987.01 -28.43
19176.88 -29.49
19368.65 -31.2
19562.33 -31.88
19757.96 -33.19
19955.54 -35.18