20 5.53
20.2 5.55
20.4 5.57
20.61 5.59
20.81 5.61
21.02 5.63
21.23 5.68
21.44 5.73
21.66 5.78
21.87 5.82
22.09 5.83
22.31 5.77
22.54 5.72
22.76 5.67
22.99 5.61
23.22 5.68
23.45 5.76
23.69 5.83
23.92 5.91
24.16 5.91
24.4 5.87
24.65 5.84
24.89 5.8
25.14 5.84
25.39 5.93
25.65 6.01
25.91 6.1
26.16 6.2
26.43 6.3
26.69 6.41
26.96 6.51
27.23 6.48
27.5 6.43
27.77 6.37
28.05 6.33
28.33 6.33
28.62 6.33
28.9 6.33
29.19 6.29
29.48 6.22
29.78 6.15
30.08 6.13
30.38 6.26
30.68 6.39
30.99 6.52
31.3 6.53
31.61 6.53
31.93 6.53
32.24 6.53
32.57 6.53
32.89 6.53
33.22 6.47
33.55 6.37
33.89 6.28
34.23 6.34
34.57 6.47
34.92 6.61
35.27 6.74
35.62 6.87
35.97 7
36.33 6.92
36.7 6.82
37.06 6.74
37.43 6.74
37.81 6.74
38.19 6.69
38.57 6.57
38.95 6.46
39.34 6.59
39.74 6.74
40.14 6.84
40.54 6.84
40.94 6.84
41.35 6.84
41.76 6.84
42.18 6.84
42.6 6.84
43.03 6.84
43.46 6.84
43.9 6.84
44.33 6.95
44.78 7.11
45.23 7.13
45.68 7.02
46.13 6.93
46.6 6.89
47.06 6.87
47.53 6.96
48.01 7.04
48.49 7.04
48.97 7.04
49.46 7.04
49.96 7.04
50.46 7.04
50.96 7.04
51.47 7.04
51.99 7.04
52.51 7.04
53.03 7.05
53.56 7.25
54.1 7.39
54.64 7.24
55.18 7.09
55.74 6.93
56.29 6.97
56.86 7.19
57.42 7.24
58 7.24
58.58 7.24
59.16 7.24
59.76 7.24
60.35 7.24
60.96 7.24
61.57 7.24
62.18 7.24
62.8 7.24
63.43 7.24
64.07 7.24
64.71 7.24
65.35 7.24
66.01 7.24
66.67 7.24
67.33 7.24
68.01 7.24
68.69 7.24
69.37 7.26
70.07 7.3
70.77 7.44
71.48 7.32
72.19 7.21
72.91 7.47
73.64 7.5
74.38 7.4
75.12 7.24
75.87 7.24
76.63 7.24
77.4 7.24
78.17 7.24
78.95 7.24
79.74 7.24
80.54 7.24
81.35 7.24
82.16 7.24
82.98 7.24
83.81 7.24
84.65 7.24
85.5 7.24
86.35 7.2
87.22 7.13
88.09 7.08
88.97 7.04
89.86 7.04
90.76 7.04
91.66 7.02
92.58 6.97
93.51 6.9
94.44 6.85
95.39 6.84
96.34 6.84
97.3 6.83
98.28 6.79
99.26 6.61
100.25 6.49
101.25 6.75
102.27 6.89
103.29 6.68
104.32 6.53
105.37 6.38
106.42 6.15
107.48 6.24
108.56 6.33
109.64 6.31
110.74 6.29
111.85 6.27
112.97 6.26
114.1 6.23
115.24 5.99
116.39 6.06
117.55 6.13
118.73 6.17
119.92 6.17
121.12 6.18
122.33 6.19
123.55 6.2
124.79 6.2
126.03 6.4
127.29 6.48
128.57 6.41
129.85 6.33
131.15 6.33
132.46 6.34
133.79 6.34
135.12 6.37
136.48 6.59
137.84 6.47
139.22 6.32
140.61 6.26
142.02 5.96
143.44 5.87
144.87 6.03
146.32 6.13
147.78 6.16
149.26 6.16
150.75 6.16
152.26 6.16
153.78 6.16
155.32 6.35
156.88 6.29
158.44 5.71
160.03 5.54
161.63 5.62
163.24 5.67
164.88 5.62
166.53 5.53
168.19 5.47
169.87 5.43
171.57 5.48
173.29 5.66
175.02 5.62
176.77 5.35
178.54 4.96
180.32 4.98
182.13 5.14
183.95 5.22
185.79 5.45
187.65 5.51
189.52 5
191.42 4.81
193.33 5
195.27 5.06
197.22 5.02
199.19 4.96
201.18 4.94
203.19 4.91
205.23 4.87
207.28 4.79
209.35 4.75
211.44 4.79
213.56 5.02
215.69 4.91
217.85 4.65
220.03 4.67
222.23 4.77
224.45 4.91
226.7 4.93
228.96 4.8
231.25 4.52
233.57 4.59
235.9 4.64
238.26 4.43
240.64 4.43
243.05 4.28
245.48 4.15
247.93 4.14
250.41 4.16
252.92 4.22
255.45 4
258 3.76
260.58 3.79
263.19 3.71
265.82 3.45
268.48 3.47
271.16 3.43
273.87 3.35
276.61 3.15
279.38 3.04
282.17 3.03
284.99 2.85
287.84 2.66
290.72 2.71
293.63 2.64
296.57 2.75
299.53 2.67
302.53 2.64
305.55 2.59
308.61 2.42
311.69 2.51
314.81 2.48
317.96 2.31
321.14 2.21
324.35 2.19
327.59 2.25
330.87 2.2
334.18 2.08
337.52 2.06
340.9 2.23
344.3 2.2
347.75 2.04
351.23 1.89
354.74 1.68
358.28 1.39
361.87 1.39
365.49 1.54
369.14 1.64
372.83 1.5
376.56 1.28
380.33 1.1
384.13 1
387.97 0.88
391.85 0.73
395.77 0.63
399.73 0.5
403.72 0.36
407.76 0.25
411.84 0.12
415.96 -0.06
420.12 -0.23
424.32 -0.35
428.56 -0.46
432.85 -0.58
437.18 -0.69
441.55 -0.62
445.96 -0.66
450.42 -1.01
454.93 -1
459.48 -0.94
464.07 -0.96
468.71 -0.92
473.4 -0.74
478.13 -0.81
482.91 -1.04
487.74 -0.91
492.62 -0.83
497.55 -0.93
502.52 -1.13
507.55 -1.2
512.62 -1.29
517.75 -1.53
522.93 -1.62
528.16 -1.62
533.44 -1.72
538.77 -1.83
544.16 -1.92
549.6 -2.15
555.1 -2.34
560.65 -2.4
566.25 -2.54
571.92 -2.66
577.64 -2.79
583.41 -2.99
589.25 -3.18
595.14 -3.26
601.09 -3.3
607.1 -3.34
613.17 -3.34
619.3 -3.43
625.5 -3.51
631.75 -3.55
638.07 -3.55
644.45 -3.57
650.89 -3.55
657.4 -3.5
663.98 -3.45
670.62 -3.4
677.32 -3.35
684.1 -3.3
690.94 -3.27
697.85 -3.23
704.83 -3.21
711.87 -3.19
718.99 -3.06
726.18 -3.03
733.44 -3.05
740.78 -2.92
748.19 -2.91
755.67 -2.94
763.23 -2.89
770.86 -2.8
778.57 -2.72
786.35 -2.64
794.22 -2.53
802.16 -2.4
810.18 -2.27
818.28 -2.19
826.46 -2.09
834.73 -1.95
843.08 -1.77
851.51 -1.62
860.02 -1.55
868.62 -1.47
877.31 -1.37
886.08 -1.28
894.94 -1.15
903.89 -1.02
912.93 -0.93
922.06 -0.88
931.28 -0.76
940.59 -0.65
950 -0.55
959.5 -0.49
969.09 -0.42
978.78 -0.3
988.57 -0.19
998.46 -0.03
1008.44 0.12
1018.53 0.17
1028.71 0.19
1039 0.3
1049.39 0.39
1059.88 0.47
1070.48 0.54
1081.19 0.66
1092 0.74
1102.92 0.8
1113.95 0.86
1125.09 0.85
1136.34 0.86
1147.7 0.89
1159.18 0.89
1170.77 0.87
1182.48 0.73
1194.3 0.66
1206.25 0.6
1218.31 0.68
1230.49 0.78
1242.8 0.83
1255.22 0.99
1267.78 1.23
1280.45 1.29
1293.26 1.46
1306.19 1.75
1319.25 2.11
1332.45 2.4
1345.77 2.49
1359.23 2.46
1372.82 2.39
1386.55 2.38
1400.41 2.48
1414.42 2.53
1428.56 2.51
1442.85 2.56
1457.28 2.63
1471.85 2.75
1486.57 2.9
1501.43 3.02
1516.45 2.99
1531.61 2.99
1546.93 3.13
1562.4 3.22
1578.02 3.23
1593.8 3.24
1609.74 3.44
1625.84 3.57
1642.1 3.64
1658.52 3.74
1675.1 3.96
1691.85 4
1708.77 3.94
1725.86 4.07
1743.12 4.34
1760.55 4.43
1778.15 4.27
1795.94 4.32
1813.9 4.48
1832.03 4.61
1850.36 4.8
1868.86 4.94
1887.55 4.93
1906.42 5.02
1925.49 5.19
1944.74 5.35
1964.19 5.45
1983.83 5.54
2003.67 5.53
2023.71 5.58
2043.94 5.78
2064.38 5.92
2085.03 6.07
2105.88 6.26
2126.94 6.45
2148.2 6.61
2169.69 6.8
2191.38 7.01
2213.3 7.14
2235.43 7.34
2257.78 7.61
2280.36 7.81
2303.17 7.98
2326.2 8.16
2349.46 8.35
2372.95 8.59
2396.68 8.8
2420.65 8.92
2444.86 9.05
2469.31 9.18
2494 9.35
2518.94 9.5
2544.13 9.69
2569.57 9.9
2595.27 10.1
2621.22 10.36
2647.43 10.57
2673.9 10.75
2700.64 10.94
2727.65 11.13
2754.93 11.32
2782.48 11.48
2810.3 11.62
2838.4 11.72
2866.79 11.77
2895.46 11.78
2924.41 11.8
2953.65 11.9
2983.19 11.98
3013.02 12.04
3043.15 12.12
3073.58 12.2
3104.32 12.26
3135.36 12.24
3166.72 12.25
3198.38 12.26
3230.37 12.24
3262.67 12.13
3295.3 11.99
3328.25 11.88
3361.53 11.74
3395.15 11.52
3429.1 11.28
3463.39 11.09
3498.03 10.86
3533.01 10.63
3568.34 10.36
3604.02 9.88
3640.06 9.53
3676.46 9.11
3713.22 8.51
3750.36 8.02
3787.86 7.38
3825.74 6.63
3864 6.25
3902.64 6.16
3941.66 5.85
3981.08 5.26
4020.89 4.7
4061.1 4.18
4101.71 3.68
4142.73 3.23
4184.15 2.78
4226 2.23
4268.26 1.79
4310.94 1.44
4354.05 0.99
4397.59 0.61
4441.56 0.29
4485.98 -0.15
4530.84 -0.71
4576.15 -0.97
4621.91 -1.08
4668.13 -1.32
4714.81 -1.36
4761.96 -1.28
4809.58 -1.23
4857.67 -1.31
4906.25 -1.17
4955.31 -0.77
5004.87 0.05
5054.91 0.74
5105.46 1.11
5156.52 1.2
5208.08 1.1
5260.16 1.03
5312.77 1
5365.89 1.07
5419.55 1.22
5473.75 1.5
5528.49 2.27
5583.77 2.8
5639.61 2.56
5696 2.16
5752.96 1.85
5810.49 1.47
5868.6 1.43
5927.28 1.35
5986.56 1.28
6046.42 1.14
6106.89 1.12
6167.96 1.06
6229.64 0.92
6291.93 1.14
6354.85 1.38
6418.4 1.34
6482.58 1.29
6547.41 1.11
6612.88 0.71
6679.01 0.47
6745.8 -0.15
6813.26 -0.87
6881.39 -1.11
6950.21 -1.49
7019.71 -1.89
7089.91 -2.42
7160.81 -2.96
7232.41 -3.78
7304.74 -4.56
7377.79 -5.24
7451.56 -6.21
7526.08 -7.11
7601.34 -7.87
7677.35 -8.88
7754.13 -9.71
7831.67 -10.51
7909.98 -10.85
7989.08 -10.69
8068.98 -10.44
8149.67 -10.01
8231.16 -8.22
8313.47 -6.59
8396.61 -5.61
8480.57 -4.51
8565.38 -3.84
8651.03 -4.05
8737.54 -4.99
8824.92 -5.57
8913.17 -5.19
9002.3 -4.59
9092.32 -3.73
9183.25 -3.25
9275.08 -2.09
9367.83 -1.33
9461.51 -1.57
9556.12 -2.22
9651.68 -2.93
9748.2 -3.62
9845.68 -4.33
9944.14 -4.88
10043.58 -5.26
10144.02 -5.21
10245.46 -5.04
10347.91 -4.67
10451.39 -4.41
10555.91 -4.2
10661.46 -3.71
10768.08 -2.93
10875.76 -2.08
10984.52 -1.11
11094.36 -0.69
11205.31 -0.84
11317.36 -1
11430.53 -0.91
11544.84 -0.97
11660.29 -1.01
11776.89 -1.13
11894.66 -1.73
12013.6 -2.46
12133.74 -3.56
12255.08 -4.77
12377.63 -6.15
12501.41 -7.36
12626.42 -8.89
12752.68 -9.54
12880.21 -10.48
13009.01 -12.02
13139.1 -11.77
13270.49 -11.48
13403.2 -11
13537.23 -12.05
13672.6 -12.64
13809.33 -13.37
13947.42 -13.33
14086.9 -11.05
14227.77 -9.61
14370.04 -8.21
14513.74 -7.25
14658.88 -7.5
14805.47 -7.96
14953.52 -8.56
15103.06 -9.3
15254.09 -10.41
15406.63 -12.12
15560.7 -14.28
15716.3 -15.89
15873.47 -17.09
16032.2 -17.85
16192.52 -17.76
16354.45 -19.05
16517.99 -19.28
16683.17 -18.83
16850.01 -17.98
17018.51 -17.02
17188.69 -16.08
17360.58 -15.51
17534.18 -14.97
17709.53 -14.25
17886.62 -13.2
18065.49 -11.78
18246.14 -10.88
18428.6 -11.01
18612.89 -11.58
18799.02 -11.73
18987.01 -11.88
19176.88 -12.21
19368.65 -12.67
19562.33 -13.25
19757.96 -13.36
19955.54 -13.4