20 -8.56
20.2 -8.44
20.4 -8.31
20.61 -8.19
20.81 -8.06
21.02 -7.93
21.23 -7.71
21.44 -7.49
21.66 -7.27
21.87 -7.06
22.09 -6.91
22.31 -6.87
22.54 -6.83
22.76 -6.79
22.99 -6.75
23.22 -6.6
23.45 -6.43
23.69 -6.27
23.92 -6.11
24.16 -5.97
24.4 -5.84
24.65 -5.71
24.89 -5.59
25.14 -5.39
25.39 -5.16
25.65 -4.92
25.91 -4.69
26.16 -4.57
26.43 -4.51
26.69 -4.46
26.96 -4.41
27.23 -4.31
27.5 -4.2
27.77 -4.09
28.05 -3.97
28.33 -3.78
28.62 -3.59
28.9 -3.4
29.19 -3.24
29.48 -3.1
29.78 -2.95
30.08 -2.81
30.38 -2.68
30.68 -2.55
30.99 -2.42
31.3 -2.29
31.61 -2.16
31.93 -2.03
32.24 -1.9
32.57 -1.78
32.89 -1.65
33.22 -1.52
33.55 -1.4
33.89 -1.27
34.23 -1.06
34.57 -0.81
34.92 -0.56
35.27 -0.55
35.62 -0.62
35.97 -0.69
36.33 -0.39
36.7 -0.06
37.06 0.21
37.43 0.18
37.81 0.16
38.19 0.2
38.57 0.3
38.95 0.41
39.34 0.52
39.74 0.63
40.14 0.75
40.54 0.87
40.94 0.98
41.35 0.96
41.76 0.92
42.18 1.04
42.6 1.35
43.03 1.63
43.46 1.49
43.9 1.34
44.33 1.54
44.78 1.84
45.23 1.92
45.68 1.77
46.13 1.71
46.6 1.86
47.06 1.99
47.53 2
48.01 2
48.49 2.16
48.97 2.31
49.46 2.4
49.96 2.48
50.46 2.39
50.96 2.28
51.47 2.34
51.99 2.42
52.51 2.61
53.03 2.79
53.56 2.79
54.1 2.77
54.64 2.66
55.18 2.65
55.74 2.82
56.29 2.9
56.86 2.9
57.42 2.9
58 2.9
58.58 2.9
59.16 2.88
59.76 2.8
60.35 2.82
60.96 2.9
61.57 2.96
62.18 3
62.8 3
63.43 3
64.07 3
64.71 3.04
65.35 3
66.01 2.88
66.67 2.79
67.33 2.76
68.01 2.79
68.69 2.79
69.37 2.79
70.07 2.79
70.77 2.79
71.48 2.85
72.19 2.83
72.91 2.49
73.64 2.54
74.38 2.59
75.12 2.62
75.87 2.73
76.63 2.49
77.4 2.31
78.17 2.29
78.95 2.38
79.74 2.38
80.54 2.33
81.35 2.26
82.16 2.16
82.98 1.98
83.81 1.97
84.65 2.05
85.5 2.18
86.35 2.17
87.22 1.93
88.09 1.72
88.97 1.83
89.86 1.8
90.76 1.71
91.66 1.69
92.58 1.7
93.51 1.7
94.44 1.7
95.39 1.69
96.34 1.67
97.3 1.6
98.28 1.53
99.26 1.46
100.25 1.4
101.25 1.22
102.27 1.15
103.29 1.28
104.32 1.24
105.37 0.95
106.42 0.99
107.48 0.96
108.56 0.88
109.64 0.83
110.74 0.71
111.85 0.63
112.97 0.53
114.1 0.51
115.24 0.51
116.39 0.51
117.55 0.49
118.73 0.43
119.92 0.37
121.12 0.33
122.33 0.34
123.55 0.34
124.79 0.35
126.03 0.36
127.29 0.36
128.57 0.37
129.85 0.38
131.15 0.4
132.46 0.53
133.79 0.53
135.12 0.29
136.48 0.3
137.84 0.3
139.22 0.3
140.61 0.3
142.02 0.3
143.44 0.18
144.87 0.02
146.32 0.13
147.78 0.2
149.26 0.2
150.75 0.2
152.26 0.2
153.78 0.2
155.32 0.34
156.88 0.41
158.44 0.19
160.03 0.1
161.63 0.1
163.24 0
164.88 -0.18
166.53 -0.17
168.19 -0.1
169.87 -0.03
171.57 -0.14
173.29 -0.28
175.02 -0.34
176.77 -0.34
178.54 -0.34
180.32 -0.34
182.13 -0.34
183.95 -0.33
185.79 -0.31
187.65 -0.3
189.52 -0.28
191.42 -0.28
193.33 -0.38
195.27 -0.33
197.22 -0.18
199.19 -0.11
201.18 -0.11
203.19 -0.1
205.23 -0.1
207.28 -0.02
209.35 0.02
211.44 -0.15
213.56 -0.21
215.69 -0.21
217.85 -0.22
220.03 -0.22
222.23 -0.22
224.45 -0.42
226.7 -0.48
228.96 -0.33
231.25 -0.24
233.57 -0.47
235.9 -0.72
238.26 -0.75
240.64 -0.72
243.05 -0.7
245.48 -0.71
247.93 -0.7
250.41 -0.68
252.92 -0.66
255.45 -0.28
258 0.02
260.58 0.17
263.19 0.11
265.82 0.22
268.48 0.04
271.16 -0.03
273.87 -0.29
276.61 -0.31
279.38 -0.02
282.17 0.06
284.99 0.06
287.84 0.07
290.72 0.08
293.63 0.28
296.57 0.06
299.53 -0.08
302.53 0.09
305.55 0.14
308.61 0.15
311.69 0.16
314.81 0.16
317.96 0.16
321.14 0.16
324.35 0.16
327.59 0.08
330.87 0
334.18 0.16
337.52 0.26
340.9 0.32
344.3 0.42
347.75 0.28
351.23 0.17
354.74 0.16
358.28 0.16
361.87 0.17
365.49 0.17
369.14 0.18
372.83 0.07
376.56 0.08
380.33 0.36
384.13 0.4
387.97 0.27
391.85 0.22
395.77 0.22
399.73 0.22
403.72 0.21
407.76 0.18
411.84 0.2
415.96 0.23
420.12 0.24
424.32 0.29
428.56 0.2
432.85 0.15
437.18 0.17
441.55 0.16
445.96 0.25
450.42 0.39
454.93 0.46
459.48 0.52
464.07 0.56
468.71 0.6
473.4 0.7
478.13 0.83
482.91 0.9
487.74 1.01
492.62 1.1
497.55 1.05
502.52 0.99
507.55 1.03
512.62 1.14
517.75 1.17
522.93 1.25
528.16 1.26
533.44 1.25
538.77 1.22
544.16 1.18
549.6 1.14
555.1 1.22
560.65 1.19
566.25 1.04
571.92 0.96
577.64 1.01
583.41 1.06
589.25 1.06
595.14 1.05
601.09 1.05
607.1 1.09
613.17 1.11
619.3 1.03
625.5 1.02
631.75 1.04
638.07 1.08
644.45 1.07
650.89 1.02
657.4 1.07
663.98 1.16
670.62 1.21
677.32 1.26
684.1 1.3
690.94 1.34
697.85 1.38
704.83 1.39
711.87 1.4
718.99 1.39
726.18 1.4
733.44 1.41
740.78 1.34
748.19 1.23
755.67 1.09
763.23 1.05
770.86 1.03
778.57 0.86
786.35 0.72
794.22 0.53
802.16 0.34
810.18 0.22
818.28 0.09
826.46 -0.03
834.73 -0.02
843.08 0.01
851.51 0.01
860.02 -0.02
868.62 -0.05
877.31 0.01
886.08 0.07
894.94 0.08
903.89 0.07
912.93 0.02
922.06 -0.03
931.28 -0.04
940.59 -0.04
950 -0.08
959.5 -0.13
969.09 -0.13
978.78 -0.09
988.57 0
998.46 0.01
1008.44 0.01
1018.53 0.12
1028.71 0.17
1039 0.2
1049.39 0.24
1059.88 0.31
1070.48 0.41
1081.19 0.53
1092 0.56
1102.92 0.58
1113.95 0.61
1125.09 0.62
1136.34 0.62
1147.7 0.59
1159.18 0.65
1170.77 0.7
1182.48 0.71
1194.3 0.65
1206.25 0.6
1218.31 0.64
1230.49 0.68
1242.8 0.67
1255.22 0.72
1267.78 0.79
1280.45 0.85
1293.26 0.9
1306.19 0.89
1319.25 0.93
1332.45 1.04
1345.77 1.08
1359.23 1.09
1372.82 1.08
1386.55 1.02
1400.41 1
1414.42 1.01
1428.56 1.05
1442.85 1.02
1457.28 0.91
1471.85 0.99
1486.57 1.09
1501.43 1.16
1516.45 1.08
1531.61 1.03
1546.93 0.98
1562.4 0.95
1578.02 0.96
1593.8 0.94
1609.74 0.91
1625.84 0.86
1642.1 0.9
1658.52 0.93
1675.1 0.81
1691.85 0.8
1708.77 0.82
1725.86 0.76
1743.12 0.76
1760.55 0.72
1778.15 0.63
1795.94 0.51
1813.9 0.34
1832.03 0.2
1850.36 0.16
1868.86 0.18
1887.55 0.2
1906.42 0.28
1925.49 0.39
1944.74 0.41
1964.19 0.43
1983.83 0.51
2003.67 0.55
2023.71 0.58
2043.94 0.6
2064.38 0.64
2085.03 0.67
2105.88 0.77
2126.94 0.91
2148.2 1
2169.69 1.07
2191.38 1.19
2213.3 1.39
2235.43 1.45
2257.78 1.58
2280.36 1.77
2303.17 1.83
2326.2 1.98
2349.46 2.16
2372.95 2.29
2396.68 2.45
2420.65 2.65
2444.86 2.84
2469.31 2.97
2494 3.05
2518.94 3.19
2544.13 3.35
2569.57 3.52
2595.27 3.63
2621.22 3.68
2647.43 3.8
2673.9 3.97
2700.64 4.14
2727.65 4.37
2754.93 4.71
2782.48 5.01
2810.3 5.25
2838.4 5.41
2866.79 5.64
2895.46 5.89
2924.41 6.1
2953.65 6.26
2983.19 6.42
3013.02 6.68
3043.15 6.93
3073.58 7.24
3104.32 7.53
3135.36 7.75
3166.72 7.91
3198.38 8.06
3230.37 8.18
3262.67 8.31
3295.3 8.41
3328.25 8.43
3361.53 8.42
3395.15 8.43
3429.1 8.45
3463.39 8.43
3498.03 8.34
3533.01 8.13
3568.34 7.91
3604.02 7.54
3640.06 7.15
3676.46 6.82
3713.22 6.43
3750.36 5.81
3787.86 5.36
3825.74 4.96
3864 4.64
3902.64 4.44
3941.66 4.31
3981.08 4.05
4020.89 3.68
4061.1 3.26
4101.71 2.89
4142.73 2.56
4184.15 2.41
4226 2.36
4268.26 1.99
4310.94 1.34
4354.05 0.86
4397.59 0.22
4441.56 -0.5
4485.98 -0.92
4530.84 -1.48
4576.15 -2.03
4621.91 -2.35
4668.13 -2.79
4714.81 -3.34
4761.96 -3.62
4809.58 -3.76
4857.67 -3.96
4906.25 -4.12
4955.31 -4.11
5004.87 -3.84
5054.91 -3.16
5105.46 -2.01
5156.52 -1.13
5208.08 0.02
5260.16 1.15
5312.77 1.82
5365.89 2.68
5419.55 2.66
5473.75 2.44
5528.49 2.41
5583.77 2.6
5639.61 2.68
5696 2.15
5752.96 2.28
5810.49 2.06
5868.6 1.55
5927.28 1.29
5986.56 1.14
6046.42 0.9
6106.89 0.53
6167.96 0.05
6229.64 -0.4
6291.93 -0.82
6354.85 -1.37
6418.4 -1.79
6482.58 -2.02
6547.41 -2.35
6612.88 -2.55
6679.01 -2.72
6745.8 -2.82
6813.26 -3.04
6881.39 -3.15
6950.21 -3.09
7019.71 -2.94
7089.91 -2.68
7160.81 -2.44
7232.41 -2.09
7304.74 -1.8
7377.79 -1.53
7451.56 -1.3
7526.08 -1.06
7601.34 -0.88
7677.35 -0.65
7754.13 -0.29
7831.67 0.03
7909.98 0.18
7989.08 0.48
8068.98 0.56
8149.67 0.58
8231.16 0.58
8313.47 0.57
8396.61 0.44
8480.57 0.05
8565.38 -0.43
8651.03 -0.64
8737.54 -0.69
8824.92 -0.11
8913.17 0.23
9002.3 0.04
9092.32 -0.42
9183.25 -0.69
9275.08 -0.11
9367.83 0.81
9461.51 0.94
9556.12 0.48
9651.68 -0.14
9748.2 -0.71
9845.68 -0.77
9944.14 -0.43
10043.58 0.11
10144.02 0.68
10245.46 0.9
10347.91 0.94
10451.39 0.46
10555.91 -0.04
10661.46 -0.38
10768.08 -0.57
10875.76 -1.23
10984.52 -1.6
11094.36 -1.83
11205.31 -2.04
11317.36 -2.32
11430.53 -3.01
11544.84 -4.16
11660.29 -5.29
11776.89 -5.98
11894.66 -6.88
12013.6 -7.87
12133.74 -8.43
12255.08 -9.18
12377.63 -9.34
12501.41 -9.33
12626.42 -9.55
12752.68 -9.81
12880.21 -9.86
13009.01 -9.94
13139.1 -9.87
13270.49 -9.86
13403.2 -10.02
13537.23 -10.04
13672.6 -9.97
13809.33 -10.18
13947.42 -10.3
14086.9 -10.58
14227.77 -10.59
14370.04 -9.99
14513.74 -9.2
14658.88 -8.89
14805.47 -9.07
14953.52 -9.14
15103.06 -9.69
15254.09 -11.27
15406.63 -11.95
15560.7 -12.21
15716.3 -12.61
15873.47 -12.99
16032.2 -13.01
16192.52 -13.11
16354.45 -14
16517.99 -14.76
16683.17 -15.75
16850.01 -16.18
17018.51 -15.58
17188.69 -15.7
17360.58 -16.26
17534.18 -16.28
17709.53 -15.62
17886.62 -15.46
18065.49 -15.07
18246.14 -14.46
18428.6 -13.71
18612.89 -13.89
18799.02 -14.76
18987.01 -15.06
19176.88 -14.11
19368.65 -14.4
19562.33 -15.52
19757.96 -15.44
19955.54 -15.49