20 -18.33
20.2 -18.16
20.4 -18
20.61 -17.83
20.81 -17.67
21.02 -17.51
21.23 -17.36
21.44 -17.21
21.66 -17.06
21.87 -16.91
22.09 -16.77
22.31 -16.65
22.54 -16.54
22.76 -16.42
22.99 -16.31
23.22 -16.15
23.45 -15.99
23.69 -15.83
23.92 -15.67
24.16 -15.53
24.4 -15.4
24.65 -15.27
24.89 -15.15
25.14 -15.01
25.39 -14.86
25.65 -14.71
25.91 -14.56
26.16 -14.43
26.43 -14.3
26.69 -14.18
26.96 -14.05
27.23 -13.95
27.5 -13.85
27.77 -13.76
28.05 -13.64
28.33 -13.45
28.62 -13.26
28.9 -13.07
29.19 -12.91
29.48 -12.76
29.78 -12.61
30.08 -12.44
30.38 -12.22
30.68 -11.99
30.99 -11.76
31.3 -11.66
31.61 -11.57
31.93 -11.48
32.24 -11.36
32.57 -11.24
32.89 -11.11
33.22 -10.96
33.55 -10.8
33.89 -10.64
34.23 -10.51
34.57 -10.39
34.92 -10.27
35.27 -10.13
35.62 -9.99
35.97 -9.84
36.33 -9.62
36.7 -9.39
37.06 -9.19
37.43 -9.12
37.81 -9.05
38.19 -8.91
38.57 -8.69
38.95 -8.48
39.34 -8.38
39.74 -8.3
40.14 -8.18
40.54 -7.97
40.94 -7.77
41.35 -7.61
41.76 -7.46
42.18 -7.34
42.6 -7.25
43.03 -7.14
43.46 -6.93
43.9 -6.72
44.33 -6.56
44.78 -6.42
45.23 -6.3
45.68 -6.19
46.13 -6.11
46.6 -6.05
47.06 -5.99
47.53 -5.8
48.01 -5.61
48.49 -5.4
48.97 -5.2
49.46 -5.13
49.96 -5.07
50.46 -4.89
50.96 -4.71
51.47 -4.48
51.99 -4.24
52.51 -4.04
53.03 -3.84
53.56 -3.65
54.1 -3.46
54.64 -3.3
55.18 -3.11
55.74 -2.87
56.29 -2.69
56.86 -2.56
57.42 -2.44
58 -2.31
58.58 -2.19
59.16 -2.08
59.76 -1.96
60.35 -1.83
60.96 -1.7
61.57 -1.55
62.18 -1.41
62.8 -1.29
63.43 -1.14
64.07 -0.98
64.71 -0.9
65.35 -0.8
66.01 -0.68
66.67 -0.6
67.33 -0.5
68.01 -0.38
68.69 -0.31
69.37 -0.21
70.07 -0.08
70.77 0.02
71.48 0.11
72.19 0.18
72.91 0.21
73.64 0.31
74.38 0.43
75.12 0.53
75.87 0.59
76.63 0.65
77.4 0.72
78.17 0.77
78.95 0.77
79.74 0.77
80.54 0.79
81.35 0.83
82.16 0.87
82.98 0.87
83.81 0.87
84.65 0.87
85.5 0.87
86.35 0.91
87.22 0.97
88.09 0.98
88.97 0.98
89.86 0.98
90.76 0.93
91.66 0.89
92.58 0.88
93.51 0.88
94.44 0.88
95.39 0.88
96.34 0.88
97.3 0.86
98.28 0.82
99.26 0.75
100.25 0.73
101.25 0.71
102.27 0.68
103.29 0.62
104.32 0.55
105.37 0.46
106.42 0.42
107.48 0.39
108.56 0.37
109.64 0.33
110.74 0.25
111.85 0.18
112.97 0.1
114.1 0.1
115.24 0.08
116.39 0.02
117.55 0
118.73 -0.01
119.92 -0.08
121.12 -0.08
122.33 -0.08
123.55 -0.11
124.79 -0.16
126.03 -0.23
127.29 -0.24
128.57 -0.27
129.85 -0.39
131.15 -0.43
132.46 -0.43
133.79 -0.42
135.12 -0.46
136.48 -0.52
137.84 -0.6
139.22 -0.61
140.61 -0.64
142.02 -0.71
143.44 -0.71
144.87 -0.71
146.32 -0.78
147.78 -0.81
149.26 -0.84
150.75 -0.9
152.26 -0.91
153.78 -0.91
155.32 -0.91
156.88 -0.91
158.44 -0.98
160.03 -1.07
161.63 -1.1
163.24 -1.12
164.88 -1.12
166.53 -1.2
168.19 -1.29
169.87 -1.34
171.57 -1.34
173.29 -1.35
175.02 -1.36
176.77 -1.39
178.54 -1.51
180.32 -1.56
182.13 -1.55
183.95 -1.54
185.79 -1.53
187.65 -1.52
189.52 -1.51
191.42 -1.56
193.33 -1.64
195.27 -1.66
197.22 -1.64
199.19 -1.63
201.18 -1.63
203.19 -1.7
205.23 -1.79
207.28 -1.82
209.35 -1.82
211.44 -1.83
213.56 -1.83
215.69 -1.83
217.85 -1.9
220.03 -1.93
222.23 -1.94
224.45 -2.01
226.7 -2.04
228.96 -2.09
231.25 -2.12
233.57 -2.12
235.9 -2.11
238.26 -2.17
240.64 -2.18
243.05 -2.2
245.48 -2.29
247.93 -2.32
250.41 -2.3
252.92 -2.28
255.45 -2.32
258 -2.37
260.58 -2.45
263.19 -2.46
265.82 -2.46
268.48 -2.46
271.16 -2.53
273.87 -2.58
276.61 -2.66
279.38 -2.73
282.17 -2.76
284.99 -2.76
287.84 -2.75
290.72 -2.74
293.63 -2.85
296.57 -2.91
299.53 -2.91
302.53 -3
305.55 -3.08
308.61 -3.08
311.69 -3.12
314.81 -3.18
317.96 -3.25
321.14 -3.27
324.35 -3.23
327.59 -3.14
330.87 -2.96
334.18 -2.7
337.52 -2.58
340.9 -2.49
344.3 -2.5
347.75 -2.71
351.23 -2.76
354.74 -2.66
358.28 -2.54
361.87 -2.62
365.49 -2.76
369.14 -2.84
372.83 -2.82
376.56 -2.61
380.33 -2.51
384.13 -2.5
387.97 -2.43
391.85 -2.38
395.77 -2.44
399.73 -2.5
403.72 -2.58
407.76 -2.64
411.84 -2.7
415.96 -2.78
420.12 -2.82
424.32 -2.81
428.56 -2.82
432.85 -2.79
437.18 -2.75
441.55 -2.63
445.96 -2.47
450.42 -2.42
454.93 -2.36
459.48 -2.24
464.07 -2.12
468.71 -2
473.4 -1.93
478.13 -1.87
482.91 -1.84
487.74 -1.87
492.62 -1.85
497.55 -1.82
502.52 -1.8
507.55 -1.78
512.62 -1.76
517.75 -1.75
522.93 -1.77
528.16 -1.85
533.44 -1.88
538.77 -1.91
544.16 -1.95
549.6 -2.08
555.1 -2.18
560.65 -2.29
566.25 -2.35
571.92 -2.47
577.64 -2.55
583.41 -2.55
589.25 -2.58
595.14 -2.66
601.09 -2.68
607.1 -2.67
613.17 -2.66
619.3 -2.64
625.5 -2.61
631.75 -2.55
638.07 -2.37
644.45 -2.31
650.89 -2.27
657.4 -2.09
663.98 -1.97
670.62 -1.87
677.32 -1.78
684.1 -1.72
690.94 -1.69
697.85 -1.73
704.83 -1.73
711.87 -1.73
718.99 -1.74
726.18 -1.7
733.44 -1.63
740.78 -1.56
748.19 -1.53
755.67 -1.62
763.23 -1.71
770.86 -1.73
778.57 -1.75
786.35 -1.66
794.22 -1.56
802.16 -1.42
810.18 -1.25
818.28 -1.21
826.46 -1.19
834.73 -1.12
843.08 -1.1
851.51 -1.1
860.02 -1.03
868.62 -0.91
877.31 -0.82
886.08 -0.77
894.94 -0.7
903.89 -0.63
912.93 -0.56
922.06 -0.42
931.28 -0.19
940.59 0
950 0.05
959.5 0.06
969.09 0.1
978.78 0.08
988.57 0.01
998.46 0
1008.44 -0.05
1018.53 -0.11
1028.71 -0.14
1039 -0.19
1049.39 -0.25
1059.88 -0.32
1070.48 -0.33
1081.19 -0.33
1092 -0.27
1102.92 -0.17
1113.95 -0.12
1125.09 0.05
1136.34 0.29
1147.7 0.45
1159.18 0.54
1170.77 0.63
1182.48 0.73
1194.3 0.8
1206.25 0.8
1218.31 0.78
1230.49 0.72
1242.8 0.76
1255.22 0.78
1267.78 0.75
1280.45 0.75
1293.26 0.67
1306.19 0.62
1319.25 0.65
1332.45 0.74
1345.77 0.84
1359.23 0.95
1372.82 1.1
1386.55 1.17
1400.41 1.22
1414.42 1.23
1428.56 1.32
1442.85 1.33
1457.28 1.24
1471.85 1.26
1486.57 1.19
1501.43 1.06
1516.45 0.93
1531.61 0.73
1546.93 0.83
1562.4 1.25
1578.02 1.53
1593.8 1.67
1609.74 1.75
1625.84 1.83
1642.1 1.73
1658.52 1.45
1675.1 1.27
1691.85 1.04
1708.77 0.84
1725.86 0.64
1743.12 0.42
1760.55 0.27
1778.15 0.25
1795.94 0.34
1813.9 0.38
1832.03 0.36
1850.36 0.42
1868.86 0.38
1887.55 0.31
1906.42 0.22
1925.49 0.05
1944.74 0.03
1964.19 0.08
1983.83 0.09
2003.67 0.11
2023.71 -0.01
2043.94 -0.02
2064.38 0.15
2085.03 0.31
2105.88 0.41
2126.94 0.48
2148.2 0.62
2169.69 0.79
2191.38 0.91
2213.3 1.22
2235.43 1.43
2257.78 1.44
2280.36 1.49
2303.17 1.63
2326.2 1.54
2349.46 1.47
2372.95 1.48
2396.68 1.53
2420.65 1.63
2444.86 1.81
2469.31 1.95
2494 2.03
2518.94 2.17
2544.13 2.33
2569.57 2.5
2595.27 2.56
2621.22 2.72
2647.43 2.98
2673.9 3.17
2700.64 3.29
2727.65 3.58
2754.93 4.14
2782.48 4.66
2810.3 5.01
2838.4 5.24
2866.79 5.5
2895.46 5.88
2924.41 6.14
2953.65 6.38
2983.19 6.69
3013.02 7.07
3043.15 7.37
3073.58 7.65
3104.32 7.8
3135.36 8.09
3166.72 8.25
3198.38 8.24
3230.37 8.36
3262.67 8.55
3295.3 8.68
3328.25 8.79
3361.53 8.92
3395.15 9.2
3429.1 9.39
3463.39 9.66
3498.03 9.75
3533.01 9.67
3568.34 9.59
3604.02 9.51
3640.06 9.61
3676.46 9.76
3713.22 9.79
3750.36 9.66
3787.86 9.55
3825.74 9.43
3864 9.52
3902.64 9.61
3941.66 9.67
3981.08 9.7
4020.89 9.65
4061.1 9.64
4101.71 9.83
4142.73 9.88
4184.15 9.79
4226 9.85
4268.26 9.74
4310.94 9.59
4354.05 9.43
4397.59 9.21
4441.56 8.87
4485.98 8.52
4530.84 8.07
4576.15 7.54
4621.91 6.92
4668.13 6.36
4714.81 5.58
4761.96 4.83
4809.58 4.28
4857.67 3.64
4906.25 3.13
4955.31 2.8
5004.87 2.42
5054.91 2.1
5105.46 1.6
5156.52 1.14
5208.08 0.88
5260.16 0.95
5312.77 0.95
5365.89 1.04
5419.55 1.29
5473.75 1.19
5528.49 0.99
5583.77 0.68
5639.61 0.34
5696 -0.15
5752.96 -1.21
5810.49 -2.41
5868.6 -3.8
5927.28 -4.26
5986.56 -3.55
6046.42 -2.11
6106.89 0.2
6167.96 2.33
6229.64 2.87
6291.93 2.39
6354.85 1.61
6418.4 1.23
6482.58 1.98
6547.41 3.76
6612.88 4.97
6679.01 5.22
6745.8 5.08
6813.26 4.88
6881.39 5.26
6950.21 6.14
7019.71 7.1
7089.91 6.99
7160.81 6.15
7232.41 5.48
7304.74 4.81
7377.79 4.41
7451.56 3.92
7526.08 3.33
7601.34 2.83
7677.35 2.66
7754.13 2.71
7831.67 2.87
7909.98 3.15
7989.08 3.83
8068.98 4.48
8149.67 4.98
8231.16 5.48
8313.47 6.01
8396.61 6.34
8480.57 6.5
8565.38 6.66
8651.03 6.84
8737.54 6.97
8824.92 6.94
8913.17 7.17
9002.3 7.52
9092.32 7.92
9183.25 8.47
9275.08 9.02
9367.83 9.36
9461.51 9.3
9556.12 8.93
9651.68 8.33
9748.2 6.84
9845.68 4.3
9944.14 2.62
10043.58 0.77
10144.02 -1.15
10245.46 -2.35
10347.91 -3.07
10451.39 -3.06
10555.91 -2.43
10661.46 -2.57
10768.08 -2.87
10875.76 -4.15
10984.52 -4.79
11094.36 -5.58
11205.31 -6.7
11317.36 -6.91
11430.53 -6.56
11544.84 -6.28
11660.29 -6.04
11776.89 -5.87
11894.66 -5.68
12013.6 -5.12
12133.74 -4.72
12255.08 -4.31
12377.63 -3.82
12501.41 -3.69
12626.42 -3.6
12752.68 -3.79
12880.21 -4.11
13009.01 -4.61
13139.1 -5.24
13270.49 -5.56
13403.2 -5.77
13537.23 -5.81
13672.6 -5.71
13809.33 -6.27
13947.42 -6.79
14086.9 -6.52
14227.77 -6.68
14370.04 -7.83
14513.74 -8.26
14658.88 -7.86
14805.47 -7.57
14953.52 -6.65
15103.06 -5.38
15254.09 -5.33
15406.63 -5.11
15560.7 -4.8
15716.3 -5.28
15873.47 -5.63
16032.2 -6.75
16192.52 -6.91
16354.45 -6.81
16517.99 -6.92
16683.17 -6.9
16850.01 -7.04
17018.51 -7.26
17188.69 -6.73
17360.58 -5.99
17534.18 -5.31
17709.53 -4.62
17886.62 -4.46
18065.49 -4.41
18246.14 -4.02
18428.6 -3.41
18612.89 -3.04
18799.02 -2.83
18987.01 -3.08
19176.88 -4.5
19368.65 -5.83
19562.33 -7.6
19757.96 -7.87
19955.54 -7.73