20 8.94
20.2 8.96
20.4 8.98
20.61 9
20.81 9.02
21.02 9.04
21.23 9.04
21.44 9.04
21.66 9.04
21.87 9.04
22.09 9.04
22.31 9.04
22.54 9.04
22.76 9.04
22.99 9.04
23.22 9.04
23.45 9.04
23.69 9.04
23.92 9.04
24.16 9.04
24.4 9.04
24.65 9.04
24.89 9.04
25.14 9.04
25.39 9.04
25.65 9.04
25.91 9.04
26.16 9.04
26.43 9.04
26.69 9.04
26.96 9.04
27.23 9.04
27.5 9.04
27.77 9.04
28.05 9.04
28.33 9.05
28.62 9.05
28.9 9.06
29.19 9.04
29.48 9
29.78 8.97
30.08 8.93
30.38 8.89
30.68 8.86
30.99 8.82
31.3 8.83
31.61 8.83
31.93 8.84
32.24 8.84
32.57 8.84
32.89 8.84
33.22 8.84
33.55 8.84
33.89 8.84
34.23 8.84
34.57 8.85
34.92 8.86
35.27 8.81
35.62 8.74
35.97 8.67
36.33 8.66
36.7 8.65
37.06 8.64
37.43 8.64
37.81 8.64
38.19 8.64
38.57 8.64
38.95 8.64
39.34 8.63
39.74 8.62
40.14 8.59
40.54 8.51
40.94 8.44
41.35 8.43
41.76 8.43
42.18 8.43
42.6 8.43
43.03 8.43
43.46 8.4
43.9 8.37
44.33 8.32
44.78 8.26
45.23 8.23
45.68 8.23
46.13 8.23
46.6 8.22
47.06 8.21
47.53 8.16
48.01 8.11
48.49 8.11
48.97 8.1
49.46 8.07
49.96 8.03
50.46 7.97
50.96 7.91
51.47 7.94
51.99 7.97
52.51 7.9
53.03 7.83
53.56 7.8
54.1 7.77
54.64 7.74
55.18 7.71
55.74 7.72
56.29 7.7
56.86 7.64
57.42 7.57
58 7.49
58.58 7.5
59.16 7.52
59.76 7.56
60.35 7.52
60.96 7.44
61.57 7.37
62.18 7.31
62.8 7.3
63.43 7.26
64.07 7.23
64.71 7.22
65.35 7.18
66.01 7.12
66.67 7.11
67.33 7.08
68.01 7.03
68.69 6.93
69.37 6.91
70.07 6.94
70.77 6.96
71.48 6.9
72.19 6.8
72.91 6.69
73.64 6.71
74.38 6.74
75.12 6.73
75.87 6.58
76.63 6.52
77.4 6.53
78.17 6.55
78.95 6.53
79.74 6.45
80.54 6.34
81.35 6.29
82.16 6.31
82.98 6.32
83.81 6.28
84.65 6.2
85.5 6.14
86.35 6.13
87.22 6.14
88.09 6.05
88.97 5.89
89.86 5.91
90.76 5.93
91.66 5.93
92.58 5.8
93.51 5.72
94.44 5.73
95.39 5.75
96.34 5.72
97.3 5.62
98.28 5.57
99.26 5.47
100.25 5.46
101.25 5.38
102.27 5.29
103.29 5.23
104.32 5.19
105.37 5.2
106.42 5.18
107.48 5.04
108.56 4.89
109.64 4.87
110.74 4.88
111.85 4.87
112.97 4.69
114.1 4.61
115.24 4.64
116.39 4.63
117.55 4.58
118.73 4.46
119.92 4.45
121.12 4.49
122.33 4.44
123.55 4.32
124.79 4.24
126.03 4.28
127.29 4.31
128.57 4.27
129.85 4.1
131.15 4.09
132.46 4.13
133.79 4.16
135.12 4.08
136.48 3.94
137.84 3.91
139.22 3.94
140.61 3.97
142.02 3.93
143.44 3.76
144.87 3.7
146.32 3.75
147.78 3.74
149.26 3.66
150.75 3.55
152.26 3.54
153.78 3.56
155.32 3.47
156.88 3.37
158.44 3.31
160.03 3.32
161.63 3.34
163.24 3.35
164.88 3.28
166.53 3.23
168.19 3.15
169.87 3.11
171.57 3.05
173.29 2.98
175.02 2.87
176.77 2.85
178.54 2.9
180.32 2.87
182.13 2.82
183.95 2.8
185.79 2.75
187.65 2.72
189.52 2.66
191.42 2.65
193.33 2.67
195.27 2.64
197.22 2.6
199.19 2.54
201.18 2.51
203.19 2.52
205.23 2.5
207.28 2.44
209.35 2.37
211.44 2.33
213.56 2.31
215.69 2.31
217.85 2.32
220.03 2.18
222.23 2.1
224.45 2.09
226.7 2.1
228.96 2.1
231.25 2.12
233.57 2.1
235.9 1.93
238.26 1.93
240.64 1.97
243.05 1.99
245.48 1.93
247.93 1.92
250.41 1.9
252.92 1.84
255.45 1.86
258 1.89
260.58 1.84
263.19 1.79
265.82 1.78
268.48 1.78
271.16 1.77
273.87 1.7
276.61 1.65
279.38 1.58
282.17 1.57
284.99 1.58
287.84 1.59
290.72 1.6
293.63 1.48
296.57 1.43
299.53 1.43
302.53 1.45
305.55 1.46
308.61 1.4
311.69 1.37
314.81 1.35
317.96 1.3
321.14 1.28
324.35 1.28
327.59 1.24
330.87 1.19
334.18 1.17
337.52 1.17
340.9 1.17
344.3 1.15
347.75 1.09
351.23 1.02
354.74 0.98
358.28 0.97
361.87 0.98
365.49 0.99
369.14 0.92
372.83 0.9
376.56 0.91
380.33 0.92
384.13 0.92
387.97 0.93
391.85 0.86
395.77 0.76
399.73 0.73
403.72 0.73
407.76 0.73
411.84 0.72
415.96 0.72
420.12 0.67
424.32 0.64
428.56 0.57
432.85 0.56
437.18 0.58
441.55 0.61
445.96 0.66
450.42 0.71
454.93 0.73
459.48 0.67
464.07 0.69
468.71 0.74
473.4 0.81
478.13 0.86
482.91 0.91
487.74 0.93
492.62 0.9
497.55 0.91
502.52 0.93
507.55 0.95
512.62 0.94
517.75 0.82
522.93 0.77
528.16 0.76
533.44 0.75
538.77 0.72
544.16 0.68
549.6 0.59
555.1 0.49
560.65 0.43
566.25 0.38
571.92 0.34
577.64 0.31
583.41 0.28
589.25 0.17
595.14 0.06
601.09 0.05
607.1 0.06
613.17 0.07
619.3 0.09
625.5 0.12
631.75 0.15
638.07 0.1
644.45 0.04
650.89 0.06
657.4 0.11
663.98 0.16
670.62 0.21
677.32 0.26
684.1 0.31
690.94 0.34
697.85 0.31
704.83 0.3
711.87 0.3
718.99 0.29
726.18 0.28
733.44 0.25
740.78 0.23
748.19 0.2
755.67 0.13
763.23 0.06
770.86 0.03
778.57 0.01
786.35 0.01
794.22 0.05
802.16 0.1
810.18 0.12
818.28 0.12
826.46 0.12
834.73 0.05
843.08 0.02
851.51 0.02
860.02 0.01
868.62 0.01
877.31 0
886.08 0.05
894.94 0.08
903.89 0.08
912.93 0.07
922.06 0.07
931.28 0.07
940.59 0.07
950 0.07
959.5 0.07
969.09 0.01
978.78 -0.01
988.57 0
998.46 0
1008.44 -0.07
1018.53 -0.17
1028.71 -0.21
1039 -0.19
1049.39 -0.16
1059.88 -0.12
1070.48 -0.16
1081.19 -0.21
1092 -0.17
1102.92 -0.17
1113.95 -0.15
1125.09 -0.17
1136.34 -0.15
1147.7 -0.13
1159.18 -0.17
1170.77 -0.15
1182.48 -0.16
1194.3 -0.14
1206.25 -0.15
1218.31 -0.17
1230.49 -0.19
1242.8 -0.24
1255.22 -0.27
1267.78 -0.32
1280.45 -0.39
1293.26 -0.41
1306.19 -0.43
1319.25 -0.51
1332.45 -0.53
1345.77 -0.57
1359.23 -0.56
1372.82 -0.56
1386.55 -0.61
1400.41 -0.69
1414.42 -0.72
1428.56 -0.76
1442.85 -0.79
1457.28 -0.79
1471.85 -0.81
1486.57 -0.85
1501.43 -0.89
1516.45 -0.92
1531.61 -0.94
1546.93 -0.95
1562.4 -0.99
1578.02 -1.04
1593.8 -0.98
1609.74 -0.9
1625.84 -0.91
1642.1 -0.91
1658.52 -0.92
1675.1 -0.91
1691.85 -0.88
1708.77 -0.87
1725.86 -0.91
1743.12 -0.89
1760.55 -0.84
1778.15 -0.75
1795.94 -0.75
1813.9 -0.75
1832.03 -0.71
1850.36 -0.65
1868.86 -0.58
1887.55 -0.53
1906.42 -0.5
1925.49 -0.47
1944.74 -0.43
1964.19 -0.33
1983.83 -0.28
2003.67 -0.17
2023.71 -0.06
2043.94 0.08
2064.38 0.21
2085.03 0.32
2105.88 0.37
2126.94 0.5
2148.2 0.77
2169.69 0.85
2191.38 0.96
2213.3 1.1
2235.43 1.22
2257.78 1.33
2280.36 1.52
2303.17 1.87
2326.2 2.05
2349.46 2.04
2372.95 2.23
2396.68 2.41
2420.65 2.61
2444.86 2.82
2469.31 2.91
2494 2.98
2518.94 3.12
2544.13 3.21
2569.57 3.27
2595.27 3.4
2621.22 3.54
2647.43 3.74
2673.9 3.88
2700.64 4.01
2727.65 4.12
2754.93 4.23
2782.48 4.3
2810.3 4.26
2838.4 4.14
2866.79 3.96
2895.46 3.8
2924.41 3.71
2953.65 3.47
2983.19 3.35
3013.02 3.18
3043.15 2.81
3073.58 2.62
3104.32 2.49
3135.36 2.28
3166.72 2.11
3198.38 2
3230.37 1.77
3262.67 1.38
3295.3 1.05
3328.25 0.77
3361.53 0.48
3395.15 0.12
3429.1 -0.23
3463.39 -0.58
3498.03 -0.95
3533.01 -1.19
3568.34 -1.39
3604.02 -1.58
3640.06 -1.82
3676.46 -2.11
3713.22 -2.38
3750.36 -2.57
3787.86 -2.7
3825.74 -2.8
3864 -2.85
3902.64 -2.87
3941.66 -2.81
3981.08 -2.57
4020.89 -2.42
4061.1 -2.28
4101.71 -2
4142.73 -1.88
4184.15 -1.89
4226 -1.85
4268.26 -1.61
4310.94 -1.39
4354.05 -1.17
4397.59 -0.82
4441.56 -0.56
4485.98 -0.25
4530.84 0.28
4576.15 0.46
4621.91 0.46
4668.13 0.44
4714.81 0.76
4761.96 0.91
4809.58 0.95
4857.67 1.24
4906.25 1.46
4955.31 1.16
5004.87 0.88
5054.91 0.62
5105.46 0.3
5156.52 -0.2
5208.08 -0.72
5260.16 -1.05
5312.77 -1.42
5365.89 -1.97
5419.55 -2.4
5473.75 -2.8
5528.49 -3.3
5583.77 -3.72
5639.61 -4.17
5696 -4.77
5752.96 -5.27
5810.49 -5.74
5868.6 -6.36
5927.28 -6.77
5986.56 -7.14
6046.42 -7.48
6106.89 -7.89
6167.96 -8.35
6229.64 -8.71
6291.93 -9.01
6354.85 -9.31
6418.4 -9.59
6482.58 -9.9
6547.41 -10.2
6612.88 -10.49
6679.01 -10.81
6745.8 -11.11
6813.26 -11.29
6881.39 -11.44
6950.21 -11.54
7019.71 -11.6
7089.91 -11.66
7160.81 -11.64
7232.41 -11.58
7304.74 -11.63
7377.79 -11.7
7451.56 -11.78
7526.08 -11.8
7601.34 -11.78
7677.35 -11.66
7754.13 -11.46
7831.67 -11.35
7909.98 -11.13
7989.08 -10.77
8068.98 -10.23
8149.67 -9.67
8231.16 -8.99
8313.47 -8.16
8396.61 -7.57
8480.57 -6.98
8565.38 -6.46
8651.03 -6.05
8737.54 -5.66
8824.92 -5.19
8913.17 -4.71
9002.3 -4.24
9092.32 -3.57
9183.25 -2.93
9275.08 -2.52
9367.83 -2.55
9461.51 -2.91
9556.12 -3.28
9651.68 -3.34
9748.2 -3.25
9845.68 -3.38
9944.14 -3.76
10043.58 -4.64
10144.02 -5.39
10245.46 -5.99
10347.91 -6.48
10451.39 -6.83
10555.91 -7.04
10661.46 -7.04
10768.08 -7.05
10875.76 -6.99
10984.52 -6.95
11094.36 -6.87
11205.31 -6.87
11317.36 -6.79
11430.53 -6.63
11544.84 -6.63
11660.29 -6.71
11776.89 -6.82
11894.66 -6.92
12013.6 -7.2
12133.74 -7.91
12255.08 -9.14
12377.63 -10.84
12501.41 -12.14
12626.42 -13.92
12752.68 -15.56
12880.21 -16.59
13009.01 -16.62
13139.1 -16.68
13270.49 -16.8
13403.2 -17.2
13537.23 -17.94
13672.6 -17.66
13809.33 -17.63
13947.42 -17.22
14086.9 -16.47
14227.77 -15.61
14370.04 -14.32
14513.74 -13.46
14658.88 -12.85
14805.47 -12.53
14953.52 -12.47
15103.06 -11.26
15254.09 -10.04
15406.63 -9.79
15560.7 -10.15
15716.3 -10.67
15873.47 -11.88
16032.2 -12.38
16192.52 -12.48
16354.45 -12.89
16517.99 -13.45
16683.17 -14.81
16850.01 -15.9
17018.51 -17.03
17188.69 -18.24
17360.58 -19
17534.18 -19.42
17709.53 -19.78
17886.62 -20.28
18065.49 -21.11
18246.14 -22.44
18428.6 -24.05
18612.89 -24.19
18799.02 -22.19
18987.01 -20.74
19176.88 -21.17
19368.65 -20.27
19562.33 -18.37
19757.96 -14.69
19955.54 -14.25