20 -3.69
20.2 -3.63
20.4 -3.57
20.61 -3.51
20.81 -3.45
21.02 -3.38
21.23 -3.32
21.44 -3.26
21.66 -3.2
21.87 -3.14
22.09 -3.09
22.31 -3.05
22.54 -3.02
22.76 -2.99
22.99 -2.95
23.22 -2.91
23.45 -2.86
23.69 -2.82
23.92 -2.77
24.16 -2.71
24.4 -2.64
24.65 -2.57
24.89 -2.5
25.14 -2.44
25.39 -2.4
25.65 -2.35
25.91 -2.31
26.16 -2.27
26.43 -2.24
26.69 -2.21
26.96 -2.18
27.23 -2.16
27.5 -2.13
27.77 -2.11
28.05 -2.08
28.33 -2.02
28.62 -1.96
28.9 -1.9
29.19 -1.86
29.48 -1.83
29.78 -1.8
30.08 -1.77
30.38 -1.74
30.68 -1.71
30.99 -1.68
31.3 -1.65
31.61 -1.62
31.93 -1.59
32.24 -1.58
32.57 -1.58
32.89 -1.58
33.22 -1.54
33.55 -1.47
33.89 -1.4
34.23 -1.38
34.57 -1.38
34.92 -1.38
35.27 -1.38
35.62 -1.37
35.97 -1.37
36.33 -1.34
36.7 -1.31
37.06 -1.28
37.43 -1.28
37.81 -1.28
38.19 -1.28
38.57 -1.28
38.95 -1.28
39.34 -1.28
39.74 -1.28
40.14 -1.26
40.54 -1.2
40.94 -1.15
41.35 -1.15
41.76 -1.17
42.18 -1.18
42.6 -1.18
43.03 -1.18
43.46 -1.18
43.9 -1.18
44.33 -1.18
44.78 -1.18
45.23 -1.18
45.68 -1.18
46.13 -1.18
46.6 -1.18
47.06 -1.18
47.53 -1.18
48.01 -1.18
48.49 -1.17
48.97 -1.15
49.46 -1.27
49.96 -1.39
50.46 -1.46
50.96 -1.52
51.47 -1.47
51.99 -1.42
52.51 -1.58
53.03 -1.75
53.56 -1.84
54.1 -1.93
54.64 -1.98
55.18 -2
55.74 -1.97
56.29 -1.88
56.86 -1.72
57.42 -1.6
58 -1.5
58.58 -1.33
59.16 -1.17
59.76 -1.08
60.35 -1
60.96 -0.93
61.57 -0.85
62.18 -0.78
62.8 -0.76
63.43 -0.76
64.07 -0.78
64.71 -0.78
65.35 -0.79
66.01 -0.81
66.67 -0.69
67.33 -0.61
68.01 -0.56
68.69 -0.49
69.37 -0.51
70.07 -0.57
70.77 -0.5
71.48 -0.44
72.19 -0.39
72.91 -0.37
73.64 -0.38
74.38 -0.38
75.12 -0.38
75.87 -0.37
76.63 -0.29
77.4 -0.26
78.17 -0.27
78.95 -0.27
79.74 -0.28
80.54 -0.3
81.35 -0.25
82.16 -0.17
82.98 -0.17
83.81 -0.28
84.65 -0.29
85.5 -0.28
86.35 -0.27
87.22 -0.27
88.09 -0.27
88.97 -0.29
89.86 -0.29
90.76 -0.2
91.66 -0.17
92.58 -0.17
93.51 -0.17
94.44 -0.12
95.39 -0.05
96.34 -0.06
97.3 -0.08
98.28 -0.09
99.26 -0.1
100.25 -0.12
101.25 -0.14
102.27 -0.15
103.29 -0.16
104.32 -0.18
105.37 -0.2
106.42 -0.23
107.48 -0.25
108.56 -0.28
109.64 -0.3
110.74 -0.32
111.85 -0.34
112.97 -0.34
114.1 -0.35
115.24 -0.35
116.39 -0.35
117.55 -0.35
118.73 -0.34
119.92 -0.34
121.12 -0.34
122.33 -0.26
123.55 -0.21
124.79 -0.2
126.03 -0.2
127.29 -0.26
128.57 -0.3
129.85 -0.28
131.15 -0.27
132.46 -0.27
133.79 -0.26
135.12 -0.26
136.48 -0.27
137.84 -0.26
139.22 -0.12
140.61 -0.04
142.02 -0.05
143.44 -0.05
144.87 -0.05
146.32 -0.05
147.78 -0.05
149.26 -0.05
150.75 -0.05
152.26 -0.05
153.78 -0.05
155.32 -0.05
156.88 -0.05
158.44 -0.05
160.03 -0.09
161.63 -0.17
163.24 -0.17
164.88 -0.14
166.53 -0.12
168.19 -0.13
169.87 -0.13
171.57 -0.17
173.29 -0.21
175.02 -0.23
176.77 -0.13
178.54 -0.1
180.32 -0.09
182.13 -0.09
183.95 -0.08
185.79 -0.06
187.65 -0.05
189.52 -0.11
191.42 -0.14
193.33 -0.04
195.27 0.05
197.22 0.04
199.19 0.03
201.18 0.04
203.19 0.05
205.23 0.05
207.28 0.05
209.35 0.05
211.44 0.04
213.56 0.04
215.69 0.04
217.85 -0.11
220.03 -0.11
222.23 -0.09
224.45 -0.07
226.7 -0.07
228.96 -0.07
231.25 -0.06
233.57 -0.1
235.9 -0.12
238.26 0.03
240.64 0.09
243.05 0.06
245.48 0.07
247.93 0.25
250.41 0.24
252.92 0.25
255.45 0.37
258 0.39
260.58 0.4
263.19 0.49
265.82 0.52
268.48 0.51
271.16 0.58
273.87 0.63
276.61 0.7
279.38 0.71
282.17 0.71
284.99 0.78
287.84 0.84
290.72 0.83
293.63 0.85
296.57 0.86
299.53 0.87
302.53 0.88
305.55 0.89
308.61 0.9
311.69 0.91
314.81 0.92
317.96 0.94
321.14 0.88
324.35 0.83
327.59 0.81
330.87 0.76
334.18 0.65
337.52 0.61
340.9 0.57
344.3 0.44
347.75 0.19
351.23 -0.06
354.74 -0.27
358.28 -0.44
361.87 -0.73
365.49 -1.06
369.14 -1.21
372.83 -1.26
376.56 -1.3
380.33 -1.52
384.13 -1.69
387.97 -1.66
391.85 -1.88
395.77 -2.08
399.73 -2.07
403.72 -1.99
407.76 -2.03
411.84 -2.09
415.96 -1.98
420.12 -1.81
424.32 -1.67
428.56 -1.54
432.85 -1.43
437.18 -1.34
441.55 -1.19
445.96 -1
450.42 -0.8
454.93 -0.67
459.48 -0.54
464.07 -0.4
468.71 -0.26
473.4 -0.14
478.13 -0.01
482.91 0.1
487.74 0.16
492.62 0.21
497.55 0.4
502.52 0.49
507.55 0.5
512.62 0.49
517.75 0.59
522.93 0.71
528.16 0.72
533.44 0.68
538.77 0.64
544.16 0.65
549.6 0.76
555.1 0.73
560.65 0.67
566.25 0.61
571.92 0.64
577.64 0.64
583.41 0.62
589.25 0.6
595.14 0.59
601.09 0.6
607.1 0.69
613.17 0.72
619.3 0.78
625.5 0.89
631.75 1.04
638.07 1.13
644.45 1.16
650.89 1.25
657.4 1.42
663.98 1.51
670.62 1.56
677.32 1.68
684.1 1.75
690.94 1.83
697.85 2
704.83 2.05
711.87 2.05
718.99 2.12
726.18 2.13
733.44 2.11
740.78 2.16
748.19 2.19
755.67 2.22
763.23 2.2
770.86 2.25
778.57 2.27
786.35 2.31
794.22 2.35
802.16 2.36
810.18 2.45
818.28 2.55
826.46 2.58
834.73 2.62
843.08 2.71
851.51 2.7
860.02 2.64
868.62 2.55
877.31 2.49
886.08 2.42
894.94 2.28
903.89 1.97
912.93 1.36
922.06 0.89
931.28 0.57
940.59 0.26
950 0.03
959.5 0.07
969.09 0.24
978.78 0.13
988.57 -0.02
998.46 -0.01
1008.44 0.2
1018.53 0.32
1028.71 0.32
1039 0.42
1049.39 0.49
1059.88 0.53
1070.48 0.59
1081.19 0.58
1092 0.52
1102.92 0.53
1113.95 0.59
1125.09 0.65
1136.34 0.73
1147.7 0.85
1159.18 0.91
1170.77 0.99
1182.48 0.99
1194.3 0.94
1206.25 0.97
1218.31 0.97
1230.49 0.99
1242.8 1.11
1255.22 1.17
1267.78 1.19
1280.45 1.21
1293.26 1.24
1306.19 1.33
1319.25 1.36
1332.45 1.42
1345.77 1.47
1359.23 1.59
1372.82 1.75
1386.55 1.83
1400.41 1.76
1414.42 1.76
1428.56 1.78
1442.85 1.73
1457.28 1.66
1471.85 1.58
1486.57 1.62
1501.43 1.73
1516.45 1.82
1531.61 1.89
1546.93 1.89
1562.4 1.87
1578.02 1.8
1593.8 1.8
1609.74 1.84
1625.84 1.9
1642.1 1.9
1658.52 1.92
1675.1 1.99
1691.85 2.06
1708.77 2.05
1725.86 2.04
1743.12 1.99
1760.55 1.94
1778.15 1.92
1795.94 1.94
1813.9 1.99
1832.03 2.01
1850.36 2.01
1868.86 2.03
1887.55 2.03
1906.42 2.05
1925.49 2.08
1944.74 2.2
1964.19 2.29
1983.83 2.34
2003.67 2.37
2023.71 2.35
2043.94 2.42
2064.38 2.39
2085.03 2.4
2105.88 2.52
2126.94 2.52
2148.2 2.62
2169.69 2.82
2191.38 2.87
2213.3 2.94
2235.43 3.08
2257.78 3.16
2280.36 3.22
2303.17 3.31
2326.2 3.43
2349.46 3.53
2372.95 3.63
2396.68 3.73
2420.65 3.72
2444.86 3.74
2469.31 3.81
2494 3.93
2518.94 3.99
2544.13 4.09
2569.57 4.25
2595.27 4.44
2621.22 4.67
2647.43 4.86
2673.9 5.05
2700.64 5.27
2727.65 5.38
2754.93 5.5
2782.48 5.66
2810.3 5.75
2838.4 5.78
2866.79 5.78
2895.46 5.77
2924.41 5.79
2953.65 5.89
2983.19 5.99
3013.02 6.02
3043.15 6.1
3073.58 6.22
3104.32 6.37
3135.36 6.43
3166.72 6.5
3198.38 6.63
3230.37 6.71
3262.67 6.74
3295.3 6.81
3328.25 6.85
3361.53 6.83
3395.15 6.78
3429.1 6.77
3463.39 6.78
3498.03 6.78
3533.01 6.68
3568.34 6.62
3604.02 6.46
3640.06 6.3
3676.46 6.06
3713.22 5.65
3750.36 5.26
3787.86 4.91
3825.74 4.54
3864 4.21
3902.64 3.9
3941.66 3.63
3981.08 3.38
4020.89 3.14
4061.1 2.94
4101.71 2.75
4142.73 2.48
4184.15 2.15
4226 1.83
4268.26 1.59
4310.94 1.39
4354.05 1.13
4397.59 0.91
4441.56 0.74
4485.98 0.58
4530.84 0.43
4576.15 0.27
4621.91 0.08
4668.13 -0.2
4714.81 -0.4
4761.96 -0.65
4809.58 -0.89
4857.67 -1.1
4906.25 -1.31
4955.31 -1.51
5004.87 -1.8
5054.91 -2.01
5105.46 -2.23
5156.52 -2.53
5208.08 -2.82
5260.16 -3.02
5312.77 -3.2
5365.89 -3.36
5419.55 -3.51
5473.75 -3.68
5528.49 -3.9
5583.77 -4.12
5639.61 -4.37
5696 -4.65
5752.96 -4.93
5810.49 -5.14
5868.6 -5.37
5927.28 -5.44
5986.56 -5.6
6046.42 -5.88
6106.89 -6.18
6167.96 -6.52
6229.64 -6.82
6291.93 -7.06
6354.85 -7.25
6418.4 -7.44
6482.58 -7.63
6547.41 -7.9
6612.88 -8.15
6679.01 -8.26
6745.8 -8.23
6813.26 -8.06
6881.39 -8.02
6950.21 -7.85
7019.71 -7.41
7089.91 -7.04
7160.81 -6.72
7232.41 -6.33
7304.74 -6.02
7377.79 -5.8
7451.56 -5.52
7526.08 -5.13
7601.34 -4.88
7677.35 -4.69
7754.13 -4.49
7831.67 -4.31
7909.98 -3.95
7989.08 -3.44
8068.98 -2.92
8149.67 -2.44
8231.16 -1.84
8313.47 -0.96
8396.61 -0.28
8480.57 0.23
8565.38 -0.03
8651.03 0.1
8737.54 0.38
8824.92 -0.22
8913.17 -0.29
9002.3 0.5
9092.32 0.45
9183.25 0.41
9275.08 0.58
9367.83 0.73
9461.51 0.79
9556.12 0.81
9651.68 0.7
9748.2 0.41
9845.68 -0.36
9944.14 -0.91
10043.58 -1.75
10144.02 -2.7
10245.46 -3.23
10347.91 -3.62
10451.39 -4.06
10555.91 -4.44
10661.46 -4.78
10768.08 -5.19
10875.76 -5.55
10984.52 -6.15
11094.36 -6.68
11205.31 -6.95
11317.36 -7.51
11430.53 -8.06
11544.84 -9.01
11660.29 -10.06
11776.89 -11.08
11894.66 -12.02
12013.6 -13.02
12133.74 -13.56
12255.08 -13.45
12377.63 -12.55
12501.41 -12.54
12626.42 -13.44
12752.68 -14.39
12880.21 -15.34
13009.01 -16.42
13139.1 -17.34
13270.49 -17.94
13403.2 -18.36
13537.23 -18.64
13672.6 -18.57
13809.33 -18.38
13947.42 -17.39
14086.9 -16.75
14227.77 -16.49
14370.04 -15.98
14513.74 -15.73
14658.88 -16.13
14805.47 -16.45
14953.52 -16.79
15103.06 -17.07
15254.09 -17.21
15406.63 -17.44
15560.7 -17.72
15716.3 -18.17
15873.47 -18.68
16032.2 -19.14
16192.52 -19.53
16354.45 -19.97
16517.99 -20.68
16683.17 -21.19
16850.01 -22.22
17018.51 -23.85
17188.69 -25.51
17360.58 -26.24
17534.18 -26.35
17709.53 -26.25
17886.62 -25.89
18065.49 -25.29
18246.14 -24.5
18428.6 -23.9
18612.89 -23.94
18799.02 -23.84
18987.01 -24.32
19176.88 -25
19368.65 -26.33
19562.33 -27.48
19757.96 -27.62
19955.54 -27.07