20 5
20.2 5
20.4 5
20.61 5
20.81 5
21.02 5
21.23 5
21.44 5
21.66 5
21.87 5
22.09 5
22.31 5
22.54 5
22.76 5
22.99 5
23.22 5
23.45 5
23.69 5
23.92 5
24.16 5
24.4 5
24.65 5
24.89 5
25.14 5
25.39 5
25.65 5.01
25.91 5.01
26.16 4.99
26.43 4.96
26.69 4.93
26.96 4.9
27.23 4.9
27.5 4.9
27.77 4.9
28.05 4.9
28.33 4.9
28.62 4.9
28.9 4.9
29.19 4.9
29.48 4.9
29.78 4.9
30.08 4.9
30.38 4.9
30.68 4.9
30.99 4.9
31.3 4.9
31.61 4.9
31.93 4.9
32.24 4.9
32.57 4.9
32.89 4.9
33.22 4.88
33.55 4.84
33.89 4.81
34.23 4.8
34.57 4.8
34.92 4.8
35.27 4.8
35.62 4.8
35.97 4.8
36.33 4.8
36.7 4.8
37.06 4.8
37.43 4.79
37.81 4.78
38.19 4.76
38.57 4.73
38.95 4.7
39.34 4.7
39.74 4.7
40.14 4.7
40.54 4.7
40.94 4.7
41.35 4.7
41.76 4.7
42.18 4.69
42.6 4.66
43.03 4.64
43.46 4.62
43.9 4.6
44.33 4.6
44.78 4.6
45.23 4.6
45.68 4.6
46.13 4.6
46.6 4.6
47.06 4.59
47.53 4.55
48.01 4.5
48.49 4.5
48.97 4.5
49.46 4.5
49.96 4.5
50.46 4.5
50.96 4.5
51.47 4.5
51.99 4.5
52.51 4.45
53.03 4.4
53.56 4.4
54.1 4.4
54.64 4.4
55.18 4.39
55.74 4.38
56.29 4.35
56.86 4.31
57.42 4.3
58 4.3
58.58 4.3
59.16 4.29
59.76 4.26
60.35 4.23
60.96 4.19
61.57 4.2
62.18 4.19
62.8 4.15
63.43 4.12
64.07 4.1
64.71 4.1
65.35 4.1
66.01 4.1
66.67 4.1
67.33 4.1
68.01 4.1
68.69 4.04
69.37 4.01
70.07 3.99
70.77 3.99
71.48 3.94
72.19 3.89
72.91 3.89
73.64 3.89
74.38 3.89
75.12 3.89
75.87 3.89
76.63 3.88
77.4 3.84
78.17 3.77
78.95 3.69
79.74 3.69
80.54 3.69
81.35 3.69
82.16 3.69
82.98 3.69
83.81 3.64
84.65 3.59
85.5 3.53
86.35 3.49
87.22 3.49
88.09 3.49
88.97 3.49
89.86 3.5
90.76 3.5
91.66 3.48
92.58 3.38
93.51 3.3
94.44 3.3
95.39 3.3
96.34 3.29
97.3 3.29
98.28 3.27
99.26 3.22
100.25 3.12
101.25 3.03
102.27 3.02
103.29 3
104.32 2.98
105.37 2.96
106.42 2.92
107.48 2.81
108.56 2.7
109.64 2.66
110.74 2.65
111.85 2.63
112.97 2.62
114.1 2.57
115.24 2.5
116.39 2.44
117.55 2.41
118.73 2.42
119.92 2.43
121.12 2.43
122.33 2.39
123.55 2.31
124.79 2.26
126.03 2.26
127.29 2.27
128.57 2.26
129.85 2.2
131.15 2.16
132.46 2.11
133.79 2.09
135.12 2.1
136.48 2.1
137.84 2.1
139.22 2.01
140.61 1.93
142.02 1.91
143.44 1.91
144.87 1.88
146.32 1.82
147.78 1.74
149.26 1.72
150.75 1.71
152.26 1.71
153.78 1.7
155.32 1.64
156.88 1.57
158.44 1.52
160.03 1.51
161.63 1.51
163.24 1.44
164.88 1.4
166.53 1.39
168.19 1.33
169.87 1.28
171.57 1.22
173.29 1.18
175.02 1.16
176.77 1.16
178.54 1.08
180.32 1.06
182.13 1.03
183.95 0.98
185.79 0.99
187.65 1
189.52 0.96
191.42 0.92
193.33 0.87
195.27 0.86
197.22 0.87
199.19 0.84
201.18 0.8
203.19 0.73
205.23 0.7
207.28 0.7
209.35 0.68
211.44 0.61
213.56 0.54
215.69 0.49
217.85 0.48
220.03 0.48
222.23 0.44
224.45 0.33
226.7 0.27
228.96 0.28
231.25 0.28
233.57 0.29
235.9 0.26
238.26 0.21
240.64 0.15
243.05 0.15
245.48 0.17
247.93 0.13
250.41 0.09
252.92 0.03
255.45 0.05
258 0.06
260.58 0.06
263.19 0.01
265.82 -0.04
268.48 -0.04
271.16 -0.05
273.87 -0.12
276.61 -0.17
279.38 -0.24
282.17 -0.25
284.99 -0.24
287.84 -0.29
290.72 -0.33
293.63 -0.4
296.57 -0.4
299.53 -0.39
302.53 -0.41
305.55 -0.46
308.61 -0.46
311.69 -0.45
314.81 -0.45
317.96 -0.5
321.14 -0.55
324.35 -0.63
327.59 -0.65
330.87 -0.65
334.18 -0.65
337.52 -0.71
340.9 -0.75
344.3 -0.8
347.75 -0.84
351.23 -0.86
354.74 -0.85
358.28 -0.9
361.87 -0.93
365.49 -0.94
369.14 -0.93
372.83 -0.92
376.56 -0.98
380.33 -1.03
384.13 -1.09
387.97 -1.1
391.85 -1.09
395.77 -1.09
399.73 -1.09
403.72 -1.1
407.76 -1.17
411.84 -1.2
415.96 -1.2
420.12 -1.25
424.32 -1.35
428.56 -1.38
432.85 -1.38
437.18 -1.35
441.55 -1.31
445.96 -1.26
450.42 -1.25
454.93 -1.28
459.48 -1.27
464.07 -1.4
468.71 -1.73
473.4 -1.9
478.13 -1.93
482.91 -1.87
487.74 -1.75
492.62 -1.66
497.55 -1.6
502.52 -1.51
507.55 -1.4
512.62 -1.36
517.75 -1.3
522.93 -1.26
528.16 -1.26
533.44 -1.27
538.77 -1.3
544.16 -1.34
549.6 -1.39
555.1 -1.44
560.65 -1.49
566.25 -1.58
571.92 -1.69
577.64 -1.73
583.41 -1.75
589.25 -1.79
595.14 -1.89
601.09 -1.86
607.1 -1.88
613.17 -1.93
619.3 -1.93
625.5 -1.9
631.75 -1.88
638.07 -1.84
644.45 -1.81
650.89 -1.76
657.4 -1.72
663.98 -1.67
670.62 -1.62
677.32 -1.56
684.1 -1.52
690.94 -1.48
697.85 -1.44
704.83 -1.43
711.87 -1.43
718.99 -1.45
726.18 -1.4
733.44 -1.37
740.78 -1.39
748.19 -1.42
755.67 -1.45
763.23 -1.48
770.86 -1.39
778.57 -1.32
786.35 -1.31
794.22 -1.31
802.16 -1.31
810.18 -1.28
818.28 -1.21
826.46 -1.19
834.73 -1.12
843.08 -1.02
851.51 -1
860.02 -0.94
868.62 -0.88
877.31 -0.83
886.08 -0.76
894.94 -0.72
903.89 -0.66
912.93 -0.6
922.06 -0.56
931.28 -0.55
940.59 -0.44
950 -0.36
959.5 -0.34
969.09 -0.32
978.78 -0.19
988.57 -0.12
998.46 -0.02
1008.44 0.1
1018.53 0.15
1028.71 0.17
1039 0.2
1049.39 0.39
1059.88 0.47
1070.48 0.52
1081.19 0.56
1092 0.62
1102.92 0.68
1113.95 0.82
1125.09 0.9
1136.34 0.98
1147.7 1.06
1159.18 1.14
1170.77 1.24
1182.48 1.34
1194.3 1.44
1206.25 1.49
1218.31 1.57
1230.49 1.69
1242.8 1.81
1255.22 1.84
1267.78 1.91
1280.45 2.01
1293.26 2.1
1306.19 2.17
1319.25 2.27
1332.45 2.34
1345.77 2.36
1359.23 2.43
1372.82 2.57
1386.55 2.72
1400.41 2.79
1414.42 2.87
1428.56 2.88
1442.85 2.94
1457.28 3
1471.85 3.1
1486.57 3.2
1501.43 3.29
1516.45 3.38
1531.61 3.45
1546.93 3.53
1562.4 3.6
1578.02 3.66
1593.8 3.73
1609.74 3.87
1625.84 3.96
1642.1 4.09
1658.52 4.18
1675.1 4.25
1691.85 4.32
1708.77 4.4
1725.86 4.48
1743.12 4.57
1760.55 4.66
1778.15 4.76
1795.94 4.87
1813.9 4.98
1832.03 5.11
1850.36 5.16
1868.86 5.15
1887.55 5.26
1906.42 5.34
1925.49 5.4
1944.74 5.57
1964.19 5.72
1983.83 5.66
2003.67 5.72
2023.71 5.88
2043.94 6.04
2064.38 6.1
2085.03 6.17
2105.88 6.3
2126.94 6.41
2148.2 6.5
2169.69 6.57
2191.38 6.69
2213.3 6.78
2235.43 6.91
2257.78 7
2280.36 7.08
2303.17 7.16
2326.2 7.21
2349.46 7.29
2372.95 7.36
2396.68 7.37
2420.65 7.38
2444.86 7.4
2469.31 7.43
2494 7.49
2518.94 7.58
2544.13 7.6
2569.57 7.64
2595.27 7.66
2621.22 7.76
2647.43 7.93
2673.9 8
2700.64 8.04
2727.65 8.11
2754.93 8.18
2782.48 8.25
2810.3 8.29
2838.4 8.23
2866.79 8.23
2895.46 8.25
2924.41 8.18
2953.65 8.11
2983.19 8.18
3013.02 8.26
3043.15 8.28
3073.58 8.16
3104.32 8.21
3135.36 8.29
3166.72 8.25
3198.38 8.37
3230.37 8.44
3262.67 8.41
3295.3 8.32
3328.25 8.24
3361.53 8.18
3395.15 8.11
3429.1 8.07
3463.39 8.12
3498.03 8.15
3533.01 8.17
3568.34 8.2
3604.02 8.17
3640.06 8.15
3676.46 8.13
3713.22 8.09
3750.36 7.99
3787.86 7.91
3825.74 7.84
3864 7.8
3902.64 7.78
3941.66 7.84
3981.08 7.97
4020.89 8
4061.1 8.13
4101.71 8.29
4142.73 8.41
4184.15 8.45
4226 8.53
4268.26 8.6
4310.94 8.65
4354.05 8.71
4397.59 8.83
4441.56 8.92
4485.98 8.99
4530.84 9.13
4576.15 9.21
4621.91 9.31
4668.13 9.37
4714.81 9.29
4761.96 9.23
4809.58 9.22
4857.67 9.13
4906.25 8.98
4955.31 8.82
5004.87 8.63
5054.91 8.38
5105.46 8.06
5156.52 7.67
5208.08 7.38
5260.16 7.17
5312.77 6.87
5365.89 6.53
5419.55 6.22
5473.75 5.87
5528.49 5.42
5583.77 4.99
5639.61 4.51
5696 3.97
5752.96 3.37
5810.49 2.95
5868.6 2.59
5927.28 2.23
5986.56 1.84
6046.42 1.43
6106.89 1.03
6167.96 0.53
6229.64 0.16
6291.93 -0.13
6354.85 -0.54
6418.4 -0.93
6482.58 -1.38
6547.41 -1.86
6612.88 -2.26
6679.01 -2.73
6745.8 -3.04
6813.26 -3.31
6881.39 -3.73
6950.21 -4.05
7019.71 -4.13
7089.91 -4.35
7160.81 -4.61
7232.41 -4.76
7304.74 -4.86
7377.79 -5.01
7451.56 -5.4
7526.08 -5.84
7601.34 -5.9
7677.35 -5.72
7754.13 -5.8
7831.67 -5.91
7909.98 -5.91
7989.08 -5.85
8068.98 -5.7
8149.67 -5.53
8231.16 -5.27
8313.47 -5.11
8396.61 -4.9
8480.57 -4.93
8565.38 -5.25
8651.03 -5.55
8737.54 -5.55
8824.92 -5.01
8913.17 -4.7
9002.3 -4.77
9092.32 -5
9183.25 -5.18
9275.08 -5.4
9367.83 -5.38
9461.51 -5.25
9556.12 -4.96
9651.68 -4.65
9748.2 -4.25
9845.68 -3.35
9944.14 -2.43
10043.58 -1.2
10144.02 -0.42
10245.46 0.01
10347.91 0.65
10451.39 1.05
10555.91 1.14
10661.46 0.84
10768.08 0.48
10875.76 0.35
10984.52 0.08
11094.36 -0.46
11205.31 -1.07
11317.36 -1.53
11430.53 -2.38
11544.84 -3.37
11660.29 -4.03
11776.89 -4.86
11894.66 -5.99
12013.6 -7.05
12133.74 -7.85
12255.08 -8.65
12377.63 -9.36
12501.41 -9.91
12626.42 -10.57
12752.68 -11.08
12880.21 -11.27
13009.01 -11.62
13139.1 -11.86
13270.49 -12.23
13403.2 -12.37
13537.23 -12.25
13672.6 -11.94
13809.33 -11.52
13947.42 -10.8
14086.9 -10.04
14227.77 -9.46
14370.04 -8.72
14513.74 -8
14658.88 -7.56
14805.47 -7.14
14953.52 -6.71
15103.06 -6.67
15254.09 -6.74
15406.63 -7.19
15560.7 -7.8
15716.3 -8.2
15873.47 -8.94
16032.2 -9.53
16192.52 -9.93
16354.45 -10.26
16517.99 -10.44
16683.17 -11.38
16850.01 -12.22
17018.51 -13.29
17188.69 -14.65
17360.58 -15.79
17534.18 -16.73
17709.53 -17.69
17886.62 -18.7
18065.49 -19.51
18246.14 -20.45
18428.6 -21.32
18612.89 -21.92
18799.02 -22.58
18987.01 -23.19
19176.88 -23.59
19368.65 -24.19
19562.33 -24.84
19757.96 -24.85
19955.54 -24.68