20 -4.04
20.2 -3.75
20.4 -3.46
20.61 -3.18
20.81 -2.87
21.02 -2.62
21.23 -2.72
21.44 -2.82
21.66 -2.91
21.87 -3.01
22.09 -2.96
22.31 -2.69
22.54 -2.42
22.76 -2.16
22.99 -1.89
23.22 -2
23.45 -2.13
23.69 -2.25
23.92 -2.38
24.16 -2.37
24.4 -2.29
24.65 -2.21
24.89 -2.13
25.14 -2.05
25.39 -1.97
25.65 -1.88
25.91 -1.8
26.16 -1.67
26.43 -1.52
26.69 -1.37
26.96 -1.21
27.23 -1.04
27.5 -0.86
27.77 -0.68
28.05 -0.53
28.33 -0.54
28.62 -0.54
28.9 -0.55
29.19 -0.59
29.48 -0.66
29.78 -0.72
30.08 -0.73
30.38 -0.56
30.68 -0.4
30.99 -0.24
31.3 -0.09
31.61 0.06
31.93 0.21
32.24 0.15
32.57 0.02
32.89 -0.12
33.22 0.02
33.55 0.29
33.89 0.55
34.23 0.82
34.57 1.08
34.92 1.34
35.27 1.15
35.62 0.83
35.97 0.5
36.33 0.75
36.7 1.04
37.06 1.27
37.43 1.18
37.81 1.09
38.19 1.03
38.57 0.98
38.95 0.93
39.34 1.05
39.74 1.2
40.14 1.32
40.54 1.4
40.94 1.47
41.35 1.63
41.76 1.79
42.18 1.83
42.6 1.7
43.03 1.58
43.46 1.74
43.9 1.9
44.33 2.2
44.78 2.55
45.23 2.53
45.68 2.16
46.13 1.91
46.6 1.98
47.06 2.08
47.53 2.39
48.01 2.69
48.49 2.51
48.97 2.34
49.46 2.58
49.96 2.85
50.46 2.68
50.96 2.47
51.47 2.82
51.99 3.23
52.51 2.97
53.03 2.71
53.56 2.74
54.1 2.82
54.64 3.11
55.18 3.22
55.74 3
56.29 3.18
56.86 3.75
57.42 3.55
58 3.09
58.58 3.2
59.16 3.34
59.76 3.57
60.35 3.55
60.96 3.35
61.57 3.6
62.18 3.82
62.8 3.88
63.43 3.94
64.07 4
64.71 4
65.35 3.88
66.01 3.66
66.67 3.94
67.33 4.04
68.01 3.95
68.69 3.91
69.37 3.89
70.07 3.93
70.77 4.21
71.48 4.3
72.19 4.32
72.91 4.39
73.64 4.4
74.38 4.44
75.12 4.5
75.87 4.49
76.63 4.32
77.4 4.37
78.17 4.6
78.95 4.6
79.74 4.6
80.54 4.58
81.35 4.48
82.16 4.4
82.98 4.68
83.81 4.84
84.65 4.75
85.5 4.59
86.35 4.56
87.22 4.7
88.09 4.7
88.97 4.71
89.86 4.67
90.76 4.55
91.66 4.67
92.58 4.78
93.51 4.81
94.44 4.85
95.39 4.93
96.34 4.9
97.3 4.72
98.28 4.7
99.26 4.76
100.25 4.78
101.25 4.6
102.27 4.53
103.29 4.52
104.32 4.55
105.37 4.58
106.42 4.47
107.48 4.42
108.56 4.32
109.64 4.13
110.74 4
111.85 3.96
112.97 4.03
114.1 3.93
115.24 3.7
116.39 3.78
117.55 3.79
118.73 3.67
119.92 3.55
121.12 3.54
122.33 3.55
123.55 3.59
124.79 3.61
126.03 3.47
127.29 3.53
128.57 3.61
129.85 3.67
131.15 3.74
132.46 3.86
133.79 4
135.12 4.08
136.48 4.17
137.84 4.28
139.22 4.43
140.61 4.54
142.02 4.66
143.44 4.85
144.87 4.92
146.32 5.05
147.78 5.16
149.26 5.12
150.75 5.11
152.26 5.19
153.78 5.23
155.32 5.23
156.88 5.19
158.44 5.14
160.03 5.07
161.63 4.96
163.24 4.86
164.88 4.76
166.53 4.75
168.19 4.79
169.87 4.85
171.57 4.89
173.29 5.01
175.02 5.09
176.77 5.09
178.54 5.09
180.32 5.09
182.13 5.11
183.95 5.1
185.79 5.12
187.65 5.13
189.52 5.15
191.42 5.07
193.33 5
195.27 4.99
197.22 4.96
199.19 4.89
201.18 4.8
203.19 4.73
205.23 4.71
207.28 4.72
209.35 4.69
211.44 4.61
213.56 4.58
215.69 4.54
217.85 4.5
220.03 4.36
222.23 4.27
224.45 4.29
226.7 4.19
228.96 4.13
231.25 4.19
233.57 4.22
235.9 4.19
238.26 4.18
240.64 4.31
243.05 4.39
245.48 4.41
247.93 4.5
250.41 4.48
252.92 4.39
255.45 4.26
258 4.1
260.58 3.94
263.19 3.76
265.82 3.56
268.48 3.38
271.16 3.18
273.87 2.98
276.61 2.77
279.38 2.62
282.17 2.44
284.99 2.29
287.84 2.14
290.72 1.96
293.63 1.83
296.57 1.78
299.53 1.75
302.53 1.67
305.55 1.65
308.61 1.68
311.69 1.75
314.81 1.84
317.96 1.93
321.14 1.92
324.35 1.88
327.59 1.87
330.87 1.87
334.18 1.87
337.52 1.81
340.9 1.77
344.3 1.75
347.75 1.74
351.23 1.61
354.74 1.49
358.28 1.44
361.87 1.39
365.49 1.29
369.14 1.1
372.83 1.03
376.56 1
380.33 0.97
384.13 0.9
387.97 0.76
391.85 0.61
395.77 0.51
399.73 0.38
403.72 0.22
407.76 0.09
411.84 -0.03
415.96 0
420.12 0.02
424.32 -0.17
428.56 -0.22
432.85 -0.18
437.18 -0.1
441.55 -0.07
445.96 -0.1
450.42 -0.07
454.93 -0.05
459.48 -0.04
464.07 -0.11
468.71 -0.17
473.4 -0.16
478.13 -0.14
482.91 -0.12
487.74 -0.19
492.62 -0.27
497.55 -0.34
502.52 -0.37
507.55 -0.47
512.62 -0.53
517.75 -0.54
522.93 -0.56
528.16 -0.64
533.44 -0.72
538.77 -0.8
544.16 -0.93
549.6 -1.03
555.1 -1.12
560.65 -1.19
566.25 -1.23
571.92 -1.28
577.64 -1.46
583.41 -1.54
589.25 -1.56
595.14 -1.57
601.09 -1.56
607.1 -1.55
613.17 -1.62
619.3 -1.63
625.5 -1.6
631.75 -1.57
638.07 -1.53
644.45 -1.5
650.89 -1.46
657.4 -1.41
663.98 -1.36
670.62 -1.31
677.32 -1.26
684.1 -1.21
690.94 -1.18
697.85 -1.14
704.83 -1.12
711.87 -1.12
718.99 -1.05
726.18 -1.04
733.44 -1.06
740.78 -1.09
748.19 -1.08
755.67 -1.05
763.23 -1
770.86 -0.99
778.57 -1
786.35 -0.96
794.22 -0.87
802.16 -0.81
810.18 -0.78
818.28 -0.71
826.46 -0.65
834.73 -0.6
843.08 -0.55
851.51 -0.5
860.02 -0.43
868.62 -0.4
877.31 -0.41
886.08 -0.34
894.94 -0.33
903.89 -0.33
912.93 -0.29
922.06 -0.25
931.28 -0.17
940.59 -0.14
950 -0.14
959.5 -0.14
969.09 -0.13
978.78 -0.12
988.57 -0.09
998.46 -0.01
1008.44 0.02
1018.53 0.04
1028.71 -0.01
1039 0
1049.39 0.03
1059.88 0.07
1070.48 0.09
1081.19 0.08
1092 0.05
1102.92 0.02
1113.95 0.04
1125.09 0.02
1136.34 -0.01
1147.7 -0.03
1159.18 0.04
1170.77 0.04
1182.48 -0.05
1194.3 -0.11
1206.25 -0.15
1218.31 -0.18
1230.49 -0.2
1242.8 -0.25
1255.22 -0.28
1267.78 -0.29
1280.45 -0.31
1293.26 -0.32
1306.19 -0.38
1319.25 -0.44
1332.45 -0.44
1345.77 -0.49
1359.23 -0.61
1372.82 -0.66
1386.55 -0.72
1400.41 -0.8
1414.42 -0.86
1428.56 -0.95
1442.85 -1.07
1457.28 -1.19
1471.85 -1.24
1486.57 -1.23
1501.43 -1.11
1516.45 -0.9
1531.61 -0.63
1546.93 -0.36
1562.4 -0.03
1578.02 0.25
1593.8 0.49
1609.74 0.68
1625.84 0.81
1642.1 0.9
1658.52 0.94
1675.1 0.83
1691.85 0.77
1708.77 0.79
1725.86 0.77
1743.12 0.75
1760.55 0.69
1778.15 0.62
1795.94 0.55
1813.9 0.55
1832.03 0.6
1850.36 0.74
1868.86 0.82
1887.55 0.92
1906.42 1.02
1925.49 0.94
1944.74 1.03
1964.19 1.11
1983.83 1.14
2003.67 1.19
2023.71 1.29
2043.94 1.29
2064.38 1.41
2085.03 1.43
2105.88 1.34
2126.94 1.52
2148.2 1.71
2169.69 1.82
2191.38 1.82
2213.3 1.84
2235.43 1.87
2257.78 1.86
2280.36 1.92
2303.17 2.01
2326.2 2.04
2349.46 2.12
2372.95 2.23
2396.68 2.27
2420.65 2.36
2444.86 2.44
2469.31 2.47
2494 2.58
2518.94 2.81
2544.13 2.76
2569.57 2.86
2595.27 3
2621.22 3.22
2647.43 3.44
2673.9 3.69
2700.64 4.01
2727.65 4.24
2754.93 4.29
2782.48 4.23
2810.3 4.25
2838.4 4.22
2866.79 3.82
2895.46 3.65
2924.41 3.58
2953.65 3.48
2983.19 3.59
3013.02 3.9
3043.15 3.96
3073.58 3.78
3104.32 3.84
3135.36 4.16
3166.72 4.09
3198.38 3.91
3230.37 3.19
3262.67 2.84
3295.3 2.48
3328.25 2.14
3361.53 2.07
3395.15 2.2
3429.1 2.08
3463.39 2.33
3498.03 3.06
3533.01 3.34
3568.34 2.99
3604.02 2.43
3640.06 1.86
3676.46 1.18
3713.22 0.15
3750.36 -0.88
3787.86 -2.55
3825.74 -4.48
3864 -5.22
3902.64 -5.92
3941.66 -10.32
3981.08 -10.92
4020.89 -10.32
4061.1 -11.98
4101.71 -13.12
4142.73 -13.02
4184.15 -11.3
4226 -6.84
4268.26 -2.24
4310.94 -0.21
4354.05 0.69
4397.59 0.89
4441.56 0.13
4485.98 -0.06
4530.84 1.04
4576.15 2.26
4621.91 3.22
4668.13 3.67
4714.81 4.37
4761.96 4.97
4809.58 5.74
4857.67 6.35
4906.25 7.06
4955.31 7.43
5004.87 7.75
5054.91 7.55
5105.46 6.9
5156.52 6.81
5208.08 6.89
5260.16 7
5312.77 6.91
5365.89 6.38
5419.55 5.9
5473.75 5.34
5528.49 5.08
5583.77 4.74
5639.61 4.35
5696 3.83
5752.96 3.42
5810.49 2.89
5868.6 2.27
5927.28 1.76
5986.56 1.47
6046.42 1.54
6106.89 1.6
6167.96 1.71
6229.64 1.59
6291.93 1.33
6354.85 1.05
6418.4 0.53
6482.58 0.06
6547.41 -0.41
6612.88 -0.98
6679.01 -1.62
6745.8 -2.07
6813.26 -2.08
6881.39 -1.96
6950.21 -2.22
7019.71 -2.43
7089.91 -2.73
7160.81 -3.08
7232.41 -3.39
7304.74 -3.71
7377.79 -3.75
7451.56 -4.14
7526.08 -4.97
7601.34 -5.51
7677.35 -5.53
7754.13 -5.28
7831.67 -4.96
7909.98 -4.97
7989.08 -4.64
8068.98 -4.18
8149.67 -4.34
8231.16 -4.58
8313.47 -4.77
8396.61 -4.48
8480.57 -3.81
8565.38 -4.42
8651.03 -5.04
8737.54 -6.03
8824.92 -7.11
8913.17 -6.91
9002.3 -5.66
9092.32 -6.83
9183.25 -8.33
9275.08 -9.01
9367.83 -9.54
9461.51 -9.17
9556.12 -5.95
9651.68 -4.28
9748.2 -5.87
9845.68 -7.61
9944.14 -8.95
10043.58 -11
10144.02 -12.36
10245.46 -13.53
10347.91 -14.14
10451.39 -14.43
10555.91 -14.15
10661.46 -13.92
10768.08 -13.41
10875.76 -12.43
10984.52 -10.67
11094.36 -8.5
11205.31 -7.16
11317.36 -6.18
11430.53 -6.15
11544.84 -6.85
11660.29 -6.74
11776.89 -6
11894.66 -5.26
12013.6 -4.66
12133.74 -4.23
12255.08 -3.96
12377.63 -4.47
12501.41 -4.96
12626.42 -5.46
12752.68 -5.94
12880.21 -6.55
13009.01 -7.15
13139.1 -7.65
13270.49 -8.11
13403.2 -8.63
13537.23 -9.01
13672.6 -9.89
13809.33 -10.79
13947.42 -11.1
14086.9 -12.19
14227.77 -13.22
14370.04 -14.15
14513.74 -15.3
14658.88 -16.31
14805.47 -16.77
14953.52 -15.99
15103.06 -13.76
15254.09 -11.96
15406.63 -9.72
15560.7 -8.48
15716.3 -8.26
15873.47 -8.71
16032.2 -8.58
16192.52 -8.3
16354.45 -7.79
16517.99 -7.06
16683.17 -6.18
16850.01 -5.61
17018.51 -4.72
17188.69 -3.96
17360.58 -3.28
17534.18 -2.52
17709.53 -1.71
17886.62 -0.95
18065.49 -0.33
18246.14 0.09
18428.6 -0.17
18612.89 -0.19
18799.02 -0.68
18987.01 -0.95
19176.88 -1.88
19368.65 -2.81
19562.33 -3.85
19757.96 -4.84
19955.54 -5.35