20 -9.37
20.2 -9.28
20.4 -9.19
20.61 -9.1
20.81 -9.01
21.02 -8.92
21.23 -8.85
21.44 -8.78
21.66 -8.71
21.87 -8.64
22.09 -8.56
22.31 -8.48
22.54 -8.39
22.76 -8.31
22.99 -8.22
23.22 -8.14
23.45 -8.06
23.69 -7.98
23.92 -7.9
24.16 -7.8
24.4 -7.69
24.65 -7.59
24.89 -7.48
25.14 -7.41
25.39 -7.36
25.65 -7.31
25.91 -7.26
26.16 -7.19
26.43 -7.12
26.69 -7.04
26.96 -6.96
27.23 -6.87
27.5 -6.78
27.77 -6.69
28.05 -6.61
28.33 -6.57
28.62 -6.52
28.9 -6.48
29.19 -6.42
29.48 -6.37
29.78 -6.31
30.08 -6.23
30.38 -6.1
30.68 -5.96
30.99 -5.82
31.3 -5.77
31.61 -5.72
31.93 -5.67
32.24 -5.61
32.57 -5.54
32.89 -5.47
33.22 -5.41
33.55 -5.35
33.89 -5.29
34.23 -5.22
34.57 -5.16
34.92 -5.09
35.27 -5.01
35.62 -4.93
35.97 -4.85
36.33 -4.8
36.7 -4.76
37.06 -4.72
37.43 -4.67
37.81 -4.62
38.19 -4.57
38.57 -4.54
38.95 -4.5
39.34 -4.44
39.74 -4.38
40.14 -4.31
40.54 -4.23
40.94 -4.14
41.35 -4.12
41.76 -4.11
42.18 -4.09
42.6 -4.04
43.03 -3.98
43.46 -3.91
43.9 -3.84
44.33 -3.75
44.78 -3.66
45.23 -3.63
45.68 -3.66
46.13 -3.64
46.6 -3.51
47.06 -3.41
47.53 -3.45
48.01 -3.49
48.49 -3.34
48.97 -3.2
49.46 -3.24
49.96 -3.3
50.46 -3.16
50.96 -3
51.47 -3.02
51.99 -3.06
52.51 -3.05
53.03 -3.04
53.56 -2.91
54.1 -2.81
54.64 -2.84
55.18 -2.86
55.74 -2.86
56.29 -2.87
56.86 -2.9
57.42 -2.84
58 -2.74
58.58 -2.66
59.16 -2.58
59.76 -2.49
60.35 -2.46
60.96 -2.47
61.57 -2.42
62.18 -2.36
62.8 -2.3
63.43 -2.28
64.07 -2.27
64.71 -2.2
65.35 -2.16
66.01 -2.14
66.67 -2.17
67.33 -2.23
68.01 -2.33
68.69 -2.41
69.37 -2.45
70.07 -2.46
70.77 -2.44
71.48 -2.5
72.19 -2.59
72.91 -2.65
73.64 -2.63
74.38 -2.73
75.12 -2.9
75.87 -2.93
76.63 -3.07
77.4 -3.08
78.17 -2.98
78.95 -2.89
79.74 -2.76
80.54 -2.6
81.35 -2.44
82.16 -2.33
82.98 -2.25
83.81 -2.11
84.65 -2
85.5 -1.87
86.35 -1.79
87.22 -1.78
88.09 -1.75
88.97 -1.7
89.86 -1.56
90.76 -1.47
91.66 -1.52
92.58 -1.52
93.51 -1.37
94.44 -1.27
95.39 -1.3
96.34 -1.31
97.3 -1.32
98.28 -1.28
99.26 -1.17
100.25 -1.23
101.25 -1.34
102.27 -1.29
103.29 -1.25
104.32 -1.19
105.37 -1.12
106.42 -1.13
107.48 -1.2
108.56 -1.23
109.64 -1.25
110.74 -1.29
111.85 -1.36
112.97 -1.37
114.1 -1.21
115.24 -1.19
116.39 -1.08
117.55 -1.03
118.73 -1.08
119.92 -1.1
121.12 -1.09
122.33 -1.08
123.55 -1.07
124.79 -1.07
126.03 -1.13
127.29 -1.08
128.57 -0.99
129.85 -0.94
131.15 -0.94
132.46 -0.93
133.79 -0.93
135.12 -0.92
136.48 -0.92
137.84 -0.83
139.22 -0.79
140.61 -0.8
142.02 -0.82
143.44 -0.82
144.87 -0.82
146.32 -0.82
147.78 -0.82
149.26 -0.82
150.75 -0.82
152.26 -0.82
153.78 -0.82
155.32 -0.82
156.88 -0.82
158.44 -0.78
160.03 -0.74
161.63 -0.9
163.24 -0.98
164.88 -0.99
166.53 -1.07
168.19 -1.02
169.87 -1.02
171.57 -1.06
173.29 -0.99
175.02 -0.96
176.77 -0.81
178.54 -0.79
180.32 -0.84
182.13 -0.85
183.95 -0.84
185.79 -0.83
187.65 -0.82
189.52 -0.75
191.42 -0.76
193.33 -0.84
195.27 -0.86
197.22 -0.84
199.19 -0.83
201.18 -0.82
203.19 -0.82
205.23 -0.82
207.28 -0.82
209.35 -0.82
211.44 -0.82
213.56 -0.82
215.69 -0.83
217.85 -0.83
220.03 -0.84
222.23 -0.84
224.45 -0.84
226.7 -0.84
228.96 -0.83
231.25 -0.81
233.57 -0.77
235.9 -0.79
238.26 -0.87
240.64 -0.87
243.05 -0.86
245.48 -0.84
247.93 -0.81
250.41 -0.79
252.92 -0.77
255.45 -0.76
258 -0.75
260.58 -0.75
263.19 -0.74
265.82 -0.75
268.48 -0.75
271.16 -0.73
273.87 -0.72
276.61 -0.83
279.38 -0.85
282.17 -0.85
284.99 -0.85
287.84 -0.84
290.72 -0.83
293.63 -0.81
296.57 -0.8
299.53 -0.79
302.53 -0.78
305.55 -0.75
308.61 -0.74
311.69 -0.83
314.81 -0.89
317.96 -0.94
321.14 -0.95
324.35 -0.94
327.59 -0.94
330.87 -0.94
334.18 -0.94
337.52 -0.93
340.9 -0.95
344.3 -1.02
347.75 -1.04
351.23 -1.04
354.74 -1.04
358.28 -1.04
361.87 -1.03
365.49 -1.02
369.14 -1.02
372.83 -1.05
376.56 -1.09
380.33 -1.09
384.13 -1.08
387.97 -1.08
391.85 -1.07
395.77 -1.07
399.73 -1.07
403.72 -1.13
407.76 -1.17
411.84 -1.18
415.96 -1.18
420.12 -1.18
424.32 -1.17
428.56 -1.16
432.85 -1.15
437.18 -1.12
441.55 -1.09
445.96 -1.11
450.42 -1.09
454.93 -1.03
459.48 -0.97
464.07 -0.91
468.71 -0.86
473.4 -0.85
478.13 -0.83
482.91 -0.79
487.74 -0.74
492.62 -0.71
497.55 -0.68
502.52 -0.66
507.55 -0.66
512.62 -0.7
517.75 -0.71
522.93 -0.71
528.16 -0.72
533.44 -0.8
538.77 -0.86
544.16 -0.9
549.6 -0.96
555.1 -1.08
560.65 -1.15
566.25 -1.19
571.92 -1.24
577.64 -1.27
583.41 -1.3
589.25 -1.32
595.14 -1.33
601.09 -1.32
607.1 -1.31
613.17 -1.3
619.3 -1.29
625.5 -1.26
631.75 -1.23
638.07 -1.19
644.45 -1.24
650.89 -1.21
657.4 -1.17
663.98 -1.12
670.62 -1.06
677.32 -1.01
684.1 -0.97
690.94 -0.93
697.85 -0.98
704.83 -0.97
711.87 -0.97
718.99 -0.98
726.18 -0.99
733.44 -1.02
740.78 -1.04
748.19 -1.07
755.67 -1.1
763.23 -1.12
770.86 -1.14
778.57 -1.15
786.35 -1.13
794.22 -1.08
802.16 -1.06
810.18 -1.06
818.28 -0.94
826.46 -0.93
834.73 -0.95
843.08 -0.95
851.51 -0.96
860.02 -0.96
868.62 -0.97
877.31 -0.98
886.08 -0.94
894.94 -0.83
903.89 -0.71
912.93 -0.63
922.06 -0.58
931.28 -0.54
940.59 -0.47
950 -0.36
959.5 -0.25
969.09 -0.15
978.78 -0.12
988.57 -0.08
998.46 -0.01
1008.44 0.08
1018.53 0.21
1028.71 0.26
1039 0.29
1049.39 0.33
1059.88 0.32
1070.48 0.32
1081.19 0.36
1092 0.42
1102.92 0.54
1113.95 0.63
1125.09 0.69
1136.34 0.77
1147.7 0.85
1159.18 0.86
1170.77 0.93
1182.48 1.01
1194.3 1.05
1206.25 1.11
1218.31 1.15
1230.49 1.11
1242.8 1.1
1255.22 1.15
1267.78 1.17
1280.45 1.19
1293.26 1.21
1306.19 1.18
1319.25 1.16
1332.45 1.21
1345.77 1.34
1359.23 1.42
1372.82 1.44
1386.55 1.42
1400.41 1.38
1414.42 1.35
1428.56 1.29
1442.85 1.26
1457.28 1.3
1471.85 1.29
1486.57 1.31
1501.43 1.32
1516.45 1.3
1531.61 1.3
1546.93 1.35
1562.4 1.41
1578.02 1.48
1593.8 1.55
1609.74 1.61
1625.84 1.67
1642.1 1.81
1658.52 1.9
1675.1 1.96
1691.85 2.04
1708.77 2.08
1725.86 2.12
1743.12 2.13
1760.55 2.17
1778.15 2.19
1795.94 2.21
1813.9 2.26
1832.03 2.25
1850.36 2.25
1868.86 2.3
1887.55 2.41
1906.42 2.52
1925.49 2.49
1944.74 2.44
1964.19 2.35
1983.83 2.4
2003.67 2.52
2023.71 2.68
2043.94 2.68
2064.38 2.65
2085.03 2.74
2105.88 2.81
2126.94 2.8
2148.2 2.88
2169.69 3.04
2191.38 3.21
2213.3 3.32
2235.43 3.36
2257.78 3.39
2280.36 3.47
2303.17 3.56
2326.2 3.64
2349.46 3.73
2372.95 3.91
2396.68 4.1
2420.65 4.26
2444.86 4.38
2469.31 4.36
2494 4.49
2518.94 4.55
2544.13 4.65
2569.57 4.79
2595.27 4.94
2621.22 5.11
2647.43 5.24
2673.9 5.4
2700.64 5.58
2727.65 5.85
2754.93 6.13
2782.48 6.41
2810.3 6.57
2838.4 6.75
2866.79 6.84
2895.46 6.88
2924.41 7.02
2953.65 7.26
2983.19 7.47
3013.02 7.64
3043.15 7.93
3073.58 8.22
3104.32 8.43
3135.36 8.6
3166.72 8.81
3198.38 8.91
3230.37 9.03
3262.67 9.14
3295.3 9.16
3328.25 9.17
3361.53 9.18
3395.15 9.18
3429.1 9.19
3463.39 9.23
3498.03 9.19
3533.01 9.12
3568.34 9.05
3604.02 8.9
3640.06 8.74
3676.46 8.48
3713.22 8.17
3750.36 7.88
3787.86 7.45
3825.74 7.22
3864 7.03
3902.64 6.66
3941.66 6.37
3981.08 6.2
4020.89 6.07
4061.1 5.86
4101.71 5.6
4142.73 5.35
4184.15 5.07
4226 4.69
4268.26 4.3
4310.94 3.86
4354.05 3.53
4397.59 3.21
4441.56 2.87
4485.98 2.54
4530.84 2.27
4576.15 1.88
4621.91 1.53
4668.13 1.32
4714.81 1.28
4761.96 1.21
4809.58 1.26
4857.67 1.41
4906.25 1.57
4955.31 1.66
5004.87 1.72
5054.91 1.72
5105.46 1.67
5156.52 1.6
5208.08 1.53
5260.16 1.44
5312.77 1.29
5365.89 1.1
5419.55 0.96
5473.75 0.83
5528.49 0.68
5583.77 0.49
5639.61 0.24
5696 0.15
5752.96 0.1
5810.49 0.11
5868.6 0.27
5927.28 0.34
5986.56 0.42
6046.42 0.38
6106.89 0.34
6167.96 0.22
6229.64 0.05
6291.93 -0.13
6354.85 -0.55
6418.4 -1.04
6482.58 -1.48
6547.41 -1.91
6612.88 -2.32
6679.01 -2.79
6745.8 -3.23
6813.26 -3.45
6881.39 -3.58
6950.21 -3.76
7019.71 -3.9
7089.91 -3.92
7160.81 -3.92
7232.41 -4.02
7304.74 -4.14
7377.79 -4.15
7451.56 -4.09
7526.08 -4.02
7601.34 -3.72
7677.35 -3.36
7754.13 -3.08
7831.67 -2.6
7909.98 -2.22
7989.08 -1.84
8068.98 -1.53
8149.67 -1.17
8231.16 -0.83
8313.47 -0.5
8396.61 -0.24
8480.57 -0.53
8565.38 -0.67
8651.03 -0.64
8737.54 -0.68
8824.92 -0.65
8913.17 -0.72
9002.3 -0.82
9092.32 -0.93
9183.25 -0.84
9275.08 -0.56
9367.83 -0.38
9461.51 -0.37
9556.12 -0.39
9651.68 -0.7
9748.2 -0.94
9845.68 -1.11
9944.14 -1.41
10043.58 -1.67
10144.02 -2.08
10245.46 -2.38
10347.91 -2.33
10451.39 -2.32
10555.91 -2.48
10661.46 -2.7
10768.08 -2.84
10875.76 -3.27
10984.52 -3.3
11094.36 -3.23
11205.31 -3.14
11317.36 -2.86
11430.53 -2.48
11544.84 -2.13
11660.29 -1.86
11776.89 -1.46
11894.66 -0.76
12013.6 -0.36
12133.74 -0.66
12255.08 -0.99
12377.63 -1
12501.41 -1.36
12626.42 -2.12
12752.68 -3.24
12880.21 -4.62
13009.01 -5.98
13139.1 -7.07
13270.49 -8.04
13403.2 -8.99
13537.23 -9.65
13672.6 -10.52
13809.33 -11.1
13947.42 -11.72
14086.9 -12.12
14227.77 -12.31
14370.04 -12.09
14513.74 -11.74
14658.88 -11.42
14805.47 -10.99
14953.52 -10.61
15103.06 -10.43
15254.09 -10.66
15406.63 -10.79
15560.7 -10.92
15716.3 -11.74
15873.47 -13.67
16032.2 -15.51
16192.52 -17.36
16354.45 -19.26
16517.99 -20.45
16683.17 -20.82
16850.01 -22.87
17018.51 -22.45
17188.69 -20.11
17360.58 -18.52
17534.18 -15.78
17709.53 -13.94
17886.62 -12.33
18065.49 -10.8
18246.14 -9.76
18428.6 -9.57
18612.89 -9.44
18799.02 -9.38
18987.01 -8.6
19176.88 -7.99
19368.65 -8.13
19562.33 -8.01
19757.96 -8.02
19955.54 -8.68