20 2.35
20.2 2.39
20.4 2.43
20.61 2.47
20.81 2.5
21.02 2.56
21.23 2.74
21.44 2.92
21.66 3.1
21.87 3.28
22.09 3.41
22.31 3.46
22.54 3.51
22.76 3.57
22.99 3.62
23.22 3.69
23.45 3.76
23.69 3.83
23.92 3.91
24.16 3.96
24.4 4.02
24.65 4.07
24.89 4.12
25.14 4.21
25.39 4.34
25.65 4.46
25.91 4.58
26.16 4.69
26.43 4.79
26.69 4.89
26.96 4.98
27.23 5.08
27.5 5.18
27.77 5.28
28.05 5.39
28.33 5.54
28.62 5.7
28.9 5.86
29.19 5.97
29.48 6.05
29.78 6.14
30.08 6.23
30.38 6.37
30.68 6.5
30.99 6.63
31.3 6.74
31.61 6.84
31.93 6.94
32.24 6.98
32.57 7
32.89 7.02
33.22 7.1
33.55 7.21
33.89 7.32
34.23 7.38
34.57 7.42
34.92 7.46
35.27 7.5
35.62 7.53
35.97 7.57
36.33 7.54
36.7 7.5
37.06 7.47
37.43 7.47
37.81 7.47
38.19 7.48
38.57 7.49
38.95 7.51
39.34 7.64
39.74 7.78
40.14 7.9
40.54 7.97
40.94 8.03
41.35 8.05
41.76 8.07
42.18 8.08
42.6 8.08
43.03 8.08
43.46 8.08
43.9 8.08
44.33 8.08
44.78 8.08
45.23 8.08
45.68 8.08
46.13 8.08
46.6 8.08
47.06 8.09
47.53 8.19
48.01 8.28
48.49 8.28
48.97 8.28
49.46 8.31
49.96 8.35
50.46 8.41
50.96 8.47
51.47 8.55
51.99 8.62
52.51 8.7
53.03 8.78
53.56 8.87
54.1 8.95
54.64 9.03
55.18 9.08
55.74 9.09
56.29 9.13
56.86 9.19
57.42 9.24
58 9.28
58.58 9.34
59.16 9.38
59.76 9.38
60.35 9.38
60.96 9.38
61.57 9.38
62.18 9.4
62.8 9.46
63.43 9.48
64.07 9.48
64.71 9.48
65.35 9.52
66.01 9.58
66.67 9.58
67.33 9.58
68.01 9.58
68.69 9.58
69.37 9.58
70.07 9.58
70.77 9.58
71.48 9.58
72.19 9.58
72.91 9.58
73.64 9.58
74.38 9.58
75.12 9.58
75.87 9.58
76.63 9.58
77.4 9.58
78.17 9.58
78.95 9.58
79.74 9.58
80.54 9.58
81.35 9.61
82.16 9.68
82.98 9.68
83.81 9.68
84.65 9.68
85.5 9.68
86.35 9.69
87.22 9.69
88.09 9.69
88.97 9.69
89.86 9.69
90.76 9.69
91.66 9.69
92.58 9.69
93.51 9.69
94.44 9.69
95.39 9.69
96.34 9.69
97.3 9.68
98.28 9.67
99.26 9.66
100.25 9.64
101.25 9.64
102.27 9.66
103.29 9.68
104.32 9.68
105.37 9.66
106.42 9.63
107.48 9.61
108.56 9.58
109.64 9.56
110.74 9.54
111.85 9.52
112.97 9.52
114.1 9.51
115.24 9.51
116.39 9.52
117.55 9.57
118.73 9.62
119.92 9.63
121.12 9.63
122.33 9.64
123.55 9.65
124.79 9.66
126.03 9.66
127.29 9.6
128.57 9.57
129.85 9.58
131.15 9.59
132.46 9.59
133.79 9.59
135.12 9.6
136.48 9.6
137.84 9.6
139.22 9.61
140.61 9.61
142.02 9.61
143.44 9.61
144.87 9.61
146.32 9.61
147.78 9.61
149.26 9.61
150.75 9.61
152.26 9.61
153.78 9.61
155.32 9.56
156.88 9.51
158.44 9.51
160.03 9.45
161.63 9.42
163.24 9.41
164.88 9.42
166.53 9.56
168.19 9.59
169.87 9.59
171.57 9.58
173.29 9.57
175.02 9.57
176.77 9.56
178.54 9.56
180.32 9.57
182.13 9.57
183.95 9.58
185.79 9.59
187.65 9.61
189.52 9.62
191.42 9.56
193.33 9.55
195.27 9.56
197.22 9.58
199.19 9.56
201.18 9.52
203.19 9.5
205.23 9.48
207.28 9.43
209.35 9.37
211.44 9.36
213.56 9.39
215.69 9.39
217.85 9.39
220.03 9.35
222.23 9.3
224.45 9.28
226.7 9.28
228.96 9.29
231.25 9.29
233.57 9.3
235.9 9.28
238.26 9.17
240.64 9.15
243.05 9.16
245.48 9.13
247.93 9.1
250.41 9.04
252.92 8.99
255.45 8.95
258 8.85
260.58 8.78
263.19 8.72
265.82 8.67
268.48 8.68
271.16 8.56
273.87 8.46
276.61 8.38
279.38 8.3
282.17 8.23
284.99 8.13
287.84 8.03
290.72 7.98
293.63 7.91
296.57 7.83
299.53 7.73
302.53 7.68
305.55 7.6
308.61 7.55
311.69 7.45
314.81 7.36
317.96 7.28
321.14 7.25
324.35 7.17
327.59 7.07
330.87 6.95
334.18 6.86
337.52 6.82
340.9 6.71
344.3 6.62
347.75 6.5
351.23 6.45
354.74 6.43
358.28 6.33
361.87 6.26
365.49 6.26
369.14 6.16
372.83 6.04
376.56 5.98
380.33 5.97
384.13 5.86
387.97 5.81
391.85 5.74
395.77 5.63
399.73 5.57
403.72 5.43
407.76 5.35
411.84 5.27
415.96 5.15
420.12 5.08
424.32 5.02
428.56 4.88
432.85 4.8
437.18 4.75
441.55 4.68
445.96 4.64
450.42 4.56
454.93 4.47
459.48 4.41
464.07 4.34
468.71 4.24
473.4 4.12
478.13 4.04
482.91 3.98
487.74 3.88
492.62 3.73
497.55 3.6
502.52 3.49
507.55 3.36
512.62 3.23
517.75 3.16
522.93 3
528.16 2.93
533.44 2.98
538.77 3.05
544.16 2.95
549.6 2.81
555.1 2.62
560.65 2.39
566.25 1.98
571.92 1.63
577.64 1.27
583.41 0.89
589.25 0.58
595.14 0.37
601.09 0.16
607.1 -0.1
613.17 -0.3
619.3 -0.51
625.5 -0.8
631.75 -1
638.07 -1.17
644.45 -1.39
650.89 -1.56
657.4 -1.73
663.98 -1.94
670.62 -2.04
677.32 -2.12
684.1 -2.21
690.94 -2.41
697.85 -2.51
704.83 -2.64
711.87 -2.82
718.99 -2.79
726.18 -2.76
733.44 -2.84
740.78 -2.99
748.19 -3.21
755.67 -3.62
763.23 -4.01
770.86 -4.18
778.57 -4.31
786.35 -4.42
794.22 -4.53
802.16 -4.63
810.18 -4.67
818.28 -4.65
826.46 -4.55
834.73 -4.5
843.08 -4.41
851.51 -4.24
860.02 -4.1
868.62 -3.97
877.31 -3.8
886.08 -3.64
894.94 -3.44
903.89 -3.21
912.93 -2.97
922.06 -2.72
931.28 -2.36
940.59 -2.02
950 -1.8
959.5 -1.53
969.09 -1.14
978.78 -0.85
988.57 -0.48
998.46 -0.07
1008.44 0.24
1018.53 0.47
1028.71 0.94
1039 1.35
1049.39 1.69
1059.88 2.13
1070.48 2.52
1081.19 2.87
1092 3.26
1102.92 3.6
1113.95 3.9
1125.09 4.26
1136.34 4.58
1147.7 4.86
1159.18 5.09
1170.77 5.22
1182.48 5.28
1194.3 5.3
1206.25 5.32
1218.31 5.21
1230.49 5.12
1242.8 5.06
1255.22 4.94
1267.78 4.84
1280.45 4.79
1293.26 4.59
1306.19 4.35
1319.25 4.16
1332.45 3.85
1345.77 3.52
1359.23 3.27
1372.82 2.93
1386.55 2.53
1400.41 2.29
1414.42 2.04
1428.56 1.72
1442.85 1.42
1457.28 1.17
1471.85 0.75
1486.57 0.35
1501.43 0.13
1516.45 -0.06
1531.61 -0.3
1546.93 -0.51
1562.4 -0.71
1578.02 -1.11
1593.8 -1.43
1609.74 -1.66
1625.84 -2.03
1642.1 -2.32
1658.52 -2.47
1675.1 -2.75
1691.85 -3.14
1708.77 -3.56
1725.86 -3.92
1743.12 -4.29
1760.55 -4.7
1778.15 -4.93
1795.94 -5.19
1813.9 -5.64
1832.03 -6.01
1850.36 -6.36
1868.86 -6.89
1887.55 -7.25
1906.42 -7.55
1925.49 -7.89
1944.74 -8.14
1964.19 -8.09
1983.83 -7.74
2003.67 -7.3
2023.71 -6.68
2043.94 -5.89
2064.38 -4.91
2085.03 -3.84
2105.88 -2.65
2126.94 -1.27
2148.2 -0.03
2169.69 0.97
2191.38 2.08
2213.3 3.57
2235.43 4.68
2257.78 5.74
2280.36 7.14
2303.17 8.21
2326.2 9.19
2349.46 10.51
2372.95 11.51
2396.68 12.35
2420.65 13.33
2444.86 13.97
2469.31 14.52
2494 14.98
2518.94 15.08
2544.13 15.08
2569.57 15.06
2595.27 14.97
2621.22 14.82
2647.43 14.79
2673.9 14.7
2700.64 14.52
2727.65 14.47
2754.93 14.4
2782.48 14.23
2810.3 14.14
2838.4 14.07
2866.79 13.92
2895.46 13.66
2924.41 13.65
2953.65 13.64
2983.19 13.54
3013.02 13.6
3043.15 13.67
3073.58 13.77
3104.32 13.82
3135.36 13.81
3166.72 13.84
3198.38 13.82
3230.37 13.76
3262.67 13.65
3295.3 13.56
3328.25 13.45
3361.53 13.24
3395.15 13.08
3429.1 13.02
3463.39 12.95
3498.03 12.93
3533.01 13.08
3568.34 13.18
3604.02 13.15
3640.06 12.94
3676.46 12.71
3713.22 12.45
3750.36 12.05
3787.86 11.74
3825.74 11.4
3864 11.32
3902.64 11.38
3941.66 11.27
3981.08 11.04
4020.89 10.99
4061.1 10.82
4101.71 10.37
4142.73 9.35
4184.15 8.82
4226 8.33
4268.26 8.16
4310.94 8.65
4354.05 8.89
4397.59 8.73
4441.56 8.2
4485.98 7.61
4530.84 7.01
4576.15 6.21
4621.91 5.52
4668.13 4.89
4714.81 3.93
4761.96 3.17
4809.58 2.67
4857.67 1.98
4906.25 1.2
4955.31 0.65
5004.87 -0.07
5054.91 -0.82
5105.46 -1.69
5156.52 -2.22
5208.08 -2.37
5260.16 -1.97
5312.77 -1.59
5365.89 -1.04
5419.55 -0.34
5473.75 0.16
5528.49 0.55
5583.77 1.07
5639.61 1.49
5696 1.87
5752.96 2.47
5810.49 3.1
5868.6 3.86
5927.28 4.5
5986.56 4.85
6046.42 5.09
6106.89 5.62
6167.96 6.21
6229.64 6.49
6291.93 6.59
6354.85 6.56
6418.4 6.52
6482.58 6.43
6547.41 5.61
6612.88 4.9
6679.01 4.09
6745.8 3.47
6813.26 3.04
6881.39 2.83
6950.21 2.92
7019.71 2.77
7089.91 2.39
7160.81 1.81
7232.41 0.84
7304.74 -0.22
7377.79 -0.98
7451.56 -2.03
7526.08 -3.32
7601.34 -4.78
7677.35 -5.88
7754.13 -6.64
7831.67 -7.31
7909.98 -7.72
7989.08 -7.9
8068.98 -7.01
8149.67 -6.27
8231.16 -5.56
8313.47 -4.57
8396.61 -4.15
8480.57 -3.5
8565.38 -2.98
8651.03 -2.65
8737.54 -1.99
8824.92 -1.19
8913.17 -0.27
9002.3 0.59
9092.32 1.47
9183.25 1.55
9275.08 0.96
9367.83 0.34
9461.51 -0.31
9556.12 -0.28
9651.68 0.11
9748.2 0.6
9845.68 1.14
9944.14 1.51
10043.58 2.46
10144.02 2.55
10245.46 2.11
10347.91 1.53
10451.39 1.62
10555.91 2.15
10661.46 2.27
10768.08 1.83
10875.76 1.07
10984.52 0.63
11094.36 0.46
11205.31 0.68
11317.36 1.07
11430.53 1.67
11544.84 2.47
11660.29 3.11
11776.89 3.61
11894.66 3.84
12013.6 3.68
12133.74 3.34
12255.08 2.95
12377.63 2.09
12501.41 1.38
12626.42 0.88
12752.68 0.07
12880.21 -0.74
13009.01 -1.26
13139.1 -1.45
13270.49 -2.67
13403.2 -3.88
13537.23 -5.05
13672.6 -6.38
13809.33 -7.62
13947.42 -8.36
14086.9 -7.36
14227.77 -6.03
14370.04 -5.11
14513.74 -4.29
14658.88 -3.89
14805.47 -3.61
14953.52 -2.06
15103.06 -0.96
15254.09 -0.57
15406.63 -0.91
15560.7 -1.89
15716.3 -3.25
15873.47 -3.92
16032.2 -4.12
16192.52 -4.71
16354.45 -4.82
16517.99 -3.98
16683.17 -2.92
16850.01 -3.67
17018.51 -4.75
17188.69 -5.55
17360.58 -5.46
17534.18 -4.6
17709.53 -3.29
17886.62 -2.25
18065.49 -2.34
18246.14 -2.8
18428.6 -3.13
18612.89 -3.36
18799.02 -4.83
18987.01 -6.48
19176.88 -9.7
19368.65 -10.24
19562.33 -7.64
19757.96 -2.21
19955.54 -3.19