20 -8.94
20.2 -8.82
20.4 -8.69
20.61 -8.57
20.81 -8.44
21.02 -8.32
21.23 -8.23
21.44 -8.14
21.66 -8.05
21.87 -7.95
22.09 -7.85
22.31 -7.73
22.54 -7.62
22.76 -7.5
22.99 -7.39
23.22 -7.3
23.45 -7.22
23.69 -7.13
23.92 -7.05
24.16 -6.93
24.4 -6.81
24.65 -6.68
24.89 -6.55
25.14 -6.46
25.39 -6.38
25.65 -6.3
25.91 -6.23
26.16 -6.15
26.43 -6.06
26.69 -5.98
26.96 -5.89
27.23 -5.78
27.5 -5.67
27.77 -5.55
28.05 -5.45
28.33 -5.4
28.62 -5.34
28.9 -5.29
29.19 -5.21
29.48 -5.12
29.78 -5.04
30.08 -4.93
30.38 -4.79
30.68 -4.65
30.99 -4.51
31.3 -4.44
31.61 -4.38
31.93 -4.31
32.24 -4.28
32.57 -4.24
32.89 -4.21
33.22 -4.11
33.55 -3.97
33.89 -3.83
34.23 -3.75
34.57 -3.7
34.92 -3.64
35.27 -3.57
35.62 -3.5
35.97 -3.43
36.33 -3.36
36.7 -3.29
37.06 -3.22
37.43 -3.13
37.81 -3.04
38.19 -2.96
38.57 -2.89
38.95 -2.82
39.34 -2.75
39.74 -2.69
40.14 -2.62
40.54 -2.54
40.94 -2.46
41.35 -2.42
41.76 -2.38
42.18 -2.34
42.6 -2.29
43.03 -2.23
43.46 -2.16
43.9 -2.09
44.33 -2.05
44.78 -2.02
45.23 -1.96
45.68 -1.85
46.13 -1.75
46.6 -1.67
47.06 -1.59
47.53 -1.62
48.01 -1.64
48.49 -1.57
48.97 -1.49
49.46 -1.45
49.96 -1.4
50.46 -1.35
50.96 -1.3
51.47 -1.25
51.99 -1.2
52.51 -1.15
53.03 -1.1
53.56 -1.05
54.1 -1
54.64 -0.95
55.18 -0.91
55.74 -0.91
56.29 -0.92
56.86 -0.94
57.42 -0.83
58 -0.68
58.58 -0.72
59.16 -0.73
59.76 -0.65
60.35 -0.57
60.96 -0.5
61.57 -0.51
62.18 -0.54
62.8 -0.55
63.43 -0.5
64.07 -0.42
64.71 -0.37
65.35 -0.34
66.01 -0.31
66.67 -0.32
67.33 -0.33
68.01 -0.33
68.69 -0.36
69.37 -0.32
70.07 -0.25
70.77 -0.24
71.48 -0.24
72.19 -0.24
72.91 -0.24
73.64 -0.24
74.38 -0.24
75.12 -0.25
75.87 -0.34
76.63 -0.34
77.4 -0.36
78.17 -0.41
78.95 -0.43
79.74 -0.43
80.54 -0.43
81.35 -0.43
82.16 -0.45
82.98 -0.57
83.81 -0.55
84.65 -0.51
85.5 -0.52
86.35 -0.55
87.22 -0.51
88.09 -0.44
88.97 -0.43
89.86 -0.43
90.76 -0.42
91.66 -0.43
92.58 -0.41
93.51 -0.3
94.44 -0.22
95.39 -0.23
96.34 -0.22
97.3 -0.26
98.28 -0.31
99.26 -0.28
100.25 -0.28
101.25 -0.3
102.27 -0.31
103.29 -0.32
104.32 -0.32
105.37 -0.3
106.42 -0.3
107.48 -0.31
108.56 -0.29
109.64 -0.25
110.74 -0.21
111.85 -0.21
112.97 -0.18
114.1 -0.11
115.24 -0.11
116.39 -0.14
117.55 -0.14
118.73 -0.05
119.92 -0.02
121.12 0
122.33 0.07
123.55 0.12
124.79 0.11
126.03 0.12
127.29 0.12
128.57 0.13
129.85 0.14
131.15 0.14
132.46 0.15
133.79 0.15
135.12 0.15
136.48 0.16
137.84 0.16
139.22 0.16
140.61 0.16
142.02 0.16
143.44 0.16
144.87 0.16
146.32 0.1
147.78 0.07
149.26 0.01
150.75 -0.03
152.26 -0.03
153.78 -0.03
155.32 -0.03
156.88 -0.03
158.44 -0.07
160.03 -0.12
161.63 -0.19
163.24 -0.24
164.88 -0.31
166.53 -0.37
168.19 -0.4
169.87 -0.38
171.57 -0.33
173.29 -0.28
175.02 -0.26
176.77 -0.27
178.54 -0.27
180.32 -0.26
182.13 -0.26
183.95 -0.25
185.79 -0.24
187.65 -0.22
189.52 -0.3
191.42 -0.29
193.33 -0.28
195.27 -0.32
197.22 -0.34
199.19 -0.33
201.18 -0.32
203.19 -0.36
205.23 -0.41
207.28 -0.4
209.35 -0.44
211.44 -0.5
213.56 -0.52
215.69 -0.6
217.85 -0.66
220.03 -0.61
222.23 -0.6
224.45 -0.73
226.7 -0.82
228.96 -0.86
231.25 -0.93
233.57 -0.9
235.9 -0.95
238.26 -1.08
240.64 -1.13
243.05 -1.13
245.48 -1.14
247.93 -1.16
250.41 -1.2
252.92 -1.29
255.45 -1.37
258 -1.4
260.58 -1.4
263.19 -1.4
265.82 -1.4
268.48 -1.34
271.16 -1.24
273.87 -1.09
276.61 -0.91
279.38 -0.81
282.17 -0.66
284.99 -0.56
287.84 -0.48
290.72 -0.48
293.63 -0.51
296.57 -0.49
299.53 -0.48
302.53 -0.47
305.55 -0.43
308.61 -0.4
311.69 -0.52
314.81 -0.6
317.96 -0.67
321.14 -0.66
324.35 -0.63
327.59 -0.59
330.87 -0.58
334.18 -0.67
337.52 -0.73
340.9 -0.71
344.3 -0.71
347.75 -0.86
351.23 -0.96
354.74 -0.92
358.28 -0.88
361.87 -0.95
365.49 -1
369.14 -1.1
372.83 -1.12
376.56 -1.08
380.33 -1.07
384.13 -1.04
387.97 -1.06
391.85 -1.13
395.77 -1.09
399.73 -1.06
403.72 -1.06
407.76 -1.06
411.84 -1.06
415.96 -1.07
420.12 -1.07
424.32 -1.06
428.56 -1.05
432.85 -1.04
437.18 -1.01
441.55 -0.97
445.96 -0.93
450.42 -0.88
454.93 -0.74
459.48 -0.66
464.07 -0.6
468.71 -0.55
473.4 -0.48
478.13 -0.45
482.91 -0.46
487.74 -0.44
492.62 -0.4
497.55 -0.37
502.52 -0.35
507.55 -0.33
512.62 -0.31
517.75 -0.31
522.93 -0.31
528.16 -0.32
533.44 -0.33
538.77 -0.36
544.16 -0.4
549.6 -0.45
555.1 -0.5
560.65 -0.49
566.25 -0.5
571.92 -0.55
577.64 -0.58
583.41 -0.6
589.25 -0.62
595.14 -0.63
601.09 -0.63
607.1 -0.62
613.17 -0.61
619.3 -0.59
625.5 -0.56
631.75 -0.54
638.07 -0.5
644.45 -0.47
650.89 -0.42
657.4 -0.38
663.98 -0.33
670.62 -0.27
677.32 -0.22
684.1 -0.22
690.94 -0.23
697.85 -0.2
704.83 -0.18
711.87 -0.18
718.99 -0.19
726.18 -0.2
733.44 -0.23
740.78 -0.25
748.19 -0.24
755.67 -0.22
763.23 -0.24
770.86 -0.21
778.57 -0.18
786.35 -0.18
794.22 -0.1
802.16 -0.08
810.18 -0.07
818.28 0.01
826.46 0.03
834.73 0.03
843.08 0.03
851.51 0.03
860.02 0.02
868.62 0.01
877.31 0.01
886.08 0
894.94 -0.01
903.89 -0.02
912.93 -0.02
922.06 -0.03
931.28 -0.03
940.59 -0.03
950 -0.02
959.5 -0.02
969.09 -0.01
978.78 0
988.57 0.01
998.46 0
1008.44 -0.04
1018.53 -0.08
1028.71 -0.1
1039 -0.13
1049.39 -0.16
1059.88 -0.23
1070.48 -0.31
1081.19 -0.34
1092 -0.36
1102.92 -0.42
1113.95 -0.45
1125.09 -0.56
1136.34 -0.6
1147.7 -0.61
1159.18 -0.72
1170.77 -0.82
1182.48 -0.83
1194.3 -0.85
1206.25 -0.81
1218.31 -0.74
1230.49 -0.64
1242.8 -0.62
1255.22 -0.57
1267.78 -0.55
1280.45 -0.53
1293.26 -0.48
1306.19 -0.45
1319.25 -0.46
1332.45 -0.48
1345.77 -0.5
1359.23 -0.57
1372.82 -0.56
1386.55 -0.61
1400.41 -0.7
1414.42 -0.81
1428.56 -0.89
1442.85 -0.95
1457.28 -1.01
1471.85 -0.99
1486.57 -0.96
1501.43 -0.95
1516.45 -0.93
1531.61 -0.95
1546.93 -1.03
1562.4 -1.14
1578.02 -1.21
1593.8 -1.29
1609.74 -1.36
1625.84 -1.39
1642.1 -1.44
1658.52 -1.52
1675.1 -1.57
1691.85 -1.63
1708.77 -1.7
1725.86 -1.75
1743.12 -1.78
1760.55 -1.77
1778.15 -1.79
1795.94 -1.74
1813.9 -1.67
1832.03 -1.67
1850.36 -1.58
1868.86 -1.51
1887.55 -1.47
1906.42 -1.47
1925.49 -1.43
1944.74 -1.39
1964.19 -1.23
1983.83 -1.08
2003.67 -0.99
2023.71 -0.9
2043.94 -0.78
2064.38 -0.65
2085.03 -0.44
2105.88 -0.18
2126.94 0.03
2148.2 0.16
2169.69 0.16
2191.38 0.25
2213.3 0.37
2235.43 0.56
2257.78 0.7
2280.36 0.94
2303.17 1.2
2326.2 1.43
2349.46 1.6
2372.95 1.72
2396.68 1.85
2420.65 1.76
2444.86 1.85
2469.31 2.04
2494 2.2
2518.94 2.29
2544.13 2.31
2569.57 2.43
2595.27 2.63
2621.22 2.74
2647.43 2.88
2673.9 3.1
2700.64 3.26
2727.65 3.3
2754.93 3.32
2782.48 3.36
2810.3 3.33
2838.4 3.34
2866.79 3.39
2895.46 3.45
2924.41 3.44
2953.65 3.41
2983.19 3.31
3013.02 3.45
3043.15 3.59
3073.58 3.59
3104.32 3.89
3135.36 4.02
3166.72 4.09
3198.38 4.13
3230.37 4.05
3262.67 3.83
3295.3 3.74
3328.25 3.87
3361.53 3.93
3395.15 4.01
3429.1 4.18
3463.39 4.09
3498.03 3.94
3533.01 3.69
3568.34 3.46
3604.02 3.27
3640.06 3
3676.46 2.55
3713.22 1.99
3750.36 1.49
3787.86 0.95
3825.74 0.52
3864 0.27
3902.64 -0.01
3941.66 -0.42
3981.08 -0.56
4020.89 -1.01
4061.1 -1.43
4101.71 -1.74
4142.73 -2.06
4184.15 -2.4
4226 -2.83
4268.26 -3.45
4310.94 -4.16
4354.05 -4.8
4397.59 -5.42
4441.56 -5.97
4485.98 -6.46
4530.84 -6.9
4576.15 -7.33
4621.91 -7.7
4668.13 -7.85
4714.81 -7.96
4761.96 -8.02
4809.58 -7.96
4857.67 -7.5
4906.25 -7.15
4955.31 -6.87
5004.87 -6.68
5054.91 -6.59
5105.46 -6.42
5156.52 -6.39
5208.08 -6.35
5260.16 -6.28
5312.77 -6.42
5365.89 -6.67
5419.55 -6.94
5473.75 -7.21
5528.49 -7.45
5583.77 -7.79
5639.61 -8.19
5696 -8.55
5752.96 -8.91
5810.49 -9.06
5868.6 -8.99
5927.28 -8.93
5986.56 -8.69
6046.42 -8.43
6106.89 -8.21
6167.96 -8.11
6229.64 -7.98
6291.93 -7.86
6354.85 -7.74
6418.4 -7.48
6482.58 -7.15
6547.41 -6.88
6612.88 -6.73
6679.01 -6.68
6745.8 -6.67
6813.26 -6.7
6881.39 -6.69
6950.21 -6.77
7019.71 -7.16
7089.91 -7.8
7160.81 -8.01
7232.41 -7.55
7304.74 -7.11
7377.79 -7.25
7451.56 -7.37
7526.08 -7.47
7601.34 -7.73
7677.35 -7.57
7754.13 -7.5
7831.67 -7.97
7909.98 -8.18
7989.08 -8.29
8068.98 -8.33
8149.67 -8.21
8231.16 -7.82
8313.47 -7.09
8396.61 -6.52
8480.57 -5.93
8565.38 -5.09
8651.03 -4.34
8737.54 -3.7
8824.92 -3
8913.17 -2.36
9002.3 -1.86
9092.32 -1.26
9183.25 -0.61
9275.08 -0.12
9367.83 0.37
9461.51 0.62
9556.12 0.81
9651.68 0.99
9748.2 0.94
9845.68 0.72
9944.14 0.4
10043.58 -0.02
10144.02 -0.51
10245.46 -1
10347.91 -1.67
10451.39 -2.69
10555.91 -3.41
10661.46 -4.5
10768.08 -5.53
10875.76 -8.35
10984.52 -9.99
11094.36 -10.78
11205.31 -10.54
11317.36 -9.76
11430.53 -9.05
11544.84 -8.88
11660.29 -8.98
11776.89 -9.22
11894.66 -9.26
12013.6 -9.74
12133.74 -10.23
12255.08 -10.82
12377.63 -11.48
12501.41 -12.7
12626.42 -12.91
12752.68 -13.08
12880.21 -13.74
13009.01 -14.25
13139.1 -14.21
13270.49 -14.43
13403.2 -14.88
13537.23 -15.46
13672.6 -16.13
13809.33 -17.26
13947.42 -18.27
14086.9 -19.73
14227.77 -21.19
14370.04 -22.08
14513.74 -22.33
14658.88 -21.53
14805.47 -19.87
14953.52 -18.58
15103.06 -18.34
15254.09 -18.53
15406.63 -19.46
15560.7 -20.79
15716.3 -23.23
15873.47 -23.19
16032.2 -22.01
16192.52 -22.78
16354.45 -24.19
16517.99 -22.51
16683.17 -21.15
16850.01 -18.94
17018.51 -17.21
17188.69 -15.65
17360.58 -14.14
17534.18 -13.56
17709.53 -13.85
17886.62 -14.35
18065.49 -14.57
18246.14 -15.17
18428.6 -14.45
18612.89 -12.38
18799.02 -11.46
18987.01 -11.68
19176.88 -13.17
19368.65 -15.36
19562.33 -16.64
19757.96 -17.53
19955.54 -17.43