20 -25.17
20.2 -25.07
20.4 -24.97
20.61 -24.88
20.81 -24.78
21.02 -24.64
21.23 -24.09
21.44 -23.55
21.66 -23
21.87 -22.46
22.09 -22.27
22.31 -22.58
22.54 -22.88
22.76 -23.19
22.99 -23.5
23.22 -23.08
23.45 -22.62
23.69 -22.16
23.92 -21.71
24.16 -21.55
24.4 -21.54
24.65 -21.53
24.89 -21.52
25.14 -21.72
25.39 -22.08
25.65 -22.44
25.91 -22.8
26.16 -22.84
26.43 -22.71
26.69 -22.57
26.96 -22.43
27.23 -22.32
27.5 -22.22
27.77 -22.12
28.05 -22.02
28.33 -21.92
28.62 -21.81
28.9 -21.71
29.19 -21.58
29.48 -21.44
29.78 -21.3
30.08 -21.16
30.38 -21.04
30.68 -20.92
30.99 -20.8
31.3 -20.69
31.61 -20.58
31.93 -20.47
32.24 -20.35
32.57 -20.23
32.89 -20.12
33.22 -19.76
33.55 -19.29
33.89 -18.82
34.23 -18.46
34.57 -18.15
34.92 -17.84
35.27 -17.82
35.62 -17.9
35.97 -17.97
36.33 -17.89
36.7 -17.8
37.06 -17.76
37.43 -17.97
37.81 -18.19
38.19 -18.24
38.57 -18.12
38.95 -18
39.34 -17.64
39.74 -17.24
40.14 -16.82
40.54 -16.36
40.94 -15.9
41.35 -16.22
41.76 -16.68
42.18 -16.9
42.6 -16.79
43.03 -16.69
43.46 -16.57
43.9 -16.45
44.33 -16.31
44.78 -16.15
45.23 -16.02
45.68 -15.91
46.13 -15.8
46.6 -15.69
47.06 -15.57
47.53 -15.41
48.01 -15.26
48.49 -15.13
48.97 -15.01
49.46 -14.93
49.96 -14.86
50.46 -14.69
50.96 -14.51
51.47 -14.38
51.99 -14.25
52.51 -14.1
53.03 -13.94
53.56 -13.8
54.1 -13.66
54.64 -13.53
55.18 -13.4
55.74 -13.25
56.29 -13.12
56.86 -13
57.42 -12.86
58 -12.71
58.58 -12.58
59.16 -12.44
59.76 -12.31
60.35 -12.16
60.96 -12.02
61.57 -11.87
62.18 -11.74
62.8 -11.64
63.43 -11.5
64.07 -11.34
64.71 -11.2
65.35 -11.06
66.01 -10.91
66.67 -10.76
67.33 -10.64
68.01 -10.55
68.69 -10.42
69.37 -10.27
70.07 -10.1
70.77 -9.95
71.48 -9.8
72.19 -9.67
72.91 -9.57
73.64 -9.44
74.38 -9.31
75.12 -9.2
75.87 -9.06
76.63 -8.86
77.4 -8.69
78.17 -8.56
78.95 -8.46
79.74 -8.33
80.54 -8.2
81.35 -8.06
82.16 -7.9
82.98 -7.72
83.81 -7.59
84.65 -7.48
85.5 -7.35
86.35 -7.24
87.22 -7.16
88.09 -7
88.97 -6.86
89.86 -6.69
90.76 -6.55
91.66 -6.46
92.58 -6.34
93.51 -6.21
94.44 -6.05
95.39 -5.88
96.34 -5.73
97.3 -5.59
98.28 -5.5
99.26 -5.42
100.25 -5.28
101.25 -5.11
102.27 -4.99
103.29 -4.84
104.32 -4.69
105.37 -4.6
106.42 -4.63
107.48 -4.56
108.56 -4.41
109.64 -4.25
110.74 -4.14
111.85 -4.05
112.97 -3.87
114.1 -3.69
115.24 -3.56
116.39 -3.57
117.55 -3.48
118.73 -3.34
119.92 -3.22
121.12 -3.01
122.33 -2.85
123.55 -2.76
124.79 -2.66
126.03 -2.58
127.29 -2.37
128.57 -2.11
129.85 -2.15
131.15 -2.02
132.46 -1.79
133.79 -1.67
135.12 -1.72
136.48 -1.67
137.84 -1.47
139.22 -1.4
140.61 -1.34
142.02 -1.18
143.44 -0.93
144.87 -0.91
146.32 -1.1
147.78 -0.9
149.26 -0.83
150.75 -0.73
152.26 -0.42
153.78 -0.39
155.32 -0.4
156.88 -0.28
158.44 -0.09
160.03 -0.1
161.63 -0.54
163.24 -0.15
164.88 0.16
166.53 -0.08
168.19 -0.14
169.87 -0.1
171.57 -0.05
173.29 0
175.02 0.01
176.77 0.01
178.54 0.01
180.32 0.01
182.13 0.15
183.95 0.44
185.79 0.34
187.65 0.18
189.52 0.4
191.42 0.39
193.33 0.19
195.27 0.11
197.22 0.13
199.19 0.14
201.18 0.14
203.19 0.15
205.23 0.15
207.28 0.15
209.35 0.15
211.44 0.15
213.56 -0.06
215.69 -0.1
217.85 0.21
220.03 0.23
222.23 0.23
224.45 0.23
226.7 0.23
228.96 0.23
231.25 0.46
233.57 0.54
235.9 0.32
238.26 0.21
240.64 0.2
243.05 0.21
245.48 0.37
247.93 0.53
250.41 0.26
252.92 0.2
255.45 0.27
258 0.41
260.58 0.34
263.19 0.18
265.82 0.13
268.48 0.25
271.16 0.33
273.87 0.35
276.61 0.17
279.38 0.21
282.17 0.09
284.99 0.09
287.84 -0.02
290.72 -0.13
293.63 0.01
296.57 -0.04
299.53 -0.19
302.53 -0.2
305.55 -0.1
308.61 -0.04
311.69 -0.22
314.81 -0.19
317.96 -0.14
321.14 -0.26
324.35 -0.33
327.59 -0.25
330.87 -0.28
334.18 -0.38
337.52 -0.54
340.9 -0.69
344.3 -0.76
347.75 -0.74
351.23 -0.8
354.74 -0.84
358.28 -0.89
361.87 -1
365.49 -1.18
369.14 -1.01
372.83 -0.55
376.56 0.11
380.33 0.6
384.13 0.96
387.97 1.13
391.85 1.3
395.77 1.36
399.73 1.23
403.72 0.87
407.76 0.36
411.84 0.17
415.96 0.08
420.12 -0.17
424.32 -0.44
428.56 -0.54
432.85 -0.6
437.18 -0.69
441.55 -0.75
445.96 -0.76
450.42 -0.7
454.93 -0.75
459.48 -0.76
464.07 -0.65
468.71 -0.63
473.4 -0.67
478.13 -0.64
482.91 -0.56
487.74 -0.51
492.62 -0.57
497.55 -0.58
502.52 -0.56
507.55 -0.52
512.62 -0.49
517.75 -0.53
522.93 -0.6
528.16 -0.62
533.44 -0.63
538.77 -0.66
544.16 -0.69
549.6 -0.74
555.1 -0.88
560.65 -0.95
566.25 -1
571.92 -1.04
577.64 -1.03
583.41 -1.06
589.25 -1.11
595.14 -1.13
601.09 -1.13
607.1 -1.12
613.17 -1.11
619.3 -1.09
625.5 -1.06
631.75 -1.03
638.07 -1
644.45 -1.04
650.89 -1.02
657.4 -0.97
663.98 -0.92
670.62 -0.87
677.32 -0.82
684.1 -0.77
690.94 -0.73
697.85 -0.7
704.83 -0.68
711.87 -0.66
718.99 -0.61
726.18 -0.6
733.44 -0.63
740.78 -0.65
748.19 -0.68
755.67 -0.7
763.23 -0.65
770.86 -0.65
778.57 -0.67
786.35 -0.67
794.22 -0.6
802.16 -0.58
810.18 -0.57
818.28 -0.57
826.46 -0.56
834.73 -0.56
843.08 -0.54
851.51 -0.43
860.02 -0.39
868.62 -0.39
877.31 -0.39
886.08 -0.4
894.94 -0.39
903.89 -0.34
912.93 -0.33
922.06 -0.33
931.28 -0.31
940.59 -0.19
950 -0.14
959.5 -0.13
969.09 -0.12
978.78 -0.11
988.57 -0.1
998.46 -0.02
1008.44 0.02
1018.53 0.05
1028.71 0.07
1039 0.18
1049.39 0.25
1059.88 0.28
1070.48 0.32
1081.19 0.37
1092 0.42
1102.92 0.44
1113.95 0.42
1125.09 0.49
1136.34 0.59
1147.7 0.79
1159.18 0.88
1170.77 0.88
1182.48 0.86
1194.3 0.81
1206.25 0.91
1218.31 0.99
1230.49 1.1
1242.8 1.38
1255.22 1.5
1267.78 1.53
1280.45 1.62
1293.26 1.89
1306.19 1.89
1319.25 1.88
1332.45 2.04
1345.77 2.13
1359.23 2.15
1372.82 2.27
1386.55 2.65
1400.41 2.77
1414.42 2.85
1428.56 2.98
1442.85 3.18
1457.28 3.34
1471.85 3.51
1486.57 3.63
1501.43 3.83
1516.45 4.19
1531.61 4.38
1546.93 4.41
1562.4 4.54
1578.02 4.69
1593.8 4.87
1609.74 5
1625.84 5.18
1642.1 5.45
1658.52 5.72
1675.1 5.93
1691.85 6.11
1708.77 6.32
1725.86 6.61
1743.12 6.85
1760.55 7.04
1778.15 7.25
1795.94 7.52
1813.9 7.78
1832.03 7.99
1850.36 8.09
1868.86 8.33
1887.55 8.62
1906.42 8.71
1925.49 8.93
1944.74 9.31
1964.19 9.61
1983.83 9.82
2003.67 10
2023.71 10.29
2043.94 10.37
2064.38 10.53
2085.03 10.79
2105.88 11
2126.94 11.19
2148.2 11.39
2169.69 11.62
2191.38 11.94
2213.3 12.19
2235.43 12.39
2257.78 12.55
2280.36 12.67
2303.17 12.84
2326.2 12.97
2349.46 13.05
2372.95 13.09
2396.68 13.14
2420.65 13.25
2444.86 13.32
2469.31 13.37
2494 13.45
2518.94 13.55
2544.13 13.56
2569.57 13.71
2595.27 13.95
2621.22 14.03
2647.43 14.06
2673.9 14.12
2700.64 14.16
2727.65 14.12
2754.93 14.08
2782.48 14.03
2810.3 13.92
2838.4 13.88
2866.79 13.86
2895.46 13.66
2924.41 13.44
2953.65 13.27
2983.19 13.15
3013.02 13.05
3043.15 12.91
3073.58 12.8
3104.32 12.72
3135.36 12.58
3166.72 12.4
3198.38 12.22
3230.37 11.93
3262.67 11.68
3295.3 11.45
3328.25 11.26
3361.53 11.09
3395.15 10.95
3429.1 10.62
3463.39 10.39
3498.03 10.23
3533.01 10.08
3568.34 10.17
3604.02 10.32
3640.06 10.32
3676.46 10.2
3713.22 10
3750.36 9.76
3787.86 9.5
3825.74 9.28
3864 9.08
3902.64 8.9
3941.66 8.75
3981.08 8.75
4020.89 8.74
4061.1 8.7
4101.71 8.63
4142.73 8.56
4184.15 8.5
4226 8.47
4268.26 8.45
4310.94 8.42
4354.05 8.49
4397.59 8.51
4441.56 8.56
4485.98 8.52
4530.84 8.5
4576.15 8.45
4621.91 8.49
4668.13 8.57
4714.81 8.62
4761.96 8.73
4809.58 8.77
4857.67 8.7
4906.25 8.78
4955.31 8.84
5004.87 8.81
5054.91 8.71
5105.46 8.52
5156.52 8.24
5208.08 7.88
5260.16 7.49
5312.77 7.06
5365.89 6.29
5419.55 5.57
5473.75 5.33
5528.49 5.94
5583.77 6.88
5639.61 6.45
5696 6.3
5752.96 6.46
5810.49 6.45
5868.6 6.24
5927.28 5.99
5986.56 5.4
6046.42 4.61
6106.89 3.11
6167.96 2.3
6229.64 2.6
6291.93 1.92
6354.85 1.62
6418.4 2.18
6482.58 3.06
6547.41 3.83
6612.88 4.67
6679.01 5.17
6745.8 5.71
6813.26 5.92
6881.39 5.94
6950.21 5.96
7019.71 6.1
7089.91 6.13
7160.81 6.07
7232.41 6.14
7304.74 6.19
7377.79 6.08
7451.56 5.96
7526.08 5.78
7601.34 5.6
7677.35 5.49
7754.13 5.45
7831.67 5.44
7909.98 5.54
7989.08 5.65
8068.98 5.79
8149.67 5.97
8231.16 6.1
8313.47 6.01
8396.61 5.71
8480.57 5.06
8565.38 4.25
8651.03 3.63
8737.54 3.45
8824.92 3.54
8913.17 3.83
9002.3 3.59
9092.32 2.9
9183.25 1.78
9275.08 0.49
9367.83 -0.79
9461.51 -1.63
9556.12 -1.97
9651.68 -2.17
9748.2 -2.44
9845.68 -2.6
9944.14 -2.72
10043.58 -2.97
10144.02 -3
10245.46 -2.9
10347.91 -3.03
10451.39 -3.41
10555.91 -3.57
10661.46 -3.79
10768.08 -4.11
10875.76 -5.8
10984.52 -6.33
11094.36 -6.08
11205.31 -4.97
11317.36 -3.39
11430.53 -2.03
11544.84 -1.79
11660.29 -1.97
11776.89 -1.84
11894.66 -1.63
12013.6 -2.23
12133.74 -3.04
12255.08 -3.16
12377.63 -2.87
12501.41 -2.8
12626.42 -3.01
12752.68 -3.3
12880.21 -3.25
13009.01 -2.9
13139.1 -2.73
13270.49 -2.62
13403.2 -2.23
13537.23 -1.83
13672.6 -0.94
13809.33 -0.09
13947.42 1.03
14086.9 2.39
14227.77 3.23
14370.04 4.08
14513.74 5
14658.88 5.22
14805.47 4.19
14953.52 3.85
15103.06 3.38
15254.09 2.33
15406.63 1.6
15560.7 0.23
15716.3 -0.71
15873.47 -1.74
16032.2 -2.53
16192.52 -3.26
16354.45 -3.98
16517.99 -4.46
16683.17 -4.77
16850.01 -5.19
17018.51 -5.81
17188.69 -6.76
17360.58 -7.55
17534.18 -8.58
17709.53 -9.39
17886.62 -10.13
18065.49 -10.77
18246.14 -11.28
18428.6 -11.86
18612.89 -12.45
18799.02 -13.4
18987.01 -13.96
19176.88 -15.38
19368.65 -16.88
19562.33 -17.86
19757.96 -19.49
19955.54 -21.28