20 81.112
20.36 81.096
20.73 81.08
21.11 81.064
21.5 81.048
21.89 81.031
22.29 81.014
22.69 80.997
23.1 80.98
23.52 80.963
23.95 80.944
24.39 80.926
24.83 80.908
25.28 80.889
25.74 80.87
26.21 80.849
26.69 80.828
27.18 80.806
27.67 80.785
28.17 80.761
28.69 80.738
29.21 80.713
29.74 80.687
30.28 80.661
30.83 80.634
31.39 80.606
31.97 80.577
32.55 80.547
33.14 80.515
33.74 80.483
34.36 80.45
34.98 80.415
35.62 80.379
36.27 80.342
36.93 80.304
37.6 80.265
38.28 80.225
38.98 80.183
39.69 80.14
40.41 80.097
41.15 80.052
41.9 80.007
42.66 79.96
43.44 79.912
44.23 79.863
45.03 79.812
45.85 79.761
46.68 79.709
47.53 79.656
48.4 79.601
49.28 79.545
50.18 79.49
51.09 79.433
52.02 79.375
52.97 79.317
53.93 79.258
54.91 79.198
55.91 79.139
56.93 79.079
57.97 79.018
59.02 78.958
60.09 78.897
61.19 78.836
62.3 78.775
63.44 78.713
64.59 78.651
65.77 78.588
66.96 78.525
68.18 78.461
69.42 78.395
70.69 78.33
71.97 78.263
73.28 78.196
74.62 78.126
75.97 78.057
77.36 77.986
78.76 77.914
80.2 77.841
81.66 77.766
83.14 77.69
84.66 77.614
86.2 77.536
87.77 77.458
89.36 77.379
90.99 77.301
92.65 77.223
94.33 77.147
96.05 77.074
97.8 77.002
99.58 76.935
101.39 76.868
103.23 76.804
105.11 76.741
107.03 76.676
108.97 76.611
110.96 76.545
112.98 76.476
115.03 76.405
117.13 76.333
119.26 76.261
121.43 76.189
123.64 76.12
125.89 76.052
128.18 75.985
130.51 75.92
132.89 75.856
135.31 75.792
137.77 75.727
140.28 75.662
142.83 75.596
145.43 75.531
148.07 75.466
150.77 75.403
153.51 75.34
156.31 75.279
159.15 75.218
162.05 75.158
165 75.098
168 75.039
171.06 74.983
174.17 74.93
177.34 74.883
180.57 74.842
183.86 74.806
187.2 74.772
190.61 74.741
194.08 74.71
197.61 74.679
201.21 74.649
204.87 74.615
208.6 74.58
212.39 74.543
216.26 74.504
220.19 74.464
224.2 74.423
228.28 74.382
232.44 74.341
236.67 74.301
240.97 74.261
245.36 74.223
249.82 74.187
254.37 74.152
259 74.12
263.71 74.09
268.51 74.062
273.4 74.036
278.38 74.012
283.44 73.99
288.6 73.968
293.85 73.947
299.2 73.926
304.65 73.904
310.19 73.882
315.84 73.858
321.59 73.834
327.44 73.809
333.4 73.784
339.47 73.759
345.64 73.735
351.93 73.712
358.34 73.69
364.86 73.669
371.5 73.65
378.26 73.631
385.15 73.614
392.16 73.599
399.29 73.584
406.56 73.571
413.96 73.56
421.49 73.551
429.16 73.543
436.97 73.537
444.93 73.532
453.02 73.527
461.27 73.52
469.66 73.512
478.21 73.502
486.91 73.49
495.78 73.477
504.8 73.464
513.99 73.45
523.34 73.438
532.87 73.427
542.56 73.417
552.44 73.409
562.49 73.402
572.73 73.398
583.15 73.395
593.77 73.393
604.57 73.395
615.57 73.4
626.78 73.411
638.18 73.425
649.8 73.444
661.63 73.468
673.67 73.495
685.93 73.524
698.41 73.555
711.12 73.586
724.06 73.618
737.24 73.653
750.66 73.691
764.32 73.733
778.23 73.781
792.39 73.836
806.82 73.898
821.5 73.966
836.45 74.039
851.67 74.115
867.17 74.193
882.96 74.273
899.02 74.355
915.39 74.442
932.05 74.534
949.01 74.637
966.28 74.75
983.87 74.876
1001.77 75.014
1020 75.16
1038.57 75.311
1057.47 75.463
1076.71 75.611
1096.31 75.756
1116.26 75.901
1136.58 76.046
1157.26 76.192
1178.32 76.342
1199.77 76.494
1221.6 76.648
1243.84 76.797
1266.47 76.94
1289.52 77.077
1312.99 77.205
1336.89 77.33
1361.22 77.455
1385.99 77.586
1411.22 77.728
1436.9 77.883
1463.05 78.049
1489.68 78.224
1516.79 78.402
1544.4 78.572
1572.5 78.723
1601.12 78.842
1630.26 78.922
1659.93 78.964
1690.14 78.985
1720.9 79.003
1752.22 79.038
1784.11 79.104
1816.58 79.203
1849.64 79.333
1883.3 79.487
1917.58 79.654
1952.48 79.829
1988.01 80.004
2024.19 80.174
2061.03 80.334
2098.54 80.483
2136.73 80.623
2175.62 80.758
2215.22 80.894
2255.53 81.043
2296.58 81.21
2338.38 81.399
2380.94 81.614
2424.27 81.847
2468.39 82.091
2513.31 82.334
2559.05 82.567
2605.63 82.784
2653.05 82.978
2701.33 83.146
2750.5 83.285
2800.55 83.395
2851.52 83.476
2903.42 83.53
2956.26 83.56
3010.06 83.572
3064.85 83.574
3120.62 83.57
3177.42 83.565
3235.25 83.561
3294.13 83.556
3354.08 83.548
3415.12 83.535
3477.27 83.518
3540.56 83.497
3605 83.475
3670.6 83.455
3737.41 83.438
3805.43 83.426
3874.68 83.414
3945.2 83.401
4017 83.379
4090.11 83.342
4164.55 83.282
4240.34 83.196
4317.51 83.081
4396.09 82.941
4476.1 82.781
4557.56 82.607
4640.5 82.428
4724.96 82.251
4810.95 82.083
4898.51 81.927
4987.66 81.783
5078.43 81.642
5170.86 81.496
5264.97 81.334
5360.79 81.143
5458.35 80.915
5557.69 80.643
5658.84 80.326
5761.82 79.969
5866.69 79.582
5973.46 79.183
6082.17 78.79
6192.87 78.43
6305.57 78.127
6420.33 77.901
6537.18 77.77
6656.15 77.748
6777.29 77.841
6900.63 78.053
7026.22 78.382
7154.1 78.818
7284.3 79.336
7416.87 79.895
7551.85 80.437
7689.29 80.887
7829.23 81.166
7971.72 81.2
8116.8 80.939
8264.53 80.367
8414.94 79.505
8568.09 78.414
8724.02 77.181
8882.79 75.902
9044.46 74.676
9209.06 73.588
9376.66 72.711
9547.31 72.091
9721.07 71.748
9897.99 71.669
10078.13 71.821
10261.55 72.169
10448.3 72.687
10638.45 73.36
10832.07 74.173
11029.21 75.083
11229.94 76.007
11434.32 76.814
11642.41 77.349
11854.3 77.469
12070.04 77.087
12289.71 76.195
12513.38 74.865
12741.12 73.233
12973 71.465
13209.1 69.725
13449.5 68.148
13694.28 66.836
13943.51 65.86
14197.27 65.258
14455.66 65.028
14718.74 65.127
14986.62 65.461
15259.37 65.885
15537.08 66.228
15819.85 66.309
16107.76 65.983
16400.92 65.167
16699.41 63.864
17003.33 62.149
17312.78 60.14
17627.86 57.957
17948.68 55.692
18275.34 53.397
18607.94 51.085
18946.6 48.751
19291.42 46.386
19642.52 43.992
20000 41.584