20 84.794
20.36 84.775
20.73 84.757
21.11 84.738
21.5 84.719
21.89 84.7
22.29 84.681
22.69 84.661
23.1 84.641
23.52 84.62
23.95 84.598
24.39 84.576
24.83 84.553
25.28 84.529
25.74 84.505
26.21 84.479
26.69 84.452
27.18 84.425
27.67 84.396
28.17 84.366
28.69 84.334
29.21 84.302
29.74 84.268
30.28 84.231
30.83 84.194
31.39 84.156
31.97 84.115
32.55 84.072
33.14 84.028
33.74 83.981
34.36 83.934
34.98 83.884
35.62 83.833
36.27 83.78
36.93 83.725
37.6 83.669
38.28 83.611
38.98 83.553
39.69 83.492
40.41 83.432
41.15 83.369
41.9 83.306
42.66 83.242
43.44 83.176
44.23 83.111
45.03 83.044
45.85 82.976
46.68 82.909
47.53 82.84
48.4 82.771
49.28 82.701
50.18 82.631
51.09 82.56
52.02 82.489
52.97 82.418
53.93 82.346
54.91 82.272
55.91 82.2
56.93 82.126
57.97 82.052
59.02 81.978
60.09 81.904
61.19 81.829
62.3 81.753
63.44 81.678
64.59 81.6
65.77 81.522
66.96 81.442
68.18 81.36
69.42 81.278
70.69 81.192
71.97 81.106
73.28 81.016
74.62 80.926
75.97 80.833
77.36 80.74
78.76 80.645
80.2 80.551
81.66 80.455
83.14 80.36
84.66 80.266
86.2 80.172
87.77 80.079
89.36 79.987
90.99 79.895
92.65 79.804
94.33 79.713
96.05 79.623
97.8 79.533
99.58 79.443
101.39 79.353
103.23 79.262
105.11 79.17
107.03 79.078
108.97 78.984
110.96 78.89
112.98 78.792
115.03 78.693
117.13 78.592
119.26 78.488
121.43 78.382
123.64 78.273
125.89 78.163
128.18 78.051
130.51 77.939
132.89 77.827
135.31 77.719
137.77 77.614
140.28 77.514
142.83 77.42
145.43 77.333
148.07 77.254
150.77 77.185
153.51 77.125
156.31 77.073
159.15 77.024
162.05 76.975
165 76.921
168 76.862
171.06 76.797
174.17 76.727
177.34 76.649
180.57 76.566
183.86 76.479
187.2 76.389
190.61 76.298
194.08 76.208
197.61 76.117
201.21 76.027
204.87 75.939
208.6 75.852
212.39 75.767
216.26 75.683
220.19 75.602
224.2 75.523
228.28 75.446
232.44 75.37
236.67 75.298
240.97 75.227
245.36 75.16
249.82 75.094
254.37 75.031
259 74.971
263.71 74.915
268.51 74.859
273.4 74.807
278.38 74.757
283.44 74.709
288.6 74.661
293.85 74.614
299.2 74.567
304.65 74.519
310.19 74.47
315.84 74.422
321.59 74.372
327.44 74.323
333.4 74.275
339.47 74.228
345.64 74.183
351.93 74.139
358.34 74.097
364.86 74.058
371.5 74.022
378.26 73.988
385.15 73.957
392.16 73.928
399.29 73.902
406.56 73.878
413.96 73.857
421.49 73.839
429.16 73.822
436.97 73.808
444.93 73.795
453.02 73.782
461.27 73.769
469.66 73.753
478.21 73.736
486.91 73.718
495.78 73.699
504.8 73.68
513.99 73.661
523.34 73.642
532.87 73.624
542.56 73.607
552.44 73.592
562.49 73.578
572.73 73.564
583.15 73.553
593.77 73.544
604.57 73.536
615.57 73.532
626.78 73.532
638.18 73.536
649.8 73.545
661.63 73.558
673.67 73.574
685.93 73.592
698.41 73.611
711.12 73.632
724.06 73.655
737.24 73.681
750.66 73.71
764.32 73.744
778.23 73.786
792.39 73.835
806.82 73.892
821.5 73.957
836.45 74.029
851.67 74.105
867.17 74.186
882.96 74.27
899.02 74.358
915.39 74.45
932.05 74.549
949.01 74.654
966.28 74.767
983.87 74.886
1001.77 75.012
1020 75.144
1038.57 75.281
1057.47 75.42
1076.71 75.56
1096.31 75.699
1116.26 75.837
1136.58 75.973
1157.26 76.107
1178.32 76.241
1199.77 76.375
1221.6 76.508
1243.84 76.64
1266.47 76.771
1289.52 76.902
1312.99 77.03
1336.89 77.158
1361.22 77.283
1385.99 77.408
1411.22 77.531
1436.9 77.655
1463.05 77.777
1489.68 77.899
1516.79 78.021
1544.4 78.144
1572.5 78.268
1601.12 78.394
1630.26 78.518
1659.93 78.638
1690.14 78.754
1720.9 78.867
1752.22 78.978
1784.11 79.091
1816.58 79.207
1849.64 79.33
1883.3 79.46
1917.58 79.596
1952.48 79.738
1988.01 79.88
2024.19 80.018
2061.03 80.145
2098.54 80.259
2136.73 80.358
2175.62 80.447
2215.22 80.531
2255.53 80.621
2296.58 80.723
2338.38 80.845
2380.94 80.987
2424.27 81.149
2468.39 81.327
2513.31 81.514
2559.05 81.705
2605.63 81.892
2653.05 82.068
2701.33 82.225
2750.5 82.358
2800.55 82.464
2851.52 82.544
2903.42 82.6
2956.26 82.633
3010.06 82.648
3064.85 82.649
3120.62 82.637
3177.42 82.615
3235.25 82.584
3294.13 82.542
3354.08 82.488
3415.12 82.424
3477.27 82.351
3540.56 82.273
3605 82.191
3670.6 82.106
3737.41 82.016
3805.43 81.917
3874.68 81.809
3945.2 81.687
4017 81.549
4090.11 81.394
4164.55 81.217
4240.34 81.019
4317.51 80.796
4396.09 80.552
4476.1 80.288
4557.56 80.003
4640.5 79.702
4724.96 79.388
4810.95 79.065
4898.51 78.736
4987.66 78.405
5078.43 78.076
5170.86 77.752
5264.97 77.439
5360.79 77.139
5458.35 76.857
5557.69 76.596
5658.84 76.36
5761.82 76.151
5866.69 75.974
5973.46 75.832
6082.17 75.73
6192.87 75.673
6305.57 75.668
6420.33 75.721
6537.18 75.843
6656.15 76.043
6777.29 76.333
6900.63 76.721
7026.22 77.211
7154.1 77.801
7284.3 78.473
7416.87 79.194
7551.85 79.914
7689.29 80.564
7829.23 81.07
7971.72 81.357
8116.8 81.372
8264.53 81.093
8414.94 80.531
8568.09 79.736
8724.02 78.779
8882.79 77.745
9044.46 76.717
9209.06 75.77
9376.66 74.971
9547.31 74.371
9721.07 74.003
9897.99 73.877
10078.13 73.978
10261.55 74.262
10448.3 74.66
10638.45 75.08
10832.07 75.413
11029.21 75.555
11229.94 75.419
11434.32 74.962
11642.41 74.187
11854.3 73.143
12070.04 71.903
12289.71 70.553
12513.38 69.176
12741.12 67.838
12973 66.594
13209.1 65.482
13449.5 64.533
13694.28 63.774
13943.51 63.23
14197.27 62.92
14455.66 62.855
14718.74 63.023
14986.62 63.38
15259.37 63.835
15537.08 64.262
15819.85 64.5
16107.76 64.383
16400.92 63.781
16699.41 62.621
17003.33 60.906
17312.78 58.703
17627.86 56.139
17948.68 53.377
18275.34 50.573
18607.94 47.838
18946.6 45.207
19291.42 42.666
19642.52 40.179
20000 37.709