20 81.854
20.36 81.842
20.73 81.827
21.11 81.809
21.5 81.79
21.89 81.768
22.29 81.745
22.69 81.72
23.1 81.694
23.52 81.668
23.95 81.64
24.39 81.612
24.83 81.584
25.28 81.556
25.74 81.529
26.21 81.503
26.69 81.477
27.18 81.45
27.67 81.422
28.17 81.392
28.69 81.361
29.21 81.328
29.74 81.294
30.28 81.26
30.83 81.225
31.39 81.191
31.97 81.159
32.55 81.129
33.14 81.102
33.74 81.077
34.36 81.052
34.98 81.027
35.62 81.001
36.27 80.972
36.93 80.94
37.6 80.906
38.28 80.869
38.98 80.829
39.69 80.786
40.41 80.74
41.15 80.692
41.9 80.642
42.66 80.591
43.44 80.539
44.23 80.487
45.03 80.435
45.85 80.382
46.68 80.329
47.53 80.276
48.4 80.222
49.28 80.168
50.18 80.115
51.09 80.061
52.02 80.007
52.97 79.952
53.93 79.897
54.91 79.842
55.91 79.786
56.93 79.728
57.97 79.669
59.02 79.607
60.09 79.543
61.19 79.476
62.3 79.408
63.44 79.338
64.59 79.268
65.77 79.198
66.96 79.129
68.18 79.06
69.42 78.992
70.69 78.923
71.97 78.853
73.28 78.782
74.62 78.711
75.97 78.639
77.36 78.566
78.76 78.493
80.2 78.418
81.66 78.341
83.14 78.261
84.66 78.178
86.2 78.093
87.77 78.005
89.36 77.917
90.99 77.828
92.65 77.739
94.33 77.65
96.05 77.563
97.8 77.477
99.58 77.393
101.39 77.313
103.23 77.236
105.11 77.163
107.03 77.092
108.97 77.02
110.96 76.945
112.98 76.865
115.03 76.782
117.13 76.694
119.26 76.606
121.43 76.52
123.64 76.436
125.89 76.353
128.18 76.271
130.51 76.189
132.89 76.105
135.31 76.019
137.77 75.93
140.28 75.839
142.83 75.746
145.43 75.651
148.07 75.555
150.77 75.46
153.51 75.365
156.31 75.272
159.15 75.183
162.05 75.095
165 75.01
168 74.925
171.06 74.841
174.17 74.757
177.34 74.673
180.57 74.589
183.86 74.506
187.2 74.424
190.61 74.344
194.08 74.267
197.61 74.193
201.21 74.122
204.87 74.055
208.6 73.99
212.39 73.928
216.26 73.868
220.19 73.809
224.2 73.751
228.28 73.693
232.44 73.636
236.67 73.579
240.97 73.521
245.36 73.465
249.82 73.411
254.37 73.358
259 73.308
263.71 73.26
268.51 73.214
273.4 73.169
278.38 73.127
283.44 73.086
288.6 73.046
293.85 73.006
299.2 72.965
304.65 72.922
310.19 72.878
315.84 72.833
321.59 72.789
327.44 72.746
333.4 72.706
339.47 72.668
345.64 72.632
351.93 72.598
358.34 72.568
364.86 72.539
371.5 72.514
378.26 72.492
385.15 72.474
392.16 72.458
399.29 72.446
406.56 72.438
413.96 72.433
421.49 72.432
429.16 72.435
436.97 72.442
444.93 72.452
453.02 72.463
461.27 72.474
469.66 72.485
478.21 72.495
486.91 72.504
495.78 72.514
504.8 72.525
513.99 72.538
523.34 72.553
532.87 72.571
542.56 72.592
552.44 72.616
562.49 72.642
572.73 72.669
583.15 72.699
593.77 72.729
604.57 72.762
615.57 72.798
626.78 72.839
638.18 72.884
649.8 72.934
661.63 72.989
673.67 73.046
685.93 73.106
698.41 73.166
711.12 73.226
724.06 73.286
737.24 73.348
750.66 73.414
764.32 73.484
778.23 73.56
792.39 73.642
806.82 73.731
821.5 73.826
836.45 73.924
851.67 74.025
867.17 74.126
882.96 74.228
899.02 74.33
915.39 74.434
932.05 74.539
949.01 74.649
966.28 74.763
983.87 74.884
1001.77 75.013
1020 75.147
1038.57 75.286
1057.47 75.428
1076.71 75.57
1096.31 75.711
1116.26 75.848
1136.58 75.98
1157.26 76.109
1178.32 76.232
1199.77 76.351
1221.6 76.464
1243.84 76.572
1266.47 76.673
1289.52 76.77
1312.99 76.864
1336.89 76.957
1361.22 77.053
1385.99 77.152
1411.22 77.256
1436.9 77.361
1463.05 77.468
1489.68 77.574
1516.79 77.676
1544.4 77.774
1572.5 77.867
1601.12 77.956
1630.26 78.04
1659.93 78.12
1690.14 78.197
1720.9 78.273
1752.22 78.352
1784.11 78.437
1816.58 78.533
1849.64 78.643
1883.3 78.768
1917.58 78.905
1952.48 79.049
1988.01 79.196
2024.19 79.336
2061.03 79.46
2098.54 79.564
2136.73 79.641
2175.62 79.69
2215.22 79.712
2255.53 79.709
2296.58 79.686
2338.38 79.647
2380.94 79.597
2424.27 79.54
2468.39 79.48
2513.31 79.421
2559.05 79.369
2605.63 79.33
2653.05 79.311
2701.33 79.316
2750.5 79.349
2800.55 79.412
2851.52 79.503
2903.42 79.62
2956.26 79.755
3010.06 79.903
3064.85 80.052
3120.62 80.191
3177.42 80.307
3235.25 80.385
3294.13 80.416
3354.08 80.396
3415.12 80.327
3477.27 80.217
3540.56 80.078
3605 79.924
3670.6 79.764
3737.41 79.613
3805.43 79.478
3874.68 79.366
3945.2 79.282
4017 79.229
4090.11 79.204
4164.55 79.204
4240.34 79.222
4317.51 79.252
4396.09 79.286
4476.1 79.32
4557.56 79.349
4640.5 79.372
4724.96 79.391
4810.95 79.408
4898.51 79.426
4987.66 79.453
5078.43 79.493
5170.86 79.551
5264.97 79.633
5360.79 79.741
5458.35 79.877
5557.69 80.042
5658.84 80.232
5761.82 80.438
5866.69 80.646
5973.46 80.837
6082.17 80.989
6192.87 81.081
6305.57 81.092
6420.33 81.007
6537.18 80.822
6656.15 80.54
6777.29 80.175
6900.63 79.751
7026.22 79.296
7154.1 78.84
7284.3 78.413
7416.87 78.038
7551.85 77.73
7689.29 77.492
7829.23 77.318
7971.72 77.197
8116.8 77.109
8264.53 77.036
8414.94 76.965
8568.09 76.885
8724.02 76.797
8882.79 76.711
9044.46 76.637
9209.06 76.588
9376.66 76.567
9547.31 76.566
9721.07 76.562
9897.99 76.518
10078.13 76.391
10261.55 76.142
10448.3 75.747
10638.45 75.201
10832.07 74.517
11029.21 73.724
11229.94 72.862
11434.32 71.978
11642.41 71.127
11854.3 70.367
12070.04 69.754
12289.71 69.331
12513.38 69.117
12741.12 69.101
12973 69.243
13209.1 69.482
13449.5 69.749
13694.28 69.975
13943.51 70.102
14197.27 70.1
14455.66 69.965
14718.74 69.726
14986.62 69.434
15259.37 69.161
15537.08 68.976
15819.85 68.927
16107.76 69.017
16400.92 69.187
16699.41 69.314
17003.33 69.227
17312.78 68.751
17627.86 67.747
17948.68 66.15
18275.34 63.992
18607.94 61.377
18946.6 58.461
19291.42 55.391
19642.52 52.272
20000 49.149