20 89.898
20.36 89.887
20.73 89.876
21.11 89.865
21.5 89.854
21.89 89.842
22.29 89.83
22.69 89.819
23.1 89.807
23.52 89.795
23.95 89.782
24.39 89.769
24.83 89.754
25.28 89.741
25.74 89.725
26.21 89.711
26.69 89.694
27.18 89.678
27.67 89.66
28.17 89.642
28.69 89.623
29.21 89.603
29.74 89.582
30.28 89.56
30.83 89.536
31.39 89.512
31.97 89.486
32.55 89.459
33.14 89.432
33.74 89.403
34.36 89.371
34.98 89.34
35.62 89.307
36.27 89.272
36.93 89.237
37.6 89.199
38.28 89.16
38.98 89.121
39.69 89.08
40.41 89.036
41.15 88.993
41.9 88.947
42.66 88.901
43.44 88.854
44.23 88.803
45.03 88.753
45.85 88.701
46.68 88.648
47.53 88.593
48.4 88.537
49.28 88.481
50.18 88.422
51.09 88.361
52.02 88.3
52.97 88.237
53.93 88.173
54.91 88.108
55.91 88.041
56.93 87.973
57.97 87.903
59.02 87.831
60.09 87.759
61.19 87.685
62.3 87.61
63.44 87.533
64.59 87.455
65.77 87.375
66.96 87.294
68.18 87.21
69.42 87.125
70.69 87.04
71.97 86.952
73.28 86.861
74.62 86.77
75.97 86.677
77.36 86.581
78.76 86.485
80.2 86.386
81.66 86.286
83.14 86.183
84.66 86.08
86.2 85.975
87.77 85.868
89.36 85.759
90.99 85.65
92.65 85.54
94.33 85.428
96.05 85.316
97.8 85.203
99.58 85.091
101.39 84.977
103.23 84.864
105.11 84.748
107.03 84.631
108.97 84.513
110.96 84.392
112.98 84.268
115.03 84.142
117.13 84.013
119.26 83.88
121.43 83.746
123.64 83.608
125.89 83.466
128.18 83.323
130.51 83.18
132.89 83.038
135.31 82.899
137.77 82.765
140.28 82.637
142.83 82.514
145.43 82.399
148.07 82.293
150.77 82.193
153.51 82.101
156.31 82.013
159.15 81.926
162.05 81.836
165 81.74
168 81.639
171.06 81.533
174.17 81.426
177.34 81.319
180.57 81.214
183.86 81.108
187.2 81.003
190.61 80.897
194.08 80.792
197.61 80.684
201.21 80.573
204.87 80.462
208.6 80.347
212.39 80.229
216.26 80.109
220.19 79.986
224.2 79.861
228.28 79.733
232.44 79.603
236.67 79.474
240.97 79.344
245.36 79.215
249.82 79.088
254.37 78.964
259 78.843
263.71 78.723
268.51 78.606
273.4 78.488
278.38 78.372
283.44 78.257
288.6 78.142
293.85 78.027
299.2 77.909
304.65 77.788
310.19 77.666
315.84 77.542
321.59 77.416
327.44 77.288
333.4 77.158
339.47 77.027
345.64 76.892
351.93 76.756
358.34 76.619
364.86 76.483
371.5 76.351
378.26 76.223
385.15 76.105
392.16 76
399.29 75.912
406.56 75.847
413.96 75.805
421.49 75.783
429.16 75.775
436.97 75.768
444.93 75.754
453.02 75.723
461.27 75.673
469.66 75.602
478.21 75.514
486.91 75.414
495.78 75.305
504.8 75.191
513.99 75.078
523.34 74.967
532.87 74.859
542.56 74.757
552.44 74.659
562.49 74.568
572.73 74.48
583.15 74.398
593.77 74.32
604.57 74.247
615.57 74.182
626.78 74.121
638.18 74.07
649.8 74.025
661.63 73.986
673.67 73.952
685.93 73.92
698.41 73.892
711.12 73.865
724.06 73.843
737.24 73.826
750.66 73.816
764.32 73.813
778.23 73.82
792.39 73.839
806.82 73.869
821.5 73.911
836.45 73.967
851.67 74.033
867.17 74.111
882.96 74.203
899.02 74.307
915.39 74.424
932.05 74.552
949.01 74.686
966.28 74.816
983.87 74.929
1001.77 75.008
1020 75.036
1038.57 75.007
1057.47 74.936
1076.71 74.865
1096.31 74.852
1116.26 74.923
1136.58 75.071
1157.26 75.275
1178.32 75.512
1199.77 75.761
1221.6 76.003
1243.84 76.234
1266.47 76.444
1289.52 76.637
1312.99 76.817
1336.89 76.993
1361.22 77.17
1385.99 77.354
1411.22 77.551
1436.9 77.766
1463.05 78.001
1489.68 78.252
1516.79 78.513
1544.4 78.775
1572.5 79.024
1601.12 79.247
1630.26 79.427
1659.93 79.572
1690.14 79.701
1720.9 79.844
1752.22 80.025
1784.11 80.26
1816.58 80.55
1849.64 80.886
1883.3 81.259
1917.58 81.659
1952.48 82.078
1988.01 82.509
2024.19 82.943
2061.03 83.376
2098.54 83.805
2136.73 84.223
2175.62 84.633
2215.22 85.031
2255.53 85.41
2296.58 85.76
2338.38 86.069
2380.94 86.322
2424.27 86.512
2468.39 86.629
2513.31 86.671
2559.05 86.64
2605.63 86.546
2653.05 86.402
2701.33 86.219
2750.5 86.012
2800.55 85.794
2851.52 85.569
2903.42 85.341
2956.26 85.12
3010.06 84.909
3064.85 84.721
3120.62 84.564
3177.42 84.443
3235.25 84.357
3294.13 84.304
3354.08 84.281
3415.12 84.29
3477.27 84.336
3540.56 84.426
3605 84.575
3670.6 84.795
3737.41 85.096
3805.43 85.494
3874.68 85.997
3945.2 86.615
4017 87.349
4090.11 88.181
4164.55 89.072
4240.34 89.955
4317.51 90.745
4396.09 91.335
4476.1 91.606
4557.56 91.468
4640.5 90.89
4724.96 89.917
4810.95 88.65
4898.51 87.212
4987.66 85.721
5078.43 84.26
5170.86 82.885
5264.97 81.619
5360.79 80.464
5458.35 79.417
5557.69 78.468
5658.84 77.613
5761.82 76.852
5866.69 76.183
5973.46 75.596
6082.17 75.085
6192.87 74.641
6305.57 74.261
6420.33 73.944
6537.18 73.693
6656.15 73.511
6777.29 73.406
6900.63 73.39
7026.22 73.477
7154.1 73.686
7284.3 74.046
7416.87 74.58
7551.85 75.312
7689.29 76.243
7829.23 77.347
7971.72 78.556
8116.8 79.74
8264.53 80.719
8414.94 81.278
8568.09 81.241
8724.02 80.551
8882.79 79.303
9044.46 77.696
9209.06 75.948
9376.66 74.235
9547.31 72.679
9721.07 71.352
9897.99 70.29
10078.13 69.509
10261.55 69.028
10448.3 68.861
10638.45 69.029
10832.07 69.546
11029.21 70.404
11229.94 71.544
11434.32 72.823
11642.41 74.002
11854.3 74.753
12070.04 74.742
12289.71 73.793
12513.38 72.008
12741.12 69.687
12973 67.165
13209.1 64.704
13449.5 62.474
13694.28 60.563
13943.51 59.012
14197.27 57.84
14455.66 57.044
14718.74 56.611
14986.62 56.522
15259.37 56.758
15537.08 57.297
15819.85 58.106
16107.76 59.103
16400.92 60.12
16699.41 60.871
17003.33 61.008
17312.78 60.282
17627.86 58.719
17948.68 56.577
18275.34 54.182
18607.94 51.781
18946.6 49.504
19291.42 47.371
19642.52 45.333
20000 43.32