20 78.361
20.36 78.376
20.73 78.392
21.11 78.407
21.5 78.423
21.89 78.438
22.29 78.452
22.69 78.466
23.1 78.481
23.52 78.494
23.95 78.507
24.39 78.519
24.83 78.531
25.28 78.542
25.74 78.551
26.21 78.561
26.69 78.569
27.18 78.576
27.67 78.583
28.17 78.588
28.69 78.592
29.21 78.594
29.74 78.596
30.28 78.596
30.83 78.594
31.39 78.591
31.97 78.587
32.55 78.581
33.14 78.573
33.74 78.563
34.36 78.552
34.98 78.54
35.62 78.525
36.27 78.509
36.93 78.492
37.6 78.473
38.28 78.452
38.98 78.431
39.69 78.408
40.41 78.383
41.15 78.358
41.9 78.331
42.66 78.303
43.44 78.273
44.23 78.243
45.03 78.211
45.85 78.179
46.68 78.146
47.53 78.111
48.4 78.076
49.28 78.039
50.18 78.001
51.09 77.963
52.02 77.923
52.97 77.882
53.93 77.84
54.91 77.798
55.91 77.754
56.93 77.709
57.97 77.663
59.02 77.616
60.09 77.567
61.19 77.518
62.3 77.468
63.44 77.417
64.59 77.366
65.77 77.314
66.96 77.262
68.18 77.21
69.42 77.158
70.69 77.106
71.97 77.055
73.28 77.003
74.62 76.953
75.97 76.902
77.36 76.849
78.76 76.796
80.2 76.741
81.66 76.685
83.14 76.625
84.66 76.564
86.2 76.498
87.77 76.431
89.36 76.36
90.99 76.288
92.65 76.214
94.33 76.138
96.05 76.062
97.8 75.986
99.58 75.909
101.39 75.833
103.23 75.757
105.11 75.681
107.03 75.605
108.97 75.53
110.96 75.455
112.98 75.379
115.03 75.304
117.13 75.228
119.26 75.152
121.43 75.075
123.64 74.996
125.89 74.916
128.18 74.835
130.51 74.753
132.89 74.671
135.31 74.589
137.77 74.508
140.28 74.427
142.83 74.347
145.43 74.267
148.07 74.188
150.77 74.108
153.51 74.028
156.31 73.947
159.15 73.866
162.05 73.785
165 73.704
168 73.623
171.06 73.542
174.17 73.462
177.34 73.383
180.57 73.305
183.86 73.228
187.2 73.152
190.61 73.075
194.08 72.999
197.61 72.924
201.21 72.848
204.87 72.773
208.6 72.698
212.39 72.623
216.26 72.549
220.19 72.475
224.2 72.402
228.28 72.331
232.44 72.262
236.67 72.195
240.97 72.13
245.36 72.069
249.82 72.01
254.37 71.955
259 71.904
263.71 71.858
268.51 71.813
273.4 71.772
278.38 71.732
283.44 71.694
288.6 71.655
293.85 71.616
299.2 71.576
304.65 71.533
310.19 71.489
315.84 71.442
321.59 71.395
327.44 71.348
333.4 71.301
339.47 71.255
345.64 71.211
351.93 71.168
358.34 71.129
364.86 71.092
371.5 71.057
378.26 71.026
385.15 70.997
392.16 70.971
399.29 70.949
406.56 70.929
413.96 70.912
421.49 70.898
429.16 70.888
436.97 70.88
444.93 70.875
453.02 70.871
461.27 70.867
469.66 70.863
478.21 70.86
486.91 70.856
495.78 70.854
504.8 70.854
513.99 70.856
523.34 70.863
532.87 70.872
542.56 70.885
552.44 70.902
562.49 70.923
572.73 70.947
583.15 70.975
593.77 71.007
604.57 71.044
615.57 71.087
626.78 71.135
638.18 71.191
649.8 71.254
661.63 71.324
673.67 71.401
685.93 71.482
698.41 71.566
711.12 71.655
724.06 71.747
737.24 71.844
750.66 71.947
764.32 72.057
778.23 72.177
792.39 72.308
806.82 72.451
821.5 72.606
836.45 72.772
851.67 72.946
867.17 73.127
882.96 73.316
899.02 73.514
915.39 73.722
932.05 73.944
949.01 74.183
966.28 74.443
983.87 74.724
1001.77 75.03
1020 75.36
1038.57 75.714
1057.47 76.091
1076.71 76.487
1096.31 76.895
1116.26 77.307
1136.58 77.716
1157.26 78.108
1178.32 78.474
1199.77 78.804
1221.6 79.087
1243.84 79.318
1266.47 79.496
1289.52 79.622
1312.99 79.701
1336.89 79.739
1361.22 79.739
1385.99 79.709
1411.22 79.65
1436.9 79.563
1463.05 79.447
1489.68 79.299
1516.79 79.12
1544.4 78.91
1572.5 78.671
1601.12 78.409
1630.26 78.127
1659.93 77.827
1690.14 77.51
1720.9 77.178
1752.22 76.837
1784.11 76.49
1816.58 76.142
1849.64 75.797
1883.3 75.46
1917.58 75.137
1952.48 74.831
1988.01 74.549
2024.19 74.295
2061.03 74.072
2098.54 73.879
2136.73 73.715
2175.62 73.578
2215.22 73.458
2255.53 73.351
2296.58 73.253
2338.38 73.166
2380.94 73.094
2424.27 73.041
2468.39 73.008
2513.31 72.995
2559.05 73
2605.63 73.023
2653.05 73.065
2701.33 73.129
2750.5 73.222
2800.55 73.352
2851.52 73.525
2903.42 73.747
2956.26 74.017
3010.06 74.334
3064.85 74.69
3120.62 75.068
3177.42 75.447
3235.25 75.805
3294.13 76.117
3354.08 76.368
3415.12 76.554
3477.27 76.686
3540.56 76.787
3605 76.884
3670.6 76.996
3737.41 77.129
3805.43 77.267
3874.68 77.38
3945.2 77.431
4017 77.382
4090.11 77.209
4164.55 76.903
4240.34 76.474
4317.51 75.948
4396.09 75.363
4476.1 74.758
4557.56 74.172
4640.5 73.638
4724.96 73.188
4810.95 72.846
4898.51 72.631
4987.66 72.558
5078.43 72.629
5170.86 72.841
5264.97 73.17
5360.79 73.576
5458.35 73.995
5557.69 74.348
5658.84 74.549
5761.82 74.527
5866.69 74.24
5973.46 73.695
6082.17 72.954
6192.87 72.122
6305.57 71.328
6420.33 70.696
6537.18 70.316
6656.15 70.227
6777.29 70.416
6900.63 70.824
7026.22 71.374
7154.1 71.999
7284.3 72.647
7416.87 73.283
7551.85 73.877
7689.29 74.387
7829.23 74.767
7971.72 74.985
8116.8 75.045
8264.53 74.991
8414.94 74.901
8568.09 74.857
8724.02 74.919
8882.79 75.106
9044.46 75.387
9209.06 75.671
9376.66 75.828
9547.31 75.715
9721.07 75.227
9897.99 74.342
10078.13 73.14
10261.55 71.782
10448.3 70.456
10638.45 69.323
10832.07 68.473
11029.21 67.907
11229.94 67.536
11434.32 67.216
11642.41 66.782
11854.3 66.112
12070.04 65.162
12289.71 63.982
12513.38 62.694
12741.12 61.451
12973 60.396
13209.1 59.632
13449.5 59.22
13694.28 59.174
13943.51 59.472
14197.27 60.054
14455.66 60.834
14718.74 61.713
14986.62 62.605
15259.37 63.451
15537.08 64.236
15819.85 64.966
16107.76 65.64
16400.92 66.204
16699.41 66.527
17003.33 66.435
17312.78 65.764
17627.86 64.436
17948.68 62.483
18275.34 60.043
18607.94 57.301
18946.6 54.446
19291.42 51.599
19642.52 48.806
20000 46.043