20 82.378
20.36 82.38
20.73 82.38
21.11 82.381
21.5 82.381
21.89 82.383
22.29 82.383
22.69 82.383
23.1 82.381
23.52 82.381
23.95 82.38
24.39 82.376
24.83 82.375
25.28 82.371
25.74 82.367
26.21 82.362
26.69 82.355
27.18 82.349
27.67 82.34
28.17 82.332
28.69 82.322
29.21 82.311
29.74 82.3
30.28 82.287
30.83 82.272
31.39 82.255
31.97 82.238
32.55 82.218
33.14 82.197
33.74 82.175
34.36 82.151
34.98 82.126
35.62 82.099
36.27 82.069
36.93 82.04
37.6 82.007
38.28 81.973
38.98 81.939
39.69 81.901
40.41 81.862
41.15 81.821
41.9 81.78
42.66 81.736
43.44 81.69
44.23 81.643
45.03 81.594
45.85 81.543
46.68 81.489
47.53 81.435
48.4 81.38
49.28 81.324
50.18 81.267
51.09 81.21
52.02 81.153
52.97 81.096
53.93 81.04
54.91 80.983
55.91 80.929
56.93 80.875
57.97 80.823
59.02 80.774
60.09 80.725
61.19 80.679
62.3 80.632
63.44 80.586
64.59 80.539
65.77 80.491
66.96 80.442
68.18 80.39
69.42 80.336
70.69 80.277
71.97 80.217
73.28 80.151
74.62 80.081
75.97 80.011
77.36 79.936
78.76 79.859
80.2 79.782
81.66 79.702
83.14 79.624
84.66 79.544
86.2 79.464
87.77 79.384
89.36 79.305
90.99 79.225
92.65 79.145
94.33 79.065
96.05 78.985
97.8 78.905
99.58 78.825
101.39 78.743
103.23 78.66
105.11 78.575
107.03 78.487
108.97 78.397
110.96 78.304
112.98 78.208
115.03 78.11
117.13 78.013
119.26 77.92
121.43 77.829
123.64 77.742
125.89 77.662
128.18 77.585
130.51 77.512
132.89 77.438
135.31 77.365
137.77 77.288
140.28 77.208
142.83 77.126
145.43 77.041
148.07 76.955
150.77 76.866
153.51 76.775
156.31 76.685
159.15 76.592
162.05 76.5
165 76.409
168 76.318
171.06 76.226
174.17 76.136
177.34 76.048
180.57 75.961
183.86 75.875
187.2 75.79
190.61 75.707
194.08 75.625
197.61 75.543
201.21 75.465
204.87 75.386
208.6 75.308
212.39 75.231
216.26 75.156
220.19 75.079
224.2 75.006
228.28 74.932
232.44 74.859
236.67 74.788
240.97 74.718
245.36 74.648
249.82 74.581
254.37 74.517
259 74.457
263.71 74.398
268.51 74.344
273.4 74.292
278.38 74.241
283.44 74.192
288.6 74.143
293.85 74.093
299.2 74.042
304.65 73.991
310.19 73.939
315.84 73.888
321.59 73.838
327.44 73.789
333.4 73.74
339.47 73.691
345.64 73.642
351.93 73.593
358.34 73.544
364.86 73.495
371.5 73.447
378.26 73.403
385.15 73.361
392.16 73.322
399.29 73.284
406.56 73.25
413.96 73.219
421.49 73.189
429.16 73.161
436.97 73.137
444.93 73.114
453.02 73.093
461.27 73.073
469.66 73.054
478.21 73.032
486.91 73.01
495.78 72.987
504.8 72.962
513.99 72.939
523.34 72.918
532.87 72.902
542.56 72.887
552.44 72.877
562.49 72.871
572.73 72.867
583.15 72.864
593.77 72.866
604.57 72.867
615.57 72.874
626.78 72.884
638.18 72.898
649.8 72.92
661.63 72.949
673.67 72.982
685.93 73.021
698.41 73.065
711.12 73.112
724.06 73.166
737.24 73.224
750.66 73.286
764.32 73.349
778.23 73.418
792.39 73.493
806.82 73.573
821.5 73.661
836.45 73.756
851.67 73.856
867.17 73.959
882.96 74.068
899.02 74.184
915.39 74.307
932.05 74.434
949.01 74.57
966.28 74.708
983.87 74.857
1001.77 75.016
1020 75.185
1038.57 75.368
1057.47 75.563
1076.71 75.769
1096.31 75.981
1116.26 76.2
1136.58 76.42
1157.26 76.639
1178.32 76.858
1199.77 77.074
1221.6 77.288
1243.84 77.502
1266.47 77.714
1289.52 77.931
1312.99 78.155
1336.89 78.389
1361.22 78.631
1385.99 78.884
1411.22 79.145
1436.9 79.411
1463.05 79.679
1489.68 79.947
1516.79 80.21
1544.4 80.468
1572.5 80.723
1601.12 80.975
1630.26 81.223
1659.93 81.466
1690.14 81.703
1720.9 81.934
1752.22 82.154
1784.11 82.367
1816.58 82.569
1849.64 82.76
1883.3 82.94
1917.58 83.105
1952.48 83.25
1988.01 83.366
2024.19 83.446
2061.03 83.486
2098.54 83.489
2136.73 83.469
2175.62 83.44
2215.22 83.417
2255.53 83.406
2296.58 83.401
2338.38 83.392
2380.94 83.368
2424.27 83.322
2468.39 83.25
2513.31 83.157
2559.05 83.043
2605.63 82.914
2653.05 82.768
2701.33 82.612
2750.5 82.442
2800.55 82.265
2851.52 82.087
2903.42 81.911
2956.26 81.739
3010.06 81.579
3064.85 81.44
3120.62 81.328
3177.42 81.244
3235.25 81.19
3294.13 81.163
3354.08 81.161
3415.12 81.181
3477.27 81.221
3540.56 81.285
3605 81.367
3670.6 81.471
3737.41 81.597
3805.43 81.747
3874.68 81.921
3945.2 82.117
4017 82.326
4090.11 82.541
4164.55 82.746
4240.34 82.919
4317.51 83.036
4396.09 83.077
4476.1 83.025
4557.56 82.873
4640.5 82.618
4724.96 82.267
4810.95 81.831
4898.51 81.324
4987.66 80.766
5078.43 80.169
5170.86 79.552
5264.97 78.93
5360.79 78.319
5458.35 77.732
5557.69 77.177
5658.84 76.662
5761.82 76.193
5866.69 75.777
5973.46 75.416
6082.17 75.112
6192.87 74.873
6305.57 74.707
6420.33 74.622
6537.18 74.63
6656.15 74.754
6777.29 75.011
6900.63 75.424
7026.22 76.004
7154.1 76.754
7284.3 77.659
7416.87 78.673
7551.85 79.715
7689.29 80.676
7829.23 81.419
7971.72 81.823
8116.8 81.796
8264.53 81.315
8414.94 80.419
8568.09 79.219
8724.02 77.85
8882.79 76.455
9044.46 75.159
9209.06 74.057
9376.66 73.214
9547.31 72.673
9721.07 72.451
9897.99 72.539
10078.13 72.902
10261.55 73.467
10448.3 74.129
10638.45 74.741
10832.07 75.159
11029.21 75.259
11229.94 74.999
11434.32 74.436
11642.41 73.707
11854.3 72.985
12070.04 72.4
12289.71 72.01
12513.38 71.814
12741.12 71.771
12973 71.833
13209.1 71.926
13449.5 71.956
13694.28 71.801
13943.51 71.343
14197.27 70.512
14455.66 69.323
14718.74 67.88
14986.62 66.353
15259.37 64.909
15537.08 63.646
15819.85 62.535
16107.76 61.415
16400.92 60.033
16699.41 58.142
17003.33 55.599
17312.78 52.404
17627.86 48.696
17948.68 44.698
18275.34 40.652
18607.94 36.748
18946.6 33.092
19291.42 29.683
19642.52 26.415
20000 23.157