20 82.107
20.36 82.123
20.73 82.14
21.11 82.157
21.5 82.172
21.89 82.189
22.29 82.204
22.69 82.221
23.1 82.236
23.52 82.251
23.95 82.264
24.39 82.279
24.83 82.292
25.28 82.306
25.74 82.318
26.21 82.329
26.69 82.341
27.18 82.351
27.67 82.361
28.17 82.369
28.69 82.378
29.21 82.386
29.74 82.393
30.28 82.398
30.83 82.401
31.39 82.406
31.97 82.408
32.55 82.41
33.14 82.41
33.74 82.408
34.36 82.405
34.98 82.401
35.62 82.396
36.27 82.391
36.93 82.385
37.6 82.376
38.28 82.366
38.98 82.356
39.69 82.344
40.41 82.331
41.15 82.318
41.9 82.303
42.66 82.286
43.44 82.269
44.23 82.251
45.03 82.231
45.85 82.211
46.68 82.189
47.53 82.165
48.4 82.142
49.28 82.118
50.18 82.093
51.09 82.067
52.02 82.04
52.97 82.013
53.93 81.985
54.91 81.956
55.91 81.926
56.93 81.898
57.97 81.867
59.02 81.837
60.09 81.806
61.19 81.775
62.3 81.745
63.44 81.714
64.59 81.683
65.77 81.653
66.96 81.623
68.18 81.595
69.42 81.566
70.69 81.539
71.97 81.513
73.28 81.488
74.62 81.461
75.97 81.436
77.36 81.409
78.76 81.381
80.2 81.35
81.66 81.317
83.14 81.282
84.66 81.242
86.2 81.198
87.77 81.151
89.36 81.101
90.99 81.048
92.65 80.991
94.33 80.934
96.05 80.874
97.8 80.813
99.58 80.753
101.39 80.689
103.23 80.628
105.11 80.564
107.03 80.499
108.97 80.433
110.96 80.368
112.98 80.3
115.03 80.233
117.13 80.162
119.26 80.092
121.43 80.02
123.64 79.946
125.89 79.871
128.18 79.796
130.51 79.719
132.89 79.642
135.31 79.563
137.77 79.486
140.28 79.408
142.83 79.331
145.43 79.25
148.07 79.17
150.77 79.088
153.51 79.004
156.31 78.921
159.15 78.835
162.05 78.75
165 78.666
168 78.581
171.06 78.496
174.17 78.409
177.34 78.32
180.57 78.231
183.86 78.143
187.2 78.054
190.61 77.965
194.08 77.878
197.61 77.791
201.21 77.706
204.87 77.622
208.6 77.537
212.39 77.452
216.26 77.365
220.19 77.277
224.2 77.189
228.28 77.102
232.44 77.013
236.67 76.926
240.97 76.837
245.36 76.749
249.82 76.662
254.37 76.576
259 76.494
263.71 76.414
268.51 76.337
273.4 76.26
278.38 76.188
283.44 76.116
288.6 76.046
293.85 75.977
299.2 75.909
304.65 75.84
310.19 75.768
315.84 75.696
321.59 75.623
327.44 75.549
333.4 75.475
339.47 75.4
345.64 75.323
351.93 75.246
358.34 75.166
364.86 75.084
371.5 75.003
378.26 74.921
385.15 74.843
392.16 74.767
399.29 74.696
406.56 74.629
413.96 74.567
421.49 74.511
429.16 74.458
436.97 74.408
444.93 74.359
453.02 74.309
461.27 74.257
469.66 74.205
478.21 74.152
486.91 74.098
495.78 74.045
504.8 73.993
513.99 73.939
523.34 73.886
532.87 73.83
542.56 73.775
552.44 73.72
562.49 73.666
572.73 73.615
583.15 73.568
593.77 73.529
604.57 73.502
615.57 73.486
626.78 73.484
638.18 73.494
649.8 73.512
661.63 73.536
673.67 73.559
685.93 73.583
698.41 73.605
711.12 73.626
724.06 73.65
737.24 73.673
750.66 73.698
764.32 73.728
778.23 73.763
792.39 73.805
806.82 73.857
821.5 73.916
836.45 73.983
851.67 74.056
867.17 74.133
882.96 74.217
899.02 74.307
915.39 74.404
932.05 74.51
949.01 74.624
966.28 74.746
983.87 74.876
1001.77 75.013
1020 75.159
1038.57 75.313
1057.47 75.475
1076.71 75.644
1096.31 75.82
1116.26 76.001
1136.58 76.186
1157.26 76.374
1178.32 76.563
1199.77 76.752
1221.6 76.945
1243.84 77.137
1266.47 77.331
1289.52 77.528
1312.99 77.729
1336.89 77.938
1361.22 78.153
1385.99 78.377
1411.22 78.608
1436.9 78.845
1463.05 79.083
1489.68 79.319
1516.79 79.547
1544.4 79.767
1572.5 79.982
1601.12 80.192
1630.26 80.4
1659.93 80.604
1690.14 80.805
1720.9 80.997
1752.22 81.183
1784.11 81.362
1816.58 81.533
1849.64 81.698
1883.3 81.854
1917.58 81.995
1952.48 82.115
1988.01 82.211
2024.19 82.274
2061.03 82.299
2098.54 82.282
2136.73 82.224
2175.62 82.134
2215.22 82.028
2255.53 81.921
2296.58 81.824
2338.38 81.744
2380.94 81.683
2424.27 81.638
2468.39 81.605
2513.31 81.576
2559.05 81.548
2605.63 81.511
2653.05 81.456
2701.33 81.374
2750.5 81.26
2800.55 81.114
2851.52 80.947
2903.42 80.765
2956.26 80.582
3010.06 80.41
3064.85 80.258
3120.62 80.126
3177.42 80.017
3235.25 79.925
3294.13 79.843
3354.08 79.767
3415.12 79.7
3477.27 79.644
3540.56 79.607
3605 79.6
3670.6 79.629
3737.41 79.694
3805.43 79.791
3874.68 79.918
3945.2 80.074
4017 80.253
4090.11 80.455
4164.55 80.678
4240.34 80.912
4317.51 81.153
4396.09 81.387
4476.1 81.606
4557.56 81.796
4640.5 81.944
4724.96 82.035
4810.95 82.058
4898.51 82
4987.66 81.857
5078.43 81.628
5170.86 81.319
5264.97 80.94
5360.79 80.505
5458.35 80.033
5557.69 79.537
5658.84 79.035
5761.82 78.543
5866.69 78.077
5973.46 77.651
6082.17 77.274
6192.87 76.958
6305.57 76.712
6420.33 76.548
6537.18 76.481
6656.15 76.526
6777.29 76.704
6900.63 77.028
7026.22 77.513
7154.1 78.163
7284.3 78.963
7416.87 79.868
7551.85 80.8
7689.29 81.648
7829.23 82.284
7971.72 82.587
8116.8 82.465
8264.53 81.891
8414.94 80.902
8568.09 79.595
8724.02 78.109
8882.79 76.591
9044.46 75.182
9209.06 74.011
9376.66 73.183
9547.31 72.778
9721.07 72.843
9897.99 73.37
10078.13 74.287
10261.55 75.462
10448.3 76.735
10638.45 77.932
10832.07 78.881
11029.21 79.429
11229.94 79.473
11434.32 78.969
11642.41 77.967
11854.3 76.596
12070.04 75.045
12289.71 73.518
12513.38 72.191
12741.12 71.197
12973 70.586
13209.1 70.336
13449.5 70.347
13694.28 70.454
13943.51 70.465
14197.27 70.218
14455.66 69.614
14718.74 68.67
14986.62 67.493
15259.37 66.249
15537.08 65.067
15819.85 63.979
16107.76 62.882
16400.92 61.558
16699.41 59.768
17003.33 57.345
17312.78 54.257
17627.86 50.611
17948.68 46.602
18275.34 42.44
18607.94 38.294
18946.6 34.248
19291.42 30.307
19642.52 26.425
20000 22.544