20 87.208
20.36 87.218
20.73 87.226
21.11 87.235
21.5 87.245
21.89 87.253
22.29 87.262
22.69 87.269
23.1 87.278
23.52 87.285
23.95 87.291
24.39 87.297
24.83 87.302
25.28 87.307
25.74 87.31
26.21 87.313
26.69 87.315
27.18 87.317
27.67 87.316
28.17 87.315
28.69 87.313
29.21 87.309
29.74 87.303
30.28 87.297
30.83 87.289
31.39 87.279
31.97 87.269
32.55 87.256
33.14 87.242
33.74 87.226
34.36 87.208
34.98 87.19
35.62 87.168
36.27 87.146
36.93 87.122
37.6 87.098
38.28 87.072
38.98 87.045
39.69 87.016
40.41 86.987
41.15 86.957
41.9 86.925
42.66 86.893
43.44 86.86
44.23 86.827
45.03 86.792
45.85 86.758
46.68 86.723
47.53 86.687
48.4 86.65
49.28 86.613
50.18 86.575
51.09 86.537
52.02 86.497
52.97 86.456
53.93 86.414
54.91 86.371
55.91 86.326
56.93 86.279
57.97 86.232
59.02 86.182
60.09 86.132
61.19 86.078
62.3 86.025
63.44 85.968
64.59 85.911
65.77 85.853
66.96 85.793
68.18 85.731
69.42 85.669
70.69 85.605
71.97 85.541
73.28 85.476
74.62 85.408
75.97 85.34
77.36 85.271
78.76 85.199
80.2 85.125
81.66 85.047
83.14 84.968
84.66 84.884
86.2 84.798
87.77 84.708
89.36 84.617
90.99 84.523
92.65 84.427
94.33 84.33
96.05 84.234
97.8 84.137
99.58 84.039
101.39 83.943
103.23 83.848
105.11 83.754
107.03 83.662
108.97 83.573
110.96 83.485
112.98 83.401
115.03 83.318
117.13 83.236
119.26 83.155
121.43 83.073
123.64 82.99
125.89 82.904
128.18 82.816
130.51 82.726
132.89 82.633
135.31 82.538
137.77 82.44
140.28 82.34
142.83 82.238
145.43 82.135
148.07 82.03
150.77 81.925
153.51 81.821
156.31 81.715
159.15 81.61
162.05 81.503
165 81.395
168 81.286
171.06 81.176
174.17 81.065
177.34 80.953
180.57 80.842
183.86 80.731
187.2 80.618
190.61 80.506
194.08 80.392
197.61 80.279
201.21 80.165
204.87 80.05
208.6 79.934
212.39 79.817
216.26 79.699
220.19 79.581
224.2 79.463
228.28 79.345
232.44 79.228
236.67 79.112
240.97 78.998
245.36 78.885
249.82 78.775
254.37 78.666
259 78.559
263.71 78.455
268.51 78.352
273.4 78.249
278.38 78.147
283.44 78.047
288.6 77.946
293.85 77.844
299.2 77.743
304.65 77.639
310.19 77.534
315.84 77.427
321.59 77.318
327.44 77.209
333.4 77.099
339.47 76.99
345.64 76.881
351.93 76.775
358.34 76.67
364.86 76.567
371.5 76.467
378.26 76.369
385.15 76.274
392.16 76.18
399.29 76.089
406.56 76
413.96 75.914
421.49 75.83
429.16 75.75
436.97 75.671
444.93 75.593
453.02 75.516
461.27 75.437
469.66 75.357
478.21 75.272
486.91 75.185
495.78 75.097
504.8 75.008
513.99 74.918
523.34 74.83
532.87 74.744
542.56 74.664
552.44 74.59
562.49 74.524
572.73 74.464
583.15 74.412
593.77 74.364
604.57 74.322
615.57 74.283
626.78 74.248
638.18 74.216
649.8 74.189
661.63 74.165
673.67 74.143
685.93 74.123
698.41 74.106
711.12 74.091
724.06 74.079
737.24 74.072
750.66 74.069
764.32 74.074
778.23 74.086
792.39 74.107
806.82 74.135
821.5 74.173
836.45 74.217
851.67 74.268
867.17 74.322
882.96 74.381
899.02 74.445
915.39 74.516
932.05 74.595
949.01 74.682
966.28 74.78
983.87 74.891
1001.77 75.012
1020 75.146
1038.57 75.293
1057.47 75.456
1076.71 75.636
1096.31 75.835
1116.26 76.057
1136.58 76.303
1157.26 76.573
1178.32 76.86
1199.77 77.161
1221.6 77.465
1243.84 77.763
1266.47 78.05
1289.52 78.321
1312.99 78.574
1336.89 78.81
1361.22 79.032
1385.99 79.246
1411.22 79.454
1436.9 79.659
1463.05 79.861
1489.68 80.063
1516.79 80.265
1544.4 80.47
1572.5 80.677
1601.12 80.882
1630.26 81.079
1659.93 81.267
1690.14 81.443
1720.9 81.61
1752.22 81.769
1784.11 81.926
1816.58 82.088
1849.64 82.262
1883.3 82.454
1917.58 82.664
1952.48 82.886
1988.01 83.108
2024.19 83.312
2061.03 83.48
2098.54 83.596
2136.73 83.656
2175.62 83.664
2215.22 83.636
2255.53 83.586
2296.58 83.525
2338.38 83.464
2380.94 83.397
2424.27 83.319
2468.39 83.222
2513.31 83.098
2559.05 82.948
2605.63 82.771
2653.05 82.574
2701.33 82.364
2750.5 82.147
2800.55 81.928
2851.52 81.711
2903.42 81.499
2956.26 81.293
3010.06 81.092
3064.85 80.899
3120.62 80.713
3177.42 80.535
3235.25 80.364
3294.13 80.201
3354.08 80.048
3415.12 79.907
3477.27 79.789
3540.56 79.699
3605 79.645
3670.6 79.633
3737.41 79.665
3805.43 79.745
3874.68 79.875
3945.2 80.058
4017 80.295
4090.11 80.588
4164.55 80.936
4240.34 81.336
4317.51 81.788
4396.09 82.281
4476.1 82.805
4557.56 83.338
4640.5 83.85
4724.96 84.309
4810.95 84.677
4898.51 84.92
4987.66 85.011
5078.43 84.935
5170.86 84.691
5264.97 84.294
5360.79 83.771
5458.35 83.155
5557.69 82.485
5658.84 81.794
5761.82 81.115
5866.69 80.474
5973.46 79.893
6082.17 79.387
6192.87 78.968
6305.57 78.648
6420.33 78.44
6537.18 78.354
6656.15 78.404
6777.29 78.607
6900.63 78.976
7026.22 79.516
7154.1 80.221
7284.3 81.059
7416.87 81.97
7551.85 82.862
7689.29 83.616
7829.23 84.105
7971.72 84.223
8116.8 83.91
8264.53 83.173
8414.94 82.082
8568.09 80.761
8724.02 79.351
8882.79 77.987
9044.46 76.781
9209.06 75.816
9376.66 75.142
9547.31 74.791
9721.07 74.762
9897.99 75.024
10078.13 75.511
10261.55 76.107
10448.3 76.663
10638.45 77.011
10832.07 77.006
11029.21 76.575
11229.94 75.729
11434.32 74.562
11642.41 73.204
11854.3 71.778
12070.04 70.368
12289.71 69.031
12513.38 67.806
12741.12 66.734
12973 65.863
13209.1 65.246
13449.5 64.936
13694.28 64.975
13943.51 65.382
14197.27 66.139
14455.66 67.171
14718.74 68.34
14986.62 69.449
15259.37 70.27
15537.08 70.587
15819.85 70.242
16107.76 69.166
16400.92 67.378
16699.41 64.961
17003.33 62.04
17312.78 58.754
17627.86 55.245
17948.68 51.637
18275.34 48.029
18607.94 44.483
18946.6 41.027
19291.42 37.651
19642.52 34.328
20000 31.025