20 85.088
20.36 85.101
20.73 85.114
21.11 85.127
21.5 85.14
21.89 85.152
22.29 85.165
22.69 85.178
23.1 85.189
23.52 85.2
23.95 85.212
24.39 85.222
24.83 85.233
25.28 85.242
25.74 85.251
26.21 85.259
26.69 85.267
27.18 85.274
27.67 85.28
28.17 85.285
28.69 85.29
29.21 85.293
29.74 85.296
30.28 85.297
30.83 85.298
31.39 85.297
31.97 85.295
32.55 85.292
33.14 85.288
33.74 85.282
34.36 85.275
34.98 85.267
35.62 85.257
36.27 85.246
36.93 85.234
37.6 85.221
38.28 85.206
38.98 85.189
39.69 85.172
40.41 85.153
41.15 85.132
41.9 85.111
42.66 85.087
43.44 85.063
44.23 85.037
45.03 85.009
45.85 84.98
46.68 84.949
47.53 84.918
48.4 84.885
49.28 84.853
50.18 84.821
51.09 84.789
52.02 84.76
52.97 84.732
53.93 84.705
54.91 84.681
55.91 84.661
56.93 84.644
57.97 84.631
59.02 84.621
60.09 84.617
61.19 84.616
62.3 84.617
63.44 84.619
64.59 84.621
65.77 84.623
66.96 84.624
68.18 84.621
69.42 84.616
70.69 84.607
71.97 84.592
73.28 84.572
74.62 84.546
75.97 84.515
77.36 84.48
78.76 84.44
80.2 84.396
81.66 84.348
83.14 84.296
84.66 84.241
86.2 84.183
87.77 84.121
89.36 84.058
90.99 83.993
92.65 83.926
94.33 83.859
96.05 83.791
97.8 83.722
99.58 83.655
101.39 83.587
103.23 83.519
105.11 83.452
107.03 83.384
108.97 83.315
110.96 83.247
112.98 83.179
115.03 83.11
117.13 83.041
119.26 82.969
121.43 82.898
123.64 82.825
125.89 82.751
128.18 82.675
130.51 82.599
132.89 82.522
135.31 82.445
137.77 82.367
140.28 82.289
142.83 82.21
145.43 82.13
148.07 82.049
150.77 81.965
153.51 81.879
156.31 81.791
159.15 81.704
162.05 81.615
165 81.526
168 81.437
171.06 81.348
174.17 81.261
177.34 81.174
180.57 81.087
183.86 81.001
187.2 80.913
190.61 80.824
194.08 80.735
197.61 80.643
201.21 80.55
204.87 80.456
208.6 80.36
212.39 80.263
216.26 80.165
220.19 80.066
224.2 79.968
228.28 79.869
232.44 79.771
236.67 79.673
240.97 79.574
245.36 79.476
249.82 79.376
254.37 79.277
259 79.179
263.71 79.081
268.51 78.984
273.4 78.888
278.38 78.794
283.44 78.704
288.6 78.615
293.85 78.526
299.2 78.438
304.65 78.348
310.19 78.256
315.84 78.162
321.59 78.067
327.44 77.97
333.4 77.872
339.47 77.774
345.64 77.675
351.93 77.573
358.34 77.471
364.86 77.368
371.5 77.266
378.26 77.166
385.15 77.068
392.16 76.974
399.29 76.884
406.56 76.796
413.96 76.712
421.49 76.628
429.16 76.544
436.97 76.461
444.93 76.378
453.02 76.294
461.27 76.21
469.66 76.122
478.21 76.032
486.91 75.941
495.78 75.849
504.8 75.758
513.99 75.668
523.34 75.58
532.87 75.495
542.56 75.412
552.44 75.331
562.49 75.253
572.73 75.178
583.15 75.106
593.77 75.038
604.57 74.974
615.57 74.914
626.78 74.859
638.18 74.809
649.8 74.765
661.63 74.725
673.67 74.689
685.93 74.657
698.41 74.626
711.12 74.598
724.06 74.572
737.24 74.548
750.66 74.527
764.32 74.511
778.23 74.502
792.39 74.501
806.82 74.507
821.5 74.522
836.45 74.545
851.67 74.573
867.17 74.605
882.96 74.643
899.02 74.685
915.39 74.729
932.05 74.777
949.01 74.828
966.28 74.883
983.87 74.943
1001.77 75.006
1020 75.075
1038.57 75.151
1057.47 75.236
1076.71 75.332
1096.31 75.446
1116.26 75.579
1136.58 75.733
1157.26 75.904
1178.32 76.087
1199.77 76.269
1221.6 76.443
1243.84 76.599
1266.47 76.733
1289.52 76.85
1312.99 76.953
1336.89 77.047
1361.22 77.139
1385.99 77.227
1411.22 77.314
1436.9 77.394
1463.05 77.466
1489.68 77.528
1516.79 77.581
1544.4 77.631
1572.5 77.69
1601.12 77.77
1630.26 77.889
1659.93 78.055
1690.14 78.271
1720.9 78.533
1752.22 78.827
1784.11 79.137
1816.58 79.45
1849.64 79.751
1883.3 80.036
1917.58 80.311
1952.48 80.583
1988.01 80.866
2024.19 81.168
2061.03 81.496
2098.54 81.849
2136.73 82.222
2175.62 82.603
2215.22 82.98
2255.53 83.347
2296.58 83.699
2338.38 84.034
2380.94 84.35
2424.27 84.644
2468.39 84.916
2513.31 85.163
2559.05 85.383
2605.63 85.572
2653.05 85.726
2701.33 85.844
2750.5 85.917
2800.55 85.946
2851.52 85.929
2903.42 85.872
2956.26 85.781
3010.06 85.665
3064.85 85.534
3120.62 85.395
3177.42 85.256
3235.25 85.122
3294.13 84.993
3354.08 84.872
3415.12 84.763
3477.27 84.668
3540.56 84.59
3605 84.53
3670.6 84.487
3737.41 84.459
3805.43 84.443
3874.68 84.439
3945.2 84.451
4017 84.487
4090.11 84.556
4164.55 84.668
4240.34 84.835
4317.51 85.063
4396.09 85.364
4476.1 85.744
4557.56 86.206
4640.5 86.747
4724.96 87.357
4810.95 88.016
4898.51 88.695
4987.66 89.351
5078.43 89.93
5170.86 90.37
5264.97 90.615
5360.79 90.622
5458.35 90.373
5557.69 89.879
5658.84 89.175
5761.82 88.315
5866.69 87.362
5973.46 86.378
6082.17 85.416
6192.87 84.519
6305.57 83.718
6420.33 83.035
6537.18 82.486
6656.15 82.082
6777.29 81.834
6900.63 81.755
7026.22 81.859
7154.1 82.153
7284.3 82.633
7416.87 83.263
7551.85 83.972
7689.29 84.652
7829.23 85.164
7971.72 85.36
8116.8 85.119
8264.53 84.378
8414.94 83.153
8568.09 81.529
8724.02 79.643
8882.79 77.641
9044.46 75.651
9209.06 73.766
9376.66 72.042
9547.31 70.503
9721.07 69.148
9897.99 67.964
10078.13 66.933
10261.55 66.036
10448.3 65.258
10638.45 64.583
10832.07 64.002
11029.21 63.512
11229.94 63.118
11434.32 62.823
11642.41 62.642
11854.3 62.589
12070.04 62.686
12289.71 62.962
12513.38 63.446
12741.12 64.166
12973 65.136
13209.1 66.347
13449.5 67.753
13694.28 69.27
13943.51 70.766
14197.27 72.088
14455.66 73.088
14718.74 73.653
14986.62 73.734
15259.37 73.35
15537.08 72.565
15819.85 71.454
16107.76 70.073
16400.92 68.465
16699.41 66.687
17003.33 64.824
17312.78 62.967
17627.86 61.191
17948.68 59.524
18275.34 57.945
18607.94 56.408
18946.6 54.867
19291.42 53.302
19642.52 51.72
20000 50.138