20 85.825
20.36 85.822
20.73 85.819
21.11 85.815
21.5 85.811
21.89 85.807
22.29 85.803
22.69 85.797
23.1 85.792
23.52 85.786
23.95 85.779
24.39 85.772
24.83 85.764
25.28 85.755
25.74 85.745
26.21 85.734
26.69 85.723
27.18 85.709
27.67 85.695
28.17 85.68
28.69 85.662
29.21 85.644
29.74 85.624
30.28 85.603
30.83 85.58
31.39 85.555
31.97 85.528
32.55 85.501
33.14 85.47
33.74 85.437
34.36 85.403
34.98 85.367
35.62 85.33
36.27 85.29
36.93 85.249
37.6 85.206
38.28 85.161
38.98 85.115
39.69 85.067
40.41 85.018
41.15 84.968
41.9 84.917
42.66 84.864
43.44 84.81
44.23 84.755
45.03 84.699
45.85 84.643
46.68 84.584
47.53 84.525
48.4 84.465
49.28 84.405
50.18 84.344
51.09 84.281
52.02 84.218
52.97 84.153
53.93 84.088
54.91 84.022
55.91 83.956
56.93 83.888
57.97 83.82
59.02 83.751
60.09 83.681
61.19 83.61
62.3 83.539
63.44 83.466
64.59 83.391
65.77 83.317
66.96 83.239
68.18 83.16
69.42 83.08
70.69 82.997
71.97 82.912
73.28 82.825
74.62 82.737
75.97 82.646
77.36 82.555
78.76 82.463
80.2 82.37
81.66 82.276
83.14 82.184
84.66 82.092
86.2 82.001
87.77 81.911
89.36 81.822
90.99 81.733
92.65 81.646
94.33 81.559
96.05 81.473
97.8 81.388
99.58 81.303
101.39 81.218
103.23 81.133
105.11 81.048
107.03 80.961
108.97 80.873
110.96 80.783
112.98 80.689
115.03 80.594
117.13 80.498
119.26 80.401
121.43 80.303
123.64 80.206
125.89 80.109
128.18 80.013
130.51 79.915
132.89 79.818
135.31 79.72
137.77 79.62
140.28 79.518
142.83 79.414
145.43 79.309
148.07 79.203
150.77 79.096
153.51 78.99
156.31 78.882
159.15 78.776
162.05 78.669
165 78.564
168 78.459
171.06 78.357
174.17 78.257
177.34 78.156
180.57 78.059
183.86 77.963
187.2 77.868
190.61 77.773
194.08 77.68
197.61 77.587
201.21 77.495
204.87 77.403
208.6 77.311
212.39 77.219
216.26 77.125
220.19 77.032
224.2 76.94
228.28 76.848
232.44 76.757
236.67 76.668
240.97 76.58
245.36 76.495
249.82 76.413
254.37 76.333
259 76.255
263.71 76.18
268.51 76.108
273.4 76.037
278.38 75.966
283.44 75.897
288.6 75.828
293.85 75.759
299.2 75.688
304.65 75.617
310.19 75.545
315.84 75.472
321.59 75.399
327.44 75.326
333.4 75.255
339.47 75.186
345.64 75.119
351.93 75.053
358.34 74.99
364.86 74.928
371.5 74.868
378.26 74.809
385.15 74.752
392.16 74.697
399.29 74.643
406.56 74.591
413.96 74.541
421.49 74.494
429.16 74.449
436.97 74.406
444.93 74.365
453.02 74.324
461.27 74.282
469.66 74.239
478.21 74.194
486.91 74.149
495.78 74.103
504.8 74.057
513.99 74.012
523.34 73.969
532.87 73.928
542.56 73.89
552.44 73.854
562.49 73.821
572.73 73.791
583.15 73.763
593.77 73.738
604.57 73.717
615.57 73.701
626.78 73.688
638.18 73.681
649.8 73.679
661.63 73.682
673.67 73.689
685.93 73.7
698.41 73.711
711.12 73.725
724.06 73.741
737.24 73.76
750.66 73.785
764.32 73.813
778.23 73.85
792.39 73.894
806.82 73.946
821.5 74.007
836.45 74.073
851.67 74.145
867.17 74.221
882.96 74.3
899.02 74.382
915.39 74.471
932.05 74.564
949.01 74.665
966.28 74.773
983.87 74.888
1001.77 75.012
1020 75.143
1038.57 75.279
1057.47 75.421
1076.71 75.563
1096.31 75.706
1116.26 75.848
1136.58 75.989
1157.26 76.129
1178.32 76.268
1199.77 76.408
1221.6 76.544
1243.84 76.676
1266.47 76.803
1289.52 76.926
1312.99 77.042
1336.89 77.156
1361.22 77.27
1385.99 77.386
1411.22 77.508
1436.9 77.635
1463.05 77.767
1489.68 77.908
1516.79 78.054
1544.4 78.21
1572.5 78.374
1601.12 78.541
1630.26 78.705
1659.93 78.859
1690.14 78.997
1720.9 79.118
1752.22 79.222
1784.11 79.314
1816.58 79.397
1849.64 79.475
1883.3 79.55
1917.58 79.621
1952.48 79.688
1988.01 79.75
2024.19 79.802
2061.03 79.842
2098.54 79.87
2136.73 79.888
2175.62 79.897
2215.22 79.903
2255.53 79.911
2296.58 79.927
2338.38 79.953
2380.94 79.997
2424.27 80.058
2468.39 80.129
2513.31 80.206
2559.05 80.278
2605.63 80.338
2653.05 80.384
2701.33 80.419
2750.5 80.445
2800.55 80.466
2851.52 80.487
2903.42 80.507
2956.26 80.528
3010.06 80.548
3064.85 80.568
3120.62 80.588
3177.42 80.611
3235.25 80.637
3294.13 80.671
3354.08 80.715
3415.12 80.772
3477.27 80.844
3540.56 80.931
3605 81.032
3670.6 81.147
3737.41 81.272
3805.43 81.405
3874.68 81.543
3945.2 81.684
4017 81.822
4090.11 81.95
4164.55 82.06
4240.34 82.142
4317.51 82.185
4396.09 82.182
4476.1 82.125
4557.56 82.008
4640.5 81.828
4724.96 81.586
4810.95 81.287
4898.51 80.939
4987.66 80.551
5078.43 80.136
5170.86 79.702
5264.97 79.264
5360.79 78.833
5458.35 78.419
5557.69 78.029
5658.84 77.673
5761.82 77.358
5866.69 77.089
5973.46 76.871
6082.17 76.714
6192.87 76.626
6305.57 76.619
6420.33 76.708
6537.18 76.91
6656.15 77.247
6777.29 77.738
6900.63 78.393
7026.22 79.213
7154.1 80.171
7284.3 81.211
7416.87 82.24
7551.85 83.133
7689.29 83.756
7829.23 83.987
7971.72 83.756
8116.8 83.061
8264.53 81.967
8414.94 80.594
8568.09 79.079
8724.02 77.556
8882.79 76.13
9044.46 74.876
9209.06 73.84
9376.66 73.057
9547.31 72.549
9721.07 72.337
9897.99 72.432
10078.13 72.824
10261.55 73.469
10448.3 74.272
10638.45 75.094
10832.07 75.771
11029.21 76.152
11229.94 76.131
11434.32 75.673
11642.41 74.808
11854.3 73.624
12070.04 72.229
12289.71 70.746
12513.38 69.283
12741.12 67.932
12973 66.766
13209.1 65.84
13449.5 65.202
13694.28 64.881
13943.51 64.896
14197.27 65.238
14455.66 65.861
14718.74 66.674
14986.62 67.54
15259.37 68.301
15537.08 68.804
15819.85 68.945
16107.76 68.689
16400.92 68.063
16699.41 67.125
17003.33 65.933
17312.78 64.524
17627.86 62.917
17948.68 61.085
18275.34 58.966
18607.94 56.52
18946.6 53.768
19291.42 50.789
19642.52 47.689
20000 44.551