20 85.658
20.36 85.647
20.73 85.636
21.11 85.625
21.5 85.614
21.89 85.602
22.29 85.591
22.69 85.579
23.1 85.567
23.52 85.555
23.95 85.542
24.39 85.529
24.83 85.515
25.28 85.501
25.74 85.487
26.21 85.472
26.69 85.456
27.18 85.44
27.67 85.423
28.17 85.406
28.69 85.388
29.21 85.369
29.74 85.349
30.28 85.328
30.83 85.306
31.39 85.284
31.97 85.26
32.55 85.236
33.14 85.21
33.74 85.184
34.36 85.156
34.98 85.127
35.62 85.097
36.27 85.066
36.93 85.033
37.6 84.999
38.28 84.964
38.98 84.928
39.69 84.89
40.41 84.85
41.15 84.81
41.9 84.768
42.66 84.724
43.44 84.679
44.23 84.632
45.03 84.585
45.85 84.535
46.68 84.483
47.53 84.431
48.4 84.376
49.28 84.321
50.18 84.265
51.09 84.208
52.02 84.151
52.97 84.094
53.93 84.036
54.91 83.98
55.91 83.923
56.93 83.867
57.97 83.812
59.02 83.758
60.09 83.704
61.19 83.652
62.3 83.6
63.44 83.549
64.59 83.497
65.77 83.445
66.96 83.392
68.18 83.338
69.42 83.282
70.69 83.225
71.97 83.164
73.28 83.102
74.62 83.036
75.97 82.968
77.36 82.898
78.76 82.826
80.2 82.752
81.66 82.676
83.14 82.598
84.66 82.518
86.2 82.436
87.77 82.353
89.36 82.268
90.99 82.183
92.65 82.097
94.33 82.009
96.05 81.92
97.8 81.83
99.58 81.74
101.39 81.649
103.23 81.557
105.11 81.465
107.03 81.371
108.97 81.276
110.96 81.179
112.98 81.081
115.03 80.982
117.13 80.884
119.26 80.786
121.43 80.688
123.64 80.593
125.89 80.5
128.18 80.409
130.51 80.32
132.89 80.232
135.31 80.143
137.77 80.053
140.28 79.961
142.83 79.868
145.43 79.774
148.07 79.679
150.77 79.583
153.51 79.484
156.31 79.385
159.15 79.283
162.05 79.18
165 79.076
168 78.969
171.06 78.863
174.17 78.758
177.34 78.657
180.57 78.56
183.86 78.467
187.2 78.376
190.61 78.287
194.08 78.201
197.61 78.115
201.21 78.029
204.87 77.942
208.6 77.855
212.39 77.766
216.26 77.678
220.19 77.59
224.2 77.504
228.28 77.419
232.44 77.335
236.67 77.254
240.97 77.172
245.36 77.092
249.82 77.012
254.37 76.933
259 76.855
263.71 76.778
268.51 76.702
273.4 76.629
278.38 76.555
283.44 76.484
288.6 76.413
293.85 76.343
299.2 76.272
304.65 76.2
310.19 76.127
315.84 76.052
321.59 75.977
327.44 75.9
333.4 75.822
339.47 75.745
345.64 75.669
351.93 75.596
358.34 75.524
364.86 75.455
371.5 75.389
378.26 75.324
385.15 75.262
392.16 75.202
399.29 75.144
406.56 75.087
413.96 75.034
421.49 74.982
429.16 74.931
436.97 74.881
444.93 74.83
453.02 74.776
461.27 74.716
469.66 74.647
478.21 74.568
486.91 74.477
495.78 74.376
504.8 74.265
513.99 74.147
523.34 74.028
532.87 73.917
542.56 73.825
552.44 73.764
562.49 73.742
572.73 73.761
583.15 73.81
593.77 73.874
604.57 73.94
615.57 73.993
626.78 74.025
638.18 74.032
649.8 74.016
661.63 73.98
673.67 73.932
685.93 73.881
698.41 73.837
711.12 73.808
724.06 73.798
737.24 73.806
750.66 73.83
764.32 73.867
778.23 73.915
792.39 73.97
806.82 74.032
821.5 74.099
836.45 74.168
851.67 74.238
867.17 74.309
882.96 74.38
899.02 74.453
915.39 74.529
932.05 74.61
949.01 74.698
966.28 74.794
983.87 74.897
1001.77 75.011
1020 75.135
1038.57 75.268
1057.47 75.41
1076.71 75.558
1096.31 75.712
1116.26 75.869
1136.58 76.026
1157.26 76.18
1178.32 76.332
1199.77 76.478
1221.6 76.617
1243.84 76.746
1266.47 76.866
1289.52 76.976
1312.99 77.078
1336.89 77.176
1361.22 77.272
1385.99 77.374
1411.22 77.486
1436.9 77.608
1463.05 77.74
1489.68 77.877
1516.79 78.015
1544.4 78.143
1572.5 78.248
1601.12 78.316
1630.26 78.339
1659.93 78.322
1690.14 78.276
1720.9 78.222
1752.22 78.18
1784.11 78.163
1816.58 78.177
1849.64 78.221
1883.3 78.291
1917.58 78.38
1952.48 78.484
1988.01 78.6
2024.19 78.725
2061.03 78.861
2098.54 79.008
2136.73 79.164
2175.62 79.327
2215.22 79.489
2255.53 79.639
2296.58 79.769
2338.38 79.88
2380.94 79.978
2424.27 80.071
2468.39 80.168
2513.31 80.274
2559.05 80.388
2605.63 80.506
2653.05 80.622
2701.33 80.731
2750.5 80.832
2800.55 80.924
2851.52 81.01
2903.42 81.09
2956.26 81.166
3010.06 81.239
3064.85 81.314
3120.62 81.392
3177.42 81.476
3235.25 81.56
3294.13 81.644
3354.08 81.72
3415.12 81.785
3477.27 81.839
3540.56 81.884
3605 81.922
3670.6 81.955
3737.41 81.985
3805.43 82.009
3874.68 82.023
3945.2 82.018
4017 81.987
4090.11 81.919
4164.55 81.808
4240.34 81.649
4317.51 81.448
4396.09 81.208
4476.1 80.94
4557.56 80.654
4640.5 80.355
4724.96 80.057
4810.95 79.765
4898.51 79.486
4987.66 79.223
5078.43 78.976
5170.86 78.744
5264.97 78.523
5360.79 78.313
5458.35 78.112
5557.69 77.925
5658.84 77.758
5761.82 77.621
5866.69 77.525
5973.46 77.483
6082.17 77.507
6192.87 77.611
6305.57 77.808
6420.33 78.112
6537.18 78.544
6656.15 79.123
6777.29 79.867
6900.63 80.789
7026.22 81.884
7154.1 83.129
7284.3 84.462
7416.87 85.786
7551.85 86.97
7689.29 87.872
7829.23 88.37
7971.72 88.398
8116.8 87.965
8264.53 87.151
8414.94 86.089
8568.09 84.923
8724.02 83.777
8882.79 82.729
9044.46 81.808
9209.06 80.998
9376.66 80.242
9547.31 79.465
9721.07 78.595
9897.99 77.585
10078.13 76.418
10261.55 75.11
10448.3 73.699
10638.45 72.236
10832.07 70.772
11029.21 69.358
11229.94 68.039
11434.32 66.847
11642.41 65.808
11854.3 64.944
12070.04 64.269
12289.71 63.8
12513.38 63.552
12741.12 63.537
12973 63.76
13209.1 64.213
13449.5 64.874
13694.28 65.698
13943.51 66.616
14197.27 67.531
14455.66 68.336
14718.74 68.925
14986.62 69.229
15259.37 69.233
15537.08 68.982
15819.85 68.57
16107.76 68.102
16400.92 67.658
16699.41 67.227
17003.33 66.69
17312.78 65.859
17627.86 64.58
17948.68 62.791
18275.34 60.527
18607.94 57.882
18946.6 54.975
19291.42 51.915
19642.52 48.784
20000 45.635