20 80.433
20.36 80.453
20.73 80.475
21.11 80.496
21.5 80.517
21.89 80.538
22.29 80.559
22.69 80.578
23.1 80.598
23.52 80.618
23.95 80.637
24.39 80.656
24.83 80.674
25.28 80.691
25.74 80.707
26.21 80.723
26.69 80.738
27.18 80.753
27.67 80.766
28.17 80.779
28.69 80.79
29.21 80.801
29.74 80.81
30.28 80.819
30.83 80.826
31.39 80.832
31.97 80.835
32.55 80.838
33.14 80.84
33.74 80.841
34.36 80.84
34.98 80.837
35.62 80.833
36.27 80.829
36.93 80.823
37.6 80.815
38.28 80.807
38.98 80.797
39.69 80.786
40.41 80.773
41.15 80.76
41.9 80.746
42.66 80.731
43.44 80.715
44.23 80.699
45.03 80.681
45.85 80.662
46.68 80.642
47.53 80.622
48.4 80.601
49.28 80.579
50.18 80.558
51.09 80.536
52.02 80.513
52.97 80.49
53.93 80.466
54.91 80.443
55.91 80.42
56.93 80.397
57.97 80.374
59.02 80.351
60.09 80.328
61.19 80.306
62.3 80.284
63.44 80.262
64.59 80.24
65.77 80.218
66.96 80.196
68.18 80.175
69.42 80.152
70.69 80.13
71.97 80.107
73.28 80.085
74.62 80.061
75.97 80.036
77.36 80.008
78.76 79.978
80.2 79.944
81.66 79.906
83.14 79.862
84.66 79.813
86.2 79.759
87.77 79.698
89.36 79.634
90.99 79.564
92.65 79.492
94.33 79.417
96.05 79.34
97.8 79.263
99.58 79.185
101.39 79.109
103.23 79.034
105.11 78.965
107.03 78.901
108.97 78.844
110.96 78.795
112.98 78.756
115.03 78.724
117.13 78.697
119.26 78.671
121.43 78.644
123.64 78.615
125.89 78.58
128.18 78.538
130.51 78.49
132.89 78.435
135.31 78.373
137.77 78.305
140.28 78.23
142.83 78.149
145.43 78.066
148.07 77.98
150.77 77.897
153.51 77.816
156.31 77.739
159.15 77.667
162.05 77.602
165 77.544
168 77.494
171.06 77.45
174.17 77.409
177.34 77.37
180.57 77.332
183.86 77.293
187.2 77.251
190.61 77.204
194.08 77.154
197.61 77.098
201.21 77.04
204.87 76.979
208.6 76.917
212.39 76.853
216.26 76.788
220.19 76.721
224.2 76.655
228.28 76.588
232.44 76.522
236.67 76.455
240.97 76.389
245.36 76.324
249.82 76.26
254.37 76.198
259 76.14
263.71 76.082
268.51 76.026
273.4 75.972
278.38 75.917
283.44 75.864
288.6 75.81
293.85 75.757
299.2 75.701
304.65 75.643
310.19 75.585
315.84 75.525
321.59 75.465
327.44 75.402
333.4 75.341
339.47 75.28
345.64 75.22
351.93 75.16
358.34 75.103
364.86 75.046
371.5 74.991
378.26 74.939
385.15 74.888
392.16 74.84
399.29 74.793
406.56 74.747
413.96 74.705
421.49 74.664
429.16 74.625
436.97 74.589
444.93 74.553
453.02 74.518
461.27 74.481
469.66 74.444
478.21 74.405
486.91 74.363
495.78 74.323
504.8 74.281
513.99 74.239
523.34 74.199
532.87 74.16
542.56 74.123
552.44 74.088
562.49 74.056
572.73 74.026
583.15 73.999
593.77 73.975
604.57 73.954
615.57 73.939
626.78 73.927
638.18 73.921
649.8 73.92
661.63 73.922
673.67 73.927
685.93 73.931
698.41 73.934
711.12 73.933
724.06 73.929
737.24 73.923
750.66 73.918
764.32 73.917
778.23 73.927
792.39 73.949
806.82 73.988
821.5 74.042
836.45 74.107
851.67 74.18
867.17 74.257
882.96 74.336
899.02 74.419
915.39 74.504
932.05 74.594
949.01 74.688
966.28 74.788
983.87 74.896
1001.77 75.011
1020 75.132
1038.57 75.258
1057.47 75.388
1076.71 75.519
1096.31 75.649
1116.26 75.776
1136.58 75.901
1157.26 76.024
1178.32 76.143
1199.77 76.258
1221.6 76.368
1243.84 76.47
1266.47 76.564
1289.52 76.651
1312.99 76.732
1336.89 76.812
1361.22 76.897
1385.99 76.99
1411.22 77.095
1436.9 77.214
1463.05 77.342
1489.68 77.475
1516.79 77.607
1544.4 77.736
1572.5 77.859
1601.12 77.974
1630.26 78.08
1659.93 78.177
1690.14 78.267
1720.9 78.354
1752.22 78.439
1784.11 78.528
1816.58 78.625
1849.64 78.732
1883.3 78.849
1917.58 78.977
1952.48 79.115
1988.01 79.262
2024.19 79.416
2061.03 79.577
2098.54 79.743
2136.73 79.914
2175.62 80.091
2215.22 80.276
2255.53 80.472
2296.58 80.68
2338.38 80.899
2380.94 81.124
2424.27 81.351
2468.39 81.575
2513.31 81.797
2559.05 82.018
2605.63 82.241
2653.05 82.465
2701.33 82.685
2750.5 82.896
2800.55 83.092
2851.52 83.268
2903.42 83.42
2956.26 83.547
3010.06 83.647
3064.85 83.722
3120.62 83.771
3177.42 83.791
3235.25 83.779
3294.13 83.727
3354.08 83.631
3415.12 83.483
3477.27 83.279
3540.56 83.015
3605 82.692
3670.6 82.314
3737.41 81.892
3805.43 81.443
3874.68 80.99
3945.2 80.567
4017 80.202
4090.11 79.923
4164.55 79.741
4240.34 79.66
4317.51 79.664
4396.09 79.73
4476.1 79.825
4557.56 79.921
4640.5 79.989
4724.96 80.012
4810.95 79.981
4898.51 79.895
4987.66 79.758
5078.43 79.578
5170.86 79.366
5264.97 79.135
5360.79 78.893
5458.35 78.653
5557.69 78.422
5658.84 78.207
5761.82 78.012
5866.69 77.844
5973.46 77.706
6082.17 77.604
6192.87 77.548
6305.57 77.546
6420.33 77.607
6537.18 77.744
6656.15 77.97
6777.29 78.293
6900.63 78.721
7026.22 79.253
7154.1 79.876
7284.3 80.561
7416.87 81.259
7551.85 81.905
7689.29 82.416
7829.23 82.714
7971.72 82.732
8116.8 82.434
8264.53 81.824
8414.94 80.945
8568.09 79.872
8724.02 78.693
8882.79 77.501
9044.46 76.373
9209.06 75.373
9376.66 74.553
9547.31 73.95
9721.07 73.595
9897.99 73.505
10078.13 73.688
10261.55 74.137
10448.3 74.821
10638.45 75.675
10832.07 76.598
11029.21 77.443
11229.94 78.044
11434.32 78.244
11642.41 77.94
11854.3 77.113
12070.04 75.832
12289.71 74.241
12513.38 72.515
12741.12 70.827
12973 69.317
13209.1 68.084
13449.5 67.184
13694.28 66.639
13943.51 66.439
14197.27 66.548
14455.66 66.897
14718.74 67.387
14986.62 67.889
15259.37 68.261
15537.08 68.37
15819.85 68.123
16107.76 67.482
16400.92 66.47
16699.41 65.15
17003.33 63.603
17312.78 61.901
17627.86 60.096
17948.68 58.213
18275.34 56.241
18607.94 54.15
18946.6 51.925
19291.42 49.575
19642.52 47.145
20000 44.686