20 82.458
20.36 82.485
20.73 82.512
21.11 82.538
21.5 82.564
21.89 82.59
22.29 82.617
22.69 82.643
23.1 82.667
23.52 82.692
23.95 82.717
24.39 82.741
24.83 82.764
25.28 82.788
25.74 82.809
26.21 82.831
26.69 82.851
27.18 82.872
27.67 82.89
28.17 82.909
28.69 82.926
29.21 82.943
29.74 82.957
30.28 82.972
30.83 82.985
31.39 82.996
31.97 83.007
32.55 83.016
33.14 83.024
33.74 83.03
34.36 83.035
34.98 83.04
35.62 83.042
36.27 83.044
36.93 83.044
37.6 83.042
38.28 83.04
38.98 83.035
39.69 83.03
40.41 83.024
41.15 83.017
41.9 83.008
42.66 82.998
43.44 82.987
44.23 82.976
45.03 82.962
45.85 82.949
46.68 82.934
47.53 82.917
48.4 82.9
49.28 82.88
50.18 82.859
51.09 82.835
52.02 82.808
52.97 82.779
53.93 82.747
54.91 82.711
55.91 82.673
56.93 82.63
57.97 82.584
59.02 82.533
60.09 82.478
61.19 82.419
62.3 82.357
63.44 82.291
64.59 82.222
65.77 82.152
66.96 82.08
68.18 82.007
69.42 81.933
70.69 81.859
71.97 81.786
73.28 81.714
74.62 81.642
75.97 81.57
77.36 81.498
78.76 81.426
80.2 81.353
81.66 81.277
83.14 81.201
84.66 81.122
86.2 81.041
87.77 80.956
89.36 80.87
90.99 80.78
92.65 80.687
94.33 80.589
96.05 80.489
97.8 80.386
99.58 80.278
101.39 80.166
103.23 80.051
105.11 79.934
107.03 79.816
108.97 79.694
110.96 79.572
112.98 79.449
115.03 79.326
117.13 79.205
119.26 79.085
121.43 78.97
123.64 78.858
125.89 78.751
128.18 78.645
130.51 78.537
132.89 78.424
135.31 78.301
137.77 78.166
140.28 78.014
142.83 77.851
145.43 77.679
148.07 77.502
150.77 77.323
153.51 77.146
156.31 76.969
159.15 76.79
162.05 76.607
165 76.417
168 76.219
171.06 76.016
174.17 75.806
177.34 75.591
180.57 75.376
183.86 75.164
187.2 74.96
190.61 74.772
194.08 74.598
197.61 74.437
201.21 74.286
204.87 74.144
208.6 74.008
212.39 73.876
216.26 73.747
220.19 73.619
224.2 73.492
228.28 73.368
232.44 73.244
236.67 73.125
240.97 73.01
245.36 72.9
249.82 72.796
254.37 72.699
259 72.611
263.71 72.529
268.51 72.456
273.4 72.391
278.38 72.331
283.44 72.277
288.6 72.23
293.85 72.187
299.2 72.147
304.65 72.111
310.19 72.077
315.84 72.046
321.59 72.017
327.44 71.992
333.4 71.971
339.47 71.953
345.64 71.94
351.93 71.932
358.34 71.927
364.86 71.926
371.5 71.929
378.26 71.934
385.15 71.942
392.16 71.953
399.29 71.967
406.56 71.983
413.96 72.001
421.49 72.021
429.16 72.044
436.97 72.067
444.93 72.092
453.02 72.118
461.27 72.142
469.66 72.164
478.21 72.185
486.91 72.203
495.78 72.222
504.8 72.239
513.99 72.257
523.34 72.275
532.87 72.295
542.56 72.315
552.44 72.338
562.49 72.361
572.73 72.386
583.15 72.412
593.77 72.441
604.57 72.472
615.57 72.506
626.78 72.545
638.18 72.587
649.8 72.635
661.63 72.687
673.67 72.742
685.93 72.799
698.41 72.857
711.12 72.914
724.06 72.973
737.24 73.032
750.66 73.094
764.32 73.161
778.23 73.233
792.39 73.314
806.82 73.406
821.5 73.509
836.45 73.622
851.67 73.742
867.17 73.868
882.96 73.996
899.02 74.129
915.39 74.264
932.05 74.404
949.01 74.549
966.28 74.699
983.87 74.855
1001.77 75.016
1020 75.18
1038.57 75.346
1057.47 75.512
1076.71 75.675
1096.31 75.834
1116.26 75.988
1136.58 76.14
1157.26 76.291
1178.32 76.446
1199.77 76.605
1221.6 76.77
1243.84 76.94
1266.47 77.118
1289.52 77.304
1312.99 77.496
1336.89 77.691
1361.22 77.891
1385.99 78.09
1411.22 78.285
1436.9 78.474
1463.05 78.656
1489.68 78.83
1516.79 78.999
1544.4 79.163
1572.5 79.328
1601.12 79.492
1630.26 79.653
1659.93 79.813
1690.14 79.97
1720.9 80.128
1752.22 80.287
1784.11 80.45
1816.58 80.619
1849.64 80.795
1883.3 80.976
1917.58 81.162
1952.48 81.35
1988.01 81.54
2024.19 81.727
2061.03 81.914
2098.54 82.101
2136.73 82.295
2175.62 82.499
2215.22 82.719
2255.53 82.961
2296.58 83.228
2338.38 83.513
2380.94 83.808
2424.27 84.099
2468.39 84.37
2513.31 84.606
2559.05 84.801
2605.63 84.951
2653.05 85.061
2701.33 85.137
2750.5 85.187
2800.55 85.216
2851.52 85.226
2903.42 85.214
2956.26 85.178
3010.06 85.117
3064.85 85.03
3120.62 84.922
3177.42 84.798
3235.25 84.662
3294.13 84.517
3354.08 84.366
3415.12 84.211
3477.27 84.057
3540.56 83.906
3605 83.763
3670.6 83.632
3737.41 83.515
3805.43 83.411
3874.68 83.321
3945.2 83.242
4017 83.172
4090.11 83.104
4164.55 83.037
4240.34 82.96
4317.51 82.873
4396.09 82.77
4476.1 82.647
4557.56 82.504
4640.5 82.337
4724.96 82.151
4810.95 81.944
4898.51 81.722
4987.66 81.483
5078.43 81.232
5170.86 80.971
5264.97 80.702
5360.79 80.43
5458.35 80.158
5557.69 79.891
5658.84 79.633
5761.82 79.389
5866.69 79.163
5973.46 78.963
6082.17 78.791
6192.87 78.654
6305.57 78.559
6420.33 78.511
6537.18 78.522
6656.15 78.598
6777.29 78.75
6900.63 78.99
7026.22 79.322
7154.1 79.748
7284.3 80.255
7416.87 80.824
7551.85 81.415
7689.29 81.975
7829.23 82.44
7971.72 82.74
8116.8 82.819
8264.53 82.638
8414.94 82.19
8568.09 81.501
8724.02 80.623
8882.79 79.627
9044.46 78.586
9209.06 77.564
9376.66 76.615
9547.31 75.781
9721.07 75.087
9897.99 74.555
10078.13 74.201
10261.55 74.04
10448.3 74.085
10638.45 74.345
10832.07 74.818
11029.21 75.481
11229.94 76.279
11434.32 77.123
11642.41 77.888
11854.3 78.434
12070.04 78.635
12289.71 78.401
12513.38 77.717
12741.12 76.638
12973 75.281
13209.1 73.798
13449.5 72.341
13694.28 71.045
13943.51 70.018
14197.27 69.334
14455.66 69.036
14718.74 69.133
14986.62 69.586
15259.37 70.309
15537.08 71.153
15819.85 71.917
16107.76 72.384
16400.92 72.355
16699.41 71.701
17003.33 70.392
17312.78 68.479
17627.86 66.076
17948.68 63.311
18275.34 60.303
18607.94 57.151
18946.6 53.927
19291.42 50.678
19642.52 47.421
20000 44.164