20 87.029
20.36 87.006
20.73 86.982
21.11 86.958
21.5 86.934
21.89 86.91
22.29 86.886
22.69 86.861
23.1 86.836
23.52 86.811
23.95 86.785
24.39 86.759
24.83 86.733
25.28 86.705
25.74 86.678
26.21 86.649
26.69 86.62
27.18 86.591
27.67 86.561
28.17 86.53
28.69 86.498
29.21 86.465
29.74 86.431
30.28 86.396
30.83 86.361
31.39 86.323
31.97 86.286
32.55 86.247
33.14 86.207
33.74 86.165
34.36 86.123
34.98 86.078
35.62 86.033
36.27 85.987
36.93 85.939
37.6 85.89
38.28 85.84
38.98 85.788
39.69 85.735
40.41 85.68
41.15 85.624
41.9 85.567
42.66 85.508
43.44 85.448
44.23 85.386
45.03 85.323
45.85 85.258
46.68 85.192
47.53 85.124
48.4 85.055
49.28 84.985
50.18 84.914
51.09 84.841
52.02 84.767
52.97 84.692
53.93 84.616
54.91 84.54
55.91 84.462
56.93 84.384
57.97 84.305
59.02 84.226
60.09 84.147
61.19 84.066
62.3 83.986
63.44 83.904
64.59 83.823
65.77 83.741
66.96 83.659
68.18 83.577
69.42 83.495
70.69 83.413
71.97 83.331
73.28 83.248
74.62 83.166
75.97 83.083
77.36 82.999
78.76 82.915
80.2 82.831
81.66 82.745
83.14 82.658
84.66 82.571
86.2 82.482
87.77 82.392
89.36 82.301
90.99 82.209
92.65 82.115
94.33 82.02
96.05 81.925
97.8 81.828
99.58 81.729
101.39 81.63
103.23 81.528
105.11 81.426
107.03 81.321
108.97 81.214
110.96 81.106
112.98 80.995
115.03 80.883
117.13 80.77
119.26 80.655
121.43 80.541
123.64 80.426
125.89 80.311
128.18 80.196
130.51 80.081
132.89 79.965
135.31 79.848
137.77 79.731
140.28 79.612
142.83 79.494
145.43 79.376
148.07 79.259
150.77 79.144
153.51 79.032
156.31 78.924
159.15 78.82
162.05 78.723
165 78.63
168 78.543
171.06 78.456
174.17 78.37
177.34 78.282
180.57 78.19
183.86 78.096
187.2 77.998
190.61 77.898
194.08 77.794
197.61 77.687
201.21 77.579
204.87 77.468
208.6 77.356
212.39 77.243
216.26 77.13
220.19 77.018
224.2 76.907
228.28 76.797
232.44 76.69
236.67 76.582
240.97 76.476
245.36 76.372
249.82 76.27
254.37 76.172
259 76.078
263.71 75.987
268.51 75.899
273.4 75.813
278.38 75.729
283.44 75.647
288.6 75.566
293.85 75.484
299.2 75.402
304.65 75.32
310.19 75.235
315.84 75.151
321.59 75.068
327.44 74.985
333.4 74.903
339.47 74.823
345.64 74.743
351.93 74.664
358.34 74.585
364.86 74.507
371.5 74.429
378.26 74.352
385.15 74.277
392.16 74.205
399.29 74.137
406.56 74.071
413.96 74.008
421.49 73.948
429.16 73.89
436.97 73.835
444.93 73.781
453.02 73.729
461.27 73.677
469.66 73.626
478.21 73.575
486.91 73.524
495.78 73.475
504.8 73.426
513.99 73.378
523.34 73.332
532.87 73.288
542.56 73.248
552.44 73.212
562.49 73.18
572.73 73.15
583.15 73.124
593.77 73.1
604.57 73.081
615.57 73.066
626.78 73.058
638.18 73.057
649.8 73.063
661.63 73.076
673.67 73.095
685.93 73.118
698.41 73.143
711.12 73.174
724.06 73.207
737.24 73.246
750.66 73.293
764.32 73.345
778.23 73.406
792.39 73.473
806.82 73.547
821.5 73.627
836.45 73.714
851.67 73.806
867.17 73.904
882.96 74.01
899.02 74.125
915.39 74.25
932.05 74.385
949.01 74.529
966.28 74.683
983.87 74.845
1001.77 75.017
1020 75.198
1038.57 75.389
1057.47 75.588
1076.71 75.792
1096.31 76.002
1116.26 76.218
1136.58 76.437
1157.26 76.661
1178.32 76.889
1199.77 77.12
1221.6 77.353
1243.84 77.587
1266.47 77.824
1289.52 78.068
1312.99 78.321
1336.89 78.585
1361.22 78.862
1385.99 79.153
1411.22 79.457
1436.9 79.773
1463.05 80.096
1489.68 80.422
1516.79 80.749
1544.4 81.079
1572.5 81.413
1601.12 81.753
1630.26 82.098
1659.93 82.441
1690.14 82.775
1720.9 83.095
1752.22 83.391
1784.11 83.656
1816.58 83.881
1849.64 84.057
1883.3 84.178
1917.58 84.24
1952.48 84.245
1988.01 84.195
2024.19 84.092
2061.03 83.944
2098.54 83.752
2136.73 83.523
2175.62 83.266
2215.22 82.987
2255.53 82.696
2296.58 82.396
2338.38 82.093
2380.94 81.79
2424.27 81.491
2468.39 81.197
2513.31 80.914
2559.05 80.647
2605.63 80.399
2653.05 80.17
2701.33 79.958
2750.5 79.758
2800.55 79.565
2851.52 79.376
2903.42 79.19
2956.26 79.002
3010.06 78.812
3064.85 78.619
3120.62 78.428
3177.42 78.246
3235.25 78.079
3294.13 77.934
3354.08 77.821
3415.12 77.748
3477.27 77.723
3540.56 77.753
3605 77.838
3670.6 77.978
3737.41 78.168
3805.43 78.406
3874.68 78.689
3945.2 79.015
4017 79.382
4090.11 79.783
4164.55 80.209
4240.34 80.644
4317.51 81.074
4396.09 81.476
4476.1 81.828
4557.56 82.108
4640.5 82.294
4724.96 82.37
4810.95 82.332
4898.51 82.185
4987.66 81.94
5078.43 81.614
5170.86 81.233
5264.97 80.824
5360.79 80.418
5458.35 80.045
5557.69 79.725
5658.84 79.473
5761.82 79.283
5866.69 79.127
5973.46 78.955
6082.17 78.729
6192.87 78.439
6305.57 78.112
6420.33 77.794
6537.18 77.54
6656.15 77.4
6777.29 77.417
6900.63 77.621
7026.22 78.032
7154.1 78.653
7284.3 79.465
7416.87 80.415
7551.85 81.417
7689.29 82.348
7829.23 83.074
7971.72 83.469
8116.8 83.449
8264.53 82.992
8414.94 82.147
8568.09 81.017
8724.02 79.738
8882.79 78.442
9044.46 77.246
9209.06 76.244
9376.66 75.504
9547.31 75.076
9721.07 74.992
9897.99 75.264
10078.13 75.872
10261.55 76.751
10448.3 77.779
10638.45 78.768
10832.07 79.494
11029.21 79.742
11229.94 79.374
11434.32 78.373
11642.41 76.843
11854.3 74.977
12070.04 72.994
12289.71 71.088
12513.38 69.388
12741.12 67.942
12973 66.716
13209.1 65.617
13449.5 64.528
13694.28 63.341
13943.51 61.997
14197.27 60.517
14455.66 59.021
14718.74 57.717
14986.62 56.866
15259.37 56.697
15537.08 57.296
15819.85 58.549
16107.76 60.191
16400.92 61.897
16699.41 63.362
17003.33 64.342
17312.78 64.681
17627.86 64.328
17948.68 63.323
18275.34 61.768
18607.94 59.786
18946.6 57.511
19291.42 55.062
19642.52 52.546
20000 50.026