20 81.877
20.36 81.925
20.73 81.971
21.11 82.014
21.5 82.055
21.89 82.098
22.29 82.14
22.69 82.187
23.1 82.238
23.52 82.297
23.95 82.362
24.39 82.433
24.83 82.505
25.28 82.578
25.74 82.648
26.21 82.713
26.69 82.774
27.18 82.831
27.67 82.89
28.17 82.952
28.69 83.021
29.21 83.097
29.74 83.179
30.28 83.262
30.83 83.339
31.39 83.402
31.97 83.451
32.55 83.487
33.14 83.513
33.74 83.531
34.36 83.544
34.98 83.554
35.62 83.567
36.27 83.587
36.93 83.616
37.6 83.656
38.28 83.705
38.98 83.756
39.69 83.806
40.41 83.85
41.15 83.887
41.9 83.917
42.66 83.942
43.44 83.964
44.23 83.987
45.03 84.007
45.85 84.026
46.68 84.045
47.53 84.065
48.4 84.087
49.28 84.114
50.18 84.145
51.09 84.175
52.02 84.205
52.97 84.226
53.93 84.239
54.91 84.239
55.91 84.229
56.93 84.213
57.97 84.192
59.02 84.171
60.09 84.149
61.19 84.13
62.3 84.112
63.44 84.1
64.59 84.098
65.77 84.111
66.96 84.137
68.18 84.168
69.42 84.193
70.69 84.196
71.97 84.168
73.28 84.113
74.62 84.045
75.97 83.978
77.36 83.922
78.76 83.874
80.2 83.828
81.66 83.777
83.14 83.714
84.66 83.636
86.2 83.547
87.77 83.45
89.36 83.349
90.99 83.25
92.65 83.149
94.33 83.048
96.05 82.948
97.8 82.851
99.58 82.76
101.39 82.681
103.23 82.624
105.11 82.598
107.03 82.612
108.97 82.672
110.96 82.776
112.98 82.919
115.03 83.081
117.13 83.221
119.26 83.284
121.43 83.221
123.64 83.027
125.89 82.735
128.18 82.398
130.51 82.063
132.89 81.755
135.31 81.485
137.77 81.252
140.28 81.048
142.83 80.86
145.43 80.683
148.07 80.512
150.77 80.345
153.51 80.179
156.31 80.021
159.15 79.87
162.05 79.724
165 79.582
168 79.442
171.06 79.303
174.17 79.16
177.34 79.015
180.57 78.867
183.86 78.715
187.2 78.56
190.61 78.401
194.08 78.24
197.61 78.078
201.21 77.917
204.87 77.757
208.6 77.605
212.39 77.458
216.26 77.319
220.19 77.187
224.2 77.058
228.28 76.931
232.44 76.806
236.67 76.684
240.97 76.564
245.36 76.448
249.82 76.336
254.37 76.229
259 76.126
263.71 76.028
268.51 75.933
273.4 75.841
278.38 75.754
283.44 75.669
288.6 75.587
293.85 75.507
299.2 75.428
304.65 75.349
310.19 75.271
315.84 75.193
321.59 75.118
327.44 75.046
333.4 74.978
339.47 74.912
345.64 74.851
351.93 74.793
358.34 74.736
364.86 74.682
371.5 74.632
378.26 74.584
385.15 74.54
392.16 74.498
399.29 74.46
406.56 74.425
413.96 74.392
421.49 74.361
429.16 74.334
436.97 74.309
444.93 74.285
453.02 74.262
461.27 74.236
469.66 74.209
478.21 74.18
486.91 74.149
495.78 74.116
504.8 74.085
513.99 74.054
523.34 74.025
532.87 73.999
542.56 73.975
552.44 73.952
562.49 73.933
572.73 73.915
583.15 73.9
593.77 73.886
604.57 73.875
615.57 73.868
626.78 73.866
638.18 73.868
649.8 73.875
661.63 73.888
673.67 73.904
685.93 73.923
698.41 73.945
711.12 73.969
724.06 73.997
737.24 74.03
750.66 74.07
764.32 74.116
778.23 74.174
792.39 74.242
806.82 74.318
821.5 74.402
836.45 74.49
851.67 74.577
867.17 74.658
882.96 74.731
899.02 74.791
915.39 74.839
932.05 74.876
949.01 74.903
966.28 74.926
983.87 74.957
1001.77 75.005
1020 75.086
1038.57 75.2
1057.47 75.349
1076.71 75.524
1096.31 75.712
1116.26 75.909
1136.58 76.106
1157.26 76.298
1178.32 76.484
1199.77 76.66
1221.6 76.827
1243.84 76.982
1266.47 77.125
1289.52 77.257
1312.99 77.381
1336.89 77.499
1361.22 77.612
1385.99 77.723
1411.22 77.835
1436.9 77.946
1463.05 78.061
1489.68 78.178
1516.79 78.3
1544.4 78.426
1572.5 78.558
1601.12 78.694
1630.26 78.832
1659.93 78.971
1690.14 79.111
1720.9 79.25
1752.22 79.391
1784.11 79.533
1816.58 79.678
1849.64 79.826
1883.3 79.978
1917.58 80.133
1952.48 80.292
1988.01 80.455
2024.19 80.624
2061.03 80.797
2098.54 80.979
2136.73 81.171
2175.62 81.378
2215.22 81.601
2255.53 81.839
2296.58 82.094
2338.38 82.362
2380.94 82.645
2424.27 82.938
2468.39 83.24
2513.31 83.546
2559.05 83.851
2605.63 84.147
2653.05 84.428
2701.33 84.684
2750.5 84.908
2800.55 85.096
2851.52 85.243
2903.42 85.348
2956.26 85.412
3010.06 85.435
3064.85 85.424
3120.62 85.381
3177.42 85.313
3235.25 85.223
3294.13 85.119
3354.08 85.008
3415.12 84.899
3477.27 84.802
3540.56 84.717
3605 84.648
3670.6 84.59
3737.41 84.543
3805.43 84.505
3874.68 84.472
3945.2 84.445
4017 84.423
4090.11 84.404
4164.55 84.386
4240.34 84.366
4317.51 84.341
4396.09 84.303
4476.1 84.251
4557.56 84.176
4640.5 84.076
4724.96 83.946
4810.95 83.782
4898.51 83.585
4987.66 83.357
5078.43 83.101
5170.86 82.822
5264.97 82.524
5360.79 82.217
5458.35 81.902
5557.69 81.586
5658.84 81.275
5761.82 80.979
5866.69 80.706
5973.46 80.465
6082.17 80.268
6192.87 80.123
6305.57 80.041
6420.33 80.032
6537.18 80.108
6656.15 80.278
6777.29 80.551
6900.63 80.929
7026.22 81.41
7154.1 81.978
7284.3 82.604
7416.87 83.245
7551.85 83.844
7689.29 84.333
7829.23 84.651
7971.72 84.742
8116.8 84.58
8264.53 84.159
8414.94 83.51
8568.09 82.679
8724.02 81.736
8882.79 80.758
9044.46 79.829
9209.06 79.026
9376.66 78.41
9547.31 78.027
9721.07 77.901
9897.99 78.034
10078.13 78.39
10261.55 78.902
10448.3 79.461
10638.45 79.927
10832.07 80.147
11029.21 79.987
11229.94 79.373
11434.32 78.309
11642.41 76.882
11854.3 75.239
12070.04 73.549
12289.71 71.962
12513.38 70.587
12741.12 69.486
12973 68.677
13209.1 68.156
13449.5 67.897
13694.28 67.874
13943.51 68.058
14197.27 68.418
14455.66 68.916
14718.74 69.501
14986.62 70.1
15259.37 70.612
15537.08 70.916
15819.85 70.891
16107.76 70.436
16400.92 69.5
16699.41 68.072
17003.33 66.194
17312.78 63.928
17627.86 61.352
17948.68 58.55
18275.34 55.602
18607.94 52.578
18946.6 49.535
19291.42 46.513
19642.52 43.523
20000 40.55