20 83.331
20.36 83.326
20.73 83.321
21.11 83.315
21.5 83.31
21.89 83.305
22.29 83.3
22.69 83.294
23.1 83.287
23.52 83.281
23.95 83.275
24.39 83.268
24.83 83.261
25.28 83.253
25.74 83.245
26.21 83.236
26.69 83.227
27.18 83.217
27.67 83.207
28.17 83.196
28.69 83.185
29.21 83.172
29.74 83.159
30.28 83.145
30.83 83.131
31.39 83.115
31.97 83.099
32.55 83.082
33.14 83.064
33.74 83.045
34.36 83.025
34.98 83.004
35.62 82.982
36.27 82.958
36.93 82.934
37.6 82.91
38.28 82.883
38.98 82.856
39.69 82.827
40.41 82.798
41.15 82.768
41.9 82.736
42.66 82.703
43.44 82.669
44.23 82.634
45.03 82.598
45.85 82.561
46.68 82.522
47.53 82.483
48.4 82.442
49.28 82.4
50.18 82.357
51.09 82.313
52.02 82.269
52.97 82.223
53.93 82.177
54.91 82.13
55.91 82.083
56.93 82.034
57.97 81.986
59.02 81.936
60.09 81.887
61.19 81.836
62.3 81.786
63.44 81.734
64.59 81.68
65.77 81.627
66.96 81.57
68.18 81.513
69.42 81.454
70.69 81.393
71.97 81.331
73.28 81.265
74.62 81.198
75.97 81.129
77.36 81.059
78.76 80.987
80.2 80.914
81.66 80.841
83.14 80.766
84.66 80.691
86.2 80.616
87.77 80.542
89.36 80.467
90.99 80.394
92.65 80.323
94.33 80.252
96.05 80.184
97.8 80.118
99.58 80.056
101.39 79.995
103.23 79.935
105.11 79.874
107.03 79.812
108.97 79.747
110.96 79.679
112.98 79.607
115.03 79.531
117.13 79.451
119.26 79.369
121.43 79.285
123.64 79.199
125.89 79.113
128.18 79.025
130.51 78.937
132.89 78.847
135.31 78.755
137.77 78.661
140.28 78.564
142.83 78.467
145.43 78.368
148.07 78.267
150.77 78.167
153.51 78.067
156.31 77.966
159.15 77.868
162.05 77.773
165 77.681
168 77.594
171.06 77.512
174.17 77.438
177.34 77.372
180.57 77.313
183.86 77.258
187.2 77.206
190.61 77.154
194.08 77.099
197.61 77.039
201.21 76.976
204.87 76.906
208.6 76.83
212.39 76.748
216.26 76.662
220.19 76.572
224.2 76.48
228.28 76.388
232.44 76.296
236.67 76.206
240.97 76.117
245.36 76.031
249.82 75.948
254.37 75.868
259 75.793
263.71 75.721
268.51 75.652
273.4 75.585
278.38 75.522
283.44 75.461
288.6 75.402
293.85 75.343
299.2 75.283
304.65 75.222
310.19 75.159
315.84 75.094
321.59 75.028
327.44 74.959
333.4 74.89
339.47 74.822
345.64 74.754
351.93 74.688
358.34 74.624
364.86 74.561
371.5 74.501
378.26 74.442
385.15 74.387
392.16 74.333
399.29 74.281
406.56 74.232
413.96 74.185
421.49 74.141
429.16 74.1
436.97 74.06
444.93 74.021
453.02 73.98
461.27 73.936
469.66 73.889
478.21 73.835
486.91 73.777
495.78 73.713
504.8 73.646
513.99 73.577
523.34 73.511
532.87 73.452
542.56 73.407
552.44 73.381
562.49 73.376
572.73 73.391
583.15 73.417
593.77 73.446
604.57 73.47
615.57 73.481
626.78 73.476
638.18 73.455
649.8 73.422
661.63 73.386
673.67 73.352
685.93 73.329
698.41 73.321
711.12 73.33
724.06 73.356
737.24 73.397
750.66 73.45
764.32 73.512
778.23 73.581
792.39 73.656
806.82 73.734
821.5 73.815
836.45 73.896
851.67 73.977
867.17 74.06
882.96 74.147
899.02 74.239
915.39 74.342
932.05 74.455
949.01 74.579
966.28 74.713
983.87 74.859
1001.77 75.015
1020 75.181
1038.57 75.354
1057.47 75.534
1076.71 75.72
1096.31 75.91
1116.26 76.103
1136.58 76.299
1157.26 76.498
1178.32 76.698
1199.77 76.899
1221.6 77.098
1243.84 77.291
1266.47 77.479
1289.52 77.662
1312.99 77.838
1336.89 78.014
1361.22 78.194
1385.99 78.384
1411.22 78.588
1436.9 78.809
1463.05 79.043
1489.68 79.289
1516.79 79.54
1544.4 79.786
1572.5 80.014
1601.12 80.21
1630.26 80.365
1659.93 80.483
1690.14 80.578
1720.9 80.67
1752.22 80.778
1784.11 80.915
1816.58 81.088
1849.64 81.296
1883.3 81.533
1917.58 81.792
1952.48 82.063
1988.01 82.335
2024.19 82.592
2061.03 82.825
2098.54 83.023
2136.73 83.186
2175.62 83.315
2215.22 83.415
2255.53 83.49
2296.58 83.54
2338.38 83.563
2380.94 83.557
2424.27 83.522
2468.39 83.461
2513.31 83.382
2559.05 83.292
2605.63 83.204
2653.05 83.123
2701.33 83.053
2750.5 82.992
2800.55 82.934
2851.52 82.875
2903.42 82.809
2956.26 82.738
3010.06 82.667
3064.85 82.605
3120.62 82.56
3177.42 82.541
3235.25 82.549
3294.13 82.582
3354.08 82.632
3415.12 82.694
3477.27 82.762
3540.56 82.837
3605 82.926
3670.6 83.037
3737.41 83.177
3805.43 83.353
3874.68 83.561
3945.2 83.792
4017 84.03
4090.11 84.253
4164.55 84.44
4240.34 84.57
4317.51 84.629
4396.09 84.604
4476.1 84.492
4557.56 84.292
4640.5 84.008
4724.96 83.652
4810.95 83.239
4898.51 82.784
4987.66 82.304
5078.43 81.81
5170.86 81.314
5264.97 80.822
5360.79 80.339
5458.35 79.872
5557.69 79.425
5658.84 79.008
5761.82 78.632
5866.69 78.307
5973.46 78.044
6082.17 77.854
6192.87 77.751
6305.57 77.745
6420.33 77.853
6537.18 78.092
6656.15 78.481
6777.29 79.04
6900.63 79.783
7026.22 80.715
7154.1 81.816
7284.3 83.038
7416.87 84.293
7551.85 85.458
7689.29 86.388
7829.23 86.947
7971.72 87.049
8116.8 86.683
8264.53 85.922
8414.94 84.909
8568.09 83.824
8724.02 82.839
8882.79 82.089
9044.46 81.645
9209.06 81.504
9376.66 81.585
9547.31 81.741
9721.07 81.786
9897.99 81.541
10078.13 80.874
10261.55 79.733
10448.3 78.157
10638.45 76.247
10832.07 74.149
11029.21 72.008
11229.94 69.953
11434.32 68.074
11642.41 66.426
11854.3 65.034
12070.04 63.904
12289.71 63.033
12513.38 62.424
12741.12 62.081
12973 62.019
13209.1 62.253
13449.5 62.802
13694.28 63.669
13943.51 64.826
14197.27 66.191
14455.66 67.62
14718.74 68.915
14986.62 69.873
15259.37 70.347
15537.08 70.291
15819.85 69.778
16107.76 68.964
16400.92 68.017
16699.41 67.047
17003.33 66.042
17312.78 64.888
17627.86 63.441
17948.68 61.622
18275.34 59.435
18607.94 56.955
18946.6 54.28
19291.42 51.498
19642.52 48.67
20000 45.831