20 81.539
20.36 81.565
20.73 81.585
21.11 81.599
21.5 81.605
21.89 81.606
22.29 81.601
22.69 81.592
23.1 81.58
23.52 81.566
23.95 81.552
24.39 81.538
24.83 81.526
25.28 81.516
25.74 81.508
26.21 81.503
26.69 81.499
27.18 81.495
27.67 81.491
28.17 81.485
28.69 81.477
29.21 81.464
29.74 81.447
30.28 81.427
30.83 81.402
31.39 81.375
31.97 81.345
32.55 81.315
33.14 81.285
33.74 81.256
34.36 81.227
34.98 81.2
35.62 81.173
36.27 81.145
36.93 81.116
37.6 81.085
38.28 81.05
38.98 81.011
39.69 80.968
40.41 80.923
41.15 80.876
41.9 80.828
42.66 80.779
43.44 80.73
44.23 80.679
45.03 80.628
45.85 80.576
46.68 80.521
47.53 80.465
48.4 80.408
49.28 80.349
50.18 80.288
51.09 80.227
52.02 80.164
52.97 80.101
53.93 80.035
54.91 79.969
55.91 79.901
56.93 79.832
57.97 79.76
59.02 79.685
60.09 79.607
61.19 79.525
62.3 79.441
63.44 79.355
64.59 79.268
65.77 79.182
66.96 79.096
68.18 79.011
69.42 78.928
70.69 78.843
71.97 78.757
73.28 78.669
74.62 78.581
75.97 78.491
77.36 78.399
78.76 78.305
80.2 78.209
81.66 78.109
83.14 78.007
84.66 77.9
86.2 77.791
87.77 77.681
89.36 77.57
90.99 77.46
92.65 77.351
94.33 77.244
96.05 77.139
97.8 77.037
99.58 76.938
101.39 76.843
103.23 76.751
105.11 76.662
107.03 76.575
108.97 76.488
110.96 76.4
112.98 76.31
115.03 76.218
117.13 76.125
119.26 76.033
121.43 75.943
123.64 75.858
125.89 75.78
128.18 75.711
130.51 75.653
132.89 75.607
135.31 75.572
137.77 75.548
140.28 75.533
142.83 75.524
145.43 75.517
148.07 75.511
150.77 75.501
153.51 75.489
156.31 75.473
159.15 75.455
162.05 75.436
165 75.416
168 75.397
171.06 75.378
174.17 75.361
177.34 75.346
180.57 75.334
183.86 75.323
187.2 75.312
190.61 75.302
194.08 75.293
197.61 75.284
201.21 75.274
204.87 75.267
208.6 75.263
212.39 75.26
216.26 75.262
220.19 75.265
224.2 75.272
228.28 75.281
232.44 75.29
236.67 75.298
240.97 75.305
245.36 75.31
249.82 75.314
254.37 75.318
259 75.323
263.71 75.33
268.51 75.338
273.4 75.348
278.38 75.36
283.44 75.371
288.6 75.382
293.85 75.391
299.2 75.396
304.65 75.397
310.19 75.394
315.84 75.389
321.59 75.38
327.44 75.371
333.4 75.36
339.47 75.35
345.64 75.339
351.93 75.328
358.34 75.317
364.86 75.305
371.5 75.294
378.26 75.282
385.15 75.27
392.16 75.258
399.29 75.246
406.56 75.234
413.96 75.221
421.49 75.21
429.16 75.198
436.97 75.187
444.93 75.176
453.02 75.162
461.27 75.146
469.66 75.125
478.21 75.1
486.91 75.071
495.78 75.039
504.8 75.005
513.99 74.97
523.34 74.934
532.87 74.897
542.56 74.86
552.44 74.824
562.49 74.787
572.73 74.751
583.15 74.714
593.77 74.678
604.57 74.643
615.57 74.61
626.78 74.578
638.18 74.549
649.8 74.523
661.63 74.498
673.67 74.475
685.93 74.452
698.41 74.428
711.12 74.404
724.06 74.38
737.24 74.359
750.66 74.343
764.32 74.331
778.23 74.328
792.39 74.332
806.82 74.346
821.5 74.368
836.45 74.396
851.67 74.431
867.17 74.47
882.96 74.513
899.02 74.561
915.39 74.615
932.05 74.676
949.01 74.745
966.28 74.822
983.87 74.911
1001.77 75.01
1020 75.119
1038.57 75.238
1057.47 75.363
1076.71 75.494
1096.31 75.626
1116.26 75.759
1136.58 75.891
1157.26 76.02
1178.32 76.148
1199.77 76.272
1221.6 76.393
1243.84 76.507
1266.47 76.613
1289.52 76.712
1312.99 76.804
1336.89 76.889
1361.22 76.972
1385.99 77.052
1411.22 77.132
1436.9 77.213
1463.05 77.296
1489.68 77.382
1516.79 77.472
1544.4 77.565
1572.5 77.662
1601.12 77.763
1630.26 77.866
1659.93 77.97
1690.14 78.074
1720.9 78.179
1752.22 78.286
1784.11 78.397
1816.58 78.516
1849.64 78.642
1883.3 78.778
1917.58 78.924
1952.48 79.078
1988.01 79.239
2024.19 79.406
2061.03 79.576
2098.54 79.746
2136.73 79.917
2175.62 80.089
2215.22 80.261
2255.53 80.436
2296.58 80.615
2338.38 80.799
2380.94 80.986
2424.27 81.174
2468.39 81.358
2513.31 81.535
2559.05 81.7
2605.63 81.85
2653.05 81.983
2701.33 82.097
2750.5 82.187
2800.55 82.253
2851.52 82.292
2903.42 82.302
2956.26 82.283
3010.06 82.237
3064.85 82.166
3120.62 82.075
3177.42 81.968
3235.25 81.85
3294.13 81.725
3354.08 81.596
3415.12 81.467
3477.27 81.339
3540.56 81.212
3605 81.086
3670.6 80.958
3737.41 80.827
3805.43 80.691
3874.68 80.549
3945.2 80.4
4017 80.241
4090.11 80.071
4164.55 79.887
4240.34 79.69
4317.51 79.48
4396.09 79.259
4476.1 79.032
4557.56 78.802
4640.5 78.575
4724.96 78.353
4810.95 78.139
4898.51 77.932
4987.66 77.731
5078.43 77.532
5170.86 77.332
5264.97 77.125
5360.79 76.91
5458.35 76.681
5557.69 76.439
5658.84 76.185
5761.82 75.925
5866.69 75.666
5973.46 75.419
6082.17 75.195
6192.87 75.007
6305.57 74.869
6420.33 74.796
6537.18 74.8
6656.15 74.895
6777.29 75.092
6900.63 75.394
7026.22 75.799
7154.1 76.291
7284.3 76.844
7416.87 77.415
7551.85 77.95
7689.29 78.389
7829.23 78.677
7971.72 78.77
8116.8 78.656
8264.53 78.346
8414.94 77.883
8568.09 77.324
8724.02 76.741
8882.79 76.204
9044.46 75.774
9209.06 75.485
9376.66 75.349
9547.31 75.348
9721.07 75.444
9897.99 75.583
10078.13 75.697
10261.55 75.723
10448.3 75.608
10638.45 75.32
10832.07 74.849
11029.21 74.217
11229.94 73.464
11434.32 72.652
11642.41 71.85
11854.3 71.13
12070.04 70.553
12289.71 70.157
12513.38 69.954
12741.12 69.927
12973 70.025
13209.1 70.186
13449.5 70.337
13694.28 70.416
13943.51 70.383
14197.27 70.236
14455.66 70.01
14718.74 69.765
14986.62 69.574
15259.37 69.499
15537.08 69.572
15819.85 69.778
16107.76 70.052
16400.92 70.296
16699.41 70.401
17003.33 70.261
17312.78 69.786
17627.86 68.901
17948.68 67.557
18275.34 65.737
18607.94 63.477
18946.6 60.856
19291.42 57.989
19642.52 54.994
20000 51.962