20 78.979
20.36 78.963
20.73 78.945
21.11 78.925
21.5 78.902
21.89 78.877
22.29 78.85
22.69 78.822
23.1 78.792
23.52 78.763
23.95 78.734
24.39 78.707
24.83 78.682
25.28 78.658
25.74 78.637
26.21 78.617
26.69 78.6
27.18 78.582
27.67 78.564
28.17 78.546
28.69 78.526
29.21 78.504
29.74 78.481
30.28 78.455
30.83 78.428
31.39 78.399
31.97 78.371
32.55 78.341
33.14 78.312
33.74 78.283
34.36 78.255
34.98 78.227
35.62 78.199
36.27 78.172
36.93 78.142
37.6 78.112
38.28 78.081
38.98 78.048
39.69 78.014
40.41 77.979
41.15 77.943
41.9 77.908
42.66 77.872
43.44 77.836
44.23 77.8
45.03 77.764
45.85 77.727
46.68 77.69
47.53 77.652
48.4 77.613
49.28 77.575
50.18 77.537
51.09 77.498
52.02 77.46
52.97 77.421
53.93 77.382
54.91 77.343
55.91 77.304
56.93 77.263
57.97 77.222
59.02 77.179
60.09 77.134
61.19 77.087
62.3 77.038
63.44 76.989
64.59 76.938
65.77 76.888
66.96 76.838
68.18 76.789
69.42 76.739
70.69 76.689
71.97 76.639
73.28 76.588
74.62 76.537
75.97 76.486
77.36 76.434
78.76 76.381
80.2 76.327
81.66 76.27
83.14 76.21
84.66 76.147
86.2 76.081
87.77 76.014
89.36 75.946
90.99 75.877
92.65 75.81
94.33 75.744
96.05 75.68
97.8 75.616
99.58 75.555
101.39 75.495
103.23 75.437
105.11 75.381
107.03 75.325
108.97 75.267
110.96 75.207
112.98 75.144
115.03 75.077
117.13 75.009
119.26 74.941
121.43 74.874
123.64 74.809
125.89 74.748
128.18 74.688
130.51 74.63
132.89 74.574
135.31 74.52
137.77 74.468
140.28 74.417
142.83 74.369
145.43 74.323
148.07 74.279
150.77 74.237
153.51 74.196
156.31 74.157
159.15 74.121
162.05 74.086
165 74.052
168 74.02
171.06 73.989
174.17 73.96
177.34 73.934
180.57 73.91
183.86 73.887
187.2 73.866
190.61 73.845
194.08 73.822
197.61 73.799
201.21 73.775
204.87 73.75
208.6 73.724
212.39 73.697
216.26 73.67
220.19 73.643
224.2 73.616
228.28 73.591
232.44 73.566
236.67 73.543
240.97 73.52
245.36 73.499
249.82 73.481
254.37 73.464
259 73.451
263.71 73.44
268.51 73.431
273.4 73.425
278.38 73.42
283.44 73.417
288.6 73.414
293.85 73.411
299.2 73.407
304.65 73.401
310.19 73.394
315.84 73.387
321.59 73.382
327.44 73.378
333.4 73.376
339.47 73.376
345.64 73.375
351.93 73.373
358.34 73.369
364.86 73.364
371.5 73.358
378.26 73.35
385.15 73.342
392.16 73.335
399.29 73.328
406.56 73.322
413.96 73.318
421.49 73.315
429.16 73.314
436.97 73.315
444.93 73.316
453.02 73.317
461.27 73.316
469.66 73.313
478.21 73.306
486.91 73.298
495.78 73.288
504.8 73.277
513.99 73.267
523.34 73.257
532.87 73.25
542.56 73.244
552.44 73.24
562.49 73.238
572.73 73.239
583.15 73.241
593.77 73.246
604.57 73.255
615.57 73.267
626.78 73.284
638.18 73.305
649.8 73.332
661.63 73.363
673.67 73.397
685.93 73.432
698.41 73.468
711.12 73.505
724.06 73.542
737.24 73.582
750.66 73.625
764.32 73.674
778.23 73.727
792.39 73.788
806.82 73.857
821.5 73.931
836.45 74.011
851.67 74.095
867.17 74.181
882.96 74.27
899.02 74.361
915.39 74.456
932.05 74.554
949.01 74.658
966.28 74.768
983.87 74.886
1001.77 75.012
1020 75.146
1038.57 75.287
1057.47 75.432
1076.71 75.58
1096.31 75.727
1116.26 75.873
1136.58 76.017
1157.26 76.158
1178.32 76.296
1199.77 76.431
1221.6 76.561
1243.84 76.686
1266.47 76.803
1289.52 76.914
1312.99 77.019
1336.89 77.119
1361.22 77.217
1385.99 77.313
1411.22 77.407
1436.9 77.499
1463.05 77.585
1489.68 77.665
1516.79 77.738
1544.4 77.802
1572.5 77.858
1601.12 77.908
1630.26 77.952
1659.93 77.99
1690.14 78.023
1720.9 78.053
1752.22 78.082
1784.11 78.112
1816.58 78.147
1849.64 78.191
1883.3 78.246
1917.58 78.313
1952.48 78.392
1988.01 78.482
2024.19 78.578
2061.03 78.677
2098.54 78.772
2136.73 78.862
2175.62 78.944
2215.22 79.018
2255.53 79.083
2296.58 79.141
2338.38 79.192
2380.94 79.239
2424.27 79.28
2468.39 79.319
2513.31 79.355
2559.05 79.391
2605.63 79.431
2653.05 79.477
2701.33 79.53
2750.5 79.59
2800.55 79.653
2851.52 79.715
2903.42 79.768
2956.26 79.803
3010.06 79.812
3064.85 79.786
3120.62 79.721
3177.42 79.611
3235.25 79.461
3294.13 79.277
3354.08 79.072
3415.12 78.861
3477.27 78.659
3540.56 78.476
3605 78.313
3670.6 78.168
3737.41 78.034
3805.43 77.906
3874.68 77.782
3945.2 77.668
4017 77.574
4090.11 77.512
4164.55 77.495
4240.34 77.531
4317.51 77.621
4396.09 77.758
4476.1 77.93
4557.56 78.115
4640.5 78.29
4724.96 78.429
4810.95 78.508
4898.51 78.506
4987.66 78.41
5078.43 78.214
5170.86 77.923
5264.97 77.547
5360.79 77.105
5458.35 76.613
5557.69 76.087
5658.84 75.547
5761.82 75.012
5866.69 74.497
5973.46 74.019
6082.17 73.591
6192.87 73.223
6305.57 72.927
6420.33 72.712
6537.18 72.589
6656.15 72.567
6777.29 72.658
6900.63 72.87
7026.22 73.209
7154.1 73.674
7284.3 74.255
7416.87 74.927
7551.85 75.651
7689.29 76.367
7829.23 77.006
7971.72 77.494
8116.8 77.769
8264.53 77.791
8414.94 77.554
8568.09 77.088
8724.02 76.453
8882.79 75.736
9044.46 75.027
9209.06 74.41
9376.66 73.947
9547.31 73.671
9721.07 73.581
9897.99 73.644
10078.13 73.799
10261.55 73.966
10448.3 74.07
10638.45 74.052
10832.07 73.891
11029.21 73.601
11229.94 73.22
11434.32 72.79
11642.41 72.34
11854.3 71.883
12070.04 71.425
12289.71 70.975
12513.38 70.542
12741.12 70.139
12973 69.78
13209.1 69.475
13449.5 69.233
13694.28 69.066
13943.51 68.988
14197.27 69.012
14455.66 69.145
14718.74 69.389
14986.62 69.727
15259.37 70.125
15537.08 70.523
15819.85 70.845
16107.76 71.013
16400.92 70.966
16699.41 70.673
17003.33 70.129
17312.78 69.336
17627.86 68.278
17948.68 66.923
18275.34 65.234
18607.94 63.207
18946.6 60.884
19291.42 58.351
19642.52 55.708
20000 53.032