20 78.054
20.36 78.098
20.73 78.127
21.11 78.14
21.5 78.139
21.89 78.124
22.29 78.1
22.69 78.069
23.1 78.038
23.52 78.007
23.95 77.983
24.39 77.968
24.83 77.965
25.28 77.976
25.74 78
26.21 78.035
26.69 78.08
27.18 78.13
27.67 78.181
28.17 78.229
28.69 78.27
29.21 78.303
29.74 78.325
30.28 78.338
30.83 78.342
31.39 78.342
31.97 78.337
32.55 78.334
33.14 78.333
33.74 78.337
34.36 78.346
34.98 78.362
35.62 78.382
36.27 78.405
36.93 78.43
37.6 78.454
38.28 78.476
38.98 78.494
39.69 78.51
40.41 78.522
41.15 78.532
41.9 78.542
42.66 78.552
43.44 78.563
44.23 78.573
45.03 78.584
45.85 78.596
46.68 78.607
47.53 78.618
48.4 78.628
49.28 78.639
50.18 78.647
51.09 78.656
52.02 78.664
52.97 78.67
53.93 78.677
54.91 78.683
55.91 78.689
56.93 78.694
57.97 78.699
59.02 78.704
60.09 78.708
61.19 78.712
62.3 78.714
63.44 78.714
64.59 78.713
65.77 78.712
66.96 78.71
68.18 78.707
69.42 78.704
70.69 78.702
71.97 78.7
73.28 78.698
74.62 78.696
75.97 78.693
77.36 78.688
78.76 78.681
80.2 78.672
81.66 78.66
83.14 78.647
84.66 78.633
86.2 78.618
87.77 78.601
89.36 78.584
90.99 78.568
92.65 78.55
94.33 78.532
96.05 78.513
97.8 78.494
99.58 78.473
101.39 78.453
103.23 78.429
105.11 78.404
107.03 78.375
108.97 78.341
110.96 78.299
112.98 78.25
115.03 78.193
117.13 78.13
119.26 78.063
121.43 77.996
123.64 77.928
125.89 77.861
128.18 77.793
130.51 77.728
132.89 77.67
135.31 77.628
137.77 77.608
140.28 77.618
142.83 77.661
145.43 77.737
148.07 77.839
150.77 77.957
153.51 78.079
156.31 78.193
159.15 78.287
162.05 78.358
165 78.402
168 78.42
171.06 78.416
174.17 78.393
177.34 78.356
180.57 78.311
183.86 78.258
187.2 78.203
190.61 78.148
194.08 78.093
197.61 78.038
201.21 77.984
204.87 77.931
208.6 77.878
212.39 77.827
216.26 77.775
220.19 77.723
224.2 77.671
228.28 77.618
232.44 77.566
236.67 77.513
240.97 77.461
245.36 77.409
249.82 77.358
254.37 77.309
259 77.259
263.71 77.209
268.51 77.159
273.4 77.109
278.38 77.06
283.44 77.012
288.6 76.964
293.85 76.916
299.2 76.87
304.65 76.827
310.19 76.786
315.84 76.75
321.59 76.718
327.44 76.692
333.4 76.668
339.47 76.642
345.64 76.614
351.93 76.579
358.34 76.536
364.86 76.486
371.5 76.43
378.26 76.369
385.15 76.306
392.16 76.241
399.29 76.175
406.56 76.109
413.96 76.043
421.49 75.976
429.16 75.909
436.97 75.842
444.93 75.774
453.02 75.707
461.27 75.64
469.66 75.572
478.21 75.504
486.91 75.437
495.78 75.369
504.8 75.304
513.99 75.238
523.34 75.175
532.87 75.113
542.56 75.052
552.44 74.994
562.49 74.938
572.73 74.884
583.15 74.832
593.77 74.782
604.57 74.735
615.57 74.69
626.78 74.645
638.18 74.603
649.8 74.563
661.63 74.525
673.67 74.488
685.93 74.454
698.41 74.422
711.12 74.394
724.06 74.37
737.24 74.349
750.66 74.333
764.32 74.323
778.23 74.317
792.39 74.316
806.82 74.322
821.5 74.333
836.45 74.352
851.67 74.378
867.17 74.412
882.96 74.453
899.02 74.502
915.39 74.561
932.05 74.629
949.01 74.707
966.28 74.797
983.87 74.898
1001.77 75.011
1020 75.133
1038.57 75.264
1057.47 75.398
1076.71 75.535
1096.31 75.67
1116.26 75.801
1136.58 75.926
1157.26 76.042
1178.32 76.15
1199.77 76.25
1221.6 76.343
1243.84 76.429
1266.47 76.509
1289.52 76.586
1312.99 76.66
1336.89 76.731
1361.22 76.802
1385.99 76.873
1411.22 76.944
1436.9 77.017
1463.05 77.092
1489.68 77.171
1516.79 77.254
1544.4 77.345
1572.5 77.441
1601.12 77.545
1630.26 77.655
1659.93 77.775
1690.14 77.903
1720.9 78.042
1752.22 78.192
1784.11 78.355
1816.58 78.534
1849.64 78.731
1883.3 78.948
1917.58 79.186
1952.48 79.449
1988.01 79.737
2024.19 80.05
2061.03 80.386
2098.54 80.743
2136.73 81.112
2175.62 81.483
2215.22 81.845
2255.53 82.182
2296.58 82.482
2338.38 82.73
2380.94 82.913
2424.27 83.018
2468.39 83.036
2513.31 82.969
2559.05 82.823
2605.63 82.611
2653.05 82.354
2701.33 82.071
2750.5 81.785
2800.55 81.517
2851.52 81.28
2903.42 81.087
2956.26 80.945
3010.06 80.854
3064.85 80.811
3120.62 80.809
3177.42 80.838
3235.25 80.888
3294.13 80.95
3354.08 81.018
3415.12 81.088
3477.27 81.162
3540.56 81.244
3605 81.341
3670.6 81.464
3737.41 81.622
3805.43 81.822
3874.68 82.063
3945.2 82.333
4017 82.611
4090.11 82.862
4164.55 83.042
4240.34 83.105
4317.51 83.011
4396.09 82.732
4476.1 82.256
4557.56 81.597
4640.5 80.785
4724.96 79.864
4810.95 78.88
4898.51 77.883
4987.66 76.911
5078.43 75.997
5170.86 75.162
5264.97 74.415
5360.79 73.762
5458.35 73.196
5557.69 72.709
5658.84 72.297
5761.82 71.956
5866.69 71.686
5973.46 71.489
6082.17 71.367
6192.87 71.326
6305.57 71.371
6420.33 71.514
6537.18 71.764
6656.15 72.135
6777.29 72.635
6900.63 73.27
7026.22 74.031
7154.1 74.892
7284.3 75.802
7416.87 76.682
7551.85 77.431
7689.29 77.936
7829.23 78.096
7971.72 77.854
8116.8 77.202
8264.53 76.192
8414.94 74.911
8568.09 73.459
8724.02 71.937
8882.79 70.442
9044.46 69.045
9209.06 67.797
9376.66 66.724
9547.31 65.84
9721.07 65.149
9897.99 64.652
10078.13 64.355
10261.55 64.271
10448.3 64.416
10638.45 64.814
10832.07 65.483
11029.21 66.432
11229.94 67.64
11434.32 69.049
11642.41 70.547
11854.3 71.969
12070.04 73.118
12289.71 73.8
12513.38 73.882
12741.12 73.333
12973 72.243
13209.1 70.791
13449.5 69.209
13694.28 67.745
13943.51 66.605
14197.27 65.921
14455.66 65.725
14718.74 65.953
14986.62 66.446
15259.37 66.969
15537.08 67.258
15819.85 67.076
16107.76 66.283
16400.92 64.874
16699.41 62.973
17003.33 60.797
17312.78 58.593
17627.86 56.578
17948.68 54.916
18275.34 53.689
18607.94 52.905
18946.6 52.503
19291.42 52.376
19642.52 52.398
20000 52.467