20 84.267
20.36 84.329
20.73 84.385
21.11 84.433
21.5 84.474
21.89 84.51
22.29 84.541
22.69 84.57
23.1 84.598
23.52 84.627
23.95 84.658
24.39 84.694
24.83 84.733
25.28 84.778
25.74 84.826
26.21 84.877
26.69 84.928
27.18 84.977
27.67 85.024
28.17 85.064
28.69 85.096
29.21 85.12
29.74 85.136
30.28 85.143
30.83 85.141
31.39 85.132
31.97 85.117
32.55 85.096
33.14 85.072
33.74 85.044
34.36 85.012
34.98 84.977
35.62 84.936
36.27 84.891
36.93 84.84
37.6 84.782
38.28 84.717
38.98 84.645
39.69 84.567
40.41 84.484
41.15 84.398
41.9 84.309
42.66 84.217
43.44 84.124
44.23 84.028
45.03 83.931
45.85 83.83
46.68 83.726
47.53 83.618
48.4 83.509
49.28 83.397
50.18 83.283
51.09 83.169
52.02 83.054
52.97 82.937
53.93 82.819
54.91 82.701
55.91 82.583
56.93 82.464
57.97 82.346
59.02 82.228
60.09 82.111
61.19 81.994
62.3 81.878
63.44 81.764
64.59 81.651
65.77 81.541
66.96 81.433
68.18 81.328
69.42 81.224
70.69 81.118
71.97 81.012
73.28 80.902
74.62 80.79
75.97 80.677
77.36 80.564
78.76 80.452
80.2 80.341
81.66 80.23
83.14 80.121
84.66 80.012
86.2 79.903
87.77 79.795
89.36 79.687
90.99 79.579
92.65 79.471
94.33 79.365
96.05 79.259
97.8 79.154
99.58 79.052
101.39 78.952
103.23 78.853
105.11 78.756
107.03 78.658
108.97 78.559
110.96 78.457
112.98 78.352
115.03 78.244
117.13 78.135
119.26 78.029
121.43 77.926
123.64 77.828
125.89 77.731
128.18 77.635
130.51 77.539
132.89 77.443
135.31 77.345
137.77 77.247
140.28 77.149
142.83 77.05
145.43 76.951
148.07 76.853
150.77 76.756
153.51 76.66
156.31 76.565
159.15 76.472
162.05 76.381
165 76.29
168 76.199
171.06 76.108
174.17 76.013
177.34 75.916
180.57 75.815
183.86 75.711
187.2 75.605
190.61 75.495
194.08 75.384
197.61 75.274
201.21 75.169
204.87 75.073
208.6 74.991
212.39 74.927
216.26 74.885
220.19 74.862
224.2 74.852
228.28 74.847
232.44 74.838
236.67 74.819
240.97 74.785
245.36 74.736
249.82 74.676
254.37 74.607
259 74.531
263.71 74.453
268.51 74.375
273.4 74.299
278.38 74.226
283.44 74.157
288.6 74.094
293.85 74.037
299.2 73.983
304.65 73.932
310.19 73.885
315.84 73.839
321.59 73.796
327.44 73.755
333.4 73.716
339.47 73.677
345.64 73.637
351.93 73.597
358.34 73.556
364.86 73.513
371.5 73.47
378.26 73.427
385.15 73.383
392.16 73.341
399.29 73.3
406.56 73.261
413.96 73.223
421.49 73.186
429.16 73.15
436.97 73.116
444.93 73.084
453.02 73.054
461.27 73.025
469.66 72.999
478.21 72.975
486.91 72.952
495.78 72.931
504.8 72.912
513.99 72.894
523.34 72.878
532.87 72.865
542.56 72.854
552.44 72.844
562.49 72.837
572.73 72.832
583.15 72.83
593.77 72.83
604.57 72.832
615.57 72.837
626.78 72.845
638.18 72.856
649.8 72.869
661.63 72.885
673.67 72.906
685.93 72.93
698.41 72.958
711.12 72.99
724.06 73.029
737.24 73.072
750.66 73.122
764.32 73.178
778.23 73.24
792.39 73.308
806.82 73.384
821.5 73.468
836.45 73.559
851.67 73.658
867.17 73.766
882.96 73.883
899.02 74.009
915.39 74.145
932.05 74.292
949.01 74.451
966.28 74.625
983.87 74.815
1001.77 75.02
1020 75.24
1038.57 75.47
1057.47 75.709
1076.71 75.952
1096.31 76.196
1116.26 76.438
1136.58 76.676
1157.26 76.908
1178.32 77.134
1199.77 77.354
1221.6 77.569
1243.84 77.78
1266.47 77.987
1289.52 78.192
1312.99 78.393
1336.89 78.589
1361.22 78.779
1385.99 78.962
1411.22 79.135
1436.9 79.298
1463.05 79.45
1489.68 79.594
1516.79 79.732
1544.4 79.869
1572.5 80.007
1601.12 80.152
1630.26 80.309
1659.93 80.483
1690.14 80.678
1720.9 80.899
1752.22 81.148
1784.11 81.427
1816.58 81.736
1849.64 82.079
1883.3 82.454
1917.58 82.862
1952.48 83.3
1988.01 83.77
2024.19 84.266
2061.03 84.787
2098.54 85.325
2136.73 85.874
2175.62 86.422
2215.22 86.959
2255.53 87.474
2296.58 87.955
2338.38 88.392
2380.94 88.77
2424.27 89.074
2468.39 89.291
2513.31 89.413
2559.05 89.436
2605.63 89.364
2653.05 89.204
2701.33 88.969
2750.5 88.675
2800.55 88.34
2851.52 87.98
2903.42 87.613
2956.26 87.254
3010.06 86.918
3064.85 86.618
3120.62 86.362
3177.42 86.157
3235.25 86.003
3294.13 85.898
3354.08 85.841
3415.12 85.829
3477.27 85.861
3540.56 85.944
3605 86.08
3670.6 86.276
3737.41 86.534
3805.43 86.851
3874.68 87.22
3945.2 87.62
4017 88.027
4090.11 88.404
4164.55 88.707
4240.34 88.891
4317.51 88.914
4396.09 88.746
4476.1 88.372
4557.56 87.795
4640.5 87.034
4724.96 86.127
4810.95 85.116
4898.51 84.051
4987.66 82.975
5078.43 81.93
5170.86 80.945
5264.97 80.044
5360.79 79.237
5458.35 78.523
5557.69 77.896
5658.84 77.349
5761.82 76.876
5866.69 76.472
5973.46 76.134
6082.17 75.865
6192.87 75.668
6305.57 75.551
6420.33 75.527
6537.18 75.614
6656.15 75.831
6777.29 76.197
6900.63 76.727
7026.22 77.428
7154.1 78.286
7284.3 79.263
7416.87 80.285
7551.85 81.247
7689.29 82.018
7829.23 82.468
7971.72 82.494
8116.8 82.049
8264.53 81.155
8414.94 79.886
8568.09 78.348
8724.02 76.665
8882.79 74.96
9044.46 73.334
9209.06 71.858
9376.66 70.576
9547.31 69.509
9721.07 68.666
9897.99 68.052
10078.13 67.67
10261.55 67.533
10448.3 67.657
10638.45 68.06
10832.07 68.755
11029.21 69.737
11229.94 70.968
11434.32 72.361
11642.41 73.777
11854.3 75.024
12070.04 75.891
12289.71 76.202
12513.38 75.864
12741.12 74.907
12973 73.468
13209.1 71.756
13449.5 70.003
13694.28 68.439
13943.51 67.248
14197.27 66.541
14455.66 66.354
14718.74 66.641
14986.62 67.277
15259.37 68.061
15537.08 68.745
15819.85 69.07
16107.76 68.835
16400.92 67.957
16699.41 66.491
17003.33 64.614
17312.78 62.568
17627.86 60.6
17948.68 58.906
18275.34 57.604
18607.94 56.726
18946.6 56.22
19291.42 55.981
19642.52 55.883
20000 55.831