20 85.571
20.36 85.61
20.73 85.643
21.11 85.67
21.5 85.69
21.89 85.703
22.29 85.711
22.69 85.714
23.1 85.713
23.52 85.709
23.95 85.706
24.39 85.703
24.83 85.702
25.28 85.702
25.74 85.706
26.21 85.712
26.69 85.72
27.18 85.73
27.67 85.739
28.17 85.747
28.69 85.752
29.21 85.755
29.74 85.753
30.28 85.747
30.83 85.737
31.39 85.724
31.97 85.708
32.55 85.69
33.14 85.672
33.74 85.653
34.36 85.634
34.98 85.616
35.62 85.598
36.27 85.58
36.93 85.561
37.6 85.54
38.28 85.519
38.98 85.494
39.69 85.467
40.41 85.439
41.15 85.408
41.9 85.377
42.66 85.345
43.44 85.313
44.23 85.28
45.03 85.246
45.85 85.211
46.68 85.175
47.53 85.136
48.4 85.097
49.28 85.056
50.18 85.014
51.09 84.971
52.02 84.927
52.97 84.883
53.93 84.838
54.91 84.793
55.91 84.746
56.93 84.699
57.97 84.649
59.02 84.598
60.09 84.544
61.19 84.488
62.3 84.431
63.44 84.371
64.59 84.312
65.77 84.253
66.96 84.195
68.18 84.138
69.42 84.082
70.69 84.026
71.97 83.97
73.28 83.912
74.62 83.853
75.97 83.791
77.36 83.727
78.76 83.66
80.2 83.588
81.66 83.511
83.14 83.429
84.66 83.34
86.2 83.247
87.77 83.151
89.36 83.056
90.99 82.962
92.65 82.872
94.33 82.786
96.05 82.706
97.8 82.63
99.58 82.557
101.39 82.486
103.23 82.416
105.11 82.344
107.03 82.269
108.97 82.187
110.96 82.098
112.98 82.002
115.03 81.898
117.13 81.79
119.26 81.681
121.43 81.573
123.64 81.47
125.89 81.373
128.18 81.283
130.51 81.202
132.89 81.127
135.31 81.059
137.77 80.994
140.28 80.93
142.83 80.864
145.43 80.793
148.07 80.715
150.77 80.63
153.51 80.54
156.31 80.446
159.15 80.35
162.05 80.253
165 80.156
168 80.058
171.06 79.959
174.17 79.859
177.34 79.758
180.57 79.657
183.86 79.555
187.2 79.452
190.61 79.348
194.08 79.243
197.61 79.136
201.21 79.029
204.87 78.921
208.6 78.814
212.39 78.706
216.26 78.6
220.19 78.496
224.2 78.392
228.28 78.291
232.44 78.191
236.67 78.092
240.97 77.994
245.36 77.898
249.82 77.804
254.37 77.713
259 77.623
263.71 77.537
268.51 77.451
273.4 77.368
278.38 77.286
283.44 77.206
288.6 77.126
293.85 77.045
299.2 76.962
304.65 76.875
310.19 76.786
315.84 76.694
321.59 76.601
327.44 76.508
333.4 76.416
339.47 76.324
345.64 76.234
351.93 76.145
358.34 76.059
364.86 75.975
371.5 75.893
378.26 75.814
385.15 75.739
392.16 75.667
399.29 75.597
406.56 75.528
413.96 75.46
421.49 75.394
429.16 75.329
436.97 75.265
444.93 75.203
453.02 75.14
461.27 75.077
469.66 75.011
478.21 74.944
486.91 74.875
495.78 74.807
504.8 74.738
513.99 74.672
523.34 74.608
532.87 74.547
542.56 74.489
552.44 74.433
562.49 74.38
572.73 74.331
583.15 74.284
593.77 74.24
604.57 74.199
615.57 74.163
626.78 74.132
638.18 74.105
649.8 74.085
661.63 74.069
673.67 74.058
685.93 74.049
698.41 74.042
711.12 74.037
724.06 74.035
737.24 74.036
750.66 74.043
764.32 74.056
778.23 74.076
792.39 74.105
806.82 74.143
821.5 74.188
836.45 74.24
851.67 74.297
867.17 74.358
882.96 74.421
899.02 74.488
915.39 74.558
932.05 74.633
949.01 74.714
966.28 74.803
983.87 74.902
1001.77 75.011
1020 75.132
1038.57 75.265
1057.47 75.408
1076.71 75.557
1096.31 75.709
1116.26 75.861
1136.58 76.013
1157.26 76.164
1178.32 76.313
1199.77 76.459
1221.6 76.599
1243.84 76.73
1266.47 76.852
1289.52 76.966
1312.99 77.075
1336.89 77.179
1361.22 77.282
1385.99 77.387
1411.22 77.493
1436.9 77.603
1463.05 77.718
1489.68 77.837
1516.79 77.963
1544.4 78.095
1572.5 78.233
1601.12 78.377
1630.26 78.525
1659.93 78.676
1690.14 78.83
1720.9 78.985
1752.22 79.143
1784.11 79.307
1816.58 79.478
1849.64 79.657
1883.3 79.845
1917.58 80.043
1952.48 80.252
1988.01 80.47
2024.19 80.7
2061.03 80.94
2098.54 81.189
2136.73 81.446
2175.62 81.711
2215.22 81.981
2255.53 82.25
2296.58 82.514
2338.38 82.768
2380.94 83.005
2424.27 83.219
2468.39 83.408
2513.31 83.569
2559.05 83.703
2605.63 83.814
2653.05 83.903
2701.33 83.971
2750.5 84.019
2800.55 84.048
2851.52 84.055
2903.42 84.04
2956.26 84.004
3010.06 83.948
3064.85 83.873
3120.62 83.784
3177.42 83.683
3235.25 83.573
3294.13 83.458
3354.08 83.339
3415.12 83.22
3477.27 83.105
3540.56 82.995
3605 82.894
3670.6 82.801
3737.41 82.721
3805.43 82.653
3874.68 82.601
3945.2 82.569
4017 82.557
4090.11 82.57
4164.55 82.609
4240.34 82.674
4317.51 82.769
4396.09 82.897
4476.1 83.059
4557.56 83.254
4640.5 83.485
4724.96 83.75
4810.95 84.048
4898.51 84.376
4987.66 84.728
5078.43 85.097
5170.86 85.475
5264.97 85.85
5360.79 86.214
5458.35 86.558
5557.69 86.876
5658.84 87.16
5761.82 87.401
5866.69 87.592
5973.46 87.727
6082.17 87.804
6192.87 87.827
6305.57 87.806
6420.33 87.755
6537.18 87.699
6656.15 87.662
6777.29 87.672
6900.63 87.751
7026.22 87.914
7154.1 88.164
7284.3 88.488
7416.87 88.855
7551.85 89.22
7689.29 89.522
7829.23 89.695
7971.72 89.679
8116.8 89.43
8264.53 88.928
8414.94 88.184
8568.09 87.23
8724.02 86.122
8882.79 84.933
9044.46 83.741
9209.06 82.615
9376.66 81.612
9547.31 80.769
9721.07 80.103
9897.99 79.613
10078.13 79.278
10261.55 79.062
10448.3 78.914
10638.45 78.776
10832.07 78.583
11029.21 78.277
11229.94 77.812
11434.32 77.163
11642.41 76.332
11854.3 75.343
12070.04 74.248
12289.71 73.112
12513.38 72.008
12741.12 71.005
12973 70.17
13209.1 69.551
13449.5 69.186
13694.28 69.096
13943.51 69.276
14197.27 69.683
14455.66 70.222
14718.74 70.751
14986.62 71.092
15259.37 71.063
15537.08 70.525
15819.85 69.422
16107.76 67.809
16400.92 65.829
16699.41 63.674
17003.33 61.532
17312.78 59.553
17627.86 57.835
17948.68 56.429
18275.34 55.341
18607.94 54.542
18946.6 53.977
19291.42 53.574
19642.52 53.256
20000 52.966