20 87.181
20.36 87.199
20.73 87.218
21.11 87.235
21.5 87.252
21.89 87.265
22.29 87.275
22.69 87.282
23.1 87.286
23.52 87.288
23.95 87.29
24.39 87.29
24.83 87.289
25.28 87.287
25.74 87.284
26.21 87.28
26.69 87.274
27.18 87.266
27.67 87.258
28.17 87.25
28.69 87.242
29.21 87.234
29.74 87.226
30.28 87.217
30.83 87.207
31.39 87.195
31.97 87.18
32.55 87.165
33.14 87.151
33.74 87.135
34.36 87.118
34.98 87.099
35.62 87.076
36.27 87.05
36.93 87.017
37.6 86.979
38.28 86.936
38.98 86.89
39.69 86.842
40.41 86.799
41.15 86.761
41.9 86.727
42.66 86.692
43.44 86.652
44.23 86.608
45.03 86.563
45.85 86.518
46.68 86.473
47.53 86.425
48.4 86.373
49.28 86.318
50.18 86.26
51.09 86.199
52.02 86.136
52.97 86.072
53.93 86.005
54.91 85.937
55.91 85.867
56.93 85.793
57.97 85.716
59.02 85.637
60.09 85.555
61.19 85.469
62.3 85.38
63.44 85.287
64.59 85.193
65.77 85.096
66.96 84.997
68.18 84.896
69.42 84.793
70.69 84.685
71.97 84.571
73.28 84.451
74.62 84.326
75.97 84.199
77.36 84.071
78.76 83.94
80.2 83.809
81.66 83.676
83.14 83.538
84.66 83.395
86.2 83.244
87.77 83.087
89.36 82.92
90.99 82.743
92.65 82.554
94.33 82.349
96.05 82.129
97.8 81.892
99.58 81.643
101.39 81.392
103.23 81.156
105.11 80.956
107.03 80.807
108.97 80.699
110.96 80.611
112.98 80.519
115.03 80.407
117.13 80.26
119.26 80.064
121.43 79.823
123.64 79.577
125.89 79.379
128.18 79.264
130.51 79.237
132.89 79.26
135.31 79.255
137.77 79.146
140.28 78.921
142.83 78.64
145.43 78.37
148.07 78.137
150.77 77.944
153.51 77.773
156.31 77.614
159.15 77.455
162.05 77.264
165 77.019
168 76.714
171.06 76.361
174.17 75.989
177.34 75.636
180.57 75.326
183.86 75.065
187.2 74.846
190.61 74.655
194.08 74.477
197.61 74.304
201.21 74.138
204.87 73.985
208.6 73.849
212.39 73.734
216.26 73.645
220.19 73.583
224.2 73.55
228.28 73.547
232.44 73.574
236.67 73.627
240.97 73.696
245.36 73.761
249.82 73.799
254.37 73.796
259 73.767
263.71 73.737
268.51 73.726
273.4 73.736
278.38 73.763
283.44 73.798
288.6 73.84
293.85 73.887
299.2 73.929
304.65 73.962
310.19 73.982
315.84 73.991
321.59 73.99
327.44 73.984
333.4 73.976
339.47 73.965
345.64 73.95
351.93 73.934
358.34 73.918
364.86 73.903
371.5 73.887
378.26 73.871
385.15 73.854
392.16 73.836
399.29 73.818
406.56 73.8
413.96 73.783
421.49 73.768
429.16 73.755
436.97 73.744
444.93 73.734
453.02 73.725
461.27 73.717
469.66 73.709
478.21 73.703
486.91 73.699
495.78 73.697
504.8 73.698
513.99 73.701
523.34 73.708
532.87 73.716
542.56 73.726
552.44 73.738
562.49 73.752
572.73 73.769
583.15 73.787
593.77 73.807
604.57 73.828
615.57 73.851
626.78 73.874
638.18 73.899
649.8 73.925
661.63 73.953
673.67 73.981
685.93 74.012
698.41 74.042
711.12 74.075
724.06 74.107
737.24 74.141
750.66 74.176
764.32 74.212
778.23 74.25
792.39 74.289
806.82 74.331
821.5 74.375
836.45 74.423
851.67 74.472
867.17 74.524
882.96 74.578
899.02 74.633
915.39 74.69
932.05 74.749
949.01 74.81
966.28 74.873
983.87 74.939
1001.77 75.007
1020 75.076
1038.57 75.148
1057.47 75.222
1076.71 75.297
1096.31 75.375
1116.26 75.456
1136.58 75.541
1157.26 75.632
1178.32 75.729
1199.77 75.832
1221.6 75.942
1243.84 76.059
1266.47 76.181
1289.52 76.307
1312.99 76.437
1336.89 76.57
1361.22 76.705
1385.99 76.84
1411.22 76.973
1436.9 77.104
1463.05 77.233
1489.68 77.361
1516.79 77.49
1544.4 77.62
1572.5 77.752
1601.12 77.884
1630.26 78.019
1659.93 78.156
1690.14 78.295
1720.9 78.436
1752.22 78.579
1784.11 78.726
1816.58 78.874
1849.64 79.026
1883.3 79.18
1917.58 79.337
1952.48 79.495
1988.01 79.655
2024.19 79.816
2061.03 79.977
2098.54 80.14
2136.73 80.305
2175.62 80.474
2215.22 80.652
2255.53 80.843
2296.58 81.057
2338.38 81.301
2380.94 81.582
2424.27 81.905
2468.39 82.267
2513.31 82.661
2559.05 83.076
2605.63 83.497
2653.05 83.91
2701.33 84.303
2750.5 84.663
2800.55 84.985
2851.52 85.264
2903.42 85.501
2956.26 85.698
3010.06 85.861
3064.85 85.994
3120.62 86.102
3177.42 86.189
3235.25 86.258
3294.13 86.309
3354.08 86.343
3415.12 86.358
3477.27 86.357
3540.56 86.34
3605 86.312
3670.6 86.274
3737.41 86.228
3805.43 86.175
3874.68 86.119
3945.2 86.059
4017 85.997
4090.11 85.934
4164.55 85.873
4240.34 85.814
4317.51 85.762
4396.09 85.719
4476.1 85.688
4557.56 85.673
4640.5 85.677
4724.96 85.703
4810.95 85.754
4898.51 85.835
4987.66 85.946
5078.43 86.088
5170.86 86.264
5264.97 86.476
5360.79 86.724
5458.35 87.014
5557.69 87.348
5658.84 87.724
5761.82 88.132
5866.69 88.557
5973.46 88.973
6082.17 89.345
6192.87 89.634
6305.57 89.798
6420.33 89.801
6537.18 89.616
6656.15 89.24
6777.29 88.69
6900.63 88.004
7026.22 87.237
7154.1 86.452
7284.3 85.709
7416.87 85.062
7551.85 84.557
7689.29 84.224
7829.23 84.076
7971.72 84.107
8116.8 84.289
8264.53 84.563
8414.94 84.852
8568.09 85.059
8724.02 85.081
8882.79 84.832
9044.46 84.262
9209.06 83.371
9376.66 82.21
9547.31 80.862
9721.07 79.418
9897.99 77.961
10078.13 76.559
10261.55 75.257
10448.3 74.084
10638.45 73.051
10832.07 72.161
11029.21 71.408
11229.94 70.782
11434.32 70.27
11642.41 69.861
11854.3 69.544
12070.04 69.311
12289.71 69.162
12513.38 69.101
12741.12 69.145
12973 69.315
13209.1 69.645
13449.5 70.166
13694.28 70.911
13943.51 71.895
14197.27 73.109
14455.66 74.502
14718.74 75.979
14986.62 77.392
15259.37 78.564
15537.08 79.335
15819.85 79.622
16107.76 79.451
16400.92 78.944
16699.41 78.247
17003.33 77.451
17312.78 76.548
17627.86 75.429
17948.68 73.934
18275.34 71.934
18607.94 69.407
18946.6 66.447
19291.42 63.216
19642.52 59.865
20000 56.484