20 80.709
20.36 80.71
20.73 80.714
21.11 80.722
21.5 80.733
21.89 80.75
22.29 80.769
22.69 80.79
23.1 80.809
23.52 80.823
23.95 80.83
24.39 80.826
24.83 80.811
25.28 80.786
25.74 80.753
26.21 80.715
26.69 80.676
27.18 80.639
27.67 80.605
28.17 80.575
28.69 80.551
29.21 80.53
29.74 80.516
30.28 80.505
30.83 80.497
31.39 80.492
31.97 80.486
32.55 80.478
33.14 80.465
33.74 80.446
34.36 80.419
34.98 80.386
35.62 80.35
36.27 80.311
36.93 80.273
37.6 80.236
38.28 80.2
38.98 80.166
39.69 80.134
40.41 80.104
41.15 80.075
41.9 80.045
42.66 80.014
43.44 79.981
44.23 79.946
45.03 79.908
45.85 79.868
46.68 79.824
47.53 79.778
48.4 79.73
49.28 79.68
50.18 79.629
51.09 79.577
52.02 79.526
52.97 79.474
53.93 79.421
54.91 79.368
55.91 79.314
56.93 79.258
57.97 79.202
59.02 79.145
60.09 79.084
61.19 79.022
62.3 78.958
63.44 78.892
64.59 78.825
65.77 78.759
66.96 78.693
68.18 78.629
69.42 78.565
70.69 78.502
71.97 78.438
73.28 78.372
74.62 78.305
75.97 78.236
77.36 78.166
78.76 78.093
80.2 78.019
81.66 77.941
83.14 77.858
84.66 77.769
86.2 77.676
87.77 77.578
89.36 77.478
90.99 77.378
92.65 77.276
94.33 77.176
96.05 77.077
97.8 76.98
99.58 76.883
101.39 76.788
103.23 76.694
105.11 76.602
107.03 76.509
108.97 76.414
110.96 76.316
112.98 76.214
115.03 76.108
117.13 76.001
119.26 75.894
121.43 75.79
123.64 75.689
125.89 75.591
128.18 75.494
130.51 75.398
132.89 75.301
135.31 75.203
137.77 75.103
140.28 75.002
142.83 74.902
145.43 74.803
148.07 74.707
150.77 74.613
153.51 74.522
156.31 74.433
159.15 74.346
162.05 74.261
165 74.177
168 74.093
171.06 74.009
174.17 73.924
177.34 73.841
180.57 73.76
183.86 73.681
187.2 73.606
190.61 73.532
194.08 73.461
197.61 73.391
201.21 73.323
204.87 73.259
208.6 73.196
212.39 73.136
216.26 73.079
220.19 73.025
224.2 72.973
228.28 72.925
232.44 72.879
236.67 72.835
240.97 72.793
245.36 72.754
249.82 72.718
254.37 72.686
259 72.658
263.71 72.634
268.51 72.613
273.4 72.596
278.38 72.582
283.44 72.572
288.6 72.563
293.85 72.555
299.2 72.548
304.65 72.539
310.19 72.53
315.84 72.52
321.59 72.511
327.44 72.502
333.4 72.494
339.47 72.489
345.64 72.484
351.93 72.483
358.34 72.484
364.86 72.487
371.5 72.492
378.26 72.5
385.15 72.51
392.16 72.523
399.29 72.538
406.56 72.555
413.96 72.573
421.49 72.591
429.16 72.608
436.97 72.623
444.93 72.635
453.02 72.646
461.27 72.656
469.66 72.665
478.21 72.675
486.91 72.686
495.78 72.698
504.8 72.711
513.99 72.726
523.34 72.741
532.87 72.757
542.56 72.773
552.44 72.79
562.49 72.808
572.73 72.826
583.15 72.846
593.77 72.866
604.57 72.888
615.57 72.912
626.78 72.939
638.18 72.97
649.8 73.006
661.63 73.045
673.67 73.086
685.93 73.129
698.41 73.171
711.12 73.214
724.06 73.258
737.24 73.305
750.66 73.355
764.32 73.411
778.23 73.474
792.39 73.544
806.82 73.623
821.5 73.709
836.45 73.801
851.67 73.898
867.17 73.998
882.96 74.101
899.02 74.209
915.39 74.322
932.05 74.44
949.01 74.566
966.28 74.704
983.87 74.853
1001.77 75.016
1020 75.191
1038.57 75.379
1057.47 75.578
1076.71 75.783
1096.31 75.994
1116.26 76.208
1136.58 76.424
1157.26 76.641
1178.32 76.859
1199.77 77.077
1221.6 77.29
1243.84 77.497
1266.47 77.694
1289.52 77.879
1312.99 78.052
1336.89 78.214
1361.22 78.363
1385.99 78.502
1411.22 78.633
1436.9 78.754
1463.05 78.866
1489.68 78.972
1516.79 79.072
1544.4 79.166
1572.5 79.253
1601.12 79.335
1630.26 79.409
1659.93 79.474
1690.14 79.529
1720.9 79.576
1752.22 79.616
1784.11 79.652
1816.58 79.685
1849.64 79.719
1883.3 79.755
1917.58 79.795
1952.48 79.842
1988.01 79.896
2024.19 79.959
2061.03 80.03
2098.54 80.11
2136.73 80.199
2175.62 80.298
2215.22 80.406
2255.53 80.52
2296.58 80.639
2338.38 80.756
2380.94 80.866
2424.27 80.96
2468.39 81.028
2513.31 81.062
2559.05 81.059
2605.63 81.014
2653.05 80.931
2701.33 80.812
2750.5 80.665
2800.55 80.497
2851.52 80.316
2903.42 80.13
2956.26 79.951
3010.06 79.786
3064.85 79.642
3120.62 79.528
3177.42 79.447
3235.25 79.4
3294.13 79.388
3354.08 79.406
3415.12 79.451
3477.27 79.518
3540.56 79.601
3605 79.691
3670.6 79.776
3737.41 79.842
3805.43 79.872
3874.68 79.85
3945.2 79.764
4017 79.605
4090.11 79.363
4164.55 79.041
4240.34 78.64
4317.51 78.171
4396.09 77.644
4476.1 77.073
4557.56 76.471
4640.5 75.851
4724.96 75.226
4810.95 74.608
4898.51 74.007
4987.66 73.435
5078.43 72.898
5170.86 72.405
5264.97 71.959
5360.79 71.565
5458.35 71.221
5557.69 70.926
5658.84 70.68
5761.82 70.482
5866.69 70.334
5973.46 70.237
6082.17 70.192
6192.87 70.205
6305.57 70.28
6420.33 70.431
6537.18 70.671
6656.15 71.017
6777.29 71.484
6900.63 72.081
7026.22 72.803
7154.1 73.63
7284.3 74.523
7416.87 75.424
7551.85 76.264
7689.29 76.971
7829.23 77.482
7971.72 77.765
8116.8 77.824
8264.53 77.704
8414.94 77.474
8568.09 77.208
8724.02 76.959
8882.79 76.749
9044.46 76.565
9209.06 76.372
9376.66 76.132
9547.31 75.82
9721.07 75.423
9897.99 74.949
10078.13 74.411
10261.55 73.836
10448.3 73.254
10638.45 72.693
10832.07 72.179
11029.21 71.726
11229.94 71.332
11434.32 70.985
11642.41 70.66
11854.3 70.336
12070.04 69.998
12289.71 69.651
12513.38 69.316
12741.12 69.028
12973 68.831
13209.1 68.758
13449.5 68.832
13694.28 69.049
13943.51 69.375
14197.27 69.738
14455.66 70.034
14718.74 70.147
14986.62 69.967
15259.37 69.421
15537.08 68.493
15819.85 67.224
16107.76 65.704
16400.92 64.04
16699.41 62.335
17003.33 60.664
17312.78 59.059
17627.86 57.518
17948.68 56.028
18275.34 54.574
18607.94 53.154
18946.6 51.769
19291.42 50.42
19642.52 49.1
20000 47.791