20 81.86
20.36 81.876
20.73 81.888
21.11 81.897
21.5 81.902
21.89 81.902
22.29 81.9
22.69 81.894
23.1 81.885
23.52 81.874
23.95 81.861
24.39 81.847
24.83 81.833
25.28 81.818
25.74 81.804
26.21 81.789
26.69 81.774
27.18 81.759
27.67 81.742
28.17 81.723
28.69 81.703
29.21 81.679
29.74 81.652
30.28 81.622
30.83 81.589
31.39 81.553
31.97 81.515
32.55 81.474
33.14 81.433
33.74 81.391
34.36 81.348
34.98 81.304
35.62 81.261
36.27 81.217
36.93 81.173
37.6 81.127
38.28 81.081
38.98 81.032
39.69 80.983
40.41 80.931
41.15 80.876
41.9 80.82
42.66 80.76
43.44 80.698
44.23 80.634
45.03 80.566
45.85 80.497
46.68 80.426
47.53 80.352
48.4 80.278
49.28 80.204
50.18 80.129
51.09 80.052
52.02 79.974
52.97 79.893
53.93 79.811
54.91 79.727
55.91 79.641
56.93 79.553
57.97 79.464
59.02 79.375
60.09 79.287
61.19 79.202
62.3 79.12
63.44 79.043
64.59 78.968
65.77 78.895
66.96 78.823
68.18 78.75
69.42 78.674
70.69 78.595
71.97 78.511
73.28 78.422
74.62 78.329
75.97 78.235
77.36 78.136
78.76 78.036
80.2 77.935
81.66 77.832
83.14 77.729
84.66 77.625
86.2 77.523
87.77 77.422
89.36 77.322
90.99 77.221
92.65 77.121
94.33 77.022
96.05 76.924
97.8 76.828
99.58 76.735
101.39 76.644
103.23 76.554
105.11 76.465
107.03 76.376
108.97 76.284
110.96 76.189
112.98 76.09
115.03 75.988
117.13 75.884
119.26 75.781
121.43 75.682
123.64 75.587
125.89 75.498
128.18 75.413
130.51 75.334
132.89 75.259
135.31 75.191
137.77 75.129
140.28 75.072
142.83 75.02
145.43 74.971
148.07 74.925
150.77 74.879
153.51 74.831
156.31 74.781
159.15 74.727
162.05 74.671
165 74.613
168 74.552
171.06 74.488
174.17 74.423
177.34 74.356
180.57 74.29
183.86 74.225
187.2 74.163
190.61 74.102
194.08 74.045
197.61 73.989
201.21 73.936
204.87 73.884
208.6 73.833
212.39 73.784
216.26 73.736
220.19 73.688
224.2 73.642
228.28 73.597
232.44 73.554
236.67 73.512
240.97 73.473
245.36 73.436
249.82 73.401
254.37 73.368
259 73.336
263.71 73.307
268.51 73.279
273.4 73.253
278.38 73.228
283.44 73.206
288.6 73.184
293.85 73.164
299.2 73.146
304.65 73.128
310.19 73.112
315.84 73.097
321.59 73.081
327.44 73.067
333.4 73.053
339.47 73.039
345.64 73.028
351.93 73.015
358.34 73.004
364.86 72.995
371.5 72.986
378.26 72.979
385.15 72.974
392.16 72.97
399.29 72.969
406.56 72.968
413.96 72.968
421.49 72.968
429.16 72.969
436.97 72.971
444.93 72.973
453.02 72.978
461.27 72.984
469.66 72.991
478.21 73.001
486.91 73.012
495.78 73.023
504.8 73.035
513.99 73.047
523.34 73.059
532.87 73.073
542.56 73.085
552.44 73.1
562.49 73.114
572.73 73.13
583.15 73.147
593.77 73.165
604.57 73.184
615.57 73.204
626.78 73.225
638.18 73.249
649.8 73.274
661.63 73.302
673.67 73.332
685.93 73.363
698.41 73.398
711.12 73.436
724.06 73.476
737.24 73.52
750.66 73.568
764.32 73.62
778.23 73.676
792.39 73.738
806.82 73.803
821.5 73.875
836.45 73.952
851.67 74.034
867.17 74.122
882.96 74.214
899.02 74.311
915.39 74.412
932.05 74.519
949.01 74.631
966.28 74.751
983.87 74.878
1001.77 75.013
1020 75.156
1038.57 75.305
1057.47 75.461
1076.71 75.622
1096.31 75.787
1116.26 75.957
1136.58 76.127
1157.26 76.295
1178.32 76.46
1199.77 76.621
1221.6 76.774
1243.84 76.921
1266.47 77.06
1289.52 77.192
1312.99 77.32
1336.89 77.443
1361.22 77.563
1385.99 77.677
1411.22 77.786
1436.9 77.888
1463.05 77.978
1489.68 78.056
1516.79 78.119
1544.4 78.165
1572.5 78.193
1601.12 78.203
1630.26 78.195
1659.93 78.171
1690.14 78.133
1720.9 78.08
1752.22 78.017
1784.11 77.943
1816.58 77.863
1849.64 77.78
1883.3 77.698
1917.58 77.62
1952.48 77.55
1988.01 77.492
2024.19 77.45
2061.03 77.432
2098.54 77.441
2136.73 77.485
2175.62 77.568
2215.22 77.693
2255.53 77.858
2296.58 78.064
2338.38 78.307
2380.94 78.575
2424.27 78.857
2468.39 79.134
2513.31 79.383
2559.05 79.587
2605.63 79.733
2653.05 79.817
2701.33 79.846
2750.5 79.833
2800.55 79.795
2851.52 79.746
2903.42 79.697
2956.26 79.651
3010.06 79.611
3064.85 79.58
3120.62 79.558
3177.42 79.55
3235.25 79.562
3294.13 79.607
3354.08 79.698
3415.12 79.848
3477.27 80.064
3540.56 80.345
3605 80.682
3670.6 81.051
3737.41 81.421
3805.43 81.758
3874.68 82.026
3945.2 82.191
4017 82.232
4090.11 82.136
4164.55 81.907
4240.34 81.563
4317.51 81.137
4396.09 80.666
4476.1 80.19
4557.56 79.74
4640.5 79.339
4724.96 79
4810.95 78.734
4898.51 78.541
4987.66 78.424
5078.43 78.383
5170.86 78.421
5264.97 78.537
5360.79 78.731
5458.35 79
5557.69 79.328
5658.84 79.693
5761.82 80.055
5866.69 80.367
5973.46 80.583
6082.17 80.658
6192.87 80.572
6305.57 80.317
6420.33 79.914
6537.18 79.402
6656.15 78.83
6777.29 78.256
6900.63 77.736
7026.22 77.318
7154.1 77.034
7284.3 76.897
7416.87 76.897
7551.85 76.998
7689.29 77.143
7829.23 77.262
7971.72 77.284
8116.8 77.158
8264.53 76.857
8414.94 76.385
8568.09 75.771
8724.02 75.071
8882.79 74.353
9044.46 73.689
9209.06 73.147
9376.66 72.773
9547.31 72.596
9721.07 72.613
9897.99 72.795
10078.13 73.086
10261.55 73.424
10448.3 73.738
10638.45 73.974
10832.07 74.096
11029.21 74.086
11229.94 73.939
11434.32 73.656
11642.41 73.241
11854.3 72.698
12070.04 72.036
12289.71 71.276
12513.38 70.455
12741.12 69.62
12973 68.823
13209.1 68.113
13449.5 67.536
13694.28 67.144
13943.51 66.981
14197.27 67.086
14455.66 67.461
14718.74 68.058
14986.62 68.741
15259.37 69.298
15537.08 69.454
15819.85 68.936
16107.76 67.546
16400.92 65.214
16699.41 62.022
17003.33 58.187
17312.78 54.014
17627.86 49.835
17948.68 45.955
18275.34 42.595
18607.94 39.854
18946.6 37.702
19291.42 36.002
19642.52 34.563
20000 33.213