20 84.311
20.36 84.3
20.73 84.29
21.11 84.279
21.5 84.268
21.89 84.257
22.29 84.245
22.69 84.233
23.1 84.221
23.52 84.208
23.95 84.194
24.39 84.179
24.83 84.164
25.28 84.148
25.74 84.131
26.21 84.112
26.69 84.093
27.18 84.072
27.67 84.051
28.17 84.028
28.69 84.003
29.21 83.977
29.74 83.95
30.28 83.921
30.83 83.89
31.39 83.857
31.97 83.823
32.55 83.787
33.14 83.749
33.74 83.708
34.36 83.666
34.98 83.622
35.62 83.575
36.27 83.528
36.93 83.478
37.6 83.427
38.28 83.373
38.98 83.319
39.69 83.262
40.41 83.205
41.15 83.145
41.9 83.084
42.66 83.022
43.44 82.958
44.23 82.894
45.03 82.827
45.85 82.76
46.68 82.692
47.53 82.622
48.4 82.552
49.28 82.48
50.18 82.408
51.09 82.335
52.02 82.262
52.97 82.188
53.93 82.113
54.91 82.038
55.91 81.962
56.93 81.887
57.97 81.811
59.02 81.735
60.09 81.659
61.19 81.582
62.3 81.506
63.44 81.43
64.59 81.354
65.77 81.278
66.96 81.202
68.18 81.125
69.42 81.049
70.69 80.973
71.97 80.896
73.28 80.819
74.62 80.743
75.97 80.665
77.36 80.586
78.76 80.505
80.2 80.424
81.66 80.34
83.14 80.253
84.66 80.163
86.2 80.07
87.77 79.975
89.36 79.878
90.99 79.78
92.65 79.682
94.33 79.584
96.05 79.487
97.8 79.391
99.58 79.298
101.39 79.209
103.23 79.124
105.11 79.044
107.03 78.971
108.97 78.906
110.96 78.85
112.98 78.802
115.03 78.76
117.13 78.718
119.26 78.673
121.43 78.62
123.64 78.555
125.89 78.475
128.18 78.381
130.51 78.276
132.89 78.164
135.31 78.049
137.77 77.932
140.28 77.816
142.83 77.703
145.43 77.593
148.07 77.484
150.77 77.378
153.51 77.275
156.31 77.175
159.15 77.077
162.05 76.981
165 76.888
168 76.796
171.06 76.707
174.17 76.619
177.34 76.535
180.57 76.452
183.86 76.371
187.2 76.293
190.61 76.214
194.08 76.137
197.61 76.06
201.21 75.982
204.87 75.906
208.6 75.829
212.39 75.753
216.26 75.678
220.19 75.604
224.2 75.53
228.28 75.458
232.44 75.387
236.67 75.318
240.97 75.25
245.36 75.185
249.82 75.121
254.37 75.059
259 75.001
263.71 74.944
268.51 74.89
273.4 74.839
278.38 74.787
283.44 74.737
288.6 74.688
293.85 74.638
299.2 74.588
304.65 74.537
310.19 74.484
315.84 74.432
321.59 74.378
327.44 74.324
333.4 74.271
339.47 74.219
345.64 74.168
351.93 74.119
358.34 74.072
364.86 74.027
371.5 73.984
378.26 73.943
385.15 73.904
392.16 73.867
399.29 73.833
406.56 73.801
413.96 73.772
421.49 73.744
429.16 73.72
436.97 73.697
444.93 73.676
453.02 73.654
461.27 73.633
469.66 73.61
478.21 73.585
486.91 73.559
495.78 73.532
504.8 73.506
513.99 73.48
523.34 73.455
532.87 73.432
542.56 73.41
552.44 73.39
562.49 73.371
572.73 73.352
583.15 73.333
593.77 73.315
604.57 73.298
615.57 73.283
626.78 73.274
638.18 73.271
649.8 73.279
661.63 73.297
673.67 73.326
685.93 73.363
698.41 73.404
711.12 73.448
724.06 73.491
737.24 73.535
750.66 73.581
764.32 73.628
778.23 73.681
792.39 73.739
806.82 73.804
821.5 73.877
836.45 73.955
851.67 74.039
867.17 74.127
882.96 74.217
899.02 74.311
915.39 74.411
932.05 74.516
949.01 74.629
966.28 74.748
983.87 74.877
1001.77 75.013
1020 75.157
1038.57 75.306
1057.47 75.46
1076.71 75.616
1096.31 75.773
1116.26 75.929
1136.58 76.084
1157.26 76.239
1178.32 76.393
1199.77 76.546
1221.6 76.696
1243.84 76.842
1266.47 76.982
1289.52 77.116
1312.99 77.245
1336.89 77.369
1361.22 77.492
1385.99 77.618
1411.22 77.747
1436.9 77.881
1463.05 78.019
1489.68 78.163
1516.79 78.313
1544.4 78.472
1572.5 78.642
1601.12 78.822
1630.26 79.011
1659.93 79.207
1690.14 79.407
1720.9 79.608
1752.22 79.808
1784.11 80.007
1816.58 80.205
1849.64 80.403
1883.3 80.603
1917.58 80.806
1952.48 81.012
1988.01 81.221
2024.19 81.43
2061.03 81.635
2098.54 81.832
2136.73 82.017
2175.62 82.189
2215.22 82.347
2255.53 82.494
2296.58 82.631
2338.38 82.761
2380.94 82.886
2424.27 83.005
2468.39 83.119
2513.31 83.224
2559.05 83.319
2605.63 83.404
2653.05 83.478
2701.33 83.539
2750.5 83.585
2800.55 83.617
2851.52 83.63
2903.42 83.625
2956.26 83.601
3010.06 83.56
3064.85 83.505
3120.62 83.441
3177.42 83.372
3235.25 83.302
3294.13 83.229
3354.08 83.159
3415.12 83.093
3477.27 83.035
3540.56 82.99
3605 82.961
3670.6 82.953
3737.41 82.965
3805.43 83
3874.68 83.057
3945.2 83.14
4017 83.247
4090.11 83.377
4164.55 83.528
4240.34 83.695
4317.51 83.872
4396.09 84.053
4476.1 84.227
4557.56 84.384
4640.5 84.511
4724.96 84.593
4810.95 84.618
4898.51 84.573
4987.66 84.449
5078.43 84.242
5170.86 83.953
5264.97 83.591
5360.79 83.169
5458.35 82.708
5557.69 82.229
5658.84 81.753
5761.82 81.298
5866.69 80.868
5973.46 80.465
6082.17 80.087
6192.87 79.739
6305.57 79.428
6420.33 79.167
6537.18 78.971
6656.15 78.854
6777.29 78.833
6900.63 78.923
7026.22 79.138
7154.1 79.485
7284.3 79.958
7416.87 80.531
7551.85 81.158
7689.29 81.764
7829.23 82.257
7971.72 82.543
8116.8 82.537
8264.53 82.187
8414.94 81.491
8568.09 80.487
8724.02 79.256
8882.79 77.892
9044.46 76.489
9209.06 75.126
9376.66 73.857
9547.31 72.72
9721.07 71.734
9897.99 70.904
10078.13 70.235
10261.55 69.734
10448.3 69.411
10638.45 69.291
10832.07 69.405
11029.21 69.793
11229.94 70.494
11434.32 71.529
11642.41 72.877
11854.3 74.459
12070.04 76.115
12289.71 77.617
12513.38 78.702
12741.12 79.143
12973 78.834
13209.1 77.828
13449.5 76.317
13694.28 74.585
13943.51 72.926
14197.27 71.579
14455.66 70.679
14718.74 70.245
14986.62 70.178
15259.37 70.289
15537.08 70.334
15819.85 70.078
16107.76 69.357
16400.92 68.117
16699.41 66.422
17003.33 64.415
17312.78 62.272
17627.86 60.151
17948.68 58.16
18275.34 56.341
18607.94 54.681
18946.6 53.129
19291.42 51.629
19642.52 50.139
20000 48.649