20 83.585
20.36 83.558
20.73 83.531
21.11 83.504
21.5 83.476
21.89 83.449
22.29 83.421
22.69 83.393
23.1 83.364
23.52 83.334
23.95 83.304
24.39 83.274
24.83 83.243
25.28 83.211
25.74 83.177
26.21 83.143
26.69 83.108
27.18 83.072
27.67 83.035
28.17 82.997
28.69 82.957
29.21 82.916
29.74 82.873
30.28 82.83
30.83 82.784
31.39 82.737
31.97 82.688
32.55 82.637
33.14 82.585
33.74 82.531
34.36 82.475
34.98 82.417
35.62 82.357
36.27 82.296
36.93 82.234
37.6 82.171
38.28 82.106
38.98 82.04
39.69 81.973
40.41 81.905
41.15 81.837
41.9 81.767
42.66 81.697
43.44 81.627
44.23 81.555
45.03 81.483
45.85 81.412
46.68 81.339
47.53 81.267
48.4 81.195
49.28 81.121
50.18 81.048
51.09 80.974
52.02 80.9
52.97 80.825
53.93 80.749
54.91 80.673
55.91 80.596
56.93 80.518
57.97 80.44
59.02 80.36
60.09 80.28
61.19 80.199
62.3 80.117
63.44 80.034
64.59 79.95
65.77 79.866
66.96 79.78
68.18 79.695
69.42 79.609
70.69 79.522
71.97 79.435
73.28 79.348
74.62 79.26
75.97 79.171
77.36 79.081
78.76 78.99
80.2 78.899
81.66 78.805
83.14 78.71
84.66 78.614
86.2 78.515
87.77 78.415
89.36 78.313
90.99 78.21
92.65 78.108
94.33 78.004
96.05 77.902
97.8 77.799
99.58 77.698
101.39 77.598
103.23 77.499
105.11 77.402
107.03 77.305
108.97 77.212
110.96 77.12
112.98 77.03
115.03 76.943
117.13 76.859
119.26 76.778
121.43 76.702
123.64 76.631
125.89 76.564
128.18 76.501
130.51 76.442
132.89 76.385
135.31 76.33
137.77 76.274
140.28 76.219
142.83 76.163
145.43 76.107
148.07 76.05
150.77 75.992
153.51 75.934
156.31 75.874
159.15 75.815
162.05 75.755
165 75.695
168 75.635
171.06 75.576
174.17 75.516
177.34 75.457
180.57 75.399
183.86 75.339
187.2 75.279
190.61 75.218
194.08 75.156
197.61 75.092
201.21 75.027
204.87 74.96
208.6 74.892
212.39 74.823
216.26 74.754
220.19 74.683
224.2 74.613
228.28 74.544
232.44 74.477
236.67 74.413
240.97 74.354
245.36 74.301
249.82 74.253
254.37 74.214
259 74.183
263.71 74.161
268.51 74.147
273.4 74.14
278.38 74.138
283.44 74.137
288.6 74.136
293.85 74.131
299.2 74.12
304.65 74.102
310.19 74.076
315.84 74.043
321.59 74.006
327.44 73.964
333.4 73.92
339.47 73.875
345.64 73.831
351.93 73.788
358.34 73.747
364.86 73.708
371.5 73.673
378.26 73.64
385.15 73.609
392.16 73.58
399.29 73.555
406.56 73.532
413.96 73.512
421.49 73.493
429.16 73.478
436.97 73.464
444.93 73.452
453.02 73.44
461.27 73.427
469.66 73.413
478.21 73.397
486.91 73.38
495.78 73.362
504.8 73.344
513.99 73.327
523.34 73.311
532.87 73.298
542.56 73.286
552.44 73.276
562.49 73.269
572.73 73.264
583.15 73.262
593.77 73.262
604.57 73.265
615.57 73.273
626.78 73.285
638.18 73.303
649.8 73.325
661.63 73.354
673.67 73.386
685.93 73.421
698.41 73.457
711.12 73.492
724.06 73.527
737.24 73.561
750.66 73.594
764.32 73.627
778.23 73.661
792.39 73.698
806.82 73.744
821.5 73.8
836.45 73.869
851.67 73.95
867.17 74.041
882.96 74.141
899.02 74.248
915.39 74.361
932.05 74.479
949.01 74.604
966.28 74.734
983.87 74.871
1001.77 75.014
1020 75.162
1038.57 75.315
1057.47 75.471
1076.71 75.629
1096.31 75.787
1116.26 75.945
1136.58 76.101
1157.26 76.258
1178.32 76.414
1199.77 76.57
1221.6 76.722
1243.84 76.87
1266.47 77.011
1289.52 77.147
1312.99 77.276
1336.89 77.402
1361.22 77.526
1385.99 77.653
1411.22 77.783
1436.9 77.919
1463.05 78.059
1489.68 78.203
1516.79 78.35
1544.4 78.503
1572.5 78.661
1601.12 78.823
1630.26 78.987
1659.93 79.152
1690.14 79.317
1720.9 79.484
1752.22 79.652
1784.11 79.822
1816.58 79.996
1849.64 80.173
1883.3 80.353
1917.58 80.535
1952.48 80.718
1988.01 80.901
2024.19 81.083
2061.03 81.261
2098.54 81.435
2136.73 81.601
2175.62 81.76
2215.22 81.912
2255.53 82.056
2296.58 82.193
2338.38 82.32
2380.94 82.437
2424.27 82.54
2468.39 82.627
2513.31 82.696
2559.05 82.746
2605.63 82.779
2653.05 82.797
2701.33 82.8
2750.5 82.791
2800.55 82.769
2851.52 82.735
2903.42 82.689
2956.26 82.631
3010.06 82.562
3064.85 82.488
3120.62 82.413
3177.42 82.341
3235.25 82.275
3294.13 82.218
3354.08 82.172
3415.12 82.136
3477.27 82.109
3540.56 82.09
3605 82.077
3670.6 82.066
3737.41 82.058
3805.43 82.049
3874.68 82.04
3945.2 82.034
4017 82.029
4090.11 82.024
4164.55 82.018
4240.34 82.007
4317.51 81.987
4396.09 81.955
4476.1 81.905
4557.56 81.835
4640.5 81.74
4724.96 81.617
4810.95 81.464
4898.51 81.283
4987.66 81.073
5078.43 80.836
5170.86 80.576
5264.97 80.297
5360.79 80.004
5458.35 79.702
5557.69 79.398
5658.84 79.098
5761.82 78.808
5866.69 78.536
5973.46 78.289
6082.17 78.073
6192.87 77.896
6305.57 77.765
6420.33 77.689
6537.18 77.678
6656.15 77.744
6777.29 77.898
6900.63 78.152
7026.22 78.516
7154.1 78.989
7284.3 79.559
7416.87 80.194
7551.85 80.843
7689.29 81.429
7829.23 81.865
7971.72 82.061
8116.8 81.946
8264.53 81.485
8414.94 80.686
8568.09 79.6
8724.02 78.309
8882.79 76.908
9044.46 75.49
9209.06 74.139
9376.66 72.927
9547.31 71.914
9721.07 71.15
9897.99 70.67
10078.13 70.487
10261.55 70.581
10448.3 70.903
10638.45 71.387
10832.07 71.974
11029.21 72.615
11229.94 73.279
11434.32 73.932
11642.41 74.524
11854.3 74.988
12070.04 75.245
12289.71 75.227
12513.38 74.899
12741.12 74.272
12973 73.411
13209.1 72.415
13449.5 71.396
13694.28 70.46
13943.51 69.686
14197.27 69.112
14455.66 68.727
14718.74 68.47
14986.62 68.24
15259.37 67.917
15537.08 67.385
15819.85 66.575
16107.76 65.479
16400.92 64.155
16699.41 62.714
17003.33 61.286
17312.78 59.978
17627.86 58.848
17948.68 57.877
18275.34 56.981
18607.94 56.036
18946.6 54.936
19291.42 53.642
19642.52 52.196
20000 50.69