20 74.702
20.36 74.719
20.73 74.735
21.11 74.752
21.5 74.769
21.89 74.785
22.29 74.801
22.69 74.817
23.1 74.833
23.52 74.849
23.95 74.864
24.39 74.879
24.83 74.894
25.28 74.908
25.74 74.922
26.21 74.935
26.69 74.948
27.18 74.961
27.67 74.973
28.17 74.984
28.69 74.995
29.21 75.005
29.74 75.014
30.28 75.023
30.83 75.031
31.39 75.037
31.97 75.044
32.55 75.049
33.14 75.053
33.74 75.057
34.36 75.06
34.98 75.061
35.62 75.062
36.27 75.063
36.93 75.062
37.6 75.062
38.28 75.06
38.98 75.059
39.69 75.057
40.41 75.055
41.15 75.053
41.9 75.05
42.66 75.048
43.44 75.046
44.23 75.044
45.03 75.043
45.85 75.041
46.68 75.04
47.53 75.039
48.4 75.039
49.28 75.039
50.18 75.039
51.09 75.039
52.02 75.039
52.97 75.038
53.93 75.037
54.91 75.037
55.91 75.036
56.93 75.034
57.97 75.032
59.02 75.029
60.09 75.026
61.19 75.022
62.3 75.018
63.44 75.013
64.59 75.009
65.77 75.005
66.96 75.003
68.18 75
69.42 74.999
70.69 74.999
71.97 75.001
73.28 75.005
74.62 75.009
75.97 75.015
77.36 75.021
78.76 75.027
80.2 75.031
81.66 75.034
83.14 75.035
84.66 75.032
86.2 75.027
87.77 75.018
89.36 75.007
90.99 74.995
92.65 74.982
94.33 74.968
96.05 74.954
97.8 74.94
99.58 74.928
101.39 74.917
103.23 74.908
105.11 74.899
107.03 74.891
108.97 74.883
110.96 74.877
112.98 74.87
115.03 74.863
117.13 74.855
119.26 74.845
121.43 74.832
123.64 74.816
125.89 74.794
128.18 74.769
130.51 74.736
132.89 74.698
135.31 74.652
137.77 74.599
140.28 74.537
142.83 74.468
145.43 74.391
148.07 74.306
150.77 74.216
153.51 74.124
156.31 74.044
159.15 73.986
162.05 73.962
165 73.983
168 74.044
171.06 74.133
174.17 74.232
177.34 74.328
180.57 74.415
183.86 74.489
187.2 74.549
190.61 74.595
194.08 74.625
197.61 74.643
201.21 74.651
204.87 74.649
208.6 74.641
212.39 74.628
216.26 74.611
220.19 74.593
224.2 74.574
228.28 74.556
232.44 74.54
236.67 74.525
240.97 74.51
245.36 74.497
249.82 74.487
254.37 74.478
259 74.47
263.71 74.464
268.51 74.459
273.4 74.454
278.38 74.448
283.44 74.444
288.6 74.438
293.85 74.431
299.2 74.422
304.65 74.411
310.19 74.399
315.84 74.384
321.59 74.368
327.44 74.351
333.4 74.333
339.47 74.314
345.64 74.296
351.93 74.277
358.34 74.257
364.86 74.237
371.5 74.217
378.26 74.198
385.15 74.18
392.16 74.162
399.29 74.145
406.56 74.13
413.96 74.116
421.49 74.104
429.16 74.094
436.97 74.086
444.93 74.078
453.02 74.07
461.27 74.059
469.66 74.045
478.21 74.027
486.91 74.006
495.78 73.982
504.8 73.958
513.99 73.932
523.34 73.907
532.87 73.883
542.56 73.86
552.44 73.838
562.49 73.817
572.73 73.797
583.15 73.779
593.77 73.761
604.57 73.747
615.57 73.737
626.78 73.731
638.18 73.73
649.8 73.735
661.63 73.745
673.67 73.757
685.93 73.77
698.41 73.784
711.12 73.798
724.06 73.814
737.24 73.832
750.66 73.854
764.32 73.88
778.23 73.912
792.39 73.951
806.82 73.996
821.5 74.047
836.45 74.103
851.67 74.16
867.17 74.219
882.96 74.281
899.02 74.349
915.39 74.427
932.05 74.518
949.01 74.622
966.28 74.74
983.87 74.871
1001.77 75.014
1020 75.167
1038.57 75.327
1057.47 75.492
1076.71 75.659
1096.31 75.823
1116.26 75.981
1136.58 76.131
1157.26 76.274
1178.32 76.417
1199.77 76.564
1221.6 76.719
1243.84 76.877
1266.47 77.033
1289.52 77.186
1312.99 77.336
1336.89 77.488
1361.22 77.644
1385.99 77.808
1411.22 77.986
1436.9 78.18
1463.05 78.393
1489.68 78.621
1516.79 78.859
1544.4 79.096
1572.5 79.32
1601.12 79.515
1630.26 79.667
1659.93 79.78
1690.14 79.873
1720.9 79.977
1752.22 80.114
1784.11 80.299
1816.58 80.533
1849.64 80.808
1883.3 81.114
1917.58 81.439
1952.48 81.775
1988.01 82.117
2024.19 82.456
2061.03 82.789
2098.54 83.115
2136.73 83.434
2175.62 83.75
2215.22 84.06
2255.53 84.358
2296.58 84.63
2338.38 84.862
2380.94 85.045
2424.27 85.171
2468.39 85.237
2513.31 85.244
2559.05 85.198
2605.63 85.108
2653.05 84.984
2701.33 84.835
2750.5 84.67
2800.55 84.497
2851.52 84.32
2903.42 84.147
2956.26 83.98
3010.06 83.829
3064.85 83.7
3120.62 83.602
3177.42 83.534
3235.25 83.492
3294.13 83.468
3354.08 83.453
3415.12 83.442
3477.27 83.438
3540.56 83.454
3605 83.522
3670.6 83.675
3737.41 83.946
3805.43 84.353
3874.68 84.899
3945.2 85.566
4017 86.32
4090.11 87.104
4164.55 87.844
4240.34 88.449
4317.51 88.834
4396.09 88.921
4476.1 88.663
4557.56 88.06
4640.5 87.155
4724.96 86.028
4810.95 84.775
4898.51 83.484
4987.66 82.221
5078.43 81.03
5170.86 79.932
5264.97 78.93
5360.79 78.015
5458.35 77.18
5557.69 76.413
5658.84 75.714
5761.82 75.084
5866.69 74.526
5973.46 74.041
6082.17 73.627
6192.87 73.284
6305.57 73.013
6420.33 72.815
6537.18 72.698
6656.15 72.673
6777.29 72.756
6900.63 72.97
7026.22 73.339
7154.1 73.893
7284.3 74.657
7416.87 75.639
7551.85 76.822
7689.29 78.137
7829.23 79.456
7971.72 80.585
8116.8 81.293
8264.53 81.373
8414.94 80.74
8568.09 79.484
8724.02 77.833
8882.79 76.056
9044.46 74.385
9209.06 72.979
9376.66 71.916
9547.31 71.206
9721.07 70.828
9897.99 70.768
10078.13 71.027
10261.55 71.595
10448.3 72.423
10638.45 73.393
10832.07 74.302
11029.21 74.865
11229.94 74.774
11434.32 73.832
11642.41 72.086
11854.3 69.793
12070.04 67.265
12289.71 64.762
12513.38 62.447
12741.12 60.396
12973 58.625
13209.1 57.118
13449.5 55.852
13694.28 54.82
13943.51 54.036
14197.27 53.526
14455.66 53.312
14718.74 53.386
14986.62 53.721
15259.37 54.268
15537.08 54.955
15819.85 55.695
16107.76 56.381
16400.92 56.899
16699.41 57.154
17003.33 57.133
17312.78 56.932
17627.86 56.72
17948.68 56.642
18275.34 56.735
18607.94 56.903
18946.6 56.987
19291.42 56.864
19642.52 56.547
20000 56.164