20 78.92
20.36 78.951
20.73 78.982
21.11 79.01
21.5 79.035
21.89 79.058
22.29 79.079
22.69 79.097
23.1 79.114
23.52 79.128
23.95 79.14
24.39 79.15
24.83 79.16
25.28 79.167
25.74 79.174
26.21 79.181
26.69 79.188
27.18 79.194
27.67 79.197
28.17 79.201
28.69 79.203
29.21 79.205
29.74 79.205
30.28 79.203
30.83 79.201
31.39 79.197
31.97 79.192
32.55 79.186
33.14 79.179
33.74 79.17
34.36 79.161
34.98 79.15
35.62 79.139
36.27 79.125
36.93 79.111
37.6 79.096
38.28 79.079
38.98 79.062
39.69 79.043
40.41 79.023
41.15 79.002
41.9 78.981
42.66 78.959
43.44 78.936
44.23 78.911
45.03 78.887
45.85 78.861
46.68 78.833
47.53 78.805
48.4 78.776
49.28 78.746
50.18 78.716
51.09 78.685
52.02 78.654
52.97 78.625
53.93 78.595
54.91 78.565
55.91 78.536
56.93 78.506
57.97 78.474
59.02 78.441
60.09 78.405
61.19 78.367
62.3 78.328
63.44 78.287
64.59 78.244
65.77 78.201
66.96 78.159
68.18 78.115
69.42 78.071
70.69 78.026
71.97 77.981
73.28 77.936
74.62 77.89
75.97 77.845
77.36 77.8
78.76 77.753
80.2 77.707
81.66 77.658
83.14 77.607
84.66 77.552
86.2 77.494
87.77 77.434
89.36 77.371
90.99 77.307
92.65 77.242
94.33 77.176
96.05 77.111
97.8 77.046
99.58 76.982
101.39 76.918
103.23 76.856
105.11 76.795
107.03 76.738
108.97 76.681
110.96 76.625
112.98 76.571
115.03 76.52
117.13 76.475
119.26 76.435
121.43 76.398
123.64 76.363
125.89 76.325
128.18 76.284
130.51 76.235
132.89 76.182
135.31 76.123
137.77 76.06
140.28 75.994
142.83 75.926
145.43 75.858
148.07 75.787
150.77 75.718
153.51 75.648
156.31 75.58
159.15 75.513
162.05 75.448
165 75.384
168 75.321
171.06 75.258
174.17 75.196
177.34 75.135
180.57 75.075
183.86 75.018
187.2 74.962
190.61 74.907
194.08 74.853
197.61 74.802
201.21 74.752
204.87 74.704
208.6 74.655
212.39 74.608
216.26 74.558
220.19 74.508
224.2 74.458
228.28 74.407
232.44 74.357
236.67 74.307
240.97 74.259
245.36 74.212
249.82 74.168
254.37 74.128
259 74.089
263.71 74.054
268.51 74.021
273.4 73.989
278.38 73.96
283.44 73.932
288.6 73.905
293.85 73.877
299.2 73.848
304.65 73.816
310.19 73.782
315.84 73.747
321.59 73.711
327.44 73.676
333.4 73.641
339.47 73.608
345.64 73.575
351.93 73.543
358.34 73.513
364.86 73.484
371.5 73.456
378.26 73.43
385.15 73.406
392.16 73.385
399.29 73.366
406.56 73.349
413.96 73.334
421.49 73.322
429.16 73.312
436.97 73.305
444.93 73.3
453.02 73.295
461.27 73.289
469.66 73.281
478.21 73.271
486.91 73.259
495.78 73.246
504.8 73.235
513.99 73.225
523.34 73.217
532.87 73.211
542.56 73.207
552.44 73.207
562.49 73.209
572.73 73.212
583.15 73.218
593.77 73.226
604.57 73.237
615.57 73.251
626.78 73.27
638.18 73.294
649.8 73.323
661.63 73.358
673.67 73.396
685.93 73.435
698.41 73.475
711.12 73.517
724.06 73.559
737.24 73.603
750.66 73.651
764.32 73.702
778.23 73.76
792.39 73.825
806.82 73.895
821.5 73.972
836.45 74.054
851.67 74.138
867.17 74.224
882.96 74.31
899.02 74.398
915.39 74.487
932.05 74.581
949.01 74.678
966.28 74.782
983.87 74.892
1001.77 75.012
1020 75.14
1038.57 75.275
1057.47 75.416
1076.71 75.56
1096.31 75.704
1116.26 75.851
1136.58 75.994
1157.26 76.138
1178.32 76.278
1199.77 76.415
1221.6 76.549
1243.84 76.677
1266.47 76.803
1289.52 76.927
1312.99 77.053
1336.89 77.186
1361.22 77.327
1385.99 77.476
1411.22 77.63
1436.9 77.787
1463.05 77.943
1489.68 78.098
1516.79 78.246
1544.4 78.389
1572.5 78.524
1601.12 78.652
1630.26 78.772
1659.93 78.886
1690.14 78.993
1720.9 79.094
1752.22 79.191
1784.11 79.289
1816.58 79.387
1849.64 79.489
1883.3 79.598
1917.58 79.712
1952.48 79.832
1988.01 79.953
2024.19 80.073
2061.03 80.183
2098.54 80.282
2136.73 80.365
2175.62 80.428
2215.22 80.474
2255.53 80.5
2296.58 80.508
2338.38 80.497
2380.94 80.468
2424.27 80.421
2468.39 80.353
2513.31 80.265
2559.05 80.159
2605.63 80.037
2653.05 79.9
2701.33 79.75
2750.5 79.59
2800.55 79.422
2851.52 79.247
2903.42 79.066
2956.26 78.881
3010.06 78.693
3064.85 78.507
3120.62 78.324
3177.42 78.15
3235.25 77.986
3294.13 77.833
3354.08 77.693
3415.12 77.568
3477.27 77.461
3540.56 77.374
3605 77.304
3670.6 77.255
3737.41 77.227
3805.43 77.221
3874.68 77.238
3945.2 77.282
4017 77.355
4090.11 77.459
4164.55 77.593
4240.34 77.752
4317.51 77.934
4396.09 78.13
4476.1 78.33
4557.56 78.523
4640.5 78.693
4724.96 78.828
4810.95 78.914
4898.51 78.938
4987.66 78.892
5078.43 78.767
5170.86 78.565
5264.97 78.29
5360.79 77.948
5458.35 77.548
5557.69 77.098
5658.84 76.616
5761.82 76.116
5866.69 75.619
5973.46 75.142
6082.17 74.702
6192.87 74.318
6305.57 74.006
6420.33 73.782
6537.18 73.664
6656.15 73.674
6777.29 73.827
6900.63 74.142
7026.22 74.631
7154.1 75.287
7284.3 76.088
7416.87 76.982
7551.85 77.887
7689.29 78.692
7829.23 79.276
7971.72 79.527
8116.8 79.373
8264.53 78.795
8414.94 77.833
8568.09 76.558
8724.02 75.079
8882.79 73.518
9044.46 71.989
9209.06 70.594
9376.66 69.405
9547.31 68.48
9721.07 67.857
9897.99 67.566
10078.13 67.623
10261.55 68.036
10448.3 68.787
10638.45 69.828
10832.07 71.062
11029.21 72.343
11229.94 73.475
11434.32 74.246
11642.41 74.478
11854.3 74.084
12070.04 73.094
12289.71 71.66
12513.38 70.001
12741.12 68.356
12973 66.93
13209.1 65.864
13449.5 65.228
13694.28 65.029
13943.51 65.207
14197.27 65.639
14455.66 66.152
14718.74 66.558
14986.62 66.687
15259.37 66.448
15537.08 65.838
15819.85 64.933
16107.76 63.834
16400.92 62.617
16699.41 61.286
17003.33 59.778
17312.78 58.001
17627.86 55.872
17948.68 53.375
18275.34 50.566
18607.94 47.552
18946.6 44.459
19291.42 41.379
19642.52 38.346
20000 35.34