20 79.598
20.36 79.692
20.73 79.785
21.11 79.878
21.5 79.97
21.89 80.063
22.29 80.155
22.69 80.248
23.1 80.34
23.52 80.432
23.95 80.523
24.39 80.614
24.83 80.704
25.28 80.795
25.74 80.883
26.21 80.972
26.69 81.06
27.18 81.148
27.67 81.234
28.17 81.32
28.69 81.405
29.21 81.489
29.74 81.572
30.28 81.654
30.83 81.735
31.39 81.816
31.97 81.894
32.55 81.972
33.14 82.048
33.74 82.124
34.36 82.198
34.98 82.27
35.62 82.342
36.27 82.411
36.93 82.479
37.6 82.546
38.28 82.612
38.98 82.675
39.69 82.738
40.41 82.798
41.15 82.857
41.9 82.915
42.66 82.97
43.44 83.024
44.23 83.076
45.03 83.126
45.85 83.174
46.68 83.221
47.53 83.265
48.4 83.308
49.28 83.35
50.18 83.389
51.09 83.427
52.02 83.464
52.97 83.499
53.93 83.534
54.91 83.566
55.91 83.598
56.93 83.629
57.97 83.659
59.02 83.688
60.09 83.717
61.19 83.744
62.3 83.77
63.44 83.796
64.59 83.821
65.77 83.844
66.96 83.867
68.18 83.887
69.42 83.906
70.69 83.924
71.97 83.94
73.28 83.954
74.62 83.966
75.97 83.977
77.36 83.986
78.76 83.993
80.2 83.998
81.66 84.001
83.14 84.003
84.66 84.002
86.2 84.001
87.77 83.997
89.36 83.992
90.99 83.987
92.65 83.979
94.33 83.972
96.05 83.964
97.8 83.956
99.58 83.948
101.39 83.94
103.23 83.93
105.11 83.918
107.03 83.902
108.97 83.883
110.96 83.86
112.98 83.832
115.03 83.799
117.13 83.763
119.26 83.725
121.43 83.687
123.64 83.651
125.89 83.615
128.18 83.581
130.51 83.547
132.89 83.512
135.31 83.475
137.77 83.437
140.28 83.396
142.83 83.353
145.43 83.305
148.07 83.255
150.77 83.202
153.51 83.145
156.31 83.086
159.15 83.025
162.05 82.962
165 82.9
168 82.837
171.06 82.777
174.17 82.719
177.34 82.667
180.57 82.619
183.86 82.576
187.2 82.536
190.61 82.498
194.08 82.46
197.61 82.422
201.21 82.383
204.87 82.34
208.6 82.294
212.39 82.244
216.26 82.187
220.19 82.125
224.2 82.058
228.28 81.987
232.44 81.912
236.67 81.833
240.97 81.752
245.36 81.671
249.82 81.588
254.37 81.506
259 81.424
263.71 81.345
268.51 81.266
273.4 81.186
278.38 81.107
283.44 81.027
288.6 80.945
293.85 80.861
299.2 80.773
304.65 80.681
310.19 80.586
315.84 80.488
321.59 80.387
327.44 80.284
333.4 80.179
339.47 80.073
345.64 79.966
351.93 79.858
358.34 79.748
364.86 79.639
371.5 79.53
378.26 79.421
385.15 79.311
392.16 79.203
399.29 79.092
406.56 78.983
413.96 78.874
421.49 78.765
429.16 78.658
436.97 78.551
444.93 78.445
453.02 78.34
461.27 78.232
469.66 78.121
478.21 78.005
486.91 77.886
495.78 77.764
504.8 77.64
513.99 77.514
523.34 77.389
532.87 77.264
542.56 77.142
552.44 77.02
562.49 76.901
572.73 76.784
583.15 76.668
593.77 76.554
604.57 76.442
615.57 76.333
626.78 76.228
638.18 76.128
649.8 76.031
661.63 75.937
673.67 75.846
685.93 75.757
698.41 75.668
711.12 75.581
724.06 75.495
737.24 75.414
750.66 75.338
764.32 75.267
778.23 75.204
792.39 75.148
806.82 75.1
821.5 75.059
836.45 75.024
851.67 74.995
867.17 74.969
882.96 74.947
899.02 74.93
915.39 74.918
932.05 74.915
949.01 74.921
966.28 74.937
983.87 74.965
1001.77 75.004
1020 75.055
1038.57 75.118
1057.47 75.186
1076.71 75.256
1096.31 75.322
1116.26 75.379
1136.58 75.429
1157.26 75.473
1178.32 75.516
1199.77 75.564
1221.6 75.623
1243.84 75.698
1266.47 75.791
1289.52 75.905
1312.99 76.041
1336.89 76.202
1361.22 76.39
1385.99 76.602
1411.22 76.831
1436.9 77.068
1463.05 77.302
1489.68 77.525
1516.79 77.734
1544.4 77.928
1572.5 78.11
1601.12 78.281
1630.26 78.441
1659.93 78.587
1690.14 78.719
1720.9 78.837
1752.22 78.944
1784.11 79.045
1816.58 79.15
1849.64 79.27
1883.3 79.416
1917.58 79.595
1952.48 79.807
1988.01 80.051
2024.19 80.31
2061.03 80.574
2098.54 80.832
2136.73 81.075
2175.62 81.299
2215.22 81.495
2255.53 81.663
2296.58 81.801
2338.38 81.916
2380.94 82.018
2424.27 82.119
2468.39 82.226
2513.31 82.346
2559.05 82.476
2605.63 82.612
2653.05 82.746
2701.33 82.874
2750.5 82.989
2800.55 83.085
2851.52 83.156
2903.42 83.197
2956.26 83.202
3010.06 83.173
3064.85 83.107
3120.62 83.007
3177.42 82.876
3235.25 82.718
3294.13 82.537
3354.08 82.339
3415.12 82.133
3477.27 81.926
3540.56 81.727
3605 81.541
3670.6 81.373
3737.41 81.224
3805.43 81.097
3874.68 80.993
3945.2 80.915
4017 80.866
4090.11 80.853
4164.55 80.882
4240.34 80.96
4317.51 81.1
4396.09 81.313
4476.1 81.607
4557.56 81.979
4640.5 82.419
4724.96 82.903
4810.95 83.392
4898.51 83.835
4987.66 84.174
5078.43 84.357
5170.86 84.35
5264.97 84.147
5360.79 83.772
5458.35 83.267
5557.69 82.69
5658.84 82.1
5761.82 81.551
5866.69 81.08
5973.46 80.711
6082.17 80.455
6192.87 80.31
6305.57 80.273
6420.33 80.332
6537.18 80.48
6656.15 80.709
6777.29 81.015
6900.63 81.402
7026.22 81.873
7154.1 82.431
7284.3 83.063
7416.87 83.731
7551.85 84.372
7689.29 84.893
7829.23 85.188
7971.72 85.173
8116.8 84.818
8264.53 84.163
8414.94 83.312
8568.09 82.394
8724.02 81.541
8882.79 80.858
9044.46 80.414
9209.06 80.238
9376.66 80.316
9547.31 80.606
9721.07 81.039
9897.99 81.529
10078.13 81.978
10261.55 82.308
10448.3 82.481
10638.45 82.517
10832.07 82.47
11029.21 82.394
11229.94 82.299
11434.32 82.152
11642.41 81.904
11854.3 81.5
12070.04 80.908
12289.71 80.11
12513.38 79.108
12741.12 77.9
12973 76.498
13209.1 74.929
13449.5 73.252
13694.28 71.556
13943.51 69.948
14197.27 68.542
14455.66 67.439
14718.74 66.711
14986.62 66.384
15259.37 66.416
15537.08 66.678
15819.85 66.943
16107.76 66.914
16400.92 66.309
16699.41 64.961
17003.33 62.897
17312.78 60.309
17627.86 57.46
17948.68 54.581
18275.34 51.804
18607.94 49.176
18946.6 46.687
19291.42 44.308
19642.52 41.995
20000 39.701