20 82.193
20.36 82.184
20.73 82.176
21.11 82.168
21.5 82.159
21.89 82.151
22.29 82.143
22.69 82.133
23.1 82.124
23.52 82.114
23.95 82.104
24.39 82.094
24.83 82.083
25.28 82.071
25.74 82.059
26.21 82.046
26.69 82.033
27.18 82.019
27.67 82.004
28.17 81.989
28.69 81.973
29.21 81.956
29.74 81.938
30.28 81.918
30.83 81.898
31.39 81.878
31.97 81.854
32.55 81.831
33.14 81.808
33.74 81.781
34.36 81.755
34.98 81.726
35.62 81.698
36.27 81.668
36.93 81.638
37.6 81.606
38.28 81.576
38.98 81.543
39.69 81.511
40.41 81.48
41.15 81.446
41.9 81.413
42.66 81.381
43.44 81.348
44.23 81.316
45.03 81.285
45.85 81.253
46.68 81.221
47.53 81.191
48.4 81.16
49.28 81.13
50.18 81.098
51.09 81.068
52.02 81.036
52.97 81.003
53.93 80.971
54.91 80.936
55.91 80.901
56.93 80.863
57.97 80.825
59.02 80.785
60.09 80.743
61.19 80.698
62.3 80.653
63.44 80.606
64.59 80.558
65.77 80.51
66.96 80.461
68.18 80.413
69.42 80.365
70.69 80.315
71.97 80.268
73.28 80.222
74.62 80.175
75.97 80.128
77.36 80.082
78.76 80.035
80.2 79.987
81.66 79.937
83.14 79.887
84.66 79.833
86.2 79.778
87.77 79.72
89.36 79.662
90.99 79.6
92.65 79.537
94.33 79.472
96.05 79.407
97.8 79.34
99.58 79.273
101.39 79.205
103.23 79.137
105.11 79.067
107.03 78.995
108.97 78.922
110.96 78.847
112.98 78.77
115.03 78.694
117.13 78.615
119.26 78.539
121.43 78.464
123.64 78.392
125.89 78.322
128.18 78.255
130.51 78.192
132.89 78.129
135.31 78.065
137.77 78.004
140.28 77.939
142.83 77.875
145.43 77.809
148.07 77.74
150.77 77.672
153.51 77.602
156.31 77.53
159.15 77.459
162.05 77.386
165 77.314
168 77.244
171.06 77.172
174.17 77.102
177.34 77.031
180.57 76.959
183.86 76.887
187.2 76.814
190.61 76.741
194.08 76.664
197.61 76.587
201.21 76.511
204.87 76.432
208.6 76.352
212.39 76.272
216.26 76.192
220.19 76.112
224.2 76.033
228.28 75.954
232.44 75.876
236.67 75.801
240.97 75.726
245.36 75.653
249.82 75.581
254.37 75.513
259 75.446
263.71 75.383
268.51 75.319
273.4 75.259
278.38 75.199
283.44 75.139
288.6 75.081
293.85 75.023
299.2 74.964
304.65 74.903
310.19 74.841
315.84 74.779
321.59 74.716
327.44 74.651
333.4 74.588
339.47 74.525
345.64 74.463
351.93 74.403
358.34 74.345
364.86 74.288
371.5 74.235
378.26 74.183
385.15 74.135
392.16 74.088
399.29 74.043
406.56 74.001
413.96 73.961
421.49 73.925
429.16 73.891
436.97 73.86
444.93 73.83
453.02 73.801
461.27 73.771
469.66 73.741
478.21 73.708
486.91 73.676
495.78 73.643
504.8 73.611
513.99 73.58
523.34 73.551
532.87 73.525
542.56 73.501
552.44 73.481
562.49 73.463
572.73 73.448
583.15 73.436
593.77 73.428
604.57 73.425
615.57 73.425
626.78 73.43
638.18 73.44
649.8 73.456
661.63 73.48
673.67 73.505
685.93 73.535
698.41 73.566
711.12 73.598
724.06 73.635
737.24 73.673
750.66 73.715
764.32 73.763
778.23 73.818
792.39 73.878
806.82 73.946
821.5 74.021
836.45 74.1
851.67 74.18
867.17 74.26
882.96 74.34
899.02 74.418
915.39 74.498
932.05 74.581
949.01 74.671
966.28 74.769
983.87 74.883
1001.77 75.013
1020 75.166
1038.57 75.346
1057.47 75.554
1076.71 75.786
1096.31 76.038
1116.26 76.297
1136.58 76.559
1157.26 76.817
1178.32 77.066
1199.77 77.306
1221.6 77.535
1243.84 77.755
1266.47 77.969
1289.52 78.175
1312.99 78.377
1336.89 78.58
1361.22 78.787
1385.99 79.005
1411.22 79.235
1436.9 79.478
1463.05 79.735
1489.68 80.002
1516.79 80.283
1544.4 80.575
1572.5 80.881
1601.12 81.198
1630.26 81.52
1659.93 81.846
1690.14 82.179
1720.9 82.521
1752.22 82.869
1784.11 83.229
1816.58 83.599
1849.64 83.977
1883.3 84.359
1917.58 84.74
1952.48 85.114
1988.01 85.47
2024.19 85.802
2061.03 86.097
2098.54 86.348
2136.73 86.543
2175.62 86.68
2215.22 86.752
2255.53 86.76
2296.58 86.705
2338.38 86.592
2380.94 86.425
2424.27 86.208
2468.39 85.952
2513.31 85.66
2559.05 85.34
2605.63 84.999
2653.05 84.642
2701.33 84.279
2750.5 83.911
2800.55 83.542
2851.52 83.179
2903.42 82.826
2956.26 82.489
3010.06 82.174
3064.85 81.886
3120.62 81.625
3177.42 81.385
3235.25 81.163
3294.13 80.956
3354.08 80.768
3415.12 80.605
3477.27 80.476
3540.56 80.393
3605 80.366
3670.6 80.398
3737.41 80.493
3805.43 80.65
3874.68 80.868
3945.2 81.148
4017 81.486
4090.11 81.878
4164.55 82.314
4240.34 82.779
4317.51 83.252
4396.09 83.704
4476.1 84.106
4557.56 84.429
4640.5 84.647
4724.96 84.745
4810.95 84.72
4898.51 84.579
4987.66 84.339
5078.43 84.027
5170.86 83.677
5264.97 83.317
5360.79 82.981
5458.35 82.688
5557.69 82.451
5658.84 82.273
5761.82 82.141
5866.69 82.034
5973.46 81.918
6082.17 81.755
6192.87 81.515
6305.57 81.176
6420.33 80.748
6537.18 80.262
6656.15 79.777
6777.29 79.373
6900.63 79.132
7026.22 79.122
7154.1 79.382
7284.3 79.91
7416.87 80.661
7551.85 81.538
7689.29 82.418
7829.23 83.158
7971.72 83.642
8116.8 83.804
8264.53 83.637
8414.94 83.209
8568.09 82.619
8724.02 81.978
8882.79 81.358
9044.46 80.785
9209.06 80.218
9376.66 79.577
9547.31 78.767
9721.07 77.717
9897.99 76.399
10078.13 74.846
10261.55 73.145
10448.3 71.407
10638.45 69.749
10832.07 68.276
11029.21 67.058
11229.94 66.125
11434.32 65.463
11642.41 65.002
11854.3 64.627
12070.04 64.185
12289.71 63.512
12513.38 62.486
12741.12 61.074
12973 59.393
13209.1 57.703
13449.5 56.359
13694.28 55.684
13943.51 55.834
14197.27 56.705
14455.66 58.028
14718.74 59.498
14986.62 60.853
15259.37 61.911
15537.08 62.574
15819.85 62.796
16107.76 62.544
16400.92 61.758
16699.41 60.335
17003.33 58.18
17312.78 55.264
17627.86 51.665
17948.68 47.559
18275.34 43.189
18607.94 38.778
18946.6 34.486
19291.42 30.363
19642.52 26.373
20000 22.432