20 78.571
20.36 78.591
20.73 78.612
21.11 78.632
21.5 78.651
21.89 78.67
22.29 78.689
22.69 78.707
23.1 78.725
23.52 78.742
23.95 78.757
24.39 78.772
24.83 78.786
25.28 78.798
25.74 78.809
26.21 78.819
26.69 78.827
27.18 78.834
27.67 78.839
28.17 78.842
28.69 78.843
29.21 78.842
29.74 78.839
30.28 78.834
30.83 78.826
31.39 78.817
31.97 78.804
32.55 78.788
33.14 78.771
33.74 78.75
34.36 78.727
34.98 78.701
35.62 78.672
36.27 78.641
36.93 78.608
37.6 78.573
38.28 78.536
38.98 78.496
39.69 78.455
40.41 78.412
41.15 78.367
41.9 78.321
42.66 78.272
43.44 78.223
44.23 78.172
45.03 78.12
45.85 78.067
46.68 78.013
47.53 77.957
48.4 77.902
49.28 77.844
50.18 77.787
51.09 77.727
52.02 77.668
52.97 77.607
53.93 77.545
54.91 77.482
55.91 77.419
56.93 77.355
57.97 77.289
59.02 77.223
60.09 77.156
61.19 77.089
62.3 77.02
63.44 76.95
64.59 76.878
65.77 76.805
66.96 76.729
68.18 76.652
69.42 76.573
70.69 76.492
71.97 76.407
73.28 76.321
74.62 76.232
75.97 76.141
77.36 76.049
78.76 75.956
80.2 75.862
81.66 75.768
83.14 75.674
84.66 75.581
86.2 75.489
87.77 75.398
89.36 75.309
90.99 75.222
92.65 75.138
94.33 75.055
96.05 74.976
97.8 74.9
99.58 74.827
101.39 74.759
103.23 74.697
105.11 74.643
107.03 74.598
108.97 74.563
110.96 74.54
112.98 74.529
115.03 74.524
117.13 74.517
119.26 74.499
121.43 74.465
123.64 74.406
125.89 74.316
128.18 74.203
130.51 74.076
132.89 73.944
135.31 73.816
137.77 73.703
140.28 73.609
142.83 73.534
145.43 73.472
148.07 73.418
150.77 73.368
153.51 73.318
156.31 73.266
159.15 73.212
162.05 73.154
165 73.094
168 73.03
171.06 72.964
174.17 72.897
177.34 72.83
180.57 72.766
183.86 72.703
187.2 72.64
190.61 72.577
194.08 72.515
197.61 72.453
201.21 72.392
204.87 72.332
208.6 72.272
212.39 72.212
216.26 72.151
220.19 72.09
224.2 72.028
228.28 71.967
232.44 71.908
236.67 71.851
240.97 71.796
245.36 71.743
249.82 71.693
254.37 71.646
259 71.604
263.71 71.565
268.51 71.532
273.4 71.504
278.38 71.482
283.44 71.464
288.6 71.452
293.85 71.446
299.2 71.445
304.65 71.451
310.19 71.463
315.84 71.482
321.59 71.503
327.44 71.525
333.4 71.543
339.47 71.554
345.64 71.556
351.93 71.548
358.34 71.532
364.86 71.511
371.5 71.486
378.26 71.46
385.15 71.434
392.16 71.411
399.29 71.39
406.56 71.373
413.96 71.36
421.49 71.352
429.16 71.347
436.97 71.345
444.93 71.347
453.02 71.349
461.27 71.352
469.66 71.354
478.21 71.356
486.91 71.357
495.78 71.358
504.8 71.36
513.99 71.364
523.34 71.37
532.87 71.377
542.56 71.388
552.44 71.402
562.49 71.418
572.73 71.437
583.15 71.459
593.77 71.484
604.57 71.514
615.57 71.548
626.78 71.587
638.18 71.633
649.8 71.685
661.63 71.744
673.67 71.808
685.93 71.876
698.41 71.948
711.12 72.023
724.06 72.101
737.24 72.185
750.66 72.274
764.32 72.371
778.23 72.477
792.39 72.594
806.82 72.723
821.5 72.865
836.45 73.016
851.67 73.176
867.17 73.343
882.96 73.517
899.02 73.7
915.39 73.891
932.05 74.094
949.01 74.309
966.28 74.535
983.87 74.775
1001.77 75.024
1020 75.282
1038.57 75.543
1057.47 75.807
1076.71 76.069
1096.31 76.331
1116.26 76.592
1136.58 76.852
1157.26 77.112
1178.32 77.371
1199.77 77.628
1221.6 77.879
1243.84 78.121
1266.47 78.353
1289.52 78.573
1312.99 78.779
1336.89 78.973
1361.22 79.157
1385.99 79.333
1411.22 79.503
1436.9 79.666
1463.05 79.82
1489.68 79.964
1516.79 80.101
1544.4 80.228
1572.5 80.347
1601.12 80.459
1630.26 80.561
1659.93 80.653
1690.14 80.738
1720.9 80.815
1752.22 80.889
1784.11 80.963
1816.58 81.041
1849.64 81.125
1883.3 81.216
1917.58 81.315
1952.48 81.423
1988.01 81.538
2024.19 81.661
2061.03 81.791
2098.54 81.927
2136.73 82.07
2175.62 82.221
2215.22 82.385
2255.53 82.564
2296.58 82.76
2338.38 82.975
2380.94 83.209
2424.27 83.459
2468.39 83.717
2513.31 83.976
2559.05 84.23
2605.63 84.469
2653.05 84.686
2701.33 84.876
2750.5 85.031
2800.55 85.149
2851.52 85.224
2903.42 85.255
2956.26 85.237
3010.06 85.173
3064.85 85.066
3120.62 84.921
3177.42 84.745
3235.25 84.544
3294.13 84.324
3354.08 84.09
3415.12 83.851
3477.27 83.611
3540.56 83.381
3605 83.165
3670.6 82.97
3737.41 82.797
3805.43 82.645
3874.68 82.511
3945.2 82.389
4017 82.262
4090.11 82.112
4164.55 81.916
4240.34 81.646
4317.51 81.286
4396.09 80.827
4476.1 80.277
4557.56 79.662
4640.5 79.032
4724.96 78.448
4810.95 77.98
4898.51 77.685
4987.66 77.602
5078.43 77.74
5170.86 78.074
5264.97 78.555
5360.79 79.111
5458.35 79.665
5557.69 80.146
5658.84 80.499
5761.82 80.691
5866.69 80.712
5973.46 80.574
6082.17 80.304
6192.87 79.943
6305.57 79.536
6420.33 79.128
6537.18 78.761
6656.15 78.475
6777.29 78.301
6900.63 78.265
7026.22 78.384
7154.1 78.661
7284.3 79.076
7416.87 79.588
7551.85 80.116
7689.29 80.551
7829.23 80.764
7971.72 80.626
8116.8 80.039
8264.53 78.966
8414.94 77.444
8568.09 75.582
8724.02 73.543
8882.79 71.517
9044.46 69.693
9209.06 68.238
9376.66 67.278
9547.31 66.876
9721.07 67.02
9897.99 67.625
10078.13 68.556
10261.55 69.658
10448.3 70.786
10638.45 71.818
10832.07 72.669
11029.21 73.292
11229.94 73.676
11434.32 73.842
11642.41 73.836
11854.3 73.717
12070.04 73.542
12289.71 73.364
12513.38 73.217
12741.12 73.12
12973 73.077
13209.1 73.087
13449.5 73.16
13694.28 73.325
13943.51 73.638
14197.27 74.161
14455.66 74.932
14718.74 75.916
14986.62 76.98
15259.37 77.909
15537.08 78.459
15819.85 78.414
16107.76 77.645
16400.92 76.13
16699.41 73.968
17003.33 71.346
17312.78 68.499
17627.86 65.664
17948.68 63.04
18275.34 60.771
18607.94 58.935
18946.6 57.539
19291.42 56.502
19642.52 55.68
20000 54.927