20 84.746
20.36 84.769
20.73 84.791
21.11 84.813
21.5 84.835
21.89 84.856
22.29 84.877
22.69 84.897
23.1 84.916
23.52 84.935
23.95 84.953
24.39 84.969
24.83 84.985
25.28 84.999
25.74 85.012
26.21 85.022
26.69 85.032
27.18 85.04
27.67 85.046
28.17 85.05
28.69 85.051
29.21 85.051
29.74 85.049
30.28 85.044
30.83 85.037
31.39 85.026
31.97 85.014
32.55 84.999
33.14 84.98
33.74 84.958
34.36 84.934
34.98 84.907
35.62 84.877
36.27 84.845
36.93 84.811
37.6 84.774
38.28 84.735
38.98 84.694
39.69 84.65
40.41 84.606
41.15 84.559
41.9 84.512
42.66 84.462
43.44 84.411
44.23 84.36
45.03 84.306
45.85 84.253
46.68 84.198
47.53 84.142
48.4 84.086
49.28 84.028
50.18 83.97
51.09 83.91
52.02 83.85
52.97 83.788
53.93 83.725
54.91 83.662
55.91 83.598
56.93 83.532
57.97 83.464
59.02 83.397
60.09 83.327
61.19 83.256
62.3 83.184
63.44 83.112
64.59 83.038
65.77 82.963
66.96 82.887
68.18 82.81
69.42 82.732
70.69 82.653
71.97 82.574
73.28 82.493
74.62 82.412
75.97 82.329
77.36 82.244
78.76 82.158
80.2 82.068
81.66 81.977
83.14 81.883
84.66 81.786
86.2 81.685
87.77 81.583
89.36 81.479
90.99 81.376
92.65 81.274
94.33 81.176
96.05 81.082
97.8 80.993
99.58 80.91
101.39 80.834
103.23 80.766
105.11 80.703
107.03 80.647
108.97 80.598
110.96 80.554
112.98 80.516
115.03 80.48
117.13 80.441
119.26 80.394
121.43 80.336
123.64 80.26
125.89 80.166
128.18 80.057
130.51 79.937
132.89 79.814
135.31 79.693
137.77 79.58
140.28 79.478
142.83 79.387
145.43 79.306
148.07 79.232
150.77 79.163
153.51 79.097
156.31 79.029
159.15 78.958
162.05 78.879
165 78.787
168 78.683
171.06 78.572
174.17 78.458
177.34 78.346
180.57 78.236
183.86 78.129
187.2 78.027
190.61 77.927
194.08 77.831
197.61 77.739
201.21 77.65
204.87 77.566
208.6 77.484
212.39 77.405
216.26 77.328
220.19 77.253
224.2 77.179
228.28 77.106
232.44 77.034
236.67 76.962
240.97 76.891
245.36 76.821
249.82 76.751
254.37 76.684
259 76.617
263.71 76.551
268.51 76.487
273.4 76.424
278.38 76.361
283.44 76.299
288.6 76.237
293.85 76.174
299.2 76.11
304.65 76.044
310.19 75.977
315.84 75.908
321.59 75.838
327.44 75.766
333.4 75.695
339.47 75.622
345.64 75.551
351.93 75.481
358.34 75.412
364.86 75.344
371.5 75.278
378.26 75.213
385.15 75.15
392.16 75.088
399.29 75.028
406.56 74.967
413.96 74.91
421.49 74.853
429.16 74.797
436.97 74.741
444.93 74.686
453.02 74.631
461.27 74.572
469.66 74.512
478.21 74.448
486.91 74.383
495.78 74.317
504.8 74.249
513.99 74.182
523.34 74.116
532.87 74.054
542.56 73.993
552.44 73.935
562.49 73.881
572.73 73.831
583.15 73.784
593.77 73.741
604.57 73.702
615.57 73.666
626.78 73.634
638.18 73.606
649.8 73.58
661.63 73.556
673.67 73.534
685.93 73.513
698.41 73.493
711.12 73.476
724.06 73.462
737.24 73.453
750.66 73.452
764.32 73.458
778.23 73.475
792.39 73.504
806.82 73.544
821.5 73.597
836.45 73.661
851.67 73.736
867.17 73.82
882.96 73.915
899.02 74.021
915.39 74.142
932.05 74.278
949.01 74.435
966.28 74.61
983.87 74.806
1001.77 75.021
1020 75.25
1038.57 75.486
1057.47 75.721
1076.71 75.944
1096.31 76.146
1116.26 76.325
1136.58 76.483
1157.26 76.63
1178.32 76.779
1199.77 76.94
1221.6 77.118
1243.84 77.311
1266.47 77.514
1289.52 77.724
1312.99 77.932
1336.89 78.137
1361.22 78.339
1385.99 78.539
1411.22 78.739
1436.9 78.935
1463.05 79.128
1489.68 79.315
1516.79 79.495
1544.4 79.67
1572.5 79.839
1601.12 80
1630.26 80.149
1659.93 80.286
1690.14 80.413
1720.9 80.53
1752.22 80.64
1784.11 80.746
1816.58 80.851
1849.64 80.958
1883.3 81.065
1917.58 81.175
1952.48 81.286
1988.01 81.397
2024.19 81.509
2061.03 81.618
2098.54 81.723
2136.73 81.824
2175.62 81.923
2215.22 82.019
2255.53 82.114
2296.58 82.209
2338.38 82.303
2380.94 82.396
2424.27 82.487
2468.39 82.572
2513.31 82.652
2559.05 82.727
2605.63 82.798
2653.05 82.866
2701.33 82.927
2750.5 82.978
2800.55 83.015
2851.52 83.033
2903.42 83.028
2956.26 82.998
3010.06 82.944
3064.85 82.866
3120.62 82.77
3177.42 82.657
3235.25 82.531
3294.13 82.395
3354.08 82.248
3415.12 82.094
3477.27 81.937
3540.56 81.778
3605 81.616
3670.6 81.448
3737.41 81.273
3805.43 81.082
3874.68 80.874
3945.2 80.646
4017 80.393
4090.11 80.114
4164.55 79.807
4240.34 79.467
4317.51 79.095
4396.09 78.692
4476.1 78.264
4557.56 77.818
4640.5 77.364
4724.96 76.921
4810.95 76.514
4898.51 76.169
4987.66 75.913
5078.43 75.767
5170.86 75.739
5264.97 75.819
5360.79 75.974
5458.35 76.162
5557.69 76.332
5658.84 76.444
5761.82 76.472
5866.69 76.408
5973.46 76.258
6082.17 76.043
6192.87 75.79
6305.57 75.533
6420.33 75.305
6537.18 75.139
6656.15 75.064
6777.29 75.105
6900.63 75.279
7026.22 75.591
7154.1 76.033
7284.3 76.571
7416.87 77.142
7551.85 77.652
7689.29 77.979
7829.23 77.99
7971.72 77.57
8116.8 76.643
8264.53 75.205
8414.94 73.327
8568.09 71.16
8724.02 68.909
8882.79 66.81
9044.46 65.093
9209.06 63.952
9376.66 63.486
9547.31 63.666
9721.07 64.339
9897.99 65.297
10078.13 66.332
10261.55 67.285
10448.3 68.05
10638.45 68.585
10832.07 68.887
11029.21 68.989
11229.94 68.943
11434.32 68.809
11642.41 68.642
11854.3 68.492
12070.04 68.39
12289.71 68.359
12513.38 68.407
12741.12 68.535
12973 68.738
13209.1 69.017
13449.5 69.379
13694.28 69.837
13943.51 70.411
14197.27 71.118
14455.66 71.952
14718.74 72.872
14986.62 73.789
15259.37 74.557
15537.08 74.984
15819.85 74.879
16107.76 74.093
16400.92 72.585
16699.41 70.433
17003.33 67.822
17312.78 64.985
17627.86 62.156
17948.68 59.528
18275.34 57.228
18607.94 55.33
18946.6 53.849
19291.42 52.737
19642.52 51.871
20000 51.095