20 80.197
20.36 80.272
20.73 80.347
21.11 80.421
21.5 80.496
21.89 80.57
22.29 80.644
22.69 80.717
23.1 80.79
23.52 80.863
23.95 80.935
24.39 81.006
24.83 81.077
25.28 81.145
25.74 81.214
26.21 81.281
26.69 81.347
27.18 81.413
27.67 81.477
28.17 81.539
28.69 81.6
29.21 81.66
29.74 81.717
30.28 81.774
30.83 81.829
31.39 81.882
31.97 81.934
32.55 81.982
33.14 82.03
33.74 82.074
34.36 82.118
34.98 82.159
35.62 82.198
36.27 82.235
36.93 82.27
37.6 82.302
38.28 82.332
38.98 82.361
39.69 82.386
40.41 82.409
41.15 82.431
41.9 82.45
42.66 82.467
43.44 82.481
44.23 82.494
45.03 82.502
45.85 82.51
46.68 82.515
47.53 82.518
48.4 82.518
49.28 82.517
50.18 82.512
51.09 82.507
52.02 82.499
52.97 82.49
53.93 82.479
54.91 82.467
55.91 82.454
56.93 82.439
57.97 82.423
59.02 82.406
60.09 82.387
61.19 82.368
62.3 82.348
63.44 82.327
64.59 82.306
65.77 82.284
66.96 82.262
68.18 82.239
69.42 82.214
70.69 82.191
71.97 82.166
73.28 82.142
74.62 82.117
75.97 82.091
77.36 82.063
78.76 82.035
80.2 82.005
81.66 81.972
83.14 81.939
84.66 81.903
86.2 81.864
87.77 81.822
89.36 81.778
90.99 81.732
92.65 81.683
94.33 81.632
96.05 81.579
97.8 81.523
99.58 81.466
101.39 81.406
103.23 81.346
105.11 81.285
107.03 81.223
108.97 81.163
110.96 81.102
112.98 81.043
115.03 80.983
117.13 80.924
119.26 80.863
121.43 80.798
123.64 80.733
125.89 80.664
128.18 80.593
130.51 80.52
132.89 80.445
135.31 80.368
137.77 80.292
140.28 80.215
142.83 80.136
145.43 80.056
148.07 79.976
150.77 79.893
153.51 79.81
156.31 79.725
159.15 79.64
162.05 79.555
165 79.47
168 79.385
171.06 79.299
174.17 79.213
177.34 79.125
180.57 79.036
183.86 78.948
187.2 78.859
190.61 78.77
194.08 78.683
197.61 78.596
201.21 78.51
204.87 78.423
208.6 78.338
212.39 78.25
216.26 78.16
220.19 78.07
224.2 77.978
228.28 77.884
232.44 77.792
236.67 77.701
240.97 77.612
245.36 77.523
249.82 77.438
254.37 77.355
259 77.276
263.71 77.198
268.51 77.12
273.4 77.044
278.38 76.966
283.44 76.889
288.6 76.811
293.85 76.731
299.2 76.651
304.65 76.568
310.19 76.485
315.84 76.4
321.59 76.313
327.44 76.227
333.4 76.14
339.47 76.054
345.64 75.968
351.93 75.883
358.34 75.8
364.86 75.718
371.5 75.638
378.26 75.559
385.15 75.484
392.16 75.41
399.29 75.336
406.56 75.264
413.96 75.194
421.49 75.126
429.16 75.061
436.97 74.999
444.93 74.941
453.02 74.884
461.27 74.826
469.66 74.769
478.21 74.71
486.91 74.649
495.78 74.586
504.8 74.523
513.99 74.459
523.34 74.396
532.87 74.334
542.56 74.275
552.44 74.22
562.49 74.169
572.73 74.121
583.15 74.077
593.77 74.037
604.57 74.003
615.57 73.973
626.78 73.948
638.18 73.929
649.8 73.917
661.63 73.908
673.67 73.904
685.93 73.901
698.41 73.899
711.12 73.898
724.06 73.898
737.24 73.901
750.66 73.906
764.32 73.916
778.23 73.933
792.39 73.958
806.82 73.994
821.5 74.039
836.45 74.093
851.67 74.154
867.17 74.219
882.96 74.289
899.02 74.365
915.39 74.449
932.05 74.544
949.01 74.648
966.28 74.762
983.87 74.884
1001.77 75.013
1020 75.147
1038.57 75.285
1057.47 75.428
1076.71 75.575
1096.31 75.724
1116.26 75.877
1136.58 76.034
1157.26 76.198
1178.32 76.368
1199.77 76.546
1221.6 76.731
1243.84 76.925
1266.47 77.13
1289.52 77.35
1312.99 77.587
1336.89 77.841
1361.22 78.108
1385.99 78.383
1411.22 78.657
1436.9 78.923
1463.05 79.178
1489.68 79.418
1516.79 79.642
1544.4 79.85
1572.5 80.051
1601.12 80.247
1630.26 80.442
1659.93 80.635
1690.14 80.826
1720.9 81.016
1752.22 81.206
1784.11 81.399
1816.58 81.595
1849.64 81.795
1883.3 81.997
1917.58 82.202
1952.48 82.406
1988.01 82.607
2024.19 82.797
2061.03 82.975
2098.54 83.132
2136.73 83.269
2175.62 83.382
2215.22 83.469
2255.53 83.534
2296.58 83.575
2338.38 83.595
2380.94 83.597
2424.27 83.589
2468.39 83.579
2513.31 83.574
2559.05 83.578
2605.63 83.595
2653.05 83.616
2701.33 83.633
2750.5 83.636
2800.55 83.613
2851.52 83.562
2903.42 83.486
2956.26 83.389
3010.06 83.281
3064.85 83.169
3120.62 83.065
3177.42 82.975
3235.25 82.902
3294.13 82.849
3354.08 82.822
3415.12 82.818
3477.27 82.842
3540.56 82.892
3605 82.968
3670.6 83.069
3737.41 83.19
3805.43 83.326
3874.68 83.473
3945.2 83.621
4017 83.76
4090.11 83.877
4164.55 83.956
4240.34 83.983
4317.51 83.943
4396.09 83.825
4476.1 83.623
4557.56 83.332
4640.5 82.956
4724.96 82.501
4810.95 81.979
4898.51 81.403
4987.66 80.787
5078.43 80.148
5170.86 79.503
5264.97 78.867
5360.79 78.255
5458.35 77.674
5557.69 77.132
5658.84 76.634
5761.82 76.185
5866.69 75.79
5973.46 75.453
6082.17 75.179
6192.87 74.978
6305.57 74.862
6420.33 74.837
6537.18 74.918
6656.15 75.117
6777.29 75.445
6900.63 75.914
7026.22 76.524
7154.1 77.263
7284.3 78.095
7416.87 78.959
7551.85 79.773
7689.29 80.446
7829.23 80.894
7971.72 81.058
8116.8 80.92
8264.53 80.508
8414.94 79.886
8568.09 79.133
8724.02 78.332
8882.79 77.541
9044.46 76.787
9209.06 76.069
9376.66 75.363
9547.31 74.628
9721.07 73.824
9897.99 72.926
10078.13 71.941
10261.55 70.911
10448.3 69.909
10638.45 69.026
10832.07 68.35
11029.21 67.935
11229.94 67.791
11434.32 67.877
11642.41 68.112
11854.3 68.391
12070.04 68.609
12289.71 68.681
12513.38 68.56
12741.12 68.247
12973 67.79
13209.1 67.267
13449.5 66.766
13694.28 66.369
13943.51 66.138
14197.27 66.114
14455.66 66.306
14718.74 66.702
14986.62 67.259
15259.37 67.911
15537.08 68.57
15819.85 69.146
16107.76 69.55
16400.92 69.707
16699.41 69.55
17003.33 69.002
17312.78 67.971
17627.86 66.361
17948.68 64.106
18275.34 61.213
18607.94 57.771
18946.6 53.937
19291.42 49.885
19642.52 45.756
20000 41.624