20 89.931
20.36 89.927
20.73 89.923
21.11 89.919
21.5 89.914
21.89 89.909
22.29 89.905
22.69 89.9
23.1 89.895
23.52 89.889
23.95 89.883
24.39 89.876
24.83 89.87
25.28 89.862
25.74 89.855
26.21 89.846
26.69 89.837
27.18 89.827
27.67 89.817
28.17 89.805
28.69 89.793
29.21 89.78
29.74 89.766
30.28 89.751
30.83 89.736
31.39 89.719
31.97 89.702
32.55 89.683
33.14 89.663
33.74 89.641
34.36 89.618
34.98 89.595
35.62 89.571
36.27 89.544
36.93 89.517
37.6 89.489
38.28 89.459
38.98 89.429
39.69 89.396
40.41 89.363
41.15 89.329
41.9 89.293
42.66 89.256
43.44 89.218
44.23 89.178
45.03 89.138
45.85 89.095
46.68 89.053
47.53 89.009
48.4 88.963
49.28 88.916
50.18 88.868
51.09 88.819
52.02 88.77
52.97 88.72
53.93 88.668
54.91 88.616
55.91 88.563
56.93 88.51
57.97 88.456
59.02 88.401
60.09 88.346
61.19 88.29
62.3 88.233
63.44 88.176
64.59 88.117
65.77 88.056
66.96 87.995
68.18 87.932
69.42 87.866
70.69 87.798
71.97 87.729
73.28 87.658
74.62 87.583
75.97 87.506
77.36 87.427
78.76 87.346
80.2 87.262
81.66 87.176
83.14 87.087
84.66 86.996
86.2 86.903
87.77 86.807
89.36 86.711
90.99 86.615
92.65 86.519
94.33 86.423
96.05 86.331
97.8 86.239
99.58 86.151
101.39 86.065
103.23 85.98
105.11 85.895
107.03 85.809
108.97 85.722
110.96 85.631
112.98 85.537
115.03 85.44
117.13 85.34
119.26 85.239
121.43 85.136
123.64 85.033
125.89 84.93
128.18 84.826
130.51 84.723
132.89 84.62
135.31 84.517
137.77 84.414
140.28 84.311
142.83 84.207
145.43 84.102
148.07 83.995
150.77 83.887
153.51 83.776
156.31 83.661
159.15 83.544
162.05 83.423
165 83.298
168 83.17
171.06 83.04
174.17 82.912
177.34 82.786
180.57 82.664
183.86 82.545
187.2 82.428
190.61 82.315
194.08 82.201
197.61 82.09
201.21 81.976
204.87 81.86
208.6 81.743
212.39 81.622
216.26 81.5
220.19 81.374
224.2 81.248
228.28 81.121
232.44 80.995
236.67 80.869
240.97 80.745
245.36 80.622
249.82 80.501
254.37 80.382
259 80.265
263.71 80.149
268.51 80.035
273.4 79.921
278.38 79.808
283.44 79.696
288.6 79.584
293.85 79.472
299.2 79.359
304.65 79.244
310.19 79.127
315.84 79.009
321.59 78.888
327.44 78.764
333.4 78.64
339.47 78.515
345.64 78.391
351.93 78.268
358.34 78.146
364.86 78.027
371.5 77.908
378.26 77.792
385.15 77.678
392.16 77.565
399.29 77.454
406.56 77.344
413.96 77.238
421.49 77.132
429.16 77.029
436.97 76.929
444.93 76.828
453.02 76.728
461.27 76.625
469.66 76.52
478.21 76.414
486.91 76.304
495.78 76.194
504.8 76.084
513.99 75.975
523.34 75.867
532.87 75.762
542.56 75.66
552.44 75.562
562.49 75.468
572.73 75.378
583.15 75.289
593.77 75.204
604.57 75.123
615.57 75.045
626.78 74.972
638.18 74.904
649.8 74.839
661.63 74.779
673.67 74.722
685.93 74.668
698.41 74.616
711.12 74.567
724.06 74.521
737.24 74.48
750.66 74.445
764.32 74.417
778.23 74.398
792.39 74.389
806.82 74.389
821.5 74.4
836.45 74.419
851.67 74.446
867.17 74.479
882.96 74.517
899.02 74.563
915.39 74.616
932.05 74.677
949.01 74.746
966.28 74.825
983.87 74.913
1001.77 75.009
1020 75.114
1038.57 75.226
1057.47 75.343
1076.71 75.462
1096.31 75.583
1116.26 75.704
1136.58 75.824
1157.26 75.943
1178.32 76.061
1199.77 76.178
1221.6 76.293
1243.84 76.403
1266.47 76.509
1289.52 76.61
1312.99 76.707
1336.89 76.804
1361.22 76.907
1385.99 77.02
1411.22 77.147
1436.9 77.289
1463.05 77.446
1489.68 77.614
1516.79 77.786
1544.4 77.951
1572.5 78.097
1601.12 78.211
1630.26 78.286
1659.93 78.324
1690.14 78.342
1720.9 78.357
1752.22 78.394
1784.11 78.463
1816.58 78.569
1849.64 78.709
1883.3 78.873
1917.58 79.056
1952.48 79.246
1988.01 79.437
2024.19 79.624
2061.03 79.802
2098.54 79.97
2136.73 80.127
2175.62 80.276
2215.22 80.422
2255.53 80.569
2296.58 80.724
2338.38 80.892
2380.94 81.075
2424.27 81.274
2468.39 81.484
2513.31 81.698
2559.05 81.908
2605.63 82.11
2653.05 82.3
2701.33 82.478
2750.5 82.645
2800.55 82.8
2851.52 82.947
2903.42 83.083
2956.26 83.21
3010.06 83.328
3064.85 83.441
3120.62 83.55
3177.42 83.655
3235.25 83.755
3294.13 83.846
3354.08 83.923
3415.12 83.984
3477.27 84.023
3540.56 84.041
3605 84.034
3670.6 84.002
3737.41 83.945
3805.43 83.864
3874.68 83.757
3945.2 83.621
4017 83.453
4090.11 83.246
4164.55 82.997
4240.34 82.703
4317.51 82.37
4396.09 82.008
4476.1 81.625
4557.56 81.23
4640.5 80.835
4724.96 80.447
4810.95 80.071
4898.51 79.713
4987.66 79.375
5078.43 79.056
5170.86 78.755
5264.97 78.47
5360.79 78.198
5458.35 77.941
5557.69 77.701
5658.84 77.485
5761.82 77.299
5866.69 77.155
5973.46 77.061
6082.17 77.025
6192.87 77.057
6305.57 77.169
6420.33 77.374
6537.18 77.688
6656.15 78.134
6777.29 78.735
6900.63 79.517
7026.22 80.495
7154.1 81.67
7284.3 83.016
7416.87 84.466
7551.85 85.91
7689.29 87.203
7829.23 88.187
7971.72 88.737
8116.8 88.788
8264.53 88.367
8414.94 87.581
8568.09 86.592
8724.02 85.563
8882.79 84.626
9044.46 83.848
9209.06 83.233
9376.66 82.725
9547.31 82.237
9721.07 81.669
9897.99 80.939
10078.13 80
10261.55 78.847
10448.3 77.519
10638.45 76.089
10832.07 74.646
11029.21 73.286
11229.94 72.098
11434.32 71.153
11642.41 70.494
11854.3 70.136
12070.04 70.053
12289.71 70.192
12513.38 70.461
12741.12 70.743
12973 70.9
13209.1 70.802
13449.5 70.352
13694.28 69.526
13943.51 68.382
14197.27 67.055
14455.66 65.71
14718.74 64.483
14986.62 63.444
15259.37 62.588
15537.08 61.863
15819.85 61.213
16107.76 60.611
16400.92 60.074
16699.41 59.639
17003.33 59.31
17312.78 59.013
17627.86 58.604
17948.68 57.909
18275.34 56.764
18607.94 55.062
18946.6 52.79
19291.42 50.044
19642.52 47.007
20000 43.869