20 84.949
20.36 84.99
20.73 85.032
21.11 85.074
21.5 85.114
21.89 85.155
22.29 85.196
22.69 85.236
23.1 85.276
23.52 85.315
23.95 85.353
24.39 85.391
24.83 85.429
25.28 85.465
25.74 85.5
26.21 85.534
26.69 85.567
27.18 85.6
27.67 85.631
28.17 85.66
28.69 85.689
29.21 85.716
29.74 85.742
30.28 85.766
30.83 85.788
31.39 85.809
31.97 85.827
32.55 85.844
33.14 85.86
33.74 85.873
34.36 85.885
34.98 85.894
35.62 85.902
36.27 85.908
36.93 85.912
37.6 85.915
38.28 85.916
38.98 85.916
39.69 85.914
40.41 85.912
41.15 85.907
41.9 85.902
42.66 85.894
43.44 85.886
44.23 85.877
45.03 85.867
45.85 85.856
46.68 85.843
47.53 85.83
48.4 85.816
49.28 85.801
50.18 85.787
51.09 85.772
52.02 85.756
52.97 85.742
53.93 85.727
54.91 85.714
55.91 85.7
56.93 85.688
57.97 85.676
59.02 85.666
60.09 85.655
61.19 85.647
62.3 85.637
63.44 85.629
64.59 85.62
65.77 85.609
66.96 85.599
68.18 85.586
69.42 85.572
70.69 85.555
71.97 85.536
73.28 85.515
74.62 85.49
75.97 85.464
77.36 85.435
78.76 85.404
80.2 85.369
81.66 85.333
83.14 85.294
84.66 85.253
86.2 85.209
87.77 85.164
89.36 85.116
90.99 85.067
92.65 85.015
94.33 84.962
96.05 84.906
97.8 84.849
99.58 84.791
101.39 84.73
103.23 84.667
105.11 84.603
107.03 84.537
108.97 84.47
110.96 84.401
112.98 84.331
115.03 84.261
117.13 84.19
119.26 84.119
121.43 84.049
123.64 83.98
125.89 83.912
128.18 83.845
130.51 83.776
132.89 83.705
135.31 83.632
137.77 83.555
140.28 83.475
142.83 83.392
145.43 83.309
148.07 83.223
150.77 83.139
153.51 83.055
156.31 82.974
159.15 82.897
162.05 82.825
165 82.76
168 82.698
171.06 82.638
174.17 82.579
177.34 82.518
180.57 82.454
183.86 82.385
187.2 82.311
190.61 82.229
194.08 82.142
197.61 82.052
201.21 81.957
204.87 81.861
208.6 81.761
212.39 81.66
216.26 81.558
220.19 81.454
224.2 81.351
228.28 81.249
232.44 81.145
236.67 81.043
240.97 80.94
245.36 80.834
249.82 80.729
254.37 80.622
259 80.516
263.71 80.41
268.51 80.304
273.4 80.199
278.38 80.095
283.44 79.99
288.6 79.886
293.85 79.783
299.2 79.677
304.65 79.57
310.19 79.461
315.84 79.35
321.59 79.239
327.44 79.127
333.4 79.015
339.47 78.904
345.64 78.794
351.93 78.682
358.34 78.568
364.86 78.453
371.5 78.336
378.26 78.218
385.15 78.1
392.16 77.984
399.29 77.87
406.56 77.757
413.96 77.647
421.49 77.54
429.16 77.436
436.97 77.335
444.93 77.236
453.02 77.134
461.27 77.031
469.66 76.926
478.21 76.819
486.91 76.709
495.78 76.599
504.8 76.488
513.99 76.376
523.34 76.266
532.87 76.159
542.56 76.057
552.44 75.958
562.49 75.862
572.73 75.77
583.15 75.679
593.77 75.59
604.57 75.502
615.57 75.418
626.78 75.337
638.18 75.263
649.8 75.195
661.63 75.134
673.67 75.077
685.93 75.024
698.41 74.973
711.12 74.924
724.06 74.877
737.24 74.832
750.66 74.791
764.32 74.756
778.23 74.728
792.39 74.709
806.82 74.698
821.5 74.697
836.45 74.701
851.67 74.709
867.17 74.716
882.96 74.721
899.02 74.729
915.39 74.738
932.05 74.756
949.01 74.788
966.28 74.838
983.87 74.912
1001.77 75.01
1020 75.126
1038.57 75.256
1057.47 75.393
1076.71 75.53
1096.31 75.664
1116.26 75.796
1136.58 75.925
1157.26 76.055
1178.32 76.187
1199.77 76.325
1221.6 76.468
1243.84 76.617
1266.47 76.77
1289.52 76.932
1312.99 77.103
1336.89 77.287
1361.22 77.485
1385.99 77.696
1411.22 77.922
1436.9 78.156
1463.05 78.396
1489.68 78.638
1516.79 78.88
1544.4 79.123
1572.5 79.366
1601.12 79.613
1630.26 79.863
1659.93 80.108
1690.14 80.347
1720.9 80.58
1752.22 80.806
1784.11 81.028
1816.58 81.251
1849.64 81.473
1883.3 81.696
1917.58 81.916
1952.48 82.133
1988.01 82.342
2024.19 82.535
2061.03 82.703
2098.54 82.842
2136.73 82.947
2175.62 83.016
2215.22 83.053
2255.53 83.059
2296.58 83.037
2338.38 82.992
2380.94 82.926
2424.27 82.84
2468.39 82.735
2513.31 82.611
2559.05 82.471
2605.63 82.319
2653.05 82.16
2701.33 82
2750.5 81.849
2800.55 81.708
2851.52 81.581
2903.42 81.462
2956.26 81.347
3010.06 81.228
3064.85 81.102
3120.62 80.972
3177.42 80.846
3235.25 80.734
3294.13 80.651
3354.08 80.608
3415.12 80.61
3477.27 80.664
3540.56 80.771
3605 80.93
3670.6 81.135
3737.41 81.376
3805.43 81.636
3874.68 81.895
3945.2 82.128
4017 82.304
4090.11 82.401
4164.55 82.4
4240.34 82.301
4317.51 82.124
4396.09 81.904
4476.1 81.691
4557.56 81.528
4640.5 81.435
4724.96 81.4
4810.95 81.386
4898.51 81.343
4987.66 81.216
5078.43 80.975
5170.86 80.606
5264.97 80.124
5360.79 79.557
5458.35 78.942
5557.69 78.314
5658.84 77.708
5761.82 77.148
5866.69 76.655
5973.46 76.24
6082.17 75.91
6192.87 75.675
6305.57 75.542
6420.33 75.524
6537.18 75.634
6656.15 75.891
6777.29 76.315
6900.63 76.931
7026.22 77.759
7154.1 78.807
7284.3 80.058
7416.87 81.457
7551.85 82.908
7689.29 84.274
7829.23 85.405
7971.72 86.171
8116.8 86.503
8264.53 86.407
8414.94 85.965
8568.09 85.297
8724.02 84.518
8882.79 83.696
9044.46 82.848
9209.06 81.949
9376.66 80.968
9547.31 79.891
9721.07 78.734
9897.99 77.529
10078.13 76.305
10261.55 75.069
10448.3 73.799
10638.45 72.473
10832.07 71.083
11029.21 69.649
11229.94 68.214
11434.32 66.826
11642.41 65.518
11854.3 64.285
12070.04 63.086
12289.71 61.84
12513.38 60.433
12741.12 58.751
12973 56.722
13209.1 54.365
13449.5 51.81
13694.28 49.292
13943.51 47.098
14197.27 45.498
14455.66 44.668
14718.74 44.664
14986.62 45.431
15259.37 46.842
15537.08 48.725
15819.85 50.868
16107.76 53.021
16400.92 54.916
16699.41 56.309
17003.33 57.043
17312.78 57.105
17627.86 56.625
17948.68 55.839
18275.34 54.986
18607.94 54.227
18946.6 53.603
19291.42 53.078
19642.52 52.594
20000 52.11