20 84.586
20.36 84.638
20.73 84.69
21.11 84.742
21.5 84.793
21.89 84.844
22.29 84.896
22.69 84.945
23.1 84.996
23.52 85.045
23.95 85.093
24.39 85.141
24.83 85.189
25.28 85.235
25.74 85.281
26.21 85.325
26.69 85.368
27.18 85.41
27.67 85.451
28.17 85.49
28.69 85.529
29.21 85.566
29.74 85.6
30.28 85.634
30.83 85.666
31.39 85.695
31.97 85.724
32.55 85.75
33.14 85.774
33.74 85.796
34.36 85.816
34.98 85.835
35.62 85.851
36.27 85.866
36.93 85.878
37.6 85.888
38.28 85.898
38.98 85.905
39.69 85.91
40.41 85.914
41.15 85.916
41.9 85.916
42.66 85.916
43.44 85.914
44.23 85.91
45.03 85.904
45.85 85.898
46.68 85.889
47.53 85.879
48.4 85.869
49.28 85.857
50.18 85.843
51.09 85.83
52.02 85.814
52.97 85.798
53.93 85.78
54.91 85.762
55.91 85.742
56.93 85.721
57.97 85.7
59.02 85.678
60.09 85.656
61.19 85.632
62.3 85.61
63.44 85.588
64.59 85.566
65.77 85.545
66.96 85.525
68.18 85.508
69.42 85.492
70.69 85.478
71.97 85.468
73.28 85.46
74.62 85.452
75.97 85.445
77.36 85.437
78.76 85.428
80.2 85.414
81.66 85.397
83.14 85.374
84.66 85.347
86.2 85.312
87.77 85.271
89.36 85.224
90.99 85.173
92.65 85.119
94.33 85.061
96.05 85.001
97.8 84.939
99.58 84.877
101.39 84.813
103.23 84.75
105.11 84.685
107.03 84.619
108.97 84.552
110.96 84.484
112.98 84.415
115.03 84.346
117.13 84.275
119.26 84.204
121.43 84.133
123.64 84.062
125.89 83.992
128.18 83.92
130.51 83.847
132.89 83.773
135.31 83.697
137.77 83.618
140.28 83.536
142.83 83.452
145.43 83.366
148.07 83.278
150.77 83.19
153.51 83.1
156.31 83.01
159.15 82.918
162.05 82.827
165 82.736
168 82.644
171.06 82.553
174.17 82.462
177.34 82.37
180.57 82.278
183.86 82.183
187.2 82.088
190.61 81.989
194.08 81.888
197.61 81.784
201.21 81.68
204.87 81.573
208.6 81.467
212.39 81.359
216.26 81.249
220.19 81.139
224.2 81.028
228.28 80.917
232.44 80.807
236.67 80.698
240.97 80.589
245.36 80.48
249.82 80.372
254.37 80.266
259 80.161
263.71 80.059
268.51 79.957
273.4 79.86
278.38 79.764
283.44 79.667
288.6 79.571
293.85 79.472
299.2 79.37
304.65 79.265
310.19 79.157
315.84 79.044
321.59 78.931
327.44 78.816
333.4 78.703
339.47 78.588
345.64 78.472
351.93 78.354
358.34 78.233
364.86 78.112
371.5 77.99
378.26 77.87
385.15 77.754
392.16 77.642
399.29 77.533
406.56 77.427
413.96 77.325
421.49 77.223
429.16 77.124
436.97 77.022
444.93 76.922
453.02 76.821
461.27 76.719
469.66 76.615
478.21 76.508
486.91 76.398
495.78 76.288
504.8 76.179
513.99 76.071
523.34 75.965
532.87 75.863
542.56 75.764
552.44 75.668
562.49 75.576
572.73 75.486
583.15 75.4
593.77 75.316
604.57 75.234
615.57 75.153
626.78 75.078
638.18 75.008
649.8 74.944
661.63 74.886
673.67 74.831
685.93 74.781
698.41 74.733
711.12 74.686
724.06 74.641
737.24 74.601
750.66 74.566
764.32 74.536
778.23 74.517
792.39 74.506
806.82 74.502
821.5 74.508
836.45 74.523
851.67 74.543
867.17 74.569
882.96 74.598
899.02 74.634
915.39 74.678
932.05 74.729
949.01 74.788
966.28 74.855
983.87 74.929
1001.77 75.008
1020 75.09
1038.57 75.174
1057.47 75.258
1076.71 75.346
1096.31 75.44
1116.26 75.544
1136.58 75.667
1157.26 75.806
1178.32 75.964
1199.77 76.134
1221.6 76.314
1243.84 76.497
1266.47 76.682
1289.52 76.868
1312.99 77.054
1336.89 77.243
1361.22 77.433
1385.99 77.626
1411.22 77.823
1436.9 78.022
1463.05 78.222
1489.68 78.416
1516.79 78.606
1544.4 78.791
1572.5 78.972
1601.12 79.152
1630.26 79.332
1659.93 79.508
1690.14 79.68
1720.9 79.849
1752.22 80.018
1784.11 80.191
1816.58 80.372
1849.64 80.564
1883.3 80.77
1917.58 80.99
1952.48 81.227
1988.01 81.474
2024.19 81.724
2061.03 81.972
2098.54 82.217
2136.73 82.458
2175.62 82.694
2215.22 82.931
2255.53 83.167
2296.58 83.403
2338.38 83.629
2380.94 83.834
2424.27 84.008
2468.39 84.147
2513.31 84.253
2559.05 84.33
2605.63 84.381
2653.05 84.409
2701.33 84.411
2750.5 84.386
2800.55 84.334
2851.52 84.253
2903.42 84.145
2956.26 84.016
3010.06 83.874
3064.85 83.724
3120.62 83.573
3177.42 83.428
3235.25 83.292
3294.13 83.171
3354.08 83.067
3415.12 82.989
3477.27 82.937
3540.56 82.916
3605 82.929
3670.6 82.974
3737.41 83.049
3805.43 83.155
3874.68 83.296
3945.2 83.472
4017 83.689
4090.11 83.951
4164.55 84.259
4240.34 84.612
4317.51 85.004
4396.09 85.424
4476.1 85.858
4557.56 86.284
4640.5 86.674
4724.96 86.998
4810.95 87.228
4898.51 87.337
4987.66 87.304
5078.43 87.118
5170.86 86.775
5264.97 86.291
5360.79 85.69
5458.35 85.006
5557.69 84.277
5658.84 83.547
5761.82 82.865
5866.69 82.277
5973.46 81.814
6082.17 81.486
6192.87 81.272
6305.57 81.143
6420.33 81.078
6537.18 81.082
6656.15 81.181
6777.29 81.408
6900.63 81.799
7026.22 82.38
7154.1 83.161
7284.3 84.122
7416.87 85.212
7551.85 86.332
7689.29 87.35
7829.23 88.112
7971.72 88.487
8116.8 88.396
8264.53 87.848
8414.94 86.935
8568.09 85.819
8724.02 84.686
8882.79 83.714
9044.46 83.03
9209.06 82.706
9376.66 82.731
9547.31 83.017
9721.07 83.398
9897.99 83.647
10078.13 83.534
10261.55 82.876
10448.3 81.601
10638.45 79.754
10832.07 77.485
11029.21 74.995
11229.94 72.479
11434.32 70.094
11642.41 67.94
11854.3 66.062
12070.04 64.466
12289.71 63.133
12513.38 62.047
12741.12 61.185
12973 60.55
13209.1 60.152
13449.5 60.021
13694.28 60.2
13943.51 60.74
14197.27 61.683
14455.66 63.032
14718.74 64.736
14986.62 66.654
15259.37 68.574
15537.08 70.246
15819.85 71.45
16107.76 72.067
16400.92 72.094
16699.41 71.6
17003.33 70.638
17312.78 69.18
17627.86 67.136
17948.68 64.44
18275.34 61.11
18607.94 57.265
18946.6 53.075
19291.42 48.71
19642.52 44.289
20000 39.865