20 82.534
20.36 82.529
20.73 82.524
21.11 82.518
21.5 82.512
21.89 82.506
22.29 82.5
22.69 82.492
23.1 82.485
23.52 82.477
23.95 82.468
24.39 82.459
24.83 82.448
25.28 82.437
25.74 82.425
26.21 82.411
26.69 82.396
27.18 82.381
27.67 82.364
28.17 82.344
28.69 82.324
29.21 82.303
29.74 82.28
30.28 82.254
30.83 82.227
31.39 82.199
31.97 82.168
32.55 82.135
33.14 82.1
33.74 82.064
34.36 82.025
34.98 81.983
35.62 81.941
36.27 81.895
36.93 81.849
37.6 81.801
38.28 81.75
38.98 81.699
39.69 81.646
40.41 81.593
41.15 81.537
41.9 81.48
42.66 81.422
43.44 81.363
44.23 81.303
45.03 81.242
45.85 81.181
46.68 81.118
47.53 81.054
48.4 80.99
49.28 80.924
50.18 80.858
51.09 80.79
52.02 80.722
52.97 80.651
53.93 80.579
54.91 80.506
55.91 80.431
56.93 80.353
57.97 80.274
59.02 80.193
60.09 80.11
61.19 80.025
62.3 79.938
63.44 79.85
64.59 79.762
65.77 79.672
66.96 79.581
68.18 79.49
69.42 79.399
70.69 79.308
71.97 79.218
73.28 79.128
74.62 79.038
75.97 78.948
77.36 78.857
78.76 78.765
80.2 78.672
81.66 78.576
83.14 78.478
84.66 78.378
86.2 78.273
87.77 78.166
89.36 78.059
90.99 77.951
92.65 77.847
94.33 77.744
96.05 77.646
97.8 77.554
99.58 77.469
101.39 77.391
103.23 77.317
105.11 77.249
107.03 77.184
108.97 77.122
110.96 77.063
112.98 77.005
115.03 76.947
117.13 76.887
119.26 76.826
121.43 76.762
123.64 76.695
125.89 76.622
128.18 76.545
130.51 76.464
132.89 76.38
135.31 76.292
137.77 76.202
140.28 76.11
142.83 76.017
145.43 75.923
148.07 75.828
150.77 75.733
153.51 75.638
156.31 75.544
159.15 75.451
162.05 75.36
165 75.27
168 75.182
171.06 75.096
174.17 75.013
177.34 74.934
180.57 74.856
183.86 74.78
187.2 74.707
190.61 74.634
194.08 74.562
197.61 74.489
201.21 74.417
204.87 74.344
208.6 74.272
212.39 74.2
216.26 74.129
220.19 74.059
224.2 73.99
228.28 73.926
232.44 73.864
236.67 73.809
240.97 73.759
245.36 73.716
249.82 73.679
254.37 73.65
259 73.629
263.71 73.612
268.51 73.599
273.4 73.586
278.38 73.574
283.44 73.559
288.6 73.542
293.85 73.521
299.2 73.497
304.65 73.469
310.19 73.439
315.84 73.407
321.59 73.375
327.44 73.343
333.4 73.313
339.47 73.284
345.64 73.257
351.93 73.233
358.34 73.211
364.86 73.192
371.5 73.175
378.26 73.161
385.15 73.15
392.16 73.141
399.29 73.134
406.56 73.13
413.96 73.129
421.49 73.129
429.16 73.132
436.97 73.137
444.93 73.142
453.02 73.148
461.27 73.151
469.66 73.153
478.21 73.152
486.91 73.149
495.78 73.145
504.8 73.14
513.99 73.136
523.34 73.133
532.87 73.131
542.56 73.131
552.44 73.134
562.49 73.139
572.73 73.147
583.15 73.157
593.77 73.17
604.57 73.185
615.57 73.204
626.78 73.227
638.18 73.254
649.8 73.285
661.63 73.321
673.67 73.358
685.93 73.397
698.41 73.437
711.12 73.476
724.06 73.516
737.24 73.558
750.66 73.602
764.32 73.65
778.23 73.705
792.39 73.765
806.82 73.833
821.5 73.907
836.45 73.987
851.67 74.071
867.17 74.159
882.96 74.249
899.02 74.342
915.39 74.438
932.05 74.541
949.01 74.649
966.28 74.763
983.87 74.885
1001.77 75.013
1020 75.145
1038.57 75.282
1057.47 75.42
1076.71 75.558
1096.31 75.693
1116.26 75.824
1136.58 75.952
1157.26 76.075
1178.32 76.195
1199.77 76.312
1221.6 76.425
1243.84 76.532
1266.47 76.632
1289.52 76.726
1312.99 76.816
1336.89 76.903
1361.22 76.993
1385.99 77.086
1411.22 77.185
1436.9 77.288
1463.05 77.396
1489.68 77.505
1516.79 77.614
1544.4 77.726
1572.5 77.84
1601.12 77.958
1630.26 78.077
1659.93 78.199
1690.14 78.326
1720.9 78.461
1752.22 78.607
1784.11 78.768
1816.58 78.943
1849.64 79.134
1883.3 79.336
1917.58 79.546
1952.48 79.76
1988.01 79.977
2024.19 80.196
2061.03 80.415
2098.54 80.635
2136.73 80.858
2175.62 81.084
2215.22 81.313
2255.53 81.545
2296.58 81.777
2338.38 82.003
2380.94 82.216
2424.27 82.41
2468.39 82.578
2513.31 82.718
2559.05 82.83
2605.63 82.915
2653.05 82.98
2701.33 83.026
2750.5 83.057
2800.55 83.071
2851.52 83.069
2903.42 83.047
2956.26 83.005
3010.06 82.943
3064.85 82.864
3120.62 82.774
3177.42 82.675
3235.25 82.573
3294.13 82.468
3354.08 82.366
3415.12 82.269
3477.27 82.181
3540.56 82.105
3605 82.044
3670.6 81.998
3737.41 81.963
3805.43 81.934
3874.68 81.905
3945.2 81.868
4017 81.816
4090.11 81.736
4164.55 81.623
4240.34 81.469
4317.51 81.273
4396.09 81.04
4476.1 80.777
4557.56 80.493
4640.5 80.197
4724.96 79.904
4810.95 79.624
4898.51 79.371
4987.66 79.153
5078.43 78.98
5170.86 78.861
5264.97 78.803
5360.79 78.811
5458.35 78.886
5557.69 79.022
5658.84 79.206
5761.82 79.42
5866.69 79.628
5973.46 79.798
6082.17 79.89
6192.87 79.873
6305.57 79.726
6420.33 79.451
6537.18 79.067
6656.15 78.617
6777.29 78.153
6900.63 77.729
7026.22 77.395
7154.1 77.177
7284.3 77.084
7416.87 77.093
7551.85 77.158
7689.29 77.208
7829.23 77.162
7971.72 76.945
8116.8 76.502
8264.53 75.819
8414.94 74.924
8568.09 73.893
8724.02 72.825
8882.79 71.825
9044.46 70.97
9209.06 70.306
9376.66 69.833
9547.31 69.523
9721.07 69.335
9897.99 69.227
10078.13 69.166
10261.55 69.13
10448.3 69.103
10638.45 69.076
10832.07 69.05
11029.21 69.023
11229.94 69.005
11434.32 69.006
11642.41 69.039
11854.3 69.122
12070.04 69.272
12289.71 69.506
12513.38 69.836
12741.12 70.259
12973 70.751
13209.1 71.256
13449.5 71.7
13694.28 71.995
13943.51 72.072
14197.27 71.907
14455.66 71.537
14718.74 71.041
14986.62 70.508
15259.37 69.97
15537.08 69.366
15819.85 68.534
16107.76 67.257
16400.92 65.341
16699.41 62.685
17003.33 59.315
17312.78 55.388
17627.86 51.166
17948.68 46.978
18275.34 43.165
18607.94 40.012
18946.6 37.657
19291.42 36.013
19642.52 34.822
20000 33.79