20 80.495
20.36 80.525
20.73 80.555
21.11 80.584
21.5 80.614
21.89 80.643
22.29 80.672
22.69 80.701
23.1 80.73
23.52 80.758
23.95 80.786
24.39 80.815
24.83 80.841
25.28 80.869
25.74 80.894
26.21 80.921
26.69 80.946
27.18 80.97
27.67 80.994
28.17 81.018
28.69 81.04
29.21 81.062
29.74 81.083
30.28 81.103
30.83 81.122
31.39 81.141
31.97 81.158
32.55 81.175
33.14 81.19
33.74 81.204
34.36 81.217
34.98 81.229
35.62 81.24
36.27 81.249
36.93 81.257
37.6 81.265
38.28 81.27
38.98 81.274
39.69 81.276
40.41 81.277
41.15 81.276
41.9 81.274
42.66 81.27
43.44 81.263
44.23 81.256
45.03 81.246
45.85 81.235
46.68 81.221
47.53 81.206
48.4 81.19
49.28 81.172
50.18 81.154
51.09 81.134
52.02 81.114
52.97 81.095
53.93 81.076
54.91 81.056
55.91 81.038
56.93 81.021
57.97 81.005
59.02 80.991
60.09 80.979
61.19 80.968
62.3 80.958
63.44 80.949
64.59 80.94
65.77 80.932
66.96 80.923
68.18 80.914
69.42 80.904
70.69 80.893
71.97 80.879
73.28 80.864
74.62 80.847
75.97 80.827
77.36 80.803
78.76 80.778
80.2 80.749
81.66 80.716
83.14 80.679
84.66 80.639
86.2 80.596
87.77 80.547
89.36 80.497
90.99 80.443
92.65 80.388
94.33 80.331
96.05 80.273
97.8 80.214
99.58 80.155
101.39 80.097
103.23 80.038
105.11 79.98
107.03 79.921
108.97 79.863
110.96 79.804
112.98 79.746
115.03 79.688
117.13 79.631
119.26 79.575
121.43 79.52
123.64 79.467
125.89 79.414
128.18 79.364
130.51 79.311
132.89 79.257
135.31 79.199
137.77 79.137
140.28 79.071
142.83 78.998
145.43 78.923
148.07 78.845
150.77 78.765
153.51 78.687
156.31 78.608
159.15 78.53
162.05 78.456
165 78.385
168 78.319
171.06 78.255
174.17 78.194
177.34 78.135
180.57 78.078
183.86 78.021
187.2 77.967
190.61 77.913
194.08 77.859
197.61 77.803
201.21 77.745
204.87 77.683
208.6 77.616
212.39 77.544
216.26 77.464
220.19 77.378
224.2 77.285
228.28 77.186
232.44 77.085
236.67 76.982
240.97 76.88
245.36 76.779
249.82 76.681
254.37 76.586
259 76.495
263.71 76.407
268.51 76.322
273.4 76.24
278.38 76.16
283.44 76.082
288.6 76.005
293.85 75.929
299.2 75.852
304.65 75.774
310.19 75.694
315.84 75.614
321.59 75.53
327.44 75.446
333.4 75.36
339.47 75.274
345.64 75.189
351.93 75.103
358.34 75.019
364.86 74.936
371.5 74.854
378.26 74.775
385.15 74.698
392.16 74.623
399.29 74.552
406.56 74.483
413.96 74.42
421.49 74.359
429.16 74.302
436.97 74.246
444.93 74.192
453.02 74.138
461.27 74.083
469.66 74.025
478.21 73.967
486.91 73.906
495.78 73.846
504.8 73.785
513.99 73.727
523.34 73.669
532.87 73.616
542.56 73.565
552.44 73.518
562.49 73.474
572.73 73.433
583.15 73.395
593.77 73.361
604.57 73.332
615.57 73.307
626.78 73.288
638.18 73.276
649.8 73.269
661.63 73.269
673.67 73.275
685.93 73.285
698.41 73.297
711.12 73.314
724.06 73.334
737.24 73.359
750.66 73.39
764.32 73.429
778.23 73.475
792.39 73.533
806.82 73.599
821.5 73.675
836.45 73.76
851.67 73.852
867.17 73.95
882.96 74.054
899.02 74.165
915.39 74.282
932.05 74.408
949.01 74.544
966.28 74.691
983.87 74.848
1001.77 75.017
1020 75.194
1038.57 75.38
1057.47 75.572
1076.71 75.769
1096.31 75.969
1116.26 76.17
1136.58 76.374
1157.26 76.58
1178.32 76.787
1199.77 76.996
1221.6 77.204
1243.84 77.409
1266.47 77.61
1289.52 77.806
1312.99 77.998
1336.89 78.187
1361.22 78.376
1385.99 78.57
1411.22 78.77
1436.9 78.976
1463.05 79.187
1489.68 79.402
1516.79 79.619
1544.4 79.838
1572.5 80.059
1601.12 80.276
1630.26 80.485
1659.93 80.684
1690.14 80.871
1720.9 81.045
1752.22 81.205
1784.11 81.352
1816.58 81.485
1849.64 81.606
1883.3 81.711
1917.58 81.799
1952.48 81.868
1988.01 81.919
2024.19 81.948
2061.03 81.954
2098.54 81.937
2136.73 81.898
2175.62 81.84
2215.22 81.769
2255.53 81.687
2296.58 81.6
2338.38 81.512
2380.94 81.431
2424.27 81.363
2468.39 81.314
2513.31 81.289
2559.05 81.291
2605.63 81.32
2653.05 81.375
2701.33 81.45
2750.5 81.541
2800.55 81.646
2851.52 81.76
2903.42 81.882
2956.26 82.01
3010.06 82.139
3064.85 82.264
3120.62 82.375
3177.42 82.46
3235.25 82.505
3294.13 82.492
3354.08 82.405
3415.12 82.23
3477.27 81.959
3540.56 81.588
3605 81.125
3670.6 80.579
3737.41 79.969
3805.43 79.321
3874.68 78.662
3945.2 78.025
4017 77.439
4090.11 76.929
4164.55 76.513
4240.34 76.199
4317.51 75.985
4396.09 75.851
4476.1 75.768
4557.56 75.69
4640.5 75.57
4724.96 75.368
4810.95 75.052
4898.51 74.616
4987.66 74.072
5078.43 73.452
5170.86 72.798
5264.97 72.156
5360.79 71.564
5458.35 71.056
5557.69 70.654
5658.84 70.369
5761.82 70.21
5866.69 70.175
5973.46 70.266
6082.17 70.483
6192.87 70.827
6305.57 71.304
6420.33 71.921
6537.18 72.691
6656.15 73.63
6777.29 74.753
6900.63 76.069
7026.22 77.571
7154.1 79.233
7284.3 80.994
7416.87 82.76
7551.85 84.405
7689.29 85.792
7829.23 86.798
7971.72 87.35
8116.8 87.443
8264.53 87.143
8414.94 86.57
8568.09 85.862
8724.02 85.148
8882.79 84.529
9044.46 84.063
9209.06 83.773
9376.66 83.647
9547.31 83.651
9721.07 83.733
9897.99 83.832
10078.13 83.879
10261.55 83.805
10448.3 83.539
10638.45 83.02
10832.07 82.199
11029.21 81.05
11229.94 79.575
11434.32 77.81
11642.41 75.81
11854.3 73.646
12070.04 71.392
12289.71 69.115
12513.38 66.875
12741.12 64.726
12973 62.71
13209.1 60.853
13449.5 59.166
13694.28 57.65
13943.51 56.291
14197.27 55.074
14455.66 53.976
14718.74 52.986
14986.62 52.099
15259.37 51.336
15537.08 50.763
15819.85 50.488
16107.76 50.647
16400.92 51.338
16699.41 52.541
17003.33 54.064
17312.78 55.584
17627.86 56.77
17948.68 57.391
18275.34 57.354
18607.94 56.699
18946.6 55.567
19291.42 54.141
19642.52 52.579
20000 50.98