20 82.627
20.36 82.602
20.73 82.576
21.11 82.548
21.5 82.519
21.89 82.49
22.29 82.461
22.69 82.431
23.1 82.4
23.52 82.37
23.95 82.341
24.39 82.308
24.83 82.276
25.28 82.242
25.74 82.206
26.21 82.168
26.69 82.13
27.18 82.091
27.67 82.051
28.17 82.011
28.69 81.969
29.21 81.928
29.74 81.886
30.28 81.842
30.83 81.797
31.39 81.752
31.97 81.705
32.55 81.658
33.14 81.61
33.74 81.563
34.36 81.513
34.98 81.463
35.62 81.409
36.27 81.354
36.93 81.298
37.6 81.24
38.28 81.181
38.98 81.12
39.69 81.059
40.41 81
41.15 80.94
41.9 80.883
42.66 80.828
43.44 80.775
44.23 80.724
45.03 80.673
45.85 80.621
46.68 80.567
47.53 80.511
48.4 80.451
49.28 80.391
50.18 80.328
51.09 80.262
52.02 80.197
52.97 80.13
53.93 80.064
54.91 79.997
55.91 79.929
56.93 79.861
57.97 79.793
59.02 79.722
60.09 79.651
61.19 79.577
62.3 79.501
63.44 79.425
64.59 79.347
65.77 79.271
66.96 79.196
68.18 79.121
69.42 79.048
70.69 78.974
71.97 78.9
73.28 78.825
74.62 78.749
75.97 78.673
77.36 78.595
78.76 78.518
80.2 78.438
81.66 78.355
83.14 78.271
84.66 78.183
86.2 78.092
87.77 77.999
89.36 77.908
90.99 77.816
92.65 77.725
94.33 77.635
96.05 77.547
97.8 77.462
99.58 77.377
101.39 77.295
103.23 77.215
105.11 77.137
107.03 77.06
108.97 76.982
110.96 76.902
112.98 76.82
115.03 76.736
117.13 76.649
119.26 76.56
121.43 76.472
123.64 76.385
125.89 76.299
128.18 76.217
130.51 76.136
132.89 76.057
135.31 75.979
137.77 75.901
140.28 75.823
142.83 75.746
145.43 75.668
148.07 75.59
150.77 75.514
153.51 75.439
156.31 75.365
159.15 75.294
162.05 75.224
165 75.155
168 75.085
171.06 75.014
174.17 74.943
177.34 74.872
180.57 74.799
183.86 74.728
187.2 74.656
190.61 74.586
194.08 74.516
197.61 74.446
201.21 74.378
204.87 74.31
208.6 74.244
212.39 74.176
216.26 74.109
220.19 74.042
224.2 73.978
228.28 73.915
232.44 73.854
236.67 73.797
240.97 73.744
245.36 73.694
249.82 73.649
254.37 73.611
259 73.58
263.71 73.553
268.51 73.534
273.4 73.52
278.38 73.509
283.44 73.502
288.6 73.495
293.85 73.486
299.2 73.471
304.65 73.451
310.19 73.424
315.84 73.391
321.59 73.355
327.44 73.316
333.4 73.275
339.47 73.235
345.64 73.195
351.93 73.157
358.34 73.12
364.86 73.086
371.5 73.053
378.26 73.023
385.15 72.997
392.16 72.972
399.29 72.95
406.56 72.931
413.96 72.913
421.49 72.9
429.16 72.888
436.97 72.879
444.93 72.873
453.02 72.866
461.27 72.859
469.66 72.849
478.21 72.838
486.91 72.827
495.78 72.813
504.8 72.803
513.99 72.793
523.34 72.786
532.87 72.781
542.56 72.78
552.44 72.781
562.49 72.785
572.73 72.791
583.15 72.799
593.77 72.81
604.57 72.823
615.57 72.841
626.78 72.863
638.18 72.892
649.8 72.927
661.63 72.966
673.67 73.01
685.93 73.056
698.41 73.105
711.12 73.154
724.06 73.205
737.24 73.26
750.66 73.318
764.32 73.381
778.23 73.45
792.39 73.526
806.82 73.609
821.5 73.7
836.45 73.794
851.67 73.891
867.17 73.991
882.96 74.092
899.02 74.197
915.39 74.307
932.05 74.423
949.01 74.55
966.28 74.69
983.87 74.846
1001.77 75.017
1020 75.205
1038.57 75.405
1057.47 75.613
1076.71 75.825
1096.31 76.034
1116.26 76.241
1136.58 76.442
1157.26 76.642
1178.32 76.843
1199.77 77.046
1221.6 77.252
1243.84 77.458
1266.47 77.659
1289.52 77.858
1312.99 78.053
1336.89 78.248
1361.22 78.444
1385.99 78.643
1411.22 78.844
1436.9 79.048
1463.05 79.25
1489.68 79.452
1516.79 79.651
1544.4 79.847
1572.5 80.037
1601.12 80.222
1630.26 80.4
1659.93 80.57
1690.14 80.733
1720.9 80.89
1752.22 81.041
1784.11 81.19
1816.58 81.341
1849.64 81.495
1883.3 81.654
1917.58 81.82
1952.48 81.988
1988.01 82.154
2024.19 82.31
2061.03 82.446
2098.54 82.557
2136.73 82.639
2175.62 82.698
2215.22 82.737
2255.53 82.767
2296.58 82.796
2338.38 82.834
2380.94 82.887
2424.27 82.951
2468.39 83.02
2513.31 83.081
2559.05 83.123
2605.63 83.14
2653.05 83.133
2701.33 83.104
2750.5 83.063
2800.55 83.018
2851.52 82.978
2903.42 82.949
2956.26 82.934
3010.06 82.935
3064.85 82.953
3120.62 82.987
3177.42 83.034
3235.25 83.094
3294.13 83.161
3354.08 83.238
3415.12 83.317
3477.27 83.403
3540.56 83.491
3605 83.581
3670.6 83.669
3737.41 83.743
3805.43 83.792
3874.68 83.796
3945.2 83.737
4017 83.6
4090.11 83.374
4164.55 83.052
4240.34 82.632
4317.51 82.12
4396.09 81.529
4476.1 80.874
4557.56 80.172
4640.5 79.441
4724.96 78.701
4810.95 77.968
4898.51 77.257
4987.66 76.578
5078.43 75.941
5170.86 75.35
5264.97 74.809
5360.79 74.317
5458.35 73.87
5557.69 73.465
5658.84 73.099
5761.82 72.775
5866.69 72.495
5973.46 72.261
6082.17 72.084
6192.87 71.971
6305.57 71.932
6420.33 71.98
6537.18 72.129
6656.15 72.396
6777.29 72.792
6900.63 73.329
7026.22 74.009
7154.1 74.822
7284.3 75.74
7416.87 76.709
7551.85 77.653
7689.29 78.475
7829.23 79.07
7971.72 79.35
8116.8 79.262
8264.53 78.801
8414.94 78.017
8568.09 76.995
8724.02 75.847
8882.79 74.696
9044.46 73.656
9209.06 72.816
9376.66 72.235
9547.31 71.937
9721.07 71.906
9897.99 72.089
10078.13 72.399
10261.55 72.72
10448.3 72.924
10638.45 72.902
10832.07 72.584
11029.21 71.966
11229.94 71.102
11434.32 70.072
11642.41 68.96
11854.3 67.817
12070.04 66.672
12289.71 65.549
12513.38 64.478
12741.12 63.493
12973 62.634
13209.1 61.937
13449.5 61.436
13694.28 61.165
13943.51 61.151
14197.27 61.409
14455.66 61.94
14718.74 62.709
14986.62 63.658
15259.37 64.688
15537.08 65.679
15819.85 66.497
16107.76 67.021
16400.92 67.143
16699.41 66.782
17003.33 65.872
17312.78 64.362
17627.86 62.238
17948.68 59.534
18275.34 56.335
18607.94 52.765
18946.6 48.955
19291.42 45.032
19642.52 41.076
20000 37.123