20 78.17
20.36 78.196
20.73 78.218
21.11 78.236
21.5 78.25
21.89 78.262
22.29 78.27
22.69 78.277
23.1 78.282
23.52 78.287
23.95 78.292
24.39 78.299
24.83 78.309
25.28 78.322
25.74 78.338
26.21 78.357
26.69 78.38
27.18 78.407
27.67 78.435
28.17 78.465
28.69 78.493
29.21 78.517
29.74 78.536
30.28 78.551
30.83 78.563
31.39 78.573
31.97 78.583
32.55 78.592
33.14 78.603
33.74 78.617
34.36 78.635
34.98 78.656
35.62 78.68
36.27 78.704
36.93 78.727
37.6 78.747
38.28 78.762
38.98 78.773
39.69 78.779
40.41 78.784
41.15 78.788
41.9 78.795
42.66 78.805
43.44 78.82
44.23 78.838
45.03 78.86
45.85 78.883
46.68 78.907
47.53 78.929
48.4 78.952
49.28 78.972
50.18 78.989
51.09 79.002
52.02 79.012
52.97 79.022
53.93 79.03
54.91 79.04
55.91 79.052
56.93 79.067
57.97 79.083
59.02 79.101
60.09 79.119
61.19 79.134
62.3 79.146
63.44 79.156
64.59 79.164
65.77 79.172
66.96 79.18
68.18 79.191
69.42 79.203
70.69 79.219
71.97 79.237
73.28 79.257
74.62 79.278
75.97 79.299
77.36 79.319
78.76 79.335
80.2 79.349
81.66 79.359
83.14 79.365
84.66 79.369
86.2 79.369
87.77 79.367
89.36 79.364
90.99 79.362
92.65 79.362
94.33 79.364
96.05 79.367
97.8 79.37
99.58 79.374
101.39 79.377
103.23 79.378
105.11 79.379
107.03 79.377
108.97 79.371
110.96 79.36
112.98 79.346
115.03 79.33
117.13 79.312
119.26 79.294
121.43 79.278
123.64 79.264
125.89 79.25
128.18 79.234
130.51 79.212
132.89 79.184
135.31 79.148
137.77 79.106
140.28 79.057
142.83 79.002
145.43 78.943
148.07 78.879
150.77 78.815
153.51 78.752
156.31 78.696
159.15 78.649
162.05 78.616
165 78.597
168 78.591
171.06 78.594
174.17 78.6
177.34 78.601
180.57 78.589
183.86 78.561
187.2 78.515
190.61 78.453
194.08 78.376
197.61 78.289
201.21 78.194
204.87 78.094
208.6 77.991
212.39 77.885
216.26 77.773
220.19 77.659
224.2 77.543
228.28 77.424
232.44 77.305
236.67 77.187
240.97 77.07
245.36 76.955
249.82 76.842
254.37 76.733
259 76.626
263.71 76.521
268.51 76.417
273.4 76.316
278.38 76.216
283.44 76.118
288.6 76.021
293.85 75.923
299.2 75.826
304.65 75.727
310.19 75.627
315.84 75.527
321.59 75.429
327.44 75.334
333.4 75.243
339.47 75.156
345.64 75.074
351.93 74.997
358.34 74.924
364.86 74.857
371.5 74.794
378.26 74.738
385.15 74.688
392.16 74.643
399.29 74.603
406.56 74.569
413.96 74.539
421.49 74.514
429.16 74.494
436.97 74.477
444.93 74.465
453.02 74.452
461.27 74.441
469.66 74.426
478.21 74.41
486.91 74.391
495.78 74.372
504.8 74.353
513.99 74.334
523.34 74.316
532.87 74.299
542.56 74.283
552.44 74.268
562.49 74.254
572.73 74.239
583.15 74.226
593.77 74.214
604.57 74.203
615.57 74.194
626.78 74.188
638.18 74.185
649.8 74.185
661.63 74.188
673.67 74.193
685.93 74.198
698.41 74.202
711.12 74.205
724.06 74.208
737.24 74.212
750.66 74.218
764.32 74.228
778.23 74.243
792.39 74.265
806.82 74.294
821.5 74.329
836.45 74.37
851.67 74.414
867.17 74.461
882.96 74.51
899.02 74.563
915.39 74.62
932.05 74.682
949.01 74.75
966.28 74.827
983.87 74.913
1001.77 75.009
1020 75.115
1038.57 75.229
1057.47 75.351
1076.71 75.477
1096.31 75.606
1116.26 75.736
1136.58 75.866
1157.26 75.999
1178.32 76.132
1199.77 76.268
1221.6 76.404
1243.84 76.539
1266.47 76.675
1289.52 76.811
1312.99 76.949
1336.89 77.091
1361.22 77.241
1385.99 77.399
1411.22 77.566
1436.9 77.741
1463.05 77.924
1489.68 78.112
1516.79 78.306
1544.4 78.504
1572.5 78.707
1601.12 78.914
1630.26 79.126
1659.93 79.343
1690.14 79.565
1720.9 79.795
1752.22 80.033
1784.11 80.285
1816.58 80.552
1849.64 80.842
1883.3 81.156
1917.58 81.498
1952.48 81.868
1988.01 82.265
2024.19 82.685
2061.03 83.115
2098.54 83.546
2136.73 83.966
2175.62 84.361
2215.22 84.722
2255.53 85.043
2296.58 85.319
2338.38 85.547
2380.94 85.724
2424.27 85.846
2468.39 85.912
2513.31 85.921
2559.05 85.881
2605.63 85.799
2653.05 85.687
2701.33 85.554
2750.5 85.412
2800.55 85.266
2851.52 85.122
2903.42 84.974
2956.26 84.824
3010.06 84.665
3064.85 84.494
3120.62 84.309
3177.42 84.109
3235.25 83.897
3294.13 83.677
3354.08 83.456
3415.12 83.24
3477.27 83.034
3540.56 82.84
3605 82.653
3670.6 82.466
3737.41 82.268
3805.43 82.048
3874.68 81.793
3945.2 81.492
4017 81.141
4090.11 80.739
4164.55 80.3
4240.34 79.843
4317.51 79.402
4396.09 79.008
4476.1 78.688
4557.56 78.456
4640.5 78.306
4724.96 78.219
4810.95 78.169
4898.51 78.122
4987.66 78.057
5078.43 77.957
5170.86 77.823
5264.97 77.658
5360.79 77.474
5458.35 77.284
5557.69 77.093
5658.84 76.913
5761.82 76.744
5866.69 76.589
5973.46 76.449
6082.17 76.33
6192.87 76.244
6305.57 76.207
6420.33 76.24
6537.18 76.365
6656.15 76.596
6777.29 76.943
6900.63 77.417
7026.22 78.013
7154.1 78.715
7284.3 79.487
7416.87 80.273
7551.85 81
7689.29 81.591
7829.23 81.97
7971.72 82.081
8116.8 81.89
8264.53 81.399
8414.94 80.634
8568.09 79.65
8724.02 78.519
8882.79 77.328
9044.46 76.163
9209.06 75.095
9376.66 74.175
9547.31 73.43
9721.07 72.863
9897.99 72.451
10078.13 72.155
10261.55 71.918
10448.3 71.682
10638.45 71.393
10832.07 71.015
11029.21 70.54
11229.94 69.985
11434.32 69.39
11642.41 68.8
11854.3 68.247
12070.04 67.744
12289.71 67.283
12513.38 66.836
12741.12 66.372
12973 65.864
13209.1 65.292
13449.5 64.656
13694.28 63.978
13943.51 63.296
14197.27 62.667
14455.66 62.151
14718.74 61.813
14986.62 61.71
15259.37 61.876
15537.08 62.314
15819.85 62.975
16107.76 63.753
16400.92 64.503
16699.41 65.055
17003.33 65.248
17312.78 64.958
17627.86 64.132
17948.68 62.809
18275.34 61.107
18607.94 59.179
18946.6 57.171
19291.42 55.169
19642.52 53.199
20000 51.247