20 80.499
20.36 80.576
20.73 80.648
21.11 80.713
21.5 80.772
21.89 80.825
22.29 80.871
22.69 80.911
23.1 80.948
23.52 80.98
23.95 81.013
24.39 81.045
24.83 81.08
25.28 81.118
25.74 81.162
26.21 81.21
26.69 81.263
27.18 81.319
27.67 81.376
28.17 81.435
28.69 81.493
29.21 81.548
29.74 81.602
30.28 81.653
30.83 81.702
31.39 81.749
31.97 81.793
32.55 81.837
33.14 81.881
33.74 81.925
34.36 81.97
34.98 82.017
35.62 82.065
36.27 82.114
36.93 82.164
37.6 82.214
38.28 82.264
38.98 82.312
39.69 82.359
40.41 82.403
41.15 82.447
41.9 82.489
42.66 82.53
43.44 82.57
44.23 82.61
45.03 82.648
45.85 82.687
46.68 82.727
47.53 82.766
48.4 82.805
49.28 82.845
50.18 82.884
51.09 82.924
52.02 82.964
52.97 83.004
53.93 83.044
54.91 83.084
55.91 83.123
56.93 83.162
57.97 83.2
59.02 83.235
60.09 83.269
61.19 83.299
62.3 83.327
63.44 83.352
64.59 83.375
65.77 83.395
66.96 83.414
68.18 83.432
69.42 83.448
70.69 83.464
71.97 83.48
73.28 83.495
74.62 83.51
75.97 83.524
77.36 83.538
78.76 83.548
80.2 83.556
81.66 83.56
83.14 83.559
84.66 83.553
86.2 83.542
87.77 83.528
89.36 83.511
90.99 83.492
92.65 83.473
94.33 83.452
96.05 83.431
97.8 83.409
99.58 83.386
101.39 83.362
103.23 83.337
105.11 83.31
107.03 83.281
108.97 83.247
110.96 83.209
112.98 83.166
115.03 83.117
117.13 83.063
119.26 83.007
121.43 82.949
123.64 82.889
125.89 82.828
128.18 82.765
130.51 82.7
132.89 82.631
135.31 82.558
137.77 82.48
140.28 82.399
142.83 82.313
145.43 82.223
148.07 82.129
150.77 82.033
153.51 81.935
156.31 81.835
159.15 81.735
162.05 81.632
165 81.526
168 81.415
171.06 81.3
174.17 81.177
177.34 81.051
180.57 80.919
183.86 80.785
187.2 80.646
190.61 80.504
194.08 80.36
197.61 80.211
201.21 80.06
204.87 79.904
208.6 79.744
212.39 79.578
216.26 79.406
220.19 79.23
224.2 79.049
228.28 78.865
232.44 78.678
236.67 78.489
240.97 78.298
245.36 78.107
249.82 77.916
254.37 77.725
259 77.535
263.71 77.343
268.51 77.149
273.4 76.952
278.38 76.755
283.44 76.557
288.6 76.358
293.85 76.16
299.2 75.961
304.65 75.761
310.19 75.563
315.84 75.366
321.59 75.173
327.44 74.984
333.4 74.799
339.47 74.618
345.64 74.442
351.93 74.27
358.34 74.103
364.86 73.944
371.5 73.792
378.26 73.65
385.15 73.518
392.16 73.397
399.29 73.286
406.56 73.185
413.96 73.093
421.49 73.009
429.16 72.935
436.97 72.87
444.93 72.814
453.02 72.764
461.27 72.721
469.66 72.682
478.21 72.647
486.91 72.617
495.78 72.59
504.8 72.569
513.99 72.555
523.34 72.546
532.87 72.543
542.56 72.546
552.44 72.554
562.49 72.565
572.73 72.581
583.15 72.6
593.77 72.622
604.57 72.647
615.57 72.676
626.78 72.71
638.18 72.749
649.8 72.794
661.63 72.844
673.67 72.897
685.93 72.952
698.41 73.007
711.12 73.064
724.06 73.122
737.24 73.181
750.66 73.245
764.32 73.314
778.23 73.39
792.39 73.472
806.82 73.563
821.5 73.66
836.45 73.763
851.67 73.87
867.17 73.98
882.96 74.092
899.02 74.206
915.39 74.323
932.05 74.446
949.01 74.574
966.28 74.71
983.87 74.857
1001.77 75.016
1020 75.185
1038.57 75.367
1057.47 75.559
1076.71 75.76
1096.31 75.968
1116.26 76.179
1136.58 76.389
1157.26 76.591
1178.32 76.778
1199.77 76.942
1221.6 77.074
1243.84 77.173
1266.47 77.238
1289.52 77.28
1312.99 77.309
1336.89 77.34
1361.22 77.384
1385.99 77.451
1411.22 77.542
1436.9 77.657
1463.05 77.79
1489.68 77.936
1516.79 78.09
1544.4 78.247
1572.5 78.402
1601.12 78.556
1630.26 78.706
1659.93 78.852
1690.14 78.994
1720.9 79.135
1752.22 79.277
1784.11 79.423
1816.58 79.578
1849.64 79.745
1883.3 79.928
1917.58 80.127
1952.48 80.342
1988.01 80.573
2024.19 80.814
2061.03 81.06
2098.54 81.309
2136.73 81.554
2175.62 81.793
2215.22 82.027
2255.53 82.254
2296.58 82.476
2338.38 82.694
2380.94 82.905
2424.27 83.105
2468.39 83.292
2513.31 83.459
2559.05 83.605
2605.63 83.724
2653.05 83.817
2701.33 83.884
2750.5 83.922
2800.55 83.932
2851.52 83.915
2903.42 83.871
2956.26 83.802
3010.06 83.711
3064.85 83.601
3120.62 83.478
3177.42 83.344
3235.25 83.203
3294.13 83.059
3354.08 82.914
3415.12 82.772
3477.27 82.635
3540.56 82.503
3605 82.38
3670.6 82.263
3737.41 82.155
3805.43 82.054
3874.68 81.963
3945.2 81.885
4017 81.818
4090.11 81.763
4164.55 81.719
4240.34 81.683
4317.51 81.655
4396.09 81.634
4476.1 81.619
4557.56 81.609
4640.5 81.605
4724.96 81.606
4810.95 81.613
4898.51 81.627
4987.66 81.644
5078.43 81.661
5170.86 81.676
5264.97 81.684
5360.79 81.68
5458.35 81.663
5557.69 81.629
5658.84 81.579
5761.82 81.513
5866.69 81.434
5973.46 81.347
6082.17 81.257
6192.87 81.171
6305.57 81.095
6420.33 81.038
6537.18 81.009
6656.15 81.014
6777.29 81.06
6900.63 81.151
7026.22 81.288
7154.1 81.468
7284.3 81.681
7416.87 81.912
7551.85 82.134
7689.29 82.321
7829.23 82.436
7971.72 82.444
8116.8 82.315
8264.53 82.029
8414.94 81.577
8568.09 80.962
8724.02 80.202
8882.79 79.329
9044.46 78.382
9209.06 77.404
9376.66 76.433
9547.31 75.505
9721.07 74.646
9897.99 73.881
10078.13 73.227
10261.55 72.699
10448.3 72.313
10638.45 72.084
10832.07 72.031
11029.21 72.175
11229.94 72.535
11434.32 73.127
11642.41 73.953
11854.3 74.998
12070.04 76.215
12289.71 77.524
12513.38 78.808
12741.12 79.928
12973 80.747
13209.1 81.168
13449.5 81.144
13694.28 80.699
13943.51 79.916
14197.27 78.916
14455.66 77.821
14718.74 76.72
14986.62 75.656
15259.37 74.629
15537.08 73.612
15819.85 72.576
16107.76 71.511
16400.92 70.434
16699.41 69.385
17003.33 68.404
17312.78 67.513
17627.86 66.695
17948.68 65.882
18275.34 64.973
18607.94 63.87
18946.6 62.517
19291.42 60.935
19642.52 59.205
20000 57.424