20 87.231
20.36 87.268
20.73 87.301
21.11 87.33
21.5 87.352
21.89 87.369
22.29 87.381
22.69 87.389
23.1 87.395
23.52 87.399
23.95 87.401
24.39 87.405
24.83 87.408
25.28 87.414
25.74 87.423
26.21 87.432
26.69 87.444
27.18 87.456
27.67 87.468
28.17 87.479
28.69 87.487
29.21 87.494
29.74 87.497
30.28 87.498
30.83 87.495
31.39 87.489
31.97 87.484
32.55 87.475
33.14 87.466
33.74 87.456
34.36 87.447
34.98 87.437
35.62 87.428
36.27 87.418
36.93 87.407
37.6 87.395
38.28 87.381
38.98 87.367
39.69 87.35
40.41 87.331
41.15 87.313
41.9 87.293
42.66 87.274
43.44 87.254
44.23 87.233
45.03 87.213
45.85 87.192
46.68 87.169
47.53 87.145
48.4 87.121
49.28 87.095
50.18 87.068
51.09 87.04
52.02 87.013
52.97 86.985
53.93 86.958
54.91 86.931
55.91 86.902
56.93 86.874
57.97 86.844
59.02 86.812
60.09 86.777
61.19 86.74
62.3 86.701
63.44 86.659
64.59 86.615
65.77 86.571
66.96 86.526
68.18 86.479
69.42 86.434
70.69 86.386
71.97 86.339
73.28 86.291
74.62 86.241
75.97 86.191
77.36 86.14
78.76 86.087
80.2 86.03
81.66 85.97
83.14 85.905
84.66 85.835
86.2 85.76
87.77 85.681
89.36 85.6
90.99 85.516
92.65 85.432
94.33 85.346
96.05 85.26
97.8 85.173
99.58 85.086
101.39 84.999
103.23 84.911
105.11 84.823
107.03 84.732
108.97 84.64
110.96 84.541
112.98 84.436
115.03 84.325
117.13 84.207
119.26 84.084
121.43 83.957
123.64 83.827
125.89 83.695
128.18 83.559
130.51 83.421
132.89 83.278
135.31 83.129
137.77 82.975
140.28 82.817
142.83 82.655
145.43 82.491
148.07 82.332
150.77 82.179
153.51 82.034
156.31 81.898
159.15 81.771
162.05 81.645
165 81.519
168 81.387
171.06 81.246
174.17 81.094
177.34 80.932
180.57 80.76
183.86 80.58
187.2 80.393
190.61 80.199
194.08 80.001
197.61 79.799
201.21 79.593
204.87 79.385
208.6 79.176
212.39 78.965
216.26 78.753
220.19 78.541
224.2 78.328
228.28 78.119
232.44 77.909
236.67 77.703
240.97 77.498
245.36 77.299
249.82 77.105
254.37 76.918
259 76.738
263.71 76.565
268.51 76.4
273.4 76.241
278.38 76.092
283.44 75.952
288.6 75.821
293.85 75.697
299.2 75.579
304.65 75.468
310.19 75.363
315.84 75.264
321.59 75.174
327.44 75.089
333.4 75.013
339.47 74.944
345.64 74.88
351.93 74.824
358.34 74.773
364.86 74.728
371.5 74.689
378.26 74.655
385.15 74.627
392.16 74.604
399.29 74.586
406.56 74.573
413.96 74.564
421.49 74.558
429.16 74.555
436.97 74.555
444.93 74.558
453.02 74.559
461.27 74.558
469.66 74.554
478.21 74.547
486.91 74.537
495.78 74.525
504.8 74.514
513.99 74.502
523.34 74.49
532.87 74.479
542.56 74.469
552.44 74.46
562.49 74.449
572.73 74.437
583.15 74.425
593.77 74.411
604.57 74.397
615.57 74.384
626.78 74.371
638.18 74.361
649.8 74.354
661.63 74.348
673.67 74.344
685.93 74.341
698.41 74.336
711.12 74.331
724.06 74.325
737.24 74.322
750.66 74.322
764.32 74.324
778.23 74.334
792.39 74.349
806.82 74.372
821.5 74.4
836.45 74.435
851.67 74.473
867.17 74.514
882.96 74.559
899.02 74.606
915.39 74.659
932.05 74.716
949.01 74.78
966.28 74.851
983.87 74.927
1001.77 75.008
1020 75.093
1038.57 75.178
1057.47 75.259
1076.71 75.333
1096.31 75.4
1116.26 75.461
1136.58 75.52
1157.26 75.583
1178.32 75.653
1199.77 75.726
1221.6 75.803
1243.84 75.878
1266.47 75.949
1289.52 76.018
1312.99 76.086
1336.89 76.154
1361.22 76.224
1385.99 76.299
1411.22 76.379
1436.9 76.465
1463.05 76.556
1489.68 76.652
1516.79 76.753
1544.4 76.861
1572.5 76.974
1601.12 77.091
1630.26 77.209
1659.93 77.328
1690.14 77.443
1720.9 77.558
1752.22 77.667
1784.11 77.776
1816.58 77.882
1849.64 77.985
1883.3 78.09
1917.58 78.193
1952.48 78.296
1988.01 78.401
2024.19 78.506
2061.03 78.611
2098.54 78.716
2136.73 78.821
2175.62 78.929
2215.22 79.04
2255.53 79.155
2296.58 79.277
2338.38 79.406
2380.94 79.541
2424.27 79.683
2468.39 79.829
2513.31 79.977
2559.05 80.128
2605.63 80.279
2653.05 80.431
2701.33 80.582
2750.5 80.728
2800.55 80.865
2851.52 80.987
2903.42 81.087
2956.26 81.162
3010.06 81.207
3064.85 81.224
3120.62 81.209
3177.42 81.168
3235.25 81.1
3294.13 81.01
3354.08 80.907
3415.12 80.794
3477.27 80.679
3540.56 80.571
3605 80.472
3670.6 80.388
3737.41 80.322
3805.43 80.274
3874.68 80.247
3945.2 80.24
4017 80.25
4090.11 80.276
4164.55 80.311
4240.34 80.349
4317.51 80.383
4396.09 80.404
4476.1 80.41
4557.56 80.397
4640.5 80.371
4724.96 80.341
4810.95 80.328
4898.51 80.356
4987.66 80.449
5078.43 80.629
5170.86 80.904
5264.97 81.277
5360.79 81.741
5458.35 82.282
5557.69 82.882
5658.84 83.52
5761.82 84.163
5866.69 84.774
5973.46 85.315
6082.17 85.75
6192.87 86.047
6305.57 86.184
6420.33 86.154
6537.18 85.966
6656.15 85.643
6777.29 85.219
6900.63 84.732
7026.22 84.221
7154.1 83.721
7284.3 83.261
7416.87 82.862
7551.85 82.537
7689.29 82.295
7829.23 82.135
7971.72 82.053
8116.8 82.036
8264.53 82.07
8414.94 82.129
8568.09 82.191
8724.02 82.227
8882.79 82.208
9044.46 82.11
9209.06 81.914
9376.66 81.611
9547.31 81.206
9721.07 80.714
9897.99 80.161
10078.13 79.578
10261.55 79
10448.3 78.46
10638.45 77.983
10832.07 77.587
11029.21 77.28
11229.94 77.057
11434.32 76.902
11642.41 76.792
11854.3 76.691
12070.04 76.571
12289.71 76.401
12513.38 76.168
12741.12 75.872
12973 75.527
13209.1 75.17
13449.5 74.845
13694.28 74.61
13943.51 74.517
14197.27 74.6
14455.66 74.847
14718.74 75.185
14986.62 75.476
15259.37 75.521
15537.08 75.109
15819.85 74.068
16107.76 72.327
16400.92 69.932
16699.41 67.031
17003.33 63.825
17312.78 60.519
17627.86 57.286
17948.68 54.246
18275.34 51.459
18607.94 48.94
18946.6 46.662
19291.42 44.569
19642.52 42.589
20000 40.652