20 88.301
20.36 88.234
20.73 88.165
21.11 88.096
21.5 88.028
21.89 87.959
22.29 87.89
22.69 87.82
23.1 87.751
23.52 87.68
23.95 87.61
24.39 87.538
24.83 87.468
25.28 87.395
25.74 87.323
26.21 87.25
26.69 87.176
27.18 87.101
27.67 87.026
28.17 86.949
28.69 86.872
29.21 86.793
29.74 86.713
30.28 86.634
30.83 86.552
31.39 86.47
31.97 86.386
32.55 86.301
33.14 86.214
33.74 86.126
34.36 86.038
34.98 85.948
35.62 85.856
36.27 85.764
36.93 85.669
37.6 85.574
38.28 85.477
38.98 85.38
39.69 85.28
40.41 85.18
41.15 85.077
41.9 84.974
42.66 84.87
43.44 84.764
44.23 84.657
45.03 84.549
45.85 84.44
46.68 84.329
47.53 84.218
48.4 84.104
49.28 83.992
50.18 83.878
51.09 83.765
52.02 83.653
52.97 83.54
53.93 83.428
54.91 83.317
55.91 83.208
56.93 83.101
57.97 82.994
59.02 82.89
60.09 82.788
61.19 82.688
62.3 82.591
63.44 82.493
64.59 82.397
65.77 82.303
66.96 82.207
68.18 82.112
69.42 82.017
70.69 81.92
71.97 81.824
73.28 81.725
74.62 81.625
75.97 81.524
77.36 81.421
78.76 81.318
80.2 81.214
81.66 81.108
83.14 81.003
84.66 80.897
86.2 80.791
87.77 80.684
89.36 80.576
90.99 80.467
92.65 80.359
94.33 80.25
96.05 80.14
97.8 80.029
99.58 79.917
101.39 79.805
103.23 79.692
105.11 79.58
107.03 79.468
108.97 79.357
110.96 79.247
112.98 79.139
115.03 79.034
117.13 78.931
119.26 78.829
121.43 78.732
123.64 78.637
125.89 78.547
128.18 78.459
130.51 78.372
132.89 78.284
135.31 78.196
137.77 78.106
140.28 78.011
142.83 77.915
145.43 77.815
148.07 77.715
150.77 77.616
153.51 77.516
156.31 77.419
159.15 77.321
162.05 77.224
165 77.128
168 77.033
171.06 76.939
174.17 76.847
177.34 76.755
180.57 76.665
183.86 76.579
187.2 76.492
190.61 76.407
194.08 76.325
197.61 76.242
201.21 76.161
204.87 76.08
208.6 76
212.39 75.919
216.26 75.84
220.19 75.762
224.2 75.683
228.28 75.608
232.44 75.533
236.67 75.46
240.97 75.389
245.36 75.321
249.82 75.255
254.37 75.191
259 75.13
263.71 75.073
268.51 75.017
273.4 74.964
278.38 74.911
283.44 74.861
288.6 74.811
293.85 74.761
299.2 74.711
304.65 74.66
310.19 74.608
315.84 74.554
321.59 74.501
327.44 74.447
333.4 74.393
339.47 74.34
345.64 74.29
351.93 74.24
358.34 74.192
364.86 74.146
371.5 74.102
378.26 74.06
385.15 74.02
392.16 73.982
399.29 73.947
406.56 73.913
413.96 73.881
421.49 73.852
429.16 73.825
436.97 73.799
444.93 73.775
453.02 73.751
461.27 73.726
469.66 73.698
478.21 73.668
486.91 73.637
495.78 73.603
504.8 73.569
513.99 73.534
523.34 73.5
532.87 73.467
542.56 73.434
552.44 73.406
562.49 73.38
572.73 73.361
583.15 73.35
593.77 73.348
604.57 73.354
615.57 73.371
626.78 73.391
638.18 73.414
649.8 73.436
661.63 73.455
673.67 73.472
685.93 73.49
698.41 73.506
711.12 73.528
724.06 73.555
737.24 73.588
750.66 73.63
764.32 73.679
778.23 73.736
792.39 73.799
806.82 73.867
821.5 73.941
836.45 74.019
851.67 74.098
867.17 74.181
882.96 74.266
899.02 74.354
915.39 74.446
932.05 74.545
949.01 74.65
966.28 74.762
983.87 74.884
1001.77 75.013
1020 75.149
1038.57 75.291
1057.47 75.439
1076.71 75.589
1096.31 75.738
1116.26 75.886
1136.58 76.035
1157.26 76.183
1178.32 76.33
1199.77 76.475
1221.6 76.618
1243.84 76.755
1266.47 76.887
1289.52 77.013
1312.99 77.132
1336.89 77.248
1361.22 77.362
1385.99 77.48
1411.22 77.6
1436.9 77.727
1463.05 77.857
1489.68 77.992
1516.79 78.13
1544.4 78.272
1572.5 78.418
1601.12 78.566
1630.26 78.713
1659.93 78.858
1690.14 79.001
1720.9 79.145
1752.22 79.291
1784.11 79.442
1816.58 79.604
1849.64 79.778
1883.3 79.964
1917.58 80.163
1952.48 80.367
1988.01 80.576
2024.19 80.782
2061.03 80.983
2098.54 81.172
2136.73 81.352
2175.62 81.521
2215.22 81.682
2255.53 81.832
2296.58 81.973
2338.38 82.104
2380.94 82.222
2424.27 82.326
2468.39 82.418
2513.31 82.499
2559.05 82.579
2605.63 82.664
2653.05 82.765
2701.33 82.886
2750.5 83.024
2800.55 83.172
2851.52 83.316
2903.42 83.44
2956.26 83.532
3010.06 83.589
3064.85 83.609
3120.62 83.601
3177.42 83.57
3235.25 83.523
3294.13 83.466
3354.08 83.401
3415.12 83.333
3477.27 83.264
3540.56 83.195
3605 83.126
3670.6 83.051
3737.41 82.965
3805.43 82.867
3874.68 82.748
3945.2 82.607
4017 82.443
4090.11 82.253
4164.55 82.035
4240.34 81.785
4317.51 81.505
4396.09 81.194
4476.1 80.856
4557.56 80.492
4640.5 80.104
4724.96 79.698
4810.95 79.278
4898.51 78.852
4987.66 78.422
5078.43 77.995
5170.86 77.574
5264.97 77.167
5360.79 76.778
5458.35 76.411
5557.69 76.072
5658.84 75.762
5761.82 75.486
5866.69 75.249
5973.46 75.055
6082.17 74.907
6192.87 74.815
6305.57 74.785
6420.33 74.831
6537.18 74.967
6656.15 75.209
6777.29 75.577
6900.63 76.088
7026.22 76.751
7154.1 77.559
7284.3 78.485
7416.87 79.462
7551.85 80.397
7689.29 81.165
7829.23 81.635
7971.72 81.701
8116.8 81.305
8264.53 80.461
8414.94 79.241
8568.09 77.766
8724.02 76.176
8882.79 74.591
9044.46 73.106
9209.06 71.78
9376.66 70.647
9547.31 69.709
9721.07 68.96
9897.99 68.387
10078.13 67.981
10261.55 67.736
10448.3 67.649
10638.45 67.723
10832.07 67.951
11029.21 68.327
11229.94 68.828
11434.32 69.412
11642.41 70.025
11854.3 70.593
12070.04 71.043
12289.71 71.315
12513.38 71.37
12741.12 71.216
12973 70.902
13209.1 70.514
13449.5 70.157
13694.28 69.931
13943.51 69.908
14197.27 70.112
14455.66 70.514
14718.74 71.029
14986.62 71.556
15259.37 71.975
15537.08 72.155
15819.85 71.925
16107.76 71.102
16400.92 69.561
16699.41 67.276
17003.33 64.334
17312.78 60.895
17627.86 57.142
17948.68 53.249
18275.34 49.365
18607.94 45.618
18946.6 42.125
19291.42 38.95
19642.52 36.053
20000 33.274