20 86.079
20.36 86.098
20.73 86.11
21.11 86.116
21.5 86.115
21.89 86.109
22.29 86.098
22.69 86.082
23.1 86.063
23.52 86.041
23.95 86.019
24.39 85.996
24.83 85.974
25.28 85.954
25.74 85.933
26.21 85.912
26.69 85.891
27.18 85.871
27.67 85.847
28.17 85.819
28.69 85.789
29.21 85.753
29.74 85.711
30.28 85.664
30.83 85.612
31.39 85.554
31.97 85.492
32.55 85.426
33.14 85.358
33.74 85.288
34.36 85.217
34.98 85.144
35.62 85.07
36.27 84.994
36.93 84.914
37.6 84.831
38.28 84.746
38.98 84.657
39.69 84.566
40.41 84.474
41.15 84.381
41.9 84.289
42.66 84.198
43.44 84.11
44.23 84.024
45.03 83.941
45.85 83.86
46.68 83.78
47.53 83.704
48.4 83.63
49.28 83.562
50.18 83.498
51.09 83.44
52.02 83.389
52.97 83.345
53.93 83.309
54.91 83.281
55.91 83.26
56.93 83.247
57.97 83.239
59.02 83.238
60.09 83.239
61.19 83.244
62.3 83.249
63.44 83.252
64.59 83.255
65.77 83.253
66.96 83.248
68.18 83.237
69.42 83.219
70.69 83.189
71.97 83.149
73.28 83.093
74.62 83.021
75.97 82.929
77.36 82.817
78.76 82.68
80.2 82.519
81.66 82.336
83.14 82.132
84.66 81.912
86.2 81.686
87.77 81.462
89.36 81.253
90.99 81.071
92.65 80.927
94.33 80.834
96.05 80.797
97.8 80.818
99.58 80.892
101.39 81.012
103.23 81.163
105.11 81.332
107.03 81.508
108.97 81.679
110.96 81.841
112.98 81.985
115.03 82.108
117.13 82.208
119.26 82.286
121.43 82.341
123.64 82.376
125.89 82.392
128.18 82.389
130.51 82.369
132.89 82.333
135.31 82.282
137.77 82.218
140.28 82.142
142.83 82.053
145.43 81.954
148.07 81.847
150.77 81.733
153.51 81.616
156.31 81.498
159.15 81.381
162.05 81.267
165 81.155
168 81.044
171.06 80.929
174.17 80.809
177.34 80.679
180.57 80.54
183.86 80.391
187.2 80.231
190.61 80.064
194.08 79.889
197.61 79.709
201.21 79.523
204.87 79.333
208.6 79.14
212.39 78.944
216.26 78.746
220.19 78.546
224.2 78.346
228.28 78.145
232.44 77.945
236.67 77.747
240.97 77.553
245.36 77.363
249.82 77.177
254.37 76.996
259 76.819
263.71 76.644
268.51 76.471
273.4 76.303
278.38 76.138
283.44 75.98
288.6 75.827
293.85 75.682
299.2 75.544
304.65 75.416
310.19 75.299
315.84 75.194
321.59 75.102
327.44 75.021
333.4 74.95
339.47 74.889
345.64 74.835
351.93 74.788
358.34 74.745
364.86 74.707
371.5 74.674
378.26 74.646
385.15 74.621
392.16 74.599
399.29 74.58
406.56 74.565
413.96 74.552
421.49 74.54
429.16 74.53
436.97 74.522
444.93 74.514
453.02 74.506
461.27 74.5
469.66 74.493
478.21 74.487
486.91 74.481
495.78 74.476
504.8 74.47
513.99 74.466
523.34 74.461
532.87 74.457
542.56 74.453
552.44 74.448
562.49 74.443
572.73 74.436
583.15 74.428
593.77 74.418
604.57 74.407
615.57 74.395
626.78 74.382
638.18 74.369
649.8 74.355
661.63 74.342
673.67 74.329
685.93 74.318
698.41 74.309
711.12 74.3
724.06 74.293
737.24 74.29
750.66 74.289
764.32 74.292
778.23 74.299
792.39 74.311
806.82 74.327
821.5 74.349
836.45 74.377
851.67 74.412
867.17 74.453
882.96 74.501
899.02 74.555
915.39 74.615
932.05 74.683
949.01 74.756
966.28 74.836
983.87 74.92
1001.77 75.009
1020 75.096
1038.57 75.181
1057.47 75.26
1076.71 75.331
1096.31 75.394
1116.26 75.451
1136.58 75.509
1157.26 75.569
1178.32 75.635
1199.77 75.706
1221.6 75.779
1243.84 75.854
1266.47 75.93
1289.52 76.006
1312.99 76.085
1336.89 76.167
1361.22 76.252
1385.99 76.34
1411.22 76.431
1436.9 76.526
1463.05 76.623
1489.68 76.725
1516.79 76.832
1544.4 76.943
1572.5 77.06
1601.12 77.181
1630.26 77.307
1659.93 77.436
1690.14 77.566
1720.9 77.697
1752.22 77.828
1784.11 77.958
1816.58 78.085
1849.64 78.209
1883.3 78.333
1917.58 78.454
1952.48 78.575
1988.01 78.697
2024.19 78.823
2061.03 78.951
2098.54 79.083
2136.73 79.221
2175.62 79.362
2215.22 79.507
2255.53 79.656
2296.58 79.812
2338.38 79.974
2380.94 80.144
2424.27 80.322
2468.39 80.509
2513.31 80.702
2559.05 80.901
2605.63 81.104
2653.05 81.308
2701.33 81.511
2750.5 81.709
2800.55 81.897
2851.52 82.069
2903.42 82.222
2956.26 82.351
3010.06 82.452
3064.85 82.523
3120.62 82.56
3177.42 82.568
3235.25 82.547
3294.13 82.502
3354.08 82.44
3415.12 82.367
3477.27 82.289
3540.56 82.213
3605 82.142
3670.6 82.079
3737.41 82.028
3805.43 81.989
3874.68 81.96
3945.2 81.942
4017 81.929
4090.11 81.915
4164.55 81.898
4240.34 81.871
4317.51 81.828
4396.09 81.77
4476.1 81.699
4557.56 81.622
4640.5 81.548
4724.96 81.494
4810.95 81.476
4898.51 81.51
4987.66 81.61
5078.43 81.783
5170.86 82.036
5264.97 82.365
5360.79 82.767
5458.35 83.235
5557.69 83.755
5658.84 84.306
5761.82 84.86
5866.69 85.379
5973.46 85.823
6082.17 86.151
6192.87 86.335
6305.57 86.355
6420.33 86.205
6537.18 85.899
6656.15 85.459
6777.29 84.918
6900.63 84.311
7026.22 83.672
7154.1 83.037
7284.3 82.436
7416.87 81.898
7551.85 81.447
7689.29 81.104
7829.23 80.882
7971.72 80.785
8116.8 80.805
8264.53 80.919
8414.94 81.095
8568.09 81.294
8724.02 81.471
8882.79 81.584
9044.46 81.602
9209.06 81.5
9376.66 81.275
9547.31 80.936
9721.07 80.503
9897.99 80.011
10078.13 79.495
10261.55 78.991
10448.3 78.531
10638.45 78.139
10832.07 77.828
11029.21 77.603
11229.94 77.457
11434.32 77.371
11642.41 77.32
11854.3 77.274
12070.04 77.203
12289.71 77.086
12513.38 76.915
12741.12 76.694
12973 76.451
13209.1 76.219
13449.5 76.047
13694.28 75.99
13943.51 76.085
14197.27 76.341
14455.66 76.714
14718.74 77.091
14986.62 77.298
15259.37 77.126
15537.08 76.383
15819.85 74.955
16107.76 72.849
16400.92 70.178
16699.41 67.133
17003.33 63.925
17312.78 60.745
17627.86 57.735
17948.68 54.98
18275.34 52.513
18607.94 50.33
18946.6 48.388
19291.42 46.627
19642.52 44.974
20000 43.361