20 84.31
20.36 84.311
20.73 84.311
21.11 84.312
21.5 84.312
21.89 84.313
22.29 84.313
22.69 84.314
23.1 84.314
23.52 84.313
23.95 84.313
24.39 84.313
24.83 84.312
25.28 84.31
25.74 84.309
26.21 84.307
26.69 84.305
27.18 84.303
27.67 84.3
28.17 84.296
28.69 84.292
29.21 84.288
29.74 84.283
30.28 84.278
30.83 84.271
31.39 84.265
31.97 84.257
32.55 84.25
33.14 84.241
33.74 84.231
34.36 84.221
34.98 84.211
35.62 84.199
36.27 84.187
36.93 84.173
37.6 84.159
38.28 84.144
38.98 84.129
39.69 84.112
40.41 84.094
41.15 84.075
41.9 84.055
42.66 84.034
43.44 84.013
44.23 83.99
45.03 83.966
45.85 83.941
46.68 83.914
47.53 83.887
48.4 83.859
49.28 83.829
50.18 83.797
51.09 83.765
52.02 83.732
52.97 83.697
53.93 83.66
54.91 83.623
55.91 83.583
56.93 83.543
57.97 83.501
59.02 83.457
60.09 83.413
61.19 83.366
62.3 83.318
63.44 83.268
64.59 83.218
65.77 83.166
66.96 83.112
68.18 83.058
69.42 83.002
70.69 82.945
71.97 82.886
73.28 82.827
74.62 82.767
75.97 82.705
77.36 82.643
78.76 82.579
80.2 82.515
81.66 82.45
83.14 82.384
84.66 82.317
86.2 82.249
87.77 82.18
89.36 82.111
90.99 82.04
92.65 81.967
94.33 81.893
96.05 81.817
97.8 81.738
99.58 81.658
101.39 81.575
103.23 81.489
105.11 81.401
107.03 81.309
108.97 81.215
110.96 81.117
112.98 81.016
115.03 80.913
117.13 80.809
119.26 80.705
121.43 80.602
123.64 80.503
125.89 80.407
128.18 80.315
130.51 80.227
132.89 80.142
135.31 80.059
137.77 79.979
140.28 79.9
142.83 79.822
145.43 79.745
148.07 79.666
150.77 79.586
153.51 79.505
156.31 79.423
159.15 79.343
162.05 79.266
165 79.192
168 79.124
171.06 79.063
174.17 79.012
177.34 78.972
180.57 78.938
183.86 78.897
187.2 78.838
190.61 78.751
194.08 78.636
197.61 78.506
201.21 78.372
204.87 78.243
208.6 78.118
212.39 77.999
216.26 77.884
220.19 77.773
224.2 77.665
228.28 77.561
232.44 77.459
236.67 77.359
240.97 77.26
245.36 77.162
249.82 77.065
254.37 76.968
259 76.871
263.71 76.775
268.51 76.678
273.4 76.58
278.38 76.482
283.44 76.385
288.6 76.289
293.85 76.193
299.2 76.1
304.65 76.008
310.19 75.919
315.84 75.833
321.59 75.749
327.44 75.67
333.4 75.593
339.47 75.52
345.64 75.449
351.93 75.379
358.34 75.309
364.86 75.238
371.5 75.166
378.26 75.092
385.15 75.018
392.16 74.943
399.29 74.868
406.56 74.793
413.96 74.718
421.49 74.645
429.16 74.574
436.97 74.504
444.93 74.438
453.02 74.373
461.27 74.312
469.66 74.252
478.21 74.193
486.91 74.136
495.78 74.081
504.8 74.027
513.99 73.975
523.34 73.924
532.87 73.876
542.56 73.83
552.44 73.786
562.49 73.745
572.73 73.705
583.15 73.669
593.77 73.634
604.57 73.602
615.57 73.574
626.78 73.55
638.18 73.53
649.8 73.514
661.63 73.502
673.67 73.494
685.93 73.491
698.41 73.493
711.12 73.5
724.06 73.511
737.24 73.528
750.66 73.55
764.32 73.579
778.23 73.614
792.39 73.657
806.82 73.708
821.5 73.767
836.45 73.834
851.67 73.911
867.17 73.996
882.96 74.091
899.02 74.195
915.39 74.308
932.05 74.431
949.01 74.564
966.28 74.706
983.87 74.857
1001.77 75.016
1020 75.182
1038.57 75.354
1057.47 75.533
1076.71 75.717
1096.31 75.906
1116.26 76.098
1136.58 76.292
1157.26 76.486
1178.32 76.677
1199.77 76.863
1221.6 77.039
1243.84 77.202
1266.47 77.349
1289.52 77.481
1312.99 77.61
1336.89 77.749
1361.22 77.914
1385.99 78.107
1411.22 78.327
1436.9 78.569
1463.05 78.828
1489.68 79.099
1516.79 79.377
1544.4 79.651
1572.5 79.91
1601.12 80.143
1630.26 80.343
1659.93 80.515
1690.14 80.679
1720.9 80.86
1752.22 81.078
1784.11 81.344
1816.58 81.661
1849.64 82.024
1883.3 82.426
1917.58 82.86
1952.48 83.322
1988.01 83.806
2024.19 84.31
2061.03 84.832
2098.54 85.371
2136.73 85.925
2175.62 86.493
2215.22 87.07
2255.53 87.65
2296.58 88.224
2338.38 88.779
2380.94 89.295
2424.27 89.751
2468.39 90.127
2513.31 90.402
2559.05 90.563
2605.63 90.601
2653.05 90.522
2701.33 90.337
2750.5 90.065
2800.55 89.732
2851.52 89.36
2903.42 88.97
2956.26 88.577
3010.06 88.193
3064.85 87.825
3120.62 87.48
3177.42 87.159
3235.25 86.867
3294.13 86.604
3354.08 86.374
3415.12 86.175
3477.27 86.012
3540.56 85.887
3605 85.808
3670.6 85.781
3737.41 85.813
3805.43 85.914
3874.68 86.087
3945.2 86.34
4017 86.675
4090.11 87.098
4164.55 87.613
4240.34 88.22
4317.51 88.916
4396.09 89.684
4476.1 90.481
4557.56 91.238
4640.5 91.865
4724.96 92.267
4810.95 92.356
4898.51 92.082
4987.66 91.446
5078.43 90.495
5170.86 89.309
5264.97 87.978
5360.79 86.583
5458.35 85.19
5557.69 83.848
5658.84 82.593
5761.82 81.444
5866.69 80.41
5973.46 79.489
6082.17 78.674
6192.87 77.953
6305.57 77.318
6420.33 76.76
6537.18 76.274
6656.15 75.856
6777.29 75.502
6900.63 75.212
7026.22 74.986
7154.1 74.829
7284.3 74.748
7416.87 74.757
7551.85 74.871
7689.29 75.117
7829.23 75.522
7971.72 76.119
8116.8 76.937
8264.53 77.982
8414.94 79.229
8568.09 80.599
8724.02 81.946
8882.79 83.072
9044.46 83.76
9209.06 83.844
9376.66 83.27
9547.31 82.125
9721.07 80.593
9897.99 78.893
10078.13 77.219
10261.55 75.713
10448.3 74.456
10638.45 73.483
10832.07 72.798
11029.21 72.388
11229.94 72.228
11434.32 72.292
11642.41 72.549
11854.3 72.969
12070.04 73.514
12289.71 74.132
12513.38 74.742
12741.12 75.23
12973 75.463
13209.1 75.317
13449.5 74.722
13694.28 73.69
13943.51 72.323
14197.27 70.778
14455.66 69.225
14718.74 67.807
14986.62 66.623
15259.37 65.736
15537.08 65.188
15819.85 65.017
16107.76 65.259
16400.92 65.919
16699.41 66.934
17003.33 68.153
17312.78 69.34
17627.86 70.224
17948.68 70.58
18275.34 70.313
18607.94 69.487
18946.6 68.278
19291.42 66.879
19642.52 65.422
20000 63.958