20 86.7
20.36 86.645
20.73 86.59
21.11 86.535
21.5 86.48
21.89 86.424
22.29 86.369
22.69 86.312
23.1 86.256
23.52 86.199
23.95 86.141
24.39 86.084
24.83 86.025
25.28 85.965
25.74 85.905
26.21 85.844
26.69 85.783
27.18 85.72
27.67 85.656
28.17 85.591
28.69 85.525
29.21 85.458
29.74 85.389
30.28 85.319
30.83 85.248
31.39 85.176
31.97 85.102
32.55 85.026
33.14 84.949
33.74 84.871
34.36 84.79
34.98 84.708
35.62 84.625
36.27 84.539
36.93 84.453
37.6 84.365
38.28 84.274
38.98 84.183
39.69 84.091
40.41 83.996
41.15 83.901
41.9 83.804
42.66 83.706
43.44 83.606
44.23 83.504
45.03 83.402
45.85 83.298
46.68 83.193
47.53 83.086
48.4 82.98
49.28 82.872
50.18 82.765
51.09 82.658
52.02 82.552
52.97 82.447
53.93 82.344
54.91 82.241
55.91 82.141
56.93 82.044
57.97 81.949
59.02 81.857
60.09 81.769
61.19 81.683
62.3 81.599
63.44 81.516
64.59 81.434
65.77 81.351
66.96 81.267
68.18 81.18
69.42 81.09
70.69 80.997
71.97 80.899
73.28 80.796
74.62 80.688
75.97 80.576
77.36 80.462
78.76 80.345
80.2 80.228
81.66 80.11
83.14 79.993
84.66 79.877
86.2 79.764
87.77 79.653
89.36 79.544
90.99 79.436
92.65 79.331
94.33 79.227
96.05 79.123
97.8 79.021
99.58 78.92
101.39 78.819
103.23 78.72
105.11 78.623
107.03 78.528
108.97 78.435
110.96 78.346
112.98 78.259
115.03 78.173
117.13 78.088
119.26 78.001
121.43 77.911
123.64 77.816
125.89 77.715
128.18 77.61
130.51 77.5
132.89 77.388
135.31 77.275
137.77 77.162
140.28 77.05
142.83 76.94
145.43 76.832
148.07 76.726
150.77 76.622
153.51 76.521
156.31 76.422
159.15 76.324
162.05 76.228
165 76.133
168 76.04
171.06 75.949
174.17 75.86
177.34 75.773
180.57 75.687
183.86 75.604
187.2 75.522
190.61 75.442
194.08 75.364
197.61 75.286
201.21 75.21
204.87 75.135
208.6 75.061
212.39 74.988
216.26 74.915
220.19 74.843
224.2 74.771
228.28 74.699
232.44 74.627
236.67 74.556
240.97 74.486
245.36 74.419
249.82 74.353
254.37 74.29
259 74.23
263.71 74.174
268.51 74.119
273.4 74.067
278.38 74.017
283.44 73.969
288.6 73.921
293.85 73.874
299.2 73.827
304.65 73.778
310.19 73.729
315.84 73.679
321.59 73.628
327.44 73.577
333.4 73.527
339.47 73.477
345.64 73.429
351.93 73.382
358.34 73.336
364.86 73.292
371.5 73.251
378.26 73.212
385.15 73.176
392.16 73.142
399.29 73.113
406.56 73.086
413.96 73.063
421.49 73.044
429.16 73.03
436.97 73.018
444.93 73.009
453.02 73
461.27 72.99
469.66 72.978
478.21 72.963
486.91 72.944
495.78 72.924
504.8 72.903
513.99 72.883
523.34 72.863
532.87 72.845
542.56 72.83
552.44 72.817
562.49 72.807
572.73 72.8
583.15 72.796
593.77 72.794
604.57 72.797
615.57 72.803
626.78 72.814
638.18 72.831
649.8 72.854
661.63 72.881
673.67 72.912
685.93 72.947
698.41 72.983
711.12 73.021
724.06 73.061
737.24 73.106
750.66 73.154
764.32 73.21
778.23 73.274
792.39 73.349
806.82 73.435
821.5 73.532
836.45 73.639
851.67 73.754
867.17 73.874
882.96 73.999
899.02 74.128
915.39 74.261
932.05 74.399
949.01 74.542
966.28 74.693
983.87 74.85
1001.77 75.016
1020 75.19
1038.57 75.37
1057.47 75.556
1076.71 75.747
1096.31 75.94
1116.26 76.133
1136.58 76.325
1157.26 76.513
1178.32 76.696
1199.77 76.873
1221.6 77.039
1243.84 77.194
1266.47 77.342
1289.52 77.484
1312.99 77.625
1336.89 77.769
1361.22 77.922
1385.99 78.087
1411.22 78.265
1436.9 78.457
1463.05 78.662
1489.68 78.878
1516.79 79.103
1544.4 79.339
1572.5 79.584
1601.12 79.835
1630.26 80.086
1659.93 80.338
1690.14 80.59
1720.9 80.843
1752.22 81.1
1784.11 81.365
1816.58 81.642
1849.64 81.932
1883.3 82.232
1917.58 82.538
1952.48 82.842
1988.01 83.135
2024.19 83.406
2061.03 83.643
2098.54 83.84
2136.73 83.991
2175.62 84.102
2215.22 84.183
2255.53 84.245
2296.58 84.296
2338.38 84.34
2380.94 84.374
2424.27 84.396
2468.39 84.4
2513.31 84.385
2559.05 84.349
2605.63 84.292
2653.05 84.21
2701.33 84.103
2750.5 83.964
2800.55 83.787
2851.52 83.569
2903.42 83.31
2956.26 83.023
3010.06 82.729
3064.85 82.453
3120.62 82.22
3177.42 82.04
3235.25 81.916
3294.13 81.84
3354.08 81.804
3415.12 81.803
3477.27 81.832
3540.56 81.892
3605 81.982
3670.6 82.101
3737.41 82.243
3805.43 82.4
3874.68 82.562
3945.2 82.718
4017 82.861
4090.11 82.992
4164.55 83.118
4240.34 83.251
4317.51 83.398
4396.09 83.549
4476.1 83.68
4557.56 83.763
4640.5 83.771
4724.96 83.692
4810.95 83.527
4898.51 83.286
4987.66 82.981
5078.43 82.625
5170.86 82.225
5264.97 81.786
5360.79 81.309
5458.35 80.789
5557.69 80.218
5658.84 79.588
5761.82 78.899
5866.69 78.167
5973.46 77.428
6082.17 76.739
6192.87 76.159
6305.57 75.734
6420.33 75.485
6537.18 75.411
6656.15 75.503
6777.29 75.749
6900.63 76.139
7026.22 76.664
7154.1 77.313
7284.3 78.067
7416.87 78.89
7551.85 79.724
7689.29 80.488
7829.23 81.095
7971.72 81.464
8116.8 81.549
8264.53 81.354
8414.94 80.93
8568.09 80.36
8724.02 79.732
8882.79 79.108
9044.46 78.51
9209.06 77.92
9376.66 77.29
9547.31 76.562
9721.07 75.687
9897.99 74.636
10078.13 73.421
10261.55 72.095
10448.3 70.742
10638.45 69.464
10832.07 68.351
11029.21 67.474
11229.94 66.868
11434.32 66.543
11642.41 66.489
11854.3 66.689
12070.04 67.132
12289.71 67.804
12513.38 68.69
12741.12 69.753
12973 70.928
13209.1 72.112
13449.5 73.182
13694.28 74.016
13943.51 74.522
14197.27 74.668
14455.66 74.499
14718.74 74.125
14986.62 73.702
15259.37 73.385
15537.08 73.289
15819.85 73.455
16107.76 73.837
16400.92 74.309
16699.41 74.689
17003.33 74.788
17312.78 74.469
17627.86 73.675
17948.68 72.433
18275.34 70.829
18607.94 68.969
18946.6 66.961
19291.42 64.884
19642.52 62.792
20000 60.7