20 80.238
20.36 80.23
20.73 80.217
21.11 80.201
21.5 80.181
21.89 80.158
22.29 80.131
22.69 80.102
23.1 80.071
23.52 80.039
23.95 80.006
24.39 79.974
24.83 79.943
25.28 79.915
25.74 79.889
26.21 79.865
26.69 79.843
27.18 79.822
27.67 79.801
28.17 79.78
28.69 79.757
29.21 79.732
29.74 79.703
30.28 79.672
30.83 79.637
31.39 79.599
31.97 79.56
32.55 79.52
33.14 79.478
33.74 79.437
34.36 79.397
34.98 79.355
35.62 79.314
36.27 79.272
36.93 79.229
37.6 79.183
38.28 79.135
38.98 79.084
39.69 79.032
40.41 78.979
41.15 78.928
41.9 78.881
42.66 78.839
43.44 78.802
44.23 78.771
45.03 78.741
45.85 78.713
46.68 78.683
47.53 78.65
48.4 78.615
49.28 78.576
50.18 78.534
51.09 78.49
52.02 78.444
52.97 78.398
53.93 78.354
54.91 78.312
55.91 78.273
56.93 78.235
57.97 78.198
59.02 78.16
60.09 78.122
61.19 78.082
62.3 78.043
63.44 78.006
64.59 77.97
65.77 77.937
66.96 77.905
68.18 77.872
69.42 77.836
70.69 77.797
71.97 77.754
73.28 77.71
74.62 77.668
75.97 77.629
77.36 77.592
78.76 77.558
80.2 77.522
81.66 77.482
83.14 77.434
84.66 77.38
86.2 77.321
87.77 77.258
89.36 77.195
90.99 77.134
92.65 77.075
94.33 77.019
96.05 76.967
97.8 76.918
99.58 76.874
101.39 76.833
103.23 76.797
105.11 76.763
107.03 76.728
108.97 76.689
110.96 76.646
112.98 76.597
115.03 76.544
117.13 76.489
119.26 76.436
121.43 76.386
123.64 76.342
125.89 76.301
128.18 76.264
130.51 76.229
132.89 76.195
135.31 76.163
137.77 76.131
140.28 76.097
142.83 76.061
145.43 76.023
148.07 75.98
150.77 75.934
153.51 75.886
156.31 75.835
159.15 75.784
162.05 75.731
165 75.679
168 75.629
171.06 75.583
174.17 75.542
177.34 75.507
180.57 75.476
183.86 75.449
187.2 75.423
190.61 75.397
194.08 75.37
197.61 75.341
201.21 75.312
204.87 75.281
208.6 75.249
212.39 75.216
216.26 75.181
220.19 75.143
224.2 75.104
228.28 75.062
232.44 75.019
236.67 74.973
240.97 74.927
245.36 74.881
249.82 74.836
254.37 74.794
259 74.755
263.71 74.719
268.51 74.685
273.4 74.654
278.38 74.625
283.44 74.598
288.6 74.572
293.85 74.545
299.2 74.516
304.65 74.484
310.19 74.449
315.84 74.411
321.59 74.373
327.44 74.335
333.4 74.297
339.47 74.26
345.64 74.223
351.93 74.188
358.34 74.153
364.86 74.119
371.5 74.087
378.26 74.057
385.15 74.028
392.16 74.001
399.29 73.976
406.56 73.952
413.96 73.931
421.49 73.912
429.16 73.895
436.97 73.879
444.93 73.866
453.02 73.853
461.27 73.838
469.66 73.82
478.21 73.8
486.91 73.778
495.78 73.754
504.8 73.731
513.99 73.708
523.34 73.687
532.87 73.668
542.56 73.652
552.44 73.638
562.49 73.626
572.73 73.617
583.15 73.608
593.77 73.603
604.57 73.599
615.57 73.599
626.78 73.604
638.18 73.613
649.8 73.628
661.63 73.647
673.67 73.67
685.93 73.696
698.41 73.722
711.12 73.749
724.06 73.778
737.24 73.81
750.66 73.847
764.32 73.887
778.23 73.934
792.39 73.985
806.82 74.04
821.5 74.099
836.45 74.158
851.67 74.218
867.17 74.279
882.96 74.344
899.02 74.413
915.39 74.491
932.05 74.576
949.01 74.671
966.28 74.775
983.87 74.889
1001.77 75.012
1020 75.144
1038.57 75.283
1057.47 75.427
1076.71 75.574
1096.31 75.723
1116.26 75.87
1136.58 76.015
1157.26 76.16
1178.32 76.304
1199.77 76.447
1221.6 76.588
1243.84 76.726
1266.47 76.86
1289.52 76.991
1312.99 77.12
1336.89 77.249
1361.22 77.38
1385.99 77.513
1411.22 77.649
1436.9 77.786
1463.05 77.922
1489.68 78.055
1516.79 78.184
1544.4 78.308
1572.5 78.427
1601.12 78.54
1630.26 78.648
1659.93 78.753
1690.14 78.854
1720.9 78.953
1752.22 79.054
1784.11 79.157
1816.58 79.268
1849.64 79.39
1883.3 79.525
1917.58 79.674
1952.48 79.838
1988.01 80.014
2024.19 80.198
2061.03 80.384
2098.54 80.568
2136.73 80.745
2175.62 80.915
2215.22 81.078
2255.53 81.236
2296.58 81.392
2338.38 81.553
2380.94 81.725
2424.27 81.912
2468.39 82.122
2513.31 82.36
2559.05 82.629
2605.63 82.93
2653.05 83.258
2701.33 83.598
2750.5 83.937
2800.55 84.254
2851.52 84.535
2903.42 84.769
2956.26 84.95
3010.06 85.073
3064.85 85.141
3120.62 85.153
3177.42 85.113
3235.25 85.026
3294.13 84.899
3354.08 84.74
3415.12 84.563
3477.27 84.382
3540.56 84.206
3605 84.044
3670.6 83.897
3737.41 83.764
3805.43 83.641
3874.68 83.519
3945.2 83.392
4017 83.251
4090.11 83.094
4164.55 82.919
4240.34 82.731
4317.51 82.538
4396.09 82.353
4476.1 82.192
4557.56 82.071
4640.5 82
4724.96 81.984
4810.95 82.016
4898.51 82.08
4987.66 82.152
5078.43 82.201
5170.86 82.204
5264.97 82.146
5360.79 82.024
5458.35 81.842
5557.69 81.615
5658.84 81.364
5761.82 81.113
5866.69 80.884
5973.46 80.698
6082.17 80.573
6192.87 80.52
6305.57 80.544
6420.33 80.645
6537.18 80.818
6656.15 81.05
6777.29 81.333
6900.63 81.658
7026.22 82.024
7154.1 82.427
7284.3 82.862
7416.87 83.31
7551.85 83.738
7689.29 84.094
7829.23 84.324
7971.72 84.377
8116.8 84.219
8264.53 83.846
8414.94 83.279
8568.09 82.565
8724.02 81.776
8882.79 80.995
9044.46 80.304
9209.06 79.773
9376.66 79.448
9547.31 79.343
9721.07 79.434
9897.99 79.665
10078.13 79.946
10261.55 80.167
10448.3 80.219
10638.45 80.013
10832.07 79.496
11029.21 78.657
11229.94 77.527
11434.32 76.168
11642.41 74.665
11854.3 73.107
12070.04 71.583
12289.71 70.167
12513.38 68.92
12741.12 67.887
12973 67.096
13209.1 66.559
13449.5 66.283
13694.28 66.265
13943.51 66.493
14197.27 66.938
14455.66 67.556
14718.74 68.291
14986.62 69.09
15259.37 69.91
15537.08 70.716
15819.85 71.465
16107.76 72.083
16400.92 72.455
16699.41 72.45
17003.33 71.976
17312.78 71.025
17627.86 69.677
17948.68 68.072
18275.34 66.37
18607.94 64.703
18946.6 63.152
19291.42 61.727
19642.52 60.389
20000 59.085