20 86.346
20.36 86.317
20.73 86.286
21.11 86.252
21.5 86.216
21.89 86.177
22.29 86.135
22.69 86.091
23.1 86.045
23.52 85.998
23.95 85.949
24.39 85.9
24.83 85.852
25.28 85.805
25.74 85.76
26.21 85.716
26.69 85.675
27.18 85.633
27.67 85.591
28.17 85.547
28.69 85.5
29.21 85.449
29.74 85.394
30.28 85.336
30.83 85.275
31.39 85.212
31.97 85.147
32.55 85.082
33.14 85.015
33.74 84.948
34.36 84.881
34.98 84.814
35.62 84.745
36.27 84.676
36.93 84.604
37.6 84.53
38.28 84.455
38.98 84.377
39.69 84.298
40.41 84.219
41.15 84.139
41.9 84.06
42.66 83.981
43.44 83.903
44.23 83.827
45.03 83.75
45.85 83.672
46.68 83.593
47.53 83.513
48.4 83.429
49.28 83.344
50.18 83.257
51.09 83.168
52.02 83.078
52.97 82.989
53.93 82.9
54.91 82.811
55.91 82.723
56.93 82.633
57.97 82.541
59.02 82.445
60.09 82.348
61.19 82.248
62.3 82.148
63.44 82.052
64.59 81.961
65.77 81.877
66.96 81.8
68.18 81.728
69.42 81.659
70.69 81.586
71.97 81.508
73.28 81.423
74.62 81.331
75.97 81.236
77.36 81.138
78.76 81.039
80.2 80.939
81.66 80.836
83.14 80.729
84.66 80.619
86.2 80.506
87.77 80.393
89.36 80.281
90.99 80.171
92.65 80.065
94.33 79.963
96.05 79.866
97.8 79.773
99.58 79.682
101.39 79.594
103.23 79.507
105.11 79.42
107.03 79.334
108.97 79.247
110.96 79.158
112.98 79.067
115.03 78.975
117.13 78.882
119.26 78.788
121.43 78.692
123.64 78.596
125.89 78.501
128.18 78.411
130.51 78.325
132.89 78.243
135.31 78.162
137.77 78.082
140.28 77.999
142.83 77.914
145.43 77.824
148.07 77.73
150.77 77.634
153.51 77.535
156.31 77.438
159.15 77.342
162.05 77.25
165 77.161
168 77.075
171.06 76.991
174.17 76.91
177.34 76.833
180.57 76.761
183.86 76.693
187.2 76.629
190.61 76.569
194.08 76.51
197.61 76.452
201.21 76.393
204.87 76.332
208.6 76.268
212.39 76.201
216.26 76.13
220.19 76.056
224.2 75.981
228.28 75.905
232.44 75.83
236.67 75.755
240.97 75.681
245.36 75.608
249.82 75.539
254.37 75.473
259 75.411
263.71 75.353
268.51 75.298
273.4 75.246
278.38 75.196
283.44 75.149
288.6 75.103
293.85 75.057
299.2 75.008
304.65 74.958
310.19 74.907
315.84 74.853
321.59 74.8
327.44 74.746
333.4 74.694
339.47 74.643
345.64 74.593
351.93 74.544
358.34 74.496
364.86 74.45
371.5 74.405
378.26 74.363
385.15 74.322
392.16 74.284
399.29 74.248
406.56 74.214
413.96 74.182
421.49 74.152
429.16 74.126
436.97 74.101
444.93 74.077
453.02 74.054
461.27 74.03
469.66 74.003
478.21 73.974
486.91 73.943
495.78 73.912
504.8 73.881
513.99 73.851
523.34 73.823
532.87 73.798
542.56 73.774
552.44 73.754
562.49 73.736
572.73 73.72
583.15 73.706
593.77 73.695
604.57 73.687
615.57 73.682
626.78 73.681
638.18 73.686
649.8 73.696
661.63 73.71
673.67 73.729
685.93 73.749
698.41 73.77
711.12 73.793
724.06 73.818
737.24 73.845
750.66 73.877
764.32 73.914
778.23 73.956
792.39 74.005
806.82 74.057
821.5 74.113
836.45 74.17
851.67 74.228
867.17 74.287
882.96 74.35
899.02 74.419
915.39 74.495
932.05 74.579
949.01 74.673
966.28 74.776
983.87 74.89
1001.77 75.012
1020 75.143
1038.57 75.281
1057.47 75.424
1076.71 75.57
1096.31 75.716
1116.26 75.862
1136.58 76.005
1157.26 76.148
1178.32 76.29
1199.77 76.432
1221.6 76.571
1243.84 76.707
1266.47 76.84
1289.52 76.969
1312.99 77.097
1336.89 77.225
1361.22 77.353
1385.99 77.485
1411.22 77.619
1436.9 77.754
1463.05 77.888
1489.68 78.02
1516.79 78.148
1544.4 78.271
1572.5 78.39
1601.12 78.505
1630.26 78.616
1659.93 78.724
1690.14 78.829
1720.9 78.932
1752.22 79.035
1784.11 79.142
1816.58 79.254
1849.64 79.376
1883.3 79.51
1917.58 79.658
1952.48 79.82
1988.01 79.992
2024.19 80.173
2061.03 80.355
2098.54 80.534
2136.73 80.707
2175.62 80.871
2215.22 81.029
2255.53 81.183
2296.58 81.338
2338.38 81.5
2380.94 81.678
2424.27 81.88
2468.39 82.109
2513.31 82.373
2559.05 82.67
2605.63 82.997
2653.05 83.342
2701.33 83.688
2750.5 84.018
2800.55 84.32
2851.52 84.583
2903.42 84.799
2956.26 84.968
3010.06 85.086
3064.85 85.155
3120.62 85.173
3177.42 85.144
3235.25 85.07
3294.13 84.955
3354.08 84.808
3415.12 84.64
3477.27 84.465
3540.56 84.294
3605 84.135
3670.6 83.99
3737.41 83.859
3805.43 83.736
3874.68 83.615
3945.2 83.488
4017 83.349
4090.11 83.193
4164.55 83.022
4240.34 82.836
4317.51 82.645
4396.09 82.463
4476.1 82.303
4557.56 82.182
4640.5 82.112
4724.96 82.099
4810.95 82.139
4898.51 82.216
4987.66 82.302
5078.43 82.368
5170.86 82.388
5264.97 82.347
5360.79 82.239
5458.35 82.07
5557.69 81.852
5658.84 81.609
5761.82 81.361
5866.69 81.136
5973.46 80.953
6082.17 80.832
6192.87 80.785
6305.57 80.819
6420.33 80.932
6537.18 81.119
6656.15 81.368
6777.29 81.668
6900.63 82.01
7026.22 82.391
7154.1 82.805
7284.3 83.246
7416.87 83.693
7551.85 84.112
7689.29 84.452
7829.23 84.659
7971.72 84.685
8116.8 84.501
8264.53 84.104
8414.94 83.519
8568.09 82.796
8724.02 82.006
8882.79 81.233
9044.46 80.557
9209.06 80.047
9376.66 79.746
9547.31 79.668
9721.07 79.787
9897.99 80.045
10078.13 80.351
10261.55 80.595
10448.3 80.668
10638.45 80.481
10832.07 79.979
11029.21 79.153
11229.94 78.035
11434.32 76.689
11642.41 75.2
11854.3 73.658
12070.04 72.151
12289.71 70.755
12513.38 69.531
12741.12 68.522
12973 67.758
13209.1 67.252
13449.5 67.006
13694.28 67.02
13943.51 67.278
14197.27 67.749
14455.66 68.386
14718.74 69.131
14986.62 69.93
15259.37 70.737
15537.08 71.518
15819.85 72.232
16107.76 72.807
16400.92 73.132
16699.41 73.079
17003.33 72.563
17312.78 71.579
17627.86 70.209
17948.68 68.597
18275.34 66.902
18607.94 65.254
18946.6 63.728
19291.42 62.332
19642.52 61.026
20000 59.753