20 85.27
20.36 85.284
20.73 85.298
21.11 85.312
21.5 85.326
21.89 85.34
22.29 85.354
22.69 85.368
23.1 85.381
23.52 85.395
23.95 85.407
24.39 85.421
24.83 85.433
25.28 85.446
25.74 85.458
26.21 85.469
26.69 85.48
27.18 85.491
27.67 85.502
28.17 85.511
28.69 85.521
29.21 85.529
29.74 85.538
30.28 85.545
30.83 85.553
31.39 85.56
31.97 85.565
32.55 85.571
33.14 85.576
33.74 85.58
34.36 85.582
34.98 85.585
35.62 85.586
36.27 85.586
36.93 85.585
37.6 85.584
38.28 85.581
38.98 85.577
39.69 85.57
40.41 85.563
41.15 85.555
41.9 85.545
42.66 85.533
43.44 85.519
44.23 85.504
45.03 85.487
45.85 85.469
46.68 85.448
47.53 85.425
48.4 85.401
49.28 85.375
50.18 85.348
51.09 85.32
52.02 85.289
52.97 85.259
53.93 85.227
54.91 85.195
55.91 85.162
56.93 85.128
57.97 85.095
59.02 85.06
60.09 85.026
61.19 84.992
62.3 84.957
63.44 84.922
64.59 84.886
65.77 84.849
66.96 84.812
68.18 84.775
69.42 84.736
70.69 84.697
71.97 84.657
73.28 84.615
74.62 84.573
75.97 84.528
77.36 84.481
78.76 84.432
80.2 84.381
81.66 84.326
83.14 84.267
84.66 84.204
86.2 84.138
87.77 84.069
89.36 83.996
90.99 83.921
92.65 83.844
94.33 83.766
96.05 83.688
97.8 83.609
99.58 83.53
101.39 83.451
103.23 83.373
105.11 83.294
107.03 83.214
108.97 83.134
110.96 83.055
112.98 82.973
115.03 82.891
117.13 82.808
119.26 82.724
121.43 82.641
123.64 82.555
125.89 82.469
128.18 82.382
130.51 82.294
132.89 82.205
135.31 82.116
137.77 82.025
140.28 81.934
142.83 81.843
145.43 81.75
148.07 81.656
150.77 81.561
153.51 81.465
156.31 81.368
159.15 81.269
162.05 81.169
165 81.067
168 80.965
171.06 80.862
174.17 80.761
177.34 80.661
180.57 80.562
183.86 80.464
187.2 80.365
190.61 80.266
194.08 80.166
197.61 80.066
201.21 79.965
204.87 79.865
208.6 79.764
212.39 79.663
216.26 79.559
220.19 79.455
224.2 79.349
228.28 79.243
232.44 79.137
236.67 79.03
240.97 78.923
245.36 78.815
249.82 78.709
254.37 78.606
259 78.506
263.71 78.409
268.51 78.314
273.4 78.22
278.38 78.127
283.44 78.035
288.6 77.943
293.85 77.849
299.2 77.752
304.65 77.655
310.19 77.557
315.84 77.459
321.59 77.36
327.44 77.264
333.4 77.169
339.47 77.076
345.64 76.982
351.93 76.888
358.34 76.792
364.86 76.697
371.5 76.601
378.26 76.506
385.15 76.413
392.16 76.321
399.29 76.232
406.56 76.146
413.96 76.062
421.49 75.981
429.16 75.902
436.97 75.825
444.93 75.748
453.02 75.671
461.27 75.592
469.66 75.511
478.21 75.43
486.91 75.348
495.78 75.267
504.8 75.187
513.99 75.108
523.34 75.032
532.87 74.956
542.56 74.883
552.44 74.815
562.49 74.749
572.73 74.687
583.15 74.629
593.77 74.574
604.57 74.524
615.57 74.479
626.78 74.439
638.18 74.404
649.8 74.374
661.63 74.347
673.67 74.323
685.93 74.3
698.41 74.28
711.12 74.263
724.06 74.253
737.24 74.249
750.66 74.253
764.32 74.263
778.23 74.276
792.39 74.286
806.82 74.29
821.5 74.29
836.45 74.287
851.67 74.29
867.17 74.306
882.96 74.34
899.02 74.393
915.39 74.466
932.05 74.554
949.01 74.656
966.28 74.767
983.87 74.886
1001.77 75.012
1020 75.147
1038.57 75.289
1057.47 75.436
1076.71 75.585
1096.31 75.737
1116.26 75.889
1136.58 76.042
1157.26 76.199
1178.32 76.362
1199.77 76.537
1221.6 76.727
1243.84 76.935
1266.47 77.161
1289.52 77.404
1312.99 77.664
1336.89 77.935
1361.22 78.214
1385.99 78.497
1411.22 78.78
1436.9 79.058
1463.05 79.328
1489.68 79.586
1516.79 79.835
1544.4 80.079
1572.5 80.321
1601.12 80.561
1630.26 80.802
1659.93 81.039
1690.14 81.277
1720.9 81.519
1752.22 81.767
1784.11 82.029
1816.58 82.309
1849.64 82.617
1883.3 82.96
1917.58 83.339
1952.48 83.752
1988.01 84.19
2024.19 84.636
2061.03 85.076
2098.54 85.496
2136.73 85.891
2175.62 86.257
2215.22 86.599
2255.53 86.92
2296.58 87.228
2338.38 87.523
2380.94 87.802
2424.27 88.049
2468.39 88.252
2513.31 88.396
2559.05 88.478
2605.63 88.502
2653.05 88.481
2701.33 88.426
2750.5 88.348
2800.55 88.256
2851.52 88.156
2903.42 88.051
2956.26 87.947
3010.06 87.851
3064.85 87.771
3120.62 87.715
3177.42 87.687
3235.25 87.692
3294.13 87.732
3354.08 87.81
3415.12 87.925
3477.27 88.079
3540.56 88.272
3605 88.496
3670.6 88.739
3737.41 88.982
3805.43 89.198
3874.68 89.357
3945.2 89.428
4017 89.383
4090.11 89.196
4164.55 88.853
4240.34 88.357
4317.51 87.724
4396.09 86.982
4476.1 86.167
4557.56 85.312
4640.5 84.448
4724.96 83.602
4810.95 82.788
4898.51 82.018
4987.66 81.297
5078.43 80.628
5170.86 80.013
5264.97 79.455
5360.79 78.954
5458.35 78.509
5557.69 78.122
5658.84 77.792
5761.82 77.525
5866.69 77.321
5973.46 77.188
6082.17 77.131
6192.87 77.16
6305.57 77.284
6420.33 77.518
6537.18 77.878
6656.15 78.387
6777.29 79.069
6900.63 79.944
7026.22 81.028
7154.1 82.315
7284.3 83.765
7416.87 85.298
7551.85 86.793
7689.29 88.091
7829.23 89.033
7971.72 89.495
8116.8 89.428
8264.53 88.877
8414.94 87.97
8568.09 86.886
8724.02 85.81
8882.79 84.906
9044.46 84.288
9209.06 84.026
9376.66 84.135
9547.31 84.584
9721.07 85.291
9897.99 86.125
10078.13 86.917
10261.55 87.484
10448.3 87.66
10638.45 87.33
10832.07 86.453
11029.21 85.058
11229.94 83.227
11434.32 81.058
11642.41 78.644
11854.3 76.064
12070.04 73.394
12289.71 70.723
12513.38 68.181
12741.12 65.932
12973 64.157
13209.1 63.005
13449.5 62.544
13694.28 62.716
13943.51 63.355
14197.27 64.244
14455.66 65.188
14718.74 66.085
14986.62 66.959
15259.37 67.946
15537.08 69.198
15819.85 70.75
16107.76 72.436
16400.92 73.958
16699.41 74.999
17003.33 75.318
17312.78 74.794
17627.86 73.43
17948.68 71.349
18275.34 68.769
18607.94 65.936
18946.6 63.047
19291.42 60.202
19642.52 57.396
20000 54.593