20 87.283
20.36 87.284
20.73 87.284
21.11 87.285
21.5 87.286
21.89 87.286
22.29 87.285
22.69 87.285
23.1 87.284
23.52 87.282
23.95 87.28
24.39 87.276
24.83 87.272
25.28 87.267
25.74 87.261
26.21 87.254
26.69 87.246
27.18 87.237
27.67 87.226
28.17 87.213
28.69 87.2
29.21 87.184
29.74 87.168
30.28 87.149
30.83 87.129
31.39 87.107
31.97 87.083
32.55 87.057
33.14 87.029
33.74 86.999
34.36 86.967
34.98 86.933
35.62 86.896
36.27 86.858
36.93 86.819
37.6 86.778
38.28 86.735
38.98 86.69
39.69 86.644
40.41 86.597
41.15 86.549
41.9 86.498
42.66 86.448
43.44 86.396
44.23 86.343
45.03 86.288
45.85 86.233
46.68 86.178
47.53 86.122
48.4 86.064
49.28 86.006
50.18 85.947
51.09 85.886
52.02 85.823
52.97 85.759
53.93 85.694
54.91 85.628
55.91 85.559
56.93 85.489
57.97 85.417
59.02 85.343
60.09 85.267
61.19 85.189
62.3 85.108
63.44 85.027
64.59 84.944
65.77 84.86
66.96 84.774
68.18 84.687
69.42 84.599
70.69 84.51
71.97 84.422
73.28 84.331
74.62 84.241
75.97 84.15
77.36 84.057
78.76 83.963
80.2 83.869
81.66 83.773
83.14 83.675
84.66 83.576
86.2 83.474
87.77 83.372
89.36 83.268
90.99 83.162
92.65 83.055
94.33 82.947
96.05 82.836
97.8 82.727
99.58 82.617
101.39 82.504
103.23 82.392
105.11 82.279
107.03 82.165
108.97 82.049
110.96 81.933
112.98 81.815
115.03 81.697
117.13 81.579
119.26 81.465
121.43 81.353
123.64 81.245
125.89 81.143
128.18 81.045
130.51 80.951
132.89 80.862
135.31 80.777
137.77 80.695
140.28 80.616
142.83 80.538
145.43 80.46
148.07 80.379
150.77 80.293
153.51 80.201
156.31 80.104
159.15 80
162.05 79.893
165 79.781
168 79.666
171.06 79.55
174.17 79.432
177.34 79.315
180.57 79.199
183.86 79.083
187.2 78.969
190.61 78.855
194.08 78.743
197.61 78.63
201.21 78.518
204.87 78.406
208.6 78.294
212.39 78.182
216.26 78.07
220.19 77.959
224.2 77.85
228.28 77.742
232.44 77.636
236.67 77.532
240.97 77.431
245.36 77.33
249.82 77.232
254.37 77.136
259 77.041
263.71 76.948
268.51 76.856
273.4 76.765
278.38 76.675
283.44 76.586
288.6 76.497
293.85 76.408
299.2 76.319
304.65 76.23
310.19 76.138
315.84 76.045
321.59 75.953
327.44 75.858
333.4 75.764
339.47 75.671
345.64 75.579
351.93 75.488
358.34 75.399
364.86 75.313
371.5 75.229
378.26 75.148
385.15 75.068
392.16 74.992
399.29 74.919
406.56 74.847
413.96 74.779
421.49 74.712
429.16 74.65
436.97 74.589
444.93 74.53
453.02 74.471
461.27 74.411
469.66 74.35
478.21 74.288
486.91 74.224
495.78 74.16
504.8 74.098
513.99 74.036
523.34 73.975
532.87 73.918
542.56 73.865
552.44 73.813
562.49 73.765
572.73 73.721
583.15 73.68
593.77 73.641
604.57 73.608
615.57 73.579
626.78 73.555
638.18 73.537
649.8 73.524
661.63 73.518
673.67 73.515
685.93 73.517
698.41 73.52
711.12 73.528
724.06 73.539
737.24 73.554
750.66 73.576
764.32 73.605
778.23 73.641
792.39 73.688
806.82 73.746
821.5 73.813
836.45 73.888
851.67 73.972
867.17 74.062
882.96 74.157
899.02 74.259
915.39 74.367
932.05 74.483
949.01 74.606
966.28 74.736
983.87 74.873
1001.77 75.014
1020 75.157
1038.57 75.3
1057.47 75.442
1076.71 75.578
1096.31 75.709
1116.26 75.836
1136.58 75.958
1157.26 76.08
1178.32 76.203
1199.77 76.327
1221.6 76.453
1243.84 76.578
1266.47 76.701
1289.52 76.821
1312.99 76.94
1336.89 77.056
1361.22 77.175
1385.99 77.3
1411.22 77.432
1436.9 77.573
1463.05 77.722
1489.68 77.878
1516.79 78.043
1544.4 78.216
1572.5 78.399
1601.12 78.59
1630.26 78.788
1659.93 78.991
1690.14 79.202
1720.9 79.419
1752.22 79.643
1784.11 79.872
1816.58 80.105
1849.64 80.343
1883.3 80.581
1917.58 80.821
1952.48 81.061
1988.01 81.3
2024.19 81.538
2061.03 81.771
2098.54 81.997
2136.73 82.214
2175.62 82.418
2215.22 82.607
2255.53 82.78
2296.58 82.935
2338.38 83.069
2380.94 83.182
2424.27 83.269
2468.39 83.331
2513.31 83.368
2559.05 83.382
2605.63 83.378
2653.05 83.362
2701.33 83.34
2750.5 83.313
2800.55 83.286
2851.52 83.253
2903.42 83.21
2956.26 83.154
3010.06 83.081
3064.85 82.99
3120.62 82.887
3177.42 82.782
3235.25 82.686
3294.13 82.61
3354.08 82.564
3415.12 82.557
3477.27 82.593
3540.56 82.671
3605 82.784
3670.6 82.917
3737.41 83.051
3805.43 83.167
3874.68 83.244
3945.2 83.263
4017 83.207
4090.11 83.066
4164.55 82.835
4240.34 82.519
4317.51 82.133
4396.09 81.7
4476.1 81.249
4557.56 80.809
4640.5 80.401
4724.96 80.04
4810.95 79.73
4898.51 79.462
4987.66 79.217
5078.43 78.981
5170.86 78.745
5264.97 78.511
5360.79 78.286
5458.35 78.076
5557.69 77.881
5658.84 77.688
5761.82 77.481
5866.69 77.245
5973.46 76.978
6082.17 76.697
6192.87 76.43
6305.57 76.216
6420.33 76.096
6537.18 76.113
6656.15 76.299
6777.29 76.685
6900.63 77.282
7026.22 78.087
7154.1 79.073
7284.3 80.194
7416.87 81.374
7551.85 82.512
7689.29 83.493
7829.23 84.197
7971.72 84.533
8116.8 84.455
8264.53 83.98
8414.94 83.188
8568.09 82.198
8724.02 81.149
8882.79 80.169
9044.46 79.353
9209.06 78.765
9376.66 78.427
9547.31 78.323
9721.07 78.399
9897.99 78.567
10078.13 78.705
10261.55 78.685
10448.3 78.39
10638.45 77.739
10832.07 76.704
11029.21 75.319
11229.94 73.663
11434.32 71.843
11642.41 69.972
11854.3 68.143
12070.04 66.43
12289.71 64.88
12513.38 63.529
12741.12 62.403
12973 61.526
13209.1 60.921
13449.5 60.617
13694.28 60.636
13943.51 60.987
14197.27 61.651
14455.66 62.567
14718.74 63.618
14986.62 64.64
15259.37 65.439
15537.08 65.842
15819.85 65.733
16107.76 65.097
16400.92 64.006
16699.41 62.584
17003.33 60.947
17312.78 59.16
17627.86 57.228
17948.68 55.11
18275.34 52.757
18607.94 50.152
18946.6 47.326
19291.42 44.352
19642.52 41.312
20000 38.26