20 80.192
20.36 80.183
20.73 80.171
21.11 80.155
21.5 80.136
21.89 80.114
22.29 80.089
22.69 80.061
23.1 80.031
23.52 80.001
23.95 79.969
24.39 79.939
24.83 79.911
25.28 79.886
25.74 79.865
26.21 79.848
26.69 79.833
27.18 79.82
27.67 79.804
28.17 79.784
28.69 79.758
29.21 79.726
29.74 79.69
30.28 79.65
30.83 79.606
31.39 79.562
31.97 79.517
32.55 79.473
33.14 79.43
33.74 79.389
34.36 79.35
34.98 79.312
35.62 79.275
36.27 79.238
36.93 79.199
37.6 79.159
38.28 79.117
38.98 79.072
39.69 79.026
40.41 78.978
41.15 78.931
41.9 78.886
42.66 78.843
43.44 78.804
44.23 78.766
45.03 78.732
45.85 78.699
46.68 78.666
47.53 78.631
48.4 78.592
49.28 78.548
50.18 78.499
51.09 78.45
52.02 78.402
52.97 78.355
53.93 78.312
54.91 78.271
55.91 78.231
56.93 78.193
57.97 78.157
59.02 78.119
60.09 78.08
61.19 78.04
62.3 77.999
63.44 77.957
64.59 77.912
65.77 77.866
66.96 77.818
68.18 77.768
69.42 77.718
70.69 77.67
71.97 77.622
73.28 77.577
74.62 77.534
75.97 77.495
77.36 77.459
78.76 77.425
80.2 77.391
81.66 77.354
83.14 77.316
84.66 77.274
86.2 77.229
87.77 77.181
89.36 77.132
90.99 77.081
92.65 77.031
94.33 76.98
96.05 76.93
97.8 76.881
99.58 76.834
101.39 76.79
103.23 76.749
105.11 76.714
107.03 76.684
108.97 76.66
110.96 76.641
112.98 76.628
115.03 76.617
117.13 76.606
119.26 76.589
121.43 76.559
123.64 76.514
125.89 76.456
128.18 76.39
130.51 76.321
132.89 76.252
135.31 76.186
137.77 76.125
140.28 76.071
142.83 76.023
145.43 75.981
148.07 75.946
150.77 75.917
153.51 75.891
156.31 75.868
159.15 75.847
162.05 75.825
165 75.799
168 75.768
171.06 75.732
174.17 75.692
177.34 75.647
180.57 75.6
183.86 75.551
187.2 75.499
190.61 75.447
194.08 75.396
197.61 75.346
201.21 75.298
204.87 75.252
208.6 75.207
212.39 75.163
216.26 75.119
220.19 75.074
224.2 75.029
228.28 74.984
232.44 74.938
236.67 74.892
240.97 74.846
245.36 74.801
249.82 74.758
254.37 74.718
259 74.681
263.71 74.648
268.51 74.617
273.4 74.588
278.38 74.562
283.44 74.538
288.6 74.514
293.85 74.49
299.2 74.463
304.65 74.432
310.19 74.399
315.84 74.364
321.59 74.327
327.44 74.29
333.4 74.253
339.47 74.217
345.64 74.182
351.93 74.147
358.34 74.113
364.86 74.08
371.5 74.048
378.26 74.018
385.15 73.99
392.16 73.964
399.29 73.939
406.56 73.917
413.96 73.897
421.49 73.879
429.16 73.863
436.97 73.849
444.93 73.836
453.02 73.823
461.27 73.808
469.66 73.791
478.21 73.772
486.91 73.749
495.78 73.727
504.8 73.704
513.99 73.682
523.34 73.662
532.87 73.644
542.56 73.628
552.44 73.615
562.49 73.603
572.73 73.593
583.15 73.585
593.77 73.579
604.57 73.576
615.57 73.577
626.78 73.581
638.18 73.591
649.8 73.606
661.63 73.626
673.67 73.648
685.93 73.674
698.41 73.7
711.12 73.727
724.06 73.757
737.24 73.789
750.66 73.825
764.32 73.866
778.23 73.913
792.39 73.965
806.82 74.021
821.5 74.08
836.45 74.14
851.67 74.202
867.17 74.265
882.96 74.332
899.02 74.404
915.39 74.484
932.05 74.571
949.01 74.667
966.28 74.773
983.87 74.888
1001.77 75.012
1020 75.145
1038.57 75.285
1057.47 75.43
1076.71 75.577
1096.31 75.725
1116.26 75.872
1136.58 76.018
1157.26 76.161
1178.32 76.305
1199.77 76.447
1221.6 76.587
1243.84 76.725
1266.47 76.859
1289.52 76.991
1312.99 77.12
1336.89 77.251
1361.22 77.382
1385.99 77.517
1411.22 77.653
1436.9 77.792
1463.05 77.929
1489.68 78.063
1516.79 78.193
1544.4 78.318
1572.5 78.437
1601.12 78.551
1630.26 78.66
1659.93 78.764
1690.14 78.865
1720.9 78.964
1752.22 79.063
1784.11 79.166
1816.58 79.277
1849.64 79.399
1883.3 79.534
1917.58 79.684
1952.48 79.849
1988.01 80.026
2024.19 80.212
2061.03 80.399
2098.54 80.585
2136.73 80.764
2175.62 80.935
2215.22 81.098
2255.53 81.255
2296.58 81.409
2338.38 81.566
2380.94 81.731
2424.27 81.912
2468.39 82.115
2513.31 82.346
2559.05 82.613
2605.63 82.915
2653.05 83.249
2701.33 83.6
2750.5 83.952
2800.55 84.284
2851.52 84.578
2903.42 84.823
2956.26 85.011
3010.06 85.14
3064.85 85.209
3120.62 85.223
3177.42 85.184
3235.25 85.097
3294.13 84.969
3354.08 84.813
3415.12 84.64
3477.27 84.463
3540.56 84.294
3605 84.14
3670.6 84.001
3737.41 83.877
3805.43 83.762
3874.68 83.647
3945.2 83.524
4017 83.389
4090.11 83.234
4164.55 83.061
4240.34 82.873
4317.51 82.681
4396.09 82.497
4476.1 82.34
4557.56 82.223
4640.5 82.158
4724.96 82.148
4810.95 82.188
4898.51 82.26
4987.66 82.338
5078.43 82.394
5170.86 82.403
5264.97 82.351
5360.79 82.234
5458.35 82.06
5557.69 81.842
5658.84 81.603
5761.82 81.364
5866.69 81.15
5973.46 80.981
6082.17 80.873
6192.87 80.838
6305.57 80.882
6420.33 81.005
6537.18 81.201
6656.15 81.458
6777.29 81.768
6900.63 82.118
7026.22 82.505
7154.1 82.924
7284.3 83.363
7416.87 83.8
7551.85 84.196
7689.29 84.503
7829.23 84.667
7971.72 84.644
8116.8 84.412
8264.53 83.975
8414.94 83.363
8568.09 82.63
8724.02 81.844
8882.79 81.086
9044.46 80.436
9209.06 79.956
9376.66 79.686
9547.31 79.635
9721.07 79.778
9897.99 80.053
10078.13 80.369
10261.55 80.615
10448.3 80.683
10638.45 80.485
10832.07 79.971
11029.21 79.132
11229.94 78.003
11434.32 76.649
11642.41 75.157
11854.3 73.616
12070.04 72.116
12289.71 70.73
12513.38 69.52
12741.12 68.529
12973 67.784
13209.1 67.299
13449.5 67.077
13694.28 67.115
13943.51 67.397
14197.27 67.89
14455.66 68.545
14718.74 69.301
14986.62 70.1
15259.37 70.895
15537.08 71.65
15819.85 72.326
16107.76 72.853
16400.92 73.125
16699.41 73.019
17003.33 72.454
17312.78 71.431
17627.86 70.038
17948.68 68.419
18275.34 66.729
18607.94 65.098
18946.6 63.596
19291.42 62.227
19642.52 60.95
20000 59.706