20 79.152
20.36 79.15
20.73 79.138
21.11 79.116
21.5 79.085
21.89 79.045
22.29 78.997
22.69 78.944
23.1 78.885
23.52 78.823
23.95 78.759
24.39 78.694
24.83 78.63
25.28 78.565
25.74 78.501
26.21 78.437
26.69 78.373
27.18 78.309
27.67 78.247
28.17 78.188
28.69 78.132
29.21 78.083
29.74 78.041
30.28 78.009
30.83 77.989
31.39 77.98
31.97 77.985
32.55 78
33.14 78.026
33.74 78.06
34.36 78.098
34.98 78.138
35.62 78.178
36.27 78.214
36.93 78.246
37.6 78.271
38.28 78.289
38.98 78.3
39.69 78.305
40.41 78.305
41.15 78.302
41.9 78.295
42.66 78.288
43.44 78.279
44.23 78.269
45.03 78.259
45.85 78.248
46.68 78.236
47.53 78.224
48.4 78.211
49.28 78.197
50.18 78.184
51.09 78.17
52.02 78.156
52.97 78.143
53.93 78.13
54.91 78.118
55.91 78.107
56.93 78.098
57.97 78.091
59.02 78.086
60.09 78.084
61.19 78.084
62.3 78.086
63.44 78.091
64.59 78.099
65.77 78.11
66.96 78.126
68.18 78.145
69.42 78.169
70.69 78.199
71.97 78.235
73.28 78.278
74.62 78.329
75.97 78.389
77.36 78.458
78.76 78.536
80.2 78.623
81.66 78.719
83.14 78.823
84.66 78.933
86.2 79.045
87.77 79.158
89.36 79.265
90.99 79.363
92.65 79.446
94.33 79.508
96.05 79.546
97.8 79.554
99.58 79.532
101.39 79.479
103.23 79.395
105.11 79.283
107.03 79.145
108.97 78.985
110.96 78.804
112.98 78.61
115.03 78.406
117.13 78.201
119.26 78.001
121.43 77.811
123.64 77.634
125.89 77.469
128.18 77.313
130.51 77.164
132.89 77.021
135.31 76.881
137.77 76.744
140.28 76.609
142.83 76.476
145.43 76.343
148.07 76.21
150.77 76.077
153.51 75.943
156.31 75.808
159.15 75.67
162.05 75.528
165 75.383
168 75.231
171.06 75.071
174.17 74.904
177.34 74.732
180.57 74.559
183.86 74.391
187.2 74.235
190.61 74.099
194.08 73.991
197.61 73.915
201.21 73.873
204.87 73.866
208.6 73.886
212.39 73.928
216.26 73.983
220.19 74.042
224.2 74.1
228.28 74.154
232.44 74.201
236.67 74.239
240.97 74.269
245.36 74.291
249.82 74.305
254.37 74.314
259 74.318
263.71 74.317
268.51 74.313
273.4 74.305
278.38 74.294
283.44 74.282
288.6 74.267
293.85 74.25
299.2 74.233
304.65 74.215
310.19 74.196
315.84 74.176
321.59 74.155
327.44 74.133
333.4 74.11
339.47 74.087
345.64 74.062
351.93 74.037
358.34 74.012
364.86 73.987
371.5 73.962
378.26 73.937
385.15 73.913
392.16 73.888
399.29 73.864
406.56 73.839
413.96 73.816
421.49 73.793
429.16 73.773
436.97 73.756
444.93 73.741
453.02 73.729
461.27 73.718
469.66 73.708
478.21 73.698
486.91 73.687
495.78 73.675
504.8 73.661
513.99 73.647
523.34 73.633
532.87 73.619
542.56 73.607
552.44 73.595
562.49 73.585
572.73 73.576
583.15 73.569
593.77 73.563
604.57 73.559
615.57 73.558
626.78 73.558
638.18 73.56
649.8 73.565
661.63 73.573
673.67 73.583
685.93 73.596
698.41 73.613
711.12 73.634
724.06 73.659
737.24 73.688
750.66 73.722
764.32 73.76
778.23 73.804
792.39 73.853
806.82 73.905
821.5 73.962
836.45 74.023
851.67 74.088
867.17 74.159
882.96 74.236
899.02 74.323
915.39 74.418
932.05 74.521
949.01 74.633
966.28 74.753
983.87 74.88
1001.77 75.013
1020 75.151
1038.57 75.293
1057.47 75.436
1076.71 75.581
1096.31 75.725
1116.26 75.869
1136.58 76.01
1157.26 76.15
1178.32 76.287
1199.77 76.421
1221.6 76.553
1243.84 76.681
1266.47 76.807
1289.52 76.93
1312.99 77.05
1336.89 77.169
1361.22 77.285
1385.99 77.399
1411.22 77.511
1436.9 77.622
1463.05 77.733
1489.68 77.846
1516.79 77.961
1544.4 78.081
1572.5 78.204
1601.12 78.332
1630.26 78.464
1659.93 78.6
1690.14 78.741
1720.9 78.886
1752.22 79.035
1784.11 79.189
1816.58 79.348
1849.64 79.512
1883.3 79.68
1917.58 79.854
1952.48 80.033
1988.01 80.216
2024.19 80.403
2061.03 80.594
2098.54 80.787
2136.73 80.983
2175.62 81.179
2215.22 81.375
2255.53 81.572
2296.58 81.771
2338.38 81.973
2380.94 82.178
2424.27 82.387
2468.39 82.596
2513.31 82.806
2559.05 83.013
2605.63 83.215
2653.05 83.409
2701.33 83.592
2750.5 83.761
2800.55 83.91
2851.52 84.037
2903.42 84.137
2956.26 84.203
3010.06 84.233
3064.85 84.223
3120.62 84.17
3177.42 84.074
3235.25 83.938
3294.13 83.76
3354.08 83.539
3415.12 83.271
3477.27 82.956
3540.56 82.597
3605 82.205
3670.6 81.794
3737.41 81.387
3805.43 81.01
3874.68 80.685
3945.2 80.431
4017 80.258
4090.11 80.168
4164.55 80.154
4240.34 80.201
4317.51 80.295
4396.09 80.417
4476.1 80.553
4557.56 80.688
4640.5 80.809
4724.96 80.904
4810.95 80.965
4898.51 80.985
4987.66 80.963
5078.43 80.901
5170.86 80.805
5264.97 80.683
5360.79 80.546
5458.35 80.401
5557.69 80.259
5658.84 80.129
5761.82 80.024
5866.69 79.956
5973.46 79.934
6082.17 79.97
6192.87 80.068
6305.57 80.233
6420.33 80.461
6537.18 80.747
6656.15 81.078
6777.29 81.439
6900.63 81.811
7026.22 82.175
7154.1 82.51
7284.3 82.798
7416.87 83.018
7551.85 83.15
7689.29 83.176
7829.23 83.083
7971.72 82.864
8116.8 82.525
8264.53 82.085
8414.94 81.573
8568.09 81.024
8724.02 80.483
8882.79 79.999
9044.46 79.621
9209.06 79.387
9376.66 79.323
9547.31 79.433
9721.07 79.7
9897.99 80.083
10078.13 80.525
10261.55 80.954
10448.3 81.298
10638.45 81.495
10832.07 81.499
11029.21 81.29
11229.94 80.868
11434.32 80.254
11642.41 79.491
11854.3 78.635
12070.04 77.751
12289.71 76.91
12513.38 76.179
12741.12 75.615
12973 75.258
13209.1 75.127
13449.5 75.219
13694.28 75.505
13943.51 75.931
14197.27 76.42
14455.66 76.887
14718.74 77.257
14986.62 77.49
15259.37 77.589
15537.08 77.595
15819.85 77.569
16107.76 77.569
16400.92 77.623
16699.41 77.714
17003.33 77.786
17312.78 77.759
17627.86 77.565
17948.68 77.183
18275.34 76.64
18607.94 75.994
18946.6 75.292
19291.42 74.562
19642.52 73.817
20000 73.066