20 84.66
20.36 84.661
20.73 84.663
21.11 84.665
21.5 84.666
21.89 84.667
22.29 84.669
22.69 84.669
23.1 84.669
23.52 84.667
23.95 84.665
24.39 84.662
24.83 84.66
25.28 84.655
25.74 84.65
26.21 84.643
26.69 84.635
27.18 84.626
27.67 84.616
28.17 84.603
28.69 84.591
29.21 84.575
29.74 84.558
30.28 84.539
30.83 84.519
31.39 84.496
31.97 84.471
32.55 84.445
33.14 84.416
33.74 84.385
34.36 84.352
34.98 84.316
35.62 84.279
36.27 84.24
36.93 84.199
37.6 84.157
38.28 84.112
38.98 84.067
39.69 84.021
40.41 83.973
41.15 83.924
41.9 83.873
42.66 83.823
43.44 83.77
44.23 83.719
45.03 83.665
45.85 83.612
46.68 83.558
47.53 83.504
48.4 83.448
49.28 83.392
50.18 83.335
51.09 83.278
52.02 83.219
52.97 83.16
53.93 83.099
54.91 83.037
55.91 82.973
56.93 82.907
57.97 82.841
59.02 82.773
60.09 82.702
61.19 82.629
62.3 82.555
63.44 82.481
64.59 82.404
65.77 82.326
66.96 82.248
68.18 82.169
69.42 82.09
70.69 82.009
71.97 81.93
73.28 81.849
74.62 81.769
75.97 81.688
77.36 81.607
78.76 81.524
80.2 81.439
81.66 81.353
83.14 81.266
84.66 81.175
86.2 81.083
87.77 80.989
89.36 80.893
90.99 80.797
92.65 80.698
94.33 80.599
96.05 80.501
97.8 80.403
99.58 80.306
101.39 80.209
103.23 80.112
105.11 80.017
107.03 79.92
108.97 79.823
110.96 79.726
112.98 79.628
115.03 79.531
117.13 79.434
119.26 79.342
121.43 79.253
123.64 79.17
125.89 79.093
128.18 79.023
130.51 78.954
132.89 78.887
135.31 78.82
137.77 78.752
140.28 78.681
142.83 78.605
145.43 78.528
148.07 78.449
150.77 78.369
153.51 78.287
156.31 78.204
159.15 78.12
162.05 78.033
165 77.942
168 77.85
171.06 77.757
174.17 77.664
177.34 77.571
180.57 77.478
183.86 77.387
187.2 77.297
190.61 77.206
194.08 77.117
197.61 77.029
201.21 76.94
204.87 76.852
208.6 76.765
212.39 76.677
216.26 76.59
220.19 76.503
224.2 76.416
228.28 76.332
232.44 76.249
236.67 76.167
240.97 76.088
245.36 76.01
249.82 75.935
254.37 75.862
259 75.791
263.71 75.723
268.51 75.658
273.4 75.594
278.38 75.529
283.44 75.468
288.6 75.407
293.85 75.346
299.2 75.284
304.65 75.221
310.19 75.157
315.84 75.092
321.59 75.026
327.44 74.96
333.4 74.894
339.47 74.829
345.64 74.766
351.93 74.703
358.34 74.643
364.86 74.585
371.5 74.528
378.26 74.475
385.15 74.422
392.16 74.373
399.29 74.326
406.56 74.28
413.96 74.238
421.49 74.196
429.16 74.158
436.97 74.122
444.93 74.088
453.02 74.053
461.27 74.017
469.66 73.981
478.21 73.942
486.91 73.902
495.78 73.861
504.8 73.821
513.99 73.782
523.34 73.743
532.87 73.708
542.56 73.674
552.44 73.643
562.49 73.614
572.73 73.587
583.15 73.563
593.77 73.541
604.57 73.522
615.57 73.507
626.78 73.495
638.18 73.488
649.8 73.484
661.63 73.484
673.67 73.487
685.93 73.492
698.41 73.498
711.12 73.507
724.06 73.521
737.24 73.542
750.66 73.572
764.32 73.614
778.23 73.666
792.39 73.733
806.82 73.811
821.5 73.899
836.45 73.994
851.67 74.089
867.17 74.182
882.96 74.274
899.02 74.366
915.39 74.458
932.05 74.555
949.01 74.658
966.28 74.767
983.87 74.885
1001.77 75.012
1020 75.146
1038.57 75.287
1057.47 75.431
1076.71 75.58
1096.31 75.727
1116.26 75.874
1136.58 76.021
1157.26 76.167
1178.32 76.313
1199.77 76.459
1221.6 76.601
1243.84 76.74
1266.47 76.873
1289.52 76.999
1312.99 77.117
1336.89 77.231
1361.22 77.342
1385.99 77.454
1411.22 77.569
1436.9 77.687
1463.05 77.809
1489.68 77.933
1516.79 78.062
1544.4 78.193
1572.5 78.328
1601.12 78.467
1630.26 78.605
1659.93 78.741
1690.14 78.877
1720.9 79.011
1752.22 79.146
1784.11 79.283
1816.58 79.424
1849.64 79.569
1883.3 79.718
1917.58 79.869
1952.48 80.019
1988.01 80.168
2024.19 80.31
2061.03 80.444
2098.54 80.568
2136.73 80.681
2175.62 80.784
2215.22 80.882
2255.53 80.98
2296.58 81.085
2338.38 81.199
2380.94 81.326
2424.27 81.467
2468.39 81.614
2513.31 81.765
2559.05 81.91
2605.63 82.047
2653.05 82.173
2701.33 82.287
2750.5 82.389
2800.55 82.477
2851.52 82.548
2903.42 82.598
2956.26 82.631
3010.06 82.646
3064.85 82.652
3120.62 82.653
3177.42 82.656
3235.25 82.663
3294.13 82.677
3354.08 82.697
3415.12 82.719
3477.27 82.736
3540.56 82.748
3605 82.749
3670.6 82.735
3737.41 82.705
3805.43 82.66
3874.68 82.599
3945.2 82.524
4017 82.432
4090.11 82.321
4164.55 82.188
4240.34 82.028
4317.51 81.841
4396.09 81.626
4476.1 81.387
4557.56 81.125
4640.5 80.846
4724.96 80.552
4810.95 80.251
4898.51 79.942
4987.66 79.633
5078.43 79.327
5170.86 79.029
5264.97 78.742
5360.79 78.471
5458.35 78.219
5557.69 77.988
5658.84 77.78
5761.82 77.6
5866.69 77.448
5973.46 77.328
6082.17 77.248
6192.87 77.213
6305.57 77.234
6420.33 77.322
6537.18 77.496
6656.15 77.772
6777.29 78.176
6900.63 78.73
7026.22 79.448
7154.1 80.339
7284.3 81.388
7416.87 82.55
7551.85 83.746
7689.29 84.862
7829.23 85.763
7971.72 86.32
8116.8 86.449
8264.53 86.123
8414.94 85.396
8568.09 84.383
8724.02 83.237
8882.79 82.11
9044.46 81.131
9209.06 80.388
9376.66 79.92
9547.31 79.715
9721.07 79.712
9897.99 79.808
10078.13 79.876
10261.55 79.781
10448.3 79.413
10638.45 78.697
10832.07 77.619
11029.21 76.225
11229.94 74.609
11434.32 72.879
11642.41 71.143
11854.3 69.491
12070.04 67.987
12289.71 66.671
12513.38 65.573
12741.12 64.706
12973 64.085
13209.1 63.716
13449.5 63.61
13694.28 63.774
13943.51 64.204
14197.27 64.877
14455.66 65.745
14718.74 66.725
14986.62 67.709
15259.37 68.578
15537.08 69.223
15819.85 69.572
16107.76 69.591
16400.92 69.264
16699.41 68.565
17003.33 67.426
17312.78 65.751
17627.86 63.462
17948.68 60.552
18275.34 57.102
18607.94 53.257
18946.6 49.187
19291.42 45.034
19642.52 40.884
20000 36.752