20 87.263
20.36 87.257
20.73 87.251
21.11 87.244
21.5 87.237
21.89 87.23
22.29 87.222
22.69 87.214
23.1 87.206
23.52 87.197
23.95 87.187
24.39 87.177
24.83 87.165
25.28 87.153
25.74 87.141
26.21 87.126
26.69 87.111
27.18 87.095
27.67 87.077
28.17 87.058
28.69 87.038
29.21 87.016
29.74 86.993
30.28 86.968
30.83 86.941
31.39 86.913
31.97 86.883
32.55 86.85
33.14 86.816
33.74 86.78
34.36 86.743
34.98 86.702
35.62 86.66
36.27 86.617
36.93 86.572
37.6 86.525
38.28 86.476
38.98 86.426
39.69 86.374
40.41 86.322
41.15 86.267
41.9 86.212
42.66 86.154
43.44 86.096
44.23 86.037
45.03 85.977
45.85 85.915
46.68 85.853
47.53 85.79
48.4 85.726
49.28 85.66
50.18 85.593
51.09 85.526
52.02 85.456
52.97 85.386
53.93 85.315
54.91 85.242
55.91 85.167
56.93 85.091
57.97 85.013
59.02 84.934
60.09 84.854
61.19 84.771
62.3 84.687
63.44 84.603
64.59 84.517
65.77 84.43
66.96 84.343
68.18 84.254
69.42 84.166
70.69 84.077
71.97 83.988
73.28 83.898
74.62 83.809
75.97 83.72
77.36 83.629
78.76 83.538
80.2 83.444
81.66 83.349
83.14 83.252
84.66 83.152
86.2 83.05
87.77 82.946
89.36 82.84
90.99 82.733
92.65 82.625
94.33 82.516
96.05 82.408
97.8 82.3
99.58 82.193
101.39 82.087
103.23 81.98
105.11 81.874
107.03 81.766
108.97 81.656
110.96 81.545
112.98 81.431
115.03 81.316
117.13 81.199
119.26 81.083
121.43 80.968
123.64 80.856
125.89 80.746
128.18 80.639
130.51 80.535
132.89 80.433
135.31 80.336
137.77 80.24
140.28 80.148
142.83 80.057
145.43 79.965
148.07 79.872
150.77 79.777
153.51 79.678
156.31 79.575
159.15 79.468
162.05 79.359
165 79.247
168 79.133
171.06 79.018
174.17 78.902
177.34 78.788
180.57 78.674
183.86 78.562
187.2 78.451
190.61 78.342
194.08 78.233
197.61 78.124
201.21 78.016
204.87 77.908
208.6 77.8
212.39 77.691
216.26 77.582
220.19 77.473
224.2 77.364
228.28 77.256
232.44 77.15
236.67 77.045
240.97 76.942
245.36 76.841
249.82 76.743
254.37 76.647
259 76.554
263.71 76.464
268.51 76.375
273.4 76.287
278.38 76.202
283.44 76.117
288.6 76.035
293.85 75.951
299.2 75.867
304.65 75.782
310.19 75.697
315.84 75.611
321.59 75.523
327.44 75.435
333.4 75.347
339.47 75.26
345.64 75.175
351.93 75.09
358.34 75.008
364.86 74.928
371.5 74.851
378.26 74.776
385.15 74.704
392.16 74.635
399.29 74.567
406.56 74.503
413.96 74.441
421.49 74.382
429.16 74.326
436.97 74.272
444.93 74.221
453.02 74.17
461.27 74.118
469.66 74.064
478.21 74.011
486.91 73.956
495.78 73.9
504.8 73.845
513.99 73.792
523.34 73.74
532.87 73.691
542.56 73.645
552.44 73.602
562.49 73.562
572.73 73.525
583.15 73.491
593.77 73.46
604.57 73.434
615.57 73.412
626.78 73.396
638.18 73.387
649.8 73.384
661.63 73.386
673.67 73.394
685.93 73.406
698.41 73.421
711.12 73.439
724.06 73.461
737.24 73.487
750.66 73.519
764.32 73.557
778.23 73.603
792.39 73.658
806.82 73.723
821.5 73.796
836.45 73.878
851.67 73.965
867.17 74.057
882.96 74.154
899.02 74.255
915.39 74.362
932.05 74.477
949.01 74.598
966.28 74.728
983.87 74.867
1001.77 75.014
1020 75.169
1038.57 75.331
1057.47 75.498
1076.71 75.666
1096.31 75.837
1116.26 76.007
1136.58 76.177
1157.26 76.348
1178.32 76.52
1199.77 76.691
1221.6 76.861
1243.84 77.028
1266.47 77.191
1289.52 77.35
1312.99 77.505
1336.89 77.657
1361.22 77.81
1385.99 77.969
1411.22 78.134
1436.9 78.307
1463.05 78.487
1489.68 78.672
1516.79 78.863
1544.4 79.059
1572.5 79.26
1601.12 79.463
1630.26 79.664
1659.93 79.862
1690.14 80.055
1720.9 80.243
1752.22 80.429
1784.11 80.611
1816.58 80.793
1849.64 80.973
1883.3 81.151
1917.58 81.325
1952.48 81.495
1988.01 81.658
2024.19 81.811
2061.03 81.953
2098.54 82.079
2136.73 82.188
2175.62 82.278
2215.22 82.35
2255.53 82.401
2296.58 82.431
2338.38 82.44
2380.94 82.426
2424.27 82.389
2468.39 82.327
2513.31 82.24
2559.05 82.13
2605.63 82.001
2653.05 81.855
2701.33 81.698
2750.5 81.533
2800.55 81.363
2851.52 81.19
2903.42 81.016
2956.26 80.843
3010.06 80.679
3064.85 80.528
3120.62 80.396
3177.42 80.29
3235.25 80.213
3294.13 80.166
3354.08 80.148
3415.12 80.155
3477.27 80.181
3540.56 80.219
3605 80.262
3670.6 80.302
3737.41 80.333
3805.43 80.349
3874.68 80.346
3945.2 80.322
4017 80.274
4090.11 80.198
4164.55 80.089
4240.34 79.947
4317.51 79.769
4396.09 79.557
4476.1 79.315
4557.56 79.045
4640.5 78.754
4724.96 78.445
4810.95 78.123
4898.51 77.791
4987.66 77.453
5078.43 77.107
5170.86 76.762
5264.97 76.421
5360.79 76.09
5458.35 75.781
5557.69 75.499
5658.84 75.253
5761.82 75.049
5866.69 74.893
5973.46 74.793
6082.17 74.755
6192.87 74.79
6305.57 74.911
6420.33 75.133
6537.18 75.48
6656.15 75.975
6777.29 76.646
6900.63 77.519
7026.22 78.607
7154.1 79.908
7284.3 81.389
7416.87 82.982
7551.85 84.572
7689.29 86.012
7829.23 87.148
7971.72 87.855
8116.8 88.084
8264.53 87.876
8414.94 87.36
8568.09 86.716
8724.02 86.122
8882.79 85.708
9044.46 85.523
9209.06 85.525
9376.66 85.596
9547.31 85.571
9721.07 85.283
9897.99 84.612
10078.13 83.511
10261.55 82.021
10448.3 80.254
10638.45 78.368
10832.07 76.536
11029.21 74.914
11229.94 73.619
11434.32 72.714
11642.41 72.192
11854.3 71.973
12070.04 71.909
12289.71 71.804
12513.38 71.454
12741.12 70.704
12973 69.491
13209.1 67.87
13449.5 65.99
13694.28 64.055
13943.51 62.271
14197.27 60.8
14455.66 59.721
14718.74 59.029
14986.62 58.651
15259.37 58.474
15537.08 58.406
15819.85 58.395
16107.76 58.425
16400.92 58.465
16699.41 58.439
17003.33 58.231
17312.78 57.726
17627.86 56.857
17948.68 55.614
18275.34 54.045
18607.94 52.229
18946.6 50.255
19291.42 48.198
19642.52 46.114
20000 44.025