20 82.704
20.36 82.735
20.73 82.762
21.11 82.788
21.5 82.811
21.89 82.832
22.29 82.85
22.69 82.867
23.1 82.881
23.52 82.893
23.95 82.903
24.39 82.909
24.83 82.916
25.28 82.921
25.74 82.925
26.21 82.928
26.69 82.931
27.18 82.933
27.67 82.933
28.17 82.933
28.69 82.931
29.21 82.927
29.74 82.923
30.28 82.916
30.83 82.908
31.39 82.898
31.97 82.887
32.55 82.876
33.14 82.863
33.74 82.848
34.36 82.832
34.98 82.814
35.62 82.795
36.27 82.773
36.93 82.751
37.6 82.727
38.28 82.7
38.98 82.672
39.69 82.643
40.41 82.611
41.15 82.578
41.9 82.544
42.66 82.509
43.44 82.474
44.23 82.437
45.03 82.399
45.85 82.358
46.68 82.316
47.53 82.272
48.4 82.226
49.28 82.179
50.18 82.13
51.09 82.079
52.02 82.028
52.97 81.974
53.93 81.92
54.91 81.863
55.91 81.807
56.93 81.749
57.97 81.69
59.02 81.63
60.09 81.571
61.19 81.513
62.3 81.454
63.44 81.399
64.59 81.345
65.77 81.293
66.96 81.243
68.18 81.196
69.42 81.15
70.69 81.106
71.97 81.061
73.28 81.014
74.62 80.963
75.97 80.908
77.36 80.848
78.76 80.782
80.2 80.71
81.66 80.632
83.14 80.548
84.66 80.457
86.2 80.362
87.77 80.263
89.36 80.161
90.99 80.058
92.65 79.955
94.33 79.852
96.05 79.752
97.8 79.657
99.58 79.565
101.39 79.481
103.23 79.405
105.11 79.336
107.03 79.274
108.97 79.216
110.96 79.159
112.98 79.099
115.03 79.034
117.13 78.963
119.26 78.887
121.43 78.806
123.64 78.721
125.89 78.634
128.18 78.544
130.51 78.451
132.89 78.356
135.31 78.259
137.77 78.16
140.28 78.061
142.83 77.962
145.43 77.866
148.07 77.773
150.77 77.683
153.51 77.598
156.31 77.517
159.15 77.437
162.05 77.358
165 77.276
168 77.192
171.06 77.102
174.17 77.01
177.34 76.914
180.57 76.819
183.86 76.726
187.2 76.637
190.61 76.55
194.08 76.465
197.61 76.381
201.21 76.298
204.87 76.215
208.6 76.13
212.39 76.045
216.26 75.958
220.19 75.871
224.2 75.784
228.28 75.698
232.44 75.613
236.67 75.529
240.97 75.446
245.36 75.366
249.82 75.289
254.37 75.214
259 75.145
263.71 75.077
268.51 75.013
273.4 74.951
278.38 74.89
283.44 74.833
288.6 74.775
293.85 74.719
299.2 74.659
304.65 74.598
310.19 74.535
315.84 74.47
321.59 74.405
327.44 74.341
333.4 74.276
339.47 74.214
345.64 74.154
351.93 74.094
358.34 74.036
364.86 73.98
371.5 73.926
378.26 73.875
385.15 73.826
392.16 73.781
399.29 73.738
406.56 73.697
413.96 73.66
421.49 73.623
429.16 73.591
436.97 73.561
444.93 73.533
453.02 73.506
461.27 73.478
469.66 73.449
478.21 73.418
486.91 73.386
495.78 73.354
504.8 73.323
513.99 73.294
523.34 73.268
532.87 73.244
542.56 73.224
552.44 73.207
562.49 73.193
572.73 73.183
583.15 73.174
593.77 73.169
604.57 73.167
615.57 73.17
626.78 73.179
638.18 73.193
649.8 73.213
661.63 73.239
673.67 73.269
685.93 73.303
698.41 73.337
711.12 73.374
724.06 73.414
737.24 73.456
750.66 73.503
764.32 73.556
778.23 73.617
792.39 73.684
806.82 73.761
821.5 73.844
836.45 73.933
851.67 74.025
867.17 74.119
882.96 74.217
899.02 74.314
915.39 74.415
932.05 74.521
949.01 74.631
966.28 74.75
983.87 74.877
1001.77 75.013
1020 75.16
1038.57 75.316
1057.47 75.481
1076.71 75.651
1096.31 75.826
1116.26 76.006
1136.58 76.189
1157.26 76.379
1178.32 76.576
1199.77 76.782
1221.6 76.997
1243.84 77.222
1266.47 77.456
1289.52 77.699
1312.99 77.95
1336.89 78.207
1361.22 78.468
1385.99 78.726
1411.22 78.978
1436.9 79.216
1463.05 79.434
1489.68 79.628
1516.79 79.795
1544.4 79.931
1572.5 80.036
1601.12 80.109
1630.26 80.152
1659.93 80.166
1690.14 80.158
1720.9 80.132
1752.22 80.094
1784.11 80.051
1816.58 80.009
1849.64 79.971
1883.3 79.939
1917.58 79.913
1952.48 79.892
1988.01 79.875
2024.19 79.858
2061.03 79.839
2098.54 79.819
2136.73 79.8
2175.62 79.785
2215.22 79.78
2255.53 79.788
2296.58 79.812
2338.38 79.85
2380.94 79.902
2424.27 79.961
2468.39 80.025
2513.31 80.087
2559.05 80.142
2605.63 80.186
2653.05 80.212
2701.33 80.214
2750.5 80.177
2800.55 80.094
2851.52 79.948
2903.42 79.729
2956.26 79.429
3010.06 79.051
3064.85 78.613
3120.62 78.14
3177.42 77.669
3235.25 77.238
3294.13 76.879
3354.08 76.619
3415.12 76.466
3477.27 76.422
3540.56 76.474
3605 76.609
3670.6 76.805
3737.41 77.041
3805.43 77.293
3874.68 77.543
3945.2 77.774
4017 77.972
4090.11 78.126
4164.55 78.23
4240.34 78.276
4317.51 78.266
4396.09 78.197
4476.1 78.076
4557.56 77.905
4640.5 77.688
4724.96 77.436
4810.95 77.155
4898.51 76.857
4987.66 76.55
5078.43 76.244
5170.86 75.946
5264.97 75.666
5360.79 75.408
5458.35 75.179
5557.69 74.983
5658.84 74.823
5761.82 74.711
5866.69 74.653
5973.46 74.659
6082.17 74.735
6192.87 74.885
6305.57 75.116
6420.33 75.428
6537.18 75.816
6656.15 76.274
6777.29 76.79
6900.63 77.343
7026.22 77.912
7154.1 78.473
7284.3 78.999
7416.87 79.468
7551.85 79.861
7689.29 80.167
7829.23 80.373
7971.72 80.477
8116.8 80.472
8264.53 80.355
8414.94 80.122
8568.09 79.775
8724.02 79.318
8882.79 78.76
9044.46 78.114
9209.06 77.388
9376.66 76.587
9547.31 75.714
9721.07 74.779
9897.99 73.809
10078.13 72.854
10261.55 71.985
10448.3 71.276
10638.45 70.78
10832.07 70.506
11029.21 70.414
11229.94 70.43
11434.32 70.47
11642.41 70.457
11854.3 70.333
12070.04 70.069
12289.71 69.655
12513.38 69.109
12741.12 68.462
12973 67.763
13209.1 67.064
13449.5 66.424
13694.28 65.906
13943.51 65.569
14197.27 65.447
14455.66 65.54
14718.74 65.798
14986.62 66.11
15259.37 66.318
15537.08 66.232
15819.85 65.685
16107.76 64.576
16400.92 62.899
16699.41 60.735
17003.33 58.216
17312.78 55.48
17627.86 52.635
17948.68 49.753
18275.34 46.863
18607.94 43.979
18946.6 41.103
19291.42 38.243
19642.52 35.4
20000 32.569