20 82.957
20.36 82.96
20.73 82.962
21.11 82.965
21.5 82.967
21.89 82.97
22.29 82.972
22.69 82.973
23.1 82.975
23.52 82.976
23.95 82.976
24.39 82.977
24.83 82.976
25.28 82.975
25.74 82.975
26.21 82.972
26.69 82.97
27.18 82.967
27.67 82.963
28.17 82.958
28.69 82.952
29.21 82.946
29.74 82.938
30.28 82.93
30.83 82.921
31.39 82.91
31.97 82.899
32.55 82.886
33.14 82.873
33.74 82.858
34.36 82.841
34.98 82.824
35.62 82.805
36.27 82.785
36.93 82.764
37.6 82.742
38.28 82.718
38.98 82.693
39.69 82.667
40.41 82.639
41.15 82.61
41.9 82.58
42.66 82.548
43.44 82.515
44.23 82.481
45.03 82.446
45.85 82.408
46.68 82.37
47.53 82.331
48.4 82.29
49.28 82.247
50.18 82.205
51.09 82.16
52.02 82.115
52.97 82.069
53.93 82.022
54.91 81.975
55.91 81.927
56.93 81.879
57.97 81.829
59.02 81.78
60.09 81.73
61.19 81.68
62.3 81.629
63.44 81.578
64.59 81.526
65.77 81.473
66.96 81.42
68.18 81.365
69.42 81.31
70.69 81.254
71.97 81.196
73.28 81.137
74.62 81.076
75.97 81.014
77.36 80.951
78.76 80.885
80.2 80.818
81.66 80.748
83.14 80.676
84.66 80.601
86.2 80.524
87.77 80.444
89.36 80.362
90.99 80.279
92.65 80.195
94.33 80.11
96.05 80.025
97.8 79.939
99.58 79.855
101.39 79.77
103.23 79.685
105.11 79.599
107.03 79.514
108.97 79.426
110.96 79.336
112.98 79.245
115.03 79.152
117.13 79.059
119.26 78.965
121.43 78.871
123.64 78.779
125.89 78.689
128.18 78.599
130.51 78.51
132.89 78.421
135.31 78.332
137.77 78.242
140.28 78.151
142.83 78.058
145.43 77.966
148.07 77.872
150.77 77.779
153.51 77.684
156.31 77.591
159.15 77.497
162.05 77.403
165 77.31
168 77.217
171.06 77.127
174.17 77.04
177.34 76.961
180.57 76.886
183.86 76.817
187.2 76.753
190.61 76.693
194.08 76.634
197.61 76.576
201.21 76.515
204.87 76.452
208.6 76.383
212.39 76.311
216.26 76.233
220.19 76.151
224.2 76.065
228.28 75.978
232.44 75.89
236.67 75.802
240.97 75.715
245.36 75.629
249.82 75.544
254.37 75.463
259 75.384
263.71 75.308
268.51 75.234
273.4 75.162
278.38 75.093
283.44 75.025
288.6 74.96
293.85 74.895
299.2 74.83
304.65 74.765
310.19 74.699
315.84 74.633
321.59 74.566
327.44 74.498
333.4 74.43
339.47 74.363
345.64 74.298
351.93 74.235
358.34 74.173
364.86 74.114
371.5 74.056
378.26 74.001
385.15 73.949
392.16 73.899
399.29 73.851
406.56 73.806
413.96 73.763
421.49 73.723
429.16 73.687
436.97 73.653
444.93 73.621
453.02 73.59
461.27 73.558
469.66 73.526
478.21 73.494
486.91 73.46
495.78 73.427
504.8 73.394
513.99 73.363
523.34 73.333
532.87 73.305
542.56 73.281
552.44 73.259
562.49 73.241
572.73 73.225
583.15 73.212
593.77 73.203
604.57 73.197
615.57 73.197
626.78 73.202
638.18 73.212
649.8 73.229
661.63 73.252
673.67 73.279
685.93 73.309
698.41 73.342
711.12 73.376
724.06 73.413
737.24 73.453
750.66 73.497
764.32 73.547
778.23 73.604
792.39 73.669
806.82 73.742
821.5 73.824
836.45 73.911
851.67 74.002
867.17 74.096
882.96 74.193
899.02 74.292
915.39 74.396
932.05 74.505
949.01 74.62
966.28 74.744
983.87 74.874
1001.77 75.014
1020 75.161
1038.57 75.315
1057.47 75.477
1076.71 75.645
1096.31 75.82
1116.26 76.001
1136.58 76.191
1157.26 76.39
1178.32 76.596
1199.77 76.81
1221.6 77.026
1243.84 77.239
1266.47 77.448
1289.52 77.652
1312.99 77.852
1336.89 78.054
1361.22 78.266
1385.99 78.495
1411.22 78.749
1436.9 79.03
1463.05 79.339
1489.68 79.671
1516.79 80.018
1544.4 80.364
1572.5 80.688
1601.12 80.964
1630.26 81.165
1659.93 81.279
1690.14 81.309
1720.9 81.27
1752.22 81.189
1784.11 81.099
1816.58 81.041
1849.64 81.047
1883.3 81.143
1917.58 81.333
1952.48 81.61
1988.01 81.951
2024.19 82.327
2061.03 82.707
2098.54 83.063
2136.73 83.372
2175.62 83.62
2215.22 83.797
2255.53 83.898
2296.58 83.924
2338.38 83.879
2380.94 83.775
2424.27 83.631
2468.39 83.466
2513.31 83.296
2559.05 83.128
2605.63 82.963
2653.05 82.801
2701.33 82.637
2750.5 82.471
2800.55 82.298
2851.52 82.116
2903.42 81.923
2956.26 81.719
3010.06 81.505
3064.85 81.29
3120.62 81.079
3177.42 80.874
3235.25 80.677
3294.13 80.492
3354.08 80.327
3415.12 80.189
3477.27 80.082
3540.56 80
3605 79.939
3670.6 79.89
3737.41 79.847
3805.43 79.815
3874.68 79.801
3945.2 79.81
4017 79.837
4090.11 79.866
4164.55 79.879
4240.34 79.864
4317.51 79.824
4396.09 79.769
4476.1 79.711
4557.56 79.652
4640.5 79.589
4724.96 79.519
4810.95 79.45
4898.51 79.392
4987.66 79.357
5078.43 79.35
5170.86 79.367
5264.97 79.403
5360.79 79.454
5458.35 79.516
5557.69 79.583
5658.84 79.643
5761.82 79.682
5866.69 79.69
5973.46 79.668
6082.17 79.631
6192.87 79.604
6305.57 79.612
6420.33 79.686
6537.18 79.856
6656.15 80.149
6777.29 80.586
6900.63 81.173
7026.22 81.894
7154.1 82.719
7284.3 83.601
7416.87 84.484
7551.85 85.304
7689.29 85.994
7829.23 86.495
7971.72 86.766
8116.8 86.794
8264.53 86.596
8414.94 86.213
8568.09 85.705
8724.02 85.143
8882.79 84.599
9044.46 84.124
9209.06 83.724
9376.66 83.355
9547.31 82.93
9721.07 82.337
9897.99 81.471
10078.13 80.256
10261.55 78.659
10448.3 76.691
10638.45 74.414
10832.07 71.931
11029.21 69.382
11229.94 66.932
11434.32 64.736
11642.41 62.922
11854.3 61.556
12070.04 60.653
12289.71 60.189
12513.38 60.123
12741.12 60.4
12973 60.968
13209.1 61.778
13449.5 62.795
13694.28 63.993
13943.51 65.336
14197.27 66.775
14455.66 68.228
14718.74 69.594
14986.62 70.763
15259.37 71.638
15537.08 72.14
15819.85 72.203
16107.76 71.779
16400.92 70.849
16699.41 69.446
17003.33 67.669
17312.78 65.667
17627.86 63.6
17948.68 61.589
18275.34 59.693
18607.94 57.912
18946.6 56.208
19291.42 54.539
19642.52 52.877
20000 51.213