20 83.537
20.36 83.546
20.73 83.547
21.11 83.539
21.5 83.522
21.89 83.5
22.29 83.473
22.69 83.442
23.1 83.41
23.52 83.381
23.95 83.353
24.39 83.331
24.83 83.314
25.28 83.304
25.74 83.3
26.21 83.299
26.69 83.303
27.18 83.306
27.67 83.309
28.17 83.307
28.69 83.302
29.21 83.291
29.74 83.272
30.28 83.248
30.83 83.219
31.39 83.186
31.97 83.151
32.55 83.117
33.14 83.084
33.74 83.054
34.36 83.027
34.98 83.001
35.62 82.978
36.27 82.955
36.93 82.93
37.6 82.904
38.28 82.876
38.98 82.845
39.69 82.813
40.41 82.779
41.15 82.744
41.9 82.709
42.66 82.673
43.44 82.638
44.23 82.602
45.03 82.565
45.85 82.527
46.68 82.487
47.53 82.446
48.4 82.403
49.28 82.358
50.18 82.311
51.09 82.264
52.02 82.216
52.97 82.168
53.93 82.119
54.91 82.071
55.91 82.022
56.93 81.973
57.97 81.922
59.02 81.872
60.09 81.819
61.19 81.765
62.3 81.711
63.44 81.655
64.59 81.598
65.77 81.542
66.96 81.486
68.18 81.429
69.42 81.373
70.69 81.315
71.97 81.257
73.28 81.197
74.62 81.137
75.97 81.075
77.36 81.014
78.76 80.95
80.2 80.883
81.66 80.813
83.14 80.737
84.66 80.657
86.2 80.572
87.77 80.484
89.36 80.393
90.99 80.3
92.65 80.207
94.33 80.114
96.05 80.021
97.8 79.929
99.58 79.839
101.39 79.75
103.23 79.665
105.11 79.58
107.03 79.495
108.97 79.409
110.96 79.32
112.98 79.226
115.03 79.128
117.13 79.026
119.26 78.922
121.43 78.816
123.64 78.71
125.89 78.606
128.18 78.502
130.51 78.4
132.89 78.297
135.31 78.192
137.77 78.085
140.28 77.978
142.83 77.87
145.43 77.763
148.07 77.661
150.77 77.564
153.51 77.474
156.31 77.391
159.15 77.314
162.05 77.239
165 77.164
168 77.084
171.06 76.998
174.17 76.905
177.34 76.805
180.57 76.7
183.86 76.593
187.2 76.483
190.61 76.373
194.08 76.261
197.61 76.149
201.21 76.037
204.87 75.927
208.6 75.817
212.39 75.709
216.26 75.604
220.19 75.501
224.2 75.402
228.28 75.305
232.44 75.213
236.67 75.123
240.97 75.036
245.36 74.953
249.82 74.874
254.37 74.799
259 74.729
263.71 74.663
268.51 74.6
273.4 74.542
278.38 74.487
283.44 74.436
288.6 74.386
293.85 74.338
299.2 74.29
304.65 74.241
310.19 74.192
315.84 74.143
321.59 74.095
327.44 74.05
333.4 74.007
339.47 73.968
345.64 73.931
351.93 73.898
358.34 73.867
364.86 73.839
371.5 73.814
378.26 73.793
385.15 73.774
392.16 73.758
399.29 73.744
406.56 73.734
413.96 73.726
421.49 73.721
429.16 73.718
436.97 73.718
444.93 73.72
453.02 73.72
461.27 73.72
469.66 73.717
478.21 73.709
486.91 73.7
495.78 73.689
504.8 73.677
513.99 73.666
523.34 73.655
532.87 73.646
542.56 73.639
552.44 73.632
562.49 73.627
572.73 73.624
583.15 73.621
593.77 73.62
604.57 73.62
615.57 73.622
626.78 73.628
638.18 73.637
649.8 73.651
661.63 73.668
673.67 73.687
685.93 73.708
698.41 73.729
711.12 73.751
724.06 73.774
737.24 73.799
750.66 73.829
764.32 73.866
778.23 73.91
792.39 73.962
806.82 74.021
821.5 74.086
836.45 74.154
851.67 74.225
867.17 74.296
882.96 74.368
899.02 74.444
915.39 74.521
932.05 74.604
949.01 74.692
966.28 74.789
983.87 74.895
1001.77 75.011
1020 75.138
1038.57 75.275
1057.47 75.42
1076.71 75.57
1096.31 75.722
1116.26 75.874
1136.58 76.026
1157.26 76.178
1178.32 76.328
1199.77 76.478
1221.6 76.624
1243.84 76.768
1266.47 76.906
1289.52 77.041
1312.99 77.17
1336.89 77.297
1361.22 77.424
1385.99 77.55
1411.22 77.679
1436.9 77.81
1463.05 77.946
1489.68 78.087
1516.79 78.234
1544.4 78.389
1572.5 78.55
1601.12 78.719
1630.26 78.894
1659.93 79.071
1690.14 79.25
1720.9 79.428
1752.22 79.605
1784.11 79.779
1816.58 79.948
1849.64 80.112
1883.3 80.266
1917.58 80.41
1952.48 80.54
1988.01 80.656
2024.19 80.757
2061.03 80.844
2098.54 80.918
2136.73 80.982
2175.62 81.04
2215.22 81.094
2255.53 81.147
2296.58 81.2
2338.38 81.254
2380.94 81.31
2424.27 81.368
2468.39 81.426
2513.31 81.484
2559.05 81.544
2605.63 81.606
2653.05 81.67
2701.33 81.735
2750.5 81.801
2800.55 81.863
2851.52 81.918
2903.42 81.96
2956.26 81.984
3010.06 81.988
3064.85 81.968
3120.62 81.925
3177.42 81.857
3235.25 81.763
3294.13 81.642
3354.08 81.495
3415.12 81.322
3477.27 81.124
3540.56 80.899
3605 80.646
3670.6 80.361
3737.41 80.04
3805.43 79.684
3874.68 79.293
3945.2 78.869
4017 78.42
4090.11 77.956
4164.55 77.491
4240.34 77.045
4317.51 76.644
4396.09 76.314
4476.1 76.076
4557.56 75.946
4640.5 75.921
4724.96 75.986
4810.95 76.112
4898.51 76.263
4987.66 76.407
5078.43 76.516
5170.86 76.575
5264.97 76.575
5360.79 76.519
5458.35 76.416
5557.69 76.283
5658.84 76.143
5761.82 76.023
5866.69 75.95
5973.46 75.938
6082.17 75.995
6192.87 76.107
6305.57 76.249
6420.33 76.398
6537.18 76.536
6656.15 76.658
6777.29 76.777
6900.63 76.907
7026.22 77.064
7154.1 77.254
7284.3 77.47
7416.87 77.695
7551.85 77.901
7689.29 78.058
7829.23 78.141
7971.72 78.136
8116.8 78.035
8264.53 77.845
8414.94 77.584
8568.09 77.273
8724.02 76.939
8882.79 76.613
9044.46 76.319
9209.06 76.077
9376.66 75.893
9547.31 75.768
9721.07 75.688
9897.99 75.634
10078.13 75.586
10261.55 75.526
10448.3 75.432
10638.45 75.285
10832.07 75.061
11029.21 74.728
11229.94 74.262
11434.32 73.643
11642.41 72.865
11854.3 71.941
12070.04 70.897
12289.71 69.771
12513.38 68.605
12741.12 67.439
12973 66.304
13209.1 65.222
13449.5 64.209
13694.28 63.292
13943.51 62.502
14197.27 61.881
14455.66 61.474
14718.74 61.324
14986.62 61.462
15259.37 61.891
15537.08 62.57
15819.85 63.404
16107.76 64.24
16400.92 64.877
16699.41 65.099
17003.33 64.724
17312.78 63.643
17627.86 61.849
17948.68 59.426
18275.34 56.525
18607.94 53.325
18946.6 50.007
19291.42 46.711
19642.52 43.491
20000 40.315