20 81.674
20.36 81.691
20.73 81.709
21.11 81.727
21.5 81.745
21.89 81.762
22.29 81.779
22.69 81.796
23.1 81.812
23.52 81.827
23.95 81.843
24.39 81.858
24.83 81.871
25.28 81.885
25.74 81.897
26.21 81.909
26.69 81.919
27.18 81.929
27.67 81.937
28.17 81.944
28.69 81.951
29.21 81.956
29.74 81.959
30.28 81.961
30.83 81.962
31.39 81.961
31.97 81.959
32.55 81.956
33.14 81.95
33.74 81.942
34.36 81.933
34.98 81.922
35.62 81.908
36.27 81.892
36.93 81.874
37.6 81.853
38.28 81.829
38.98 81.802
39.69 81.772
40.41 81.74
41.15 81.703
41.9 81.664
42.66 81.621
43.44 81.573
44.23 81.522
45.03 81.468
45.85 81.409
46.68 81.345
47.53 81.278
48.4 81.207
49.28 81.134
50.18 81.059
51.09 80.982
52.02 80.904
52.97 80.825
53.93 80.747
54.91 80.668
55.91 80.592
56.93 80.516
57.97 80.443
59.02 80.372
60.09 80.305
61.19 80.242
62.3 80.182
63.44 80.128
64.59 80.079
65.77 80.036
66.96 79.999
68.18 79.97
69.42 79.948
70.69 79.934
71.97 79.928
73.28 79.932
74.62 79.942
75.97 79.956
77.36 79.971
78.76 79.985
80.2 79.995
81.66 79.999
83.14 79.993
84.66 79.974
86.2 79.943
87.77 79.899
89.36 79.843
90.99 79.778
92.65 79.707
94.33 79.631
96.05 79.551
97.8 79.471
99.58 79.391
101.39 79.312
103.23 79.233
105.11 79.156
107.03 79.079
108.97 79.004
110.96 78.928
112.98 78.853
115.03 78.778
117.13 78.705
119.26 78.63
121.43 78.556
123.64 78.482
125.89 78.407
128.18 78.333
130.51 78.257
132.89 78.181
135.31 78.104
137.77 78.028
140.28 77.951
142.83 77.872
145.43 77.793
148.07 77.712
150.77 77.629
153.51 77.545
156.31 77.457
159.15 77.367
162.05 77.275
165 77.18
168 77.083
171.06 76.985
174.17 76.891
177.34 76.801
180.57 76.715
183.86 76.633
187.2 76.557
190.61 76.483
194.08 76.412
197.61 76.343
201.21 76.275
204.87 76.206
208.6 76.136
212.39 76.065
216.26 75.993
220.19 75.92
224.2 75.847
228.28 75.775
232.44 75.704
236.67 75.635
240.97 75.567
245.36 75.501
249.82 75.437
254.37 75.376
259 75.318
263.71 75.262
268.51 75.209
273.4 75.157
278.38 75.108
283.44 75.06
288.6 75.013
293.85 74.968
299.2 74.922
304.65 74.874
310.19 74.827
315.84 74.778
321.59 74.728
327.44 74.677
333.4 74.627
339.47 74.577
345.64 74.528
351.93 74.48
358.34 74.434
364.86 74.39
371.5 74.347
378.26 74.306
385.15 74.266
392.16 74.23
399.29 74.193
406.56 74.16
413.96 74.129
421.49 74.1
429.16 74.074
436.97 74.05
444.93 74.026
453.02 74.004
461.27 73.98
469.66 73.956
478.21 73.93
486.91 73.902
495.78 73.874
504.8 73.846
513.99 73.818
523.34 73.792
532.87 73.766
542.56 73.744
552.44 73.722
562.49 73.704
572.73 73.687
583.15 73.671
593.77 73.659
604.57 73.649
615.57 73.644
626.78 73.643
638.18 73.646
649.8 73.656
661.63 73.668
673.67 73.685
685.93 73.705
698.41 73.725
711.12 73.746
724.06 73.769
737.24 73.794
750.66 73.823
764.32 73.856
778.23 73.895
792.39 73.941
806.82 73.995
821.5 74.055
836.45 74.119
851.67 74.187
867.17 74.257
882.96 74.327
899.02 74.401
915.39 74.48
932.05 74.566
949.01 74.66
966.28 74.766
983.87 74.884
1001.77 75.013
1020 75.152
1038.57 75.3
1057.47 75.451
1076.71 75.604
1096.31 75.755
1116.26 75.905
1136.58 76.054
1157.26 76.201
1178.32 76.348
1199.77 76.495
1221.6 76.64
1243.84 76.779
1266.47 76.914
1289.52 77.042
1312.99 77.165
1336.89 77.285
1361.22 77.407
1385.99 77.536
1411.22 77.676
1436.9 77.828
1463.05 77.991
1489.68 78.163
1516.79 78.336
1544.4 78.502
1572.5 78.648
1601.12 78.761
1630.26 78.834
1659.93 78.872
1690.14 78.888
1720.9 78.903
1752.22 78.936
1784.11 79.001
1816.58 79.101
1849.64 79.232
1883.3 79.386
1917.58 79.554
1952.48 79.726
1988.01 79.897
2024.19 80.062
2061.03 80.216
2098.54 80.36
2136.73 80.495
2175.62 80.622
2215.22 80.747
2255.53 80.869
2296.58 80.991
2338.38 81.11
2380.94 81.223
2424.27 81.331
2468.39 81.437
2513.31 81.547
2559.05 81.668
2605.63 81.808
2653.05 81.968
2701.33 82.142
2750.5 82.318
2800.55 82.48
2851.52 82.616
2903.42 82.716
2956.26 82.778
3010.06 82.808
3064.85 82.814
3120.62 82.805
3177.42 82.789
3235.25 82.772
3294.13 82.754
3354.08 82.731
3415.12 82.7
3477.27 82.658
3540.56 82.605
3605 82.541
3670.6 82.471
3737.41 82.396
3805.43 82.318
3874.68 82.236
3945.2 82.146
4017 82.045
4090.11 81.925
4164.55 81.778
4240.34 81.601
4317.51 81.394
4396.09 81.161
4476.1 80.91
4557.56 80.643
4640.5 80.37
4724.96 80.094
4810.95 79.823
4898.51 79.558
4987.66 79.299
5078.43 79.047
5170.86 78.797
5264.97 78.547
5360.79 78.294
5458.35 78.037
5557.69 77.781
5658.84 77.533
5761.82 77.304
5866.69 77.105
5973.46 76.946
6082.17 76.836
6192.87 76.779
6305.57 76.775
6420.33 76.825
6537.18 76.929
6656.15 77.09
6777.29 77.311
6900.63 77.592
7026.22 77.934
7154.1 78.33
7284.3 78.762
7416.87 79.197
7551.85 79.584
7689.29 79.853
7829.23 79.928
7971.72 79.739
8116.8 79.242
8264.53 78.432
8414.94 77.341
8568.09 76.037
8724.02 74.603
8882.79 73.119
9044.46 71.651
9209.06 70.24
9376.66 68.911
9547.31 67.672
9721.07 66.521
9897.99 65.455
10078.13 64.472
10261.55 63.58
10448.3 62.8
10638.45 62.165
10832.07 61.725
11029.21 61.537
11229.94 61.648
11434.32 62.073
11642.41 62.775
11854.3 63.671
12070.04 64.658
12289.71 65.657
12513.38 66.632
12741.12 67.601
12973 68.602
13209.1 69.674
13449.5 70.82
13694.28 71.995
13943.51 73.099
14197.27 73.995
14455.66 74.537
14718.74 74.617
14986.62 74.195
15259.37 73.314
15537.08 72.081
15819.85 70.635
16107.76 69.111
16400.92 67.613
16699.41 66.201
17003.33 64.879
17312.78 63.619
17627.86 62.383
17948.68 61.144
18275.34 59.896
18607.94 58.641
18946.6 57.386
19291.42 56.139
19642.52 54.9
20000 53.666