20 81.779
20.36 81.77
20.73 81.76
21.11 81.751
21.5 81.741
21.89 81.73
22.29 81.719
22.69 81.708
23.1 81.696
23.52 81.683
23.95 81.668
24.39 81.652
24.83 81.636
25.28 81.617
25.74 81.597
26.21 81.576
26.69 81.552
27.18 81.527
27.67 81.5
28.17 81.471
28.69 81.439
29.21 81.405
29.74 81.369
30.28 81.33
30.83 81.288
31.39 81.243
31.97 81.195
32.55 81.144
33.14 81.09
33.74 81.033
34.36 80.972
34.98 80.91
35.62 80.844
36.27 80.777
36.93 80.708
37.6 80.637
38.28 80.565
38.98 80.492
39.69 80.419
40.41 80.345
41.15 80.27
41.9 80.197
42.66 80.123
43.44 80.051
44.23 79.98
45.03 79.91
45.85 79.841
46.68 79.775
47.53 79.71
48.4 79.647
49.28 79.586
50.18 79.527
51.09 79.471
52.02 79.415
52.97 79.362
53.93 79.311
54.91 79.262
55.91 79.214
56.93 79.168
57.97 79.124
59.02 79.082
60.09 79.042
61.19 79.002
62.3 78.963
63.44 78.924
64.59 78.884
65.77 78.842
66.96 78.798
68.18 78.75
69.42 78.699
70.69 78.642
71.97 78.581
73.28 78.513
74.62 78.44
75.97 78.361
77.36 78.276
78.76 78.187
80.2 78.093
81.66 77.994
83.14 77.891
84.66 77.784
86.2 77.673
87.77 77.561
89.36 77.448
90.99 77.338
92.65 77.231
94.33 77.13
96.05 77.037
97.8 76.953
99.58 76.881
101.39 76.817
103.23 76.76
105.11 76.708
107.03 76.659
108.97 76.61
110.96 76.558
112.98 76.504
115.03 76.444
117.13 76.381
119.26 76.315
121.43 76.247
123.64 76.176
125.89 76.103
128.18 76.029
130.51 75.953
132.89 75.876
135.31 75.798
137.77 75.719
140.28 75.641
142.83 75.562
145.43 75.484
148.07 75.407
150.77 75.332
153.51 75.257
156.31 75.184
159.15 75.111
162.05 75.038
165 74.962
168 74.887
171.06 74.811
174.17 74.737
177.34 74.666
180.57 74.597
183.86 74.531
187.2 74.467
190.61 74.404
194.08 74.342
197.61 74.281
201.21 74.219
204.87 74.157
208.6 74.094
212.39 74.031
216.26 73.968
220.19 73.905
224.2 73.843
228.28 73.785
232.44 73.729
236.67 73.676
240.97 73.628
245.36 73.582
249.82 73.538
254.37 73.497
259 73.457
263.71 73.418
268.51 73.381
273.4 73.345
278.38 73.309
283.44 73.274
288.6 73.241
293.85 73.206
299.2 73.171
304.65 73.135
310.19 73.097
315.84 73.059
321.59 73.02
327.44 72.982
333.4 72.944
339.47 72.906
345.64 72.871
351.93 72.837
358.34 72.804
364.86 72.774
371.5 72.745
378.26 72.718
385.15 72.694
392.16 72.671
399.29 72.651
406.56 72.633
413.96 72.618
421.49 72.604
429.16 72.594
436.97 72.586
444.93 72.579
453.02 72.572
461.27 72.565
469.66 72.557
478.21 72.548
486.91 72.538
495.78 72.528
504.8 72.518
513.99 72.51
523.34 72.503
532.87 72.499
542.56 72.497
552.44 72.498
562.49 72.501
572.73 72.508
583.15 72.518
593.77 72.53
604.57 72.547
615.57 72.568
626.78 72.594
638.18 72.626
649.8 72.663
661.63 72.706
673.67 72.755
685.93 72.806
698.41 72.859
711.12 72.914
724.06 72.972
737.24 73.034
750.66 73.1
764.32 73.171
778.23 73.25
792.39 73.337
806.82 73.433
821.5 73.537
836.45 73.649
851.67 73.765
867.17 73.885
882.96 74.007
899.02 74.134
915.39 74.264
932.05 74.4
949.01 74.542
966.28 74.692
983.87 74.851
1001.77 75.016
1020 75.189
1038.57 75.368
1057.47 75.552
1076.71 75.74
1096.31 75.93
1116.26 76.121
1136.58 76.316
1157.26 76.515
1178.32 76.718
1199.77 76.926
1221.6 77.137
1243.84 77.348
1266.47 77.559
1289.52 77.77
1312.99 77.979
1336.89 78.192
1361.22 78.411
1385.99 78.641
1411.22 78.886
1436.9 79.146
1463.05 79.422
1489.68 79.713
1516.79 80.022
1544.4 80.348
1572.5 80.694
1601.12 81.055
1630.26 81.429
1659.93 81.814
1690.14 82.21
1720.9 82.619
1752.22 83.037
1784.11 83.463
1816.58 83.891
1849.64 84.313
1883.3 84.716
1917.58 85.086
1952.48 85.407
1988.01 85.664
2024.19 85.843
2061.03 85.932
2098.54 85.928
2136.73 85.83
2175.62 85.649
2215.22 85.4
2255.53 85.102
2296.58 84.772
2338.38 84.421
2380.94 84.056
2424.27 83.675
2468.39 83.279
2513.31 82.871
2559.05 82.459
2605.63 82.058
2653.05 81.679
2701.33 81.333
2750.5 81.021
2800.55 80.739
2851.52 80.477
2903.42 80.228
2956.26 79.981
3010.06 79.734
3064.85 79.485
3120.62 79.238
3177.42 78.995
3235.25 78.761
3294.13 78.537
3354.08 78.328
3415.12 78.138
3477.27 77.972
3540.56 77.834
3605 77.73
3670.6 77.659
3737.41 77.622
3805.43 77.62
3874.68 77.657
3945.2 77.737
4017 77.864
4090.11 78.037
4164.55 78.253
4240.34 78.501
4317.51 78.77
4396.09 79.045
4476.1 79.314
4557.56 79.564
4640.5 79.788
4724.96 79.978
4810.95 80.13
4898.51 80.24
4987.66 80.302
5078.43 80.311
5170.86 80.264
5264.97 80.161
5360.79 80.004
5458.35 79.8
5557.69 79.56
5658.84 79.297
5761.82 79.028
5866.69 78.77
5973.46 78.537
6082.17 78.343
6192.87 78.197
6305.57 78.106
6420.33 78.077
6537.18 78.121
6656.15 78.255
6777.29 78.507
6900.63 78.908
7026.22 79.479
7154.1 80.221
7284.3 81.104
7416.87 82.056
7551.85 82.964
7689.29 83.692
7829.23 84.099
7971.72 84.087
8116.8 83.622
8264.53 82.759
8414.94 81.626
8568.09 80.397
8724.02 79.256
8882.79 78.367
9044.46 77.855
9209.06 77.796
9376.66 78.206
9547.31 79.023
9721.07 80.101
9897.99 81.23
10078.13 82.186
10261.55 82.783
10448.3 82.922
10638.45 82.61
10832.07 81.948
11029.21 81.084
11229.94 80.16
11434.32 79.268
11642.41 78.439
11854.3 77.652
12070.04 76.857
12289.71 76.016
12513.38 75.127
12741.12 74.233
12973 73.407
13209.1 72.734
13449.5 72.296
13694.28 72.14
13943.51 72.263
14197.27 72.613
14455.66 73.101
14718.74 73.623
14986.62 74.08
15259.37 74.375
15537.08 74.426
15819.85 74.157
16107.76 73.502
16400.92 72.421
16699.41 70.925
17003.33 69.103
17312.78 67.117
17627.86 65.16
17948.68 63.366
18275.34 61.763
18607.94 60.294
18946.6 58.879
19291.42 57.455
19642.52 56.006
20000 54.544