20 82.342
20.36 82.379
20.73 82.416
21.11 82.453
21.5 82.49
21.89 82.526
22.29 82.563
22.69 82.598
23.1 82.634
23.52 82.669
23.95 82.703
24.39 82.738
24.83 82.77
25.28 82.803
25.74 82.835
26.21 82.866
26.69 82.896
27.18 82.924
27.67 82.953
28.17 82.98
28.69 83.005
29.21 83.03
29.74 83.053
30.28 83.075
30.83 83.095
31.39 83.114
31.97 83.132
32.55 83.147
33.14 83.162
33.74 83.174
34.36 83.185
34.98 83.195
35.62 83.203
36.27 83.209
36.93 83.214
37.6 83.217
38.28 83.22
38.98 83.221
39.69 83.221
40.41 83.219
41.15 83.216
41.9 83.213
42.66 83.209
43.44 83.203
44.23 83.197
45.03 83.191
45.85 83.183
46.68 83.174
47.53 83.165
48.4 83.154
49.28 83.143
50.18 83.131
51.09 83.118
52.02 83.104
52.97 83.09
53.93 83.073
54.91 83.056
55.91 83.038
56.93 83.018
57.97 82.997
59.02 82.974
60.09 82.951
61.19 82.926
62.3 82.899
63.44 82.872
64.59 82.844
65.77 82.814
66.96 82.784
68.18 82.752
69.42 82.72
70.69 82.688
71.97 82.654
73.28 82.621
74.62 82.585
75.97 82.548
77.36 82.51
78.76 82.47
80.2 82.427
81.66 82.382
83.14 82.334
84.66 82.283
86.2 82.229
87.77 82.172
89.36 82.112
90.99 82.05
92.65 81.985
94.33 81.92
96.05 81.853
97.8 81.785
99.58 81.716
101.39 81.647
103.23 81.576
105.11 81.506
107.03 81.433
108.97 81.361
110.96 81.287
112.98 81.213
115.03 81.138
117.13 81.063
119.26 80.99
121.43 80.917
123.64 80.846
125.89 80.777
128.18 80.71
130.51 80.645
132.89 80.582
135.31 80.521
137.77 80.462
140.28 80.404
142.83 80.347
145.43 80.291
148.07 80.232
150.77 80.172
153.51 80.109
156.31 80.044
159.15 79.977
162.05 79.908
165 79.834
168 79.76
171.06 79.683
174.17 79.604
177.34 79.524
180.57 79.442
183.86 79.357
187.2 79.271
190.61 79.183
194.08 79.093
197.61 79.001
201.21 78.908
204.87 78.813
208.6 78.717
212.39 78.619
216.26 78.521
220.19 78.421
224.2 78.322
228.28 78.223
232.44 78.123
236.67 78.022
240.97 77.921
245.36 77.82
249.82 77.721
254.37 77.622
259 77.529
263.71 77.437
268.51 77.35
273.4 77.269
278.38 77.19
283.44 77.116
288.6 77.045
293.85 76.972
299.2 76.9
304.65 76.825
310.19 76.747
315.84 76.664
321.59 76.579
327.44 76.491
333.4 76.402
339.47 76.311
345.64 76.219
351.93 76.126
358.34 76.032
364.86 75.939
371.5 75.846
378.26 75.755
385.15 75.666
392.16 75.581
399.29 75.498
406.56 75.418
413.96 75.341
421.49 75.265
429.16 75.193
436.97 75.121
444.93 75.051
453.02 74.982
461.27 74.911
469.66 74.84
478.21 74.767
486.91 74.695
495.78 74.622
504.8 74.55
513.99 74.48
523.34 74.411
532.87 74.344
542.56 74.28
552.44 74.22
562.49 74.161
572.73 74.106
583.15 74.054
593.77 74.004
604.57 73.959
615.57 73.918
626.78 73.883
638.18 73.854
649.8 73.83
661.63 73.812
673.67 73.799
685.93 73.789
698.41 73.781
711.12 73.776
724.06 73.775
737.24 73.777
750.66 73.785
764.32 73.8
778.23 73.822
792.39 73.854
806.82 73.893
821.5 73.943
836.45 74
851.67 74.064
867.17 74.135
882.96 74.213
899.02 74.298
915.39 74.392
932.05 74.494
949.01 74.608
966.28 74.732
983.87 74.867
1001.77 75.014
1020 75.174
1038.57 75.343
1057.47 75.52
1076.71 75.702
1096.31 75.888
1116.26 76.074
1136.58 76.262
1157.26 76.451
1178.32 76.641
1199.77 76.834
1221.6 77.031
1243.84 77.232
1266.47 77.435
1289.52 77.642
1312.99 77.855
1336.89 78.074
1361.22 78.296
1385.99 78.521
1411.22 78.748
1436.9 78.974
1463.05 79.196
1489.68 79.412
1516.79 79.622
1544.4 79.826
1572.5 80.026
1601.12 80.227
1630.26 80.428
1659.93 80.628
1690.14 80.828
1720.9 81.028
1752.22 81.231
1784.11 81.441
1816.58 81.663
1849.64 81.9
1883.3 82.156
1917.58 82.436
1952.48 82.74
1988.01 83.063
2024.19 83.395
2061.03 83.721
2098.54 84.028
2136.73 84.306
2175.62 84.552
2215.22 84.766
2255.53 84.957
2296.58 85.134
2338.38 85.308
2380.94 85.484
2424.27 85.66
2468.39 85.827
2513.31 85.97
2559.05 86.077
2605.63 86.141
2653.05 86.165
2701.33 86.156
2750.5 86.123
2800.55 86.076
2851.52 86.019
2903.42 85.957
2956.26 85.896
3010.06 85.84
3064.85 85.795
3120.62 85.769
3177.42 85.766
3235.25 85.789
3294.13 85.842
3354.08 85.926
3415.12 86.041
3477.27 86.19
3540.56 86.373
3605 86.588
3670.6 86.832
3737.41 87.097
3805.43 87.374
3874.68 87.645
3945.2 87.89
4017 88.082
4090.11 88.193
4164.55 88.196
4240.34 88.071
4317.51 87.804
4396.09 87.392
4476.1 86.843
4557.56 86.175
4640.5 85.414
4724.96 84.591
4810.95 83.737
4898.51 82.881
4987.66 82.045
5078.43 81.245
5170.86 80.494
5264.97 79.801
5360.79 79.169
5458.35 78.6
5557.69 78.091
5658.84 77.641
5761.82 77.25
5866.69 76.918
5973.46 76.648
6082.17 76.444
6192.87 76.313
6305.57 76.263
6420.33 76.305
6537.18 76.457
6656.15 76.739
6777.29 77.175
6900.63 77.789
7026.22 78.599
7154.1 79.612
7284.3 80.805
7416.87 82.119
7551.85 83.448
7689.29 84.646
7829.23 85.551
7971.72 86.015
8116.8 85.954
8264.53 85.373
8414.94 84.368
8568.09 83.099
8724.02 81.76
8882.79 80.525
9044.46 79.536
9209.06 78.887
9376.66 78.626
9547.31 78.751
9721.07 79.211
9897.99 79.895
10078.13 80.644
10261.55 81.254
10448.3 81.524
10638.45 81.296
10832.07 80.499
11029.21 79.171
11229.94 77.439
11434.32 75.487
11642.41 73.503
11854.3 71.638
12070.04 70.002
12289.71 68.656
12513.38 67.627
12741.12 66.923
12973 66.537
13209.1 66.459
13449.5 66.675
13694.28 67.166
13943.51 67.9
14197.27 68.832
14455.66 69.899
14718.74 71.019
14986.62 72.101
15259.37 73.043
15537.08 73.746
15819.85 74.114
16107.76 74.056
16400.92 73.508
16699.41 72.448
17003.33 70.917
17312.78 69.018
17627.86 66.881
17948.68 64.633
18275.34 62.358
18607.94 60.088
18946.6 57.829
19291.42 55.575
19642.52 53.324
20000 51.073