20 78.534
20.36 78.588
20.73 78.638
21.11 78.686
21.5 78.728
21.89 78.768
22.29 78.804
22.69 78.838
23.1 78.868
23.52 78.898
23.95 78.925
24.39 78.952
24.83 78.979
25.28 79.006
25.74 79.034
26.21 79.062
26.69 79.091
27.18 79.121
27.67 79.151
28.17 79.179
28.69 79.207
29.21 79.233
29.74 79.256
30.28 79.279
30.83 79.298
31.39 79.317
31.97 79.334
32.55 79.35
33.14 79.365
33.74 79.38
34.36 79.395
34.98 79.409
35.62 79.424
36.27 79.438
36.93 79.451
37.6 79.464
38.28 79.475
38.98 79.485
39.69 79.494
40.41 79.501
41.15 79.507
41.9 79.512
42.66 79.516
43.44 79.52
44.23 79.523
45.03 79.525
45.85 79.526
46.68 79.528
47.53 79.529
48.4 79.53
49.28 79.532
50.18 79.533
51.09 79.533
52.02 79.535
52.97 79.536
53.93 79.539
54.91 79.542
55.91 79.545
56.93 79.548
57.97 79.55
59.02 79.551
60.09 79.549
61.19 79.546
62.3 79.541
63.44 79.535
64.59 79.527
65.77 79.518
66.96 79.509
68.18 79.5
69.42 79.491
70.69 79.483
71.97 79.475
73.28 79.468
74.62 79.461
75.97 79.454
77.36 79.445
78.76 79.435
80.2 79.421
81.66 79.405
83.14 79.385
84.66 79.361
86.2 79.335
87.77 79.307
89.36 79.278
90.99 79.249
92.65 79.221
94.33 79.195
96.05 79.17
97.8 79.145
99.58 79.121
101.39 79.097
103.23 79.074
105.11 79.05
107.03 79.025
108.97 79.001
110.96 78.975
112.98 78.948
115.03 78.92
117.13 78.891
119.26 78.861
121.43 78.831
123.64 78.8
125.89 78.77
128.18 78.739
130.51 78.708
132.89 78.676
135.31 78.641
137.77 78.604
140.28 78.563
142.83 78.52
145.43 78.473
148.07 78.423
150.77 78.371
153.51 78.319
156.31 78.267
159.15 78.217
162.05 78.171
165 78.128
168 78.088
171.06 78.051
174.17 78.017
177.34 77.985
180.57 77.953
183.86 77.92
187.2 77.885
190.61 77.846
194.08 77.806
197.61 77.761
201.21 77.715
204.87 77.665
208.6 77.612
212.39 77.557
216.26 77.499
220.19 77.439
224.2 77.379
228.28 77.318
232.44 77.256
236.67 77.194
240.97 77.132
245.36 77.07
249.82 77.009
254.37 76.95
259 76.893
263.71 76.838
268.51 76.784
273.4 76.732
278.38 76.68
283.44 76.63
288.6 76.579
293.85 76.527
299.2 76.472
304.65 76.413
310.19 76.351
315.84 76.286
321.59 76.218
327.44 76.149
333.4 76.079
339.47 76.009
345.64 75.939
351.93 75.869
358.34 75.8
364.86 75.731
371.5 75.663
378.26 75.596
385.15 75.531
392.16 75.469
399.29 75.407
406.56 75.347
413.96 75.287
421.49 75.229
429.16 75.172
436.97 75.117
444.93 75.062
453.02 75.008
461.27 74.951
469.66 74.892
478.21 74.831
486.91 74.769
495.78 74.704
504.8 74.641
513.99 74.579
523.34 74.519
532.87 74.462
542.56 74.407
552.44 74.356
562.49 74.308
572.73 74.262
583.15 74.22
593.77 74.18
604.57 74.144
615.57 74.113
626.78 74.086
638.18 74.064
649.8 74.047
661.63 74.035
673.67 74.026
685.93 74.02
698.41 74.015
711.12 74.012
724.06 74.013
737.24 74.016
750.66 74.023
764.32 74.036
778.23 74.052
792.39 74.072
806.82 74.097
821.5 74.127
836.45 74.163
851.67 74.204
867.17 74.252
882.96 74.309
899.02 74.375
915.39 74.453
932.05 74.541
949.01 74.641
966.28 74.752
983.87 74.877
1001.77 75.013
1020 75.16
1038.57 75.317
1057.47 75.481
1076.71 75.649
1096.31 75.82
1116.26 75.991
1136.58 76.163
1157.26 76.336
1178.32 76.51
1199.77 76.684
1221.6 76.859
1243.84 77.033
1266.47 77.208
1289.52 77.383
1312.99 77.562
1336.89 77.745
1361.22 77.937
1385.99 78.136
1411.22 78.344
1436.9 78.556
1463.05 78.771
1489.68 78.987
1516.79 79.202
1544.4 79.415
1572.5 79.625
1601.12 79.833
1630.26 80.04
1659.93 80.247
1690.14 80.456
1720.9 80.669
1752.22 80.889
1784.11 81.121
1816.58 81.366
1849.64 81.63
1883.3 81.913
1917.58 82.216
1952.48 82.537
1988.01 82.871
2024.19 83.213
2061.03 83.554
2098.54 83.888
2136.73 84.207
2175.62 84.508
2215.22 84.79
2255.53 85.05
2296.58 85.289
2338.38 85.508
2380.94 85.706
2424.27 85.876
2468.39 86.012
2513.31 86.105
2559.05 86.151
2605.63 86.146
2653.05 86.094
2701.33 86.003
2750.5 85.884
2800.55 85.751
2851.52 85.617
2903.42 85.493
2956.26 85.386
3010.06 85.3
3064.85 85.235
3120.62 85.189
3177.42 85.162
3235.25 85.153
3294.13 85.163
3354.08 85.196
3415.12 85.257
3477.27 85.354
3540.56 85.49
3605 85.671
3670.6 85.895
3737.41 86.159
3805.43 86.453
3874.68 86.762
3945.2 87.066
4017 87.338
4090.11 87.551
4164.55 87.672
4240.34 87.674
4317.51 87.533
4396.09 87.237
4476.1 86.788
4557.56 86.197
4640.5 85.484
4724.96 84.681
4810.95 83.819
4898.51 82.933
4987.66 82.053
5078.43 81.2
5170.86 80.395
5264.97 79.647
5360.79 78.963
5458.35 78.338
5557.69 77.768
5658.84 77.254
5761.82 76.797
5866.69 76.401
5973.46 76.071
6082.17 75.812
6192.87 75.631
6305.57 75.537
6420.33 75.546
6537.18 75.674
6656.15 75.941
6777.29 76.363
6900.63 76.956
7026.22 77.722
7154.1 78.649
7284.3 79.7
7416.87 80.809
7551.85 81.878
7689.29 82.789
7829.23 83.418
7971.72 83.667
8116.8 83.486
8264.53 82.888
8414.94 81.946
8568.09 80.771
8724.02 79.498
8882.79 78.269
9044.46 77.208
9209.06 76.415
9376.66 75.952
9547.31 75.847
9721.07 76.088
9897.99 76.618
10078.13 77.337
10261.55 78.097
10448.3 78.722
10638.45 79.035
10832.07 78.895
11029.21 78.237
11229.94 77.087
11434.32 75.551
11642.41 73.785
11854.3 71.955
12070.04 70.208
12289.71 68.653
12513.38 67.363
12741.12 66.377
12973 65.716
13209.1 65.381
13449.5 65.374
13694.28 65.687
13943.51 66.309
14197.27 67.21
14455.66 68.333
14718.74 69.586
14986.62 70.846
15259.37 71.965
15537.08 72.793
15819.85 73.208
16107.76 73.129
16400.92 72.535
16699.41 71.464
17003.33 69.998
17312.78 68.256
17627.86 66.353
17948.68 64.378
18275.34 62.384
18607.94 60.403
18946.6 58.46
19291.42 56.567
19642.52 54.717
20000 52.888