20 80.506
20.36 80.472
20.73 80.434
21.11 80.391
21.5 80.345
21.89 80.295
22.29 80.243
22.69 80.189
23.1 80.134
23.52 80.078
23.95 80.023
24.39 79.969
24.83 79.916
25.28 79.866
25.74 79.817
26.21 79.77
26.69 79.725
27.18 79.68
27.67 79.634
28.17 79.587
28.69 79.539
29.21 79.488
29.74 79.433
30.28 79.375
30.83 79.314
31.39 79.251
31.97 79.187
32.55 79.122
33.14 79.058
33.74 78.995
34.36 78.933
34.98 78.871
35.62 78.812
36.27 78.751
36.93 78.69
37.6 78.628
38.28 78.564
38.98 78.499
39.69 78.433
40.41 78.365
41.15 78.298
41.9 78.231
42.66 78.165
43.44 78.101
44.23 78.037
45.03 77.974
45.85 77.91
46.68 77.846
47.53 77.78
48.4 77.714
49.28 77.648
50.18 77.581
51.09 77.514
52.02 77.448
52.97 77.382
53.93 77.316
54.91 77.25
55.91 77.184
56.93 77.119
57.97 77.054
59.02 76.99
60.09 76.925
61.19 76.861
62.3 76.797
63.44 76.733
64.59 76.67
65.77 76.607
66.96 76.545
68.18 76.484
69.42 76.423
70.69 76.36
71.97 76.297
73.28 76.232
74.62 76.167
75.97 76.1
77.36 76.033
78.76 75.964
80.2 75.894
81.66 75.822
83.14 75.747
84.66 75.669
86.2 75.588
87.77 75.504
89.36 75.415
90.99 75.323
92.65 75.225
94.33 75.122
96.05 75.013
97.8 74.898
99.58 74.778
101.39 74.65
103.23 74.517
105.11 74.378
107.03 74.231
108.97 74.074
110.96 73.909
112.98 73.734
115.03 73.553
117.13 73.369
119.26 73.186
121.43 73.006
123.64 72.831
125.89 72.659
128.18 72.491
130.51 72.326
132.89 72.163
135.31 72.005
137.77 71.85
140.28 71.701
142.83 71.554
145.43 71.412
148.07 71.276
150.77 71.143
153.51 71.014
156.31 70.895
159.15 70.787
162.05 70.691
165 70.611
168 70.546
171.06 70.491
174.17 70.44
177.34 70.382
180.57 70.306
183.86 70.198
187.2 70.055
190.61 69.878
194.08 69.687
197.61 69.513
201.21 69.393
204.87 69.358
208.6 69.419
212.39 69.565
216.26 69.768
220.19 69.994
224.2 70.214
228.28 70.408
232.44 70.565
236.67 70.684
240.97 70.767
245.36 70.82
249.82 70.85
254.37 70.865
259 70.869
263.71 70.868
268.51 70.865
273.4 70.861
278.38 70.858
283.44 70.857
288.6 70.857
293.85 70.859
299.2 70.861
304.65 70.863
310.19 70.865
315.84 70.869
321.59 70.872
327.44 70.877
333.4 70.882
339.47 70.889
345.64 70.896
351.93 70.904
358.34 70.912
364.86 70.92
371.5 70.928
378.26 70.934
385.15 70.939
392.16 70.945
399.29 70.951
406.56 70.957
413.96 70.964
421.49 70.972
429.16 70.982
436.97 70.994
444.93 71.006
453.02 71.022
461.27 71.037
469.66 71.056
478.21 71.076
486.91 71.098
495.78 71.121
504.8 71.147
513.99 71.174
523.34 71.204
532.87 71.236
542.56 71.269
552.44 71.305
562.49 71.343
572.73 71.383
583.15 71.425
593.77 71.47
604.57 71.516
615.57 71.565
626.78 71.619
638.18 71.675
649.8 71.737
661.63 71.803
673.67 71.874
685.93 71.95
698.41 72.031
711.12 72.117
724.06 72.209
737.24 72.307
750.66 72.41
764.32 72.521
778.23 72.638
792.39 72.763
806.82 72.895
821.5 73.035
836.45 73.183
851.67 73.338
867.17 73.5
882.96 73.668
899.02 73.842
915.39 74.021
932.05 74.206
949.01 74.398
966.28 74.597
983.87 74.805
1001.77 75.021
1020 75.243
1038.57 75.47
1057.47 75.701
1076.71 75.932
1096.31 76.163
1116.26 76.392
1136.58 76.619
1157.26 76.842
1178.32 77.061
1199.77 77.276
1221.6 77.485
1243.84 77.689
1266.47 77.888
1289.52 78.084
1312.99 78.275
1336.89 78.464
1361.22 78.649
1385.99 78.832
1411.22 79.009
1436.9 79.179
1463.05 79.343
1489.68 79.497
1516.79 79.643
1544.4 79.78
1572.5 79.907
1601.12 80.027
1630.26 80.141
1659.93 80.25
1690.14 80.358
1720.9 80.465
1752.22 80.571
1784.11 80.68
1816.58 80.794
1849.64 80.915
1883.3 81.046
1917.58 81.191
1952.48 81.349
1988.01 81.521
2024.19 81.703
2061.03 81.892
2098.54 82.082
2136.73 82.271
2175.62 82.455
2215.22 82.631
2255.53 82.798
2296.58 82.955
2338.38 83.102
2380.94 83.239
2424.27 83.364
2468.39 83.474
2513.31 83.565
2559.05 83.638
2605.63 83.686
2653.05 83.709
2701.33 83.702
2750.5 83.664
2800.55 83.594
2851.52 83.492
2903.42 83.361
2956.26 83.205
3010.06 83.03
3064.85 82.846
3120.62 82.66
3177.42 82.479
3235.25 82.304
3294.13 82.138
3354.08 81.975
3415.12 81.813
3477.27 81.648
3540.56 81.478
3605 81.302
3670.6 81.121
3737.41 80.937
3805.43 80.752
3874.68 80.571
3945.2 80.397
4017 80.233
4090.11 80.083
4164.55 79.95
4240.34 79.835
4317.51 79.738
4396.09 79.66
4476.1 79.603
4557.56 79.565
4640.5 79.547
4724.96 79.548
4810.95 79.569
4898.51 79.607
4987.66 79.661
5078.43 79.731
5170.86 79.817
5264.97 79.916
5360.79 80.032
5458.35 80.168
5557.69 80.324
5658.84 80.502
5761.82 80.7
5866.69 80.919
5973.46 81.153
6082.17 81.404
6192.87 81.669
6305.57 81.948
6420.33 82.241
6537.18 82.548
6656.15 82.866
6777.29 83.194
6900.63 83.526
7026.22 83.858
7154.1 84.178
7284.3 84.476
7416.87 84.738
7551.85 84.944
7689.29 85.076
7829.23 85.111
7971.72 85.031
8116.8 84.818
8264.53 84.463
8414.94 83.963
8568.09 83.322
8724.02 82.554
8882.79 81.687
9044.46 80.753
9209.06 79.791
9376.66 78.839
9547.31 77.934
9721.07 77.111
9897.99 76.4
10078.13 75.827
10261.55 75.417
10448.3 75.187
10638.45 75.148
10832.07 75.298
11029.21 75.622
11229.94 76.08
11434.32 76.604
11642.41 77.1
11854.3 77.452
12070.04 77.54
12289.71 77.268
12513.38 76.584
12741.12 75.492
12973 74.049
13209.1 72.342
13449.5 70.471
13694.28 68.548
13943.51 66.677
14197.27 64.945
14455.66 63.419
14718.74 62.153
14986.62 61.187
15259.37 60.554
15537.08 60.276
15819.85 60.356
16107.76 60.773
16400.92 61.463
16699.41 62.308
17003.33 63.131
17312.78 63.716
17627.86 63.839
17948.68 63.333
18275.34 62.129
18607.94 60.28
18946.6 57.935
19291.42 55.279
19642.52 52.482
20000 49.648