20 86.996
20.36 87.002
20.73 87.006
21.11 87.007
21.5 87.006
21.89 87.002
22.29 86.996
22.69 86.988
23.1 86.978
23.52 86.968
23.95 86.955
24.39 86.942
24.83 86.929
25.28 86.915
25.74 86.903
26.21 86.891
26.69 86.879
27.18 86.867
27.67 86.854
28.17 86.84
28.69 86.825
29.21 86.81
29.74 86.791
30.28 86.771
30.83 86.748
31.39 86.725
31.97 86.701
32.55 86.677
33.14 86.653
33.74 86.629
34.36 86.605
34.98 86.58
35.62 86.553
36.27 86.526
36.93 86.497
37.6 86.466
38.28 86.434
38.98 86.399
39.69 86.364
40.41 86.327
41.15 86.288
41.9 86.248
42.66 86.208
43.44 86.167
44.23 86.125
45.03 86.083
45.85 86.04
46.68 85.995
47.53 85.95
48.4 85.903
49.28 85.855
50.18 85.805
51.09 85.754
52.02 85.701
52.97 85.646
53.93 85.59
54.91 85.534
55.91 85.478
56.93 85.421
57.97 85.367
59.02 85.315
60.09 85.264
61.19 85.216
62.3 85.17
63.44 85.124
64.59 85.076
65.77 85.027
66.96 84.973
68.18 84.914
69.42 84.852
70.69 84.783
71.97 84.71
73.28 84.634
74.62 84.558
75.97 84.484
77.36 84.414
78.76 84.35
80.2 84.295
81.66 84.246
83.14 84.203
84.66 84.163
86.2 84.122
87.77 84.079
89.36 84.03
90.99 83.974
92.65 83.911
94.33 83.842
96.05 83.766
97.8 83.686
99.58 83.604
101.39 83.52
103.23 83.437
105.11 83.353
107.03 83.271
108.97 83.185
110.96 83.098
112.98 83.006
115.03 82.911
117.13 82.812
119.26 82.713
121.43 82.615
123.64 82.517
125.89 82.421
128.18 82.325
130.51 82.23
132.89 82.134
135.31 82.034
137.77 81.933
140.28 81.831
142.83 81.728
145.43 81.628
148.07 81.528
150.77 81.432
153.51 81.338
156.31 81.246
159.15 81.154
162.05 81.061
165 80.968
168 80.871
171.06 80.772
174.17 80.671
177.34 80.569
180.57 80.466
183.86 80.362
187.2 80.259
190.61 80.155
194.08 80.051
197.61 79.946
201.21 79.841
204.87 79.736
208.6 79.631
212.39 79.526
216.26 79.419
220.19 79.312
224.2 79.206
228.28 79.1
232.44 78.994
236.67 78.889
240.97 78.785
245.36 78.682
249.82 78.582
254.37 78.485
259 78.389
263.71 78.297
268.51 78.206
273.4 78.116
278.38 78.028
283.44 77.94
288.6 77.854
293.85 77.765
299.2 77.675
304.65 77.581
310.19 77.484
315.84 77.386
321.59 77.286
327.44 77.186
333.4 77.086
339.47 76.987
345.64 76.89
351.93 76.793
358.34 76.698
364.86 76.603
371.5 76.511
378.26 76.422
385.15 76.334
392.16 76.25
399.29 76.168
406.56 76.088
413.96 76.01
421.49 75.933
429.16 75.858
436.97 75.785
444.93 75.713
453.02 75.642
461.27 75.57
469.66 75.495
478.21 75.419
486.91 75.342
495.78 75.263
504.8 75.185
513.99 75.109
523.34 75.036
532.87 74.965
542.56 74.897
552.44 74.832
562.49 74.77
572.73 74.712
583.15 74.656
593.77 74.605
604.57 74.557
615.57 74.513
626.78 74.474
638.18 74.441
649.8 74.413
661.63 74.39
673.67 74.371
685.93 74.355
698.41 74.341
711.12 74.329
724.06 74.32
737.24 74.315
750.66 74.315
764.32 74.32
778.23 74.333
792.39 74.353
806.82 74.379
821.5 74.413
836.45 74.451
851.67 74.492
867.17 74.534
882.96 74.578
899.02 74.624
915.39 74.673
932.05 74.726
949.01 74.783
966.28 74.849
983.87 74.923
1001.77 75.008
1020 75.106
1038.57 75.218
1057.47 75.346
1076.71 75.488
1096.31 75.648
1116.26 75.824
1136.58 76.018
1157.26 76.23
1178.32 76.46
1199.77 76.702
1221.6 76.951
1243.84 77.2
1266.47 77.441
1289.52 77.672
1312.99 77.889
1336.89 78.092
1361.22 78.281
1385.99 78.461
1411.22 78.632
1436.9 78.796
1463.05 78.954
1489.68 79.107
1516.79 79.256
1544.4 79.4
1572.5 79.54
1601.12 79.677
1630.26 79.811
1659.93 79.943
1690.14 80.074
1720.9 80.206
1752.22 80.343
1784.11 80.488
1816.58 80.644
1849.64 80.816
1883.3 81.006
1917.58 81.214
1952.48 81.441
1988.01 81.683
2024.19 81.936
2061.03 82.194
2098.54 82.45
2136.73 82.702
2175.62 82.946
2215.22 83.181
2255.53 83.409
2296.58 83.633
2338.38 83.856
2380.94 84.08
2424.27 84.307
2468.39 84.536
2513.31 84.763
2559.05 84.986
2605.63 85.198
2653.05 85.392
2701.33 85.562
2750.5 85.702
2800.55 85.808
2851.52 85.884
2903.42 85.929
2956.26 85.949
3010.06 85.947
3064.85 85.931
3120.62 85.905
3177.42 85.874
3235.25 85.84
3294.13 85.807
3354.08 85.778
3415.12 85.757
3477.27 85.746
3540.56 85.75
3605 85.77
3670.6 85.81
3737.41 85.87
3805.43 85.954
3874.68 86.061
3945.2 86.196
4017 86.36
4090.11 86.554
4164.55 86.779
4240.34 87.032
4317.51 87.307
4396.09 87.598
4476.1 87.89
4557.56 88.169
4640.5 88.418
4724.96 88.619
4810.95 88.758
4898.51 88.825
4987.66 88.815
5078.43 88.727
5170.86 88.562
5264.97 88.32
5360.79 88
5458.35 87.601
5557.69 87.126
5658.84 86.591
5761.82 86.014
5866.69 85.422
5973.46 84.838
6082.17 84.288
6192.87 83.791
6305.57 83.366
6420.33 83.034
6537.18 82.811
6656.15 82.715
6777.29 82.76
6900.63 82.96
7026.22 83.318
7154.1 83.82
7284.3 84.44
7416.87 85.124
7551.85 85.797
7689.29 86.366
7829.23 86.729
7971.72 86.801
8116.8 86.523
8264.53 85.882
8414.94 84.908
8568.09 83.663
8724.02 82.232
8882.79 80.719
9044.46 79.217
9209.06 77.806
9376.66 76.542
9547.31 75.465
9721.07 74.597
9897.99 73.957
10078.13 73.552
10261.55 73.394
10448.3 73.494
10638.45 73.854
10832.07 74.471
11029.21 75.319
11229.94 76.346
11434.32 77.46
11642.41 78.531
11854.3 79.406
12070.04 79.932
12289.71 79.999
12513.38 79.569
12741.12 78.686
12973 77.472
13209.1 76.078
13449.5 74.67
13694.28 73.408
13943.51 72.42
14197.27 71.8
14455.66 71.586
14718.74 71.76
14986.62 72.247
15259.37 72.906
15537.08 73.544
15819.85 73.945
16107.76 73.918
16400.92 73.343
16699.41 72.204
17003.33 70.575
17312.78 68.589
17627.86 66.395
17948.68 64.127
18275.34 61.91
18607.94 59.846
18946.6 58.013
19291.42 56.425
19642.52 55.009
20000 53.659