20 82.005
20.36 82.032
20.73 82.053
21.11 82.066
21.5 82.073
21.89 82.073
22.29 82.068
22.69 82.06
23.1 82.05
23.52 82.039
23.95 82.029
24.39 82.022
24.83 82.02
25.28 82.022
25.74 82.029
26.21 82.039
26.69 82.054
27.18 82.07
27.67 82.087
28.17 82.102
28.69 82.115
29.21 82.125
29.74 82.13
30.28 82.132
30.83 82.13
31.39 82.125
31.97 82.118
32.55 82.109
33.14 82.102
33.74 82.094
34.36 82.089
34.98 82.084
35.62 82.081
36.27 82.078
36.93 82.076
37.6 82.072
38.28 82.067
38.98 82.06
39.69 82.051
40.41 82.041
41.15 82.03
41.9 82.02
42.66 82.008
43.44 81.998
44.23 81.986
45.03 81.975
45.85 81.964
46.68 81.953
47.53 81.941
48.4 81.928
49.28 81.915
50.18 81.902
51.09 81.888
52.02 81.875
52.97 81.862
53.93 81.848
54.91 81.836
55.91 81.823
56.93 81.81
57.97 81.796
59.02 81.781
60.09 81.765
61.19 81.747
62.3 81.727
63.44 81.706
64.59 81.685
65.77 81.662
66.96 81.641
68.18 81.619
69.42 81.597
70.69 81.576
71.97 81.555
73.28 81.534
74.62 81.512
75.97 81.491
77.36 81.469
78.76 81.446
80.2 81.42
81.66 81.391
83.14 81.357
84.66 81.319
86.2 81.277
87.77 81.231
89.36 81.183
90.99 81.135
92.65 81.086
94.33 81.038
96.05 80.99
97.8 80.945
99.58 80.9
101.39 80.858
103.23 80.817
105.11 80.778
107.03 80.738
108.97 80.696
110.96 80.649
112.98 80.598
115.03 80.541
117.13 80.479
119.26 80.416
121.43 80.353
123.64 80.291
125.89 80.233
128.18 80.177
130.51 80.124
132.89 80.074
135.31 80.025
137.77 79.976
140.28 79.926
142.83 79.874
145.43 79.82
148.07 79.764
150.77 79.707
153.51 79.651
156.31 79.596
159.15 79.543
162.05 79.491
165 79.44
168 79.388
171.06 79.335
174.17 79.278
177.34 79.219
180.57 79.156
183.86 79.09
187.2 79.021
190.61 78.949
194.08 78.873
197.61 78.795
201.21 78.715
204.87 78.634
208.6 78.552
212.39 78.469
216.26 78.386
220.19 78.301
224.2 78.217
228.28 78.131
232.44 78.044
236.67 77.956
240.97 77.865
245.36 77.774
249.82 77.684
254.37 77.594
259 77.507
263.71 77.425
268.51 77.349
273.4 77.281
278.38 77.224
283.44 77.175
288.6 77.132
293.85 77.09
299.2 77.043
304.65 76.988
310.19 76.923
315.84 76.848
321.59 76.766
327.44 76.677
333.4 76.583
339.47 76.488
345.64 76.392
351.93 76.296
358.34 76.203
364.86 76.113
371.5 76.027
378.26 75.944
385.15 75.864
392.16 75.789
399.29 75.714
406.56 75.641
413.96 75.57
421.49 75.499
429.16 75.431
436.97 75.364
444.93 75.301
453.02 75.238
461.27 75.175
469.66 75.11
478.21 75.042
486.91 74.972
495.78 74.902
504.8 74.832
513.99 74.762
523.34 74.694
532.87 74.628
542.56 74.565
552.44 74.503
562.49 74.445
572.73 74.389
583.15 74.335
593.77 74.285
604.57 74.238
615.57 74.195
626.78 74.157
638.18 74.125
649.8 74.097
661.63 74.075
673.67 74.057
685.93 74.04
698.41 74.026
711.12 74.015
724.06 74.006
737.24 74
750.66 74
764.32 74.008
778.23 74.023
792.39 74.047
806.82 74.081
821.5 74.124
836.45 74.174
851.67 74.23
867.17 74.292
882.96 74.357
899.02 74.428
915.39 74.504
932.05 74.587
949.01 74.678
966.28 74.779
983.87 74.89
1001.77 75.012
1020 75.146
1038.57 75.289
1057.47 75.442
1076.71 75.601
1096.31 75.764
1116.26 75.929
1136.58 76.097
1157.26 76.267
1178.32 76.439
1199.77 76.612
1221.6 76.784
1243.84 76.956
1266.47 77.125
1289.52 77.291
1312.99 77.454
1336.89 77.617
1361.22 77.78
1385.99 77.944
1411.22 78.111
1436.9 78.282
1463.05 78.459
1489.68 78.645
1516.79 78.839
1544.4 79.046
1572.5 79.266
1601.12 79.499
1630.26 79.745
1659.93 80.002
1690.14 80.271
1720.9 80.55
1752.22 80.839
1784.11 81.14
1816.58 81.452
1849.64 81.778
1883.3 82.115
1917.58 82.465
1952.48 82.826
1988.01 83.194
2024.19 83.567
2061.03 83.939
2098.54 84.305
2136.73 84.658
2175.62 84.994
2215.22 85.306
2255.53 85.589
2296.58 85.838
2338.38 86.049
2380.94 86.217
2424.27 86.334
2468.39 86.396
2513.31 86.399
2559.05 86.345
2605.63 86.238
2653.05 86.085
2701.33 85.895
2750.5 85.679
2800.55 85.447
2851.52 85.208
2903.42 84.969
2956.26 84.737
3010.06 84.518
3064.85 84.317
3120.62 84.14
3177.42 83.989
3235.25 83.866
3294.13 83.772
3354.08 83.71
3415.12 83.679
3477.27 83.682
3540.56 83.721
3605 83.798
3670.6 83.913
3737.41 84.067
3805.43 84.257
3874.68 84.476
3945.2 84.716
4017 84.962
4090.11 85.195
4164.55 85.394
4240.34 85.533
4317.51 85.589
4396.09 85.543
4476.1 85.379
4557.56 85.092
4640.5 84.682
4724.96 84.16
4810.95 83.546
4898.51 82.866
4987.66 82.145
5078.43 81.41
5170.86 80.686
5264.97 79.991
5360.79 79.339
5458.35 78.734
5557.69 78.178
5658.84 77.673
5761.82 77.224
5866.69 76.834
5973.46 76.511
6082.17 76.262
6192.87 76.095
6305.57 76.021
6420.33 76.054
6537.18 76.211
6656.15 76.507
6777.29 76.961
6900.63 77.586
7026.22 78.382
7154.1 79.336
7284.3 80.41
7416.87 81.532
7551.85 82.61
7689.29 83.525
7829.23 84.163
7971.72 84.433
8116.8 84.293
8264.53 83.762
8414.94 82.912
8568.09 81.85
8724.02 80.706
8882.79 79.616
9044.46 78.698
9209.06 78.048
9376.66 77.726
9547.31 77.755
9721.07 78.117
9897.99 78.744
10078.13 79.522
10261.55 80.289
10448.3 80.864
10638.45 81.069
10832.07 80.788
11029.21 79.989
11229.94 78.745
11434.32 77.199
11642.41 75.54
11854.3 73.942
12070.04 72.547
12289.71 71.44
12513.38 70.657
12741.12 70.186
12973 69.978
13209.1 69.958
13449.5 70.036
13694.28 70.11
13943.51 70.086
14197.27 69.899
14455.66 69.529
14718.74 69.012
14986.62 68.424
15259.37 67.856
15537.08 67.37
15819.85 66.97
16107.76 66.581
16400.92 66.062
16699.41 65.258
17003.33 64.059
17312.78 62.449
17627.86 60.51
17948.68 58.381
18275.34 56.199
18607.94 54.046
18946.6 51.932
19291.42 49.827
19642.52 47.706
20000 45.576