20 84.353
20.36 84.353
20.73 84.347
21.11 84.335
21.5 84.317
21.89 84.294
22.29 84.268
22.69 84.239
23.1 84.207
23.52 84.174
23.95 84.14
24.39 84.108
24.83 84.077
25.28 84.05
25.74 84.027
26.21 84.007
26.69 83.99
27.18 83.973
27.67 83.957
28.17 83.939
28.69 83.919
29.21 83.894
29.74 83.865
30.28 83.832
30.83 83.798
31.39 83.762
31.97 83.724
32.55 83.688
33.14 83.652
33.74 83.616
34.36 83.578
34.98 83.541
35.62 83.502
36.27 83.462
36.93 83.421
37.6 83.379
38.28 83.337
38.98 83.294
39.69 83.249
40.41 83.204
41.15 83.159
41.9 83.113
42.66 83.067
43.44 83.021
44.23 82.973
45.03 82.925
45.85 82.874
46.68 82.822
47.53 82.769
48.4 82.715
49.28 82.661
50.18 82.608
51.09 82.554
52.02 82.501
52.97 82.447
53.93 82.392
54.91 82.336
55.91 82.279
56.93 82.222
57.97 82.164
59.02 82.105
60.09 82.046
61.19 81.985
62.3 81.923
63.44 81.86
64.59 81.794
65.77 81.727
66.96 81.659
68.18 81.591
69.42 81.524
70.69 81.456
71.97 81.388
73.28 81.321
74.62 81.253
75.97 81.185
77.36 81.117
78.76 81.048
80.2 80.978
81.66 80.905
83.14 80.83
84.66 80.752
86.2 80.67
87.77 80.586
89.36 80.5
90.99 80.414
92.65 80.326
94.33 80.238
96.05 80.15
97.8 80.063
99.58 79.976
101.39 79.891
103.23 79.809
105.11 79.728
107.03 79.649
108.97 79.568
110.96 79.486
112.98 79.399
115.03 79.308
117.13 79.214
119.26 79.118
121.43 79.022
123.64 78.927
125.89 78.834
128.18 78.742
130.51 78.652
132.89 78.564
135.31 78.479
137.77 78.398
140.28 78.319
142.83 78.242
145.43 78.166
148.07 78.092
150.77 78.017
153.51 77.941
156.31 77.865
159.15 77.787
162.05 77.708
165 77.628
168 77.546
171.06 77.463
174.17 77.378
177.34 77.292
180.57 77.207
183.86 77.122
187.2 77.038
190.61 76.955
194.08 76.874
197.61 76.796
201.21 76.721
204.87 76.649
208.6 76.579
212.39 76.51
216.26 76.442
220.19 76.374
224.2 76.305
228.28 76.235
232.44 76.165
236.67 76.093
240.97 76.021
245.36 75.949
249.82 75.877
254.37 75.808
259 75.74
263.71 75.673
268.51 75.608
273.4 75.545
278.38 75.483
283.44 75.423
288.6 75.363
293.85 75.303
299.2 75.24
304.65 75.176
310.19 75.11
315.84 75.044
321.59 74.978
327.44 74.914
333.4 74.852
339.47 74.795
345.64 74.738
351.93 74.685
358.34 74.633
364.86 74.584
371.5 74.537
378.26 74.492
385.15 74.45
392.16 74.411
399.29 74.375
406.56 74.341
413.96 74.307
421.49 74.276
429.16 74.245
436.97 74.215
444.93 74.185
453.02 74.154
461.27 74.12
469.66 74.084
478.21 74.045
486.91 74.002
495.78 73.96
504.8 73.916
513.99 73.874
523.34 73.833
532.87 73.795
542.56 73.76
552.44 73.727
562.49 73.696
572.73 73.667
583.15 73.641
593.77 73.617
604.57 73.596
615.57 73.578
626.78 73.565
638.18 73.554
649.8 73.549
661.63 73.549
673.67 73.552
685.93 73.559
698.41 73.57
711.12 73.586
724.06 73.61
737.24 73.643
750.66 73.687
764.32 73.74
778.23 73.797
792.39 73.854
806.82 73.907
821.5 73.959
836.45 74.011
851.67 74.07
867.17 74.141
882.96 74.226
899.02 74.322
915.39 74.427
932.05 74.539
949.01 74.652
966.28 74.769
983.87 74.889
1001.77 75.012
1020 75.14
1038.57 75.273
1057.47 75.409
1076.71 75.548
1096.31 75.686
1116.26 75.824
1136.58 75.961
1157.26 76.096
1178.32 76.231
1199.77 76.365
1221.6 76.498
1243.84 76.627
1266.47 76.752
1289.52 76.874
1312.99 76.994
1336.89 77.113
1361.22 77.235
1385.99 77.357
1411.22 77.483
1436.9 77.609
1463.05 77.734
1489.68 77.854
1516.79 77.971
1544.4 78.081
1572.5 78.183
1601.12 78.279
1630.26 78.369
1659.93 78.453
1690.14 78.531
1720.9 78.608
1752.22 78.682
1784.11 78.761
1816.58 78.846
1849.64 78.94
1883.3 79.048
1917.58 79.169
1952.48 79.306
1988.01 79.456
2024.19 79.615
2061.03 79.778
2098.54 79.942
2136.73 80.104
2175.62 80.262
2215.22 80.417
2255.53 80.568
2296.58 80.719
2338.38 80.87
2380.94 81.021
2424.27 81.173
2468.39 81.322
2513.31 81.467
2559.05 81.607
2605.63 81.741
2653.05 81.869
2701.33 81.991
2750.5 82.106
2800.55 82.214
2851.52 82.313
2903.42 82.401
2956.26 82.477
3010.06 82.54
3064.85 82.591
3120.62 82.631
3177.42 82.66
3235.25 82.678
3294.13 82.684
3354.08 82.681
3415.12 82.667
3477.27 82.646
3540.56 82.619
3605 82.588
3670.6 82.551
3737.41 82.509
3805.43 82.458
3874.68 82.397
3945.2 82.322
4017 82.234
4090.11 82.128
4164.55 82.007
4240.34 81.867
4317.51 81.71
4396.09 81.535
4476.1 81.344
4557.56 81.137
4640.5 80.916
4724.96 80.686
4810.95 80.449
4898.51 80.212
4987.66 79.979
5078.43 79.756
5170.86 79.543
5264.97 79.342
5360.79 79.145
5458.35 78.944
5557.69 78.735
5658.84 78.516
5761.82 78.292
5866.69 78.072
5973.46 77.862
6082.17 77.673
6192.87 77.514
6305.57 77.394
6420.33 77.32
6537.18 77.303
6656.15 77.35
6777.29 77.47
6900.63 77.669
7026.22 77.95
7154.1 78.306
7284.3 78.725
7416.87 79.18
7551.85 79.63
7689.29 80.022
7829.23 80.296
7971.72 80.394
8116.8 80.276
8264.53 79.925
8414.94 79.351
8568.09 78.591
8724.02 77.702
8882.79 76.752
9044.46 75.797
9209.06 74.874
9376.66 73.993
9547.31 73.153
9721.07 72.343
9897.99 71.555
10078.13 70.789
10261.55 70.047
10448.3 69.342
10638.45 68.687
10832.07 68.1
11029.21 67.599
11229.94 67.202
11434.32 66.928
11642.41 66.793
11854.3 66.808
12070.04 66.982
12289.71 67.315
12513.38 67.802
12741.12 68.429
12973 69.175
13209.1 70.01
13449.5 70.887
13694.28 71.744
13943.51 72.507
14197.27 73.101
14455.66 73.465
14718.74 73.558
14986.62 73.361
15259.37 72.879
15537.08 72.12
15819.85 71.095
16107.76 69.814
16400.92 68.292
16699.41 66.56
17003.33 64.67
17312.78 62.693
17627.86 60.707
17948.68 58.784
18275.34 56.976
18607.94 55.306
18946.6 53.775
19291.42 52.359
19642.52 51.02
20000 49.709