20 85.577
20.36 85.552
20.73 85.53
21.11 85.509
21.5 85.49
21.89 85.472
22.29 85.455
22.69 85.436
23.1 85.416
23.52 85.394
23.95 85.369
24.39 85.341
24.83 85.309
25.28 85.273
25.74 85.235
26.21 85.195
26.69 85.152
27.18 85.11
27.67 85.067
28.17 85.026
28.69 84.986
29.21 84.948
29.74 84.911
30.28 84.874
30.83 84.838
31.39 84.801
31.97 84.762
32.55 84.721
33.14 84.677
33.74 84.629
34.36 84.579
34.98 84.525
35.62 84.47
36.27 84.412
36.93 84.354
37.6 84.294
38.28 84.235
38.98 84.175
39.69 84.114
40.41 84.052
41.15 83.99
41.9 83.927
42.66 83.864
43.44 83.799
44.23 83.734
45.03 83.666
45.85 83.596
46.68 83.524
47.53 83.449
48.4 83.372
49.28 83.293
50.18 83.211
51.09 83.127
52.02 83.042
52.97 82.956
53.93 82.868
54.91 82.78
55.91 82.689
56.93 82.597
57.97 82.502
59.02 82.405
60.09 82.304
61.19 82.201
62.3 82.095
63.44 81.987
64.59 81.878
65.77 81.769
66.96 81.659
68.18 81.55
69.42 81.441
70.69 81.331
71.97 81.221
73.28 81.111
74.62 81
75.97 80.888
77.36 80.774
78.76 80.655
80.2 80.531
81.66 80.399
83.14 80.261
84.66 80.117
86.2 79.968
87.77 79.815
89.36 79.661
90.99 79.505
92.65 79.348
94.33 79.19
96.05 79.03
97.8 78.87
99.58 78.71
101.39 78.551
103.23 78.393
105.11 78.237
107.03 78.081
108.97 77.924
110.96 77.762
112.98 77.596
115.03 77.422
117.13 77.242
119.26 77.053
121.43 76.856
123.64 76.652
125.89 76.443
128.18 76.234
130.51 76.029
132.89 75.835
135.31 75.66
137.77 75.511
140.28 75.396
142.83 75.317
145.43 75.271
148.07 75.247
150.77 75.23
153.51 75.206
156.31 75.164
159.15 75.1
162.05 75.013
165 74.908
168 74.79
171.06 74.662
174.17 74.529
177.34 74.398
180.57 74.268
183.86 74.144
187.2 74.027
190.61 73.917
194.08 73.815
197.61 73.721
201.21 73.634
204.87 73.554
208.6 73.481
212.39 73.414
216.26 73.353
220.19 73.298
224.2 73.25
228.28 73.207
232.44 73.169
236.67 73.135
240.97 73.106
245.36 73.081
249.82 73.061
254.37 73.047
259 73.038
263.71 73.035
268.51 73.039
273.4 73.048
278.38 73.063
283.44 73.083
288.6 73.107
293.85 73.133
299.2 73.159
304.65 73.182
310.19 73.202
315.84 73.22
321.59 73.234
327.44 73.247
333.4 73.257
339.47 73.267
345.64 73.276
351.93 73.285
358.34 73.293
364.86 73.302
371.5 73.311
378.26 73.321
385.15 73.331
392.16 73.341
399.29 73.353
406.56 73.366
413.96 73.379
421.49 73.394
429.16 73.41
436.97 73.428
444.93 73.445
453.02 73.461
461.27 73.473
469.66 73.481
478.21 73.485
486.91 73.484
495.78 73.48
504.8 73.474
513.99 73.467
523.34 73.46
532.87 73.452
542.56 73.444
552.44 73.437
562.49 73.431
572.73 73.425
583.15 73.419
593.77 73.414
604.57 73.411
615.57 73.411
626.78 73.414
638.18 73.42
649.8 73.43
661.63 73.443
673.67 73.457
685.93 73.47
698.41 73.482
711.12 73.492
724.06 73.502
737.24 73.515
750.66 73.531
764.32 73.554
778.23 73.587
792.39 73.633
806.82 73.694
821.5 73.77
836.45 73.86
851.67 73.963
867.17 74.076
882.96 74.194
899.02 74.317
915.39 74.438
932.05 74.557
949.01 74.674
966.28 74.787
983.87 74.899
1001.77 75.011
1020 75.125
1038.57 75.24
1057.47 75.359
1076.71 75.477
1096.31 75.595
1116.26 75.711
1136.58 75.824
1157.26 75.935
1178.32 76.042
1199.77 76.147
1221.6 76.246
1243.84 76.338
1266.47 76.422
1289.52 76.497
1312.99 76.565
1336.89 76.627
1361.22 76.685
1385.99 76.741
1411.22 76.796
1436.9 76.852
1463.05 76.91
1489.68 76.97
1516.79 77.034
1544.4 77.1
1572.5 77.171
1601.12 77.245
1630.26 77.322
1659.93 77.401
1690.14 77.481
1720.9 77.564
1752.22 77.651
1784.11 77.743
1816.58 77.843
1849.64 77.953
1883.3 78.071
1917.58 78.2
1952.48 78.337
1988.01 78.483
2024.19 78.636
2061.03 78.795
2098.54 78.957
2136.73 79.124
2175.62 79.294
2215.22 79.47
2255.53 79.65
2296.58 79.838
2338.38 80.035
2380.94 80.24
2424.27 80.451
2468.39 80.664
2513.31 80.877
2559.05 81.086
2605.63 81.291
2653.05 81.489
2701.33 81.679
2750.5 81.86
2800.55 82.028
2851.52 82.178
2903.42 82.305
2956.26 82.403
3010.06 82.466
3064.85 82.491
3120.62 82.48
3177.42 82.432
3235.25 82.352
3294.13 82.242
3354.08 82.106
3415.12 81.948
3477.27 81.77
3540.56 81.573
3605 81.36
3670.6 81.133
3737.41 80.897
3805.43 80.656
3874.68 80.417
3945.2 80.183
4017 79.96
4090.11 79.747
4164.55 79.548
4240.34 79.364
4317.51 79.197
4396.09 79.048
4476.1 78.918
4557.56 78.806
4640.5 78.71
4724.96 78.631
4810.95 78.566
4898.51 78.515
4987.66 78.478
5078.43 78.453
5170.86 78.439
5264.97 78.435
5360.79 78.439
5458.35 78.451
5557.69 78.471
5658.84 78.497
5761.82 78.534
5866.69 78.58
5973.46 78.635
6082.17 78.694
6192.87 78.748
6305.57 78.783
6420.33 78.774
6537.18 78.694
6656.15 78.511
6777.29 78.197
6900.63 77.736
7026.22 77.129
7154.1 76.407
7284.3 75.623
7416.87 74.853
7551.85 74.184
7689.29 73.703
7829.23 73.476
7971.72 73.541
8116.8 73.897
8264.53 74.502
8414.94 75.277
8568.09 76.121
8724.02 76.916
8882.79 77.547
9044.46 77.927
9209.06 78.017
9376.66 77.84
9547.31 77.463
9721.07 76.988
9897.99 76.521
10078.13 76.151
10261.55 75.936
10448.3 75.886
10638.45 75.969
10832.07 76.116
11029.21 76.23
11229.94 76.214
11434.32 75.986
11642.41 75.501
11854.3 74.766
12070.04 73.833
12289.71 72.788
12513.38 71.735
12741.12 70.776
12973 69.99
13209.1 69.431
13449.5 69.121
13694.28 69.057
13943.51 69.204
14197.27 69.503
14455.66 69.87
14718.74 70.215
14986.62 70.452
15259.37 70.524
15537.08 70.411
15819.85 70.139
16107.76 69.768
16400.92 69.379
16699.41 69.05
17003.33 68.821
17312.78 68.667
17627.86 68.488
17948.68 68.137
18275.34 67.465
18607.94 66.374
18946.6 64.85
19291.42 62.97
19642.52 60.873
20000 58.701