20 77.717
20.36 77.929
20.73 78.138
21.11 78.345
21.5 78.547
21.89 78.744
22.29 78.933
22.69 79.116
23.1 79.291
23.52 79.461
23.95 79.624
24.39 79.784
24.83 79.941
25.28 80.097
25.74 80.253
26.21 80.411
26.69 80.568
27.18 80.727
27.67 80.884
28.17 81.04
28.69 81.193
29.21 81.344
29.74 81.493
30.28 81.639
30.83 81.781
31.39 81.921
31.97 82.054
32.55 82.183
33.14 82.306
33.74 82.424
34.36 82.537
34.98 82.647
35.62 82.751
36.27 82.852
36.93 82.949
37.6 83.04
38.28 83.126
38.98 83.204
39.69 83.276
40.41 83.341
41.15 83.398
41.9 83.449
42.66 83.491
43.44 83.527
44.23 83.557
45.03 83.58
45.85 83.598
46.68 83.609
47.53 83.614
48.4 83.614
49.28 83.609
50.18 83.599
51.09 83.584
52.02 83.565
52.97 83.541
53.93 83.514
54.91 83.483
55.91 83.447
56.93 83.409
57.97 83.367
59.02 83.321
60.09 83.274
61.19 83.222
62.3 83.168
63.44 83.111
64.59 83.052
65.77 82.993
66.96 82.932
68.18 82.869
69.42 82.805
70.69 82.74
71.97 82.672
73.28 82.602
74.62 82.529
75.97 82.453
77.36 82.371
78.76 82.288
80.2 82.202
81.66 82.111
83.14 82.018
84.66 81.923
86.2 81.826
87.77 81.725
89.36 81.622
90.99 81.514
92.65 81.402
94.33 81.287
96.05 81.166
97.8 81.043
99.58 80.917
101.39 80.786
103.23 80.656
105.11 80.522
107.03 80.383
108.97 80.24
110.96 80.086
112.98 79.925
115.03 79.755
117.13 79.577
119.26 79.393
121.43 79.203
123.64 79.007
125.89 78.808
128.18 78.606
130.51 78.4
132.89 78.192
135.31 77.983
137.77 77.771
140.28 77.557
142.83 77.337
145.43 77.112
148.07 76.878
150.77 76.636
153.51 76.386
156.31 76.129
159.15 75.869
162.05 75.607
165 75.347
168 75.087
171.06 74.83
174.17 74.569
177.34 74.31
180.57 74.049
183.86 73.789
187.2 73.527
190.61 73.265
194.08 73.009
197.61 72.762
201.21 72.528
204.87 72.315
208.6 72.127
212.39 71.964
216.26 71.834
220.19 71.739
224.2 71.683
228.28 71.664
232.44 71.682
236.67 71.73
240.97 71.8
245.36 71.881
249.82 71.969
254.37 72.059
259 72.148
263.71 72.239
268.51 72.333
273.4 72.428
278.38 72.527
283.44 72.629
288.6 72.733
293.85 72.839
299.2 72.946
304.65 73.053
310.19 73.159
315.84 73.264
321.59 73.365
327.44 73.465
333.4 73.561
339.47 73.653
345.64 73.741
351.93 73.824
358.34 73.903
364.86 73.976
371.5 74.043
378.26 74.104
385.15 74.158
392.16 74.207
399.29 74.25
406.56 74.29
413.96 74.325
421.49 74.357
429.16 74.387
436.97 74.416
444.93 74.44
453.02 74.463
461.27 74.484
469.66 74.501
478.21 74.516
486.91 74.53
495.78 74.539
504.8 74.547
513.99 74.551
523.34 74.553
532.87 74.551
542.56 74.547
552.44 74.541
562.49 74.531
572.73 74.519
583.15 74.503
593.77 74.486
604.57 74.466
615.57 74.444
626.78 74.42
638.18 74.393
649.8 74.363
661.63 74.33
673.67 74.296
685.93 74.261
698.41 74.226
711.12 74.189
724.06 74.154
737.24 74.121
750.66 74.091
764.32 74.064
778.23 74.045
792.39 74.032
806.82 74.028
821.5 74.034
836.45 74.053
851.67 74.086
867.17 74.132
882.96 74.193
899.02 74.269
915.39 74.36
932.05 74.463
949.01 74.581
966.28 74.713
983.87 74.858
1001.77 75.015
1020 75.182
1038.57 75.357
1057.47 75.539
1076.71 75.724
1096.31 75.911
1116.26 76.1
1136.58 76.287
1157.26 76.471
1178.32 76.655
1199.77 76.832
1221.6 77.007
1243.84 77.178
1266.47 77.345
1289.52 77.507
1312.99 77.664
1336.89 77.817
1361.22 77.965
1385.99 78.108
1411.22 78.245
1436.9 78.378
1463.05 78.507
1489.68 78.633
1516.79 78.758
1544.4 78.884
1572.5 79.01
1601.12 79.138
1630.26 79.268
1659.93 79.404
1690.14 79.545
1720.9 79.695
1752.22 79.857
1784.11 80.032
1816.58 80.219
1849.64 80.415
1883.3 80.617
1917.58 80.819
1952.48 81.018
1988.01 81.212
2024.19 81.4
2061.03 81.576
2098.54 81.743
2136.73 81.899
2175.62 82.047
2215.22 82.189
2255.53 82.332
2296.58 82.48
2338.38 82.64
2380.94 82.812
2424.27 82.995
2468.39 83.185
2513.31 83.373
2559.05 83.549
2605.63 83.706
2653.05 83.838
2701.33 83.934
2750.5 83.995
2800.55 84.02
2851.52 84.008
2903.42 83.966
2956.26 83.896
3010.06 83.805
3064.85 83.698
3120.62 83.58
3177.42 83.455
3235.25 83.329
3294.13 83.21
3354.08 83.097
3415.12 82.995
3477.27 82.905
3540.56 82.819
3605 82.738
3670.6 82.659
3737.41 82.577
3805.43 82.496
3874.68 82.413
3945.2 82.332
4017 82.252
4090.11 82.176
4164.55 82.107
4240.34 82.046
4317.51 81.991
4396.09 81.941
4476.1 81.891
4557.56 81.831
4640.5 81.748
4724.96 81.629
4810.95 81.461
4898.51 81.229
4987.66 80.93
5078.43 80.564
5170.86 80.136
5264.97 79.662
5360.79 79.154
5458.35 78.626
5557.69 78.094
5658.84 77.571
5761.82 77.071
5866.69 76.611
5973.46 76.203
6082.17 75.854
6192.87 75.577
6305.57 75.38
6420.33 75.275
6537.18 75.271
6656.15 75.382
6777.29 75.623
6900.63 76.006
7026.22 76.535
7154.1 77.201
7284.3 77.976
7416.87 78.807
7551.85 79.613
7689.29 80.294
7829.23 80.742
7971.72 80.858
8116.8 80.587
8264.53 79.915
8414.94 78.88
8568.09 77.55
8724.02 76.024
8882.79 74.405
9044.46 72.794
9209.06 71.264
9376.66 69.866
9547.31 68.63
9721.07 67.566
9897.99 66.675
10078.13 65.951
10261.55 65.391
10448.3 64.993
10638.45 64.767
10832.07 64.727
11029.21 64.9
11229.94 65.311
11434.32 65.98
11642.41 66.905
11854.3 68.046
12070.04 69.31
12289.71 70.557
12513.38 71.607
12741.12 72.28
12973 72.437
13209.1 72.021
13449.5 71.075
13694.28 69.743
13943.51 68.225
14197.27 66.748
14455.66 65.494
14718.74 64.579
14986.62 64.027
15259.37 63.759
15537.08 63.598
15819.85 63.301
16107.76 62.608
16400.92 61.308
16699.41 59.307
17003.33 56.648
17312.78 53.491
17627.86 50.066
17948.68 46.618
18275.34 43.364
18607.94 40.455
18946.6 37.95
19291.42 35.81
19642.52 33.907
20000 32.091