20 79.807
20.36 79.908
20.73 80.008
21.11 80.109
21.5 80.21
21.89 80.31
22.29 80.41
22.69 80.509
23.1 80.607
23.52 80.705
23.95 80.801
24.39 80.897
24.83 80.991
25.28 81.085
25.74 81.177
26.21 81.267
26.69 81.356
27.18 81.443
27.67 81.529
28.17 81.613
28.69 81.695
29.21 81.774
29.74 81.851
30.28 81.927
30.83 82
31.39 82.07
31.97 82.138
32.55 82.203
33.14 82.265
33.74 82.325
34.36 82.381
34.98 82.436
35.62 82.487
36.27 82.536
36.93 82.583
37.6 82.627
38.28 82.669
38.98 82.708
39.69 82.746
40.41 82.781
41.15 82.814
41.9 82.846
42.66 82.876
43.44 82.904
44.23 82.93
45.03 82.955
45.85 82.979
46.68 83.001
47.53 83.021
48.4 83.04
49.28 83.058
50.18 83.072
51.09 83.085
52.02 83.097
52.97 83.106
53.93 83.112
54.91 83.116
55.91 83.117
56.93 83.115
57.97 83.111
59.02 83.103
60.09 83.093
61.19 83.079
62.3 83.061
63.44 83.041
64.59 83.017
65.77 82.99
66.96 82.958
68.18 82.924
69.42 82.885
70.69 82.843
71.97 82.797
73.28 82.747
74.62 82.693
75.97 82.635
77.36 82.574
78.76 82.508
80.2 82.439
81.66 82.365
83.14 82.287
84.66 82.206
86.2 82.12
87.77 82.03
89.36 81.934
90.99 81.832
92.65 81.725
94.33 81.61
96.05 81.489
97.8 81.359
99.58 81.221
101.39 81.074
103.23 80.918
105.11 80.753
107.03 80.578
108.97 80.391
110.96 80.194
112.98 79.988
115.03 79.771
117.13 79.55
119.26 79.324
121.43 79.098
123.64 78.872
125.89 78.65
128.18 78.43
130.51 78.211
132.89 77.99
135.31 77.768
137.77 77.542
140.28 77.31
142.83 77.072
145.43 76.824
148.07 76.566
150.77 76.295
153.51 76.011
156.31 75.716
159.15 75.412
162.05 75.1
165 74.785
168 74.473
171.06 74.171
174.17 73.888
177.34 73.633
180.57 73.408
183.86 73.208
187.2 73.032
190.61 72.875
194.08 72.737
197.61 72.616
201.21 72.515
204.87 72.432
208.6 72.367
212.39 72.32
216.26 72.291
220.19 72.28
224.2 72.283
228.28 72.302
232.44 72.333
236.67 72.377
240.97 72.429
245.36 72.49
249.82 72.558
254.37 72.631
259 72.707
263.71 72.787
268.51 72.867
273.4 72.947
278.38 73.025
283.44 73.101
288.6 73.173
293.85 73.241
299.2 73.304
304.65 73.359
310.19 73.41
315.84 73.455
321.59 73.496
327.44 73.533
333.4 73.569
339.47 73.604
345.64 73.64
351.93 73.676
358.34 73.711
364.86 73.744
371.5 73.776
378.26 73.804
385.15 73.828
392.16 73.848
399.29 73.865
406.56 73.878
413.96 73.889
421.49 73.898
429.16 73.905
436.97 73.911
444.93 73.915
453.02 73.918
461.27 73.917
469.66 73.912
478.21 73.903
486.91 73.89
495.78 73.873
504.8 73.855
513.99 73.834
523.34 73.814
532.87 73.794
542.56 73.775
552.44 73.757
562.49 73.739
572.73 73.722
583.15 73.707
593.77 73.693
604.57 73.681
615.57 73.672
626.78 73.667
638.18 73.665
649.8 73.667
661.63 73.675
673.67 73.685
685.93 73.697
698.41 73.711
711.12 73.726
724.06 73.744
737.24 73.763
750.66 73.788
764.32 73.818
778.23 73.855
792.39 73.899
806.82 73.952
821.5 74.014
836.45 74.081
851.67 74.154
867.17 74.23
882.96 74.309
899.02 74.391
915.39 74.478
932.05 74.571
949.01 74.67
966.28 74.777
983.87 74.891
1001.77 75.012
1020 75.14
1038.57 75.273
1057.47 75.409
1076.71 75.545
1096.31 75.68
1116.26 75.812
1136.58 75.941
1157.26 76.066
1178.32 76.188
1199.77 76.307
1221.6 76.42
1243.84 76.527
1266.47 76.625
1289.52 76.715
1312.99 76.797
1336.89 76.873
1361.22 76.946
1385.99 77.02
1411.22 77.095
1436.9 77.174
1463.05 77.255
1489.68 77.339
1516.79 77.426
1544.4 77.517
1572.5 77.611
1601.12 77.706
1630.26 77.804
1659.93 77.899
1690.14 77.996
1720.9 78.092
1752.22 78.191
1784.11 78.295
1816.58 78.408
1849.64 78.528
1883.3 78.659
1917.58 78.797
1952.48 78.942
1988.01 79.091
2024.19 79.242
2061.03 79.39
2098.54 79.534
2136.73 79.673
2175.62 79.808
2215.22 79.944
2255.53 80.081
2296.58 80.221
2338.38 80.367
2380.94 80.516
2424.27 80.667
2468.39 80.816
2513.31 80.964
2559.05 81.109
2605.63 81.255
2653.05 81.402
2701.33 81.555
2750.5 81.717
2800.55 81.888
2851.52 82.069
2903.42 82.263
2956.26 82.467
3010.06 82.684
3064.85 82.908
3120.62 83.136
3177.42 83.359
3235.25 83.568
3294.13 83.756
3354.08 83.918
3415.12 84.051
3477.27 84.16
3540.56 84.246
3605 84.315
3670.6 84.369
3737.41 84.409
3805.43 84.438
3874.68 84.457
3945.2 84.466
4017 84.467
4090.11 84.458
4164.55 84.439
4240.34 84.407
4317.51 84.359
4396.09 84.296
4476.1 84.216
4557.56 84.117
4640.5 83.996
4724.96 83.856
4810.95 83.697
4898.51 83.521
4987.66 83.33
5078.43 83.129
5170.86 82.918
5264.97 82.702
5360.79 82.484
5458.35 82.267
5557.69 82.053
5658.84 81.847
5761.82 81.653
5866.69 81.474
5973.46 81.315
6082.17 81.183
6192.87 81.081
6305.57 81.018
6420.33 81
6537.18 81.033
6656.15 81.127
6777.29 81.288
6900.63 81.523
7026.22 81.831
7154.1 82.208
7284.3 82.635
7416.87 83.088
7551.85 83.524
7689.29 83.892
7829.23 84.135
7971.72 84.2
8116.8 84.045
8264.53 83.649
8414.94 83.017
8568.09 82.183
8724.02 81.195
8882.79 80.115
9044.46 79
9209.06 77.907
9376.66 76.872
9547.31 75.928
9721.07 75.094
9897.99 74.383
10078.13 73.8
10261.55 73.352
10448.3 73.043
10638.45 72.874
10832.07 72.849
11029.21 72.967
11229.94 73.223
11434.32 73.61
11642.41 74.12
11854.3 74.746
12070.04 75.479
12289.71 76.304
12513.38 77.174
12741.12 77.991
12973 78.604
13209.1 78.854
13449.5 78.632
13694.28 77.938
13943.51 76.885
14197.27 75.667
14455.66 74.496
14718.74 73.55
14986.62 72.936
15259.37 72.676
15537.08 72.699
15819.85 72.855
16107.76 72.932
16400.92 72.701
16699.41 71.972
17003.33 70.643
17312.78 68.73
17627.86 66.345
17948.68 63.659
18275.34 60.841
18607.94 58.028
18946.6 55.295
19291.42 52.658
19642.52 50.09
20000 47.548