20 85.986
20.36 85.978
20.73 85.966
21.11 85.949
21.5 85.927
21.89 85.901
22.29 85.872
22.69 85.839
23.1 85.804
23.52 85.768
23.95 85.733
24.39 85.698
24.83 85.666
25.28 85.635
25.74 85.607
26.21 85.582
26.69 85.559
27.18 85.536
27.67 85.514
28.17 85.49
28.69 85.466
29.21 85.438
29.74 85.407
30.28 85.372
30.83 85.335
31.39 85.295
31.97 85.253
32.55 85.211
33.14 85.168
33.74 85.126
34.36 85.084
34.98 85.043
35.62 85.002
36.27 84.96
36.93 84.918
37.6 84.874
38.28 84.828
38.98 84.78
39.69 84.731
40.41 84.68
41.15 84.629
41.9 84.577
42.66 84.525
43.44 84.473
44.23 84.421
45.03 84.368
45.85 84.314
46.68 84.258
47.53 84.202
48.4 84.143
49.28 84.084
50.18 84.023
51.09 83.962
52.02 83.901
52.97 83.84
53.93 83.78
54.91 83.719
55.91 83.658
56.93 83.597
57.97 83.535
59.02 83.47
60.09 83.404
61.19 83.336
62.3 83.265
63.44 83.193
64.59 83.121
65.77 83.048
66.96 82.976
68.18 82.904
69.42 82.833
70.69 82.761
71.97 82.689
73.28 82.615
74.62 82.542
75.97 82.467
77.36 82.392
78.76 82.316
80.2 82.238
81.66 82.157
83.14 82.072
84.66 81.984
86.2 81.894
87.77 81.801
89.36 81.707
90.99 81.613
92.65 81.521
94.33 81.429
96.05 81.338
97.8 81.249
99.58 81.162
101.39 81.076
103.23 80.992
105.11 80.909
107.03 80.827
108.97 80.743
110.96 80.656
112.98 80.565
115.03 80.471
117.13 80.374
119.26 80.278
121.43 80.183
123.64 80.091
125.89 80.001
128.18 79.913
130.51 79.826
132.89 79.738
135.31 79.65
137.77 79.561
140.28 79.47
142.83 79.378
145.43 79.285
148.07 79.19
150.77 79.096
153.51 79.002
156.31 78.91
159.15 78.82
162.05 78.731
165 78.644
168 78.558
171.06 78.471
174.17 78.384
177.34 78.298
180.57 78.211
183.86 78.125
187.2 78.039
190.61 77.954
194.08 77.87
197.61 77.787
201.21 77.704
204.87 77.623
208.6 77.542
212.39 77.461
216.26 77.38
220.19 77.298
224.2 77.218
228.28 77.138
232.44 77.06
236.67 76.982
240.97 76.905
245.36 76.83
249.82 76.758
254.37 76.688
259 76.623
263.71 76.561
268.51 76.501
273.4 76.445
278.38 76.392
283.44 76.34
288.6 76.29
293.85 76.238
299.2 76.183
304.65 76.126
310.19 76.065
315.84 76.004
321.59 75.942
327.44 75.882
333.4 75.824
339.47 75.769
345.64 75.717
351.93 75.665
358.34 75.615
364.86 75.565
371.5 75.514
378.26 75.463
385.15 75.413
392.16 75.364
399.29 75.316
406.56 75.268
413.96 75.223
421.49 75.179
429.16 75.137
436.97 75.098
444.93 75.06
453.02 75.023
461.27 74.984
469.66 74.943
478.21 74.899
486.91 74.853
495.78 74.805
504.8 74.757
513.99 74.711
523.34 74.665
532.87 74.622
542.56 74.581
552.44 74.543
562.49 74.507
572.73 74.474
583.15 74.442
593.77 74.414
604.57 74.387
615.57 74.364
626.78 74.345
638.18 74.329
649.8 74.317
661.63 74.308
673.67 74.302
685.93 74.298
698.41 74.293
711.12 74.288
724.06 74.285
737.24 74.283
750.66 74.285
764.32 74.292
778.23 74.304
792.39 74.323
806.82 74.349
821.5 74.381
836.45 74.419
851.67 74.46
867.17 74.504
882.96 74.55
899.02 74.599
915.39 74.651
932.05 74.709
949.01 74.772
966.28 74.843
983.87 74.921
1001.77 75.009
1020 75.104
1038.57 75.206
1057.47 75.314
1076.71 75.425
1096.31 75.537
1116.26 75.648
1136.58 75.76
1157.26 75.873
1178.32 75.99
1199.77 76.113
1221.6 76.244
1243.84 76.384
1266.47 76.534
1289.52 76.693
1312.99 76.858
1336.89 77.026
1361.22 77.19
1385.99 77.347
1411.22 77.492
1436.9 77.623
1463.05 77.738
1489.68 77.834
1516.79 77.915
1544.4 77.979
1572.5 78.03
1601.12 78.069
1630.26 78.098
1659.93 78.121
1690.14 78.137
1720.9 78.152
1752.22 78.166
1784.11 78.185
1816.58 78.211
1849.64 78.249
1883.3 78.301
1917.58 78.369
1952.48 78.454
1988.01 78.554
2024.19 78.666
2061.03 78.785
2098.54 78.907
2136.73 79.031
2175.62 79.155
2215.22 79.28
2255.53 79.408
2296.58 79.539
2338.38 79.676
2380.94 79.821
2424.27 79.973
2468.39 80.132
2513.31 80.295
2559.05 80.464
2605.63 80.637
2653.05 80.818
2701.33 81.005
2750.5 81.2
2800.55 81.402
2851.52 81.61
2903.42 81.822
2956.26 82.038
3010.06 82.256
3064.85 82.477
3120.62 82.698
3177.42 82.92
3235.25 83.137
3294.13 83.348
3354.08 83.549
3415.12 83.736
3477.27 83.907
3540.56 84.059
3605 84.189
3670.6 84.294
3737.41 84.368
3805.43 84.407
3874.68 84.408
3945.2 84.369
4017 84.291
4090.11 84.176
4164.55 84.025
4240.34 83.843
4317.51 83.634
4396.09 83.403
4476.1 83.155
4557.56 82.894
4640.5 82.626
4724.96 82.353
4810.95 82.08
4898.51 81.809
4987.66 81.542
5078.43 81.28
5170.86 81.025
5264.97 80.778
5360.79 80.541
5458.35 80.315
5557.69 80.104
5658.84 79.912
5761.82 79.748
5866.69 79.619
5973.46 79.534
6082.17 79.501
6192.87 79.525
6305.57 79.608
6420.33 79.752
6537.18 79.955
6656.15 80.21
6777.29 80.511
6900.63 80.847
7026.22 81.201
7154.1 81.553
7284.3 81.878
7416.87 82.145
7551.85 82.323
7689.29 82.387
7829.23 82.317
7971.72 82.105
8116.8 81.755
8264.53 81.28
8414.94 80.701
8568.09 80.043
8724.02 79.334
8882.79 78.608
9044.46 77.901
9209.06 77.245
9376.66 76.672
9547.31 76.2
9721.07 75.842
9897.99 75.594
10078.13 75.438
10261.55 75.348
10448.3 75.296
10638.45 75.259
10832.07 75.232
11029.21 75.224
11229.94 75.253
11434.32 75.332
11642.41 75.463
11854.3 75.627
12070.04 75.781
12289.71 75.863
12513.38 75.803
12741.12 75.542
12973 75.039
13209.1 74.282
13449.5 73.295
13694.28 72.138
13943.51 70.898
14197.27 69.669
14455.66 68.54
14718.74 67.576
14986.62 66.811
15259.37 66.238
15537.08 65.818
15819.85 65.485
16107.76 65.163
16400.92 64.787
16699.41 64.322
17003.33 63.776
17312.78 63.192
17627.86 62.633
17948.68 62.167
18275.34 61.837
18607.94 61.657
18946.6 61.605
19291.42 61.641
19642.52 61.718
20000 61.808