20 79.535
20.36 79.581
20.73 79.63
21.11 79.684
21.5 79.74
21.89 79.798
22.29 79.859
22.69 79.919
23.1 79.981
23.52 80.045
23.95 80.108
24.39 80.173
24.83 80.239
25.28 80.307
25.74 80.375
26.21 80.447
26.69 80.52
27.18 80.597
27.67 80.676
28.17 80.755
28.69 80.833
29.21 80.905
29.74 80.973
30.28 81.036
30.83 81.096
31.39 81.153
31.97 81.207
32.55 81.262
33.14 81.316
33.74 81.369
34.36 81.421
34.98 81.472
35.62 81.519
36.27 81.561
36.93 81.602
37.6 81.637
38.28 81.666
38.98 81.692
39.69 81.714
40.41 81.731
41.15 81.744
41.9 81.752
42.66 81.757
43.44 81.76
44.23 81.76
45.03 81.76
45.85 81.761
46.68 81.762
47.53 81.765
48.4 81.767
49.28 81.769
50.18 81.766
51.09 81.758
52.02 81.747
52.97 81.731
53.93 81.71
54.91 81.687
55.91 81.661
56.93 81.633
57.97 81.603
59.02 81.573
60.09 81.543
61.19 81.511
62.3 81.477
63.44 81.441
64.59 81.402
65.77 81.359
66.96 81.312
68.18 81.261
69.42 81.202
70.69 81.14
71.97 81.075
73.28 81.013
74.62 80.959
75.97 80.909
77.36 80.863
78.76 80.816
80.2 80.763
81.66 80.705
83.14 80.637
84.66 80.562
86.2 80.48
87.77 80.395
89.36 80.305
90.99 80.215
92.65 80.121
94.33 80.027
96.05 79.931
97.8 79.832
99.58 79.732
101.39 79.629
103.23 79.524
105.11 79.419
107.03 79.318
108.97 79.224
110.96 79.143
112.98 79.074
115.03 79.014
117.13 78.949
119.26 78.86
121.43 78.728
123.64 78.554
125.89 78.349
128.18 78.13
130.51 77.905
132.89 77.676
135.31 77.446
137.77 77.211
140.28 76.973
142.83 76.73
145.43 76.485
148.07 76.245
150.77 76.028
153.51 75.849
156.31 75.718
159.15 75.641
162.05 75.617
165 75.632
168 75.669
171.06 75.7
174.17 75.707
177.34 75.683
180.57 75.63
183.86 75.555
187.2 75.464
190.61 75.365
194.08 75.263
197.61 75.163
201.21 75.065
204.87 74.969
208.6 74.877
212.39 74.787
216.26 74.702
220.19 74.617
224.2 74.536
228.28 74.455
232.44 74.376
236.67 74.298
240.97 74.225
245.36 74.156
249.82 74.094
254.37 74.043
259 74.004
263.71 73.977
268.51 73.959
273.4 73.945
278.38 73.928
283.44 73.904
288.6 73.871
293.85 73.827
299.2 73.775
304.65 73.716
310.19 73.656
315.84 73.592
321.59 73.527
327.44 73.465
333.4 73.403
339.47 73.344
345.64 73.29
351.93 73.238
358.34 73.19
364.86 73.145
371.5 73.103
378.26 73.064
385.15 73.029
392.16 72.998
399.29 72.971
406.56 72.946
413.96 72.926
421.49 72.908
429.16 72.892
436.97 72.88
444.93 72.871
453.02 72.866
461.27 72.864
469.66 72.862
478.21 72.864
486.91 72.867
495.78 72.874
504.8 72.882
513.99 72.891
523.34 72.902
532.87 72.914
542.56 72.927
552.44 72.941
562.49 72.956
572.73 72.97
583.15 72.985
593.77 73.002
604.57 73.019
615.57 73.037
626.78 73.057
638.18 73.079
649.8 73.102
661.63 73.129
673.67 73.158
685.93 73.19
698.41 73.224
711.12 73.261
724.06 73.303
737.24 73.35
750.66 73.399
764.32 73.455
778.23 73.516
792.39 73.583
806.82 73.657
821.5 73.737
836.45 73.825
851.67 73.92
867.17 74.021
882.96 74.127
899.02 74.239
915.39 74.356
932.05 74.477
949.01 74.603
966.28 74.734
983.87 74.871
1001.77 75.014
1020 75.162
1038.57 75.313
1057.47 75.47
1076.71 75.631
1096.31 75.798
1116.26 75.971
1136.58 76.15
1157.26 76.332
1178.32 76.516
1199.77 76.7
1221.6 76.879
1243.84 77.054
1266.47 77.224
1289.52 77.39
1312.99 77.553
1336.89 77.714
1361.22 77.874
1385.99 78.032
1411.22 78.19
1436.9 78.347
1463.05 78.505
1489.68 78.663
1516.79 78.825
1544.4 78.988
1572.5 79.157
1601.12 79.327
1630.26 79.502
1659.93 79.679
1690.14 79.862
1720.9 80.05
1752.22 80.247
1784.11 80.452
1816.58 80.667
1849.64 80.891
1883.3 81.123
1917.58 81.362
1952.48 81.605
1988.01 81.854
2024.19 82.112
2061.03 82.383
2098.54 82.675
2136.73 82.994
2175.62 83.341
2215.22 83.716
2255.53 84.107
2296.58 84.508
2338.38 84.908
2380.94 85.297
2424.27 85.67
2468.39 86.022
2513.31 86.35
2559.05 86.656
2605.63 86.937
2653.05 87.19
2701.33 87.411
2750.5 87.598
2800.55 87.744
2851.52 87.849
2903.42 87.908
2956.26 87.921
3010.06 87.883
3064.85 87.799
3120.62 87.668
3177.42 87.496
3235.25 87.287
3294.13 87.051
3354.08 86.796
3415.12 86.53
3477.27 86.258
3540.56 85.985
3605 85.715
3670.6 85.444
3737.41 85.177
3805.43 84.911
3874.68 84.644
3945.2 84.372
4017 84.088
4090.11 83.782
4164.55 83.446
4240.34 83.073
4317.51 82.653
4396.09 82.187
4476.1 81.674
4557.56 81.119
4640.5 80.533
4724.96 79.927
4810.95 79.314
4898.51 78.707
4987.66 78.122
5078.43 77.569
5170.86 77.057
5264.97 76.59
5360.79 76.172
5458.35 75.798
5557.69 75.469
5658.84 75.181
5761.82 74.936
5866.69 74.735
5973.46 74.582
6082.17 74.481
6192.87 74.44
6305.57 74.468
6420.33 74.577
6537.18 74.782
6656.15 75.102
6777.29 75.553
6900.63 76.151
7026.22 76.899
7154.1 77.787
7284.3 78.781
7416.87 79.82
7551.85 80.812
7689.29 81.648
7829.23 82.215
7971.72 82.422
8116.8 82.228
8264.53 81.64
8414.94 80.723
8568.09 79.563
8724.02 78.271
8882.79 76.958
9044.46 75.714
9209.06 74.606
9376.66 73.678
9547.31 72.952
9721.07 72.434
9897.99 72.132
10078.13 72.046
10261.55 72.18
10448.3 72.541
10638.45 73.134
10832.07 73.958
11029.21 74.997
11229.94 76.221
11434.32 77.569
11642.41 78.964
11854.3 80.307
12070.04 81.502
12289.71 82.474
12513.38 83.188
12741.12 83.65
12973 83.891
13209.1 83.952
13449.5 83.851
13694.28 83.582
13943.51 83.129
14197.27 82.487
14455.66 81.703
14718.74 80.867
14986.62 80.085
15259.37 79.423
15537.08 78.837
15819.85 78.157
16107.76 77.14
16400.92 75.562
16699.41 73.304
17003.33 70.364
17312.78 66.85
17627.86 62.933
17948.68 58.806
18275.34 54.633
18607.94 50.534
18946.6 46.569
19291.42 42.741
19642.52 39.013
20000 35.327