20 77.63
20.36 77.731
20.73 77.831
21.11 77.931
21.5 78.03
21.89 78.13
22.29 78.229
22.69 78.327
23.1 78.425
23.52 78.523
23.95 78.619
24.39 78.715
24.83 78.81
25.28 78.904
25.74 78.997
26.21 79.088
26.69 79.178
27.18 79.267
27.67 79.355
28.17 79.441
28.69 79.525
29.21 79.608
29.74 79.689
30.28 79.768
30.83 79.845
31.39 79.92
31.97 79.993
32.55 80.064
33.14 80.132
33.74 80.198
34.36 80.262
34.98 80.325
35.62 80.384
36.27 80.442
36.93 80.497
37.6 80.551
38.28 80.603
38.98 80.653
39.69 80.702
40.41 80.748
41.15 80.794
41.9 80.838
42.66 80.88
43.44 80.921
44.23 80.96
45.03 80.999
45.85 81.036
46.68 81.072
47.53 81.107
48.4 81.14
49.28 81.173
50.18 81.205
51.09 81.236
52.02 81.265
52.97 81.293
53.93 81.32
54.91 81.346
55.91 81.371
56.93 81.394
57.97 81.416
59.02 81.437
60.09 81.457
61.19 81.476
62.3 81.493
63.44 81.509
64.59 81.524
65.77 81.538
66.96 81.55
68.18 81.563
69.42 81.572
70.69 81.582
71.97 81.59
73.28 81.598
74.62 81.603
75.97 81.608
77.36 81.611
78.76 81.612
80.2 81.611
81.66 81.607
83.14 81.602
84.66 81.593
86.2 81.581
87.77 81.567
89.36 81.55
90.99 81.532
92.65 81.512
94.33 81.49
96.05 81.467
97.8 81.444
99.58 81.421
101.39 81.396
103.23 81.371
105.11 81.345
107.03 81.318
108.97 81.291
110.96 81.262
112.98 81.231
115.03 81.201
117.13 81.171
119.26 81.142
121.43 81.116
123.64 81.093
125.89 81.074
128.18 81.057
130.51 81.041
132.89 81.026
135.31 81.008
137.77 80.988
140.28 80.963
142.83 80.934
145.43 80.901
148.07 80.865
150.77 80.825
153.51 80.782
156.31 80.737
159.15 80.689
162.05 80.637
165 80.584
168 80.528
171.06 80.471
174.17 80.413
177.34 80.355
180.57 80.297
183.86 80.24
187.2 80.184
190.61 80.13
194.08 80.077
197.61 80.025
201.21 79.974
204.87 79.924
208.6 79.875
212.39 79.824
216.26 79.772
220.19 79.718
224.2 79.661
228.28 79.602
232.44 79.54
236.67 79.476
240.97 79.411
245.36 79.344
249.82 79.275
254.37 79.205
259 79.136
263.71 79.067
268.51 78.997
273.4 78.927
278.38 78.856
283.44 78.785
288.6 78.712
293.85 78.638
299.2 78.561
304.65 78.482
310.19 78.4
315.84 78.314
321.59 78.227
327.44 78.137
333.4 78.045
339.47 77.952
345.64 77.86
351.93 77.767
358.34 77.675
364.86 77.584
371.5 77.494
378.26 77.404
385.15 77.315
392.16 77.227
399.29 77.14
406.56 77.054
413.96 76.97
421.49 76.887
429.16 76.805
436.97 76.725
444.93 76.644
453.02 76.563
461.27 76.48
469.66 76.393
478.21 76.304
486.91 76.212
495.78 76.118
504.8 76.023
513.99 75.928
523.34 75.834
532.87 75.741
542.56 75.65
552.44 75.562
562.49 75.476
572.73 75.391
583.15 75.309
593.77 75.23
604.57 75.153
615.57 75.08
626.78 75.011
638.18 74.948
649.8 74.89
661.63 74.835
673.67 74.784
685.93 74.736
698.41 74.689
711.12 74.646
724.06 74.605
737.24 74.568
750.66 74.537
764.32 74.513
778.23 74.495
792.39 74.486
806.82 74.486
821.5 74.493
836.45 74.508
851.67 74.529
867.17 74.554
882.96 74.585
899.02 74.621
915.39 74.663
932.05 74.713
949.01 74.772
966.28 74.841
983.87 74.919
1001.77 75.009
1020 75.108
1038.57 75.216
1057.47 75.332
1076.71 75.452
1096.31 75.577
1116.26 75.703
1136.58 75.834
1157.26 75.969
1178.32 76.11
1199.77 76.257
1221.6 76.41
1243.84 76.566
1266.47 76.724
1289.52 76.882
1312.99 77.039
1336.89 77.198
1361.22 77.363
1385.99 77.538
1411.22 77.726
1436.9 77.93
1463.05 78.148
1489.68 78.383
1516.79 78.63
1544.4 78.89
1572.5 79.158
1601.12 79.424
1630.26 79.679
1659.93 79.917
1690.14 80.135
1720.9 80.333
1752.22 80.511
1784.11 80.666
1816.58 80.79
1849.64 80.871
1883.3 80.892
1917.58 80.847
1952.48 80.739
1988.01 80.587
2024.19 80.414
2061.03 80.242
2098.54 80.085
2136.73 79.945
2175.62 79.82
2215.22 79.704
2255.53 79.592
2296.58 79.478
2338.38 79.363
2380.94 79.251
2424.27 79.151
2468.39 79.069
2513.31 79.005
2559.05 78.954
2605.63 78.904
2653.05 78.841
2701.33 78.755
2750.5 78.637
2800.55 78.481
2851.52 78.29
2903.42 78.07
2956.26 77.833
3010.06 77.593
3064.85 77.366
3120.62 77.165
3177.42 76.994
3235.25 76.852
3294.13 76.727
3354.08 76.608
3415.12 76.481
3477.27 76.336
3540.56 76.172
3605 75.991
3670.6 75.806
3737.41 75.641
3805.43 75.518
3874.68 75.455
3945.2 75.45
4017 75.49
4090.11 75.551
4164.55 75.61
4240.34 75.65
4317.51 75.671
4396.09 75.684
4476.1 75.712
4557.56 75.768
4640.5 75.853
4724.96 75.954
4810.95 76.055
4898.51 76.139
4987.66 76.195
5078.43 76.218
5170.86 76.204
5264.97 76.155
5360.79 76.078
5458.35 75.997
5557.69 75.945
5658.84 75.959
5761.82 76.058
5866.69 76.235
5973.46 76.459
6082.17 76.699
6192.87 76.935
6305.57 77.168
6420.33 77.419
6537.18 77.724
6656.15 78.131
6777.29 78.68
6900.63 79.393
7026.22 80.261
7154.1 81.248
7284.3 82.289
7416.87 83.3
7551.85 84.183
7689.29 84.836
7829.23 85.175
7971.72 85.149
8116.8 84.75
8264.53 84.023
8414.94 83.066
8568.09 82.016
8724.02 81.021
8882.79 80.202
9044.46 79.641
9209.06 79.364
9376.66 79.355
9547.31 79.561
9721.07 79.897
9897.99 80.256
10078.13 80.514
10261.55 80.553
10448.3 80.287
10638.45 79.688
10832.07 78.797
11029.21 77.717
11229.94 76.593
11434.32 75.562
11642.41 74.722
11854.3 74.108
12070.04 73.693
12289.71 73.408
12513.38 73.157
12741.12 72.844
12973 72.385
13209.1 71.718
13449.5 70.82
13694.28 69.724
13943.51 68.531
14197.27 67.386
14455.66 66.442
14718.74 65.815
14986.62 65.556
15259.37 65.647
15537.08 66.018
15819.85 66.54
16107.76 67.045
16400.92 67.341
16699.41 67.261
17003.33 66.714
17312.78 65.702
17627.86 64.304
17948.68 62.632
18275.34 60.784
18607.94 58.825
18946.6 56.789
19291.42 54.697
19642.52 52.569
20000 50.429