20 82.39
20.36 82.438
20.73 82.485
21.11 82.533
21.5 82.581
21.89 82.628
22.29 82.675
22.69 82.72
23.1 82.766
23.52 82.81
23.95 82.854
24.39 82.897
24.83 82.939
25.28 82.979
25.74 83.018
26.21 83.056
26.69 83.093
27.18 83.128
27.67 83.161
28.17 83.193
28.69 83.223
29.21 83.251
29.74 83.278
30.28 83.302
30.83 83.323
31.39 83.342
31.97 83.359
32.55 83.374
33.14 83.385
33.74 83.395
34.36 83.402
34.98 83.407
35.62 83.408
36.27 83.408
36.93 83.407
37.6 83.402
38.28 83.397
38.98 83.389
39.69 83.379
40.41 83.369
41.15 83.356
41.9 83.343
42.66 83.328
43.44 83.313
44.23 83.297
45.03 83.279
45.85 83.261
46.68 83.242
47.53 83.223
48.4 83.203
49.28 83.182
50.18 83.159
51.09 83.135
52.02 83.11
52.97 83.082
53.93 83.053
54.91 83.021
55.91 82.987
56.93 82.95
57.97 82.911
59.02 82.869
60.09 82.824
61.19 82.777
62.3 82.726
63.44 82.675
64.59 82.62
65.77 82.566
66.96 82.51
68.18 82.453
69.42 82.396
70.69 82.341
71.97 82.285
73.28 82.23
74.62 82.175
75.97 82.121
77.36 82.065
78.76 82.008
80.2 81.95
81.66 81.888
83.14 81.824
84.66 81.754
86.2 81.681
87.77 81.604
89.36 81.524
90.99 81.442
92.65 81.36
94.33 81.276
96.05 81.194
97.8 81.113
99.58 81.034
101.39 80.957
103.23 80.881
105.11 80.805
107.03 80.729
108.97 80.652
110.96 80.575
112.98 80.495
115.03 80.413
117.13 80.331
119.26 80.247
121.43 80.163
123.64 80.079
125.89 79.996
128.18 79.911
130.51 79.828
132.89 79.743
135.31 79.658
137.77 79.572
140.28 79.485
142.83 79.398
145.43 79.308
148.07 79.217
150.77 79.125
153.51 79.03
156.31 78.935
159.15 78.838
162.05 78.74
165 78.642
168 78.543
171.06 78.444
174.17 78.346
177.34 78.25
180.57 78.155
183.86 78.061
187.2 77.968
190.61 77.877
194.08 77.785
197.61 77.693
201.21 77.602
204.87 77.51
208.6 77.418
212.39 77.326
216.26 77.232
220.19 77.138
224.2 77.045
228.28 76.951
232.44 76.86
236.67 76.769
240.97 76.681
245.36 76.594
249.82 76.509
254.37 76.427
259 76.347
263.71 76.269
268.51 76.193
273.4 76.119
278.38 76.046
283.44 75.974
288.6 75.902
293.85 75.831
299.2 75.758
304.65 75.685
310.19 75.61
315.84 75.533
321.59 75.456
327.44 75.379
333.4 75.3
339.47 75.223
345.64 75.149
351.93 75.074
358.34 75.003
364.86 74.934
371.5 74.867
378.26 74.802
385.15 74.739
392.16 74.68
399.29 74.621
406.56 74.566
413.96 74.513
421.49 74.463
429.16 74.415
436.97 74.37
444.93 74.326
453.02 74.283
461.27 74.237
469.66 74.192
478.21 74.145
486.91 74.095
495.78 74.046
504.8 73.998
513.99 73.949
523.34 73.902
532.87 73.858
542.56 73.815
552.44 73.774
562.49 73.735
572.73 73.698
583.15 73.664
593.77 73.633
604.57 73.606
615.57 73.585
626.78 73.571
638.18 73.567
649.8 73.572
661.63 73.59
673.67 73.616
685.93 73.65
698.41 73.685
711.12 73.717
724.06 73.745
737.24 73.768
750.66 73.788
764.32 73.807
778.23 73.831
792.39 73.862
806.82 73.902
821.5 73.954
836.45 74.015
851.67 74.085
867.17 74.161
882.96 74.243
899.02 74.331
915.39 74.425
932.05 74.525
949.01 74.635
966.28 74.752
983.87 74.878
1001.77 75.013
1020 75.156
1038.57 75.307
1057.47 75.462
1076.71 75.621
1096.31 75.782
1116.26 75.943
1136.58 76.102
1157.26 76.262
1178.32 76.42
1199.77 76.578
1221.6 76.731
1243.84 76.881
1266.47 77.023
1289.52 77.161
1312.99 77.291
1336.89 77.418
1361.22 77.541
1385.99 77.664
1411.22 77.79
1436.9 77.917
1463.05 78.047
1489.68 78.181
1516.79 78.321
1544.4 78.465
1572.5 78.615
1601.12 78.767
1630.26 78.917
1659.93 79.061
1690.14 79.197
1720.9 79.323
1752.22 79.442
1784.11 79.553
1816.58 79.663
1849.64 79.769
1883.3 79.874
1917.58 79.974
1952.48 80.069
1988.01 80.155
2024.19 80.23
2061.03 80.288
2098.54 80.329
2136.73 80.353
2175.62 80.362
2215.22 80.362
2255.53 80.357
2296.58 80.352
2338.38 80.355
2380.94 80.37
2424.27 80.398
2468.39 80.439
2513.31 80.489
2559.05 80.536
2605.63 80.572
2653.05 80.591
2701.33 80.589
2750.5 80.567
2800.55 80.528
2851.52 80.476
2903.42 80.415
2956.26 80.35
3010.06 80.279
3064.85 80.207
3120.62 80.128
3177.42 80.045
3235.25 79.95
3294.13 79.844
3354.08 79.721
3415.12 79.582
3477.27 79.428
3540.56 79.259
3605 79.084
3670.6 78.91
3737.41 78.745
3805.43 78.595
3874.68 78.451
3945.2 78.3
4017 78.125
4090.11 77.915
4164.55 77.663
4240.34 77.37
4317.51 77.041
4396.09 76.682
4476.1 76.299
4557.56 75.901
4640.5 75.49
4724.96 75.074
4810.95 74.658
4898.51 74.247
4987.66 73.845
5078.43 73.457
5170.86 73.087
5264.97 72.736
5360.79 72.409
5458.35 72.107
5557.69 71.831
5658.84 71.587
5761.82 71.376
5866.69 71.204
5973.46 71.075
6082.17 70.997
6192.87 70.979
6305.57 71.033
6420.33 71.174
6537.18 71.418
6656.15 71.779
6777.29 72.279
6900.63 72.922
7026.22 73.712
7154.1 74.631
7284.3 75.639
7416.87 76.668
7551.85 77.628
7689.29 78.414
7829.23 78.926
7971.72 79.092
8116.8 78.881
8264.53 78.317
8414.94 77.467
8568.09 76.431
8724.02 75.307
8882.79 74.192
9044.46 73.155
9209.06 72.25
9376.66 71.514
9547.31 70.974
9721.07 70.654
9897.99 70.576
10078.13 70.752
10261.55 71.18
10448.3 71.83
10638.45 72.633
10832.07 73.472
11029.21 74.193
11229.94 74.619
11434.32 74.601
11642.41 74.055
11854.3 72.985
12070.04 71.49
12289.71 69.722
12513.38 67.864
12741.12 66.081
12973 64.501
13209.1 63.212
13449.5 62.263
13694.28 61.684
13943.51 61.478
14197.27 61.631
14455.66 62.103
14718.74 62.821
14986.62 63.673
15259.37 64.512
15537.08 65.172
15819.85 65.502
16107.76 65.391
16400.92 64.797
16699.41 63.741
17003.33 62.285
17312.78 60.485
17627.86 58.368
17948.68 55.927
18275.34 53.138
18607.94 50.003
18946.6 46.561
19291.42 42.896
19642.52 39.106
20000 35.274