20 78.554
20.36 78.629
20.73 78.706
21.11 78.781
21.5 78.856
21.89 78.931
22.29 79.006
22.69 79.08
23.1 79.154
23.52 79.226
23.95 79.298
24.39 79.369
24.83 79.439
25.28 79.508
25.74 79.576
26.21 79.642
26.69 79.707
27.18 79.77
27.67 79.833
28.17 79.893
28.69 79.951
29.21 80.008
29.74 80.062
30.28 80.115
30.83 80.166
31.39 80.214
31.97 80.26
32.55 80.303
33.14 80.344
33.74 80.383
34.36 80.419
34.98 80.453
35.62 80.483
36.27 80.513
36.93 80.539
37.6 80.564
38.28 80.586
38.98 80.607
39.69 80.625
40.41 80.641
41.15 80.656
41.9 80.669
42.66 80.68
43.44 80.69
44.23 80.697
45.03 80.705
45.85 80.709
46.68 80.713
47.53 80.715
48.4 80.716
49.28 80.716
50.18 80.714
51.09 80.711
52.02 80.707
52.97 80.702
53.93 80.696
54.91 80.689
55.91 80.681
56.93 80.671
57.97 80.661
59.02 80.65
60.09 80.638
61.19 80.625
62.3 80.611
63.44 80.596
64.59 80.58
65.77 80.563
66.96 80.545
68.18 80.527
69.42 80.507
70.69 80.486
71.97 80.464
73.28 80.441
74.62 80.416
75.97 80.391
77.36 80.363
78.76 80.334
80.2 80.304
81.66 80.27
83.14 80.235
84.66 80.199
86.2 80.158
87.77 80.116
89.36 80.071
90.99 80.025
92.65 79.976
94.33 79.925
96.05 79.872
97.8 79.818
99.58 79.761
101.39 79.703
103.23 79.643
105.11 79.582
107.03 79.519
108.97 79.456
110.96 79.391
112.98 79.324
115.03 79.258
117.13 79.189
119.26 79.121
121.43 79.052
123.64 78.982
125.89 78.913
128.18 78.842
130.51 78.772
132.89 78.701
135.31 78.629
137.77 78.557
140.28 78.483
142.83 78.41
145.43 78.336
148.07 78.265
150.77 78.194
153.51 78.125
156.31 78.058
159.15 77.992
162.05 77.925
165 77.858
168 77.791
171.06 77.723
174.17 77.654
177.34 77.584
180.57 77.513
183.86 77.44
187.2 77.367
190.61 77.293
194.08 77.217
197.61 77.141
201.21 77.064
204.87 76.987
208.6 76.909
212.39 76.83
216.26 76.75
220.19 76.671
224.2 76.59
228.28 76.51
232.44 76.432
236.67 76.353
240.97 76.276
245.36 76.201
249.82 76.127
254.37 76.054
259 75.985
263.71 75.917
268.51 75.851
273.4 75.786
278.38 75.722
283.44 75.66
288.6 75.597
293.85 75.533
299.2 75.47
304.65 75.404
310.19 75.338
315.84 75.27
321.59 75.201
327.44 75.131
333.4 75.062
339.47 74.992
345.64 74.924
351.93 74.858
358.34 74.793
364.86 74.731
371.5 74.67
378.26 74.611
385.15 74.555
392.16 74.501
399.29 74.448
406.56 74.398
413.96 74.351
421.49 74.306
429.16 74.264
436.97 74.223
444.93 74.183
453.02 74.144
461.27 74.105
469.66 74.063
478.21 74.021
486.91 73.977
495.78 73.932
504.8 73.888
513.99 73.844
523.34 73.802
532.87 73.762
542.56 73.724
552.44 73.688
562.49 73.655
572.73 73.624
583.15 73.595
593.77 73.569
604.57 73.548
615.57 73.531
626.78 73.521
638.18 73.519
649.8 73.524
661.63 73.536
673.67 73.554
685.93 73.576
698.41 73.599
711.12 73.624
724.06 73.649
737.24 73.677
750.66 73.707
764.32 73.742
778.23 73.781
792.39 73.828
806.82 73.88
821.5 73.941
836.45 74.009
851.67 74.082
867.17 74.16
882.96 74.242
899.02 74.33
915.39 74.424
932.05 74.525
949.01 74.633
966.28 74.751
983.87 74.878
1001.77 75.013
1020 75.157
1038.57 75.308
1057.47 75.463
1076.71 75.622
1096.31 75.781
1116.26 75.94
1136.58 76.098
1157.26 76.255
1178.32 76.41
1199.77 76.564
1221.6 76.714
1243.84 76.859
1266.47 76.995
1289.52 77.124
1312.99 77.247
1336.89 77.363
1361.22 77.479
1385.99 77.597
1411.22 77.721
1436.9 77.852
1463.05 77.99
1489.68 78.131
1516.79 78.275
1544.4 78.42
1572.5 78.564
1601.12 78.704
1630.26 78.837
1659.93 78.96
1690.14 79.075
1720.9 79.183
1752.22 79.284
1784.11 79.38
1816.58 79.475
1849.64 79.566
1883.3 79.655
1917.58 79.738
1952.48 79.816
1988.01 79.884
2024.19 79.942
2061.03 79.987
2098.54 80.02
2136.73 80.041
2175.62 80.054
2215.22 80.065
2255.53 80.081
2296.58 80.105
2338.38 80.142
2380.94 80.196
2424.27 80.262
2468.39 80.337
2513.31 80.414
2559.05 80.487
2605.63 80.548
2653.05 80.594
2701.33 80.623
2750.5 80.635
2800.55 80.627
2851.52 80.601
2903.42 80.555
2956.26 80.493
3010.06 80.416
3064.85 80.329
3120.62 80.233
3177.42 80.131
3235.25 80.022
3294.13 79.901
3354.08 79.769
3415.12 79.623
3477.27 79.462
3540.56 79.291
3605 79.115
3670.6 78.943
3737.41 78.779
3805.43 78.621
3874.68 78.459
3945.2 78.277
4017 78.067
4090.11 77.82
4164.55 77.536
4240.34 77.217
4317.51 76.87
4396.09 76.502
4476.1 76.119
4557.56 75.726
4640.5 75.326
4724.96 74.924
4810.95 74.525
4898.51 74.132
4987.66 73.75
5078.43 73.379
5170.86 73.025
5264.97 72.689
5360.79 72.376
5458.35 72.085
5557.69 71.822
5658.84 71.587
5761.82 71.384
5866.69 71.22
5973.46 71.1
6082.17 71.029
6192.87 71.019
6305.57 71.08
6420.33 71.224
6537.18 71.467
6656.15 71.825
6777.29 72.309
6900.63 72.932
7026.22 73.688
7154.1 74.56
7284.3 75.506
7416.87 76.458
7551.85 77.328
7689.29 78.018
7829.23 78.437
7971.72 78.525
8116.8 78.264
8264.53 77.682
8414.94 76.851
8568.09 75.858
8724.02 74.795
8882.79 73.745
9044.46 72.765
9209.06 71.898
9376.66 71.172
9547.31 70.613
9721.07 70.244
9897.99 70.089
10078.13 70.167
10261.55 70.494
10448.3 71.061
10638.45 71.835
10832.07 72.737
11029.21 73.644
11229.94 74.391
11434.32 74.807
11642.41 74.75
11854.3 74.152
12070.04 73.044
12289.71 71.541
12513.38 69.817
12741.12 68.057
12973 66.424
13209.1 65.04
13449.5 63.989
13694.28 63.32
13943.51 63.053
14197.27 63.178
14455.66 63.651
14718.74 64.385
14986.62 65.247
15259.37 66.065
15537.08 66.653
15819.85 66.85
16107.76 66.551
16400.92 65.736
16699.41 64.457
17003.33 62.803
17312.78 60.855
17627.86 58.653
17948.68 56.195
18275.34 53.456
18607.94 50.429
18946.6 47.146
19291.42 43.673
19642.52 40.093
20000 36.479