20 83.444
20.36 83.403
20.73 83.362
21.11 83.32
21.5 83.279
21.89 83.238
22.29 83.196
22.69 83.154
23.1 83.111
23.52 83.068
23.95 83.024
24.39 82.98
24.83 82.935
25.28 82.89
25.74 82.844
26.21 82.797
26.69 82.748
27.18 82.7
27.67 82.649
28.17 82.598
28.69 82.546
29.21 82.493
29.74 82.438
30.28 82.382
30.83 82.325
31.39 82.266
31.97 82.206
32.55 82.143
33.14 82.08
33.74 82.015
34.36 81.948
34.98 81.88
35.62 81.81
36.27 81.739
36.93 81.667
37.6 81.593
38.28 81.518
38.98 81.441
39.69 81.364
40.41 81.285
41.15 81.205
41.9 81.124
42.66 81.043
43.44 80.96
44.23 80.877
45.03 80.793
45.85 80.708
46.68 80.622
47.53 80.536
48.4 80.449
49.28 80.361
50.18 80.272
51.09 80.183
52.02 80.093
52.97 80.002
53.93 79.91
54.91 79.817
55.91 79.723
56.93 79.628
57.97 79.532
59.02 79.435
60.09 79.338
61.19 79.239
62.3 79.139
63.44 79.039
64.59 78.938
65.77 78.837
66.96 78.736
68.18 78.635
69.42 78.534
70.69 78.433
71.97 78.334
73.28 78.234
74.62 78.135
75.97 78.036
77.36 77.937
78.76 77.838
80.2 77.739
81.66 77.638
83.14 77.537
84.66 77.435
86.2 77.331
87.77 77.225
89.36 77.119
90.99 77.012
92.65 76.905
94.33 76.798
96.05 76.691
97.8 76.585
99.58 76.479
101.39 76.374
103.23 76.27
105.11 76.167
107.03 76.065
108.97 75.963
110.96 75.862
112.98 75.762
115.03 75.663
117.13 75.566
119.26 75.472
121.43 75.381
123.64 75.295
125.89 75.213
128.18 75.134
130.51 75.059
132.89 74.985
135.31 74.912
137.77 74.839
140.28 74.765
142.83 74.69
145.43 74.615
148.07 74.54
150.77 74.466
153.51 74.394
156.31 74.321
159.15 74.25
162.05 74.178
165 74.105
168 74.033
171.06 73.962
174.17 73.894
177.34 73.83
180.57 73.772
183.86 73.719
187.2 73.671
190.61 73.627
194.08 73.588
197.61 73.551
201.21 73.517
204.87 73.483
208.6 73.449
212.39 73.416
216.26 73.383
220.19 73.351
224.2 73.32
228.28 73.29
232.44 73.263
236.67 73.239
240.97 73.218
245.36 73.199
249.82 73.183
254.37 73.171
259 73.162
263.71 73.156
268.51 73.152
273.4 73.15
278.38 73.15
283.44 73.151
288.6 73.153
293.85 73.155
299.2 73.156
304.65 73.157
310.19 73.156
315.84 73.154
321.59 73.152
327.44 73.149
333.4 73.147
339.47 73.145
345.64 73.142
351.93 73.141
358.34 73.14
364.86 73.141
371.5 73.142
378.26 73.143
385.15 73.147
392.16 73.151
399.29 73.157
406.56 73.164
413.96 73.174
421.49 73.184
429.16 73.195
436.97 73.208
444.93 73.221
453.02 73.233
461.27 73.244
469.66 73.253
478.21 73.26
486.91 73.265
495.78 73.268
504.8 73.271
513.99 73.274
523.34 73.276
532.87 73.279
542.56 73.282
552.44 73.286
562.49 73.29
572.73 73.293
583.15 73.298
593.77 73.303
604.57 73.31
615.57 73.32
626.78 73.335
638.18 73.353
649.8 73.377
661.63 73.405
673.67 73.436
685.93 73.47
698.41 73.504
711.12 73.538
724.06 73.572
737.24 73.608
750.66 73.646
764.32 73.689
778.23 73.736
792.39 73.791
806.82 73.853
821.5 73.922
836.45 73.998
851.67 74.077
867.17 74.16
882.96 74.246
899.02 74.335
915.39 74.429
932.05 74.529
949.01 74.637
966.28 74.754
983.87 74.879
1001.77 75.013
1020 75.155
1038.57 75.304
1057.47 75.458
1076.71 75.615
1096.31 75.774
1116.26 75.931
1136.58 76.088
1157.26 76.243
1178.32 76.396
1199.77 76.545
1221.6 76.69
1243.84 76.828
1266.47 76.958
1289.52 77.08
1312.99 77.196
1336.89 77.309
1361.22 77.423
1385.99 77.545
1411.22 77.679
1436.9 77.827
1463.05 77.989
1489.68 78.16
1516.79 78.334
1544.4 78.501
1572.5 78.647
1601.12 78.762
1630.26 78.836
1659.93 78.875
1690.14 78.892
1720.9 78.908
1752.22 78.944
1784.11 79.012
1816.58 79.116
1849.64 79.253
1883.3 79.416
1917.58 79.6
1952.48 79.795
1988.01 79.998
2024.19 80.204
2061.03 80.41
2098.54 80.612
2136.73 80.806
2175.62 80.991
2215.22 81.164
2255.53 81.324
2296.58 81.472
2338.38 81.607
2380.94 81.729
2424.27 81.836
2468.39 81.927
2513.31 82.002
2559.05 82.059
2605.63 82.1
2653.05 82.127
2701.33 82.141
2750.5 82.142
2800.55 82.13
2851.52 82.103
2903.42 82.058
2956.26 81.99
3010.06 81.898
3064.85 81.777
3120.62 81.628
3177.42 81.452
3235.25 81.252
3294.13 81.037
3354.08 80.818
3415.12 80.607
3477.27 80.409
3540.56 80.231
3605 80.07
3670.6 79.925
3737.41 79.792
3805.43 79.668
3874.68 79.553
3945.2 79.444
4017 79.341
4090.11 79.242
4164.55 79.14
4240.34 79.032
4317.51 78.917
4396.09 78.789
4476.1 78.646
4557.56 78.483
4640.5 78.293
4724.96 78.073
4810.95 77.819
4898.51 77.528
4987.66 77.2
5078.43 76.835
5170.86 76.433
5264.97 75.998
5360.79 75.538
5458.35 75.063
5557.69 74.587
5658.84 74.127
5761.82 73.698
5866.69 73.316
5973.46 72.992
6082.17 72.737
6192.87 72.558
6305.57 72.464
6420.33 72.462
6537.18 72.558
6656.15 72.761
6777.29 73.076
6900.63 73.505
7026.22 74.041
7154.1 74.669
7284.3 75.355
7416.87 76.051
7551.85 76.697
7689.29 77.223
7829.23 77.566
7971.72 77.682
8116.8 77.556
8264.53 77.208
8414.94 76.69
8568.09 76.074
8724.02 75.444
8882.79 74.881
9044.46 74.455
9209.06 74.221
9376.66 74.211
9547.31 74.431
9721.07 74.853
9897.99 75.411
10078.13 76
10261.55 76.491
10448.3 76.752
10638.45 76.679
10832.07 76.222
11029.21 75.396
11229.94 74.277
11434.32 72.98
11642.41 71.619
11854.3 70.296
12070.04 69.08
12289.71 68.011
12513.38 67.11
12741.12 66.383
12973 65.827
13209.1 65.432
13449.5 65.183
13694.28 65.05
13943.51 64.994
14197.27 64.957
14455.66 64.87
14718.74 64.659
14986.62 64.263
15259.37 63.646
15537.08 62.819
15819.85 61.839
16107.76 60.811
16400.92 59.867
16699.41 59.133
17003.33 58.685
17312.78 58.517
17627.86 58.536
17948.68 58.573
18275.34 58.422
18607.94 57.906
18946.6 56.933
19291.42 55.542
19642.52 53.875
20000 52.11