20 81.776
20.36 81.824
20.73 81.872
21.11 81.917
21.5 81.959
21.89 81.998
22.29 82.034
22.69 82.069
23.1 82.102
23.52 82.137
23.95 82.172
24.39 82.21
24.83 82.25
25.28 82.291
25.74 82.332
26.21 82.37
26.69 82.406
27.18 82.439
27.67 82.469
28.17 82.498
28.69 82.525
29.21 82.552
29.74 82.578
30.28 82.605
30.83 82.63
31.39 82.654
31.97 82.675
32.55 82.693
33.14 82.709
33.74 82.721
34.36 82.733
34.98 82.742
35.62 82.751
36.27 82.76
36.93 82.767
37.6 82.774
38.28 82.778
38.98 82.781
39.69 82.78
40.41 82.778
41.15 82.773
41.9 82.766
42.66 82.758
43.44 82.751
44.23 82.744
45.03 82.739
45.85 82.737
46.68 82.734
47.53 82.73
48.4 82.723
49.28 82.711
50.18 82.692
51.09 82.668
52.02 82.643
52.97 82.618
53.93 82.595
54.91 82.573
55.91 82.549
56.93 82.519
57.97 82.478
59.02 82.429
60.09 82.376
61.19 82.326
62.3 82.282
63.44 82.25
64.59 82.23
65.77 82.22
66.96 82.217
68.18 82.216
69.42 82.214
70.69 82.207
71.97 82.194
73.28 82.173
74.62 82.145
75.97 82.112
77.36 82.076
78.76 82.036
80.2 81.99
81.66 81.932
83.14 81.854
84.66 81.749
86.2 81.609
87.77 81.441
89.36 81.259
90.99 81.089
92.65 80.959
94.33 80.888
96.05 80.875
97.8 80.903
99.58 80.95
101.39 80.998
103.23 81.04
105.11 81.081
107.03 81.131
108.97 81.203
110.96 81.305
112.98 81.44
115.03 81.596
117.13 81.742
119.26 81.824
121.43 81.798
123.64 81.652
125.89 81.41
128.18 81.116
130.51 80.814
132.89 80.542
135.31 80.319
137.77 80.149
140.28 80.021
142.83 79.922
145.43 79.842
148.07 79.771
150.77 79.708
153.51 79.652
156.31 79.603
159.15 79.563
162.05 79.53
165 79.5
168 79.466
171.06 79.417
174.17 79.348
177.34 79.259
180.57 79.157
183.86 79.051
187.2 78.943
190.61 78.84
194.08 78.741
197.61 78.647
201.21 78.554
204.87 78.462
208.6 78.371
212.39 78.278
216.26 78.184
220.19 78.089
224.2 77.994
228.28 77.9
232.44 77.805
236.67 77.712
240.97 77.619
245.36 77.528
249.82 77.439
254.37 77.352
259 77.267
263.71 77.181
268.51 77.097
273.4 77.012
278.38 76.928
283.44 76.844
288.6 76.761
293.85 76.678
299.2 76.592
304.65 76.504
310.19 76.415
315.84 76.324
321.59 76.233
327.44 76.143
333.4 76.054
339.47 75.966
345.64 75.879
351.93 75.794
358.34 75.709
364.86 75.626
371.5 75.546
378.26 75.468
385.15 75.392
392.16 75.319
399.29 75.249
406.56 75.18
413.96 75.113
421.49 75.047
429.16 74.984
436.97 74.922
444.93 74.862
453.02 74.802
461.27 74.741
469.66 74.679
478.21 74.615
486.91 74.55
495.78 74.485
504.8 74.42
513.99 74.357
523.34 74.297
532.87 74.239
542.56 74.184
552.44 74.133
562.49 74.084
572.73 74.039
583.15 73.997
593.77 73.958
604.57 73.923
615.57 73.892
626.78 73.867
638.18 73.847
649.8 73.832
661.63 73.823
673.67 73.819
685.93 73.817
698.41 73.818
711.12 73.82
724.06 73.826
737.24 73.836
750.66 73.85
764.32 73.872
778.23 73.902
792.39 73.94
806.82 73.989
821.5 74.045
836.45 74.109
851.67 74.179
867.17 74.252
882.96 74.329
899.02 74.409
915.39 74.494
932.05 74.583
949.01 74.678
966.28 74.781
983.87 74.892
1001.77 75.012
1020 75.14
1038.57 75.277
1057.47 75.42
1076.71 75.567
1096.31 75.716
1116.26 75.867
1136.58 76.019
1157.26 76.172
1178.32 76.327
1199.77 76.483
1221.6 76.639
1243.84 76.791
1266.47 76.941
1289.52 77.085
1312.99 77.226
1336.89 77.364
1361.22 77.499
1385.99 77.636
1411.22 77.775
1436.9 77.918
1463.05 78.066
1489.68 78.221
1516.79 78.383
1544.4 78.554
1572.5 78.733
1601.12 78.92
1630.26 79.111
1659.93 79.306
1690.14 79.503
1720.9 79.7
1752.22 79.899
1784.11 80.098
1816.58 80.299
1849.64 80.501
1883.3 80.7
1917.58 80.894
1952.48 81.079
1988.01 81.25
2024.19 81.405
2061.03 81.537
2098.54 81.644
2136.73 81.727
2175.62 81.789
2215.22 81.834
2255.53 81.868
2296.58 81.894
2338.38 81.915
2380.94 81.931
2424.27 81.935
2468.39 81.924
2513.31 81.894
2559.05 81.843
2605.63 81.774
2653.05 81.691
2701.33 81.596
2750.5 81.488
2800.55 81.368
2851.52 81.232
2903.42 81.079
2956.26 80.909
3010.06 80.724
3064.85 80.526
3120.62 80.319
3177.42 80.107
3235.25 79.893
3294.13 79.68
3354.08 79.474
3415.12 79.28
3477.27 79.103
3540.56 78.947
3605 78.812
3670.6 78.695
3737.41 78.594
3805.43 78.504
3874.68 78.422
3945.2 78.344
4017 78.269
4090.11 78.191
4164.55 78.109
4240.34 78.018
4317.51 77.919
4396.09 77.809
4476.1 77.69
4557.56 77.564
4640.5 77.431
4724.96 77.297
4810.95 77.162
4898.51 77.031
4987.66 76.906
5078.43 76.786
5170.86 76.669
5264.97 76.552
5360.79 76.43
5458.35 76.297
5557.69 76.152
5658.84 75.994
5761.82 75.83
5866.69 75.67
5973.46 75.527
6082.17 75.417
6192.87 75.355
6305.57 75.358
6420.33 75.44
6537.18 75.619
6656.15 75.911
6777.29 76.332
6900.63 76.891
7026.22 77.587
7154.1 78.404
7284.3 79.307
7416.87 80.238
7551.85 81.122
7689.29 81.876
7829.23 82.424
7971.72 82.711
8116.8 82.72
8264.53 82.474
8414.94 82.027
8568.09 81.455
8724.02 80.844
8882.79 80.28
9044.46 79.836
9209.06 79.563
9376.66 79.479
9547.31 79.564
9721.07 79.759
9897.99 79.973
10078.13 80.098
10261.55 80.032
10448.3 79.707
10638.45 79.103
10832.07 78.261
11029.21 77.27
11229.94 76.247
11434.32 75.314
11642.41 74.569
11854.3 74.068
12070.04 73.818
12289.71 73.782
12513.38 73.895
12741.12 74.091
12973 74.322
13209.1 74.564
13449.5 74.819
13694.28 75.103
13943.51 75.427
14197.27 75.79
14455.66 76.173
14718.74 76.549
14986.62 76.879
15259.37 77.124
15537.08 77.238
15819.85 77.173
16107.76 76.878
16400.92 76.298
16699.41 75.379
17003.33 74.089
17312.78 72.446
17627.86 70.524
17948.68 68.438
18275.34 66.309
18607.94 64.231
18946.6 62.253
19291.42 60.38
19642.52 58.581
20000 56.812