20 83.154
20.36 83.18
20.73 83.205
21.11 83.231
21.5 83.256
21.89 83.28
22.29 83.303
22.69 83.323
23.1 83.339
23.52 83.351
23.95 83.359
24.39 83.363
24.83 83.365
25.28 83.364
25.74 83.363
26.21 83.363
26.69 83.365
27.18 83.369
27.67 83.375
28.17 83.379
28.69 83.38
29.21 83.376
29.74 83.367
30.28 83.357
30.83 83.344
31.39 83.33
31.97 83.315
32.55 83.298
33.14 83.279
33.74 83.261
34.36 83.241
34.98 83.221
35.62 83.2
36.27 83.178
36.93 83.155
37.6 83.13
38.28 83.102
38.98 83.07
39.69 83.034
40.41 82.995
41.15 82.958
41.9 82.924
42.66 82.892
43.44 82.861
44.23 82.824
45.03 82.784
45.85 82.739
46.68 82.694
47.53 82.651
48.4 82.612
49.28 82.578
50.18 82.547
51.09 82.513
52.02 82.475
52.97 82.429
53.93 82.373
54.91 82.31
55.91 82.244
56.93 82.174
57.97 82.103
59.02 82.029
60.09 81.949
61.19 81.863
62.3 81.768
63.44 81.667
64.59 81.562
65.77 81.458
66.96 81.358
68.18 81.261
69.42 81.17
70.69 81.082
71.97 81.002
73.28 80.937
74.62 80.892
75.97 80.867
77.36 80.861
78.76 80.869
80.2 80.883
81.66 80.893
83.14 80.891
84.66 80.869
86.2 80.827
87.77 80.761
89.36 80.671
90.99 80.559
92.65 80.429
94.33 80.286
96.05 80.136
97.8 79.988
99.58 79.846
101.39 79.72
103.23 79.619
105.11 79.554
107.03 79.531
108.97 79.553
110.96 79.606
112.98 79.673
115.03 79.731
117.13 79.757
119.26 79.735
121.43 79.656
123.64 79.53
125.89 79.376
128.18 79.215
130.51 79.063
132.89 78.924
135.31 78.797
137.77 78.679
140.28 78.567
142.83 78.462
145.43 78.363
148.07 78.268
150.77 78.174
153.51 78.076
156.31 77.97
159.15 77.861
162.05 77.751
165 77.645
168 77.544
171.06 77.449
174.17 77.359
177.34 77.271
180.57 77.183
183.86 77.096
187.2 77.006
190.61 76.913
194.08 76.817
197.61 76.72
201.21 76.625
204.87 76.534
208.6 76.449
212.39 76.366
216.26 76.285
220.19 76.205
224.2 76.125
228.28 76.046
232.44 75.968
236.67 75.892
240.97 75.818
245.36 75.746
249.82 75.678
254.37 75.61
259 75.545
263.71 75.48
268.51 75.415
273.4 75.349
278.38 75.284
283.44 75.22
288.6 75.157
293.85 75.095
299.2 75.031
304.65 74.966
310.19 74.9
315.84 74.834
321.59 74.767
327.44 74.702
333.4 74.639
339.47 74.578
345.64 74.519
351.93 74.46
358.34 74.403
364.86 74.347
371.5 74.294
378.26 74.243
385.15 74.194
392.16 74.149
399.29 74.104
406.56 74.063
413.96 74.024
421.49 73.986
429.16 73.952
436.97 73.919
444.93 73.888
453.02 73.858
461.27 73.826
469.66 73.793
478.21 73.758
486.91 73.721
495.78 73.683
504.8 73.647
513.99 73.611
523.34 73.578
532.87 73.548
542.56 73.521
552.44 73.496
562.49 73.472
572.73 73.453
583.15 73.434
593.77 73.42
604.57 73.407
615.57 73.398
626.78 73.395
638.18 73.396
649.8 73.403
661.63 73.415
673.67 73.432
685.93 73.452
698.41 73.473
711.12 73.497
724.06 73.523
737.24 73.553
750.66 73.587
764.32 73.627
778.23 73.675
792.39 73.732
806.82 73.797
821.5 73.87
836.45 73.951
851.67 74.037
867.17 74.127
882.96 74.22
899.02 74.317
915.39 74.418
932.05 74.522
949.01 74.633
966.28 74.751
983.87 74.877
1001.77 75.013
1020 75.158
1038.57 75.312
1057.47 75.472
1076.71 75.638
1096.31 75.807
1116.26 75.977
1136.58 76.148
1157.26 76.318
1178.32 76.488
1199.77 76.655
1221.6 76.819
1243.84 76.979
1266.47 77.132
1289.52 77.282
1312.99 77.426
1336.89 77.567
1361.22 77.707
1385.99 77.848
1411.22 77.99
1436.9 78.134
1463.05 78.282
1489.68 78.435
1516.79 78.594
1544.4 78.759
1572.5 78.93
1601.12 79.107
1630.26 79.288
1659.93 79.47
1690.14 79.653
1720.9 79.836
1752.22 80.022
1784.11 80.208
1816.58 80.398
1849.64 80.591
1883.3 80.788
1917.58 80.986
1952.48 81.186
1988.01 81.386
2024.19 81.585
2061.03 81.778
2098.54 81.966
2136.73 82.149
2175.62 82.33
2215.22 82.511
2255.53 82.702
2296.58 82.91
2338.38 83.139
2380.94 83.391
2424.27 83.661
2468.39 83.941
2513.31 84.219
2559.05 84.484
2605.63 84.725
2653.05 84.934
2701.33 85.101
2750.5 85.223
2800.55 85.294
2851.52 85.319
2903.42 85.299
2956.26 85.244
3010.06 85.161
3064.85 85.061
3120.62 84.951
3177.42 84.837
3235.25 84.723
3294.13 84.61
3354.08 84.502
3415.12 84.4
3477.27 84.31
3540.56 84.234
3605 84.175
3670.6 84.135
3737.41 84.113
3805.43 84.112
3874.68 84.131
3945.2 84.174
4017 84.238
4090.11 84.322
4164.55 84.422
4240.34 84.531
4317.51 84.64
4396.09 84.738
4476.1 84.816
4557.56 84.86
4640.5 84.862
4724.96 84.815
4810.95 84.712
4898.51 84.553
4987.66 84.338
5078.43 84.071
5170.86 83.758
5264.97 83.406
5360.79 83.027
5458.35 82.629
5557.69 82.218
5658.84 81.806
5761.82 81.407
5866.69 81.031
5973.46 80.689
6082.17 80.391
6192.87 80.148
6305.57 79.97
6420.33 79.868
6537.18 79.856
6656.15 79.945
6777.29 80.146
6900.63 80.464
7026.22 80.895
7154.1 81.426
7284.3 82.025
7416.87 82.64
7551.85 83.207
7689.29 83.647
7829.23 83.885
7971.72 83.861
8116.8 83.544
8264.53 82.932
8414.94 82.06
8568.09 80.981
8724.02 79.762
8882.79 78.483
9044.46 77.21
9209.06 76.005
9376.66 74.903
9547.31 73.927
9721.07 73.087
9897.99 72.381
10078.13 71.806
10261.55 71.359
10448.3 71.036
10638.45 70.84
10832.07 70.772
11029.21 70.834
11229.94 71.02
11434.32 71.315
11642.41 71.692
11854.3 72.108
12070.04 72.508
12289.71 72.834
12513.38 73.04
12741.12 73.095
12973 73.003
13209.1 72.79
13449.5 72.512
13694.28 72.235
13943.51 72.031
14197.27 71.947
14455.66 72.006
14718.74 72.18
14986.62 72.392
15259.37 72.521
15537.08 72.417
15819.85 71.946
16107.76 71.026
16400.92 69.656
16699.41 67.909
17003.33 65.906
17312.78 63.772
17627.86 61.608
17948.68 59.482
18275.34 57.422
18607.94 55.435
18946.6 53.508
19291.42 51.627
19642.52 49.775
20000 47.935