20 75.363
20.36 75.545
20.73 75.729
21.11 75.912
21.5 76.094
21.89 76.276
22.29 76.457
22.69 76.637
23.1 76.817
23.52 76.995
23.95 77.173
24.39 77.348
24.83 77.523
25.28 77.696
25.74 77.867
26.21 78.036
26.69 78.204
27.18 78.368
27.67 78.531
28.17 78.692
28.69 78.85
29.21 79.005
29.74 79.158
30.28 79.307
30.83 79.454
31.39 79.597
31.97 79.737
32.55 79.873
33.14 80.006
33.74 80.135
34.36 80.26
34.98 80.381
35.62 80.497
36.27 80.608
36.93 80.717
37.6 80.819
38.28 80.916
38.98 81.008
39.69 81.094
40.41 81.176
41.15 81.25
41.9 81.319
42.66 81.382
43.44 81.438
44.23 81.49
45.03 81.532
45.85 81.569
46.68 81.598
47.53 81.621
48.4 81.638
49.28 81.649
50.18 81.656
51.09 81.659
52.02 81.658
52.97 81.654
53.93 81.647
54.91 81.639
55.91 81.631
56.93 81.621
57.97 81.611
59.02 81.603
60.09 81.595
61.19 81.589
62.3 81.585
63.44 81.578
64.59 81.572
65.77 81.566
66.96 81.559
68.18 81.549
69.42 81.537
70.69 81.524
71.97 81.507
73.28 81.486
74.62 81.462
75.97 81.432
77.36 81.4
78.76 81.359
80.2 81.314
81.66 81.263
83.14 81.205
84.66 81.139
86.2 81.065
87.77 80.983
89.36 80.892
90.99 80.791
92.65 80.679
94.33 80.557
96.05 80.424
97.8 80.278
99.58 80.121
101.39 79.951
103.23 79.767
105.11 79.571
107.03 79.36
108.97 79.138
110.96 78.901
112.98 78.651
115.03 78.387
117.13 78.108
119.26 77.816
121.43 77.509
123.64 77.189
125.89 76.853
128.18 76.501
130.51 76.13
132.89 75.74
135.31 75.327
137.77 74.89
140.28 74.429
142.83 73.943
145.43 73.435
148.07 72.908
150.77 72.362
153.51 71.801
156.31 71.227
159.15 70.65
162.05 70.073
165 69.502
168 68.946
171.06 68.411
174.17 67.907
177.34 67.442
180.57 67.024
183.86 66.655
187.2 66.343
190.61 66.092
194.08 65.905
197.61 65.784
201.21 65.73
204.87 65.742
208.6 65.82
212.39 65.961
216.26 66.159
220.19 66.412
224.2 66.711
228.28 67.044
232.44 67.405
236.67 67.782
240.97 68.168
245.36 68.553
249.82 68.934
254.37 69.304
259 69.659
263.71 69.999
268.51 70.32
273.4 70.621
278.38 70.9
283.44 71.154
288.6 71.387
293.85 71.596
299.2 71.783
304.65 71.951
310.19 72.1
315.84 72.231
321.59 72.348
327.44 72.452
333.4 72.543
339.47 72.623
345.64 72.694
351.93 72.756
358.34 72.811
364.86 72.861
371.5 72.907
378.26 72.95
385.15 72.991
392.16 73.031
399.29 73.073
406.56 73.114
413.96 73.157
421.49 73.201
429.16 73.246
436.97 73.291
444.93 73.338
453.02 73.384
461.27 73.432
469.66 73.478
478.21 73.523
486.91 73.566
495.78 73.605
504.8 73.641
513.99 73.674
523.34 73.703
532.87 73.728
542.56 73.746
552.44 73.761
562.49 73.768
572.73 73.77
583.15 73.768
593.77 73.758
604.57 73.745
615.57 73.725
626.78 73.702
638.18 73.675
649.8 73.646
661.63 73.616
673.67 73.584
685.93 73.554
698.41 73.526
711.12 73.501
724.06 73.483
737.24 73.472
750.66 73.47
764.32 73.476
778.23 73.493
792.39 73.519
806.82 73.56
821.5 73.612
836.45 73.679
851.67 73.758
867.17 73.851
882.96 73.956
899.02 74.075
915.39 74.205
932.05 74.346
949.01 74.498
966.28 74.661
983.87 74.834
1001.77 75.018
1020 75.213
1038.57 75.42
1057.47 75.641
1076.71 75.881
1096.31 76.138
1116.26 76.412
1136.58 76.7
1157.26 77.004
1178.32 77.316
1199.77 77.641
1221.6 77.979
1243.84 78.329
1266.47 78.696
1289.52 79.077
1312.99 79.471
1336.89 79.875
1361.22 80.29
1385.99 80.713
1411.22 81.134
1436.9 81.547
1463.05 81.941
1489.68 82.316
1516.79 82.669
1544.4 83.002
1572.5 83.317
1601.12 83.613
1630.26 83.891
1659.93 84.154
1690.14 84.404
1720.9 84.639
1752.22 84.853
1784.11 85.044
1816.58 85.215
1849.64 85.371
1883.3 85.526
1917.58 85.699
1952.48 85.904
1988.01 86.151
2024.19 86.437
2061.03 86.754
2098.54 87.08
2136.73 87.396
2175.62 87.69
2215.22 87.95
2255.53 88.177
2296.58 88.367
2338.38 88.522
2380.94 88.642
2424.27 88.727
2468.39 88.782
2513.31 88.811
2559.05 88.824
2605.63 88.829
2653.05 88.834
2701.33 88.845
2750.5 88.866
2800.55 88.895
2851.52 88.933
2903.42 88.976
2956.26 89.028
3010.06 89.086
3064.85 89.151
3120.62 89.222
3177.42 89.299
3235.25 89.376
3294.13 89.445
3354.08 89.497
3415.12 89.517
3477.27 89.486
3540.56 89.388
3605 89.202
3670.6 88.908
3737.41 88.493
3805.43 87.947
3874.68 87.271
3945.2 86.474
4017 85.57
4090.11 84.585
4164.55 83.538
4240.34 82.455
4317.51 81.357
4396.09 80.266
4476.1 79.201
4557.56 78.177
4640.5 77.214
4724.96 76.333
4810.95 75.554
4898.51 74.904
4987.66 74.402
5078.43 74.071
5170.86 73.919
5264.97 73.949
5360.79 74.152
5458.35 74.508
5557.69 74.983
5658.84 75.533
5761.82 76.103
5866.69 76.637
5973.46 77.088
6082.17 77.424
6192.87 77.641
6305.57 77.76
6420.33 77.817
6537.18 77.864
6656.15 77.962
6777.29 78.164
6900.63 78.525
7026.22 79.082
7154.1 79.849
7284.3 80.804
7416.87 81.884
7551.85 82.972
7689.29 83.922
7829.23 84.572
7971.72 84.784
8116.8 84.476
8264.53 83.644
8414.94 82.364
8568.09 80.769
8724.02 79.017
8882.79 77.257
9044.46 75.6
9209.06 74.115
9376.66 72.834
9547.31 71.758
9721.07 70.87
9897.99 70.147
10078.13 69.569
10261.55 69.121
10448.3 68.797
10638.45 68.599
10832.07 68.539
11029.21 68.635
11229.94 68.914
11434.32 69.401
11642.41 70.116
11854.3 71.066
12070.04 72.234
12289.71 73.558
12513.38 74.932
12741.12 76.196
12973 77.175
13209.1 77.705
13449.5 77.691
13694.28 77.14
13943.51 76.171
14197.27 74.978
14455.66 73.78
14718.74 72.745
14986.62 71.949
15259.37 71.339
15537.08 70.741
15819.85 69.898
16107.76 68.547
16400.92 66.513
16699.41 63.774
17003.33 60.467
17312.78 56.84
17627.86 53.186
17948.68 49.754
18275.34 46.706
18607.94 44.098
18946.6 41.907
19291.42 40.054
19642.52 38.424
20000 36.883