20 86.446
20.36 86.466
20.73 86.478
21.11 86.481
21.5 86.475
21.89 86.462
22.29 86.443
22.69 86.419
23.1 86.392
23.52 86.364
23.95 86.339
24.39 86.315
24.83 86.297
25.28 86.284
25.74 86.276
26.21 86.271
26.69 86.269
27.18 86.268
27.67 86.266
28.17 86.261
28.69 86.252
29.21 86.239
29.74 86.219
30.28 86.193
30.83 86.162
31.39 86.128
31.97 86.091
32.55 86.052
33.14 86.013
33.74 85.975
34.36 85.939
34.98 85.903
35.62 85.868
36.27 85.831
36.93 85.794
37.6 85.754
38.28 85.711
38.98 85.665
39.69 85.617
40.41 85.566
41.15 85.514
41.9 85.462
42.66 85.41
43.44 85.358
44.23 85.306
45.03 85.253
45.85 85.199
46.68 85.142
47.53 85.084
48.4 85.025
49.28 84.964
50.18 84.902
51.09 84.838
52.02 84.774
52.97 84.71
53.93 84.646
54.91 84.58
55.91 84.515
56.93 84.449
57.97 84.382
59.02 84.313
60.09 84.242
61.19 84.169
62.3 84.094
63.44 84.016
64.59 83.939
65.77 83.862
66.96 83.785
68.18 83.71
69.42 83.635
70.69 83.56
71.97 83.485
73.28 83.409
74.62 83.332
75.97 83.255
77.36 83.176
78.76 83.095
80.2 83.011
81.66 82.925
83.14 82.834
84.66 82.739
86.2 82.64
87.77 82.539
89.36 82.436
90.99 82.334
92.65 82.232
94.33 82.131
96.05 82.032
97.8 81.935
99.58 81.839
101.39 81.746
103.23 81.654
105.11 81.565
107.03 81.475
108.97 81.385
110.96 81.292
112.98 81.194
115.03 81.093
117.13 80.991
119.26 80.887
121.43 80.784
123.64 80.683
125.89 80.585
128.18 80.488
130.51 80.393
132.89 80.296
135.31 80.199
137.77 80.101
140.28 80.002
142.83 79.902
145.43 79.801
148.07 79.699
150.77 79.6
153.51 79.501
156.31 79.405
159.15 79.312
162.05 79.222
165 79.133
168 79.045
171.06 78.956
174.17 78.866
177.34 78.776
180.57 78.685
183.86 78.594
187.2 78.504
190.61 78.412
194.08 78.319
197.61 78.228
201.21 78.136
204.87 78.044
208.6 77.953
212.39 77.863
216.26 77.774
220.19 77.686
224.2 77.6
228.28 77.515
232.44 77.43
236.67 77.347
240.97 77.266
245.36 77.185
249.82 77.106
254.37 77.031
259 76.958
263.71 76.887
268.51 76.819
273.4 76.75
278.38 76.685
283.44 76.62
288.6 76.555
293.85 76.49
299.2 76.421
304.65 76.35
310.19 76.276
315.84 76.201
321.59 76.125
327.44 76.05
333.4 75.976
339.47 75.904
345.64 75.836
351.93 75.77
358.34 75.707
364.86 75.649
371.5 75.592
378.26 75.538
385.15 75.487
392.16 75.436
399.29 75.386
406.56 75.336
413.96 75.287
421.49 75.238
429.16 75.19
436.97 75.145
444.93 75.101
453.02 75.057
461.27 75.012
469.66 74.964
478.21 74.913
486.91 74.86
495.78 74.805
504.8 74.75
513.99 74.694
523.34 74.64
532.87 74.587
542.56 74.537
552.44 74.488
562.49 74.442
572.73 74.397
583.15 74.355
593.77 74.315
604.57 74.279
615.57 74.246
626.78 74.218
638.18 74.194
649.8 74.175
661.63 74.161
673.67 74.149
685.93 74.139
698.41 74.129
711.12 74.12
724.06 74.113
737.24 74.109
750.66 74.109
764.32 74.114
778.23 74.127
792.39 74.148
806.82 74.178
821.5 74.215
836.45 74.259
851.67 74.307
867.17 74.36
882.96 74.417
899.02 74.478
915.39 74.545
932.05 74.618
949.01 74.7
966.28 74.792
983.87 74.895
1001.77 75.011
1020 75.14
1038.57 75.282
1057.47 75.437
1076.71 75.599
1096.31 75.77
1116.26 75.945
1136.58 76.123
1157.26 76.3
1178.32 76.474
1199.77 76.644
1221.6 76.805
1243.84 76.955
1266.47 77.093
1289.52 77.219
1312.99 77.334
1336.89 77.442
1361.22 77.545
1385.99 77.648
1411.22 77.752
1436.9 77.861
1463.05 77.974
1489.68 78.093
1516.79 78.22
1544.4 78.354
1572.5 78.496
1601.12 78.645
1630.26 78.798
1659.93 78.954
1690.14 79.111
1720.9 79.271
1752.22 79.432
1784.11 79.596
1816.58 79.765
1849.64 79.939
1883.3 80.117
1917.58 80.298
1952.48 80.482
1988.01 80.663
2024.19 80.84
2061.03 81.004
2098.54 81.152
2136.73 81.276
2175.62 81.37
2215.22 81.428
2255.53 81.442
2296.58 81.406
2338.38 81.314
2380.94 81.161
2424.27 80.944
2468.39 80.665
2513.31 80.329
2559.05 79.942
2605.63 79.519
2653.05 79.071
2701.33 78.612
2750.5 78.154
2800.55 77.708
2851.52 77.283
2903.42 76.886
2956.26 76.521
3010.06 76.193
3064.85 75.905
3120.62 75.66
3177.42 75.46
3235.25 75.306
3294.13 75.198
3354.08 75.137
3415.12 75.124
3477.27 75.161
3540.56 75.25
3605 75.394
3670.6 75.593
3737.41 75.844
3805.43 76.14
3874.68 76.47
3945.2 76.817
4017 77.162
4090.11 77.48
4164.55 77.744
4240.34 77.933
4317.51 78.031
4396.09 78.033
4476.1 77.949
4557.56 77.793
4640.5 77.595
4724.96 77.385
4810.95 77.192
4898.51 77.036
4987.66 76.933
5078.43 76.882
5170.86 76.875
5264.97 76.9
5360.79 76.936
5458.35 76.964
5557.69 76.968
5658.84 76.934
5761.82 76.853
5866.69 76.727
5973.46 76.56
6082.17 76.365
6192.87 76.16
6305.57 75.966
6420.33 75.81
6537.18 75.718
6656.15 75.715
6777.29 75.823
6900.63 76.06
7026.22 76.43
7154.1 76.927
7284.3 77.525
7416.87 78.181
7551.85 78.828
7689.29 79.39
7829.23 79.783
7971.72 79.934
8116.8 79.797
8264.53 79.361
8414.94 78.652
8568.09 77.721
8724.02 76.644
8882.79 75.508
9044.46 74.398
9209.06 73.391
9376.66 72.544
9547.31 71.899
9721.07 71.482
9897.99 71.306
10078.13 71.372
10261.55 71.663
10448.3 72.147
10638.45 72.77
10832.07 73.457
11029.21 74.113
11229.94 74.636
11434.32 74.927
11642.41 74.922
11854.3 74.603
12070.04 74.009
12289.71 73.227
12513.38 72.375
12741.12 71.576
12973 70.933
13209.1 70.518
13449.5 70.365
13694.28 70.469
13943.51 70.79
14197.27 71.254
14455.66 71.76
14718.74 72.195
14986.62 72.452
15259.37 72.44
15537.08 72.107
15819.85 71.432
16107.76 70.42
16400.92 69.083
16699.41 67.434
17003.33 65.489
17312.78 63.284
17627.86 60.902
17948.68 58.48
18275.34 56.187
18607.94 54.173
18946.6 52.488
19291.42 51.067
19642.52 49.792
20000 48.562