20 80.738
20.36 80.874
20.73 80.988
21.11 81.077
21.5 81.141
21.89 81.182
22.29 81.203
22.69 81.207
23.1 81.2
23.52 81.187
23.95 81.174
24.39 81.168
24.83 81.175
25.28 81.198
25.74 81.237
26.21 81.293
26.69 81.363
27.18 81.441
27.67 81.521
28.17 81.598
28.69 81.666
29.21 81.723
29.74 81.766
30.28 81.794
30.83 81.809
31.39 81.812
31.97 81.807
32.55 81.798
33.14 81.79
33.74 81.784
34.36 81.784
34.98 81.789
35.62 81.799
36.27 81.811
36.93 81.822
37.6 81.83
38.28 81.833
38.98 81.83
39.69 81.822
40.41 81.808
41.15 81.79
41.9 81.769
42.66 81.745
43.44 81.721
44.23 81.696
45.03 81.669
45.85 81.64
46.68 81.609
47.53 81.576
48.4 81.54
49.28 81.501
50.18 81.46
51.09 81.416
52.02 81.369
52.97 81.32
53.93 81.268
54.91 81.213
55.91 81.157
56.93 81.098
57.97 81.036
59.02 80.972
60.09 80.905
61.19 80.836
62.3 80.764
63.44 80.69
64.59 80.616
65.77 80.542
66.96 80.468
68.18 80.393
69.42 80.316
70.69 80.238
71.97 80.155
73.28 80.069
74.62 79.979
75.97 79.886
77.36 79.792
78.76 79.694
80.2 79.594
81.66 79.492
83.14 79.388
84.66 79.282
86.2 79.174
87.77 79.065
89.36 78.954
90.99 78.841
92.65 78.727
94.33 78.612
96.05 78.496
97.8 78.381
99.58 78.266
101.39 78.15
103.23 78.035
105.11 77.916
107.03 77.794
108.97 77.667
110.96 77.534
112.98 77.395
115.03 77.251
117.13 77.107
119.26 76.968
121.43 76.838
123.64 76.718
125.89 76.605
128.18 76.493
130.51 76.378
132.89 76.259
135.31 76.135
137.77 76.007
140.28 75.876
142.83 75.746
145.43 75.617
148.07 75.491
150.77 75.367
153.51 75.247
156.31 75.128
159.15 75.011
162.05 74.896
165 74.784
168 74.674
171.06 74.568
174.17 74.464
177.34 74.361
180.57 74.26
183.86 74.157
187.2 74.055
190.61 73.954
194.08 73.855
197.61 73.76
201.21 73.67
204.87 73.586
208.6 73.508
212.39 73.438
216.26 73.376
220.19 73.32
224.2 73.271
228.28 73.228
232.44 73.19
236.67 73.155
240.97 73.125
245.36 73.099
249.82 73.075
254.37 73.054
259 73.035
263.71 73.018
268.51 73.003
273.4 72.991
278.38 72.982
283.44 72.974
288.6 72.969
293.85 72.965
299.2 72.961
304.65 72.957
310.19 72.954
315.84 72.949
321.59 72.944
327.44 72.938
333.4 72.931
339.47 72.923
345.64 72.914
351.93 72.904
358.34 72.895
364.86 72.887
371.5 72.88
378.26 72.876
385.15 72.877
392.16 72.88
399.29 72.887
406.56 72.896
413.96 72.904
421.49 72.911
429.16 72.917
436.97 72.92
444.93 72.922
453.02 72.922
461.27 72.921
469.66 72.919
478.21 72.917
486.91 72.916
495.78 72.915
504.8 72.914
513.99 72.914
523.34 72.915
532.87 72.918
542.56 72.922
552.44 72.927
562.49 72.933
572.73 72.939
583.15 72.947
593.77 72.955
604.57 72.965
615.57 72.977
626.78 72.99
638.18 73.006
649.8 73.024
661.63 73.045
673.67 73.07
685.93 73.098
698.41 73.129
711.12 73.164
724.06 73.204
737.24 73.248
750.66 73.298
764.32 73.354
778.23 73.416
792.39 73.486
806.82 73.562
821.5 73.646
836.45 73.737
851.67 73.835
867.17 73.94
882.96 74.052
899.02 74.17
915.39 74.294
932.05 74.424
949.01 74.561
966.28 74.705
983.87 74.857
1001.77 75.016
1020 75.18
1038.57 75.348
1057.47 75.519
1076.71 75.692
1096.31 75.863
1116.26 76.033
1136.58 76.2
1157.26 76.365
1178.32 76.526
1199.77 76.683
1221.6 76.836
1243.84 76.985
1266.47 77.13
1289.52 77.271
1312.99 77.409
1336.89 77.544
1361.22 77.676
1385.99 77.804
1411.22 77.93
1436.9 78.054
1463.05 78.178
1489.68 78.302
1516.79 78.428
1544.4 78.558
1572.5 78.692
1601.12 78.83
1630.26 78.971
1659.93 79.116
1690.14 79.264
1720.9 79.415
1752.22 79.571
1784.11 79.729
1816.58 79.891
1849.64 80.057
1883.3 80.227
1917.58 80.399
1952.48 80.577
1988.01 80.756
2024.19 80.939
2061.03 81.124
2098.54 81.31
2136.73 81.497
2175.62 81.683
2215.22 81.87
2255.53 82.055
2296.58 82.242
2338.38 82.43
2380.94 82.619
2424.27 82.808
2468.39 82.997
2513.31 83.18
2559.05 83.357
2605.63 83.523
2653.05 83.675
2701.33 83.812
2750.5 83.928
2800.55 84.022
2851.52 84.092
2903.42 84.137
2956.26 84.153
3010.06 84.143
3064.85 84.106
3120.62 84.044
3177.42 83.962
3235.25 83.863
3294.13 83.754
3354.08 83.641
3415.12 83.531
3477.27 83.432
3540.56 83.347
3605 83.279
3670.6 83.229
3737.41 83.194
3805.43 83.174
3874.68 83.166
3945.2 83.166
4017 83.173
4090.11 83.186
4164.55 83.202
4240.34 83.223
4317.51 83.248
4396.09 83.277
4476.1 83.31
4557.56 83.347
4640.5 83.389
4724.96 83.433
4810.95 83.48
4898.51 83.527
4987.66 83.57
5078.43 83.606
5170.86 83.632
5264.97 83.64
5360.79 83.625
5458.35 83.584
5557.69 83.51
5658.84 83.399
5761.82 83.25
5866.69 83.062
5973.46 82.842
6082.17 82.599
6192.87 82.346
6305.57 82.099
6420.33 81.873
6537.18 81.683
6656.15 81.536
6777.29 81.437
6900.63 81.38
7026.22 81.354
7154.1 81.339
7284.3 81.307
7416.87 81.223
7551.85 81.045
7689.29 80.734
7829.23 80.249
7971.72 79.568
8116.8 78.684
8264.53 77.613
8414.94 76.393
8568.09 75.078
8724.02 73.743
8882.79 72.476
9044.46 71.355
9209.06 70.435
9376.66 69.739
9547.31 69.258
9721.07 68.962
9897.99 68.809
10078.13 68.755
10261.55 68.761
10448.3 68.795
10638.45 68.837
10832.07 68.874
11029.21 68.905
11229.94 68.935
11434.32 68.981
11642.41 69.065
11854.3 69.212
12070.04 69.446
12289.71 69.789
12513.38 70.255
12741.12 70.86
12973 71.605
13209.1 72.488
13449.5 73.491
13694.28 74.57
13943.51 75.664
14197.27 76.691
14455.66 77.562
14718.74 78.181
14986.62 78.467
15259.37 78.37
15537.08 77.89
15819.85 77.067
16107.76 75.968
16400.92 74.668
16699.41 73.227
17003.33 71.689
17312.78 70.088
17627.86 68.446
17948.68 66.785
18275.34 65.125
18607.94 63.483
18946.6 61.873
19291.42 60.3
19642.52 58.757
20000 57.229