20 85.218
20.36 85.24
20.73 85.262
21.11 85.283
21.5 85.305
21.89 85.325
22.29 85.346
22.69 85.366
23.1 85.385
23.52 85.402
23.95 85.419
24.39 85.434
24.83 85.449
25.28 85.462
25.74 85.474
26.21 85.485
26.69 85.493
27.18 85.499
27.67 85.504
28.17 85.506
28.69 85.506
29.21 85.505
29.74 85.5
30.28 85.494
30.83 85.484
31.39 85.472
31.97 85.457
32.55 85.439
33.14 85.418
33.74 85.394
34.36 85.367
34.98 85.337
35.62 85.304
36.27 85.269
36.93 85.232
37.6 85.192
38.28 85.151
38.98 85.107
39.69 85.062
40.41 85.015
41.15 84.967
41.9 84.918
42.66 84.868
43.44 84.816
44.23 84.764
45.03 84.712
45.85 84.66
46.68 84.607
47.53 84.553
48.4 84.499
49.28 84.444
50.18 84.388
51.09 84.331
52.02 84.273
52.97 84.212
53.93 84.15
54.91 84.086
55.91 84.02
56.93 83.951
57.97 83.879
59.02 83.804
60.09 83.727
61.19 83.646
62.3 83.563
63.44 83.478
64.59 83.391
65.77 83.302
66.96 83.212
68.18 83.121
69.42 83.029
70.69 82.937
71.97 82.846
73.28 82.754
74.62 82.663
75.97 82.571
77.36 82.479
78.76 82.387
80.2 82.294
81.66 82.2
83.14 82.105
84.66 82.009
86.2 81.912
87.77 81.813
89.36 81.713
90.99 81.613
92.65 81.511
94.33 81.41
96.05 81.307
97.8 81.205
99.58 81.103
101.39 81.001
103.23 80.898
105.11 80.794
107.03 80.691
108.97 80.586
110.96 80.48
112.98 80.373
115.03 80.264
117.13 80.155
119.26 80.046
121.43 79.936
123.64 79.827
125.89 79.718
128.18 79.608
130.51 79.5
132.89 79.389
135.31 79.277
137.77 79.164
140.28 79.048
142.83 78.932
145.43 78.816
148.07 78.702
150.77 78.59
153.51 78.481
156.31 78.379
159.15 78.285
162.05 78.201
165 78.13
168 78.07
171.06 78.019
174.17 77.975
177.34 77.934
180.57 77.894
183.86 77.852
187.2 77.805
190.61 77.751
194.08 77.688
197.61 77.617
201.21 77.538
204.87 77.453
208.6 77.362
212.39 77.267
216.26 77.17
220.19 77.071
224.2 76.972
228.28 76.874
232.44 76.779
236.67 76.686
240.97 76.596
245.36 76.511
249.82 76.43
254.37 76.353
259 76.28
263.71 76.211
268.51 76.143
273.4 76.077
278.38 76.012
283.44 75.946
288.6 75.88
293.85 75.813
299.2 75.745
304.65 75.674
310.19 75.601
315.84 75.528
321.59 75.453
327.44 75.377
333.4 75.301
339.47 75.226
345.64 75.152
351.93 75.08
358.34 75.011
364.86 74.943
371.5 74.878
378.26 74.814
385.15 74.753
392.16 74.695
399.29 74.638
406.56 74.583
413.96 74.532
421.49 74.482
429.16 74.435
436.97 74.39
444.93 74.346
453.02 74.302
461.27 74.258
469.66 74.211
478.21 74.163
486.91 74.114
495.78 74.064
504.8 74.014
513.99 73.965
523.34 73.918
532.87 73.872
542.56 73.828
552.44 73.788
562.49 73.749
572.73 73.714
583.15 73.681
593.77 73.65
604.57 73.624
615.57 73.602
626.78 73.584
638.18 73.572
649.8 73.565
661.63 73.563
673.67 73.565
685.93 73.57
698.41 73.577
711.12 73.587
724.06 73.599
737.24 73.616
750.66 73.637
764.32 73.665
778.23 73.701
792.39 73.745
806.82 73.799
821.5 73.861
836.45 73.932
851.67 74.008
867.17 74.091
882.96 74.178
899.02 74.273
915.39 74.373
932.05 74.483
949.01 74.602
966.28 74.73
983.87 74.869
1001.77 75.014
1020 75.164
1038.57 75.316
1057.47 75.465
1076.71 75.608
1096.31 75.741
1116.26 75.865
1136.58 75.98
1157.26 76.09
1178.32 76.198
1199.77 76.304
1221.6 76.409
1243.84 76.511
1266.47 76.609
1289.52 76.703
1312.99 76.79
1336.89 76.875
1361.22 76.958
1385.99 77.045
1411.22 77.136
1436.9 77.232
1463.05 77.334
1489.68 77.443
1516.79 77.556
1544.4 77.675
1572.5 77.798
1601.12 77.926
1630.26 78.055
1659.93 78.185
1690.14 78.318
1720.9 78.453
1752.22 78.592
1784.11 78.738
1816.58 78.893
1849.64 79.054
1883.3 79.224
1917.58 79.398
1952.48 79.577
1988.01 79.761
2024.19 79.947
2061.03 80.137
2098.54 80.327
2136.73 80.518
2175.62 80.709
2215.22 80.903
2255.53 81.101
2296.58 81.302
2338.38 81.506
2380.94 81.713
2424.27 81.922
2468.39 82.129
2513.31 82.335
2559.05 82.542
2605.63 82.751
2653.05 82.964
2701.33 83.18
2750.5 83.396
2800.55 83.606
2851.52 83.804
2903.42 83.983
2956.26 84.138
3010.06 84.27
3064.85 84.377
3120.62 84.461
3177.42 84.52
3235.25 84.554
3294.13 84.561
3354.08 84.542
3415.12 84.501
3477.27 84.442
3540.56 84.367
3605 84.281
3670.6 84.183
3737.41 84.076
3805.43 83.958
3874.68 83.831
3945.2 83.698
4017 83.56
4090.11 83.414
4164.55 83.262
4240.34 83.1
4317.51 82.928
4396.09 82.747
4476.1 82.558
4557.56 82.361
4640.5 82.16
4724.96 81.956
4810.95 81.75
4898.51 81.546
4987.66 81.344
5078.43 81.145
5170.86 80.949
5264.97 80.76
5360.79 80.576
5458.35 80.399
5557.69 80.229
5658.84 80.068
5761.82 79.918
5866.69 79.782
5973.46 79.663
6082.17 79.569
6192.87 79.505
6305.57 79.481
6420.33 79.509
6537.18 79.599
6656.15 79.768
6777.29 80.03
6900.63 80.395
7026.22 80.867
7154.1 81.442
7284.3 82.091
7416.87 82.768
7551.85 83.402
7689.29 83.904
7829.23 84.179
7971.72 84.143
8116.8 83.745
8264.53 82.976
8414.94 81.876
8568.09 80.52
8724.02 79.005
8882.79 77.427
9044.46 75.865
9209.06 74.377
9376.66 73
9547.31 71.751
9721.07 70.636
9897.99 69.651
10078.13 68.788
10261.55 68.037
10448.3 67.39
10638.45 66.84
10832.07 66.382
11029.21 66.018
11229.94 65.753
11434.32 65.597
11642.41 65.563
11854.3 65.67
12070.04 65.932
12289.71 66.36
12513.38 66.951
12741.12 67.68
12973 68.491
13209.1 69.303
13449.5 70.004
13694.28 70.479
13943.51 70.628
14197.27 70.397
14455.66 69.795
14718.74 68.904
14986.62 67.855
15259.37 66.806
15537.08 65.902
15819.85 65.249
16107.76 64.884
16400.92 64.76
16699.41 64.744
17003.33 64.628
17312.78 64.176
17627.86 63.187
17948.68 61.551
18275.34 59.278
18607.94 56.478
18946.6 53.32
19291.42 49.967
19642.52 46.541
20000 43.098