20 81.837
20.36 81.869
20.73 81.896
21.11 81.92
21.5 81.941
21.89 81.958
22.29 81.972
22.69 81.983
23.1 81.992
23.52 81.999
23.95 82.006
24.39 82.012
24.83 82.018
25.28 82.025
25.74 82.032
26.21 82.04
26.69 82.048
27.18 82.055
27.67 82.061
28.17 82.067
28.69 82.071
29.21 82.072
29.74 82.071
30.28 82.068
30.83 82.062
31.39 82.055
31.97 82.045
32.55 82.034
33.14 82.022
33.74 82.008
34.36 81.995
34.98 81.979
35.62 81.964
36.27 81.947
36.93 81.928
37.6 81.908
38.28 81.887
38.98 81.863
39.69 81.838
40.41 81.811
41.15 81.783
41.9 81.754
42.66 81.724
43.44 81.693
44.23 81.662
45.03 81.631
45.85 81.599
46.68 81.566
47.53 81.53
48.4 81.493
49.28 81.454
50.18 81.414
51.09 81.372
52.02 81.329
52.97 81.286
53.93 81.242
54.91 81.199
55.91 81.154
56.93 81.109
57.97 81.062
59.02 81.013
60.09 80.963
61.19 80.909
62.3 80.854
63.44 80.796
64.59 80.738
65.77 80.68
66.96 80.622
68.18 80.564
69.42 80.506
70.69 80.448
71.97 80.387
73.28 80.326
74.62 80.261
75.97 80.196
77.36 80.128
78.76 80.057
80.2 79.984
81.66 79.906
83.14 79.826
84.66 79.743
86.2 79.658
87.77 79.572
89.36 79.488
90.99 79.406
92.65 79.327
94.33 79.25
96.05 79.175
97.8 79.102
99.58 79.031
101.39 78.963
103.23 78.895
105.11 78.829
107.03 78.761
108.97 78.69
110.96 78.614
112.98 78.531
115.03 78.443
117.13 78.351
119.26 78.256
121.43 78.161
123.64 78.066
125.89 77.973
128.18 77.883
130.51 77.796
132.89 77.714
135.31 77.635
137.77 77.563
140.28 77.495
142.83 77.432
145.43 77.368
148.07 77.305
150.77 77.24
153.51 77.173
156.31 77.102
159.15 77.03
162.05 76.955
165 76.878
168 76.799
171.06 76.718
174.17 76.635
177.34 76.55
180.57 76.464
183.86 76.38
187.2 76.294
190.61 76.208
194.08 76.123
197.61 76.037
201.21 75.952
204.87 75.868
208.6 75.786
212.39 75.704
216.26 75.624
220.19 75.545
224.2 75.468
228.28 75.393
232.44 75.318
236.67 75.245
240.97 75.172
245.36 75.1
249.82 75.031
254.37 74.964
259 74.899
263.71 74.838
268.51 74.778
273.4 74.72
278.38 74.663
283.44 74.609
288.6 74.555
293.85 74.501
299.2 74.445
304.65 74.387
310.19 74.327
315.84 74.266
321.59 74.204
327.44 74.144
333.4 74.085
339.47 74.028
345.64 73.974
351.93 73.921
358.34 73.87
364.86 73.821
371.5 73.775
378.26 73.73
385.15 73.688
392.16 73.648
399.29 73.611
406.56 73.576
413.96 73.543
421.49 73.512
429.16 73.484
436.97 73.458
444.93 73.435
453.02 73.412
461.27 73.388
469.66 73.363
478.21 73.336
486.91 73.308
495.78 73.281
504.8 73.253
513.99 73.228
523.34 73.205
532.87 73.184
542.56 73.167
552.44 73.153
562.49 73.141
572.73 73.132
583.15 73.126
593.77 73.122
604.57 73.121
615.57 73.126
626.78 73.135
638.18 73.15
649.8 73.17
661.63 73.196
673.67 73.226
685.93 73.26
698.41 73.295
711.12 73.332
724.06 73.372
737.24 73.415
750.66 73.462
764.32 73.517
778.23 73.579
792.39 73.648
806.82 73.727
821.5 73.812
836.45 73.905
851.67 74
867.17 74.099
882.96 74.199
899.02 74.302
915.39 74.407
932.05 74.515
949.01 74.628
966.28 74.748
983.87 74.875
1001.77 75.014
1020 75.16
1038.57 75.317
1057.47 75.483
1076.71 75.657
1096.31 75.836
1116.26 76.021
1136.58 76.211
1157.26 76.403
1178.32 76.598
1199.77 76.796
1221.6 76.993
1243.84 77.189
1266.47 77.382
1289.52 77.573
1312.99 77.763
1336.89 77.954
1361.22 78.148
1385.99 78.345
1411.22 78.549
1436.9 78.76
1463.05 78.979
1489.68 79.208
1516.79 79.449
1544.4 79.705
1572.5 79.973
1601.12 80.252
1630.26 80.541
1659.93 80.836
1690.14 81.135
1720.9 81.435
1752.22 81.735
1784.11 82.031
1816.58 82.322
1849.64 82.601
1883.3 82.864
1917.58 83.105
1952.48 83.318
1988.01 83.5
2024.19 83.648
2061.03 83.763
2098.54 83.846
2136.73 83.898
2175.62 83.924
2215.22 83.924
2255.53 83.897
2296.58 83.847
2338.38 83.775
2380.94 83.688
2424.27 83.59
2468.39 83.486
2513.31 83.374
2559.05 83.25
2605.63 83.109
2653.05 82.946
2701.33 82.757
2750.5 82.544
2800.55 82.305
2851.52 82.04
2903.42 81.752
2956.26 81.441
3010.06 81.106
3064.85 80.75
3120.62 80.382
3177.42 80.014
3235.25 79.661
3294.13 79.343
3354.08 79.074
3415.12 78.861
3477.27 78.706
3540.56 78.607
3605 78.558
3670.6 78.552
3737.41 78.581
3805.43 78.641
3874.68 78.726
3945.2 78.832
4017 78.955
4090.11 79.085
4164.55 79.208
4240.34 79.306
4317.51 79.365
4396.09 79.37
4476.1 79.317
4557.56 79.209
4640.5 79.056
4724.96 78.873
4810.95 78.672
4898.51 78.462
4987.66 78.245
5078.43 78.018
5170.86 77.779
5264.97 77.522
5360.79 77.241
5458.35 76.935
5557.69 76.607
5658.84 76.273
5761.82 75.956
5866.69 75.685
5973.46 75.48
6082.17 75.352
6192.87 75.304
6305.57 75.341
6420.33 75.468
6537.18 75.696
6656.15 76.037
6777.29 76.504
6900.63 77.106
7026.22 77.841
7154.1 78.696
7284.3 79.635
7416.87 80.599
7551.85 81.507
7689.29 82.259
7829.23 82.753
7971.72 82.91
8116.8 82.688
8264.53 82.095
8414.94 81.189
8568.09 80.058
8724.02 78.815
8882.79 77.582
9044.46 76.473
9209.06 75.579
9376.66 74.957
9547.31 74.632
9721.07 74.599
9897.99 74.831
10078.13 75.276
10261.55 75.855
10448.3 76.466
10638.45 76.988
10832.07 77.3
11029.21 77.309
11229.94 76.972
11434.32 76.31
11642.41 75.395
11854.3 74.329
12070.04 73.224
12289.71 72.183
12513.38 71.298
12741.12 70.638
12973 70.253
13209.1 70.182
13449.5 70.451
13694.28 71.074
13943.51 72.043
14197.27 73.32
14455.66 74.821
14718.74 76.427
14986.62 77.986
15259.37 79.333
15537.08 80.306
15819.85 80.763
16107.76 80.609
16400.92 79.791
16699.41 78.303
17003.33 76.181
17312.78 73.485
17627.86 70.307
17948.68 66.749
18275.34 62.915
18607.94 58.907
18946.6 54.804
19291.42 50.669
19642.52 46.535
20000 42.408