20 83.146
20.36 83.153
20.73 83.16
21.11 83.166
21.5 83.171
21.89 83.177
22.29 83.183
22.69 83.188
23.1 83.192
23.52 83.196
23.95 83.199
24.39 83.201
24.83 83.203
25.28 83.204
25.74 83.203
26.21 83.202
26.69 83.199
27.18 83.196
27.67 83.191
28.17 83.185
28.69 83.177
29.21 83.168
29.74 83.157
30.28 83.144
30.83 83.13
31.39 83.114
31.97 83.096
32.55 83.076
33.14 83.054
33.74 83.03
34.36 83.004
34.98 82.977
35.62 82.947
36.27 82.915
36.93 82.882
37.6 82.847
38.28 82.811
38.98 82.773
39.69 82.734
40.41 82.693
41.15 82.651
41.9 82.608
42.66 82.564
43.44 82.519
44.23 82.474
45.03 82.427
45.85 82.379
46.68 82.331
47.53 82.282
48.4 82.232
49.28 82.181
50.18 82.13
51.09 82.077
52.02 82.024
52.97 81.969
53.93 81.913
54.91 81.856
55.91 81.797
56.93 81.737
57.97 81.675
59.02 81.612
60.09 81.548
61.19 81.482
62.3 81.414
63.44 81.346
64.59 81.276
65.77 81.206
66.96 81.135
68.18 81.063
69.42 80.991
70.69 80.918
71.97 80.845
73.28 80.772
74.62 80.698
75.97 80.624
77.36 80.548
78.76 80.472
80.2 80.393
81.66 80.312
83.14 80.229
84.66 80.143
86.2 80.055
87.77 79.963
89.36 79.869
90.99 79.774
92.65 79.679
94.33 79.582
96.05 79.486
97.8 79.39
99.58 79.296
101.39 79.202
103.23 79.11
105.11 79.018
107.03 78.927
108.97 78.837
110.96 78.746
112.98 78.657
115.03 78.566
117.13 78.474
119.26 78.381
121.43 78.286
123.64 78.187
125.89 78.086
128.18 77.982
130.51 77.877
132.89 77.772
135.31 77.669
137.77 77.568
140.28 77.471
142.83 77.377
145.43 77.288
148.07 77.202
150.77 77.12
153.51 77.041
156.31 76.965
159.15 76.888
162.05 76.812
165 76.733
168 76.651
171.06 76.567
174.17 76.48
177.34 76.391
180.57 76.301
183.86 76.209
187.2 76.116
190.61 76.023
194.08 75.929
197.61 75.835
201.21 75.744
204.87 75.653
208.6 75.565
212.39 75.48
216.26 75.398
220.19 75.321
224.2 75.248
228.28 75.179
232.44 75.114
236.67 75.051
240.97 74.988
245.36 74.925
249.82 74.86
254.37 74.794
259 74.728
263.71 74.662
268.51 74.595
273.4 74.529
278.38 74.463
283.44 74.397
288.6 74.333
293.85 74.268
299.2 74.204
304.65 74.138
310.19 74.073
315.84 74.007
321.59 73.942
327.44 73.876
333.4 73.812
339.47 73.749
345.64 73.688
351.93 73.629
358.34 73.572
364.86 73.517
371.5 73.463
378.26 73.412
385.15 73.362
392.16 73.314
399.29 73.268
406.56 73.223
413.96 73.181
421.49 73.142
429.16 73.104
436.97 73.069
444.93 73.036
453.02 73.004
461.27 72.971
469.66 72.937
478.21 72.903
486.91 72.867
495.78 72.833
504.8 72.8
513.99 72.769
523.34 72.74
532.87 72.716
542.56 72.696
552.44 72.68
562.49 72.67
572.73 72.664
583.15 72.664
593.77 72.669
604.57 72.682
615.57 72.703
626.78 72.732
638.18 72.77
649.8 72.816
661.63 72.872
673.67 72.934
685.93 73
698.41 73.07
711.12 73.141
724.06 73.212
737.24 73.285
750.66 73.358
764.32 73.434
778.23 73.512
792.39 73.595
806.82 73.682
821.5 73.776
836.45 73.875
851.67 73.978
867.17 74.085
882.96 74.194
899.02 74.304
915.39 74.417
932.05 74.53
949.01 74.645
966.28 74.763
983.87 74.885
1001.77 75.012
1020 75.145
1038.57 75.282
1057.47 75.424
1076.71 75.568
1096.31 75.714
1116.26 75.86
1136.58 76.007
1157.26 76.155
1178.32 76.304
1199.77 76.454
1221.6 76.602
1243.84 76.748
1266.47 76.89
1289.52 77.028
1312.99 77.162
1336.89 77.293
1361.22 77.423
1385.99 77.557
1411.22 77.695
1436.9 77.838
1463.05 77.985
1489.68 78.134
1516.79 78.286
1544.4 78.441
1572.5 78.598
1601.12 78.757
1630.26 78.915
1659.93 79.07
1690.14 79.224
1720.9 79.376
1752.22 79.53
1784.11 79.688
1816.58 79.851
1849.64 80.021
1883.3 80.198
1917.58 80.382
1952.48 80.57
1988.01 80.76
2024.19 80.949
2061.03 81.135
2098.54 81.315
2136.73 81.487
2175.62 81.655
2215.22 81.817
2255.53 81.976
2296.58 82.132
2338.38 82.284
2380.94 82.428
2424.27 82.56
2468.39 82.673
2513.31 82.763
2559.05 82.831
2605.63 82.876
2653.05 82.903
2701.33 82.917
2750.5 82.923
2800.55 82.926
2851.52 82.932
2903.42 82.945
2956.26 82.968
3010.06 83.001
3064.85 83.044
3120.62 83.093
3177.42 83.142
3235.25 83.186
3294.13 83.221
3354.08 83.244
3415.12 83.257
3477.27 83.263
3540.56 83.265
3605 83.268
3670.6 83.272
3737.41 83.276
3805.43 83.276
3874.68 83.268
3945.2 83.247
4017 83.203
4090.11 83.128
4164.55 83.01
4240.34 82.841
4317.51 82.611
4396.09 82.316
4476.1 81.953
4557.56 81.52
4640.5 81.022
4724.96 80.466
4810.95 79.863
4898.51 79.225
4987.66 78.572
5078.43 77.923
5170.86 77.302
5264.97 76.737
5360.79 76.25
5458.35 75.867
5557.69 75.602
5658.84 75.461
5761.82 75.437
5866.69 75.511
5973.46 75.654
6082.17 75.839
6192.87 76.039
6305.57 76.239
6420.33 76.434
6537.18 76.638
6656.15 76.87
6777.29 77.157
6900.63 77.527
7026.22 78.001
7154.1 78.583
7284.3 79.263
7416.87 80.001
7551.85 80.737
7689.29 81.384
7829.23 81.845
7971.72 82.022
8116.8 81.841
8264.53 81.266
8414.94 80.314
8568.09 79.05
8724.02 77.571
8882.79 75.989
9044.46 74.41
9209.06 72.92
9376.66 71.597
9547.31 70.499
9721.07 69.677
9897.99 69.168
10078.13 68.986
10261.55 69.112
10448.3 69.49
10638.45 70.038
10832.07 70.664
11029.21 71.284
11229.94 71.827
11434.32 72.236
11642.41 72.463
11854.3 72.474
12070.04 72.258
12289.71 71.826
12513.38 71.213
12741.12 70.479
12973 69.705
13209.1 68.983
13449.5 68.408
13694.28 68.051
13943.51 67.951
14197.27 68.107
14455.66 68.475
14718.74 68.973
14986.62 69.474
15259.37 69.82
15537.08 69.833
15819.85 69.361
16107.76 68.313
16400.92 66.701
16699.41 64.633
17003.33 62.297
17312.78 59.901
17627.86 57.63
17948.68 55.61
18275.34 53.902
18607.94 52.508
18946.6 51.382
19291.42 50.45
19642.52 49.626
20000 48.837