20 83.138
20.36 83.128
20.73 83.12
21.11 83.111
21.5 83.101
21.89 83.091
22.29 83.082
22.69 83.072
23.1 83.061
23.52 83.051
23.95 83.039
24.39 83.027
24.83 83.014
25.28 83.001
25.74 82.987
26.21 82.973
26.69 82.957
27.18 82.941
27.67 82.924
28.17 82.906
28.69 82.887
29.21 82.867
29.74 82.845
30.28 82.823
30.83 82.799
31.39 82.775
31.97 82.749
32.55 82.722
33.14 82.692
33.74 82.662
34.36 82.63
34.98 82.597
35.62 82.563
36.27 82.527
36.93 82.49
37.6 82.451
38.28 82.412
38.98 82.371
39.69 82.329
40.41 82.287
41.15 82.243
41.9 82.198
42.66 82.152
43.44 82.105
44.23 82.057
45.03 82.008
45.85 81.959
46.68 81.908
47.53 81.857
48.4 81.805
49.28 81.752
50.18 81.698
51.09 81.643
52.02 81.586
52.97 81.528
53.93 81.47
54.91 81.41
55.91 81.348
56.93 81.286
57.97 81.221
59.02 81.156
60.09 81.089
61.19 81.02
62.3 80.95
63.44 80.879
64.59 80.806
65.77 80.733
66.96 80.659
68.18 80.583
69.42 80.508
70.69 80.431
71.97 80.354
73.28 80.277
74.62 80.199
75.97 80.12
77.36 80.04
78.76 79.96
80.2 79.878
81.66 79.794
83.14 79.709
84.66 79.623
86.2 79.535
87.77 79.446
89.36 79.355
90.99 79.265
92.65 79.174
94.33 79.085
96.05 78.996
97.8 78.91
99.58 78.825
101.39 78.742
103.23 78.66
105.11 78.58
107.03 78.498
108.97 78.416
110.96 78.333
112.98 78.247
115.03 78.161
117.13 78.073
119.26 77.985
121.43 77.896
123.64 77.808
125.89 77.721
128.18 77.634
130.51 77.549
132.89 77.463
135.31 77.379
137.77 77.294
140.28 77.21
142.83 77.128
145.43 77.046
148.07 76.967
150.77 76.89
153.51 76.815
156.31 76.742
159.15 76.671
162.05 76.599
165 76.528
168 76.456
171.06 76.383
174.17 76.309
177.34 76.233
180.57 76.155
183.86 76.076
187.2 75.996
190.61 75.915
194.08 75.833
197.61 75.752
201.21 75.671
204.87 75.589
208.6 75.508
212.39 75.428
216.26 75.347
220.19 75.267
224.2 75.188
228.28 75.111
232.44 75.034
236.67 74.961
240.97 74.89
245.36 74.821
249.82 74.754
254.37 74.69
259 74.628
263.71 74.568
268.51 74.512
273.4 74.457
278.38 74.404
283.44 74.353
288.6 74.304
293.85 74.254
299.2 74.206
304.65 74.157
310.19 74.108
315.84 74.06
321.59 74.01
327.44 73.961
333.4 73.913
339.47 73.865
345.64 73.819
351.93 73.774
358.34 73.729
364.86 73.686
371.5 73.645
378.26 73.606
385.15 73.568
392.16 73.532
399.29 73.499
406.56 73.469
413.96 73.44
421.49 73.415
429.16 73.392
436.97 73.372
444.93 73.352
453.02 73.334
461.27 73.316
469.66 73.296
478.21 73.276
486.91 73.256
495.78 73.235
504.8 73.216
513.99 73.197
523.34 73.182
532.87 73.169
542.56 73.158
552.44 73.151
562.49 73.147
572.73 73.147
583.15 73.148
593.77 73.153
604.57 73.16
615.57 73.17
626.78 73.183
638.18 73.199
649.8 73.216
661.63 73.234
673.67 73.25
685.93 73.264
698.41 73.274
711.12 73.281
724.06 73.285
737.24 73.291
750.66 73.301
764.32 73.318
778.23 73.346
792.39 73.388
806.82 73.445
821.5 73.518
836.45 73.606
851.67 73.707
867.17 73.818
882.96 73.939
899.02 74.067
915.39 74.204
932.05 74.349
949.01 74.503
966.28 74.666
983.87 74.837
1001.77 75.018
1020 75.204
1038.57 75.397
1057.47 75.594
1076.71 75.794
1096.31 75.993
1116.26 76.193
1136.58 76.392
1157.26 76.593
1178.32 76.793
1199.77 76.993
1221.6 77.192
1243.84 77.388
1266.47 77.58
1289.52 77.766
1312.99 77.95
1336.89 78.13
1361.22 78.312
1385.99 78.499
1411.22 78.692
1436.9 78.892
1463.05 79.099
1489.68 79.312
1516.79 79.531
1544.4 79.757
1572.5 79.989
1601.12 80.227
1630.26 80.466
1659.93 80.707
1690.14 80.948
1720.9 81.189
1752.22 81.429
1784.11 81.667
1816.58 81.903
1849.64 82.132
1883.3 82.353
1917.58 82.562
1952.48 82.758
1988.01 82.936
2024.19 83.095
2061.03 83.233
2098.54 83.346
2136.73 83.435
2175.62 83.499
2215.22 83.541
2255.53 83.563
2296.58 83.567
2338.38 83.555
2380.94 83.533
2424.27 83.501
2468.39 83.463
2513.31 83.425
2559.05 83.391
2605.63 83.366
2653.05 83.354
2701.33 83.356
2750.5 83.37
2800.55 83.392
2851.52 83.418
2903.42 83.444
2956.26 83.47
3010.06 83.498
3064.85 83.53
3120.62 83.565
3177.42 83.605
3235.25 83.642
3294.13 83.669
3354.08 83.678
3415.12 83.659
3477.27 83.605
3540.56 83.507
3605 83.359
3670.6 83.157
3737.41 82.896
3805.43 82.576
3874.68 82.202
3945.2 81.778
4017 81.313
4090.11 80.817
4164.55 80.299
4240.34 79.768
4317.51 79.238
4396.09 78.721
4476.1 78.228
4557.56 77.766
4640.5 77.346
4724.96 76.974
4810.95 76.658
4898.51 76.403
4987.66 76.213
5078.43 76.09
5170.86 76.032
5264.97 76.04
5360.79 76.11
5458.35 76.235
5557.69 76.406
5658.84 76.616
5761.82 76.85
5866.69 77.096
5973.46 77.341
6082.17 77.574
6192.87 77.784
6305.57 77.965
6420.33 78.119
6537.18 78.253
6656.15 78.383
6777.29 78.535
6900.63 78.738
7026.22 79.023
7154.1 79.409
7284.3 79.899
7416.87 80.463
7551.85 81.034
7689.29 81.507
7829.23 81.756
7971.72 81.662
8116.8 81.145
8264.53 80.193
8414.94 78.87
8568.09 77.308
8724.02 75.676
8882.79 74.141
9044.46 72.842
9209.06 71.86
9376.66 71.209
9547.31 70.827
9721.07 70.587
9897.99 70.323
10078.13 69.882
10261.55 69.179
10448.3 68.204
10638.45 67.011
10832.07 65.669
11029.21 64.249
11229.94 62.807
11434.32 61.404
11642.41 60.094
11854.3 58.938
12070.04 57.994
12289.71 57.321
12513.38 56.957
12741.12 56.92
12973 57.191
13209.1 57.73
13449.5 58.486
13694.28 59.404
13943.51 60.425
14197.27 61.486
14455.66 62.529
14718.74 63.518
14986.62 64.437
15259.37 65.291
15537.08 66.077
15819.85 66.756
16107.76 67.224
16400.92 67.31
16699.41 66.81
17003.33 65.542
17312.78 63.407
17627.86 60.431
17948.68 56.767
18275.34 52.659
18607.94 48.395
18946.6 44.224
19291.42 40.28
19642.52 36.537
20000 32.873