20 81.287
20.36 81.308
20.73 81.329
21.11 81.35
21.5 81.371
21.89 81.391
22.29 81.412
22.69 81.431
23.1 81.45
23.52 81.47
23.95 81.488
24.39 81.506
24.83 81.523
25.28 81.539
25.74 81.555
26.21 81.569
26.69 81.583
27.18 81.596
27.67 81.608
28.17 81.618
28.69 81.628
29.21 81.636
29.74 81.643
30.28 81.648
30.83 81.653
31.39 81.655
31.97 81.656
32.55 81.656
33.14 81.653
33.74 81.65
34.36 81.644
34.98 81.637
35.62 81.629
36.27 81.619
36.93 81.608
37.6 81.596
38.28 81.582
38.98 81.567
39.69 81.551
40.41 81.535
41.15 81.518
41.9 81.5
42.66 81.481
43.44 81.462
44.23 81.442
45.03 81.422
45.85 81.402
46.68 81.381
47.53 81.359
48.4 81.338
49.28 81.316
50.18 81.293
51.09 81.27
52.02 81.246
52.97 81.221
53.93 81.196
54.91 81.17
55.91 81.142
56.93 81.114
57.97 81.085
59.02 81.053
60.09 81.022
61.19 80.989
62.3 80.955
63.44 80.919
64.59 80.883
65.77 80.844
66.96 80.805
68.18 80.765
69.42 80.722
70.69 80.679
71.97 80.634
73.28 80.588
74.62 80.54
75.97 80.492
77.36 80.441
78.76 80.39
80.2 80.338
81.66 80.285
83.14 80.23
84.66 80.174
86.2 80.118
87.77 80.061
89.36 80.002
90.99 79.942
92.65 79.881
94.33 79.819
96.05 79.755
97.8 79.69
99.58 79.623
101.39 79.555
103.23 79.486
105.11 79.417
107.03 79.347
108.97 79.277
110.96 79.208
112.98 79.139
115.03 79.069
117.13 79
119.26 78.931
121.43 78.862
123.64 78.793
125.89 78.723
128.18 78.653
130.51 78.583
132.89 78.511
135.31 78.44
137.77 78.367
140.28 78.294
142.83 78.219
145.43 78.144
148.07 78.068
150.77 77.991
153.51 77.913
156.31 77.834
159.15 77.756
162.05 77.678
165 77.599
168 77.521
171.06 77.443
174.17 77.365
177.34 77.287
180.57 77.209
183.86 77.131
187.2 77.053
190.61 76.975
194.08 76.896
197.61 76.817
201.21 76.739
204.87 76.66
208.6 76.583
212.39 76.504
216.26 76.426
220.19 76.347
224.2 76.27
228.28 76.193
232.44 76.117
236.67 76.041
240.97 75.966
245.36 75.892
249.82 75.819
254.37 75.748
259 75.68
263.71 75.614
268.51 75.55
273.4 75.489
278.38 75.43
283.44 75.373
288.6 75.316
293.85 75.26
299.2 75.204
304.65 75.147
310.19 75.088
315.84 75.029
321.59 74.97
327.44 74.91
333.4 74.852
339.47 74.794
345.64 74.737
351.93 74.682
358.34 74.626
364.86 74.572
371.5 74.518
378.26 74.466
385.15 74.417
392.16 74.368
399.29 74.323
406.56 74.279
413.96 74.237
421.49 74.197
429.16 74.16
436.97 74.123
444.93 74.088
453.02 74.052
461.27 74.017
469.66 73.98
478.21 73.941
486.91 73.902
495.78 73.863
504.8 73.826
513.99 73.789
523.34 73.755
532.87 73.723
542.56 73.694
552.44 73.667
562.49 73.643
572.73 73.623
583.15 73.606
593.77 73.593
604.57 73.585
615.57 73.581
626.78 73.582
638.18 73.587
649.8 73.595
661.63 73.604
673.67 73.611
685.93 73.613
698.41 73.607
711.12 73.594
724.06 73.577
737.24 73.564
750.66 73.564
764.32 73.585
778.23 73.631
792.39 73.698
806.82 73.78
821.5 73.873
836.45 73.969
851.67 74.064
867.17 74.159
882.96 74.251
899.02 74.345
915.39 74.441
932.05 74.54
949.01 74.646
966.28 74.758
983.87 74.88
1001.77 75.013
1020 75.161
1038.57 75.325
1057.47 75.504
1076.71 75.698
1096.31 75.907
1116.26 76.127
1136.58 76.357
1157.26 76.594
1178.32 76.833
1199.77 77.07
1221.6 77.302
1243.84 77.524
1266.47 77.733
1289.52 77.932
1312.99 78.123
1336.89 78.31
1361.22 78.494
1385.99 78.679
1411.22 78.863
1436.9 79.047
1463.05 79.228
1489.68 79.402
1516.79 79.568
1544.4 79.727
1572.5 79.879
1601.12 80.028
1630.26 80.175
1659.93 80.32
1690.14 80.465
1720.9 80.614
1752.22 80.765
1784.11 80.925
1816.58 81.091
1849.64 81.264
1883.3 81.439
1917.58 81.62
1952.48 81.807
1988.01 82.005
2024.19 82.219
2061.03 82.455
2098.54 82.719
2136.73 83.013
2175.62 83.334
2215.22 83.67
2255.53 84.007
2296.58 84.327
2338.38 84.613
2380.94 84.858
2424.27 85.056
2468.39 85.209
2513.31 85.32
2559.05 85.392
2605.63 85.431
2653.05 85.44
2701.33 85.422
2750.5 85.378
2800.55 85.312
2851.52 85.224
2903.42 85.118
2956.26 84.993
3010.06 84.856
3064.85 84.705
3120.62 84.547
3177.42 84.382
3235.25 84.213
3294.13 84.045
3354.08 83.883
3415.12 83.735
3477.27 83.61
3540.56 83.517
3605 83.462
3670.6 83.446
3737.41 83.471
3805.43 83.533
3874.68 83.63
3945.2 83.76
4017 83.923
4090.11 84.116
4164.55 84.341
4240.34 84.598
4317.51 84.883
4396.09 85.191
4476.1 85.511
4557.56 85.818
4640.5 86.085
4724.96 86.277
4810.95 86.364
4898.51 86.318
4987.66 86.13
5078.43 85.8
5170.86 85.346
5264.97 84.798
5360.79 84.185
5458.35 83.539
5557.69 82.884
5658.84 82.241
5761.82 81.624
5866.69 81.047
5973.46 80.517
6082.17 80.043
6192.87 79.634
6305.57 79.298
6420.33 79.044
6537.18 78.884
6656.15 78.828
6777.29 78.889
6900.63 79.077
7026.22 79.399
7154.1 79.851
7284.3 80.416
7416.87 81.053
7551.85 81.697
7689.29 82.261
7829.23 82.644
7971.72 82.752
8116.8 82.517
8264.53 81.911
8414.94 80.958
8568.09 79.727
8724.02 78.31
8882.79 76.808
9044.46 75.309
9209.06 73.882
9376.66 72.575
9547.31 71.424
9721.07 70.458
9897.99 69.708
10078.13 69.216
10261.55 69.032
10448.3 69.219
10638.45 69.825
10832.07 70.874
11029.21 72.323
11229.94 74.051
11434.32 75.847
11642.41 77.453
11854.3 78.604
12070.04 79.097
12289.71 78.828
12513.38 77.822
12741.12 76.228
12973 74.282
13209.1 72.241
13449.5 70.347
13694.28 68.784
13943.51 67.677
14197.27 67.081
14455.66 66.985
14718.74 67.305
14986.62 67.88
15259.37 68.469
15537.08 68.791
15819.85 68.589
16107.76 67.698
16400.92 66.099
16699.41 63.913
17003.33 61.359
17312.78 58.674
17627.86 56.05
17948.68 53.604
18275.34 51.364
18607.94 49.299
18946.6 47.35
19291.42 45.456
19642.52 43.582
20000 41.707