20 83.956
20.36 83.956
20.73 83.955
21.11 83.955
21.5 83.954
21.89 83.953
22.29 83.951
22.69 83.949
23.1 83.947
23.52 83.944
23.95 83.94
24.39 83.937
24.83 83.932
25.28 83.927
25.74 83.921
26.21 83.914
26.69 83.906
27.18 83.897
27.67 83.887
28.17 83.876
28.69 83.864
29.21 83.85
29.74 83.835
30.28 83.819
30.83 83.802
31.39 83.783
31.97 83.762
32.55 83.741
33.14 83.717
33.74 83.691
34.36 83.663
34.98 83.635
35.62 83.605
36.27 83.573
36.93 83.539
37.6 83.505
38.28 83.468
38.98 83.431
39.69 83.392
40.41 83.352
41.15 83.311
41.9 83.269
42.66 83.225
43.44 83.181
44.23 83.135
45.03 83.088
45.85 83.041
46.68 82.993
47.53 82.944
48.4 82.893
49.28 82.842
50.18 82.791
51.09 82.738
52.02 82.686
52.97 82.632
53.93 82.578
54.91 82.523
55.91 82.467
56.93 82.411
57.97 82.354
59.02 82.297
60.09 82.239
61.19 82.181
62.3 82.121
63.44 82.062
64.59 82.002
65.77 81.94
66.96 81.879
68.18 81.816
69.42 81.752
70.69 81.687
71.97 81.621
73.28 81.554
74.62 81.485
75.97 81.416
77.36 81.344
78.76 81.271
80.2 81.195
81.66 81.118
83.14 81.039
84.66 80.957
86.2 80.873
87.77 80.787
89.36 80.698
90.99 80.608
92.65 80.517
94.33 80.425
96.05 80.331
97.8 80.238
99.58 80.143
101.39 80.047
103.23 79.952
105.11 79.857
107.03 79.762
108.97 79.666
110.96 79.572
112.98 79.477
115.03 79.382
117.13 79.288
119.26 79.193
121.43 79.099
123.64 79.006
125.89 78.911
128.18 78.818
130.51 78.723
132.89 78.628
135.31 78.532
137.77 78.435
140.28 78.335
142.83 78.236
145.43 78.137
148.07 78.038
150.77 77.941
153.51 77.845
156.31 77.752
159.15 77.663
162.05 77.578
165 77.498
168 77.422
171.06 77.348
174.17 77.275
177.34 77.202
180.57 77.127
183.86 77.049
187.2 76.968
190.61 76.884
194.08 76.796
197.61 76.706
201.21 76.615
204.87 76.523
208.6 76.432
212.39 76.342
216.26 76.252
220.19 76.163
224.2 76.075
228.28 75.99
232.44 75.906
236.67 75.824
240.97 75.743
245.36 75.664
249.82 75.586
254.37 75.512
259 75.44
263.71 75.37
268.51 75.304
273.4 75.239
278.38 75.178
283.44 75.117
288.6 75.058
293.85 75
299.2 74.941
304.65 74.881
310.19 74.821
315.84 74.759
321.59 74.698
327.44 74.636
333.4 74.576
339.47 74.515
345.64 74.455
351.93 74.394
358.34 74.335
364.86 74.277
371.5 74.219
378.26 74.164
385.15 74.111
392.16 74.061
399.29 74.013
406.56 73.969
413.96 73.928
421.49 73.889
429.16 73.853
436.97 73.818
444.93 73.785
453.02 73.753
461.27 73.721
469.66 73.69
478.21 73.656
486.91 73.625
495.78 73.593
504.8 73.562
513.99 73.532
523.34 73.505
532.87 73.481
542.56 73.459
552.44 73.44
562.49 73.425
572.73 73.414
583.15 73.407
593.77 73.404
604.57 73.407
615.57 73.416
626.78 73.431
638.18 73.449
649.8 73.472
661.63 73.495
673.67 73.513
685.93 73.522
698.41 73.518
711.12 73.501
724.06 73.475
737.24 73.451
750.66 73.441
764.32 73.453
778.23 73.493
792.39 73.557
806.82 73.641
821.5 73.735
836.45 73.838
851.67 73.944
867.17 74.05
882.96 74.157
899.02 74.265
915.39 74.375
932.05 74.488
949.01 74.605
966.28 74.73
983.87 74.865
1001.77 75.015
1020 75.182
1038.57 75.372
1057.47 75.58
1076.71 75.806
1096.31 76.047
1116.26 76.294
1136.58 76.542
1157.26 76.788
1178.32 77.029
1199.77 77.263
1221.6 77.493
1243.84 77.715
1266.47 77.933
1289.52 78.148
1312.99 78.366
1336.89 78.589
1361.22 78.819
1385.99 79.058
1411.22 79.306
1436.9 79.56
1463.05 79.817
1489.68 80.074
1516.79 80.332
1544.4 80.592
1572.5 80.859
1601.12 81.138
1630.26 81.429
1659.93 81.731
1690.14 82.042
1720.9 82.356
1752.22 82.678
1784.11 83.01
1816.58 83.361
1849.64 83.741
1883.3 84.159
1917.58 84.627
1952.48 85.15
1988.01 85.725
2024.19 86.339
2061.03 86.973
2098.54 87.604
2136.73 88.212
2175.62 88.778
2215.22 89.284
2255.53 89.719
2296.58 90.068
2338.38 90.316
2380.94 90.454
2424.27 90.474
2468.39 90.377
2513.31 90.171
2559.05 89.876
2605.63 89.514
2653.05 89.11
2701.33 88.68
2750.5 88.24
2800.55 87.802
2851.52 87.374
2903.42 86.959
2956.26 86.561
3010.06 86.18
3064.85 85.82
3120.62 85.481
3177.42 85.167
3235.25 84.88
3294.13 84.621
3354.08 84.393
3415.12 84.2
3477.27 84.052
3540.56 83.953
3605 83.911
3670.6 83.927
3737.41 84.003
3805.43 84.142
3874.68 84.346
3945.2 84.622
4017 84.978
4090.11 85.423
4164.55 85.961
4240.34 86.595
4317.51 87.319
4396.09 88.112
4476.1 88.933
4557.56 89.725
4640.5 90.41
4724.96 90.905
4810.95 91.138
4898.51 91.064
4987.66 90.67
5078.43 89.979
5170.86 89.048
5264.97 87.954
5360.79 86.775
5458.35 85.579
5557.69 84.422
5658.84 83.339
5761.82 82.355
5866.69 81.483
5973.46 80.723
6082.17 80.078
6192.87 79.546
6305.57 79.129
6420.33 78.831
6537.18 78.66
6656.15 78.633
6777.29 78.765
6900.63 79.079
7026.22 79.588
7154.1 80.291
7284.3 81.164
7416.87 82.142
7551.85 83.118
7689.29 83.947
7829.23 84.467
7971.72 84.539
8116.8 84.083
8264.53 83.098
8414.94 81.67
8568.09 79.94
8724.02 78.069
8882.79 76.196
9044.46 74.429
9209.06 72.834
9376.66 71.446
9547.31 70.28
9721.07 69.341
9897.99 68.645
10078.13 68.213
10261.55 68.087
10448.3 68.313
10638.45 68.933
10832.07 69.963
11029.21 71.36
11229.94 72.997
11434.32 74.659
11642.41 76.076
11854.3 76.989
12070.04 77.21
12289.71 76.677
12513.38 75.461
12741.12 73.745
12973 71.779
13209.1 69.819
13449.5 68.086
13694.28 66.747
13943.51 65.907
14197.27 65.599
14455.66 65.781
14718.74 66.324
14986.62 67.008
15259.37 67.542
15537.08 67.622
15819.85 67.013
16107.76 65.625
16400.92 63.536
16699.41 60.957
17003.33 58.16
17312.78 55.4
17627.86 52.857
17948.68 50.619
18275.34 48.682
18607.94 46.991
18946.6 45.461
19291.42 44.015
19642.52 42.599
20000 41.183