20 88.535
20.36 88.495
20.73 88.455
21.11 88.415
21.5 88.375
21.89 88.335
22.29 88.293
22.69 88.252
23.1 88.21
23.52 88.168
23.95 88.125
24.39 88.081
24.83 88.037
25.28 87.991
25.74 87.945
26.21 87.898
26.69 87.85
27.18 87.801
27.67 87.751
28.17 87.699
28.69 87.645
29.21 87.591
29.74 87.536
30.28 87.478
30.83 87.419
31.39 87.359
31.97 87.296
32.55 87.231
33.14 87.165
33.74 87.098
34.36 87.028
34.98 86.956
35.62 86.883
36.27 86.807
36.93 86.731
37.6 86.653
38.28 86.574
38.98 86.492
39.69 86.411
40.41 86.327
41.15 86.243
41.9 86.157
42.66 86.071
43.44 85.983
44.23 85.895
45.03 85.805
45.85 85.716
46.68 85.625
47.53 85.534
48.4 85.442
49.28 85.348
50.18 85.254
51.09 85.16
52.02 85.064
52.97 84.966
53.93 84.868
54.91 84.769
55.91 84.667
56.93 84.565
57.97 84.461
59.02 84.356
60.09 84.249
61.19 84.141
62.3 84.032
63.44 83.924
64.59 83.815
65.77 83.706
66.96 83.599
68.18 83.493
69.42 83.387
70.69 83.284
71.97 83.182
73.28 83.083
74.62 82.985
75.97 82.888
77.36 82.792
78.76 82.696
80.2 82.599
81.66 82.501
83.14 82.402
84.66 82.302
86.2 82.198
87.77 82.093
89.36 81.985
90.99 81.875
92.65 81.762
94.33 81.648
96.05 81.53
97.8 81.411
99.58 81.289
101.39 81.166
103.23 81.041
105.11 80.915
107.03 80.789
108.97 80.661
110.96 80.534
112.98 80.407
115.03 80.282
117.13 80.159
119.26 80.04
121.43 79.925
123.64 79.812
125.89 79.706
128.18 79.603
130.51 79.503
132.89 79.405
135.31 79.307
137.77 79.209
140.28 79.109
142.83 79.009
145.43 78.907
148.07 78.803
150.77 78.698
153.51 78.593
156.31 78.486
159.15 78.379
162.05 78.273
165 78.167
168 78.063
171.06 77.958
174.17 77.855
177.34 77.753
180.57 77.651
183.86 77.55
187.2 77.448
190.61 77.347
194.08 77.245
197.61 77.145
201.21 77.043
204.87 76.943
208.6 76.844
212.39 76.745
216.26 76.645
220.19 76.547
224.2 76.451
228.28 76.356
232.44 76.262
236.67 76.17
240.97 76.079
245.36 75.989
249.82 75.902
254.37 75.818
259 75.738
263.71 75.661
268.51 75.587
273.4 75.516
278.38 75.447
283.44 75.382
288.6 75.317
293.85 75.255
299.2 75.191
304.65 75.127
310.19 75.063
315.84 74.996
321.59 74.929
327.44 74.862
333.4 74.796
339.47 74.728
345.64 74.662
351.93 74.596
358.34 74.531
364.86 74.468
371.5 74.404
378.26 74.344
385.15 74.286
392.16 74.23
399.29 74.178
406.56 74.13
413.96 74.084
421.49 74.041
429.16 74.003
436.97 73.966
444.93 73.931
453.02 73.895
461.27 73.86
469.66 73.823
478.21 73.784
486.91 73.745
495.78 73.706
504.8 73.667
513.99 73.63
523.34 73.594
532.87 73.562
542.56 73.533
552.44 73.508
562.49 73.487
572.73 73.471
583.15 73.46
593.77 73.455
604.57 73.456
615.57 73.463
626.78 73.477
638.18 73.497
649.8 73.521
661.63 73.548
673.67 73.572
685.93 73.591
698.41 73.598
711.12 73.593
724.06 73.578
737.24 73.556
750.66 73.541
764.32 73.542
778.23 73.566
792.39 73.612
806.82 73.678
821.5 73.758
836.45 73.849
851.67 73.947
867.17 74.049
882.96 74.154
899.02 74.261
915.39 74.372
932.05 74.488
949.01 74.609
966.28 74.736
983.87 74.87
1001.77 75.014
1020 75.17
1038.57 75.339
1057.47 75.519
1076.71 75.712
1096.31 75.915
1116.26 76.126
1136.58 76.343
1157.26 76.562
1178.32 76.78
1199.77 76.996
1221.6 77.207
1243.84 77.412
1266.47 77.609
1289.52 77.801
1312.99 77.991
1336.89 78.181
1361.22 78.374
1385.99 78.569
1411.22 78.768
1436.9 78.967
1463.05 79.164
1489.68 79.356
1516.79 79.54
1544.4 79.718
1572.5 79.889
1601.12 80.058
1630.26 80.224
1659.93 80.387
1690.14 80.547
1720.9 80.705
1752.22 80.862
1784.11 81.023
1816.58 81.19
1849.64 81.363
1883.3 81.545
1917.58 81.736
1952.48 81.936
1988.01 82.146
2024.19 82.363
2061.03 82.587
2098.54 82.82
2136.73 83.058
2175.62 83.3
2215.22 83.545
2255.53 83.787
2296.58 84.018
2338.38 84.236
2380.94 84.436
2424.27 84.612
2468.39 84.761
2513.31 84.877
2559.05 84.962
2605.63 85.019
2653.05 85.049
2701.33 85.053
2750.5 85.032
2800.55 84.988
2851.52 84.921
2903.42 84.834
2956.26 84.73
3010.06 84.614
3064.85 84.491
3120.62 84.368
3177.42 84.245
3235.25 84.127
3294.13 84.013
3354.08 83.91
3415.12 83.82
3477.27 83.754
3540.56 83.719
3605 83.724
3670.6 83.773
3737.41 83.866
3805.43 84.002
3874.68 84.18
3945.2 84.401
4017 84.664
4090.11 84.971
4164.55 85.321
4240.34 85.714
4317.51 86.144
4396.09 86.597
4476.1 87.048
4557.56 87.458
4640.5 87.773
4724.96 87.939
4810.95 87.906
4898.51 87.643
4987.66 87.145
5078.43 86.443
5170.86 85.587
5264.97 84.646
5360.79 83.682
5458.35 82.743
5557.69 81.864
5658.84 81.06
5761.82 80.341
5866.69 79.707
5973.46 79.158
6082.17 78.692
6192.87 78.307
6305.57 78.009
6420.33 77.8
6537.18 77.688
6656.15 77.684
6777.29 77.801
6900.63 78.049
7026.22 78.435
7154.1 78.957
7284.3 79.595
7416.87 80.308
7551.85 81.027
7689.29 81.66
7829.23 82.101
7971.72 82.252
8116.8 82.037
8264.53 81.432
8414.94 80.463
8568.09 79.203
8724.02 77.757
8882.79 76.231
9044.46 74.718
9209.06 73.29
9376.66 71.999
9547.31 70.878
9721.07 69.955
9897.99 69.259
10078.13 68.825
10261.55 68.707
10448.3 68.959
10638.45 69.629
10832.07 70.735
11029.21 72.228
11229.94 73.971
11434.32 75.731
11642.41 77.224
11854.3 78.181
12070.04 78.414
12289.71 77.858
12513.38 76.589
12741.12 74.797
12973 72.732
13209.1 70.65
13449.5 68.77
13694.28 67.253
13943.51 66.203
14197.27 65.661
14455.66 65.612
14718.74 65.981
14986.62 66.61
15259.37 67.273
15537.08 67.699
15819.85 67.626
16107.76 66.875
16400.92 65.406
16699.41 63.32
17003.33 60.82
17312.78 58.135
17627.86 55.461
17948.68 52.922
18275.34 50.558
18607.94 48.349
18946.6 46.246
19291.42 44.198
19642.52 42.168
20000 40.138