20 80.276
20.36 80.341
20.73 80.406
21.11 80.47
21.5 80.534
21.89 80.598
22.29 80.662
22.69 80.724
23.1 80.787
23.52 80.85
23.95 80.91
24.39 80.971
24.83 81.03
25.28 81.089
25.74 81.147
26.21 81.203
26.69 81.258
27.18 81.312
27.67 81.365
28.17 81.416
28.69 81.466
29.21 81.514
29.74 81.56
30.28 81.606
30.83 81.648
31.39 81.69
31.97 81.728
32.55 81.765
33.14 81.8
33.74 81.832
34.36 81.863
34.98 81.891
35.62 81.918
36.27 81.941
36.93 81.964
37.6 81.984
38.28 82.002
38.98 82.019
39.69 82.033
40.41 82.046
41.15 82.057
41.9 82.067
42.66 82.074
43.44 82.081
44.23 82.086
45.03 82.088
45.85 82.089
46.68 82.089
47.53 82.088
48.4 82.086
49.28 82.082
50.18 82.077
51.09 82.071
52.02 82.063
52.97 82.056
53.93 82.046
54.91 82.035
55.91 82.024
56.93 82.013
57.97 81.999
59.02 81.987
60.09 81.973
61.19 81.958
62.3 81.943
63.44 81.926
64.59 81.909
65.77 81.89
66.96 81.871
68.18 81.851
69.42 81.83
70.69 81.807
71.97 81.784
73.28 81.757
74.62 81.731
75.97 81.701
77.36 81.67
78.76 81.636
80.2 81.598
81.66 81.558
83.14 81.514
84.66 81.465
86.2 81.414
87.77 81.357
89.36 81.298
90.99 81.236
92.65 81.172
94.33 81.105
96.05 81.038
97.8 80.97
99.58 80.901
101.39 80.832
103.23 80.766
105.11 80.701
107.03 80.639
108.97 80.582
110.96 80.528
112.98 80.479
115.03 80.431
117.13 80.385
119.26 80.335
121.43 80.282
123.64 80.223
125.89 80.157
128.18 80.084
130.51 80.006
132.89 79.925
135.31 79.84
137.77 79.753
140.28 79.664
142.83 79.575
145.43 79.486
148.07 79.398
150.77 79.311
153.51 79.224
156.31 79.139
159.15 79.054
162.05 78.967
165 78.882
168 78.795
171.06 78.706
174.17 78.617
177.34 78.526
180.57 78.432
183.86 78.337
187.2 78.241
190.61 78.146
194.08 78.05
197.61 77.953
201.21 77.855
204.87 77.758
208.6 77.659
212.39 77.561
216.26 77.462
220.19 77.362
224.2 77.264
228.28 77.165
232.44 77.068
236.67 76.97
240.97 76.874
245.36 76.777
249.82 76.682
254.37 76.588
259 76.497
263.71 76.405
268.51 76.316
273.4 76.228
278.38 76.142
283.44 76.057
288.6 75.97
293.85 75.885
299.2 75.799
304.65 75.713
310.19 75.627
315.84 75.54
321.59 75.454
327.44 75.366
333.4 75.278
339.47 75.192
345.64 75.104
351.93 75.015
358.34 74.927
364.86 74.838
371.5 74.751
378.26 74.664
385.15 74.581
392.16 74.503
399.29 74.424
406.56 74.348
413.96 74.274
421.49 74.205
429.16 74.14
436.97 74.08
444.93 74.022
453.02 73.969
461.27 73.916
469.66 73.862
478.21 73.807
486.91 73.75
495.78 73.695
504.8 73.641
513.99 73.59
523.34 73.54
532.87 73.494
542.56 73.448
552.44 73.41
562.49 73.374
572.73 73.346
583.15 73.321
593.77 73.302
604.57 73.289
615.57 73.282
626.78 73.28
638.18 73.285
649.8 73.297
661.63 73.314
673.67 73.338
685.93 73.369
698.41 73.406
711.12 73.447
724.06 73.494
737.24 73.542
750.66 73.589
764.32 73.629
778.23 73.658
792.39 73.67
806.82 73.668
821.5 73.656
836.45 73.648
851.67 73.659
867.17 73.7
882.96 73.782
899.02 73.902
915.39 74.053
932.05 74.227
949.01 74.416
966.28 74.613
983.87 74.815
1001.77 75.02
1020 75.231
1038.57 75.445
1057.47 75.663
1076.71 75.885
1096.31 76.109
1116.26 76.336
1136.58 76.567
1157.26 76.801
1178.32 77.041
1199.77 77.284
1221.6 77.532
1243.84 77.78
1266.47 78.027
1289.52 78.277
1312.99 78.527
1336.89 78.78
1361.22 79.037
1385.99 79.298
1411.22 79.561
1436.9 79.83
1463.05 80.099
1489.68 80.367
1516.79 80.63
1544.4 80.891
1572.5 81.148
1601.12 81.401
1630.26 81.646
1659.93 81.878
1690.14 82.092
1720.9 82.282
1752.22 82.448
1784.11 82.582
1816.58 82.684
1849.64 82.754
1883.3 82.79
1917.58 82.79
1952.48 82.754
1988.01 82.682
2024.19 82.573
2061.03 82.432
2098.54 82.26
2136.73 82.066
2175.62 81.859
2215.22 81.651
2255.53 81.449
2296.58 81.261
2338.38 81.088
2380.94 80.93
2424.27 80.782
2468.39 80.642
2513.31 80.509
2559.05 80.384
2605.63 80.273
2653.05 80.189
2701.33 80.139
2750.5 80.132
2800.55 80.173
2851.52 80.266
2903.42 80.404
2956.26 80.583
3010.06 80.793
3064.85 81.032
3120.62 81.291
3177.42 81.568
3235.25 81.858
3294.13 82.148
3354.08 82.434
3415.12 82.705
3477.27 82.952
3540.56 83.166
3605 83.343
3670.6 83.474
3737.41 83.548
3805.43 83.553
3874.68 83.477
3945.2 83.316
4017 83.077
4090.11 82.779
4164.55 82.449
4240.34 82.128
4317.51 81.858
4396.09 81.671
4476.1 81.587
4557.56 81.612
4640.5 81.73
4724.96 81.918
4810.95 82.141
4898.51 82.361
4987.66 82.546
5078.43 82.668
5170.86 82.714
5264.97 82.68
5360.79 82.576
5458.35 82.415
5557.69 82.216
5658.84 81.997
5761.82 81.775
5866.69 81.569
5973.46 81.395
6082.17 81.27
6192.87 81.204
6305.57 81.212
6420.33 81.306
6537.18 81.502
6656.15 81.819
6777.29 82.281
6900.63 82.909
7026.22 83.72
7154.1 84.709
7284.3 85.848
7416.87 87.074
7551.85 88.284
7689.29 89.345
7829.23 90.12
7971.72 90.496
8116.8 90.418
8264.53 89.911
8414.94 89.072
8568.09 88.048
8724.02 87
8882.79 86.063
9044.46 85.328
9209.06 84.841
9376.66 84.597
9547.31 84.56
9721.07 84.664
9897.99 84.834
10078.13 84.99
10261.55 85.046
10448.3 84.925
10638.45 84.566
10832.07 83.943
11029.21 83.068
11229.94 81.99
11434.32 80.791
11642.41 79.556
11854.3 78.363
12070.04 77.264
12289.71 76.284
12513.38 75.407
12741.12 74.588
12973 73.754
13209.1 72.834
13449.5 71.765
13694.28 70.522
13943.51 69.124
14197.27 67.631
14455.66 66.131
14718.74 64.733
14986.62 63.546
15259.37 62.664
15537.08 62.139
15819.85 61.963
16107.76 62.059
16400.92 62.264
16699.41 62.351
17003.33 62.061
17312.78 61.168
17627.86 59.543
17948.68 57.2
18275.34 54.281
18607.94 51.002
18946.6 47.581
19291.42 44.166
19642.52 40.792
20000 37.42