20 81.232
20.36 81.294
20.73 81.356
21.11 81.418
21.5 81.479
21.89 81.54
22.29 81.601
22.69 81.661
23.1 81.721
23.52 81.78
23.95 81.839
24.39 81.896
24.83 81.953
25.28 82.009
25.74 82.064
26.21 82.118
26.69 82.171
27.18 82.222
27.67 82.272
28.17 82.321
28.69 82.368
29.21 82.414
29.74 82.458
30.28 82.5
30.83 82.54
31.39 82.58
31.97 82.616
32.55 82.65
33.14 82.683
33.74 82.714
34.36 82.742
34.98 82.768
35.62 82.793
36.27 82.814
36.93 82.834
37.6 82.852
38.28 82.868
38.98 82.882
39.69 82.895
40.41 82.905
41.15 82.914
41.9 82.92
42.66 82.924
43.44 82.927
44.23 82.928
45.03 82.928
45.85 82.925
46.68 82.921
47.53 82.915
48.4 82.908
49.28 82.901
50.18 82.891
51.09 82.881
52.02 82.871
52.97 82.861
53.93 82.85
54.91 82.84
55.91 82.83
56.93 82.82
57.97 82.811
59.02 82.803
60.09 82.796
61.19 82.79
62.3 82.785
63.44 82.779
64.59 82.773
65.77 82.766
66.96 82.758
68.18 82.748
69.42 82.737
70.69 82.723
71.97 82.706
73.28 82.686
74.62 82.663
75.97 82.636
77.36 82.606
78.76 82.573
80.2 82.536
81.66 82.497
83.14 82.453
84.66 82.407
86.2 82.357
87.77 82.304
89.36 82.25
90.99 82.193
92.65 82.136
94.33 82.078
96.05 82.02
97.8 81.964
99.58 81.908
101.39 81.854
103.23 81.8
105.11 81.747
107.03 81.693
108.97 81.639
110.96 81.584
112.98 81.528
115.03 81.47
117.13 81.411
119.26 81.351
121.43 81.29
123.64 81.228
125.89 81.166
128.18 81.102
130.51 81.036
132.89 80.969
135.31 80.898
137.77 80.826
140.28 80.75
142.83 80.672
145.43 80.591
148.07 80.508
150.77 80.423
153.51 80.336
156.31 80.247
159.15 80.157
162.05 80.066
165 79.974
168 79.881
171.06 79.788
174.17 79.695
177.34 79.603
180.57 79.511
183.86 79.421
187.2 79.332
190.61 79.244
194.08 79.157
197.61 79.07
201.21 78.984
204.87 78.898
208.6 78.811
212.39 78.723
216.26 78.633
220.19 78.542
224.2 78.447
228.28 78.353
232.44 78.256
236.67 78.159
240.97 78.062
245.36 77.966
249.82 77.869
254.37 77.773
259 77.679
263.71 77.586
268.51 77.494
273.4 77.403
278.38 77.311
283.44 77.22
288.6 77.129
293.85 77.037
299.2 76.943
304.65 76.848
310.19 76.75
315.84 76.651
321.59 76.551
327.44 76.448
333.4 76.345
339.47 76.243
345.64 76.14
351.93 76.039
358.34 75.94
364.86 75.843
371.5 75.748
378.26 75.655
385.15 75.564
392.16 75.474
399.29 75.387
406.56 75.302
413.96 75.22
421.49 75.14
429.16 75.062
436.97 74.988
444.93 74.914
453.02 74.84
461.27 74.766
469.66 74.69
478.21 74.612
486.91 74.534
495.78 74.454
504.8 74.375
513.99 74.297
523.34 74.222
532.87 74.149
542.56 74.079
552.44 74.012
562.49 73.948
572.73 73.889
583.15 73.832
593.77 73.78
604.57 73.731
615.57 73.688
626.78 73.65
638.18 73.617
649.8 73.591
661.63 73.57
673.67 73.552
685.93 73.537
698.41 73.523
711.12 73.511
724.06 73.5
737.24 73.492
750.66 73.49
764.32 73.495
778.23 73.511
792.39 73.543
806.82 73.593
821.5 73.665
836.45 73.755
851.67 73.863
867.17 73.982
882.96 74.107
899.02 74.232
915.39 74.356
932.05 74.48
949.01 74.605
966.28 74.734
983.87 74.869
1001.77 75.014
1020 75.168
1038.57 75.334
1057.47 75.512
1076.71 75.699
1096.31 75.894
1116.26 76.096
1136.58 76.303
1157.26 76.517
1178.32 76.734
1199.77 76.956
1221.6 77.18
1243.84 77.406
1266.47 77.631
1289.52 77.856
1312.99 78.079
1336.89 78.301
1361.22 78.526
1385.99 78.756
1411.22 78.99
1436.9 79.227
1463.05 79.468
1489.68 79.707
1516.79 79.943
1544.4 80.175
1572.5 80.402
1601.12 80.618
1630.26 80.814
1659.93 80.991
1690.14 81.141
1720.9 81.265
1752.22 81.359
1784.11 81.425
1816.58 81.461
1849.64 81.468
1883.3 81.444
1917.58 81.393
1952.48 81.313
1988.01 81.209
2024.19 81.084
2061.03 80.94
2098.54 80.782
2136.73 80.616
2175.62 80.45
2215.22 80.29
2255.53 80.143
2296.58 80.014
2338.38 79.902
2380.94 79.803
2424.27 79.71
2468.39 79.616
2513.31 79.518
2559.05 79.419
2605.63 79.325
2653.05 79.247
2701.33 79.193
2750.5 79.171
2800.55 79.183
2851.52 79.23
2903.42 79.308
2956.26 79.414
3010.06 79.545
3064.85 79.689
3120.62 79.833
3177.42 79.963
3235.25 80.061
3294.13 80.114
3354.08 80.118
3415.12 80.078
3477.27 80.006
3540.56 79.915
3605 79.811
3670.6 79.687
3737.41 79.521
3805.43 79.285
3874.68 78.955
3945.2 78.519
4017 77.981
4090.11 77.372
4164.55 76.739
4240.34 76.144
4317.51 75.651
4396.09 75.307
4476.1 75.128
4557.56 75.098
4640.5 75.171
4724.96 75.288
4810.95 75.392
4898.51 75.447
4987.66 75.431
5078.43 75.346
5170.86 75.207
5264.97 75.037
5360.79 74.857
5458.35 74.689
5557.69 74.549
5658.84 74.446
5761.82 74.388
5866.69 74.38
5973.46 74.425
6082.17 74.529
6192.87 74.698
6305.57 74.942
6420.33 75.271
6537.18 75.702
6656.15 76.253
6777.29 76.944
6900.63 77.794
7026.22 78.812
7154.1 79.992
7284.3 81.304
7416.87 82.685
7551.85 84.038
7689.29 85.239
7829.23 86.156
7971.72 86.681
8116.8 86.762
8264.53 86.415
8414.94 85.729
8568.09 84.84
8724.02 83.908
8882.79 83.074
9044.46 82.443
9209.06 82.076
9376.66 81.98
9547.31 82.109
9721.07 82.371
9897.99 82.641
10078.13 82.782
10261.55 82.671
10448.3 82.228
10638.45 81.432
10832.07 80.317
11029.21 78.961
11229.94 77.467
11434.32 75.944
11642.41 74.495
11854.3 73.212
12070.04 72.166
12289.71 71.403
12513.38 70.934
12741.12 70.718
12973 70.666
13209.1 70.641
13449.5 70.494
13694.28 70.097
13943.51 69.377
14197.27 68.336
14455.66 67.055
14718.74 65.673
14986.62 64.358
15259.37 63.272
15537.08 62.538
15819.85 62.213
16107.76 62.285
16400.92 62.648
16699.41 63.11
17003.33 63.404
17312.78 63.246
17627.86 62.414
17948.68 60.809
18275.34 58.479
18607.94 55.591
18946.6 52.367
19291.42 49.009
19642.52 45.639
20000 42.282