20 71.657
20.36 71.742
20.73 71.826
21.11 71.91
21.5 71.995
21.89 72.079
22.29 72.162
22.69 72.245
23.1 72.328
23.52 72.41
23.95 72.491
24.39 72.572
24.83 72.651
25.28 72.73
25.74 72.809
26.21 72.886
26.69 72.962
27.18 73.037
27.67 73.111
28.17 73.182
28.69 73.254
29.21 73.323
29.74 73.391
30.28 73.458
30.83 73.523
31.39 73.586
31.97 73.647
32.55 73.706
33.14 73.764
33.74 73.819
34.36 73.873
34.98 73.925
35.62 73.974
36.27 74.022
36.93 74.069
37.6 74.113
38.28 74.157
38.98 74.198
39.69 74.238
40.41 74.276
41.15 74.314
41.9 74.349
42.66 74.384
43.44 74.417
44.23 74.45
45.03 74.481
45.85 74.511
46.68 74.54
47.53 74.568
48.4 74.595
49.28 74.62
50.18 74.645
51.09 74.668
52.02 74.689
52.97 74.71
53.93 74.729
54.91 74.745
55.91 74.761
56.93 74.775
57.97 74.787
59.02 74.797
60.09 74.805
61.19 74.813
62.3 74.819
63.44 74.825
64.59 74.83
65.77 74.836
66.96 74.842
68.18 74.849
69.42 74.857
70.69 74.867
71.97 74.879
73.28 74.892
74.62 74.906
75.97 74.921
77.36 74.936
78.76 74.951
80.2 74.964
81.66 74.975
83.14 74.985
84.66 74.99
86.2 74.994
87.77 74.994
89.36 74.993
90.99 74.99
92.65 74.986
94.33 74.982
96.05 74.979
97.8 74.979
99.58 74.979
101.39 74.982
103.23 74.986
105.11 74.991
107.03 74.997
108.97 75.004
110.96 75.011
112.98 75.018
115.03 75.025
117.13 75.031
119.26 75.037
121.43 75.042
123.64 75.046
125.89 75.049
128.18 75.05
130.51 75.052
132.89 75.052
135.31 75.054
137.77 75.055
140.28 75.057
142.83 75.058
145.43 75.059
148.07 75.06
150.77 75.061
153.51 75.06
156.31 75.059
159.15 75.057
162.05 75.053
165 75.048
168 75.043
171.06 75.039
174.17 75.038
177.34 75.038
180.57 75.043
183.86 75.051
187.2 75.063
190.61 75.077
194.08 75.092
197.61 75.108
201.21 75.121
204.87 75.133
208.6 75.142
212.39 75.149
216.26 75.153
220.19 75.156
224.2 75.158
228.28 75.16
232.44 75.161
236.67 75.162
240.97 75.163
245.36 75.164
249.82 75.166
254.37 75.169
259 75.172
263.71 75.175
268.51 75.18
273.4 75.185
278.38 75.191
283.44 75.196
288.6 75.201
293.85 75.204
299.2 75.205
304.65 75.205
310.19 75.201
315.84 75.194
321.59 75.185
327.44 75.174
333.4 75.162
339.47 75.146
345.64 75.129
351.93 75.11
358.34 75.089
364.86 75.066
371.5 75.042
378.26 75.016
385.15 74.989
392.16 74.962
399.29 74.935
406.56 74.909
413.96 74.882
421.49 74.856
429.16 74.83
436.97 74.804
444.93 74.777
453.02 74.746
461.27 74.712
469.66 74.675
478.21 74.632
486.91 74.585
495.78 74.535
504.8 74.483
513.99 74.429
523.34 74.374
532.87 74.319
542.56 74.265
552.44 74.211
562.49 74.158
572.73 74.106
583.15 74.056
593.77 74.006
604.57 73.961
615.57 73.918
626.78 73.881
638.18 73.849
649.8 73.823
661.63 73.802
673.67 73.786
685.93 73.772
698.41 73.761
711.12 73.751
724.06 73.743
737.24 73.738
750.66 73.738
764.32 73.744
778.23 73.757
792.39 73.78
806.82 73.812
821.5 73.855
836.45 73.909
851.67 73.974
867.17 74.051
882.96 74.139
899.02 74.239
915.39 74.348
932.05 74.465
949.01 74.59
966.28 74.723
983.87 74.864
1001.77 75.015
1020 75.175
1038.57 75.345
1057.47 75.525
1076.71 75.713
1096.31 75.907
1116.26 76.108
1136.58 76.314
1157.26 76.525
1178.32 76.741
1199.77 76.961
1221.6 77.186
1243.84 77.413
1266.47 77.641
1289.52 77.871
1312.99 78.107
1336.89 78.349
1361.22 78.598
1385.99 78.855
1411.22 79.121
1436.9 79.396
1463.05 79.677
1489.68 79.96
1516.79 80.237
1544.4 80.498
1572.5 80.729
1601.12 80.921
1630.26 81.063
1659.93 81.155
1690.14 81.209
1720.9 81.239
1752.22 81.262
1784.11 81.286
1816.58 81.314
1849.64 81.34
1883.3 81.355
1917.58 81.35
1952.48 81.32
1988.01 81.26
2024.19 81.169
2061.03 81.048
2098.54 80.903
2136.73 80.741
2175.62 80.572
2215.22 80.407
2255.53 80.249
2296.58 80.106
2338.38 79.978
2380.94 79.867
2424.27 79.773
2468.39 79.693
2513.31 79.625
2559.05 79.569
2605.63 79.529
2653.05 79.51
2701.33 79.519
2750.5 79.563
2800.55 79.646
2851.52 79.768
2903.42 79.93
2956.26 80.128
3010.06 80.36
3064.85 80.623
3120.62 80.911
3177.42 81.214
3235.25 81.522
3294.13 81.823
3354.08 82.107
3415.12 82.366
3477.27 82.598
3540.56 82.798
3605 82.962
3670.6 83.082
3737.41 83.146
3805.43 83.138
3874.68 83.047
3945.2 82.87
4017 82.616
4090.11 82.308
4164.55 81.978
4240.34 81.667
4317.51 81.418
4396.09 81.264
4476.1 81.221
4557.56 81.293
4640.5 81.461
4724.96 81.694
4810.95 81.955
4898.51 82.202
4987.66 82.397
5078.43 82.51
5170.86 82.523
5264.97 82.43
5360.79 82.242
5458.35 81.977
5557.69 81.662
5658.84 81.324
5761.82 80.993
5866.69 80.691
5973.46 80.438
6082.17 80.245
6192.87 80.125
6305.57 80.09
6420.33 80.148
6537.18 80.316
6656.15 80.612
6777.29 81.054
6900.63 81.66
7026.22 82.442
7154.1 83.396
7284.3 84.493
7416.87 85.671
7551.85 86.828
7689.29 87.836
7829.23 88.559
7971.72 88.889
8116.8 88.768
8264.53 88.22
8414.94 87.335
8568.09 86.258
8724.02 85.151
8882.79 84.157
9044.46 83.378
9209.06 82.867
9376.66 82.623
9547.31 82.605
9721.07 82.741
9897.99 82.938
10078.13 83.092
10261.55 83.11
10448.3 82.919
10638.45 82.476
10832.07 81.781
11029.21 80.87
11229.94 79.812
11434.32 78.687
11642.41 77.572
11854.3 76.523
12070.04 75.57
12289.71 74.706
12513.38 73.89
12741.12 73.055
12973 72.127
13209.1 71.043
13449.5 69.769
13694.28 68.314
13943.51 66.733
14197.27 65.122
14455.66 63.594
14718.74 62.261
14986.62 61.211
15259.37 60.502
15537.08 60.147
15819.85 60.113
16107.76 60.303
16400.92 60.548
16699.41 60.616
17003.33 60.257
17312.78 59.276
17627.86 57.598
17948.68 55.295
18275.34 52.555
18607.94 49.63
18946.6 46.74
19291.42 43.988
19642.52 41.337
20000 38.691