20 84.689
20.36 84.746
20.73 84.8
21.11 84.851
21.5 84.899
21.89 84.944
22.29 84.985
22.69 85.024
23.1 85.059
23.52 85.091
23.95 85.122
24.39 85.152
24.83 85.183
25.28 85.213
25.74 85.242
26.21 85.271
26.69 85.299
27.18 85.326
27.67 85.351
28.17 85.373
28.69 85.393
29.21 85.41
29.74 85.424
30.28 85.436
30.83 85.447
31.39 85.457
31.97 85.466
32.55 85.477
33.14 85.491
33.74 85.507
34.36 85.528
34.98 85.55
35.62 85.574
36.27 85.598
36.93 85.62
37.6 85.639
38.28 85.653
38.98 85.665
39.69 85.671
40.41 85.676
41.15 85.677
41.9 85.675
42.66 85.671
43.44 85.665
44.23 85.659
45.03 85.651
45.85 85.642
46.68 85.633
47.53 85.623
48.4 85.615
49.28 85.606
50.18 85.598
51.09 85.59
52.02 85.582
52.97 85.574
53.93 85.565
54.91 85.556
55.91 85.546
56.93 85.534
57.97 85.519
59.02 85.502
60.09 85.482
61.19 85.459
62.3 85.433
63.44 85.405
64.59 85.375
65.77 85.344
66.96 85.311
68.18 85.28
69.42 85.246
70.69 85.213
71.97 85.178
73.28 85.143
74.62 85.108
75.97 85.073
77.36 85.037
78.76 85
80.2 84.962
81.66 84.921
83.14 84.877
84.66 84.829
86.2 84.778
87.77 84.725
89.36 84.67
90.99 84.616
92.65 84.561
94.33 84.505
96.05 84.449
97.8 84.393
99.58 84.335
101.39 84.278
103.23 84.219
105.11 84.16
107.03 84.099
108.97 84.035
110.96 83.968
112.98 83.896
115.03 83.82
117.13 83.744
119.26 83.667
121.43 83.591
123.64 83.517
125.89 83.445
128.18 83.373
130.51 83.299
132.89 83.222
135.31 83.143
137.77 83.062
140.28 82.978
142.83 82.894
145.43 82.809
148.07 82.723
150.77 82.637
153.51 82.55
156.31 82.464
159.15 82.377
162.05 82.29
165 82.201
168 82.112
171.06 82.02
174.17 81.926
177.34 81.83
180.57 81.734
183.86 81.636
187.2 81.537
190.61 81.437
194.08 81.337
197.61 81.236
201.21 81.136
204.87 81.036
208.6 80.937
212.39 80.835
216.26 80.733
220.19 80.63
224.2 80.524
228.28 80.418
232.44 80.31
236.67 80.202
240.97 80.093
245.36 79.984
249.82 79.876
254.37 79.771
259 79.667
263.71 79.565
268.51 79.464
273.4 79.363
278.38 79.264
283.44 79.166
288.6 79.069
293.85 78.969
299.2 78.866
304.65 78.759
310.19 78.648
315.84 78.533
321.59 78.415
327.44 78.297
333.4 78.177
339.47 78.058
345.64 77.938
351.93 77.819
358.34 77.699
364.86 77.581
371.5 77.463
378.26 77.347
385.15 77.234
392.16 77.123
399.29 77.013
406.56 76.905
413.96 76.795
421.49 76.687
429.16 76.58
436.97 76.473
444.93 76.367
453.02 76.259
461.27 76.15
469.66 76.038
478.21 75.923
486.91 75.806
495.78 75.689
504.8 75.571
513.99 75.455
523.34 75.341
532.87 75.23
542.56 75.121
552.44 75.017
562.49 74.916
572.73 74.819
583.15 74.726
593.77 74.638
604.57 74.555
615.57 74.479
626.78 74.407
638.18 74.344
649.8 74.285
661.63 74.234
673.67 74.188
685.93 74.147
698.41 74.11
711.12 74.077
724.06 74.051
737.24 74.031
750.66 74.02
764.32 74.019
778.23 74.029
792.39 74.052
806.82 74.086
821.5 74.131
836.45 74.184
851.67 74.244
867.17 74.308
882.96 74.375
899.02 74.448
915.39 74.523
932.05 74.604
949.01 74.693
966.28 74.789
983.87 74.895
1001.77 75.011
1020 75.137
1038.57 75.27
1057.47 75.409
1076.71 75.55
1096.31 75.692
1116.26 75.831
1136.58 75.967
1157.26 76.1
1178.32 76.23
1199.77 76.356
1221.6 76.479
1243.84 76.595
1266.47 76.706
1289.52 76.811
1312.99 76.911
1336.89 77.009
1361.22 77.108
1385.99 77.208
1411.22 77.31
1436.9 77.414
1463.05 77.518
1489.68 77.621
1516.79 77.723
1544.4 77.821
1572.5 77.917
1601.12 78.008
1630.26 78.094
1659.93 78.173
1690.14 78.245
1720.9 78.311
1752.22 78.375
1784.11 78.439
1816.58 78.509
1849.64 78.588
1883.3 78.68
1917.58 78.787
1952.48 78.91
1988.01 79.048
2024.19 79.196
2061.03 79.351
2098.54 79.508
2136.73 79.666
2175.62 79.823
2215.22 79.978
2255.53 80.133
2296.58 80.287
2338.38 80.443
2380.94 80.6
2424.27 80.757
2468.39 80.912
2513.31 81.065
2559.05 81.213
2605.63 81.359
2653.05 81.502
2701.33 81.644
2750.5 81.785
2800.55 81.925
2851.52 82.064
2903.42 82.202
2956.26 82.341
3010.06 82.48
3064.85 82.623
3120.62 82.773
3177.42 82.931
3235.25 83.098
3294.13 83.272
3354.08 83.453
3415.12 83.637
3477.27 83.825
3540.56 84.015
3605 84.207
3670.6 84.4
3737.41 84.59
3805.43 84.773
3874.68 84.948
3945.2 85.11
4017 85.259
4090.11 85.39
4164.55 85.498
4240.34 85.579
4317.51 85.626
4396.09 85.635
4476.1 85.598
4557.56 85.511
4640.5 85.369
4724.96 85.17
4810.95 84.917
4898.51 84.61
4987.66 84.258
5078.43 83.866
5170.86 83.443
5264.97 83.002
5360.79 82.548
5458.35 82.087
5557.69 81.626
5658.84 81.169
5761.82 80.723
5866.69 80.3
5973.46 79.904
6082.17 79.543
6192.87 79.225
6305.57 78.957
6420.33 78.747
6537.18 78.602
6656.15 78.527
6777.29 78.527
6900.63 78.6
7026.22 78.739
7154.1 78.931
7284.3 79.152
7416.87 79.373
7551.85 79.556
7689.29 79.66
7829.23 79.645
7971.72 79.477
8116.8 79.136
8264.53 78.612
8414.94 77.912
8568.09 77.052
8724.02 76.063
8882.79 74.986
9044.46 73.868
9209.06 72.754
9376.66 71.685
9547.31 70.697
9721.07 69.817
9897.99 69.062
10078.13 68.443
10261.55 67.96
10448.3 67.605
10638.45 67.366
10832.07 67.222
11029.21 67.154
11229.94 67.136
11434.32 67.14
11642.41 67.139
11854.3 67.105
12070.04 67.009
12289.71 66.834
12513.38 66.563
12741.12 66.195
12973 65.736
13209.1 65.198
13449.5 64.607
13694.28 63.997
13943.51 63.414
14197.27 62.903
14455.66 62.511
14718.74 62.273
14986.62 62.212
15259.37 62.324
15537.08 62.58
15819.85 62.919
16107.76 63.25
16400.92 63.467
16699.41 63.47
17003.33 63.186
17312.78 62.579
17627.86 61.663
17948.68 60.482
18275.34 59.099
18607.94 57.573
18946.6 55.951
19291.42 54.272
19642.52 52.565
20000 50.851