20 79.902
20.36 79.913
20.73 79.918
21.11 79.917
21.5 79.911
21.89 79.901
22.29 79.888
22.69 79.871
23.1 79.853
23.52 79.835
23.95 79.819
24.39 79.804
24.83 79.791
25.28 79.782
25.74 79.775
26.21 79.77
26.69 79.766
27.18 79.762
27.67 79.758
28.17 79.751
28.69 79.742
29.21 79.73
29.74 79.714
30.28 79.695
30.83 79.673
31.39 79.648
31.97 79.623
32.55 79.597
33.14 79.571
33.74 79.546
34.36 79.521
34.98 79.496
35.62 79.471
36.27 79.446
36.93 79.419
37.6 79.39
38.28 79.359
38.98 79.326
39.69 79.292
40.41 79.257
41.15 79.22
41.9 79.184
42.66 79.148
43.44 79.111
44.23 79.075
45.03 79.038
45.85 79.001
46.68 78.961
47.53 78.92
48.4 78.878
49.28 78.834
50.18 78.79
51.09 78.744
52.02 78.699
52.97 78.652
53.93 78.606
54.91 78.56
55.91 78.515
56.93 78.469
57.97 78.423
59.02 78.375
60.09 78.326
61.19 78.274
62.3 78.222
63.44 78.167
64.59 78.112
65.77 78.057
66.96 78.001
68.18 77.946
69.42 77.891
70.69 77.836
71.97 77.78
73.28 77.723
74.62 77.666
75.97 77.608
77.36 77.55
78.76 77.49
80.2 77.427
81.66 77.362
83.14 77.293
84.66 77.219
86.2 77.142
87.77 77.062
89.36 76.981
90.99 76.9
92.65 76.819
94.33 76.74
96.05 76.663
97.8 76.587
99.58 76.513
101.39 76.441
103.23 76.371
105.11 76.303
107.03 76.235
108.97 76.166
110.96 76.095
112.98 76.02
115.03 75.942
117.13 75.862
119.26 75.781
121.43 75.7
123.64 75.62
125.89 75.542
128.18 75.466
130.51 75.391
132.89 75.318
135.31 75.245
137.77 75.171
140.28 75.097
142.83 75.023
145.43 74.949
148.07 74.875
150.77 74.802
153.51 74.732
156.31 74.665
159.15 74.6
162.05 74.539
165 74.479
168 74.421
171.06 74.364
174.17 74.307
177.34 74.25
180.57 74.195
183.86 74.141
187.2 74.088
190.61 74.036
194.08 73.984
197.61 73.935
201.21 73.887
204.87 73.842
208.6 73.799
212.39 73.759
216.26 73.721
220.19 73.686
224.2 73.653
228.28 73.623
232.44 73.596
236.67 73.571
240.97 73.547
245.36 73.526
249.82 73.506
254.37 73.49
259 73.476
263.71 73.465
268.51 73.457
273.4 73.451
278.38 73.448
283.44 73.448
288.6 73.449
293.85 73.449
299.2 73.448
304.65 73.445
310.19 73.44
315.84 73.434
321.59 73.427
327.44 73.421
333.4 73.416
339.47 73.412
345.64 73.409
351.93 73.406
358.34 73.405
364.86 73.403
371.5 73.403
378.26 73.404
385.15 73.406
392.16 73.41
399.29 73.415
406.56 73.423
413.96 73.433
421.49 73.445
429.16 73.457
436.97 73.471
444.93 73.483
453.02 73.493
461.27 73.499
469.66 73.5
478.21 73.497
486.91 73.489
495.78 73.478
504.8 73.466
513.99 73.453
523.34 73.441
532.87 73.43
542.56 73.419
552.44 73.41
562.49 73.403
572.73 73.398
583.15 73.395
593.77 73.394
604.57 73.397
615.57 73.403
626.78 73.414
638.18 73.428
649.8 73.447
661.63 73.468
673.67 73.491
685.93 73.515
698.41 73.538
711.12 73.56
724.06 73.584
737.24 73.61
750.66 73.64
764.32 73.676
778.23 73.719
792.39 73.77
806.82 73.829
821.5 73.898
836.45 73.972
851.67 74.052
867.17 74.136
882.96 74.224
899.02 74.315
915.39 74.412
932.05 74.515
949.01 74.625
966.28 74.744
983.87 74.874
1001.77 75.014
1020 75.163
1038.57 75.32
1057.47 75.482
1076.71 75.647
1096.31 75.81
1116.26 75.972
1136.58 76.129
1157.26 76.282
1178.32 76.431
1199.77 76.574
1221.6 76.711
1243.84 76.839
1266.47 76.956
1289.52 77.064
1312.99 77.162
1336.89 77.251
1361.22 77.332
1385.99 77.409
1411.22 77.481
1436.9 77.55
1463.05 77.616
1489.68 77.68
1516.79 77.743
1544.4 77.804
1572.5 77.864
1601.12 77.922
1630.26 77.978
1659.93 78.03
1690.14 78.078
1720.9 78.121
1752.22 78.162
1784.11 78.201
1816.58 78.242
1849.64 78.283
1883.3 78.326
1917.58 78.371
1952.48 78.417
1988.01 78.464
2024.19 78.51
2061.03 78.552
2098.54 78.591
2136.73 78.626
2175.62 78.658
2215.22 78.687
2255.53 78.715
2296.58 78.742
2338.38 78.769
2380.94 78.795
2424.27 78.819
2468.39 78.839
2513.31 78.855
2559.05 78.866
2605.63 78.872
2653.05 78.875
2701.33 78.875
2750.5 78.873
2800.55 78.87
2851.52 78.864
2903.42 78.857
2956.26 78.848
3010.06 78.837
3064.85 78.828
3120.62 78.821
3177.42 78.817
3235.25 78.818
3294.13 78.822
3354.08 78.83
3415.12 78.841
3477.27 78.856
3540.56 78.874
3605 78.896
3670.6 78.92
3737.41 78.945
3805.43 78.967
3874.68 78.987
3945.2 79.001
4017 79.006
4090.11 79
4164.55 78.977
4240.34 78.932
4317.51 78.855
4396.09 78.738
4476.1 78.569
4557.56 78.338
4640.5 78.035
4724.96 77.657
4810.95 77.21
4898.51 76.709
4987.66 76.177
5078.43 75.644
5170.86 75.135
5264.97 74.674
5360.79 74.277
5458.35 73.951
5557.69 73.699
5658.84 73.521
5761.82 73.417
5866.69 73.385
5973.46 73.417
6082.17 73.508
6192.87 73.645
6305.57 73.819
6420.33 74.019
6537.18 74.241
6656.15 74.488
6777.29 74.775
6900.63 75.122
7026.22 75.544
7154.1 76.039
7284.3 76.579
7416.87 77.107
7551.85 77.548
7689.29 77.828
7829.23 77.891
7971.72 77.718
8116.8 77.327
8264.53 76.768
8414.94 76.107
8568.09 75.415
8724.02 74.758
8882.79 74.201
9044.46 73.79
9209.06 73.561
9376.66 73.532
9547.31 73.704
9721.07 74.06
9897.99 74.562
10078.13 75.15
10261.55 75.751
10448.3 76.283
10638.45 76.679
10832.07 76.896
11029.21 76.926
11229.94 76.795
11434.32 76.555
11642.41 76.264
11854.3 75.97
12070.04 75.694
12289.71 75.429
12513.38 75.136
12741.12 74.764
12973 74.262
13209.1 73.596
13449.5 72.764
13694.28 71.798
13943.51 70.761
14197.27 69.735
14455.66 68.808
14718.74 68.067
14986.62 67.585
15259.37 67.407
15537.08 67.532
15819.85 67.901
16107.76 68.398
16400.92 68.879
16699.41 69.202
17003.33 69.27
17312.78 69.054
17627.86 68.594
17948.68 67.98
18275.34 67.319
18607.94 66.698
18946.6 66.159
19291.42 65.701
19642.52 65.295
20000 64.907