20 77.716
20.36 77.804
20.73 77.894
21.11 77.982
21.5 78.071
21.89 78.16
22.29 78.246
22.69 78.335
23.1 78.421
23.52 78.507
23.95 78.592
24.39 78.677
24.83 78.761
25.28 78.842
25.74 78.924
26.21 79.004
26.69 79.083
27.18 79.161
27.67 79.237
28.17 79.312
28.69 79.384
29.21 79.456
29.74 79.525
30.28 79.594
30.83 79.658
31.39 79.723
31.97 79.784
32.55 79.844
33.14 79.9
33.74 79.954
34.36 80.007
34.98 80.057
35.62 80.106
36.27 80.152
36.93 80.195
37.6 80.237
38.28 80.278
38.98 80.317
39.69 80.354
40.41 80.39
41.15 80.424
41.9 80.457
42.66 80.488
43.44 80.519
44.23 80.548
45.03 80.577
45.85 80.604
46.68 80.63
47.53 80.655
48.4 80.68
49.28 80.704
50.18 80.727
51.09 80.749
52.02 80.769
52.97 80.788
53.93 80.807
54.91 80.824
55.91 80.838
56.93 80.853
57.97 80.866
59.02 80.878
60.09 80.887
61.19 80.896
62.3 80.903
63.44 80.908
64.59 80.912
65.77 80.915
66.96 80.916
68.18 80.915
69.42 80.913
70.69 80.909
71.97 80.903
73.28 80.896
74.62 80.887
75.97 80.877
77.36 80.863
78.76 80.849
80.2 80.832
81.66 80.812
83.14 80.791
84.66 80.766
86.2 80.74
87.77 80.711
89.36 80.68
90.99 80.652
92.65 80.623
94.33 80.595
96.05 80.571
97.8 80.55
99.58 80.533
101.39 80.52
103.23 80.509
105.11 80.502
107.03 80.495
108.97 80.488
110.96 80.482
112.98 80.475
115.03 80.466
117.13 80.455
119.26 80.442
121.43 80.427
123.64 80.408
125.89 80.386
128.18 80.361
130.51 80.332
132.89 80.3
135.31 80.263
137.77 80.225
140.28 80.182
142.83 80.136
145.43 80.088
148.07 80.038
150.77 79.988
153.51 79.937
156.31 79.886
159.15 79.834
162.05 79.783
165 79.732
168 79.681
171.06 79.628
174.17 79.574
177.34 79.52
180.57 79.465
183.86 79.407
187.2 79.348
190.61 79.286
194.08 79.22
197.61 79.15
201.21 79.078
204.87 79.003
208.6 78.924
212.39 78.844
216.26 78.761
220.19 78.677
224.2 78.594
228.28 78.512
232.44 78.435
236.67 78.36
240.97 78.29
245.36 78.225
249.82 78.165
254.37 78.106
259 78.049
263.71 77.991
268.51 77.932
273.4 77.867
278.38 77.8
283.44 77.729
288.6 77.653
293.85 77.573
299.2 77.487
304.65 77.396
310.19 77.303
315.84 77.206
321.59 77.104
327.44 77
333.4 76.894
339.47 76.787
345.64 76.679
351.93 76.573
358.34 76.466
364.86 76.361
371.5 76.256
378.26 76.152
385.15 76.049
392.16 75.945
399.29 75.843
406.56 75.741
413.96 75.64
421.49 75.54
429.16 75.44
436.97 75.341
444.93 75.243
453.02 75.141
461.27 75.036
469.66 74.928
478.21 74.815
486.91 74.699
495.78 74.579
504.8 74.458
513.99 74.335
523.34 74.21
532.87 74.085
542.56 73.961
552.44 73.837
562.49 73.712
572.73 73.589
583.15 73.464
593.77 73.339
604.57 73.215
615.57 73.091
626.78 72.969
638.18 72.851
649.8 72.736
661.63 72.626
673.67 72.52
685.93 72.422
698.41 72.332
711.12 72.257
724.06 72.201
737.24 72.168
750.66 72.164
764.32 72.194
778.23 72.261
792.39 72.368
806.82 72.514
821.5 72.695
836.45 72.906
851.67 73.136
867.17 73.376
882.96 73.616
899.02 73.852
915.39 74.077
932.05 74.29
949.01 74.489
966.28 74.675
983.87 74.85
1001.77 75.016
1020 75.175
1038.57 75.329
1057.47 75.482
1076.71 75.632
1096.31 75.782
1116.26 75.929
1136.58 76.074
1157.26 76.216
1178.32 76.352
1199.77 76.485
1221.6 76.614
1243.84 76.736
1266.47 76.853
1289.52 76.965
1312.99 77.073
1336.89 77.178
1361.22 77.285
1385.99 77.394
1411.22 77.507
1436.9 77.627
1463.05 77.752
1489.68 77.881
1516.79 78.015
1544.4 78.154
1572.5 78.299
1601.12 78.448
1630.26 78.598
1659.93 78.748
1690.14 78.896
1720.9 79.04
1752.22 79.181
1784.11 79.316
1816.58 79.449
1849.64 79.575
1883.3 79.698
1917.58 79.812
1952.48 79.919
1988.01 80.013
2024.19 80.098
2061.03 80.165
2098.54 80.216
2136.73 80.249
2175.62 80.265
2215.22 80.266
2255.53 80.254
2296.58 80.232
2338.38 80.203
2380.94 80.171
2424.27 80.141
2468.39 80.116
2513.31 80.102
2559.05 80.107
2605.63 80.133
2653.05 80.187
2701.33 80.266
2750.5 80.362
2800.55 80.463
2851.52 80.558
2903.42 80.637
2956.26 80.694
3010.06 80.73
3064.85 80.753
3120.62 80.771
3177.42 80.794
3235.25 80.83
3294.13 80.887
3354.08 80.97
3415.12 81.082
3477.27 81.225
3540.56 81.4
3605 81.607
3670.6 81.842
3737.41 82.099
3805.43 82.369
3874.68 82.64
3945.2 82.899
4017 83.132
4090.11 83.319
4164.55 83.442
4240.34 83.483
4317.51 83.43
4396.09 83.275
4476.1 83.015
4557.56 82.655
4640.5 82.207
4724.96 81.687
4810.95 81.116
4898.51 80.516
4987.66 79.908
5078.43 79.308
5170.86 78.733
5264.97 78.195
5360.79 77.702
5458.35 77.262
5557.69 76.882
5658.84 76.561
5761.82 76.304
5866.69 76.112
5973.46 75.99
6082.17 75.94
6192.87 75.969
6305.57 76.09
6420.33 76.32
6537.18 76.681
6656.15 77.199
6777.29 77.907
6900.63 78.825
7026.22 79.959
7154.1 81.294
7284.3 82.767
7416.87 84.288
7551.85 85.733
7689.29 86.968
7829.23 87.879
7971.72 88.392
8116.8 88.491
8264.53 88.204
8414.94 87.584
8568.09 86.671
8724.02 85.483
8882.79 84.012
9044.46 82.253
9209.06 80.219
9376.66 77.961
9547.31 75.565
9721.07 73.139
9897.99 70.79
10078.13 68.607
10261.55 66.647
10448.3 64.93
10638.45 63.451
10832.07 62.197
11029.21 61.163
11229.94 60.351
11434.32 59.771
11642.41 59.437
11854.3 59.355
12070.04 59.521
12289.71 59.901
12513.38 60.416
12741.12 60.912
12973 61.166
13209.1 60.912
13449.5 59.913
13694.28 58.051
13943.51 55.393
14197.27 52.207
14455.66 48.92
14718.74 46.053
14986.62 44.089
15259.37 43.31
15537.08 43.651
15819.85 44.739
16107.76 46.081
16400.92 47.257
16699.41 47.999
17003.33 48.208
17312.78 47.899
17627.86 47.125
17948.68 45.941
18275.34 44.387
18607.94 42.501
18946.6 40.338
19291.42 37.973
19642.52 35.497
20000 32.984