20 76.66
20.36 76.68
20.73 76.7
21.11 76.72
21.5 76.74
21.89 76.76
22.29 76.78
22.69 76.799
23.1 76.818
23.52 76.836
23.95 76.854
24.39 76.871
24.83 76.889
25.28 76.905
25.74 76.922
26.21 76.936
26.69 76.951
27.18 76.965
27.67 76.978
28.17 76.99
28.69 77.001
29.21 77.012
29.74 77.021
30.28 77.029
30.83 77.037
31.39 77.042
31.97 77.048
32.55 77.051
33.14 77.054
33.74 77.055
34.36 77.054
34.98 77.053
35.62 77.051
36.27 77.048
36.93 77.044
37.6 77.04
38.28 77.035
38.98 77.028
39.69 77.023
40.41 77.016
41.15 77.009
41.9 77.002
42.66 76.996
43.44 76.989
44.23 76.982
45.03 76.976
45.85 76.97
46.68 76.965
47.53 76.959
48.4 76.954
49.28 76.949
50.18 76.944
51.09 76.939
52.02 76.933
52.97 76.927
53.93 76.92
54.91 76.913
55.91 76.904
56.93 76.895
57.97 76.884
59.02 76.872
60.09 76.859
61.19 76.845
62.3 76.829
63.44 76.812
64.59 76.794
65.77 76.775
66.96 76.756
68.18 76.737
69.42 76.717
70.69 76.697
71.97 76.677
73.28 76.658
74.62 76.638
75.97 76.617
77.36 76.596
78.76 76.573
80.2 76.548
81.66 76.521
83.14 76.492
84.66 76.46
86.2 76.424
87.77 76.386
89.36 76.345
90.99 76.303
92.65 76.261
94.33 76.218
96.05 76.176
97.8 76.136
99.58 76.096
101.39 76.059
103.23 76.021
105.11 75.984
107.03 75.945
108.97 75.906
110.96 75.864
112.98 75.819
115.03 75.773
117.13 75.726
119.26 75.677
121.43 75.63
123.64 75.583
125.89 75.539
128.18 75.496
130.51 75.454
132.89 75.412
135.31 75.371
137.77 75.33
140.28 75.288
142.83 75.247
145.43 75.206
148.07 75.166
150.77 75.128
153.51 75.091
156.31 75.057
159.15 75.024
162.05 74.991
165 74.959
168 74.927
171.06 74.896
174.17 74.863
177.34 74.83
180.57 74.796
183.86 74.761
187.2 74.723
190.61 74.682
194.08 74.639
197.61 74.593
201.21 74.547
204.87 74.498
208.6 74.449
212.39 74.399
216.26 74.348
220.19 74.298
224.2 74.249
228.28 74.2
232.44 74.152
236.67 74.107
240.97 74.063
245.36 74.02
249.82 73.979
254.37 73.941
259 73.904
263.71 73.869
268.51 73.836
273.4 73.803
278.38 73.772
283.44 73.741
288.6 73.71
293.85 73.679
299.2 73.647
304.65 73.614
310.19 73.579
315.84 73.543
321.59 73.506
327.44 73.47
333.4 73.433
339.47 73.397
345.64 73.362
351.93 73.329
358.34 73.297
364.86 73.266
371.5 73.237
378.26 73.209
385.15 73.183
392.16 73.16
399.29 73.138
406.56 73.117
413.96 73.099
421.49 73.083
429.16 73.07
436.97 73.057
444.93 73.046
453.02 73.036
461.27 73.024
469.66 73.012
478.21 72.997
486.91 72.982
495.78 72.966
504.8 72.95
513.99 72.935
523.34 72.921
532.87 72.909
542.56 72.9
552.44 72.893
562.49 72.888
572.73 72.885
583.15 72.885
593.77 72.888
604.57 72.894
615.57 72.904
626.78 72.918
638.18 72.939
649.8 72.964
661.63 72.994
673.67 73.028
685.93 73.066
698.41 73.105
711.12 73.146
724.06 73.189
737.24 73.235
750.66 73.286
764.32 73.342
778.23 73.405
792.39 73.476
806.82 73.557
821.5 73.646
836.45 73.742
851.67 73.843
867.17 73.949
882.96 74.058
899.02 74.172
915.39 74.292
932.05 74.419
949.01 74.554
966.28 74.698
983.87 74.852
1001.77 75.016
1020 75.189
1038.57 75.369
1057.47 75.554
1076.71 75.745
1096.31 75.937
1116.26 76.131
1136.58 76.326
1157.26 76.523
1178.32 76.721
1199.77 76.92
1221.6 77.12
1243.84 77.316
1266.47 77.509
1289.52 77.699
1312.99 77.886
1336.89 78.072
1361.22 78.261
1385.99 78.458
1411.22 78.664
1436.9 78.88
1463.05 79.107
1489.68 79.345
1516.79 79.593
1544.4 79.854
1572.5 80.126
1601.12 80.409
1630.26 80.697
1659.93 80.99
1690.14 81.289
1720.9 81.593
1752.22 81.904
1784.11 82.225
1816.58 82.555
1849.64 82.895
1883.3 83.242
1917.58 83.591
1952.48 83.94
1988.01 84.281
2024.19 84.61
2061.03 84.919
2098.54 85.201
2136.73 85.449
2175.62 85.657
2215.22 85.821
2255.53 85.939
2296.58 86.007
2338.38 86.026
2380.94 85.994
2424.27 85.913
2468.39 85.786
2513.31 85.616
2559.05 85.41
2605.63 85.176
2653.05 84.923
2701.33 84.662
2750.5 84.402
2800.55 84.152
2851.52 83.917
2903.42 83.703
2956.26 83.514
3010.06 83.352
3064.85 83.215
3120.62 83.102
3177.42 83.011
3235.25 82.938
3294.13 82.882
3354.08 82.845
3415.12 82.829
3477.27 82.838
3540.56 82.874
3605 82.943
3670.6 83.042
3737.41 83.171
3805.43 83.327
3874.68 83.505
3945.2 83.697
4017 83.894
4090.11 84.083
4164.55 84.248
4240.34 84.373
4317.51 84.441
4396.09 84.438
4476.1 84.352
4557.56 84.178
4640.5 83.914
4724.96 83.565
4810.95 83.142
4898.51 82.657
4987.66 82.127
5078.43 81.566
5170.86 80.992
5264.97 80.418
5360.79 79.857
5458.35 79.319
5557.69 78.812
5658.84 78.341
5761.82 77.912
5866.69 77.527
5973.46 77.194
6082.17 76.915
6192.87 76.702
6305.57 76.562
6420.33 76.509
6537.18 76.56
6656.15 76.73
6777.29 77.041
6900.63 77.513
7026.22 78.157
7154.1 78.976
7284.3 79.949
7416.87 81.026
7551.85 82.12
7689.29 83.108
7829.23 83.853
7971.72 84.228
8116.8 84.145
8264.53 83.588
8414.94 82.61
8568.09 81.324
8724.02 79.871
8882.79 78.39
9044.46 76.99
9209.06 75.749
9376.66 74.711
9547.31 73.895
9721.07 73.302
9897.99 72.926
10078.13 72.758
10261.55 72.786
10448.3 72.994
10638.45 73.363
10832.07 73.862
11029.21 74.449
11229.94 75.074
11434.32 75.684
11642.41 76.226
11854.3 76.663
12070.04 76.978
12289.71 77.179
12513.38 77.292
12741.12 77.351
12973 77.382
13209.1 77.393
13449.5 77.357
13694.28 77.223
13943.51 76.922
14197.27 76.39
14455.66 75.597
14718.74 74.56
14986.62 73.343
15259.37 72.044
15537.08 70.765
15819.85 69.589
16107.76 68.556
16400.92 67.645
16699.41 66.782
17003.33 65.851
17312.78 64.716
17627.86 63.258
17948.68 61.402
18275.34 59.132
18607.94 56.502
18946.6 53.603
19291.42 50.545
19642.52 47.414
20000 44.262