20 82.494
20.36 82.457
20.73 82.422
21.11 82.392
21.5 82.364
21.89 82.339
22.29 82.315
22.69 82.292
23.1 82.268
23.52 82.242
23.95 82.212
24.39 82.179
24.83 82.14
25.28 82.098
25.74 82.051
26.21 82
26.69 81.947
27.18 81.893
27.67 81.838
28.17 81.785
28.69 81.734
29.21 81.684
29.74 81.637
30.28 81.59
30.83 81.544
31.39 81.499
31.97 81.452
32.55 81.404
33.14 81.354
33.74 81.301
34.36 81.245
34.98 81.185
35.62 81.123
36.27 81.058
36.93 80.992
37.6 80.925
38.28 80.858
38.98 80.791
39.69 80.723
40.41 80.656
41.15 80.588
41.9 80.519
42.66 80.45
43.44 80.381
44.23 80.31
45.03 80.238
45.85 80.164
46.68 80.088
47.53 80.01
48.4 79.93
49.28 79.849
50.18 79.768
51.09 79.686
52.02 79.603
52.97 79.521
53.93 79.439
54.91 79.356
55.91 79.274
56.93 79.19
57.97 79.104
59.02 79.017
60.09 78.927
61.19 78.835
62.3 78.742
63.44 78.647
64.59 78.553
65.77 78.459
66.96 78.365
68.18 78.273
69.42 78.181
70.69 78.089
71.97 77.996
73.28 77.903
74.62 77.809
75.97 77.715
77.36 77.619
78.76 77.523
80.2 77.426
81.66 77.326
83.14 77.224
84.66 77.12
86.2 77.013
87.77 76.906
89.36 76.799
90.99 76.693
92.65 76.589
94.33 76.488
96.05 76.389
97.8 76.293
99.58 76.201
101.39 76.112
103.23 76.027
105.11 75.946
107.03 75.868
108.97 75.79
110.96 75.712
112.98 75.633
115.03 75.554
117.13 75.475
119.26 75.397
121.43 75.323
123.64 75.252
125.89 75.186
128.18 75.124
130.51 75.066
132.89 75.01
135.31 74.957
137.77 74.906
140.28 74.857
142.83 74.809
145.43 74.763
148.07 74.718
150.77 74.675
153.51 74.635
156.31 74.598
159.15 74.565
162.05 74.535
165 74.508
168 74.482
171.06 74.459
174.17 74.438
177.34 74.42
180.57 74.404
183.86 74.392
187.2 74.382
190.61 74.375
194.08 74.371
197.61 74.367
201.21 74.366
204.87 74.366
208.6 74.366
212.39 74.367
216.26 74.369
220.19 74.37
224.2 74.373
228.28 74.377
232.44 74.382
236.67 74.387
240.97 74.392
245.36 74.398
249.82 74.405
254.37 74.414
259 74.426
263.71 74.441
268.51 74.459
273.4 74.479
278.38 74.502
283.44 74.528
288.6 74.556
293.85 74.584
299.2 74.612
304.65 74.639
310.19 74.665
315.84 74.69
321.59 74.714
327.44 74.737
333.4 74.759
339.47 74.78
345.64 74.798
351.93 74.815
358.34 74.829
364.86 74.842
371.5 74.853
378.26 74.864
385.15 74.876
392.16 74.887
399.29 74.9
406.56 74.914
413.96 74.929
421.49 74.947
429.16 74.966
436.97 74.987
444.93 75.009
453.02 75.031
461.27 75.05
469.66 75.067
478.21 75.081
486.91 75.091
495.78 75.1
504.8 75.108
513.99 75.116
523.34 75.124
532.87 75.132
542.56 75.141
552.44 75.149
562.49 75.157
572.73 75.165
583.15 75.171
593.77 75.177
604.57 75.182
615.57 75.187
626.78 75.193
638.18 75.199
649.8 75.206
661.63 75.212
673.67 75.215
685.93 75.213
698.41 75.205
711.12 75.19
724.06 75.168
737.24 75.141
750.66 75.109
764.32 75.075
778.23 75.04
792.39 75.005
806.82 74.972
821.5 74.942
836.45 74.914
851.67 74.889
867.17 74.867
882.96 74.849
899.02 74.838
915.39 74.835
932.05 74.842
949.01 74.862
966.28 74.895
983.87 74.943
1001.77 75.006
1020 75.085
1038.57 75.179
1057.47 75.285
1076.71 75.401
1096.31 75.525
1116.26 75.653
1136.58 75.785
1157.26 75.92
1178.32 76.057
1199.77 76.197
1221.6 76.337
1243.84 76.475
1266.47 76.611
1289.52 76.745
1312.99 76.877
1336.89 77.01
1361.22 77.145
1385.99 77.283
1411.22 77.424
1436.9 77.566
1463.05 77.707
1489.68 77.845
1516.79 77.98
1544.4 78.108
1572.5 78.231
1601.12 78.347
1630.26 78.459
1659.93 78.564
1690.14 78.666
1720.9 78.765
1752.22 78.863
1784.11 78.965
1816.58 79.073
1849.64 79.19
1883.3 79.319
1917.58 79.462
1952.48 79.618
1988.01 79.784
2024.19 79.957
2061.03 80.132
2098.54 80.304
2136.73 80.47
2175.62 80.627
2215.22 80.776
2255.53 80.916
2296.58 81.049
2338.38 81.174
2380.94 81.292
2424.27 81.4
2468.39 81.497
2513.31 81.58
2559.05 81.647
2605.63 81.698
2653.05 81.733
2701.33 81.752
2750.5 81.756
2800.55 81.744
2851.52 81.717
2903.42 81.675
2956.26 81.619
3010.06 81.553
3064.85 81.479
3120.62 81.402
3177.42 81.324
3235.25 81.25
3294.13 81.181
3354.08 81.121
3415.12 81.071
3477.27 81.034
3540.56 81.011
3605 81.002
3670.6 81.006
3737.41 81.018
3805.43 81.037
3874.68 81.057
3945.2 81.076
4017 81.089
4090.11 81.09
4164.55 81.073
4240.34 81.031
4317.51 80.964
4396.09 80.869
4476.1 80.748
4557.56 80.6
4640.5 80.423
4724.96 80.214
4810.95 79.972
4898.51 79.693
4987.66 79.379
5078.43 79.035
5170.86 78.67
5264.97 78.298
5360.79 77.934
5458.35 77.593
5557.69 77.288
5658.84 77.03
5761.82 76.83
5866.69 76.694
5973.46 76.622
6082.17 76.609
6192.87 76.645
6305.57 76.719
6420.33 76.82
6537.18 76.938
6656.15 77.064
6777.29 77.198
6900.63 77.34
7026.22 77.493
7154.1 77.657
7284.3 77.832
7416.87 78.011
7551.85 78.183
7689.29 78.333
7829.23 78.443
7971.72 78.499
8116.8 78.49
8264.53 78.415
8414.94 78.278
8568.09 78.09
8724.02 77.866
8882.79 77.624
9044.46 77.378
9209.06 77.138
9376.66 76.912
9547.31 76.706
9721.07 76.53
9897.99 76.394
10078.13 76.307
10261.55 76.271
10448.3 76.28
10638.45 76.324
10832.07 76.386
11029.21 76.451
11229.94 76.504
11434.32 76.533
11642.41 76.529
11854.3 76.485
12070.04 76.4
12289.71 76.281
12513.38 76.143
12741.12 76.02
12973 75.962
13209.1 76.023
13449.5 76.25
13694.28 76.653
13943.51 77.183
14197.27 77.731
14455.66 78.149
14718.74 78.297
14986.62 78.082
15259.37 77.481
15537.08 76.544
15819.85 75.377
16107.76 74.127
16400.92 72.951
16699.41 71.985
17003.33 71.309
17312.78 70.916
17627.86 70.705
17948.68 70.519
18275.34 70.21
18607.94 69.681
18946.6 68.91
19291.42 67.939
19642.52 66.85
20000 65.721