20 80.557
20.36 80.541
20.73 80.524
21.11 80.509
21.5 80.496
21.89 80.484
22.29 80.473
22.69 80.463
23.1 80.451
23.52 80.441
23.95 80.428
24.39 80.415
24.83 80.4
25.28 80.385
25.74 80.366
26.21 80.35
26.69 80.333
27.18 80.315
27.67 80.3
28.17 80.283
28.69 80.267
29.21 80.252
29.74 80.237
30.28 80.22
30.83 80.204
31.39 80.187
31.97 80.167
32.55 80.147
33.14 80.127
33.74 80.104
34.36 80.081
34.98 80.056
35.62 80.031
36.27 80.005
36.93 79.976
37.6 79.948
38.28 79.922
38.98 79.893
39.69 79.865
40.41 79.837
41.15 79.809
41.9 79.782
42.66 79.756
43.44 79.731
44.23 79.706
45.03 79.681
45.85 79.656
46.68 79.63
47.53 79.603
48.4 79.575
49.28 79.545
50.18 79.515
51.09 79.484
52.02 79.452
52.97 79.421
53.93 79.391
54.91 79.361
55.91 79.333
56.93 79.303
57.97 79.273
59.02 79.241
60.09 79.207
61.19 79.172
62.3 79.135
63.44 79.099
64.59 79.061
65.77 79.022
66.96 78.984
68.18 78.948
69.42 78.91
70.69 78.873
71.97 78.837
73.28 78.8
74.62 78.764
75.97 78.727
77.36 78.689
78.76 78.649
80.2 78.608
81.66 78.561
83.14 78.511
84.66 78.458
86.2 78.402
87.77 78.344
89.36 78.284
90.99 78.223
92.65 78.165
94.33 78.105
96.05 78.047
97.8 77.99
99.58 77.934
101.39 77.877
103.23 77.823
105.11 77.77
107.03 77.715
108.97 77.66
110.96 77.602
112.98 77.542
115.03 77.478
117.13 77.413
119.26 77.346
121.43 77.28
123.64 77.217
125.89 77.157
128.18 77.103
130.51 77.051
132.89 77.005
135.31 76.965
137.77 76.928
140.28 76.895
142.83 76.862
145.43 76.824
148.07 76.779
150.77 76.728
153.51 76.666
156.31 76.601
159.15 76.537
162.05 76.475
165 76.421
168 76.377
171.06 76.346
174.17 76.328
177.34 76.316
180.57 76.308
183.86 76.298
187.2 76.281
190.61 76.253
194.08 76.213
197.61 76.165
201.21 76.107
204.87 76.044
208.6 75.978
212.39 75.908
216.26 75.838
220.19 75.767
224.2 75.699
228.28 75.632
232.44 75.566
236.67 75.503
240.97 75.442
245.36 75.382
249.82 75.324
254.37 75.271
259 75.221
263.71 75.173
268.51 75.128
273.4 75.087
278.38 75.047
283.44 75.009
288.6 74.97
293.85 74.934
299.2 74.894
304.65 74.851
310.19 74.806
315.84 74.76
321.59 74.712
327.44 74.663
333.4 74.617
339.47 74.571
345.64 74.524
351.93 74.479
358.34 74.436
364.86 74.393
371.5 74.351
378.26 74.313
385.15 74.275
392.16 74.24
399.29 74.207
406.56 74.176
413.96 74.146
421.49 74.118
429.16 74.093
436.97 74.069
444.93 74.046
453.02 74.025
461.27 74.001
469.66 73.975
478.21 73.947
486.91 73.915
495.78 73.882
504.8 73.849
513.99 73.816
523.34 73.784
532.87 73.752
542.56 73.721
552.44 73.693
562.49 73.665
572.73 73.636
583.15 73.611
593.77 73.587
604.57 73.567
615.57 73.552
626.78 73.542
638.18 73.54
649.8 73.547
661.63 73.56
673.67 73.58
685.93 73.605
698.41 73.631
711.12 73.66
724.06 73.689
737.24 73.723
750.66 73.757
764.32 73.799
778.23 73.845
792.39 73.897
806.82 73.957
821.5 74.023
836.45 74.094
851.67 74.169
867.17 74.245
882.96 74.325
899.02 74.406
915.39 74.491
932.05 74.58
949.01 74.675
966.28 74.78
983.87 74.891
1001.77 75.012
1020 75.141
1038.57 75.279
1057.47 75.423
1076.71 75.569
1096.31 75.717
1116.26 75.865
1136.58 76.011
1157.26 76.155
1178.32 76.298
1199.77 76.439
1221.6 76.577
1243.84 76.709
1266.47 76.839
1289.52 76.963
1312.99 77.084
1336.89 77.205
1361.22 77.327
1385.99 77.451
1411.22 77.577
1436.9 77.703
1463.05 77.826
1489.68 77.947
1516.79 78.062
1544.4 78.169
1572.5 78.269
1601.12 78.36
1630.26 78.445
1659.93 78.521
1690.14 78.591
1720.9 78.654
1752.22 78.714
1784.11 78.773
1816.58 78.833
1849.64 78.896
1883.3 78.964
1917.58 79.039
1952.48 79.119
1988.01 79.202
2024.19 79.286
2061.03 79.369
2098.54 79.452
2136.73 79.537
2175.62 79.628
2215.22 79.733
2255.53 79.86
2296.58 80.018
2338.38 80.205
2380.94 80.421
2424.27 80.655
2468.39 80.889
2513.31 81.105
2559.05 81.286
2605.63 81.418
2653.05 81.498
2701.33 81.525
2750.5 81.506
2800.55 81.458
2851.52 81.392
2903.42 81.32
2956.26 81.257
3010.06 81.208
3064.85 81.176
3120.62 81.163
3177.42 81.164
3235.25 81.178
3294.13 81.203
3354.08 81.236
3415.12 81.287
3477.27 81.359
3540.56 81.46
3605 81.593
3670.6 81.757
3737.41 81.946
3805.43 82.153
3874.68 82.369
3945.2 82.585
4017 82.791
4090.11 82.978
4164.55 83.139
4240.34 83.263
4317.51 83.346
4396.09 83.381
4476.1 83.363
4557.56 83.293
4640.5 83.174
4724.96 83.008
4810.95 82.801
4898.51 82.563
4987.66 82.303
5078.43 82.032
5170.86 81.76
5264.97 81.496
5360.79 81.247
5458.35 81.017
5557.69 80.801
5658.84 80.6
5761.82 80.41
5866.69 80.22
5973.46 80.028
6082.17 79.822
6192.87 79.603
6305.57 79.371
6420.33 79.134
6537.18 78.905
6656.15 78.699
6777.29 78.535
6900.63 78.427
7026.22 78.385
7154.1 78.405
7284.3 78.475
7416.87 78.571
7551.85 78.661
7689.29 78.705
7829.23 78.676
7971.72 78.548
8116.8 78.314
8264.53 77.984
8414.94 77.58
8568.09 77.137
8724.02 76.699
8882.79 76.308
9044.46 76.002
9209.06 75.808
9376.66 75.727
9547.31 75.734
9721.07 75.78
9897.99 75.8
10078.13 75.719
10261.55 75.476
10448.3 75.038
10638.45 74.413
10832.07 73.646
11029.21 72.822
11229.94 72.025
11434.32 71.338
11642.41 70.814
11854.3 70.469
12070.04 70.293
12289.71 70.261
12513.38 70.353
12741.12 70.558
12973 70.884
13209.1 71.335
13449.5 71.911
13694.28 72.594
13943.51 73.353
14197.27 74.146
14455.66 74.937
14718.74 75.707
14986.62 76.442
15259.37 77.116
15537.08 77.653
15819.85 77.919
16107.76 77.73
16400.92 76.894
16699.41 75.246
17003.33 72.687
17312.78 69.186
17627.86 64.799
17948.68 59.652
18275.34 53.927
18607.94 47.82
18946.6 41.514
19291.42 35.148
19642.52 28.796
20000 22.468