20 80.924
20.36 80.946
20.73 80.969
21.11 80.991
21.5 81.012
21.89 81.034
22.29 81.056
22.69 81.078
23.1 81.099
23.52 81.12
23.95 81.141
24.39 81.162
24.83 81.182
25.28 81.203
25.74 81.222
26.21 81.242
26.69 81.26
27.18 81.279
27.67 81.297
28.17 81.314
28.69 81.331
29.21 81.348
29.74 81.364
30.28 81.379
30.83 81.393
31.39 81.407
31.97 81.42
32.55 81.433
33.14 81.444
33.74 81.455
34.36 81.465
34.98 81.474
35.62 81.482
36.27 81.489
36.93 81.495
37.6 81.5
38.28 81.504
38.98 81.506
39.69 81.507
40.41 81.507
41.15 81.505
41.9 81.502
42.66 81.498
43.44 81.492
44.23 81.484
45.03 81.475
45.85 81.464
46.68 81.451
47.53 81.435
48.4 81.413
49.28 81.384
50.18 81.346
51.09 81.295
52.02 81.231
52.97 81.152
53.93 81.054
54.91 80.937
55.91 80.798
56.93 80.634
57.97 80.445
59.02 80.226
60.09 79.985
61.19 79.732
62.3 79.485
63.44 79.256
64.59 79.062
65.77 78.917
66.96 78.835
68.18 78.832
69.42 78.922
70.69 79.121
71.97 79.441
73.28 79.881
74.62 80.409
75.97 80.997
77.36 81.613
78.76 82.227
80.2 82.808
81.66 83.325
83.14 83.749
84.66 84.048
86.2 84.199
87.77 84.214
89.36 84.117
90.99 83.928
92.65 83.669
94.33 83.365
96.05 83.036
97.8 82.705
99.58 82.392
101.39 82.103
103.23 81.843
105.11 81.618
107.03 81.431
108.97 81.288
110.96 81.192
112.98 81.142
115.03 81.126
117.13 81.138
119.26 81.168
121.43 81.206
123.64 81.243
125.89 81.271
128.18 81.283
130.51 81.271
132.89 81.229
135.31 81.15
137.77 81.028
140.28 80.866
142.83 80.672
145.43 80.457
148.07 80.23
150.77 80
153.51 79.773
156.31 79.554
159.15 79.347
162.05 79.156
165 78.984
168 78.826
171.06 78.678
174.17 78.538
177.34 78.4
180.57 78.265
183.86 78.132
187.2 78.002
190.61 77.875
194.08 77.753
197.61 77.64
201.21 77.538
204.87 77.449
208.6 77.369
212.39 77.296
216.26 77.225
220.19 77.154
224.2 77.075
228.28 76.984
232.44 76.881
236.67 76.766
240.97 76.641
245.36 76.508
249.82 76.372
254.37 76.238
259 76.112
263.71 75.995
268.51 75.889
273.4 75.794
278.38 75.708
283.44 75.631
288.6 75.56
293.85 75.494
299.2 75.431
304.65 75.371
310.19 75.311
315.84 75.251
321.59 75.188
327.44 75.122
333.4 75.054
339.47 74.983
345.64 74.91
351.93 74.837
358.34 74.764
364.86 74.691
371.5 74.62
378.26 74.551
385.15 74.484
392.16 74.418
399.29 74.353
406.56 74.292
413.96 74.233
421.49 74.178
429.16 74.127
436.97 74.079
444.93 74.035
453.02 73.995
461.27 73.958
469.66 73.924
478.21 73.893
486.91 73.864
495.78 73.836
504.8 73.81
513.99 73.784
523.34 73.759
532.87 73.734
542.56 73.711
552.44 73.69
562.49 73.671
572.73 73.657
583.15 73.647
593.77 73.642
604.57 73.64
615.57 73.641
626.78 73.645
638.18 73.649
649.8 73.653
661.63 73.656
673.67 73.656
685.93 73.655
698.41 73.652
711.12 73.649
724.06 73.646
737.24 73.647
750.66 73.654
764.32 73.674
778.23 73.705
792.39 73.749
806.82 73.805
821.5 73.869
836.45 73.942
851.67 74.02
867.17 74.104
882.96 74.195
899.02 74.292
915.39 74.395
932.05 74.506
949.01 74.624
966.28 74.748
983.87 74.878
1001.77 75.013
1020 75.154
1038.57 75.3
1057.47 75.453
1076.71 75.61
1096.31 75.771
1116.26 75.935
1136.58 76.098
1157.26 76.261
1178.32 76.422
1199.77 76.58
1221.6 76.734
1243.84 76.884
1266.47 77.029
1289.52 77.171
1312.99 77.308
1336.89 77.439
1361.22 77.566
1385.99 77.69
1411.22 77.814
1436.9 77.939
1463.05 78.068
1489.68 78.202
1516.79 78.344
1544.4 78.495
1572.5 78.655
1601.12 78.822
1630.26 78.999
1659.93 79.185
1690.14 79.38
1720.9 79.584
1752.22 79.794
1784.11 80.009
1816.58 80.225
1849.64 80.442
1883.3 80.655
1917.58 80.863
1952.48 81.065
1988.01 81.26
2024.19 81.45
2061.03 81.637
2098.54 81.819
2136.73 81.997
2175.62 82.169
2215.22 82.335
2255.53 82.491
2296.58 82.638
2338.38 82.774
2380.94 82.898
2424.27 83.011
2468.39 83.108
2513.31 83.19
2559.05 83.253
2605.63 83.295
2653.05 83.315
2701.33 83.31
2750.5 83.281
2800.55 83.228
2851.52 83.153
2903.42 83.058
2956.26 82.946
3010.06 82.819
3064.85 82.679
3120.62 82.531
3177.42 82.376
3235.25 82.22
3294.13 82.065
3354.08 81.915
3415.12 81.774
3477.27 81.641
3540.56 81.517
3605 81.398
3670.6 81.281
3737.41 81.163
3805.43 81.041
3874.68 80.913
3945.2 80.781
4017 80.643
4090.11 80.5
4164.55 80.354
4240.34 80.202
4317.51 80.044
4396.09 79.879
4476.1 79.709
4557.56 79.534
4640.5 79.358
4724.96 79.184
4810.95 79.015
4898.51 78.855
4987.66 78.703
5078.43 78.564
5170.86 78.437
5264.97 78.324
5360.79 78.225
5458.35 78.14
5557.69 78.07
5658.84 78.015
5761.82 77.974
5866.69 77.946
5973.46 77.93
6082.17 77.926
6192.87 77.935
6305.57 77.959
6420.33 78
6537.18 78.064
6656.15 78.158
6777.29 78.287
6900.63 78.461
7026.22 78.685
7154.1 78.967
7284.3 79.303
7416.87 79.683
7551.85 80.081
7689.29 80.458
7829.23 80.765
7971.72 80.95
8116.8 80.975
8264.53 80.81
8414.94 80.449
8568.09 79.903
8724.02 79.202
8882.79 78.388
9044.46 77.509
9209.06 76.618
9376.66 75.763
9547.31 74.988
9721.07 74.324
9897.99 73.789
10078.13 73.389
10261.55 73.11
10448.3 72.934
10638.45 72.837
10832.07 72.808
11029.21 72.857
11229.94 73.027
11434.32 73.369
11642.41 73.887
11854.3 74.502
12070.04 75.066
12289.71 75.416
12513.38 75.436
12741.12 75.088
12973 74.416
13209.1 73.528
13449.5 72.552
13694.28 71.604
13943.51 70.762
14197.27 70.055
14455.66 69.464
14718.74 68.94
14986.62 68.42
15259.37 67.845
15537.08 67.179
15819.85 66.411
16107.76 65.558
16400.92 64.658
16699.41 63.754
17003.33 62.883
17312.78 62.072
17627.86 61.331
17948.68 60.656
18275.34 60.027
18607.94 59.421
18946.6 58.821
19291.42 58.215
19642.52 57.607
20000 56.999