20 9.96
20.2 9.97
20.4 9.97
20.61 9.98
20.81 9.99
21.02 10
21.23 10.01
21.44 10.01
21.66 10.02
21.87 10.03
22.09 10.03
22.31 10.04
22.54 10.04
22.76 10.05
22.99 10.05
23.22 10.06
23.45 10.06
23.69 10.07
23.92 10.07
24.16 10.08
24.4 10.08
24.65 10.09
24.89 10.09
25.14 10.09
25.39 10.1
25.65 10.1
25.91 10.1
26.16 10.1
26.43 10.1
26.69 10.1
26.96 10.1
27.23 10.09
27.5 10.09
27.77 10.08
28.05 10.08
28.33 10.08
28.62 10.08
28.9 10.07
29.19 10.07
29.48 10.07
29.78 10.06
30.08 10.05
30.38 10.05
30.68 10.04
30.99 10.03
31.3 10.02
31.61 10.01
31.93 10.01
32.24 10
32.57 10
32.89 9.99
33.22 9.98
33.55 9.97
33.89 9.96
34.23 9.95
34.57 9.94
34.92 9.93
35.27 9.92
35.62 9.91
35.97 9.9
36.33 9.89
36.7 9.88
37.06 9.87
37.43 9.86
37.81 9.84
38.19 9.82
38.57 9.8
38.95 9.78
39.34 9.76
39.74 9.75
40.14 9.74
40.54 9.72
40.94 9.7
41.35 9.68
41.76 9.66
42.18 9.64
42.6 9.62
43.03 9.6
43.46 9.58
43.9 9.56
44.33 9.54
44.78 9.52
45.23 9.49
45.68 9.47
46.13 9.44
46.6 9.43
47.06 9.41
47.53 9.38
48.01 9.34
48.49 9.3
48.97 9.26
49.46 9.23
49.96 9.2
50.46 9.19
50.96 9.16
51.47 9.14
51.99 9.1
52.51 9.06
53.03 9.02
53.56 8.98
54.1 8.94
54.64 8.9
55.18 8.87
55.74 8.85
56.29 8.82
56.86 8.78
57.42 8.75
58 8.71
58.58 8.68
59.16 8.65
59.76 8.6
60.35 8.55
60.96 8.51
61.57 8.47
62.18 8.43
62.8 8.39
63.43 8.34
64.07 8.29
64.71 8.24
65.35 8.19
66.01 8.15
66.67 8.1
67.33 8.05
68.01 8
68.69 7.95
69.37 7.9
70.07 7.85
70.77 7.79
71.48 7.74
72.19 7.69
72.91 7.63
73.64 7.57
74.38 7.51
75.12 7.46
75.87 7.4
76.63 7.34
77.4 7.28
78.17 7.22
78.95 7.16
79.74 7.1
80.54 7.04
81.35 6.97
82.16 6.91
82.98 6.84
83.81 6.77
84.65 6.71
85.5 6.64
86.35 6.57
87.22 6.5
88.09 6.43
88.97 6.36
89.86 6.29
90.76 6.22
91.66 6.15
92.58 6.08
93.51 5.99
94.44 5.91
95.39 5.83
96.34 5.75
97.3 5.67
98.28 5.59
99.26 5.51
100.25 5.43
101.25 5.34
102.27 5.25
103.29 5.16
104.32 5.08
105.37 5
106.42 4.91
107.48 4.83
108.56 4.74
109.64 4.65
110.74 4.56
111.85 4.47
112.97 4.38
114.1 4.29
115.24 4.19
116.39 4.1
117.55 4.01
118.73 3.92
119.92 3.83
121.12 3.73
122.33 3.62
123.55 3.52
124.79 3.42
126.03 3.32
127.29 3.22
128.57 3.12
129.85 3.02
131.15 2.91
132.46 2.81
133.79 2.71
135.12 2.61
136.48 2.51
137.84 2.41
139.22 2.3
140.61 2.2
142.02 2.1
143.44 1.99
144.87 1.89
146.32 1.79
147.78 1.68
149.26 1.58
150.75 1.48
152.26 1.37
153.78 1.27
155.32 1.17
156.88 1.07
158.44 0.97
160.03 0.87
161.63 0.77
163.24 0.68
164.88 0.58
166.53 0.48
168.19 0.39
169.87 0.29
171.57 0.2
173.29 0.11
175.02 0.02
176.77 -0.06
178.54 -0.15
180.32 -0.23
182.13 -0.31
183.95 -0.39
185.79 -0.47
187.65 -0.55
189.52 -0.62
191.42 -0.69
193.33 -0.76
195.27 -0.83
197.22 -0.89
199.19 -0.95
201.18 -1.01
203.19 -1.07
205.23 -1.12
207.28 -1.17
209.35 -1.22
211.44 -1.27
213.56 -1.31
215.69 -1.35
217.85 -1.39
220.03 -1.43
222.23 -1.46
224.45 -1.49
226.7 -1.52
228.96 -1.55
231.25 -1.57
233.57 -1.6
235.9 -1.62
238.26 -1.64
240.64 -1.65
243.05 -1.67
245.48 -1.68
247.93 -1.69
250.41 -1.7
252.92 -1.71
255.45 -1.72
258 -1.72
260.58 -1.72
263.19 -1.73
265.82 -1.73
268.48 -1.73
271.16 -1.73
273.87 -1.72
276.61 -1.72
279.38 -1.72
282.17 -1.72
284.99 -1.71
287.84 -1.71
290.72 -1.7
293.63 -1.7
296.57 -1.69
299.53 -1.68
302.53 -1.68
305.55 -1.67
308.61 -1.66
311.69 -1.66
314.81 -1.65
317.96 -1.64
321.14 -1.64
324.35 -1.63
327.59 -1.62
330.87 -1.62
334.18 -1.61
337.52 -1.6
340.9 -1.6
344.3 -1.59
347.75 -1.59
351.23 -1.58
354.74 -1.58
358.28 -1.57
361.87 -1.57
365.49 -1.56
369.14 -1.56
372.83 -1.56
376.56 -1.55
380.33 -1.55
384.13 -1.55
387.97 -1.55
391.85 -1.55
395.77 -1.55
399.73 -1.54
403.72 -1.54
407.76 -1.54
411.84 -1.55
415.96 -1.55
420.12 -1.55
424.32 -1.55
428.56 -1.55
432.85 -1.55
437.18 -1.56
441.55 -1.56
445.96 -1.56
450.42 -1.56
454.93 -1.57
459.48 -1.57
464.07 -1.57
468.71 -1.58
473.4 -1.58
478.13 -1.59
482.91 -1.59
487.74 -1.6
492.62 -1.6
497.55 -1.61
502.52 -1.61
507.55 -1.62
512.62 -1.62
517.75 -1.63
522.93 -1.63
528.16 -1.64
533.44 -1.64
538.77 -1.65
544.16 -1.65
549.6 -1.66
555.1 -1.66
560.65 -1.66
566.25 -1.67
571.92 -1.67
577.64 -1.67
583.41 -1.68
589.25 -1.68
595.14 -1.68
601.09 -1.68
607.1 -1.68
613.17 -1.68
619.3 -1.68
625.5 -1.68
631.75 -1.68
638.07 -1.68
644.45 -1.68
650.89 -1.67
657.4 -1.67
663.98 -1.66
670.62 -1.66
677.32 -1.65
684.1 -1.64
690.94 -1.63
697.85 -1.62
704.83 -1.61
711.87 -1.59
718.99 -1.58
726.18 -1.56
733.44 -1.55
740.78 -1.53
748.19 -1.51
755.67 -1.48
763.23 -1.46
770.86 -1.43
778.57 -1.41
786.35 -1.38
794.22 -1.34
802.16 -1.31
810.18 -1.27
818.28 -1.24
826.46 -1.2
834.73 -1.15
843.08 -1.11
851.51 -1.06
860.02 -1.01
868.62 -0.96
877.31 -0.91
886.08 -0.85
894.94 -0.79
903.89 -0.73
912.93 -0.67
922.06 -0.6
931.28 -0.53
940.59 -0.46
950 -0.39
959.5 -0.32
969.09 -0.24
978.78 -0.17
988.57 -0.09
998.46 -0.01
1008.44 0.07
1018.53 0.15
1028.71 0.23
1039 0.31
1049.39 0.39
1059.88 0.47
1070.48 0.55
1081.19 0.63
1092 0.71
1102.92 0.79
1113.95 0.87
1125.09 0.95
1136.34 1.02
1147.7 1.1
1159.18 1.17
1170.77 1.24
1182.48 1.31
1194.3 1.38
1206.25 1.44
1218.31 1.51
1230.49 1.57
1242.8 1.64
1255.22 1.7
1267.78 1.76
1280.45 1.81
1293.26 1.87
1306.19 1.92
1319.25 1.98
1332.45 2.03
1345.77 2.09
1359.23 2.14
1372.82 2.19
1386.55 2.24
1400.41 2.29
1414.42 2.34
1428.56 2.39
1442.85 2.44
1457.28 2.49
1471.85 2.54
1486.57 2.59
1501.43 2.64
1516.45 2.69
1531.61 2.74
1546.93 2.79
1562.4 2.84
1578.02 2.9
1593.8 2.95
1609.74 3.01
1625.84 3.06
1642.1 3.12
1658.52 3.18
1675.1 3.23
1691.85 3.29
1708.77 3.35
1725.86 3.41
1743.12 3.47
1760.55 3.54
1778.15 3.6
1795.94 3.67
1813.9 3.73
1832.03 3.8
1850.36 3.87
1868.86 3.94
1887.55 4.01
1906.42 4.08
1925.49 4.15
1944.74 4.22
1964.19 4.3
1983.83 4.37
2003.67 4.45
2023.71 4.52
2043.94 4.6
2064.38 4.68
2085.03 4.75
2105.88 4.83
2126.94 4.91
2148.2 4.99
2169.69 5.07
2191.38 5.15
2213.3 5.23
2235.43 5.32
2257.78 5.4
2280.36 5.48
2303.17 5.57
2326.2 5.65
2349.46 5.74
2372.95 5.82
2396.68 5.91
2420.65 6
2444.86 6.08
2469.31 6.17
2494 6.25
2518.94 6.34
2544.13 6.42
2569.57 6.5
2595.27 6.58
2621.22 6.67
2647.43 6.75
2673.9 6.82
2700.64 6.9
2727.65 6.97
2754.93 7.05
2782.48 7.12
2810.3 7.18
2838.4 7.25
2866.79 7.31
2895.46 7.38
2924.41 7.43
2953.65 7.49
2983.19 7.53
3013.02 7.58
3043.15 7.62
3073.58 7.65
3104.32 7.68
3135.36 7.7
3166.72 7.72
3198.38 7.73
3230.37 7.74
3262.67 7.74
3295.3 7.73
3328.25 7.72
3361.53 7.7
3395.15 7.67
3429.1 7.64
3463.39 7.6
3498.03 7.56
3533.01 7.51
3568.34 7.46
3604.02 7.4
3640.06 7.34
3676.46 7.28
3713.22 7.21
3750.36 7.14
3787.86 7.07
3825.74 6.99
3864 6.91
3902.64 6.82
3941.66 6.73
3981.08 6.63
4020.89 6.53
4061.1 6.43
4101.71 6.32
4142.73 6.22
4184.15 6.11
4226 6
4268.26 5.88
4310.94 5.77
4354.05 5.66
4397.59 5.54
4441.56 5.43
4485.98 5.31
4530.84 5.19
4576.15 5.06
4621.91 4.94
4668.13 4.81
4714.81 4.68
4761.96 4.54
4809.58 4.41
4857.67 4.27
4906.25 4.13
4955.31 3.99
5004.87 3.85
5054.91 3.71
5105.46 3.58
5156.52 3.44
5208.08 3.31
5260.16 3.18
5312.77 3.06
5365.89 2.94
5419.55 2.83
5473.75 2.72
5528.49 2.61
5583.77 2.52
5639.61 2.43
5696 2.34
5752.96 2.28
5810.49 2.21
5868.6 2.17
5927.28 2.14
5986.56 2.11
6046.42 2.11
6106.89 2.12
6167.96 2.15
6229.64 2.2
6291.93 2.27
6354.85 2.36
6418.4 2.47
6482.58 2.61
6547.41 2.78
6612.88 2.97
6679.01 3.2
6745.8 3.47
6813.26 3.77
6881.39 4.12
6950.21 4.52
7019.71 4.96
7089.91 5.44
7160.81 5.99
7232.41 6.58
7304.74 7.21
7377.79 7.86
7451.56 8.47
7526.08 8.98
7601.34 9.34
7677.35 9.36
7754.13 9.23
7831.67 8.6
7909.98 7.83
7989.08 6.85
8068.98 5.79
8149.67 4.75
8231.16 3.74
8313.47 2.83
8396.61 2
8480.57 1.32
8565.38 0.79
8651.03 0.37
8737.54 0.08
8824.92 -0.09
8913.17 -0.12
9002.3 -0.1
9092.32 0.05
9183.25 0.31
9275.08 0.65
9367.83 1.11
9461.51 1.71
9556.12 2.43
9651.68 3.3
9748.2 4.29
9845.68 5.44
9944.14 6.51
10043.58 7.3
10144.02 7.75
10245.46 7.23
10347.91 6.29
10451.39 4.89
10555.91 3.27
10661.46 1.71
10768.08 0.21
10875.76 -1.12
10984.52 -2.31
11094.36 -3.42
11205.31 -4.42
11317.36 -5.3
11430.53 -6.13
11544.84 -6.88
11660.29 -7.57
11776.89 -8.24
11894.66 -8.81
12013.6 -9.37
12133.74 -9.9
12255.08 -10.37
12377.63 -10.82
12501.41 -11.24
12626.42 -11.63
12752.68 -11.99
12880.21 -12.31
13009.01 -12.6
13139.1 -12.89
13270.49 -13.13
13403.2 -13.35
13537.23 -13.52
13672.6 -13.7
13809.33 -13.87
13947.42 -13.97
14086.9 -14.02
14227.77 -14.05
14370.04 -14.04
14513.74 -13.98
14658.88 -13.86
14805.47 -13.7
14953.52 -13.49
15103.06 -13.21
15254.09 -12.9
15406.63 -12.45
15560.7 -11.93
15716.3 -11.32
15873.47 -10.56
16032.2 -9.72
16192.52 -8.75
16354.45 -7.74
16517.99 -6.77
16683.17 -6.19
16850.01 -6.19
17018.51 -6.66
17188.69 -7.94
17360.58 -9.45
17534.18 -11.07
17709.53 -12.67
17886.62 -14.13
18065.49 -15.49
18246.14 -16.73
18428.6 -17.8
18612.89 -18.79
18799.02 -19.71
18987.01 -20.56
19176.88 -21.34
19368.65 -22.01
19562.33 -22.58
19757.96 -23.09
19955.54 -23.58