20 -14.5
20.2 -14.39
20.4 -14.28
20.61 -14.18
20.81 -14.15
21.02 -14.13
21.23 -14.13
21.44 -14.11
21.66 -14.04
21.87 -13.97
22.09 -13.85
22.31 -13.73
22.54 -13.62
22.76 -13.53
22.99 -13.47
23.22 -13.43
23.45 -13.39
23.69 -13.35
23.92 -13.3
24.16 -13.21
24.4 -13.07
24.65 -12.9
24.89 -12.72
25.14 -12.53
25.39 -12.36
25.65 -12.2
25.91 -12.05
26.16 -11.9
26.43 -11.74
26.69 -11.59
26.96 -11.45
27.23 -11.33
27.5 -11.27
27.77 -11.26
28.05 -11.27
28.33 -11.28
28.62 -11.27
28.9 -11.2
29.19 -11.03
29.48 -10.81
29.78 -10.5
30.08 -10.18
30.38 -9.9
30.68 -9.71
30.99 -9.63
31.3 -9.63
31.61 -9.69
31.93 -9.78
32.24 -9.78
32.57 -9.71
32.89 -9.48
33.22 -9.2
33.55 -8.92
33.89 -8.72
34.23 -8.61
34.57 -8.56
34.92 -8.55
35.27 -8.5
35.62 -8.41
35.97 -8.26
36.33 -8.11
36.7 -7.99
37.06 -7.91
37.43 -7.85
37.81 -7.77
38.19 -7.68
38.57 -7.55
38.95 -7.45
39.34 -7.35
39.74 -7.27
40.14 -7.21
40.54 -7.15
40.94 -7.03
41.35 -6.9
41.76 -6.74
42.18 -6.61
42.6 -6.5
43.03 -6.43
43.46 -6.35
43.9 -6.25
44.33 -6.11
44.78 -6.01
45.23 -5.94
45.68 -5.91
46.13 -5.88
46.6 -5.76
47.06 -5.63
47.53 -5.53
48.01 -5.54
48.49 -5.58
48.97 -5.6
49.46 -5.59
49.96 -5.56
50.46 -5.57
50.96 -5.57
51.47 -5.53
51.99 -5.46
52.51 -5.43
53.03 -5.44
53.56 -5.47
54.1 -5.42
54.64 -5.29
55.18 -5.12
55.74 -4.99
56.29 -4.88
56.86 -4.79
57.42 -4.77
58 -4.78
58.58 -4.77
59.16 -4.74
59.76 -4.65
60.35 -4.61
60.96 -4.59
61.57 -4.56
62.18 -4.48
62.8 -4.4
63.43 -4.29
64.07 -4.16
64.71 -3.97
65.35 -3.81
66.01 -3.67
66.67 -3.54
67.33 -3.43
68.01 -3.35
68.69 -3.26
69.37 -3.18
70.07 -3.1
70.77 -3.01
71.48 -2.93
72.19 -2.86
72.91 -2.86
73.64 -2.75
74.38 -2.62
75.12 -2.5
75.87 -2.43
76.63 -2.37
77.4 -2.3
78.17 -2.26
78.95 -2.22
79.74 -2.16
80.54 -2.09
81.35 -2.03
82.16 -1.96
82.98 -1.94
83.81 -1.95
84.65 -1.85
85.5 -1.74
86.35 -1.64
87.22 -1.65
88.09 -1.61
88.97 -1.55
89.86 -1.51
90.76 -1.5
91.66 -1.46
92.58 -1.38
93.51 -1.32
94.44 -1.28
95.39 -1.23
96.34 -1.19
97.3 -1.16
98.28 -1.16
99.26 -1.16
100.25 -1.15
101.25 -1.13
102.27 -1.12
103.29 -1.11
104.32 -1.08
105.37 -1.04
106.42 -1.01
107.48 -1
108.56 -0.98
109.64 -0.96
110.74 -0.95
111.85 -0.93
112.97 -0.89
114.1 -0.85
115.24 -0.82
116.39 -0.79
117.55 -0.76
118.73 -0.74
119.92 -0.72
121.12 -0.71
122.33 -0.71
123.55 -0.74
124.79 -0.73
126.03 -0.71
127.29 -0.69
128.57 -0.67
129.85 -0.65
131.15 -0.62
132.46 -0.59
133.79 -0.56
135.12 -0.53
136.48 -0.5
137.84 -0.46
139.22 -0.43
140.61 -0.41
142.02 -0.39
143.44 -0.36
144.87 -0.34
146.32 -0.31
147.78 -0.3
149.26 -0.29
150.75 -0.28
152.26 -0.28
153.78 -0.27
155.32 -0.27
156.88 -0.27
158.44 -0.27
160.03 -0.26
161.63 -0.26
163.24 -0.24
164.88 -0.23
166.53 -0.21
168.19 -0.2
169.87 -0.19
171.57 -0.17
173.29 -0.16
175.02 -0.14
176.77 -0.14
178.54 -0.14
180.32 -0.13
182.13 -0.13
183.95 -0.13
185.79 -0.12
187.65 -0.11
189.52 -0.11
191.42 -0.11
193.33 -0.11
195.27 -0.11
197.22 -0.11
199.19 -0.11
201.18 -0.12
203.19 -0.12
205.23 -0.12
207.28 -0.13
209.35 -0.13
211.44 -0.13
213.56 -0.14
215.69 -0.14
217.85 -0.14
220.03 -0.14
222.23 -0.14
224.45 -0.14
226.7 -0.15
228.96 -0.16
231.25 -0.18
233.57 -0.19
235.9 -0.2
238.26 -0.21
240.64 -0.21
243.05 -0.22
245.48 -0.22
247.93 -0.23
250.41 -0.23
252.92 -0.23
255.45 -0.23
258 -0.23
260.58 -0.24
263.19 -0.24
265.82 -0.24
268.48 -0.25
271.16 -0.26
273.87 -0.26
276.61 -0.27
279.38 -0.28
282.17 -0.29
284.99 -0.3
287.84 -0.32
290.72 -0.33
293.63 -0.35
296.57 -0.37
299.53 -0.39
302.53 -0.41
305.55 -0.44
308.61 -0.47
311.69 -0.5
314.81 -0.54
317.96 -0.58
321.14 -0.61
324.35 -0.65
327.59 -0.68
330.87 -0.72
334.18 -0.74
337.52 -0.77
340.9 -0.79
344.3 -0.81
347.75 -0.82
351.23 -0.83
354.74 -0.84
358.28 -0.85
361.87 -0.85
365.49 -0.86
369.14 -0.85
372.83 -0.85
376.56 -0.84
380.33 -0.83
384.13 -0.82
387.97 -0.82
391.85 -0.81
395.77 -0.81
399.73 -0.8
403.72 -0.8
407.76 -0.81
411.84 -0.81
415.96 -0.81
420.12 -0.81
424.32 -0.8
428.56 -0.8
432.85 -0.8
437.18 -0.79
441.55 -0.79
445.96 -0.79
450.42 -0.8
454.93 -0.8
459.48 -0.8
464.07 -0.81
468.71 -0.81
473.4 -0.82
478.13 -0.82
482.91 -0.82
487.74 -0.82
492.62 -0.82
497.55 -0.81
502.52 -0.8
507.55 -0.79
512.62 -0.78
517.75 -0.77
522.93 -0.76
528.16 -0.75
533.44 -0.73
538.77 -0.72
544.16 -0.71
549.6 -0.71
555.1 -0.7
560.65 -0.69
566.25 -0.68
571.92 -0.67
577.64 -0.66
583.41 -0.65
589.25 -0.64
595.14 -0.63
601.09 -0.62
607.1 -0.6
613.17 -0.59
619.3 -0.58
625.5 -0.56
631.75 -0.55
638.07 -0.54
644.45 -0.53
650.89 -0.52
657.4 -0.51
663.98 -0.49
670.62 -0.47
677.32 -0.46
684.1 -0.43
690.94 -0.41
697.85 -0.39
704.83 -0.37
711.87 -0.35
718.99 -0.34
726.18 -0.32
733.44 -0.32
740.78 -0.31
748.19 -0.32
755.67 -0.34
763.23 -0.37
770.86 -0.4
778.57 -0.44
786.35 -0.47
794.22 -0.47
802.16 -0.46
810.18 -0.44
818.28 -0.41
826.46 -0.39
834.73 -0.38
843.08 -0.38
851.51 -0.39
860.02 -0.43
868.62 -0.47
877.31 -0.49
886.08 -0.48
894.94 -0.43
903.89 -0.37
912.93 -0.3
922.06 -0.23
931.28 -0.16
940.59 -0.11
950 -0.08
959.5 -0.08
969.09 -0.07
978.78 -0.06
988.57 -0.03
998.46 0
1008.44 0.02
1018.53 0.05
1028.71 0.08
1039 0.11
1049.39 0.14
1059.88 0.17
1070.48 0.21
1081.19 0.25
1092 0.28
1102.92 0.34
1113.95 0.39
1125.09 0.44
1136.34 0.49
1147.7 0.52
1159.18 0.57
1170.77 0.62
1182.48 0.66
1194.3 0.7
1206.25 0.74
1218.31 0.77
1230.49 0.79
1242.8 0.81
1255.22 0.85
1267.78 0.89
1280.45 0.94
1293.26 0.97
1306.19 1
1319.25 1.03
1332.45 1.04
1345.77 1.05
1359.23 1.07
1372.82 1.08
1386.55 1.08
1400.41 1.08
1414.42 1.1
1428.56 1.12
1442.85 1.13
1457.28 1.15
1471.85 1.17
1486.57 1.2
1501.43 1.23
1516.45 1.25
1531.61 1.28
1546.93 1.33
1562.4 1.36
1578.02 1.38
1593.8 1.43
1609.74 1.5
1625.84 1.58
1642.1 1.64
1658.52 1.69
1675.1 1.74
1691.85 1.73
1708.77 1.73
1725.86 1.73
1743.12 1.8
1760.55 1.86
1778.15 1.95
1795.94 2.08
1813.9 2.2
1832.03 2.3
1850.36 2.38
1868.86 2.44
1887.55 2.47
1906.42 2.49
1925.49 2.52
1944.74 2.55
1964.19 2.61
1983.83 2.69
2003.67 2.78
2023.71 2.91
2043.94 3.05
2064.38 3.19
2085.03 3.32
2105.88 3.43
2126.94 3.54
2148.2 3.64
2169.69 3.73
2191.38 3.85
2213.3 3.97
2235.43 4.08
2257.78 4.18
2280.36 4.26
2303.17 4.35
2326.2 4.45
2349.46 4.59
2372.95 4.77
2396.68 4.96
2420.65 5.13
2444.86 5.26
2469.31 5.36
2494 5.42
2518.94 5.5
2544.13 5.59
2569.57 5.7
2595.27 5.82
2621.22 5.95
2647.43 6.07
2673.9 6.2
2700.64 6.32
2727.65 6.4
2754.93 6.47
2782.48 6.55
2810.3 6.63
2838.4 6.69
2866.79 6.75
2895.46 6.8
2924.41 6.88
2953.65 6.96
2983.19 7.05
3013.02 7.1
3043.15 7.09
3073.58 7.04
3104.32 7.01
3135.36 7
3166.72 7
3198.38 7
3230.37 6.94
3262.67 6.86
3295.3 6.77
3328.25 6.68
3361.53 6.58
3395.15 6.47
3429.1 6.35
3463.39 6.23
3498.03 6.12
3533.01 6
3568.34 5.86
3604.02 5.69
3640.06 5.53
3676.46 5.4
3713.22 5.28
3750.36 5.13
3787.86 4.94
3825.74 4.76
3864 4.6
3902.64 4.43
3941.66 4.25
3981.08 4.04
4020.89 3.84
4061.1 3.65
4101.71 3.43
4142.73 3.19
4184.15 2.91
4226 2.63
4268.26 2.34
4310.94 2.04
4354.05 1.69
4397.59 1.27
4441.56 0.8
4485.98 0.26
4530.84 -0.26
4576.15 -0.72
4621.91 -1.17
4668.13 -1.65
4714.81 -2.11
4761.96 -2.52
4809.58 -2.81
4857.67 -2.99
4906.25 -2.95
4955.31 -2.69
5004.87 -2.11
5054.91 -1.28
5105.46 -0.49
5156.52 0.26
5208.08 0.89
5260.16 1.41
5312.77 1.85
5365.89 2.16
5419.55 2.42
5473.75 2.63
5528.49 2.79
5583.77 2.84
5639.61 2.9
5696 2.95
5752.96 3.02
5810.49 3.09
5868.6 3.17
5927.28 3.22
5986.56 3.22
6046.42 3.14
6106.89 3.01
6167.96 2.81
6229.64 2.55
6291.93 2.25
6354.85 1.9
6418.4 1.54
6482.58 1.2
6547.41 0.95
6612.88 0.76
6679.01 0.69
6745.8 0.68
6813.26 0.73
6881.39 0.83
6950.21 0.93
7019.71 1.04
7089.91 1.18
7160.81 1.33
7232.41 1.5
7304.74 1.68
7377.79 1.89
7451.56 2.1
7526.08 2.33
7601.34 2.56
7677.35 2.79
7754.13 3.01
7831.67 3.21
7909.98 3.38
7989.08 3.5
8068.98 3.47
8149.67 3.35
8231.16 3.1
8313.47 2.72
8396.61 2.27
8480.57 1.76
8565.38 1.2
8651.03 0.63
8737.54 0.06
8824.92 -0.48
8913.17 -0.98
9002.3 -1.45
9092.32 -1.83
9183.25 -2.13
9275.08 -2.34
9367.83 -2.45
9461.51 -2.44
9556.12 -2.34
9651.68 -2.18
9748.2 -2
9845.68 -1.85
9944.14 -1.74
10043.58 -1.64
10144.02 -1.53
10245.46 -1.33
10347.91 -1.03
10451.39 -0.62
10555.91 -0.1
10661.46 0.42
10768.08 0.91
10875.76 1.21
10984.52 1.22
11094.36 1.04
11205.31 0.6
11317.36 -0.02
11430.53 -0.66
11544.84 -1.3
11660.29 -1.89
11776.89 -2.43
11894.66 -2.82
12013.6 -3.19
12133.74 -3.43
12255.08 -3.48
12377.63 -3.39
12501.41 -3.15
12626.42 -2.71
12752.68 -2.16
12880.21 -1.54
13009.01 -0.91
13139.1 -0.28
13270.49 0.09
13403.2 0.34
13537.23 0.24
13672.6 -0.03
13809.33 -0.44
13947.42 -0.97
14086.9 -1.47
14227.77 -1.94
14370.04 -2.31
14513.74 -2.57
14658.88 -2.68
14805.47 -2.76
14953.52 -2.8
15103.06 -2.87
15254.09 -2.96
15406.63 -3.07
15560.7 -3.16
15716.3 -3.2
15873.47 -3.23
16032.2 -3.27
16192.52 -3.38
16354.45 -3.39
16517.99 -3.36
16683.17 -3.42
16850.01 -3.65
17018.51 -4.06
17188.69 -4.97
17360.58 -6.18
17534.18 -7.55
17709.53 -8.92
17886.62 -9.97
18065.49 -10.71
18246.14 -11.05
18428.6 -10.86
18612.89 -10.67
18799.02 -10.7
18987.01 -11.37
19176.88 -13.05
19368.65 -14.93
19562.33 -16.72
19757.96 -18.12
19955.54 -19.05