20 7.8
20.2 7.81
20.4 7.82
20.61 7.83
20.81 7.84
21.02 7.84
21.23 7.85
21.44 7.86
21.66 7.87
21.87 7.87
22.09 7.88
22.31 7.88
22.54 7.89
22.76 7.89
22.99 7.9
23.22 7.9
23.45 7.91
23.69 7.91
23.92 7.91
24.16 7.91
24.4 7.91
24.65 7.92
24.89 7.92
25.14 7.92
25.39 7.92
25.65 7.91
25.91 7.91
26.16 7.91
26.43 7.91
26.69 7.9
26.96 7.9
27.23 7.9
27.5 7.89
27.77 7.89
28.05 7.88
28.33 7.87
28.62 7.87
28.9 7.86
29.19 7.86
29.48 7.85
29.78 7.84
30.08 7.83
30.38 7.82
30.68 7.81
30.99 7.8
31.3 7.79
31.61 7.78
31.93 7.77
32.24 7.76
32.57 7.74
32.89 7.73
33.22 7.72
33.55 7.7
33.89 7.69
34.23 7.67
34.57 7.66
34.92 7.64
35.27 7.63
35.62 7.61
35.97 7.59
36.33 7.58
36.7 7.56
37.06 7.54
37.43 7.52
37.81 7.5
38.19 7.48
38.57 7.46
38.95 7.44
39.34 7.42
39.74 7.4
40.14 7.38
40.54 7.36
40.94 7.33
41.35 7.31
41.76 7.29
42.18 7.26
42.6 7.24
43.03 7.21
43.46 7.19
43.9 7.16
44.33 7.13
44.78 7.11
45.23 7.08
45.68 7.05
46.13 7.03
46.6 7
47.06 6.97
47.53 6.94
48.01 6.91
48.49 6.88
48.97 6.85
49.46 6.82
49.96 6.79
50.46 6.76
50.96 6.73
51.47 6.7
51.99 6.66
52.51 6.63
53.03 6.59
53.56 6.56
54.1 6.53
54.64 6.49
55.18 6.46
55.74 6.42
56.29 6.39
56.86 6.35
57.42 6.31
58 6.28
58.58 6.24
59.16 6.2
59.76 6.16
60.35 6.13
60.96 6.09
61.57 6.05
62.18 6.01
62.8 5.97
63.43 5.93
64.07 5.89
64.71 5.85
65.35 5.81
66.01 5.77
66.67 5.73
67.33 5.69
68.01 5.64
68.69 5.6
69.37 5.56
70.07 5.52
70.77 5.47
71.48 5.43
72.19 5.38
72.91 5.34
73.64 5.29
74.38 5.25
75.12 5.2
75.87 5.16
76.63 5.11
77.4 5.07
78.17 5.02
78.95 4.98
79.74 4.93
80.54 4.87
81.35 4.82
82.16 4.78
82.98 4.73
83.81 4.68
84.65 4.64
85.5 4.59
86.35 4.54
87.22 4.5
88.09 4.45
88.97 4.4
89.86 4.35
90.76 4.3
91.66 4.25
92.58 4.2
93.51 4.16
94.44 4.11
95.39 4.06
96.34 4.01
97.3 3.96
98.28 3.91
99.26 3.86
100.25 3.8
101.25 3.75
102.27 3.7
103.29 3.65
104.32 3.6
105.37 3.55
106.42 3.49
107.48 3.44
108.56 3.39
109.64 3.34
110.74 3.29
111.85 3.24
112.97 3.19
114.1 3.13
115.24 3.09
116.39 3.04
117.55 2.99
118.73 2.93
119.92 2.88
121.12 2.83
122.33 2.78
123.55 2.72
124.79 2.67
126.03 2.62
127.29 2.57
128.57 2.52
129.85 2.46
131.15 2.41
132.46 2.36
133.79 2.31
135.12 2.26
136.48 2.21
137.84 2.16
139.22 2.1
140.61 2.05
142.02 2
143.44 1.95
144.87 1.9
146.32 1.85
147.78 1.8
149.26 1.75
150.75 1.7
152.26 1.65
153.78 1.6
155.32 1.55
156.88 1.5
158.44 1.45
160.03 1.4
161.63 1.35
163.24 1.3
164.88 1.25
166.53 1.21
168.19 1.16
169.87 1.11
171.57 1.06
173.29 1.01
175.02 0.97
176.77 0.92
178.54 0.88
180.32 0.83
182.13 0.78
183.95 0.74
185.79 0.69
187.65 0.65
189.52 0.6
191.42 0.55
193.33 0.51
195.27 0.47
197.22 0.42
199.19 0.38
201.18 0.34
203.19 0.29
205.23 0.25
207.28 0.21
209.35 0.17
211.44 0.13
213.56 0.09
215.69 0.05
217.85 0.01
220.03 -0.03
222.23 -0.07
224.45 -0.11
226.7 -0.15
228.96 -0.19
231.25 -0.23
233.57 -0.27
235.9 -0.3
238.26 -0.34
240.64 -0.37
243.05 -0.41
245.48 -0.44
247.93 -0.48
250.41 -0.51
252.92 -0.55
255.45 -0.58
258 -0.61
260.58 -0.65
263.19 -0.68
265.82 -0.71
268.48 -0.74
271.16 -0.77
273.87 -0.8
276.61 -0.83
279.38 -0.86
282.17 -0.89
284.99 -0.91
287.84 -0.94
290.72 -0.97
293.63 -0.99
296.57 -1.02
299.53 -1.04
302.53 -1.07
305.55 -1.09
308.61 -1.12
311.69 -1.14
314.81 -1.16
317.96 -1.18
321.14 -1.2
324.35 -1.22
327.59 -1.24
330.87 -1.26
334.18 -1.28
337.52 -1.3
340.9 -1.32
344.3 -1.34
347.75 -1.35
351.23 -1.37
354.74 -1.39
358.28 -1.4
361.87 -1.42
365.49 -1.43
369.14 -1.45
372.83 -1.46
376.56 -1.47
380.33 -1.48
384.13 -1.49
387.97 -1.51
391.85 -1.52
395.77 -1.53
399.73 -1.54
403.72 -1.54
407.76 -1.55
411.84 -1.56
415.96 -1.57
420.12 -1.57
424.32 -1.58
428.56 -1.59
432.85 -1.59
437.18 -1.6
441.55 -1.6
445.96 -1.6
450.42 -1.61
454.93 -1.61
459.48 -1.61
464.07 -1.61
468.71 -1.61
473.4 -1.61
478.13 -1.61
482.91 -1.61
487.74 -1.61
492.62 -1.61
497.55 -1.61
502.52 -1.6
507.55 -1.6
512.62 -1.6
517.75 -1.6
522.93 -1.59
528.16 -1.59
533.44 -1.59
538.77 -1.58
544.16 -1.58
549.6 -1.57
555.1 -1.56
560.65 -1.56
566.25 -1.55
571.92 -1.55
577.64 -1.54
583.41 -1.54
589.25 -1.53
595.14 -1.52
601.09 -1.52
607.1 -1.51
613.17 -1.51
619.3 -1.5
625.5 -1.49
631.75 -1.48
638.07 -1.48
644.45 -1.47
650.89 -1.46
657.4 -1.45
663.98 -1.44
670.62 -1.43
677.32 -1.42
684.1 -1.41
690.94 -1.4
697.85 -1.39
704.83 -1.38
711.87 -1.36
718.99 -1.35
726.18 -1.33
733.44 -1.32
740.78 -1.3
748.19 -1.28
755.67 -1.26
763.23 -1.24
770.86 -1.22
778.57 -1.2
786.35 -1.17
794.22 -1.14
802.16 -1.12
810.18 -1.09
818.28 -1.06
826.46 -1.03
834.73 -1
843.08 -0.96
851.51 -0.92
860.02 -0.89
868.62 -0.85
877.31 -0.8
886.08 -0.76
894.94 -0.71
903.89 -0.66
912.93 -0.61
922.06 -0.55
931.28 -0.49
940.59 -0.43
950 -0.37
959.5 -0.3
969.09 -0.23
978.78 -0.16
988.57 -0.09
998.46 -0.01
1008.44 0.07
1018.53 0.15
1028.71 0.23
1039 0.32
1049.39 0.4
1059.88 0.49
1070.48 0.58
1081.19 0.67
1092 0.76
1102.92 0.86
1113.95 0.95
1125.09 1.04
1136.34 1.13
1147.7 1.22
1159.18 1.3
1170.77 1.39
1182.48 1.47
1194.3 1.55
1206.25 1.63
1218.31 1.71
1230.49 1.79
1242.8 1.86
1255.22 1.93
1267.78 2
1280.45 2.07
1293.26 2.14
1306.19 2.21
1319.25 2.28
1332.45 2.34
1345.77 2.41
1359.23 2.47
1372.82 2.53
1386.55 2.59
1400.41 2.64
1414.42 2.7
1428.56 2.76
1442.85 2.81
1457.28 2.86
1471.85 2.92
1486.57 2.97
1501.43 3.02
1516.45 3.07
1531.61 3.12
1546.93 3.17
1562.4 3.21
1578.02 3.26
1593.8 3.31
1609.74 3.36
1625.84 3.41
1642.1 3.46
1658.52 3.52
1675.1 3.57
1691.85 3.63
1708.77 3.69
1725.86 3.75
1743.12 3.81
1760.55 3.88
1778.15 3.96
1795.94 4.03
1813.9 4.11
1832.03 4.18
1850.36 4.26
1868.86 4.33
1887.55 4.41
1906.42 4.48
1925.49 4.56
1944.74 4.64
1964.19 4.73
1983.83 4.82
2003.67 4.91
2023.71 5.01
2043.94 5.11
2064.38 5.21
2085.03 5.31
2105.88 5.42
2126.94 5.52
2148.2 5.63
2169.69 5.74
2191.38 5.85
2213.3 5.96
2235.43 6.07
2257.78 6.18
2280.36 6.29
2303.17 6.4
2326.2 6.51
2349.46 6.61
2372.95 6.72
2396.68 6.82
2420.65 6.91
2444.86 7.01
2469.31 7.1
2494 7.18
2518.94 7.26
2544.13 7.34
2569.57 7.4
2595.27 7.46
2621.22 7.52
2647.43 7.56
2673.9 7.59
2700.64 7.62
2727.65 7.64
2754.93 7.65
2782.48 7.67
2810.3 7.68
2838.4 7.69
2866.79 7.69
2895.46 7.68
2924.41 7.66
2953.65 7.65
2983.19 7.62
3013.02 7.58
3043.15 7.55
3073.58 7.51
3104.32 7.47
3135.36 7.42
3166.72 7.38
3198.38 7.33
3230.37 7.28
3262.67 7.24
3295.3 7.19
3328.25 7.14
3361.53 7.1
3395.15 7.06
3429.1 7.02
3463.39 6.98
3498.03 6.94
3533.01 6.91
3568.34 6.88
3604.02 6.85
3640.06 6.83
3676.46 6.81
3713.22 6.79
3750.36 6.77
3787.86 6.75
3825.74 6.73
3864 6.72
3902.64 6.7
3941.66 6.68
3981.08 6.65
4020.89 6.62
4061.1 6.58
4101.71 6.53
4142.73 6.46
4184.15 6.39
4226 6.3
4268.26 6.19
4310.94 6.07
4354.05 5.92
4397.59 5.76
4441.56 5.58
4485.98 5.39
4530.84 5.18
4576.15 4.98
4621.91 4.76
4668.13 4.55
4714.81 4.35
4761.96 4.14
4809.58 3.95
4857.67 3.77
4906.25 3.6
4955.31 3.44
5004.87 3.29
5054.91 3.15
5105.46 3.03
5156.52 2.91
5208.08 2.82
5260.16 2.74
5312.77 2.67
5365.89 2.63
5419.55 2.6
5473.75 2.59
5528.49 2.61
5583.77 2.64
5639.61 2.7
5696 2.77
5752.96 2.89
5810.49 3.01
5868.6 3.17
5927.28 3.34
5986.56 3.54
6046.42 3.74
6106.89 3.95
6167.96 4.16
6229.64 4.35
6291.93 4.52
6354.85 4.63
6418.4 4.7
6482.58 4.7
6547.41 4.61
6612.88 4.47
6679.01 4.23
6745.8 3.94
6813.26 3.6
6881.39 3.23
6950.21 2.84
7019.71 2.44
7089.91 2.05
7160.81 1.69
7232.41 1.34
7304.74 1.02
7377.79 0.72
7451.56 0.43
7526.08 0.16
7601.34 -0.11
7677.35 -0.39
7754.13 -0.66
7831.67 -0.97
7909.98 -1.31
7989.08 -1.69
8068.98 -2.17
8149.67 -2.72
8231.16 -3.35
8313.47 -4.06
8396.61 -4.77
8480.57 -5.42
8565.38 -5.83
8651.03 -6
8737.54 -5.86
8824.92 -5.4
8913.17 -4.77
9002.3 -4.08
9092.32 -3.4
9183.25 -2.88
9275.08 -2.47
9367.83 -2.18
9461.51 -1.96
9556.12 -1.79
9651.68 -1.69
9748.2 -1.64
9845.68 -1.64
9944.14 -1.66
10043.58 -1.71
10144.02 -1.77
10245.46 -1.84
10347.91 -1.91
10451.39 -1.98
10555.91 -2.05
10661.46 -2.1
10768.08 -2.15
10875.76 -2.19
10984.52 -2.22
11094.36 -2.24
11205.31 -2.26
11317.36 -2.27
11430.53 -2.28
11544.84 -2.29
11660.29 -2.31
11776.89 -2.34
11894.66 -2.39
12013.6 -2.44
12133.74 -2.49
12255.08 -2.56
12377.63 -2.64
12501.41 -2.72
12626.42 -2.82
12752.68 -2.9
12880.21 -2.96
13009.01 -2.99
13139.1 -3.02
13270.49 -2.98
13403.2 -2.9
13537.23 -2.76
13672.6 -2.56
13809.33 -2.32
13947.42 -2
14086.9 -1.67
14227.77 -1.33
14370.04 -1.08
14513.74 -0.96
14658.88 -1.23
14805.47 -1.7
14953.52 -2.48
15103.06 -3.44
15254.09 -4.47
15406.63 -5.48
15560.7 -6.59
15716.3 -7.84
15873.47 -10.03
16032.2 -12.8
16192.52 -16.79
16354.45 -20.26
16517.99 -23.21
16683.17 -24.32
16850.01 -24.96
17018.51 -25.26
17188.69 -25.41
17360.58 -25.56
17534.18 -25.71
17709.53 -25.81
17886.62 -25.84
18065.49 -25.77
18246.14 -25.55
18428.6 -25.22
18612.89 -25
18799.02 -24.91
18987.01 -25.02
19176.88 -25.2
19368.65 -25.3
19562.33 -25.29
19757.96 -25.18
19955.54 -25.1