20 8.21
20.2 8.22
20.4 8.22
20.61 8.22
20.81 8.22
21.02 8.22
21.23 8.22
21.44 8.22
21.66 8.22
21.87 8.22
22.09 8.21
22.31 8.21
22.54 8.21
22.76 8.21
22.99 8.2
23.22 8.2
23.45 8.2
23.69 8.19
23.92 8.19
24.16 8.19
24.4 8.18
24.65 8.18
24.89 8.17
25.14 8.17
25.39 8.16
25.65 8.16
25.91 8.15
26.16 8.14
26.43 8.14
26.69 8.13
26.96 8.13
27.23 8.12
27.5 8.11
27.77 8.1
28.05 8.1
28.33 8.09
28.62 8.08
28.9 8.07
29.19 8.06
29.48 8.05
29.78 8.04
30.08 8.03
30.38 8.02
30.68 8.01
30.99 8
31.3 7.99
31.61 7.98
31.93 7.97
32.24 7.96
32.57 7.95
32.89 7.93
33.22 7.92
33.55 7.91
33.89 7.9
34.23 7.89
34.57 7.87
34.92 7.86
35.27 7.85
35.62 7.83
35.97 7.82
36.33 7.8
36.7 7.79
37.06 7.77
37.43 7.76
37.81 7.74
38.19 7.73
38.57 7.71
38.95 7.69
39.34 7.68
39.74 7.66
40.14 7.64
40.54 7.62
40.94 7.61
41.35 7.59
41.76 7.57
42.18 7.55
42.6 7.53
43.03 7.51
43.46 7.49
43.9 7.47
44.33 7.45
44.78 7.43
45.23 7.41
45.68 7.39
46.13 7.37
46.6 7.35
47.06 7.33
47.53 7.3
48.01 7.28
48.49 7.26
48.97 7.23
49.46 7.21
49.96 7.18
50.46 7.16
50.96 7.14
51.47 7.11
51.99 7.09
52.51 7.06
53.03 7.04
53.56 7.01
54.1 6.98
54.64 6.96
55.18 6.93
55.74 6.9
56.29 6.88
56.86 6.85
57.42 6.82
58 6.8
58.58 6.77
59.16 6.74
59.76 6.71
60.35 6.68
60.96 6.65
61.57 6.62
62.18 6.59
62.8 6.56
63.43 6.53
64.07 6.5
64.71 6.47
65.35 6.44
66.01 6.41
66.67 6.37
67.33 6.34
68.01 6.31
68.69 6.27
69.37 6.24
70.07 6.21
70.77 6.17
71.48 6.14
72.19 6.1
72.91 6.06
73.64 6.03
74.38 5.99
75.12 5.96
75.87 5.92
76.63 5.89
77.4 5.85
78.17 5.81
78.95 5.78
79.74 5.74
80.54 5.7
81.35 5.66
82.16 5.62
82.98 5.59
83.81 5.55
84.65 5.51
85.5 5.47
86.35 5.42
87.22 5.38
88.09 5.34
88.97 5.31
89.86 5.27
90.76 5.23
91.66 5.18
92.58 5.14
93.51 5.1
94.44 5.06
95.39 5.02
96.34 4.98
97.3 4.93
98.28 4.89
99.26 4.85
100.25 4.8
101.25 4.76
102.27 4.71
103.29 4.67
104.32 4.62
105.37 4.58
106.42 4.54
107.48 4.49
108.56 4.45
109.64 4.4
110.74 4.36
111.85 4.31
112.97 4.27
114.1 4.22
115.24 4.18
116.39 4.13
117.55 4.08
118.73 4.04
119.92 3.99
121.12 3.94
122.33 3.9
123.55 3.85
124.79 3.81
126.03 3.76
127.29 3.71
128.57 3.67
129.85 3.62
131.15 3.57
132.46 3.52
133.79 3.48
135.12 3.43
136.48 3.38
137.84 3.33
139.22 3.29
140.61 3.24
142.02 3.19
143.44 3.15
144.87 3.1
146.32 3.06
147.78 3.01
149.26 2.96
150.75 2.91
152.26 2.86
153.78 2.81
155.32 2.77
156.88 2.72
158.44 2.67
160.03 2.62
161.63 2.57
163.24 2.52
164.88 2.48
166.53 2.43
168.19 2.38
169.87 2.34
171.57 2.29
173.29 2.24
175.02 2.19
176.77 2.14
178.54 2.09
180.32 2.05
182.13 2.01
183.95 1.96
185.79 1.91
187.65 1.87
189.52 1.82
191.42 1.77
193.33 1.73
195.27 1.68
197.22 1.63
199.19 1.59
201.18 1.54
203.19 1.5
205.23 1.45
207.28 1.41
209.35 1.36
211.44 1.32
213.56 1.27
215.69 1.23
217.85 1.19
220.03 1.14
222.23 1.1
224.45 1.05
226.7 1.01
228.96 0.97
231.25 0.93
233.57 0.88
235.9 0.84
238.26 0.8
240.64 0.76
243.05 0.72
245.48 0.68
247.93 0.64
250.41 0.59
252.92 0.55
255.45 0.51
258 0.47
260.58 0.43
263.19 0.39
265.82 0.36
268.48 0.32
271.16 0.28
273.87 0.24
276.61 0.21
279.38 0.17
282.17 0.13
284.99 0.09
287.84 0.06
290.72 0.02
293.63 -0.01
296.57 -0.05
299.53 -0.08
302.53 -0.12
305.55 -0.15
308.61 -0.18
311.69 -0.21
314.81 -0.25
317.96 -0.28
321.14 -0.31
324.35 -0.34
327.59 -0.37
330.87 -0.4
334.18 -0.43
337.52 -0.46
340.9 -0.49
344.3 -0.52
347.75 -0.55
351.23 -0.57
354.74 -0.6
358.28 -0.63
361.87 -0.65
365.49 -0.68
369.14 -0.7
372.83 -0.73
376.56 -0.75
380.33 -0.78
384.13 -0.8
387.97 -0.82
391.85 -0.85
395.77 -0.87
399.73 -0.89
403.72 -0.91
407.76 -0.93
411.84 -0.96
415.96 -0.98
420.12 -1
424.32 -1.02
428.56 -1.04
432.85 -1.06
437.18 -1.08
441.55 -1.1
445.96 -1.12
450.42 -1.14
454.93 -1.16
459.48 -1.17
464.07 -1.19
468.71 -1.21
473.4 -1.22
478.13 -1.24
482.91 -1.25
487.74 -1.27
492.62 -1.28
497.55 -1.29
502.52 -1.31
507.55 -1.32
512.62 -1.33
517.75 -1.34
522.93 -1.35
528.16 -1.36
533.44 -1.37
538.77 -1.38
544.16 -1.39
549.6 -1.4
555.1 -1.4
560.65 -1.41
566.25 -1.42
571.92 -1.42
577.64 -1.43
583.41 -1.43
589.25 -1.44
595.14 -1.44
601.09 -1.45
607.1 -1.45
613.17 -1.45
619.3 -1.45
625.5 -1.45
631.75 -1.45
638.07 -1.45
644.45 -1.45
650.89 -1.45
657.4 -1.44
663.98 -1.44
670.62 -1.43
677.32 -1.42
684.1 -1.42
690.94 -1.41
697.85 -1.4
704.83 -1.38
711.87 -1.37
718.99 -1.36
726.18 -1.34
733.44 -1.33
740.78 -1.31
748.19 -1.3
755.67 -1.28
763.23 -1.26
770.86 -1.24
778.57 -1.21
786.35 -1.19
794.22 -1.16
802.16 -1.13
810.18 -1.1
818.28 -1.07
826.46 -1.03
834.73 -1
843.08 -0.96
851.51 -0.92
860.02 -0.87
868.62 -0.83
877.31 -0.79
886.08 -0.75
894.94 -0.72
903.89 -0.68
912.93 -0.63
922.06 -0.56
931.28 -0.5
940.59 -0.44
950 -0.38
959.5 -0.33
969.09 -0.26
978.78 -0.18
988.57 -0.1
998.46 -0.01
1008.44 0.07
1018.53 0.16
1028.71 0.25
1039 0.34
1049.39 0.43
1059.88 0.53
1070.48 0.62
1081.19 0.71
1092 0.81
1102.92 0.9
1113.95 0.99
1125.09 1.09
1136.34 1.17
1147.7 1.27
1159.18 1.39
1170.77 1.5
1182.48 1.63
1194.3 1.75
1206.25 1.87
1218.31 1.99
1230.49 2.1
1242.8 2.21
1255.22 2.32
1267.78 2.43
1280.45 2.55
1293.26 2.66
1306.19 2.77
1319.25 2.88
1332.45 2.99
1345.77 3.1
1359.23 3.21
1372.82 3.32
1386.55 3.43
1400.41 3.54
1414.42 3.66
1428.56 3.77
1442.85 3.89
1457.28 4
1471.85 4.12
1486.57 4.24
1501.43 4.36
1516.45 4.48
1531.61 4.6
1546.93 4.72
1562.4 4.85
1578.02 4.97
1593.8 5.1
1609.74 5.22
1625.84 5.35
1642.1 5.48
1658.52 5.61
1675.1 5.74
1691.85 5.88
1708.77 6.01
1725.86 6.14
1743.12 6.27
1760.55 6.41
1778.15 6.54
1795.94 6.67
1813.9 6.8
1832.03 6.93
1850.36 7.05
1868.86 7.17
1887.55 7.29
1906.42 7.41
1925.49 7.52
1944.74 7.62
1964.19 7.72
1983.83 7.81
2003.67 7.9
2023.71 7.97
2043.94 8.04
2064.38 8.1
2085.03 8.14
2105.88 8.18
2126.94 8.21
2148.2 8.22
2169.69 8.22
2191.38 8.22
2213.3 8.2
2235.43 8.17
2257.78 8.13
2280.36 8.08
2303.17 8.02
2326.2 7.95
2349.46 7.87
2372.95 7.78
2396.68 7.69
2420.65 7.59
2444.86 7.48
2469.31 7.37
2494 7.26
2518.94 7.14
2544.13 7.03
2569.57 6.91
2595.27 6.79
2621.22 6.66
2647.43 6.54
2673.9 6.43
2700.64 6.31
2727.65 6.19
2754.93 6.08
2782.48 5.97
2810.3 5.86
2838.4 5.75
2866.79 5.65
2895.46 5.56
2924.41 5.46
2953.65 5.37
2983.19 5.29
3013.02 5.21
3043.15 5.13
3073.58 5.06
3104.32 5
3135.36 4.94
3166.72 4.88
3198.38 4.83
3230.37 4.79
3262.67 4.75
3295.3 4.71
3328.25 4.68
3361.53 4.66
3395.15 4.64
3429.1 4.63
3463.39 4.62
3498.03 4.61
3533.01 4.62
3568.34 4.62
3604.02 4.64
3640.06 4.65
3676.46 4.68
3713.22 4.7
3750.36 4.73
3787.86 4.77
3825.74 4.81
3864 4.85
3902.64 4.9
3941.66 4.94
3981.08 5
4020.89 5.05
4061.1 5.1
4101.71 5.15
4142.73 5.21
4184.15 5.26
4226 5.31
4268.26 5.35
4310.94 5.39
4354.05 5.42
4397.59 5.45
4441.56 5.47
4485.98 5.47
4530.84 5.47
4576.15 5.44
4621.91 5.41
4668.13 5.36
4714.81 5.29
4761.96 5.21
4809.58 5.12
4857.67 5
4906.25 4.87
4955.31 4.73
5004.87 4.58
5054.91 4.42
5105.46 4.26
5156.52 4.11
5208.08 3.94
5260.16 3.76
5312.77 3.56
5365.89 3.3
5419.55 3.04
5473.75 2.82
5528.49 2.65
5583.77 2.57
5639.61 2.5
5696 2.43
5752.96 2.34
5810.49 2.26
5868.6 2.18
5927.28 2.1
5986.56 2.03
6046.42 1.97
6106.89 1.91
6167.96 1.86
6229.64 1.81
6291.93 1.76
6354.85 1.72
6418.4 1.67
6482.58 1.63
6547.41 1.59
6612.88 1.55
6679.01 1.51
6745.8 1.47
6813.26 1.43
6881.39 1.4
6950.21 1.38
7019.71 1.36
7089.91 1.36
7160.81 1.38
7232.41 1.41
7304.74 1.46
7377.79 1.54
7451.56 1.64
7526.08 1.76
7601.34 1.91
7677.35 2.09
7754.13 2.28
7831.67 2.53
7909.98 2.79
7989.08 3.09
8068.98 3.42
8149.67 3.76
8231.16 4.11
8313.47 4.43
8396.61 4.72
8480.57 4.92
8565.38 4.99
8651.03 4.93
8737.54 4.72
8824.92 4.34
8913.17 3.82
9002.3 3.26
9092.32 2.62
9183.25 1.97
9275.08 1.31
9367.83 0.66
9461.51 0.04
9556.12 -0.56
9651.68 -1.13
9748.2 -1.68
9845.68 -2.17
9944.14 -2.63
10043.58 -3.05
10144.02 -3.44
10245.46 -3.77
10347.91 -4.06
10451.39 -4.31
10555.91 -4.5
10661.46 -4.65
10768.08 -4.75
10875.76 -4.78
10984.52 -4.76
11094.36 -4.68
11205.31 -4.54
11317.36 -4.31
11430.53 -4.02
11544.84 -3.64
11660.29 -3.18
11776.89 -2.68
11894.66 -2.17
12013.6 -1.67
12133.74 -1.35
12255.08 -1.38
12377.63 -1.7
12501.41 -2.37
12626.42 -3.43
12752.68 -4.63
12880.21 -5.83
13009.01 -7.01
13139.1 -8.2
13270.49 -9.24
13403.2 -10.22
13537.23 -11.06
13672.6 -11.81
13809.33 -12.48
13947.42 -13.06
14086.9 -13.59
14227.77 -14.09
14370.04 -14.54
14513.74 -14.94
14658.88 -15.23
14805.47 -15.46
14953.52 -15.61
15103.06 -15.68
15254.09 -15.73
15406.63 -15.75
15560.7 -15.78
15716.3 -15.83
15873.47 -16.07
16032.2 -16.45
16192.52 -17.22
16354.45 -18.24
16517.99 -19.37
16683.17 -20.39
16850.01 -21.21
17018.51 -21.88
17188.69 -22.36
17360.58 -22.69
17534.18 -22.89
17709.53 -22.86
17886.62 -22.6
18065.49 -22.21
18246.14 -21.69
18428.6 -21.06
18612.89 -20.47
18799.02 -19.99
18987.01 -19.75
19176.88 -20.01
19368.65 -20.62
19562.33 -21.51
19757.96 -22.63
19955.54 -23.85