20 -15.99
20.2 -15.95
20.4 -15.9
20.61 -15.84
20.81 -15.8
21.02 -15.76
21.23 -15.73
21.44 -15.68
21.66 -15.6
21.87 -15.48
22.09 -15.34
22.31 -15.19
22.54 -15.03
22.76 -14.88
22.99 -14.75
23.22 -14.63
23.45 -14.51
23.69 -14.39
23.92 -14.28
24.16 -14.2
24.4 -14.13
24.65 -14.08
24.89 -14.02
25.14 -13.93
25.39 -13.81
25.65 -13.63
25.91 -13.43
26.16 -13.2
26.43 -12.97
26.69 -12.78
26.96 -12.66
27.23 -12.59
27.5 -12.6
27.77 -12.65
28.05 -12.72
28.33 -12.71
28.62 -12.59
28.9 -12.38
29.19 -12.12
29.48 -11.88
29.78 -11.72
30.08 -11.62
30.38 -11.57
30.68 -11.52
30.99 -11.43
31.3 -11.31
31.61 -11.14
31.93 -10.96
32.24 -10.79
32.57 -10.64
32.89 -10.51
33.22 -10.4
33.55 -10.3
33.89 -10.2
34.23 -10.09
34.57 -9.97
34.92 -9.84
35.27 -9.69
35.62 -9.53
35.97 -9.38
36.33 -9.23
36.7 -9.08
37.06 -8.93
37.43 -8.78
37.81 -8.61
38.19 -8.47
38.57 -8.34
38.95 -8.26
39.34 -8.19
39.74 -8.11
40.14 -8.02
40.54 -7.9
40.94 -7.75
41.35 -7.61
41.76 -7.47
42.18 -7.36
42.6 -7.26
43.03 -7.15
43.46 -7.04
43.9 -6.92
44.33 -6.8
44.78 -6.68
45.23 -6.55
45.68 -6.43
46.13 -6.3
46.6 -6.17
47.06 -6.05
47.53 -5.93
48.01 -5.82
48.49 -5.71
48.97 -5.61
49.46 -5.5
49.96 -5.39
50.46 -5.28
50.96 -5.16
51.47 -5.04
51.99 -4.9
52.51 -4.75
53.03 -4.61
53.56 -4.51
54.1 -4.43
54.64 -4.35
55.18 -4.24
55.74 -4.12
56.29 -3.98
56.86 -3.84
57.42 -3.71
58 -3.61
58.58 -3.52
59.16 -3.43
59.76 -3.33
60.35 -3.23
60.96 -3.12
61.57 -3.01
62.18 -2.9
62.8 -2.78
63.43 -2.66
64.07 -2.55
64.71 -2.44
65.35 -2.33
66.01 -2.22
66.67 -2.12
67.33 -2.02
68.01 -1.93
68.69 -1.83
69.37 -1.74
70.07 -1.63
70.77 -1.53
71.48 -1.44
72.19 -1.36
72.91 -1.27
73.64 -1.18
74.38 -1.08
75.12 -0.98
75.87 -0.89
76.63 -0.8
77.4 -0.71
78.17 -0.62
78.95 -0.54
79.74 -0.46
80.54 -0.37
81.35 -0.29
82.16 -0.22
82.98 -0.14
83.81 -0.06
84.65 0.02
85.5 0.1
86.35 0.17
87.22 0.24
88.09 0.32
88.97 0.39
89.86 0.46
90.76 0.53
91.66 0.59
92.58 0.65
93.51 0.71
94.44 0.78
95.39 0.84
96.34 0.9
97.3 0.95
98.28 1.01
99.26 1.07
100.25 1.12
101.25 1.16
102.27 1.21
103.29 1.26
104.32 1.31
105.37 1.36
106.42 1.41
107.48 1.46
108.56 1.5
109.64 1.53
110.74 1.57
111.85 1.6
112.97 1.64
114.1 1.68
115.24 1.71
116.39 1.74
117.55 1.77
118.73 1.8
119.92 1.83
121.12 1.86
122.33 1.88
123.55 1.9
124.79 1.93
126.03 1.95
127.29 1.98
128.57 2
129.85 2.01
131.15 2.02
132.46 2.03
133.79 2.05
135.12 2.06
136.48 2.08
137.84 2.09
139.22 2.1
140.61 2.1
142.02 2.11
143.44 2.11
144.87 2.13
146.32 2.13
147.78 2.14
149.26 2.14
150.75 2.14
152.26 2.14
153.78 2.16
155.32 2.18
156.88 2.2
158.44 2.2
160.03 2.2
161.63 2.2
163.24 2.2
164.88 2.2
166.53 2.2
168.19 2.2
169.87 2.18
171.57 2.17
173.29 2.15
175.02 2.13
176.77 2.1
178.54 2.07
180.32 2.04
182.13 2.02
183.95 2.01
185.79 2
187.65 1.99
189.52 1.97
191.42 1.95
193.33 1.93
195.27 1.91
197.22 1.89
199.19 1.87
201.18 1.84
203.19 1.8
205.23 1.77
207.28 1.74
209.35 1.71
211.44 1.68
213.56 1.65
215.69 1.62
217.85 1.59
220.03 1.56
222.23 1.52
224.45 1.49
226.7 1.46
228.96 1.42
231.25 1.39
233.57 1.36
235.9 1.33
238.26 1.29
240.64 1.25
243.05 1.2
245.48 1.16
247.93 1.11
250.41 1.07
252.92 1.02
255.45 0.98
258 0.93
260.58 0.88
263.19 0.83
265.82 0.78
268.48 0.72
271.16 0.67
273.87 0.62
276.61 0.57
279.38 0.52
282.17 0.47
284.99 0.43
287.84 0.38
290.72 0.34
293.63 0.3
296.57 0.26
299.53 0.22
302.53 0.19
305.55 0.17
308.61 0.17
311.69 0.18
314.81 0.19
317.96 0.22
321.14 0.24
324.35 0.27
327.59 0.29
330.87 0.3
334.18 0.31
337.52 0.31
340.9 0.31
344.3 0.31
347.75 0.32
351.23 0.34
354.74 0.37
358.28 0.4
361.87 0.43
365.49 0.46
369.14 0.48
372.83 0.5
376.56 0.51
380.33 0.53
384.13 0.55
387.97 0.57
391.85 0.59
395.77 0.6
399.73 0.6
403.72 0.6
407.76 0.6
411.84 0.6
415.96 0.59
420.12 0.59
424.32 0.58
428.56 0.57
432.85 0.57
437.18 0.56
441.55 0.55
445.96 0.54
450.42 0.53
454.93 0.52
459.48 0.51
464.07 0.5
468.71 0.49
473.4 0.48
478.13 0.48
482.91 0.47
487.74 0.46
492.62 0.46
497.55 0.45
502.52 0.44
507.55 0.43
512.62 0.42
517.75 0.41
522.93 0.41
528.16 0.4
533.44 0.4
538.77 0.39
544.16 0.38
549.6 0.38
555.1 0.37
560.65 0.37
566.25 0.36
571.92 0.36
577.64 0.35
583.41 0.34
589.25 0.34
595.14 0.32
601.09 0.31
607.1 0.3
613.17 0.29
619.3 0.27
625.5 0.26
631.75 0.25
638.07 0.25
644.45 0.24
650.89 0.22
657.4 0.21
663.98 0.2
670.62 0.19
677.32 0.19
684.1 0.19
690.94 0.19
697.85 0.2
704.83 0.2
711.87 0.21
718.99 0.21
726.18 0.22
733.44 0.21
740.78 0.21
748.19 0.21
755.67 0.22
763.23 0.22
770.86 0.23
778.57 0.23
786.35 0.23
794.22 0.23
802.16 0.23
810.18 0.23
818.28 0.23
826.46 0.24
834.73 0.24
843.08 0.24
851.51 0.23
860.02 0.23
868.62 0.22
877.31 0.22
886.08 0.21
894.94 0.2
903.89 0.19
912.93 0.19
922.06 0.18
931.28 0.17
940.59 0.16
950 0.14
959.5 0.12
969.09 0.1
978.78 0.07
988.57 0.04
998.46 0.01
1008.44 -0.04
1018.53 -0.08
1028.71 -0.13
1039 -0.18
1049.39 -0.21
1059.88 -0.24
1070.48 -0.25
1081.19 -0.26
1092 -0.27
1102.92 -0.28
1113.95 -0.28
1125.09 -0.28
1136.34 -0.28
1147.7 -0.28
1159.18 -0.27
1170.77 -0.26
1182.48 -0.25
1194.3 -0.23
1206.25 -0.22
1218.31 -0.2
1230.49 -0.18
1242.8 -0.16
1255.22 -0.13
1267.78 -0.1
1280.45 -0.06
1293.26 -0.03
1306.19 0
1319.25 0.03
1332.45 0.07
1345.77 0.11
1359.23 0.16
1372.82 0.22
1386.55 0.29
1400.41 0.37
1414.42 0.44
1428.56 0.5
1442.85 0.57
1457.28 0.65
1471.85 0.73
1486.57 0.8
1501.43 0.88
1516.45 0.95
1531.61 1.02
1546.93 1.1
1562.4 1.17
1578.02 1.25
1593.8 1.34
1609.74 1.43
1625.84 1.54
1642.1 1.67
1658.52 1.81
1675.1 1.94
1691.85 2.08
1708.77 2.23
1725.86 2.38
1743.12 2.52
1760.55 2.67
1778.15 2.82
1795.94 2.96
1813.9 3.1
1832.03 3.24
1850.36 3.37
1868.86 3.51
1887.55 3.66
1906.42 3.81
1925.49 3.98
1944.74 4.16
1964.19 4.34
1983.83 4.53
2003.67 4.71
2023.71 4.89
2043.94 5.08
2064.38 5.27
2085.03 5.46
2105.88 5.66
2126.94 5.86
2148.2 6.07
2169.69 6.27
2191.38 6.48
2213.3 6.68
2235.43 6.89
2257.78 7.09
2280.36 7.29
2303.17 7.51
2326.2 7.72
2349.46 7.94
2372.95 8.15
2396.68 8.36
2420.65 8.58
2444.86 8.79
2469.31 9
2494 9.21
2518.94 9.42
2544.13 9.63
2569.57 9.83
2595.27 10.02
2621.22 10.2
2647.43 10.38
2673.9 10.54
2700.64 10.71
2727.65 10.87
2754.93 11.02
2782.48 11.17
2810.3 11.3
2838.4 11.43
2866.79 11.55
2895.46 11.67
2924.41 11.77
2953.65 11.84
2983.19 11.89
3013.02 11.91
3043.15 11.92
3073.58 11.9
3104.32 11.86
3135.36 11.81
3166.72 11.74
3198.38 11.66
3230.37 11.58
3262.67 11.48
3295.3 11.38
3328.25 11.27
3361.53 11.16
3395.15 11.04
3429.1 10.9
3463.39 10.77
3498.03 10.63
3533.01 10.5
3568.34 10.36
3604.02 10.23
3640.06 10.11
3676.46 9.99
3713.22 9.89
3750.36 9.8
3787.86 9.73
3825.74 9.66
3864 9.59
3902.64 9.54
3941.66 9.5
3981.08 9.47
4020.89 9.45
4061.1 9.43
4101.71 9.42
4142.73 9.41
4184.15 9.39
4226 9.37
4268.26 9.33
4310.94 9.29
4354.05 9.23
4397.59 9.16
4441.56 9.08
4485.98 9.01
4530.84 8.93
4576.15 8.84
4621.91 8.76
4668.13 8.68
4714.81 8.6
4761.96 8.54
4809.58 8.48
4857.67 8.43
4906.25 8.39
4955.31 8.37
5004.87 8.37
5054.91 8.39
5105.46 8.42
5156.52 8.45
5208.08 8.45
5260.16 8.43
5312.77 8.39
5365.89 8.32
5419.55 8.25
5473.75 8.16
5528.49 8.05
5583.77 7.92
5639.61 7.76
5696 7.59
5752.96 7.39
5810.49 7.16
5868.6 6.91
5927.28 6.63
5986.56 6.34
6046.42 6.04
6106.89 5.72
6167.96 5.4
6229.64 5.06
6291.93 4.69
6354.85 4.31
6418.4 3.92
6482.58 3.53
6547.41 3.14
6612.88 2.75
6679.01 2.35
6745.8 1.94
6813.26 1.52
6881.39 1.09
6950.21 0.65
7019.71 0.19
7089.91 -0.27
7160.81 -0.73
7232.41 -1.19
7304.74 -1.63
7377.79 -2.05
7451.56 -2.47
7526.08 -2.87
7601.34 -3.24
7677.35 -3.55
7754.13 -3.79
7831.67 -3.94
7909.98 -3.99
7989.08 -3.94
8068.98 -3.81
8149.67 -3.63
8231.16 -3.43
8313.47 -3.25
8396.61 -3.12
8480.57 -3.04
8565.38 -3.01
8651.03 -3.02
8737.54 -3.05
8824.92 -3.1
8913.17 -3.19
9002.3 -3.34
9092.32 -3.56
9183.25 -3.82
9275.08 -4.15
9367.83 -4.53
9461.51 -4.96
9556.12 -5.42
9651.68 -5.92
9748.2 -6.42
9845.68 -6.9
9944.14 -7.33
10043.58 -7.68
10144.02 -7.97
10245.46 -8.21
10347.91 -8.41
10451.39 -8.62
10555.91 -8.87
10661.46 -9.13
10768.08 -9.37
10875.76 -9.55
10984.52 -9.62
11094.36 -9.52
11205.31 -9.26
11317.36 -8.91
11430.53 -8.53
11544.84 -8.17
11660.29 -7.86
11776.89 -7.63
11894.66 -7.46
12013.6 -7.37
12133.74 -7.35
12255.08 -7.38
12377.63 -7.47
12501.41 -7.57
12626.42 -7.64
12752.68 -7.65
12880.21 -7.59
13009.01 -7.44
13139.1 -7.2
13270.49 -6.88
13403.2 -6.49
13537.23 -6.12
13672.6 -5.85
13809.33 -5.74
13947.42 -5.79
14086.9 -6.03
14227.77 -6.41
14370.04 -6.89
14513.74 -7.45
14658.88 -8.06
14805.47 -8.7
14953.52 -9.43
15103.06 -10.25
15254.09 -11.16
15406.63 -12.06
15560.7 -12.9
15716.3 -13.64
15873.47 -14.28
16032.2 -14.9
16192.52 -15.54
16354.45 -16.23
16517.99 -16.83
16683.17 -17.21
16850.01 -17.39
17018.51 -17.41
17188.69 -17.31
17360.58 -17.09
17534.18 -16.75
17709.53 -16.34
17886.62 -15.89
18065.49 -15.45
18246.14 -15.03
18428.6 -14.62
18612.89 -14.18
18799.02 -13.71
18987.01 -13.2
19176.88 -12.64
19368.65 -12.03
19562.33 -11.35
19757.96 -10.59
19955.54 -9.85