20 -7.01
20.2 -6.97
20.4 -6.93
20.61 -6.88
20.81 -6.79
21.02 -6.71
21.23 -6.64
21.44 -6.57
21.66 -6.49
21.87 -6.42
22.09 -6.34
22.31 -6.26
22.54 -6.17
22.76 -6.09
22.99 -6
23.22 -5.93
23.45 -5.86
23.69 -5.8
23.92 -5.74
24.16 -5.69
24.4 -5.63
24.65 -5.57
24.89 -5.49
25.14 -5.4
25.39 -5.3
25.65 -5.18
25.91 -5.07
26.16 -4.96
26.43 -4.86
26.69 -4.78
26.96 -4.7
27.23 -4.65
27.5 -4.62
27.77 -4.6
28.05 -4.59
28.33 -4.58
28.62 -4.56
28.9 -4.52
29.19 -4.46
29.48 -4.38
29.78 -4.29
30.08 -4.2
30.38 -4.11
30.68 -4.04
30.99 -3.99
31.3 -3.95
31.61 -3.91
31.93 -3.87
32.24 -3.83
32.57 -3.79
32.89 -3.75
33.22 -3.71
33.55 -3.68
33.89 -3.64
34.23 -3.58
34.57 -3.52
34.92 -3.45
35.27 -3.39
35.62 -3.34
35.97 -3.31
36.33 -3.3
36.7 -3.28
37.06 -3.26
37.43 -3.24
37.81 -3.22
38.19 -3.2
38.57 -3.2
38.95 -3.21
39.34 -3.22
39.74 -3.21
40.14 -3.18
40.54 -3.14
40.94 -3.1
41.35 -3.07
41.76 -3.03
42.18 -2.97
42.6 -2.92
43.03 -2.86
43.46 -2.8
43.9 -2.74
44.33 -2.67
44.78 -2.59
45.23 -2.5
45.68 -2.39
46.13 -2.29
46.6 -2.21
47.06 -2.14
47.53 -2.08
48.01 -2.03
48.49 -1.99
48.97 -1.95
49.46 -1.92
49.96 -1.89
50.46 -1.85
50.96 -1.8
51.47 -1.74
51.99 -1.68
52.51 -1.62
53.03 -1.57
53.56 -1.54
54.1 -1.5
54.64 -1.47
55.18 -1.45
55.74 -1.44
56.29 -1.43
56.86 -1.43
57.42 -1.42
58 -1.41
58.58 -1.39
59.16 -1.38
59.76 -1.37
60.35 -1.35
60.96 -1.34
61.57 -1.34
62.18 -1.34
62.8 -1.34
63.43 -1.33
64.07 -1.32
64.71 -1.31
65.35 -1.3
66.01 -1.28
66.67 -1.26
67.33 -1.23
68.01 -1.21
68.69 -1.19
69.37 -1.17
70.07 -1.15
70.77 -1.13
71.48 -1.13
72.19 -1.12
72.91 -1.12
73.64 -1.1
74.38 -1.09
75.12 -1.07
75.87 -1.05
76.63 -1.04
77.4 -1.04
78.17 -1.04
78.95 -1.04
79.74 -1.04
80.54 -1.06
81.35 -1.07
82.16 -1.08
82.98 -1.09
83.81 -1.1
84.65 -1.1
85.5 -1.08
86.35 -1.05
87.22 -1.01
88.09 -0.96
88.97 -0.92
89.86 -0.87
90.76 -0.82
91.66 -0.77
92.58 -0.74
93.51 -0.72
94.44 -0.72
95.39 -0.73
96.34 -0.73
97.3 -0.74
98.28 -0.75
99.26 -0.76
100.25 -0.77
101.25 -0.79
102.27 -0.81
103.29 -0.82
104.32 -0.83
105.37 -0.84
106.42 -0.85
107.48 -0.86
108.56 -0.87
109.64 -0.89
110.74 -0.91
111.85 -0.93
112.97 -0.95
114.1 -0.96
115.24 -0.97
116.39 -0.99
117.55 -1
118.73 -1.01
119.92 -1.02
121.12 -1.04
122.33 -1.05
123.55 -1.07
124.79 -1.08
126.03 -1.11
127.29 -1.12
128.57 -1.14
129.85 -1.16
131.15 -1.18
132.46 -1.19
133.79 -1.21
135.12 -1.22
136.48 -1.23
137.84 -1.24
139.22 -1.25
140.61 -1.26
142.02 -1.27
143.44 -1.28
144.87 -1.29
146.32 -1.3
147.78 -1.3
149.26 -1.31
150.75 -1.32
152.26 -1.32
153.78 -1.31
155.32 -1.3
156.88 -1.29
158.44 -1.28
160.03 -1.28
161.63 -1.29
163.24 -1.3
164.88 -1.3
166.53 -1.3
168.19 -1.3
169.87 -1.31
171.57 -1.31
173.29 -1.32
175.02 -1.33
176.77 -1.35
178.54 -1.36
180.32 -1.38
182.13 -1.38
183.95 -1.38
185.79 -1.38
187.65 -1.38
189.52 -1.37
191.42 -1.37
193.33 -1.37
195.27 -1.36
197.22 -1.35
199.19 -1.35
201.18 -1.36
203.19 -1.37
205.23 -1.38
207.28 -1.38
209.35 -1.38
211.44 -1.38
213.56 -1.38
215.69 -1.39
217.85 -1.39
220.03 -1.39
222.23 -1.39
224.45 -1.39
226.7 -1.39
228.96 -1.39
231.25 -1.39
233.57 -1.38
235.9 -1.38
238.26 -1.37
240.64 -1.36
243.05 -1.36
245.48 -1.35
247.93 -1.34
250.41 -1.33
252.92 -1.33
255.45 -1.34
258 -1.35
260.58 -1.35
263.19 -1.35
265.82 -1.36
268.48 -1.37
271.16 -1.39
273.87 -1.41
276.61 -1.44
279.38 -1.48
282.17 -1.51
284.99 -1.55
287.84 -1.58
290.72 -1.61
293.63 -1.63
296.57 -1.66
299.53 -1.68
302.53 -1.69
305.55 -1.69
308.61 -1.69
311.69 -1.68
314.81 -1.68
317.96 -1.68
321.14 -1.68
324.35 -1.69
327.59 -1.7
330.87 -1.73
334.18 -1.76
337.52 -1.8
340.9 -1.84
344.3 -1.88
347.75 -1.9
351.23 -1.92
354.74 -1.93
358.28 -1.93
361.87 -1.94
365.49 -1.94
369.14 -1.95
372.83 -1.95
376.56 -1.94
380.33 -1.92
384.13 -1.9
387.97 -1.87
391.85 -1.84
395.77 -1.82
399.73 -1.79
403.72 -1.78
407.76 -1.76
411.84 -1.74
415.96 -1.74
420.12 -1.74
424.32 -1.75
428.56 -1.77
432.85 -1.79
437.18 -1.81
441.55 -1.82
445.96 -1.83
450.42 -1.82
454.93 -1.79
459.48 -1.73
464.07 -1.67
468.71 -1.59
473.4 -1.5
478.13 -1.41
482.91 -1.31
487.74 -1.23
492.62 -1.16
497.55 -1.1
502.52 -1.04
507.55 -0.99
512.62 -0.95
517.75 -0.92
522.93 -0.9
528.16 -0.92
533.44 -0.94
538.77 -0.97
544.16 -0.99
549.6 -0.98
555.1 -0.94
560.65 -0.88
566.25 -0.78
571.92 -0.69
577.64 -0.6
583.41 -0.54
589.25 -0.5
595.14 -0.52
601.09 -0.58
607.1 -0.7
613.17 -0.85
619.3 -0.98
625.5 -1.07
631.75 -1.14
638.07 -1.18
644.45 -1.18
650.89 -1.17
657.4 -1.14
663.98 -1.13
670.62 -1.13
677.32 -1.14
684.1 -1.12
690.94 -1.1
697.85 -1.05
704.83 -1
711.87 -0.97
718.99 -0.99
726.18 -1.04
733.44 -1.09
740.78 -1.13
748.19 -1.11
755.67 -1.05
763.23 -0.98
770.86 -0.84
778.57 -0.69
786.35 -0.53
794.22 -0.4
802.16 -0.29
810.18 -0.2
818.28 -0.09
826.46 0.03
834.73 0.18
843.08 0.32
851.51 0.43
860.02 0.46
868.62 0.37
877.31 0.2
886.08 -0.04
894.94 -0.3
903.89 -0.52
912.93 -0.67
922.06 -0.69
931.28 -0.6
940.59 -0.44
950 -0.23
959.5 -0.04
969.09 0.1
978.78 0.19
988.57 0.18
998.46 0.03
1008.44 -0.16
1018.53 -0.35
1028.71 -0.52
1039 -0.77
1049.39 -1.11
1059.88 -1.52
1070.48 -1.82
1081.19 -2.02
1092 -2.11
1102.92 -2.07
1113.95 -1.97
1125.09 -1.92
1136.34 -1.97
1147.7 -2.21
1159.18 -2.43
1170.77 -2.65
1182.48 -2.65
1194.3 -2.48
1206.25 -2.31
1218.31 -2.19
1230.49 -2.21
1242.8 -2.27
1255.22 -2.35
1267.78 -2.4
1280.45 -2.43
1293.26 -2.46
1306.19 -2.5
1319.25 -2.54
1332.45 -2.55
1345.77 -2.59
1359.23 -2.69
1372.82 -2.96
1386.55 -3.28
1400.41 -3.66
1414.42 -4.08
1428.56 -4.5
1442.85 -4.79
1457.28 -4.9
1471.85 -4.85
1486.57 -4.7
1501.43 -4.52
1516.45 -4.36
1531.61 -4.29
1546.93 -4.34
1562.4 -4.51
1578.02 -4.67
1593.8 -4.66
1609.74 -4.55
1625.84 -4.38
1642.1 -4.24
1658.52 -4.13
1675.1 -4.05
1691.85 -3.94
1708.77 -3.78
1725.86 -3.57
1743.12 -3.32
1760.55 -3.14
1778.15 -3.02
1795.94 -2.97
1813.9 -2.9
1832.03 -2.8
1850.36 -2.69
1868.86 -2.67
1887.55 -2.7
1906.42 -2.7
1925.49 -2.6
1944.74 -2.41
1964.19 -2.28
1983.83 -2.2
2003.67 -2.1
2023.71 -1.86
2043.94 -1.49
2064.38 -1.09
2085.03 -0.78
2105.88 -0.45
2126.94 -0.12
2148.2 0.17
2169.69 0.38
2191.38 0.59
2213.3 0.88
2235.43 1.21
2257.78 1.53
2280.36 1.83
2303.17 2.1
2326.2 2.42
2349.46 2.72
2372.95 3
2396.68 3.26
2420.65 3.54
2444.86 3.78
2469.31 3.99
2494 4.2
2518.94 4.53
2544.13 4.91
2569.57 5.35
2595.27 5.75
2621.22 6.12
2647.43 6.44
2673.9 6.76
2700.64 7.08
2727.65 7.38
2754.93 7.64
2782.48 7.96
2810.3 8.27
2838.4 8.53
2866.79 8.74
2895.46 8.9
2924.41 9.06
2953.65 9.22
2983.19 9.46
3013.02 9.69
3043.15 9.91
3073.58 10.13
3104.32 10.32
3135.36 10.37
3166.72 10.38
3198.38 10.37
3230.37 10.37
3262.67 10.36
3295.3 10.33
3328.25 10.2
3361.53 10.06
3395.15 9.95
3429.1 9.84
3463.39 9.74
3498.03 9.62
3533.01 9.53
3568.34 9.46
3604.02 9.41
3640.06 9.33
3676.46 9.2
3713.22 9.05
3750.36 8.86
3787.86 8.59
3825.74 8.34
3864 8.2
3902.64 8.16
3941.66 8.13
3981.08 8.13
4020.89 8.14
4061.1 8.17
4101.71 8.14
4142.73 8.04
4184.15 7.9
4226 7.76
4268.26 7.66
4310.94 7.62
4354.05 7.66
4397.59 7.69
4441.56 7.72
4485.98 7.54
4530.84 7.28
4576.15 7.06
4621.91 6.9
4668.13 6.86
4714.81 6.76
4761.96 6.61
4809.58 6.4
4857.67 6.23
4906.25 6.1
4955.31 5.94
5004.87 5.69
5054.91 5.41
5105.46 5.18
5156.52 4.99
5208.08 4.75
5260.16 4.34
5312.77 3.86
5365.89 3.31
5419.55 2.72
5473.75 2.09
5528.49 1.53
5583.77 1.39
5639.61 1.59
5696 1.93
5752.96 2.47
5810.49 3.02
5868.6 3.58
5927.28 4.03
5986.56 4.36
6046.42 4.55
6106.89 4.68
6167.96 4.8
6229.64 4.92
6291.93 5.01
6354.85 4.95
6418.4 4.86
6482.58 4.69
6547.41 4.44
6612.88 4.16
6679.01 3.93
6745.8 3.74
6813.26 3.58
6881.39 3.44
6950.21 3.28
7019.71 3.12
7089.91 2.97
7160.81 3.03
7232.41 3.2
7304.74 3.48
7377.79 3.76
7451.56 3.95
7526.08 4.09
7601.34 4.18
7677.35 4.33
7754.13 4.49
7831.67 4.58
7909.98 4.59
7989.08 4.47
8068.98 4.13
8149.67 3.6
8231.16 2.81
8313.47 2.04
8396.61 1.34
8480.57 0.91
8565.38 0.61
8651.03 0.31
8737.54 -0.03
8824.92 -0.38
8913.17 -1.02
9002.3 -1.79
9092.32 -3.29
9183.25 -5.37
9275.08 -7.9
9367.83 -10.98
9461.51 -13.6
9556.12 -14.62
9651.68 -14.16
9748.2 -12.83
9845.68 -11.7
9944.14 -10.87
10043.58 -10.25
10144.02 -9.69
10245.46 -8.51
10347.91 -7.1
10451.39 -5.47
10555.91 -3.96
10661.46 -2.66
10768.08 -1.57
10875.76 -0.75
10984.52 -0.03
11094.36 0.64
11205.31 1.27
11317.36 1.71
11430.53 2.01
11544.84 1.99
11660.29 1.74
11776.89 1.38
11894.66 1.02
12013.6 0.68
12133.74 0.57
12255.08 0.7
12377.63 0.96
12501.41 1.27
12626.42 1.6
12752.68 1.91
12880.21 2.07
13009.01 2.15
13139.1 2.23
13270.49 1.89
13403.2 1.41
13537.23 0.64
13672.6 -0.17
13809.33 -1.01
13947.42 -1.77
14086.9 -2.51
14227.77 -3.22
14370.04 -3.91
14513.74 -4.56
14658.88 -4.96
14805.47 -5.26
14953.52 -5.41
15103.06 -5.72
15254.09 -6.12
15406.63 -6.83
15560.7 -7.47
15716.3 -8.03
15873.47 -8.22
16032.2 -8.28
16192.52 -8.18
16354.45 -8.14
16517.99 -8.14
16683.17 -8.26
16850.01 -8.21
17018.51 -7.99
17188.69 -7.34
17360.58 -6.84
17534.18 -6.52
17709.53 -6.62
17886.62 -7.12
18065.49 -7.73
18246.14 -8.37
18428.6 -8.31
18612.89 -7.89
18799.02 -7.28
18987.01 -6.76
19176.88 -6.22
19368.65 -5.26
19562.33 -3.89
19757.96 -2.21
19955.54 -0.52