20 17.87
20.2 17.86
20.4 17.86
20.61 17.86
20.81 17.85
21.02 17.85
21.23 17.85
21.44 17.85
21.66 17.85
21.87 17.86
22.09 17.87
22.31 17.88
22.54 17.89
22.76 17.9
22.99 17.9
23.22 17.89
23.45 17.88
23.69 17.86
23.92 17.83
24.16 17.8
24.4 17.76
24.65 17.72
24.89 17.68
25.14 17.65
25.39 17.63
25.65 17.62
25.91 17.61
26.16 17.61
26.43 17.62
26.69 17.64
26.96 17.66
27.23 17.68
27.5 17.7
27.77 17.71
28.05 17.72
28.33 17.7
28.62 17.68
28.9 17.65
29.19 17.61
29.48 17.58
29.78 17.58
30.08 17.58
30.38 17.59
30.68 17.6
30.99 17.6
31.3 17.58
31.61 17.55
31.93 17.51
32.24 17.47
32.57 17.44
32.89 17.41
33.22 17.39
33.55 17.38
33.89 17.36
34.23 17.34
34.57 17.32
34.92 17.3
35.27 17.28
35.62 17.27
35.97 17.25
36.33 17.23
36.7 17.21
37.06 17.19
37.43 17.16
37.81 17.12
38.19 17.08
38.57 17.02
38.95 16.97
39.34 16.91
39.74 16.87
40.14 16.87
40.54 16.89
40.94 16.93
41.35 16.96
41.76 16.98
42.18 16.97
42.6 16.96
43.03 16.94
43.46 16.91
43.9 16.85
44.33 16.77
44.78 16.68
45.23 16.59
45.68 16.55
46.13 16.54
46.6 16.55
47.06 16.56
47.53 16.55
48.01 16.51
48.49 16.46
48.97 16.41
49.46 16.34
49.96 16.28
50.46 16.22
50.96 16.16
51.47 16.12
51.99 16.09
52.51 16.07
53.03 16.05
53.56 16.03
54.1 16.01
54.64 16
55.18 15.99
55.74 15.98
56.29 15.96
56.86 15.95
57.42 15.92
58 15.89
58.58 15.84
59.16 15.79
59.76 15.72
60.35 15.66
60.96 15.61
61.57 15.56
62.18 15.53
62.8 15.5
63.43 15.46
64.07 15.42
64.71 15.37
65.35 15.32
66.01 15.28
66.67 15.24
67.33 15.2
68.01 15.17
68.69 15.13
69.37 15.1
70.07 15.05
70.77 14.99
71.48 14.9
72.19 14.8
72.91 14.71
73.64 14.66
74.38 14.61
75.12 14.57
75.87 14.54
76.63 14.5
77.4 14.47
78.17 14.43
78.95 14.39
79.74 14.35
80.54 14.31
81.35 14.26
82.16 14.19
82.98 14.11
83.81 14.02
84.65 13.96
85.5 13.92
86.35 13.89
87.22 13.84
88.09 13.79
88.97 13.74
89.86 13.69
90.76 13.65
91.66 13.6
92.58 13.54
93.51 13.46
94.44 13.38
95.39 13.29
96.34 13.21
97.3 13.14
98.28 13.1
99.26 13.07
100.25 13.04
101.25 12.99
102.27 12.93
103.29 12.87
104.32 12.81
105.37 12.75
106.42 12.68
107.48 12.6
108.56 12.53
109.64 12.48
110.74 12.45
111.85 12.42
112.97 12.37
114.1 12.31
115.24 12.23
116.39 12.15
117.55 12.07
118.73 12.01
119.92 11.96
121.12 11.91
122.33 11.86
123.55 11.79
124.79 11.72
126.03 11.64
127.29 11.58
128.57 11.52
129.85 11.46
131.15 11.4
132.46 11.33
133.79 11.27
135.12 11.2
136.48 11.13
137.84 11.06
139.22 10.98
140.61 10.9
142.02 10.83
143.44 10.75
144.87 10.67
146.32 10.58
147.78 10.5
149.26 10.43
150.75 10.37
152.26 10.33
153.78 10.27
155.32 10.21
156.88 10.12
158.44 10.05
160.03 10
161.63 9.97
163.24 9.93
164.88 9.87
166.53 9.79
168.19 9.7
169.87 9.61
171.57 9.51
173.29 9.43
175.02 9.35
176.77 9.28
178.54 9.21
180.32 9.13
182.13 9.05
183.95 8.95
185.79 8.84
187.65 8.73
189.52 8.65
191.42 8.59
193.33 8.54
195.27 8.51
197.22 8.48
199.19 8.41
201.18 8.32
203.19 8.2
205.23 8.08
207.28 7.99
209.35 7.91
211.44 7.83
213.56 7.76
215.69 7.67
217.85 7.59
220.03 7.49
222.23 7.38
224.45 7.27
226.7 7.15
228.96 7.04
231.25 6.92
233.57 6.8
235.9 6.69
238.26 6.59
240.64 6.49
243.05 6.4
245.48 6.3
247.93 6.2
250.41 6.1
252.92 5.97
255.45 5.85
258 5.74
260.58 5.72
263.19 5.74
265.82 5.84
268.48 6.03
271.16 6.28
273.87 6.5
276.61 6.69
279.38 6.83
282.17 6.89
284.99 6.92
287.84 6.88
290.72 6.82
293.63 6.74
296.57 6.65
299.53 6.55
302.53 6.43
305.55 6.3
308.61 6.18
311.69 6.06
314.81 5.95
317.96 5.85
321.14 5.76
324.35 5.68
327.59 5.6
330.87 5.52
334.18 5.43
337.52 5.33
340.9 5.23
344.3 5.13
347.75 5.04
351.23 4.95
354.74 4.87
358.28 4.8
361.87 4.73
365.49 4.66
369.14 4.58
372.83 4.5
376.56 4.42
380.33 4.34
384.13 4.25
387.97 4.16
391.85 4.07
395.77 3.97
399.73 3.89
403.72 3.84
407.76 3.77
411.84 3.7
415.96 3.61
420.12 3.52
424.32 3.44
428.56 3.38
432.85 3.32
437.18 3.27
441.55 3.21
445.96 3.15
450.42 3.08
454.93 2.99
459.48 2.91
464.07 2.84
468.71 2.77
473.4 2.7
478.13 2.65
482.91 2.6
487.74 2.55
492.62 2.5
497.55 2.45
502.52 2.38
507.55 2.29
512.62 2.21
517.75 2.13
522.93 2.06
528.16 2.01
533.44 1.96
538.77 1.91
544.16 1.87
549.6 1.81
555.1 1.75
560.65 1.69
566.25 1.62
571.92 1.56
577.64 1.49
583.41 1.43
589.25 1.38
595.14 1.33
601.09 1.28
607.1 1.23
613.17 1.17
619.3 1.1
625.5 1.04
631.75 0.98
638.07 0.94
644.45 0.9
650.89 0.86
657.4 0.8
663.98 0.74
670.62 0.68
677.32 0.64
684.1 0.6
690.94 0.56
697.85 0.53
704.83 0.49
711.87 0.45
718.99 0.41
726.18 0.37
733.44 0.33
740.78 0.29
748.19 0.25
755.67 0.21
763.23 0.18
770.86 0.14
778.57 0.1
786.35 0.07
794.22 0.06
802.16 0.06
810.18 0.1
818.28 0.12
826.46 0.14
834.73 0.14
843.08 0.11
851.51 0.06
860.02 0.01
868.62 -0.01
877.31 -0.02
886.08 0
894.94 0.02
903.89 0.04
912.93 0.06
922.06 0.07
931.28 0.08
940.59 0.08
950 0.09
959.5 0.1
969.09 0.09
978.78 0.07
988.57 0.03
998.46 0
1008.44 -0.01
1018.53 -0.02
1028.71 -0.01
1039 0
1049.39 0.02
1059.88 0.04
1070.48 0.08
1081.19 0.12
1092 0.17
1102.92 0.23
1113.95 0.28
1125.09 0.33
1136.34 0.38
1147.7 0.43
1159.18 0.47
1170.77 0.5
1182.48 0.53
1194.3 0.56
1206.25 0.59
1218.31 0.62
1230.49 0.65
1242.8 0.68
1255.22 0.7
1267.78 0.73
1280.45 0.75
1293.26 0.77
1306.19 0.79
1319.25 0.82
1332.45 0.85
1345.77 0.88
1359.23 0.91
1372.82 0.93
1386.55 0.95
1400.41 0.96
1414.42 0.99
1428.56 1.01
1442.85 1.04
1457.28 1.06
1471.85 1.08
1486.57 1.09
1501.43 1.11
1516.45 1.13
1531.61 1.16
1546.93 1.18
1562.4 1.18
1578.02 1.19
1593.8 1.21
1609.74 1.23
1625.84 1.27
1642.1 1.32
1658.52 1.37
1675.1 1.43
1691.85 1.49
1708.77 1.56
1725.86 1.63
1743.12 1.7
1760.55 1.78
1778.15 1.85
1795.94 1.92
1813.9 1.99
1832.03 2.06
1850.36 2.13
1868.86 2.2
1887.55 2.28
1906.42 2.36
1925.49 2.44
1944.74 2.54
1964.19 2.65
1983.83 2.76
2003.67 2.89
2023.71 3.02
2043.94 3.16
2064.38 3.31
2085.03 3.46
2105.88 3.62
2126.94 3.79
2148.2 3.98
2169.69 4.18
2191.38 4.38
2213.3 4.59
2235.43 4.8
2257.78 5
2280.36 5.21
2303.17 5.41
2326.2 5.64
2349.46 5.86
2372.95 6.07
2396.68 6.27
2420.65 6.46
2444.86 6.65
2469.31 6.85
2494 7.04
2518.94 7.21
2544.13 7.38
2569.57 7.54
2595.27 7.69
2621.22 7.83
2647.43 7.98
2673.9 8.13
2700.64 8.28
2727.65 8.44
2754.93 8.6
2782.48 8.77
2810.3 8.93
2838.4 9.1
2866.79 9.27
2895.46 9.43
2924.41 9.6
2953.65 9.77
2983.19 9.96
3013.02 10.16
3043.15 10.38
3073.58 10.62
3104.32 10.86
3135.36 11.09
3166.72 11.32
3198.38 11.54
3230.37 11.74
3262.67 11.94
3295.3 12.12
3328.25 12.3
3361.53 12.46
3395.15 12.6
3429.1 12.74
3463.39 12.88
3498.03 13.01
3533.01 13.12
3568.34 13.22
3604.02 13.31
3640.06 13.39
3676.46 13.45
3713.22 13.5
3750.36 13.55
3787.86 13.57
3825.74 13.59
3864 13.59
3902.64 13.55
3941.66 13.5
3981.08 13.46
4020.89 13.41
4061.1 13.37
4101.71 13.39
4142.73 13.43
4184.15 13.5
4226 13.53
4268.26 13.54
4310.94 13.53
4354.05 13.49
4397.59 13.46
4441.56 13.42
4485.98 13.38
4530.84 13.33
4576.15 13.29
4621.91 13.26
4668.13 13.25
4714.81 13.26
4761.96 13.28
4809.58 13.32
4857.67 13.36
4906.25 13.42
4955.31 13.49
5004.87 13.56
5054.91 13.66
5105.46 13.77
5156.52 13.89
5208.08 14.03
5260.16 14.18
5312.77 14.35
5365.89 14.55
5419.55 14.76
5473.75 14.99
5528.49 15.23
5583.77 15.49
5639.61 15.77
5696 16.06
5752.96 16.37
5810.49 16.68
5868.6 17.01
5927.28 17.34
5986.56 17.66
6046.42 17.97
6106.89 18.25
6167.96 18.49
6229.64 18.66
6291.93 18.78
6354.85 18.79
6418.4 18.75
6482.58 18.64
6547.41 18.45
6612.88 18.21
6679.01 17.93
6745.8 17.6
6813.26 17.26
6881.39 16.91
6950.21 16.56
7019.71 16.22
7089.91 15.9
7160.81 15.61
7232.41 15.34
7304.74 15.09
7377.79 14.89
7451.56 14.72
7526.08 14.59
7601.34 14.5
7677.35 14.47
7754.13 14.46
7831.67 14.51
7909.98 14.57
7989.08 14.64
8068.98 14.68
8149.67 14.7
8231.16 14.67
8313.47 14.58
8396.61 14.43
8480.57 14.19
8565.38 13.86
8651.03 13.47
8737.54 13
8824.92 12.44
8913.17 11.81
9002.3 11.14
9092.32 10.39
9183.25 9.61
9275.08 8.82
9367.83 8.01
9461.51 7.21
9556.12 6.41
9651.68 5.64
9748.2 4.89
9845.68 4.19
9944.14 3.52
10043.58 2.87
10144.02 2.25
10245.46 1.65
10347.91 1.09
10451.39 0.55
10555.91 0.04
10661.46 -0.44
10768.08 -0.88
10875.76 -1.3
10984.52 -1.68
11094.36 -2.04
11205.31 -2.37
11317.36 -2.64
11430.53 -2.9
11544.84 -3.11
11660.29 -3.3
11776.89 -3.47
11894.66 -3.56
12013.6 -3.64
12133.74 -3.67
12255.08 -3.65
12377.63 -3.6
12501.41 -3.52
12626.42 -3.36
12752.68 -3.13
12880.21 -2.8
13009.01 -2.42
13139.1 -2.04
13270.49 -1.47
13403.2 -0.84
13537.23 0.01
13672.6 1.01
13809.33 2.18
13947.42 3.61
14086.9 5.1
14227.77 6.62
14370.04 7.91
14513.74 8.84
14658.88 8.5
14805.47 7.84
14953.52 6.65
15103.06 5.11
15254.09 3.41
15406.63 1.76
15560.7 0.27
15716.3 -0.96
15873.47 -1.91
16032.2 -2.73
16192.52 -3.33
16354.45 -3.77
16517.99 -4.11
16683.17 -4.27
16850.01 -4.31
17018.51 -4.24
17188.69 -3.98
17360.58 -3.51
17534.18 -2.86
17709.53 -2.01
17886.62 -0.92
18065.49 0.2
18246.14 1.26
18428.6 1.81
18612.89 2.05
18799.02 1.88
18987.01 1.08
19176.88 -0.38
19368.65 -1.92
19562.33 -3.4
19757.96 -4.73
19955.54 -5.93