20 100.24
20.2909066988 100.24
20.5860447329 100.27
20.8854756485 100.33
21.1892618872 100.41
21.4974667984 100.49
21.8101546533 100.57
22.1273906578 100.66
22.4492409662 100.75
22.7757726951 100.84
23.1070539374 100.94
23.4431537764 101.04
23.7841423001 101.13
24.130090616 101.23
24.4810708661 101.33
24.8371562415 101.42
25.1984209979 101.51
25.5649404712 101.60
25.936791093 101.68
26.3140504067 101.76
26.6967970834 101.83
27.0851109387 101.90
27.4790729492 101.97
27.878765269 102.03
28.2842712475 102.09
28.6956754462 102.15
29.1130636568 102.21
29.5365229188 102.27
29.9661415375 102.33
30.402009103 102.39
30.8442165082 102.46
31.2928559682 102.53
31.7480210394 102.59
32.209806639 102.66
32.6783090648 102.73
33.1536260154 102.80
33.6358566101 102.87
34.1251014105 102.93
34.6214624402 103.00
35.1250432075 103.06
35.6359487256 103.11
36.1542855356 103.17
36.6801617282 103.22
37.2136869661 103.27
37.7549725073 103.32
38.3041312279 103.37
38.8612776461 103.42
39.4265279456 103.47
40 103.52
40.5818133975 103.56
41.1720894657 103.61
41.7709512971 103.66
42.3785237744 103.71
42.9949335968 103.75
43.6203093066 103.80
44.2547813156 103.84
44.8984819324 103.88
45.5515453903 103.92
46.2141078749 103.96
46.8863075528 104.00
47.5682846001 104.04
48.260181232 104.07
48.9621417322 104.11
49.6743124829 104.15
50.3968419958 104.18
51.1298809424 104.22
51.873582186 104.25
52.6281008133 104.28
53.3935941668 104.32
54.1702218775 104.35
54.9581458983 104.38
55.757530538 104.41
56.5685424949 104.43
57.3913508924 104.46
58.2261273137 104.49
59.0730458376 104.51
59.9322830751 104.53
60.804018206 104.56
61.6884330163 104.58
62.5857119363 104.60
63.4960420787 104.62
64.419613278 104.64
65.3566181296 104.66
66.3072520307 104.68
67.2717132203 104.70
68.2502028209 104.72
69.2429248805 104.73
70.2500864149 104.75
71.2718974512 104.76
72.3085710713 104.77
73.3603234564 104.79
74.4273739322 104.80
75.5099450145 104.81
76.6082624559 104.82
77.7225552923 104.82
78.8530558912 104.83
80 104.84
81.163626795 104.85
82.3441789315 104.85
83.5419025942 104.86
84.7570475487 104.87
85.9898671937 104.87
87.2406186132 104.88
88.5095626311 104.88
89.7969638648 104.88
91.1030907805 104.88
92.4282157498 104.88
93.7726151055 104.88
95.1365692002 104.87
96.520362464 104.87
97.9242834644 104.87
99.3486249659 104.87
100.7936839916 104.86
102.2597618848 104.86
103.7471643721 104.85
105.2562016267 104.85
106.7871883336 104.84
108.340443755 104.83
109.9162917966 104.82
111.5150610759 104.81
113.1370849898 104.80
114.7827017849 104.79
116.4522546274 104.78
118.1460916752 104.77
119.8645661501 104.75
121.6080364119 104.74
123.3768660326 104.72
125.1714238726 104.71
126.9920841575 104.69
128.8392265559 104.67
130.7132362593 104.65
132.6145040614 104.63
134.5434264406 104.61
136.5004056418 104.59
138.485849761 104.57
140.5001728299 104.54
142.5437949025 104.52
144.6171421426 104.49
146.7206469127 104.47
148.8547478643 104.44
151.0198900291 104.42
153.2165249118 104.39
155.4451105846 104.36
157.7061117824 104.33
160 104.30
162.32725359 104.27
164.688357863 104.24
167.0838051884 104.20
169.5140950975 104.17
171.9797343873 104.13
174.4812372264 104.09
177.0191252622 104.06
179.5939277295 104.01
182.2061815611 103.97
184.8564314996 103.93
187.5452302111 103.89
190.2731384004 103.84
193.0407249281 103.80
195.8485669287 103.76
198.6972499318 103.72
201.5873679832 103.68
204.5195237697 103.64
207.4943287442 103.61
210.5124032534 103.58
213.5743766672 103.56
216.6808875099 103.53
219.8325835933 103.51
223.0301221518 103.48
226.2741699797 103.45
229.5654035698 103.42
232.9045092548 103.38
236.2921833503 103.34
239.7291323003 103.30
243.2160728239 103.25
246.7537320653 103.20
250.3428477452 103.15
253.9841683149 103.10
257.6784531119 103.04
261.4264725186 102.99
265.2290081229 102.93
269.0868528812 102.88
273.0008112836 102.82
276.971699522 102.76
281.0003456597 102.70
285.0875898049 102.64
289.2342842852 102.59
293.4412938255 102.53
297.7094957287 102.47
302.0397800581 102.41
306.4330498235 102.35
310.8902211692 102.28
315.4122235649 102.22
320 102.16
324.65450718 102.09
329.3767157259 102.03
334.1676103768 101.96
339.028190195 101.90
343.9594687746 101.83
348.9624744529 101.76
354.0382505244 101.70
359.187855459 101.63
364.4123631221 101.56
369.7128629991 101.49
375.0904604222 101.42
380.5462768009 101.35
386.0814498562 101.28
391.6971338575 101.21
397.3944998635 101.14
403.1747359664 101.07
409.0390475393 101.00
414.9886574883 100.93
421.0248065068 100.86
427.1487533344 100.78
433.3617750198 100.71
439.6651671866 100.64
446.0602443037 100.57
452.5483399594 100.50
459.1308071395 100.43
465.8090185095 100.36
472.5843667007 100.28
479.4582646005 100.21
486.4321456477 100.14
493.5074641306 100.07
500.6856954905 99.99
507.9683366298 99.92
515.3569062238 99.85
522.8529450372 99.78
530.4580162458 99.71
538.1737057624 99.64
546.0016225673 99.57
553.9433990439 99.50
562.0006913195 99.43
570.1751796098 99.36
578.4685685703 99.29
586.882587651 99.22
595.4189914574 99.15
604.0795601163 99.09
612.8660996471 99.02
621.7804423383 98.96
630.8244471297 98.89
640 98.83
649.30901436 98.77
658.7534314519 98.71
668.3352207536 98.65
678.05638039 98.59
687.9189375493 98.54
697.9249489058 98.48
708.0765010489 98.43
718.375710918 98.38
728.8247262443 98.33
739.4257259983 98.29
750.1809208443 98.25
761.0925536018 98.21
772.1628997124 98.17
783.394267715 98.14
794.7889997271 98.11
806.3494719327 98.08
818.0780950787 98.06
829.9773149767 98.04
842.0496130136 98.03
854.2975066688 98.02
866.7235500396 98.02
879.3303343732 98.02
892.1204886074 98.03
905.0966799188 98.04
918.2616142791 98.06
931.618037019 98.09
945.1687334013 98.11
958.9165292011 98.12
972.8642912955 98.13
987.0149282611 98.15
1001.371390981 98.17
1015.9366732597 98.20
1030.7138124476 98.25
1045.7058900743 98.33
1060.9160324916 98.42
1076.3474115248 98.52
1092.0032451345 98.61
1107.8867980879 98.70
1124.0013826389 98.77
1140.3503592197 98.84
1156.9371371406 98.91
1173.765175302 98.97
1190.8379829148 99.03
1208.1591202326 99.11
1225.7321992942 99.19
1243.5608846767 99.28
1261.6488942595 99.37
1280 99.46
1298.6180287201 99.55
1317.5068629037 99.65
1336.6704415071 99.74
1356.1127607799 99.83
1375.8378750985 99.92
1395.8498978116 100.02
1416.1530020977 100.11
1436.751421836 100.21
1457.6494524886 100.31
1478.8514519966 100.41
1500.3618416887 100.51
1522.1851072035 100.61
1544.3257994247 100.72
1566.78853543 100.84
1589.5779994541 100.95
1612.6989438655 101.07
1636.1561901574 101.20
1659.9546299533 101.33
1684.0992260271 101.46
1708.5950133377 101.60
1733.4471000793 101.75
1758.6606687464 101.90
1784.2409772148 102.06
1810.1933598376 102.23
1836.5232285581 102.40
1863.2360740381 102.58
1890.3374668026 102.77
1917.8330584022 102.96
1945.7285825909 103.16
1974.0298565222 103.37
2002.742781962 103.59
2031.8733465194 103.81
2061.4276248951 104.04
2091.4117801487 104.28
2121.8320649832 104.53
2152.6948230496 104.78
2184.0064902691 105.04
2215.7735961758 105.30
2248.0027652779 105.57
2280.7007184393 105.85
2313.8742742813 106.12
2347.530350604 106.39
2381.6759658296 106.67
2416.3182404652 106.93
2451.4643985884 107.19
2487.1217693533 107.44
2523.297788519 107.68
2560.0000000001 107.89
2597.2360574402 108.09
2635.0137258074 108.27
2673.3408830143 108.41
2712.2255215599 108.53
2751.6757501971 108.62
2791.6997956232 108.67
2832.3060041955 108.67
2873.5028436721 108.64
2915.2989049772 108.58
2957.7029039931 108.47
3000.7236833774 108.33
3044.3702144071 108.16
3088.6515988494 107.96
3133.57707086 107.75
3179.1559989082 107.52
3225.397887731 107.29
3272.3123803148 107.07
3319.9092599067 106.86
3368.1984520542 106.67
3417.1900266754 106.51
3466.8942001586 106.36
3517.3213374928 106.24
3568.4819544296 106.15
3620.3867196753 106.08
3673.0464571163 106.03
3726.4721480761 106.00
3780.6749336053 106.00
3835.6661168044 106.02
3891.4571651819 106.08
3948.0597130445 106.15
4005.4855639241 106.26
4063.7466930387 106.40
4122.8552497902 106.57
4182.8235602974 106.78
4243.6641299665 107.02
4305.3896460992 107.29
4368.0129805382 107.60
4431.5471923516 107.95
4496.0055305558 108.33
4561.4014368787 108.75
4627.7485485626 109.18
4695.0607012081 109.62
4763.3519316592 110.05
4832.6364809305 110.43
4902.9287971769 110.73
4974.2435387067 110.91
5046.595577038 110.94
5120.0000000002 110.83
5194.4721148803 110.61
5270.0274516149 110.30
5346.6817660286 109.93
5424.4510431198 109.50
5503.3515003942 109.03
5583.3995912463 108.50
5664.6120083911 107.91
5747.0056873442 107.29
5830.5978099545 106.66
5915.4058079863 106.04
6001.4473667548 105.48
6088.7404288142 104.97
6177.3031976989 104.52
6267.1541417201 104.13
6358.3119978165 103.81
6450.795775462 103.55
6544.6247606297 103.35
6639.8185198134 103.23
6736.3969041085 103.17
6834.3800533509 103.20
6933.7884003172 103.31
7034.6426749857 103.52
7136.9639088592 103.84
7240.7734393506 104.28
7346.0929142326 104.86
7452.9442961523 105.57
7561.3498672106 106.39
7671.3322336089 107.29
7782.9143303638 108.17
7896.119426089 108.95
8010.9711278481 109.49
8127.4933860775 109.67
8245.7104995805 109.44
8365.6471205948 108.75
8487.328259933 107.69
8610.7792921984 106.35
8736.0259610765 104.87
8863.0943847033 103.38
8992.0110611117 101.96
9122.8028737575 100.69
9255.4970971253 99.60
9390.1214024162 98.67
9526.7038633184 97.93
9665.272961861 97.34
9805.8575943538 96.91
9948.4870774134 96.63
10093.191154076 96.52
10240.0000000005 96.58
10388.9442297607 96.85
10540.0549032298 97.39
10693.3635320572 98.22
10848.9020862397 99.38
11006.7030007884 100.80
11166.7991824927 102.31
11329.2240167822 103.56
11494.0113746885 104.34
11661.1956199091 104.07
11830.8116159726 103.11
12002.8947335097 101.29
12177.4808576284 99.14
12354.6063953979 96.78
12534.3082834402 94.52
12716.6239956331 92.54
12901.5915509241 90.96
13089.2495212594 89.56
13279.637039627 88.40
13472.7938082171 87.51
13668.7601067018 86.84
13867.5768006344 86.41
14069.2853499715 86.27
14273.9278177184 86.34
14481.5468787012 86.67
14692.1858284653 87.27
14905.8885923047 88.16
15122.6997344212 89.38
15342.6644672179 90.90
15565.8286607277 92.58
15792.2388521781 94.16
16021.9422556964 95.33
16254.9867721551 95.86
16491.4209991611 95.66
16731.2942411897 94.93
16974.656519866 93.98
17221.5585843969 93.06
17472.0519221531 92.20
17726.1887694067 91.28
17984.0221222235 90.06
18245.605747515 88.34
18510.9941942506 86.00
18780.2428048326 83.08
19053.4077266369 79.85
19330.545923722 76.85
19611.7151887077 74.40
19896.9741548268 73.33
20186.382308152 73.33
